0.091893 -0.53291 0.17548
0.091893 -0.53291 0.17548
0.091893 -0.53291 0.17548
0.091893 -0.53291 0.17548
0.091893 -0.53291 0.17548
0.091893 -0.53291 0.17548
0.091893 -0.53291 0.17548
0.091893 -0.53291 0.17548
0.091893 -0.53291 0.17548
0.091893 -0.53291 0.17548
0.091893 -0.53291 0.17548
0.091893 -0.53291 0.17548
0.091893 -0.53291 0.17548
0.091893 -0.53291 0.17548
0.091893 -0.53291 0.17548
0.091893 -0.53291 0.17548
0.091893 -0.53291 0.17548
0.091893 -0.53291 0.17548
0.091893 -0.53291 0.17548
0.091893 -0.53291 0.17548
0.091893 -0.53291 0.17548
0.091893 -0.53291 0.17548
0.091893 -0.53291 0.17548
0.091893 -0.53291 0.17548
0.091893 -0.53291 0.17548
0.091893 -0.53291 0.17548
0.091893 -0.53291 0.17548
0.091893 -0.53291 0.17548
0.091893 -0.53291 0.17548
0.091893 -0.53291 0.17548
0.091893 -0.53291 0.17548
0.091893 -0.53291 0.17548
0.091893 -0.53291 0.17548
0.091893 -0.53291 0.17548
0.091893 -0.53291 0.17548
0.091893 -0.53291 0.17548
0.091893 -0.53291 0.17548
0.091893 -0.53291 0.17548
0.091893 -0.53291 0.17548
0.091893 -0.53291 0.17548
0.091893 -0.53291 0.17548
0.091893 -0.53291 0.17548
0.091893 -0.53291 0.17548
0.091893 -0.53291 0.17548
0.091893 -0.53291 0.17548
0.091893 -0.53291 0.17548
0.091893 -0.53291 0.17548
0.091893 -0.53291 0.17548
0.091893 -0.53291 0.17548
0.091893 -0.53291 0.17548
0.091893 -0.53291 0.17548
0.091893 -0.53291 0.17548
0.091893 -0.53291 0.17548
0.086363 -0.51959 0.17548
0.078069 -0.4996 0.17548
0.063486 -0.46446 0.17548
0.048764 -0.42899 0.17548
0.034042 -0.39352 0.17548
0.010955 -0.39836 0.14265
-0.017659 -0.42983 0.08813
-0.047032 -0.46496 0.030633
-0.074322 -0.49525 -0.022917
-0.094227 -0.50774 -0.061977
-0.10343 -0.49444 -0.080037
-0.10343 -0.45897 -0.080037
-0.10343 -0.42349 -0.080037
-0.1051 -0.39608 -0.073475
-0.11547 -0.41057 -0.032787
-0.1279 -0.43499 0.015986
-0.14262 -0.47046 0.073762
-0.15734 -0.50122 0.13154
-0.17206 -0.52442 0.18931
-0.18679 -0.48894 0.24709
-0.20151 -0.45347 0.30487
-0.21623 -0.418 0.36264
-0.23588 -0.40628 0.40107
-0.2577 -0.40501 0.431
-0.28714 -0.44048 0.431
-0.31659 -0.47595 0.431
-0.34603 -0.51143 0.431
-0.37547 -0.5469 0.46302
-0.40492 -0.58237 0.51185
-0.43436 -0.61785 0.56934
-0.46381 -0.65108 0.62711
-0.49325 -0.67856 0.68489
-0.52269 -0.68979 0.74267
-0.55214 -0.68979 0.80044
-0.58158 -0.68979 0.85822
-0.60911 -0.69441 0.90847
-0.62963 -0.71589 0.93126
-0.6471 -0.74475 0.94204
-0.66183 -0.78022 0.94204
-0.67655 -0.81569 0.94204
-0.69127 -0.8459 0.94204
-0.70599 -0.8464 0.94204
-0.72071 -0.84667 0.94204
-0.73543 -0.84667 0.94204
-0.75016 -0.84667 0.95842
-0.76488 -0.84667 0.98272
-0.7796 -0.84667 1.0405
-0.79432 -0.84667 1.0983
-0.80904 -0.84667 1.1561
-0.83156 -0.84667 1.2138
-0.85736 -0.84667 1.2716
-0.8868 -0.84667 1.3294
-0.91624 -0.84817 1.3847
-0.94569 -0.85267 1.4352
-0.97513 -0.87715 1.4531
-1.0046 -0.91262 1.4531
-1.034 -0.94809 1.4531
-1.0655 -0.98357 1.4531
-1.1024 -1.019 1.4531
-1.1435 -1.0545 1.4531
-1.1877 -1.09 1.4531
-1.2318 -1.1255 1.4531
-1.2733 -1.1545 1.4531
-1.3044 -1.1585 1.4531
-1.3347 -1.1604 1.4531
-1.3641 -1.1604 1.4531
-1.3903 -1.1526 1.4531
-1.4143 -1.1394 1.4531
-1.429 -1.104 1.4531
-1.4437 -1.0685 1.4531
-1.4585 -1.033 1.4531
-1.4659 -1.0151 1.4531
-1.4707 -1.0036 1.4531
-1.4707 -1.0036 1.4531
-1.4707 -1.0032 1.4531
-1.4707 -1.0022 1.4531
-1.4707 -0.97707 1.4531
-1.4707 -0.9416 1.4531
-1.4707 -0.90612 1.4531
-1.4707 -0.87533 1.4531
-1.4707 -0.85434 1.4531
-1.4707 -0.84667 1.4531
-1.4707 -0.84667 1.4531
-1.4707 -0.84667 1.4531
-1.4707 -0.83945 1.4413
-1.4707 -0.81147 1.3957
-1.4707 -0.77922 1.3432
-1.4707 -0.74375 1.2854
-1.4707 -0.71356 1.2277
-1.4707 -0.68979 1.1699
-1.4707 -0.68979 1.1121
-1.4707 -0.68979 1.0543
-1.4707 -0.68979 0.99656
-1.4641 -0.67387 0.93878
-1.4551 -0.65232 0.881
-1.4404 -0.61685 0.82323
-1.4257 -0.58137 0.76545
-1.411 -0.5459 0.70768
-1.4066 -0.53525 0.69032
-1.4056 -0.53291 0.68652
-1.4056 -0.53291 0.68652
-1.4056 -0.53291 0.68652
-1.4056 -0.53291 0.68652
-1.4056 -0.53291 0.68652
-1.4056 -0.53291 0.68652
-1.4056 -0.53291 0.68652
-1.4056 -0.52528 0.68652
-1.4056 -0.50079 0.68652
-1.4056 -0.46946 0.68652
-1.4056 -0.43399 0.68652
-1.4046 -0.39851 0.68271
-1.4002 -0.36304 0.66536
-1.3855 -0.32757 0.60758
-1.3708 -0.29209 0.54981
-1.356 -0.25662 0.49203
-1.3413 -0.22115 0.43425
-1.3266 -0.18568 0.37648
-1.3119 -0.1502 0.3187
-1.2971 -0.11473 0.26093
-1.2824 -0.079257 0.20315
-1.2381 -0.043784 0.14537
-1.1858 -0.0083114 0.087596
-1.1269 0.027161 0.029819
-1.068 0.065858 -0.027957
-1.0091 0.10882 -0.085734
-0.95025 0.17255 -0.14351
-0.89136 0.2435 -0.20129
-0.83247 0.31444 -0.25906
-0.7704 0.38539 -0.31684
-0.70281 0.45633 -0.37462
-0.63114 0.52728 -0.43239
-0.55753 0.59822 -0.49017
-0.48392 0.66917 -0.54795
-0.41462 0.74012 -0.60572
-0.35531 0.81106 -0.6635
-0.29627 0.88201 -0.72127
-0.23738 0.95295 -0.77905
-0.1737 1.0239 -0.81801
-0.10737 1.0948 -0.84659
-0.033761 1.1658 -0.84659
0.039848 1.2367 -0.84659
0.11346 1.3077 -0.84659
0.19634 1.401 -0.84659
0.28141 1.4995 -0.84659
0.36974 1.606 -0.84659
0.45807 1.7104 -0.84029
0.5464 1.8129 -0.82727
0.63474 1.8902 -0.73267
0.72307 1.9612 -0.61711
0.8114 2.0321 -0.50156
0.90277 2.1031 -0.39795
0.99836 2.174 -0.31088
1.0994 2.245 -0.24523
1.2025 2.3159 -0.18745
1.3055 2.3869 -0.12968
1.3994 2.4468 -0.053997
1.4768 2.4868 0.054232
1.5516 2.5238 0.16734
1.6252 2.5592 0.2829
1.6989 2.5947 0.38412
1.7725 2.6302 0.4725
1.8461 2.6656 0.53028
1.9197 2.7011 0.58805
1.9933 2.7366 0.64583
2.0413 2.731 0.63667
2.0833 2.7156 0.61165
2.1127 2.6801 0.55388
2.1418 2.6447 0.49654
2.1707 2.6092 0.43957
2.1625 2.5737 0.431
2.1478 2.5382 0.431
2.133 2.5028 0.431
2.1128 2.4541 0.42022
2.0865 2.3906 0.39743
2.0462 2.2934 0.34718
2.002 2.187 0.28941
1.9578 2.0806 0.23163
1.9137 1.9742 0.19214
1.8695 1.8678 0.17912
1.8253 1.7613 0.17548
1.7812 1.6551 0.17548
1.737 1.5542 0.17548
1.6928 1.4636 0.17548
1.6487 1.3926 0.17548
1.6045 1.3217 0.17548
1.5603 1.2507 0.17548
1.5086 1.1614 0.14556
1.4546 1.0669 0.10713
1.3957 0.96045 0.049349
1.3368 0.85403 -0.008427
1.2779 0.74761 -0.066203
1.2434 0.69986 -0.076205
1.212 0.65968 -0.080037
1.1826 0.6242 -0.080037
1.1531 0.5832 -0.098045
1.1237 0.53724 -0.13222
1.0942 0.47032 -0.23465
1.0648 0.39938 -0.3502
1.0353 0.32843 -0.46576
1.0059 0.26857 -0.56325
0.97645 0.22161 -0.63974
0.94701 0.18354 -0.70174
0.91756 0.14807 -0.75952
0.88812 0.1126 -0.8173
0.85867 0.077123 -0.87507
0.82923 0.04165 -0.93285
0.79979 0.0061775 -0.99063
0.77048 -0.028962 -1.0484
0.74746 -0.048947 -1.1062
0.72721 -0.06227 -1.164
0.71249 -0.06227 -1.2217
0.69777 -0.06227 -1.2795
0.68305 -0.06227 -1.3373
0.66833 -0.06227 -1.3499
0.6536 -0.06227 -1.3576
0.63888 -0.06227 -1.3576
0.62416 -0.066332 -1.3642
0.60944 -0.073326 -1.3756
0.59472 -0.10574 -1.4284
0.58 -0.14121 -1.4862
0.56527 -0.17668 -1.544
0.55494 -0.19101 -1.5845
0.54872 -0.18551 -1.6089
0.54765 -0.1552 -1.6131
0.54765 -0.11973 -1.6131
0.54765 -0.084253 -1.6131
0.54128 -0.064124 -1.6131
0.52718 -0.062625 -1.6131
0.51261 -0.06227 -1.6131
0.49826 -0.06227 -1.6146
0.48851 -0.06227 -1.6341
0.48254 -0.06227 -1.6685
0.48254 -0.06227 -1.7263
0.48254 -0.06227 -1.784
0.48254 -0.06227 -1.8414
0.48254 -0.06227 -1.8576
0.48254 -0.06227 -1.8687
0.48254 -0.06227 -1.8687
0.48254 -0.06227 -1.8723
0.48254 -0.06227 -1.878
0.48254 -0.06227 -1.933
0.48254 -0.06227 -1.9907
0.48254 -0.06227 -2.0485
0.48656 -0.071951 -2.0905
0.49361 -0.088938 -2.1206
0.50742 -0.12222 -2.1242
0.52214 -0.1577 -2.1242
0.53687 -0.19317 -2.1242
0.5388 -0.21324 -2.1242
0.52823 -0.21824 -2.1242
0.51427 -0.21915 -2.1242
0.5 -0.22025 -2.1242
0.4888 -0.22874 -2.1242
0.48254 -0.24913 -2.1242
0.48254 -0.2846 -2.1242
0.48254 -0.32007 -2.1242
0.48136 -0.35555 -2.1219
0.46312 -0.39102 -2.0861
0.44066 -0.42649 -2.042
0.41121 -0.46196 -1.9842
0.38177 -0.49744 -1.9264
0.35232 -0.53291 -1.8687
