-0.85245 -0.78979 -0.99495
-0.85245 -0.78979 -0.99495
-0.85245 -0.78979 -0.99495
-0.85245 -0.78979 -0.99495
-0.85245 -0.78979 -0.99495
-0.85245 -0.78979 -0.99495
-0.85245 -0.78979 -0.99495
-0.85245 -0.78979 -0.99495
-0.85245 -0.78979 -0.99495
-0.85245 -0.78979 -0.99495
-0.85245 -0.78979 -0.99495
-0.85245 -0.78979 -0.99495
-0.85245 -0.78979 -0.99495
-0.85245 -0.78979 -0.99495
-0.85245 -0.78979 -0.99495
-0.85245 -0.78979 -0.99495
-0.85245 -0.78979 -0.99495
-0.85245 -0.78979 -0.99495
-0.85245 -0.78979 -0.99495
-0.85245 -0.78979 -0.99495
-0.85245 -0.78979 -0.99495
-0.85245 -0.78979 -0.99495
-0.85245 -0.78979 -0.99495
-0.85245 -0.78979 -0.99495
-0.85245 -0.78979 -0.99495
-0.85245 -0.78979 -0.99495
-0.85245 -0.78979 -0.99495
-0.85245 -0.78979 -0.99495
-0.85245 -0.78979 -0.99495
-0.85245 -0.78979 -0.99495
-0.85245 -0.78979 -0.99495
-0.85245 -0.78979 -0.99495
-0.85245 -0.78979 -0.99495
-0.85245 -0.78979 -0.99495
-0.85245 -0.78979 -0.99495
-0.85245 -0.78979 -0.99495
-0.85245 -0.78979 -0.99495
-0.85245 -0.78979 -0.99495
-0.85245 -0.78979 -0.99495
-0.85245 -0.78979 -0.99495
-0.85245 -0.78979 -0.99495
-0.85245 -0.78979 -0.99495
-0.85245 -0.78979 -0.99495
-0.85245 -0.78979 -0.99495
-0.85245 -0.78979 -0.99495
-0.85245 -0.78979 -0.99495
-0.85245 -0.78979 -0.99495
-0.85245 -0.78979 -0.99495
-0.85245 -0.78979 -0.99495
-0.85245 -0.78979 -0.99495
-0.85245 -0.78979 -0.99495
-0.85245 -0.78979 -0.99495
-0.85245 -0.78979 -0.99495
-0.85245 -0.78979 -0.99495
-0.85245 -0.78979 -0.99495
-0.85245 -0.78979 -0.99495
-0.85245 -0.78979 -0.99495
-0.85245 -0.78979 -0.99495
-0.85245 -0.78979 -0.99495
-0.85245 -0.78979 -0.99783
-0.85245 -0.78979 -1.0007
-0.85245 -0.78979 -1.0136
-0.85245 -0.78979 -1.0264
-0.85245 -0.78979 -1.0393
-0.85245 -0.78979 -1.0521
-0.84963 -0.78527 -1.0583
-0.84681 -0.78075 -1.0645
-0.84135 -0.77201 -1.0645
-0.8359 -0.76327 -1.0645
-0.83044 -0.75453 -1.0645
-0.82498 -0.74579 -1.0645
-0.82395 -0.74413 -1.0645
-0.82291 -0.74248 -1.0645
-0.82291 -0.74248 -1.0645
-0.82291 -0.74248 -1.0645
-0.82291 -0.74338 -1.0645
-0.82291 -0.74429 -1.0645
-0.82291 -0.75302 -1.0645
-0.82291 -0.76176 -1.0645
-0.82291 -0.7705 -1.0645
-0.82291 -0.77924 -1.0645
-0.82508 -0.78798 -1.0645
-0.82724 -0.79672 -1.0645
-0.8327 -0.80546 -1.0645
-0.83815 -0.8142 -1.0645
-0.84361 -0.82294 -1.0645
-0.84906 -0.83168 -1.0645
-0.86581 -0.84042 -1.0557
-0.88255 -0.84916 -1.0468
-0.90438 -0.85789 -1.034
-0.9262 -0.86663 -1.0211
-0.94802 -0.87537 -1.0082
-0.96985 -0.88411 -0.99539
-0.99167 -0.90144 -0.99517
-1.0135 -0.91877 -0.99495
-1.0353 -0.93625 -0.99495
-1.0571 -0.95372 -0.99495
-1.079 -0.96879 -0.9914
-1.1008 -0.98386 -0.98786
-1.1226 -0.9926 -0.975
-1.1444 -1.0013 -0.96214
-1.1663 -1.0101 -0.94929
-1.1881 -1.0188 -0.93643
-1.2068 -1.0226 -0.93089
-1.2255 -1.0263 -0.92535
-1.2419 -1.0263 -0.92535
-1.2583 -1.0263 -0.92535
-1.2746 -1.0263 -0.92535
-1.291 -1.0263 -0.92535
-1.2933 -1.0037 -0.92535
-1.2955 -0.98115 -0.92535
-1.2955 -0.95493 -0.92535
-1.2955 -0.92871 -0.92535
-1.2955 -0.90249 -0.91937
-1.2955 -0.87628 -0.91338
-1.2955 -0.85006 -0.87481
-1.2955 -0.82384 -0.83624
-1.2955 -0.79762 -0.79768
-1.2955 -0.77141 -0.75911
-1.2931 -0.74519 -0.7263
-1.2906 -0.71897 -0.6935
-1.2852 -0.69275 -0.66779
-1.2797 -0.66654 -0.64208
-1.2743 -0.64032 -0.61636
-1.2688 -0.6141 -0.59065
-1.2593 -0.58789 -0.56494
-1.2498 -0.56167 -0.53923
-1.2389 -0.53545 -0.51352
-1.228 -0.50923 -0.4878
-1.2172 -0.48241 -0.46298
-1.2065 -0.45559 -0.43815
-1.2011 -0.4119 -0.43815
-1.1956 -0.3682 -0.43815
-1.1902 -0.32451 -0.43815
-1.1847 -0.28081 -0.43815
-1.1757 -0.23425 -0.43394
-1.1666 -0.18769 -0.42973
-1.1503 -0.13526 -0.41687
-1.1339 -0.082823 -0.40402
-1.1175 -0.030388 -0.39116
-1.1012 0.022046 -0.37831
-1.0746 0.090754 -0.37343
-1.0481 0.15946 -0.36855
-1.0154 0.23811 -0.36855
-0.98264 0.31677 -0.36855
-0.94991 0.39542 -0.36855
-0.91717 0.47407 -0.36855
-0.85951 0.56869 -0.34506
-0.80184 0.66332 -0.32156
-0.74183 0.75945 -0.29585
-0.68181 0.85558 -0.27014
-0.62067 0.95171 -0.23645
-0.55952 1.0478 -0.20276
-0.49405 1.144 -0.13848
-0.42858 1.2401 -0.074195
-0.36311 1.3362 -0.0099154
-0.29764 1.4324 0.054365
-0.22398 1.5241 0.13793
-0.15033 1.6159 0.22149
-0.068486 1.7033 0.32434
0.013353 1.7907 0.42719
0.095193 1.8781 0.53004
0.17703 1.9654 0.63288
0.26753 2.032 0.75612
0.35802 2.0986 0.87936
0.45077 2.1598 1.0079
0.54352 2.221 1.1365
0.63439 2.2784 1.2617
0.72526 2.3358 1.387
0.79619 2.3533 1.4769
0.86712 2.3708 1.5669
0.93804 2.3882 1.6569
1.009 2.4057 1.7469
1.0716 2.4166 1.8125
1.1343 2.4274 1.8781
1.1834 2.4274 1.9039
1.2325 2.4274 1.9296
1.2816 2.4274 1.9553
1.3307 2.4274 1.981
1.3725 2.4039 1.9894
1.4142 2.3804 1.9978
1.4524 2.3455 1.9978
1.4906 2.3105 1.9978
1.5288 2.2755 1.9978
1.567 2.2406 1.9978
1.5841 2.2056 1.9854
1.6012 2.1707 1.973
1.6176 2.1357 1.9602
1.634 2.1008 1.9473
1.6475 2.0613 1.9278
1.6611 2.0218 1.9083
1.6665 1.9694 1.8697
1.672 1.9169 1.8312
1.6774 1.8645 1.7926
1.6829 1.8121 1.754
1.6793 1.7596 1.7296
1.6757 1.7072 1.7053
1.6648 1.6548 1.6924
1.6539 1.6023 1.6795
1.643 1.5499 1.6667
1.6321 1.4975 1.6538
1.6119 1.4376 1.6301
1.5918 1.3778 1.6064
1.57 1.3166 1.5807
1.5482 1.2555 1.555
1.5256 1.1943 1.5328
1.503 1.1331 1.5106
1.4757 1.0719 1.5106
1.4485 1.0108 1.5106
1.4212 0.9496 1.5106
1.3939 0.88843 1.5106
1.3643 0.82725 1.5106
1.3346 0.76608 1.5106
1.3019 0.7049 1.5106
1.2692 0.64373 1.5106
1.2364 0.58256 1.5106
1.2037 0.52138 1.5106
1.1749 0.47287 1.492
1.1461 0.42435 1.4734
1.1188 0.38065 1.4477
1.0916 0.33696 1.422
1.0645 0.29341 1.3958
1.0374 0.24987 1.3697
1.021 0.21491 1.3182
1.0046 0.17995 1.2668
0.98828 0.145 1.2154
0.97191 0.11004 1.164
0.95893 0.08322 1.1125
0.94595 0.0564 1.0611
0.94049 0.047661 1.0097
0.93503 0.038922 0.95827
0.92958 0.030183 0.90685
0.92412 0.021444 0.85543
0.92196 0.012705 0.81176
0.9198 0.0039654 0.76809
0.9198 -0.0047737 0.72953
0.9198 -0.013513 0.69096
0.9198 -0.022252 0.65239
0.9198 -0.030991 0.61382
0.9198 -0.031895 0.58678
0.9198 -0.032799 0.55974
0.9198 -0.032799 0.53403
0.9198 -0.032799 0.50831
0.91876 -0.034457 0.4826
0.91773 -0.036114 0.45689
0.91227 -0.044853 0.43118
0.90681 -0.053592 0.40547
0.90136 -0.062332 0.37975
0.8959 -0.071071 0.35404
0.88781 -0.07981 0.34074
0.87972 -0.088549 0.32744
0.86881 -0.097288 0.32744
0.8579 -0.10603 0.32744
0.84699 -0.11477 0.32744
0.83607 -0.12351 0.32744
0.8294 -0.13902 0.32744
0.82272 -0.15454 0.32744
0.81726 -0.17202 0.32744
0.8118 -0.1895 0.32744
0.80597 -0.20638 0.32656
0.80014 -0.22325 0.32567
0.78923 -0.23199 0.31281
0.77832 -0.24073 0.29996
0.7674 -0.24947 0.2871
0.75649 -0.25821 0.27425
0.74756 -0.26378 0.26605
0.73862 -0.26936 0.25784
0.73316 -0.26936 0.25784
0.72771 -0.26936 0.25784
0.72225 -0.26936 0.25784
0.7168 -0.26936 0.25784
0.71134 -0.27508 0.25784
0.70588 -0.28081 0.25784
0.70043 -0.28955 0.25784
0.69497 -0.29829 0.25784
0.68952 -0.30703 0.25784
0.68406 -0.31577 0.25784
0.6786 -0.31622 0.25784
0.67315 -0.31667 0.25784
0.66769 -0.31667 0.25784
0.66224 -0.31667 0.25784
0.6581 -0.31667 0.25474
0.65396 -0.31667 0.25164
0.65396 -0.31667 0.23878
0.65396 -0.31667 0.22593
0.65396 -0.31667 0.21307
0.65396 -0.31667 0.20021
0.65104 -0.30733 0.19423
0.64813 -0.29799 0.18824
0.64267 -0.28051 0.18824
0.63721 -0.26303 0.18824
0.63176 -0.24555 0.18824
0.6263 -0.22807 0.18824
0.62536 -0.21783 0.18824
0.62442 -0.20758 0.18824
0.62442 -0.19884 0.18824
0.62442 -0.1901 0.18824
0.62508 -0.18136 0.18514
0.62574 -0.17263 0.18204
0.63119 -0.16389 0.15633
0.63665 -0.15515 0.13061
0.64211 -0.14641 0.1049
0.64756 -0.13767 0.07919
0.65302 -0.13255 0.058798
0.65847 -0.12742 0.038405
0.66393 -0.12742 0.025549
0.66939 -0.12742 0.012693
0.67484 -0.12742 -0.00016255
0.6803 -0.12742 -0.013019
0.67804 -0.12742 -0.025875
0.67578 -0.12742 -0.038731
0.67033 -0.12742 -0.051586
0.66487 -0.12742 -0.064442
0.65941 -0.12742 -0.077298
0.65396 -0.12742 -0.090154
