0.0051848 0.37407 0.30946
0.0051848 0.37407 0.30946
0.0051848 0.37407 0.30946
0.0051848 0.37407 0.30946
0.0051848 0.37407 0.30946
0.0051848 0.37407 0.30946
0.0051848 0.37407 0.30946
0.0051848 0.37407 0.30946
0.0051848 0.37407 0.30946
0.0051848 0.37407 0.30946
0.0051848 0.37407 0.30946
0.0051848 0.37407 0.30946
0.0051848 0.37407 0.30946
0.0051848 0.37407 0.30946
0.0051848 0.37407 0.30946
0.0051848 0.37407 0.30946
0.0051848 0.37407 0.30946
0.0051848 0.37407 0.30946
0.0051848 0.37407 0.30946
0.0051848 0.37407 0.30946
0.0051848 0.37407 0.30946
0.0051848 0.37407 0.30946
0.0051848 0.37407 0.30946
0.0051848 0.37407 0.30946
0.0051848 0.37407 0.30946
0.0051848 0.37407 0.30946
0.0051848 0.37407 0.30946
0.0051848 0.37407 0.30946
0.0051848 0.37407 0.30946
0.0051848 0.37407 0.30946
0.0051848 0.37407 0.30946
0.0051848 0.37407 0.30946
0.0094129 0.38219 0.31427
0.034899 0.43112 0.34327
0.063439 0.48593 0.37575
0.087976 0.53304 0.40368
0.098595 0.55343 0.41576
0.10046 0.557 0.41788
0.09564 0.56625 0.43432
0.082897 0.59072 0.47783
0.054337 0.64556 0.57533
0.02152 0.69673 0.67334
-0.015447 0.73994 0.76663
-0.074915 0.73994 0.83431
-0.13438 0.73994 0.90199
-0.1896 0.73994 0.96
-0.21934 0.73994 0.96
-0.24907 0.73994 0.96
-0.26718 0.73994 0.95338
-0.25019 0.73994 0.92679
-0.22298 0.73994 0.89439
-0.19927 0.75152 0.86741
-0.18653 0.78414 0.85291
-0.18536 0.83898 0.85157
-0.19025 0.87728 0.85157
-0.20113 0.89258 0.85157
-0.23087 0.83549 0.85157
-0.25819 0.78301 0.85431
-0.28063 0.73994 0.86262
-0.28063 0.73994 0.89646
-0.28063 0.73994 0.9303
-0.28686 0.73994 0.95705
-0.31447 0.73994 0.95946
-0.34374 0.73994 0.96
-0.37347 0.73994 0.96
-0.4032 0.73994 0.96
-0.43294 0.73994 0.96
-0.45616 0.73994 0.96
-0.47103 0.73994 0.96
-0.47117 0.73994 0.96
-0.47117 0.73994 0.96525
-0.47117 0.73994 0.97726
-0.47117 0.73994 1.0111
-0.47117 0.73729 1.0434
-0.47117 0.72246 1.0684
-0.47117 0.66537 1.0684
-0.47117 0.60827 1.0684
-0.47117 0.55118 1.0595
-0.47117 0.49408 1.0305
-0.47117 0.43699 0.99729
-0.47117 0.39512 0.97247
-0.47117 0.37472 0.96039
-0.47117 0.37407 0.96
-0.4778 0.37407 0.95245
-0.4918 0.37407 0.93652
-0.52153 0.37407 0.90268
-0.54727 0.37407 0.86884
-0.56644 0.37407 0.835
-0.56644 0.37407 0.80116
-0.56644 0.37407 0.76732
-0.57493 0.37407 0.75282
-0.60467 0.37407 0.78666
-0.6344 0.37407 0.8205
-0.66413 0.39164 0.84392
-0.69387 0.4365 0.85117
-0.7236 0.49292 0.85157
-0.75334 0.53377 0.85157
-0.78307 0.557 0.85157
-0.8128 0.557 0.85157
-0.83613 0.56931 0.84428
-0.85225 0.59545 0.82878
-0.85225 0.65255 0.79494
-0.85225 0.70964 0.76111
-0.85225 0.76674 0.72727
-0.85225 0.82383 0.69343
-0.85225 0.88093 0.65959
-0.84207 0.89893 0.62575
-0.81446 0.85 0.59191
-0.78489 0.79354 0.55807
-0.76524 0.73644 0.51276
-0.75698 0.67935 0.45448
-0.75698 0.62225 0.3868
-0.76561 0.56516 0.32895
-0.78246 0.50806 0.28045
-0.8122 0.45097 0.24661
-0.8361 0.38267 0.20613
-0.85225 0.29949 0.15683
-0.85225 0.1853 0.089155
-0.85225 0.077579 0.023392
-0.85225 0.008193 -0.031009
-0.85225 0.008193 -0.064848
-0.85225 0.008193 -0.098687
-0.85225 -0.013908 -0.13253
-0.85225 -0.062885 -0.16637
-0.85225 -0.11998 -0.20021
-0.85225 -0.17707 -0.23404
-0.85225 -0.23417 -0.26788
-0.85225 -0.29126 -0.30172
-0.8607 -0.3646 -0.32594
-0.87713 -0.45323 -0.34109
-0.90686 -0.56742 -0.34109
-0.9366 -0.67219 -0.34667
-0.96633 -0.75968 -0.3625
-0.99606 -0.81677 -0.39633
-1.0258 -0.87387 -0.43017
-1.0683 -0.95543 -0.47852
-1.1277 -1.0696 -0.54619
-1.1872 -1.1838 -0.61387
-1.2342 -1.298 -0.66734
-1.2697 -1.4122 -0.70779
-1.2995 -1.5264 -0.74163
-1.3183 -1.5988 -0.77547
-1.3286 -1.6382 -0.80931
-1.3286 -1.6382 -0.84315
-1.3207 -1.6382 -0.86797
-1.3043 -1.6382 -0.88321
-1.2746 -1.6382 -0.88321
-1.2449 -1.6313 -0.88321
-1.2151 -1.6033 -0.88321
-1.1854 -1.5462 -0.88321
-1.1557 -1.4891 -0.88321
-1.14 -1.432 -0.88321
-1.1381 -1.3749 -0.88321
-1.1381 -1.3178 -0.88321
-1.1381 -1.2859 -0.88321
-1.1381 -1.2724 -0.88321
-1.1381 -1.2724 -0.88321
-1.1488 -1.2724 -0.89545
-1.1678 -1.2724 -0.91704
-1.1975 -1.2724 -0.95088
-1.2061 -1.2588 -0.98472
-1.186 -1.2269 -1.0186
-1.1265 -1.1698 -1.0524
-1.069 -1.1127 -1.0817
-1.0252 -1.0556 -1.08
-0.99546 -0.99854 -1.0462
-0.96572 -0.94145 -1.0123
-0.93599 -0.85526 -0.99575
-0.90625 -0.74802 -0.99163
-0.87652 -0.63383 -0.99163
-0.8334 -0.54535 -0.99163
-0.78186 -0.47304 -0.99163
-0.72239 -0.41594 -0.99163
-0.6732 -0.35885 -1.0033
-0.63258 -0.30175 -1.0248
-0.60285 -0.24466 -1.0586
-0.57311 -0.18756 -1.0858
-0.54338 -0.13047 -1.1001
-0.51364 -0.073371 -1.1001
-0.48391 -0.016276 -1.1001
-0.52214 -0.089684 -1.042
-0.61134 -0.26097 -0.94052
-0.70054 -0.43225 -0.83901
-0.77392 -0.57315 -0.80953
-0.83829 -0.69675 -0.82105
-0.89776 -0.81094 -0.85489
-0.9173 -0.89958 -0.91903
-0.91293 -0.97291 -1.0013
-0.8832 -1.03 -1.1028
-0.84402 -1.0327 -1.2043
-0.79521 -0.9799 -1.3059
-0.73574 -0.86571 -1.4074
-0.67627 -0.75964 -1.5089
-0.6168 -0.68044 -1.6104
-0.55733 -0.62335 -1.7119
-0.49787 -0.56625 -1.8134
-0.4384 -0.47446 -1.8533
-0.37893 -0.36351 -1.859
-0.31946 -0.24932 -1.859
-0.27614 -0.16614 -1.859
-0.24058 -0.097841 -1.859
-0.21084 -0.040746 -1.859
-0.19399 -0.033115 -1.8444
-0.18536 -0.057058 -1.8203
-0.18536 -0.11415 -1.7865
-0.19362 -0.17125 -1.7527
-0.21327 -0.22834 -1.7188
-0.24284 -0.28512 -1.685
-0.27045 -0.33814 -1.6511
-0.28063 -0.35768 -1.6173
-0.28063 -0.35768 -1.5835
-0.28063 -0.35768 -1.5496
-0.29942 -0.42985 -1.473
-0.32614 -0.53246 -1.3784
-0.35587 -0.64665 -1.2768
-0.38561 -0.72989 -1.212
-0.41534 -0.79929 -1.1636
-0.44507 -0.85639 -1.1297
-0.45061 -0.86702 -1.1097
-0.43779 -0.84241 -1.1001
-0.40735 -0.78463 -1.1001
-0.36488 -0.7153 -1.1001
-0.29398 -0.61869 -1.1001
-0.20477 -0.5045 -1.1001
-0.11557 -0.39031 -1.1001
-0.0051311 -0.19455 -1.1001
0.11381 0.033827 -1.1001
0.23274 0.26221 -1.1001
0.33251 0.45379 -1.0782
0.42571 0.63274 -1.0489
0.51491 0.80403 -1.0151
0.5569 0.85443 -0.98127
0.57681 0.8483 -0.94743
0.57612 0.78989 -0.91359
0.55488 0.69202 -0.87975
0.51127 0.55118 -0.84591
0.4518 0.38215 -0.81274
0.39233 0.22718 -0.78374
0.33287 0.13986 -0.77478
0.2734 0.082766 -0.77478
0.21393 0.025671 -0.77478
0.19849 -0.11596 -0.74973
0.19573 -0.28194 -0.71746
0.19573 -0.45323 -0.68362
0.25328 -0.47717 -0.64978
0.32862 -0.45556 -0.61594
0.41782 -0.3982 -0.5821
0.50702 -0.31256 -0.54827
0.59622 -0.21087 -0.51443
0.68738 -0.089158 -0.47947
0.79358 0.090283 -0.43597
0.92815 0.37873 -0.37631
1.0764 0.72039 -0.30756
1.2229 1.0589 -0.23505
1.3481 1.3563 -0.11388
1.467 1.6418 0.021477
1.5859 1.9273 0.15683
1.7049 2.1697 0.34325
1.8238 2.4027 0.5408
1.9428 2.6311 0.74384
2.0617 2.8232 0.96833
2.1806 3.0039 1.1996
2.2984 3.1684 1.4365
2.4046 3.2663 1.6734
2.4998 3.3011 1.9103
2.5852 3.2889 2.1399
2.6553 3.2278 2.3406
2.6728 2.9981 2.4413
2.6728 2.7126 2.509
2.6728 2.4272 2.5767
2.5963 2.0927 2.5573
2.5071 1.7502 2.5235
2.4179 1.4076 2.4897
2.3287 1.065 2.379
2.2395 0.72246 2.2542
2.1515 0.38215 2.1202
2.0792 0.072204 2.0041
2.015 -0.22252 1.8971
1.9555 -0.49728 1.7956
1.896 -0.72158 1.6941
1.8366 -0.86571 1.5926
1.7807 -0.97531 1.4911
1.7339 -1.0732 1.3895
1.751 -1.0894 1.288
1.7807 -1.0894 1.1865
1.8105 -1.0894 1.085
1.7883 -1.0396 0.95394
1.7607 -0.98456 0.81981
1.731 -0.92934 0.68334
1.7012 -0.91303 0.52381
1.6715 -0.90649 0.35849
1.644 -0.90649 0.19444
1.6292 -0.90649 0.05908
1.6248 -0.90649 -0.052417
1.6226 -0.90649 -0.14894
1.6141 -0.90649 -0.23113
1.5884 -0.90649 -0.2741
1.5586 -0.90946 -0.30706
1.5289 -0.91762 -0.33848
1.4992 -1.023 -0.34109
1.4694 -1.1372 -0.34109
1.4391 -1.2503 -0.34042
1.3839 -1.3155 -0.31141
1.3262 -1.3761 -0.27962
1.2668 -1.4379 -0.24298
1.2073 -1.5317 -0.18738
1.1478 -1.6394 -0.12355
1.0943 -1.7478 -0.05587
1.0604 -1.8376 0.011808
1.0532 -1.9016 0.079487
1.0445 -1.9336 0.15706
1.019 -1.9173 0.25374
0.90995 -1.6604 0.4455
0.79101 -1.3749 0.64854
0.67208 -1.0894 0.85157
