-0.24351 0.34165 -1.073
-0.24351 0.34165 -1.073
-0.24351 0.34165 -1.073
-0.24351 0.34165 -1.073
-0.24351 0.34165 -1.073
-0.24351 0.34165 -1.073
-0.24351 0.34165 -1.073
-0.24351 0.34165 -1.073
-0.24351 0.34165 -1.073
-0.24351 0.34165 -1.073
-0.24351 0.34165 -1.073
-0.24351 0.34165 -1.073
-0.24351 0.34165 -1.073
-0.24351 0.34165 -1.073
-0.24351 0.34165 -1.073
-0.24351 0.34165 -1.073
-0.24351 0.34165 -1.073
-0.24351 0.34165 -1.073
-0.24351 0.34165 -1.073
-0.24351 0.34165 -1.073
-0.24351 0.34165 -1.073
-0.24351 0.34165 -1.073
-0.24351 0.34165 -1.073
-0.24351 0.34165 -1.073
-0.24351 0.34165 -1.073
-0.24351 0.34165 -1.073
-0.24351 0.34165 -1.073
-0.24351 0.34165 -1.073
-0.24351 0.34165 -1.073
-0.24351 0.34165 -1.073
-0.24351 0.34165 -1.073
-0.24351 0.34165 -1.073
-0.24351 0.34165 -1.073
-0.24351 0.34165 -1.073
-0.24351 0.34165 -1.073
-0.24351 0.34165 -1.073
-0.24351 0.34165 -1.073
-0.24351 0.34165 -1.073
-0.24351 0.34165 -1.073
-0.24351 0.34165 -1.073
-0.24351 0.34165 -1.073
-0.24351 0.34165 -1.073
-0.24351 0.34165 -1.073
-0.24351 0.34165 -1.073
-0.24351 0.34165 -1.073
-0.24351 0.34165 -1.073
-0.24351 0.34165 -1.073
-0.24351 0.34165 -1.073
-0.24351 0.34165 -1.073
-0.24351 0.33983 -1.07
-0.24351 0.27372 -0.96146
-0.24351 0.17937 -0.80651
-0.24351 0.065181 -0.62678
-0.24351 -0.049012 -0.49253
-0.24351 -0.1632 -0.45312
-0.24351 -0.2774 -0.45312
-0.24351 -0.39159 -0.45312
-0.27062 -0.50578 -0.45312
-0.30359 -0.61998 -0.45312
-0.33678 -0.73417 -0.45312
-0.34817 -0.7734 -0.45312
-0.35319 -0.79066 -0.45312
-0.35404 -0.79066 -0.4483
-0.36732 -0.79066 -0.37328
-0.39301 -0.79066 -0.22806
-0.42556 -0.79066 -0.044127
-0.45525 -0.79066 0.12368
-0.46287 -0.79066 0.16679
-0.46287 -0.79066 0.16679
-0.46287 -0.79066 0.16679
-0.48607 -0.79066 0.16679
-0.51562 -0.79066 0.16679
-0.5488 -0.79066 0.16679
-0.56518 -0.79066 0.26175
-0.57256 -0.79066 0.40765
-0.5733 -0.79066 0.59102
-0.58063 -0.79066 0.73711
-0.60504 -0.79066 0.7867
-0.63822 -0.79066 0.7867
-0.67141 -0.79066 0.7867
-0.68062 -0.87315 0.7867
-0.68224 -0.98179 0.7867
-0.68224 -1.096 0.7867
-0.70108 -1.1453 0.8932
-0.72765 -1.1681 1.0434
-0.76083 -1.1681 1.2297
-0.79401 -1.1681 1.3541
-0.8272 -1.1681 1.4066
-0.86019 -1.1681 1.4066
-0.89198 -1.1681 1.4066
-0.9016 -1.1681 1.4066
-0.9016 -1.1681 1.4066
-0.9016 -1.1681 1.4066
-0.92185 -1.1681 1.4066
-0.9498 -1.1681 1.4066
-0.98299 -1.1681 1.4066
-1.0021 -1.1681 1.4066
-1.0113 -1.1681 1.4066
-1.0113 -1.1671 1.4082
-1.0113 -1.1491 1.4379
-1.0113 -1.0719 1.5645
-1.0113 -0.95775 1.7521
-1.0113 -0.84355 1.9397
-1.0113 -0.8017 1.8896
-1.0113 -0.79066 1.7383
-1.0113 -0.79066 1.5507
-1.0274 -0.84605 1.5451
-1.0521 -0.9313 1.6376
-1.0853 -1.0455 1.8251
-1.1185 -1.1293 1.9129
-1.1517 -1.1681 1.8528
-1.1849 -1.1681 1.6652
-1.2181 -1.1681 1.4777
-1.2301 -1.1681 1.4097
-1.2306 -1.1681 1.4066
-1.2306 -1.1681 1.4066
-1.2481 -1.1681 1.4066
-1.2743 -1.1681 1.4066
-1.3075 -1.1681 1.4066
-1.3292 -1.2077 1.4066
-1.3403 -1.2835 1.4066
-1.3403 -1.3975 1.4066
-1.3372 -1.49 1.4066
-1.3169 -1.465 1.4066
-1.2837 -1.3508 1.4066
-1.2506 -1.2366 1.4066
-1.2356 -1.1853 1.3034
-1.2306 -1.1681 1.144
-1.2306 -1.1681 0.95649
-1.2171 -1.1681 0.92194
-1.1943 -1.1681 0.99202
-1.1611 -1.1681 1.1796
-1.1279 -1.1458 1.3305
-1.0948 -1.0779 1.4066
-1.0616 -0.96376 1.4066
-1.0284 -0.84956 1.4066
-1.0136 -0.73537 1.4066
-1.0113 -0.62118 1.4066
-1.0113 -0.50699 1.4066
-0.99634 -0.39279 1.4066
-0.97216 -0.2786 1.4066
-0.93897 -0.16441 1.4066
-0.90579 -0.050214 1.4066
-0.87261 0.063979 1.4066
-0.83942 0.17817 1.4066
-0.80624 0.28889 1.4066
-0.77306 0.34165 1.4066
-0.73987 0.34165 1.4066
-0.70669 0.34165 1.4066
-0.68921 0.34165 1.4066
-0.68224 0.34165 1.4066
-0.68224 0.34165 1.4066
-0.69341 0.34165 1.3435
-0.71402 0.34165 1.227
-0.74721 0.34165 1.0394
-0.78039 0.32683 0.87619
-0.81357 0.26712 0.7867
-0.84676 0.15293 0.7867
-0.87994 0.038736 0.7867
-0.91313 -0.075456 0.69721
-0.94631 -0.18965 0.534
-0.97949 -0.30384 0.34645
-1.0127 -0.41804 0.22993
-1.0459 -0.53223 0.16679
-1.079 -0.64642 0.16679
-1.1053 -0.73663 0.16679
-1.121 -0.79066 0.16679
-1.121 -0.79066 0.16679
-1.121 -0.79066 0.16679
-1.121 -0.73791 0.16679
-1.121 -0.62719 0.16679
-1.121 -0.513 0.16679
-1.1076 -0.44468 0.16679
-1.0836 -0.41323 0.16679
-1.0504 -0.41323 0.16679
-1.0172 -0.41323 0.16679
-0.98403 -0.41323 0.16679
-0.95085 -0.41323 0.16679
-0.91767 -0.4052 0.1536
-0.88448 -0.35433 0.070053
-0.8513 -0.24013 -0.1175
-0.81812 -0.12594 -0.30505
-0.77147 -0.011749 -0.41653
-0.71158 0.10244 -0.45312
-0.64521 0.21664 -0.45312
-0.57884 0.29507 -0.51186
-0.51247 0.34165 -0.6229
-0.44611 0.34165 -0.81046
-0.38473 0.35883 -0.96979
-0.33328 0.41016 -1.073
-0.3001 0.52436 -1.073
-0.26691 0.63855 -1.073
-0.23373 0.70817 -1.073
-0.20055 0.71899 -1.073
-0.16736 0.71909 -1.073
-0.12303 0.71909 -1.073
-0.068161 0.71909 -1.073
-0.0017928 0.71909 -1.073
0.057557 0.71909 -1.073
0.10824 0.71909 -1.073
0.14142 0.71909 -1.073
0.17516 0.71909 -1.0699
0.22036 0.71909 -1.002
0.28673 0.71909 -0.8144
0.3531 0.71909 -0.62685
0.40819 0.75789 -0.4393
0.45021 0.84169 -0.25175
0.48339 0.95589 -0.064195
0.52498 1.0701 0.075831
0.57526 1.1843 0.16679
0.64162 1.2985 0.16679
0.70799 1.4016 0.16679
0.77436 1.474 0.16679
0.84073 1.474 0.16679
0.9071 1.474 0.16679
0.97346 1.474 0.16679
1.0398 1.474 0.16679
1.1062 1.474 0.16679
1.1726 1.5055 0.16679
1.2389 1.5713 0.16679
1.3053 1.6855 0.16679
1.3717 1.7997 0.16679
1.438 1.9139 0.16679
1.5044 2.0281 0.16679
1.5708 2.1423 0.16679
1.6371 2.2234 0.16679
1.7035 2.2282 0.16679
1.7699 2.2288 0.16679
1.8455 2.2608 0.16679
1.9339 2.3365 0.16679
2.0333 2.45 0.16679
2.1262 2.5414 0.16679
2.2114 2.6063 0.16679
2.2778 2.6063 0.16679
2.3425 2.6118 0.17592
2.3997 2.6435 0.22799
2.4329 2.7577 0.41554
2.466 2.8719 0.6031
2.4817 2.9257 0.74106
2.4632 2.862 0.78252
2.4315 2.7529 0.7867
2.3909 2.6134 0.7867
2.3413 2.4428 0.7867
2.275 2.2144 0.7867
2.205 1.9985 0.7867
2.1286 1.8045 0.7867
2.0291 1.6903 0.7867
1.9295 1.5761 0.7867
1.83 1.4357 0.7867
1.7304 1.2193 0.7867
1.6309 0.99315 0.7867
1.5388 0.76476 0.7867
1.4591 0.53638 0.7867
1.3919 0.30799 0.7867
1.3306 0.11414 0.75834
1.2756 -0.035789 0.69391
1.2424 -0.035789 0.50636
1.2095 -0.035789 0.32002
1.1823 -0.035789 0.16679
1.1823 -0.035789 0.16679
1.1823 -0.035789 0.16679
1.1823 -0.035789 0.12738
1.1823 -0.035789 -0.00687
1.1823 -0.035789 -0.1866
1.1823 -0.055639 -0.34155
1.1823 -0.10372 -0.45013
1.1823 -0.21609 -0.45312
1.1801 -0.32261 -0.46573
1.1733 -0.41323 -0.50445
1.1401 -0.41323 -0.692
1.1069 -0.41323 -0.87955
1.0795 -0.41323 -1.0342
1.0739 -0.41323 -1.0658
1.0727 -0.41323 -1.073
1.0727 -0.41323 -1.1063
1.0727 -0.41323 -1.207
1.0727 -0.41323 -1.385
1.0727 -0.4008 -1.5521
1.0727 -0.37236 -1.6929
1.0727 -0.25816 -1.6929
1.0727 -0.14397 -1.6929
1.0686 -0.057569 -1.6701
1.0372 -0.15974 -1.4924
1.0046 -0.27019 -1.308
0.97137 -0.38438 -1.1507
0.93818 -0.49857 -1.0856
0.905 -0.61276 -1.073
0.87182 -0.71196 -1.073
0.83863 -0.78528 -1.073
0.80545 -0.79066 -1.073
0.77226 -0.79066 -1.073
0.73908 -0.79066 -1.073
0.7059 -0.79066 -1.073
0.67271 -0.79066 -1.073
0.63953 -0.79066 -1.073
0.60635 -0.79066 -1.073
0.57316 -0.79066 -1.073
0.54445 -0.79066 -1.073
0.52698 -0.79066 -1.073
0.52426 -0.79066 -1.073
0.52186 -0.79066 -1.073
0.51592 -0.79066 -1.073
0.48374 -0.79066 -1.073
0.45056 -0.79066 -1.073
0.41979 -0.79066 -1.073
0.41595 -0.79066 -1.073
0.41458 -0.79066 -1.073
0.41458 -0.79066 -1.073
0.41458 -0.79066 -1.073
0.41458 -0.79066 -1.073
0.41772 -0.77986 -1.073
0.4275 -0.7462 -1.073
0.45789 -0.64161 -1.073
0.49107 -0.52742 -1.073
0.52426 -0.41323 -1.073
