-1.2985 -1.4194 1.3399
-1.2985 -1.4194 1.3399
-1.2985 -1.4194 1.3399
-1.2985 -1.4194 1.3399
-1.2985 -1.4194 1.3399
-1.2985 -1.4194 1.3399
-1.2985 -1.4194 1.3399
-1.2985 -1.4194 1.3399
-1.2985 -1.4194 1.3399
-1.2985 -1.4194 1.3399
-1.2985 -1.4194 1.3399
-1.2985 -1.4194 1.3399
-1.2985 -1.4194 1.3399
-1.2985 -1.4194 1.3399
-1.2985 -1.4194 1.3399
-1.2985 -1.4194 1.3399
-1.2985 -1.4194 1.3399
-1.2985 -1.4194 1.3399
-1.2985 -1.4194 1.3399
-1.2985 -1.4194 1.3399
-1.2985 -1.4194 1.3399
-1.2985 -1.4194 1.3399
-1.2985 -1.4194 1.3399
-1.2985 -1.4194 1.3399
-1.2985 -1.4194 1.3399
-1.2985 -1.4194 1.3399
-1.2985 -1.4194 1.3399
-1.2985 -1.4194 1.3399
-1.2985 -1.4194 1.3399
-1.2985 -1.4036 1.3399
-1.2985 -1.3872 1.3399
-1.2985 -1.3708 1.3399
-1.2985 -1.3543 1.3399
-1.2985 -1.3379 1.3399
-1.2985 -1.3274 1.3399
-1.2985 -1.3274 1.3399
-1.2985 -1.3274 1.3399
-1.2985 -1.3274 1.3399
-1.2985 -1.3274 1.3399
-1.2985 -1.3274 1.3399
-1.2985 -1.3274 1.3399
-1.2985 -1.3274 1.3399
-1.2985 -1.3274 1.3399
-1.2985 -1.3274 1.3399
-1.2985 -1.3274 1.3399
-1.2985 -1.3274 1.3399
-1.2985 -1.3274 1.3399
-1.2985 -1.3274 1.3399
-1.2985 -1.3274 1.3399
-1.2985 -1.3274 1.3399
-1.2985 -1.3274 1.3399
-1.2985 -1.3274 1.3399
-1.2985 -1.3274 1.3399
-1.2985 -1.3274 1.3399
-1.2985 -1.3274 1.3399
-1.2985 -1.3274 1.3399
-1.2985 -1.3274 1.3399
-1.2985 -1.3274 1.3399
-1.2985 -1.3274 1.3399
-1.2985 -1.3274 1.3399
-1.2985 -1.3274 1.3399
-1.2985 -1.3274 1.3399
-1.2985 -1.3274 1.3399
-1.2985 -1.3274 1.3399
-1.2985 -1.3274 1.3399
-1.2985 -1.3274 1.3399
-1.2985 -1.3274 1.3399
-1.2985 -1.3274 1.3399
-1.3048 -1.3274 1.3118
-1.3137 -1.3274 1.2724
-1.3226 -1.3274 1.233
-1.3315 -1.3274 1.1935
-1.3403 -1.3274 1.1541
-1.3483 -1.3274 1.119
-1.3483 -1.3274 1.119
-1.3483 -1.3274 1.119
-1.3483 -1.3274 1.119
-1.3483 -1.3274 1.119
-1.3483 -1.3274 1.119
-1.3483 -1.3274 1.119
-1.3483 -1.3274 1.119
-1.3483 -1.3274 1.119
-1.3483 -1.3274 1.119
-1.3483 -1.3274 1.119
-1.3483 -1.3274 1.119
-1.3483 -1.3128 1.0838
-1.3483 -1.2964 1.0444
-1.3483 -1.28 1.005
-1.3483 -1.2636 0.96559
-1.3483 -1.2472 0.92618
-1.3432 -1.2214 0.88678
-1.3254 -1.1722 0.84738
-1.3077 -1.123 0.80798
-1.29 -1.0738 0.76858
-1.2722 -1.0246 0.72918
-1.2545 -0.97535 0.68978
-1.2427 -0.93727 0.70385
-1.2339 -0.90446 0.74325
-1.225 -0.87166 0.78265
-1.2161 -0.83886 0.82205
-1.2072 -0.80605 0.86145
-1.1977 -0.77208 0.89804
-1.18 -0.72287 0.89804
-1.1622 -0.67366 0.89804
-1.1445 -0.62446 0.89804
-1.1267 -0.57525 0.89804
-1.109 -0.52605 0.89804
-1.0789 -0.45399 0.86145
-1.0345 -0.35558 0.78265
-0.99016 -0.25717 0.70385
-0.94579 -0.15876 0.62505
-0.90142 -0.060345 0.54625
-0.85706 0.038067 0.46744
-0.78987 0.12242 0.38864
-0.71889 0.20443 0.30984
-0.6479 0.28644 0.23104
-0.57691 0.36845 0.15223
-0.50592 0.45046 0.073433
-0.43494 0.52427 -0.01522
-0.36395 0.57348 -0.13342
-0.29296 0.62268 -0.25163
-0.22198 0.67189 -0.36983
-0.15099 0.72109 -0.48803
-0.080001 0.7703 -0.60624
-0.020423 0.80896 -0.69911
0.032817 0.84177 -0.77791
0.086058 0.87457 -0.85671
0.1393 0.90738 -0.93552
0.19254 0.94018 -1.0143
0.24483 0.97181 -1.0889
0.27145 0.97181 -1.0495
0.29807 0.97181 -1.0101
0.32469 0.97181 -0.9707
0.35131 0.97181 -0.9313
0.37793 0.97181 -0.89189
0.39694 0.97884 -0.83561
0.40582 0.99524 -0.7568
0.41469 1.0116 -0.678
0.42356 1.028 -0.5992
0.43244 1.0444 -0.5204
0.44131 1.0609 -0.4416
0.45018 1.0773 -0.36279
0.45906 1.0937 -0.28399
0.46793 1.1101 -0.20519
0.4768 1.1265 -0.12639
0.48568 1.1429 -0.047585
0.49455 1.1593 0.022774
0.50342 1.1757 0.062175
0.5123 1.1921 0.10158
0.52117 1.2085 0.14098
0.53004 1.2249 0.18038
0.53892 1.2413 0.21978
0.55857 1.2577 0.25918
0.58519 1.2741 0.29858
0.61181 1.2905 0.33798
0.63843 1.3069 0.37738
0.66505 1.3233 0.41678
0.69167 1.3397 0.45619
0.70941 1.3397 0.45619
0.72716 1.3397 0.45619
0.74491 1.3397 0.45619
0.76265 1.3397 0.45619
0.7804 1.3397 0.45619
0.80163 1.3397 0.45619
0.82825 1.3397 0.45619
0.85487 1.3397 0.45619
0.88149 1.3397 0.45619
0.90811 1.3397 0.45619
0.93473 1.3397 0.45619
0.94741 1.3397 0.39427
0.95628 1.3397 0.31547
0.96516 1.3397 0.23667
0.97403 1.3397 0.15786
0.9829 1.3397 0.079061
0.99178 1.3368 0.007295
1.0007 1.3204 -0.032106
1.0095 1.304 -0.071507
1.0184 1.2876 -0.11091
1.0273 1.2711 -0.15031
1.0361 1.2547 -0.18971
1.0399 1.2383 -0.25163
1.0399 1.2219 -0.33043
1.0399 1.2055 -0.40923
1.0399 1.1891 -0.48803
1.0399 1.1727 -0.56684
1.0399 1.1563 -0.64564
1.0399 1.1399 -0.64845
1.0399 1.1235 -0.64845
1.0399 1.1071 -0.64845
1.0399 1.0907 -0.64845
1.0399 1.0743 -0.64845
1.0399 1.0638 -0.66252
1.0399 1.0638 -0.70192
1.0399 1.0638 -0.74133
1.0399 1.0638 -0.78073
1.0399 1.0638 -0.82013
1.0399 1.0638 -0.85953
1.0399 1.0515 -0.83983
1.0399 1.0351 -0.80043
1.0399 1.0187 -0.76103
1.0399 1.0023 -0.72163
1.0399 0.98587 -0.68222
1.0387 0.96947 -0.65408
1.0298 0.95307 -0.69348
1.0209 0.93666 -0.73288
1.0121 0.92026 -0.77228
1.0032 0.90386 -0.81168
0.99431 0.88746 -0.85109
0.98544 0.87106 -0.86938
0.97657 0.85465 -0.86938
0.96769 0.83825 -0.86938
0.95882 0.82185 -0.86938
0.94995 0.80545 -0.86938
0.94107 0.78905 -0.86938
0.9322 0.77264 -0.83279
0.92333 0.75624 -0.79339
0.91445 0.73984 -0.75399
0.90558 0.72344 -0.71459
0.89671 0.70704 -0.67519
0.89068 0.69591 -0.66112
0.89068 0.69591 -0.70052
0.89068 0.69591 -0.73992
0.89068 0.69591 -0.77932
0.89068 0.69591 -0.81872
0.89068 0.69591 -0.85812
0.89068 0.68419 -0.86938
0.89068 0.66779 -0.86938
0.89068 0.65139 -0.86938
0.89068 0.63498 -0.86938
0.89068 0.61858 -0.86938
0.89163 0.60394 -0.8736
0.90051 0.60394 -0.913
0.90938 0.60394 -0.9524
0.91826 0.60394 -0.9918
0.92713 0.60394 -1.0312
0.936 0.60394 -1.0706
0.94044 0.59574 -1.0903
0.94044 0.57933 -1.0903
0.94044 0.56293 -1.0903
0.94044 0.54653 -1.0903
0.94044 0.53013 -1.0903
0.94044 0.51373 -1.0903
0.93252 0.49732 -1.0903
0.92364 0.48092 -1.0903
0.91477 0.46452 -1.0903
0.9059 0.44812 -1.0903
0.89702 0.43172 -1.0903
0.88815 0.41531 -1.1016
0.87928 0.39891 -1.141
0.8704 0.38251 -1.1804
0.86153 0.36611 -1.2198
0.85266 0.34971 -1.2592
0.84378 0.3333 -1.2986
0.84093 0.3169 -1.3112
0.84093 0.3005 -1.3112
0.84093 0.2841 -1.3112
0.84093 0.2677 -1.3112
0.84093 0.25129 -1.3112
0.8403 0.23606 -1.314
0.83142 0.23606 -1.3534
0.82255 0.23606 -1.3929
0.81368 0.23606 -1.4323
0.8048 0.23606 -1.4717
0.79593 0.23606 -1.5111
0.78706 0.22845 -1.5139
0.77818 0.21205 -1.4745
0.76931 0.19564 -1.4351
0.76044 0.17924 -1.3957
0.75156 0.16284 -1.3563
0.74269 0.14644 -1.3169
0.73382 0.15815 -1.3112
0.72494 0.17456 -1.3112
0.71607 0.19096 -1.3112
0.7072 0.20736 -1.3112
0.69832 0.22376 -1.3112
0.69167 0.23196 -1.3112
0.69167 0.21556 -1.3112
0.69167 0.19916 -1.3112
0.69167 0.18276 -1.3112
0.69167 0.16635 -1.3112
0.69167 0.14995 -1.3112
0.69167 0.13355 -1.3112
0.69167 0.11715 -1.3112
0.69167 0.10075 -1.3112
0.69167 0.084344 -1.3112
0.69167 0.067942 -1.3112
0.69167 0.052126 -1.3098
0.69167 0.052126 -1.2704
0.69167 0.052126 -1.231
0.69167 0.052126 -1.1916
0.69167 0.052126 -1.1522
0.69167 0.052126 -1.1128
0.69167 0.052126 -1.0565
0.69167 0.052126 -0.97773
0.69167 0.052126 -0.89893
0.69167 0.052126 -0.82013
0.69167 0.052126 -0.74133
0.69167 0.052126 -0.66252
0.69167 0.065599 -0.61609
0.69167 0.082001 -0.57669
0.69167 0.098403 -0.53728
0.69167 0.1148 -0.49788
0.69167 0.13121 -0.45848
0.69357 0.14409 -0.42752
0.70244 0.14409 -0.42752
0.71131 0.14409 -0.42752
0.72019 0.14409 -0.42752
0.72906 0.14409 -0.42752
0.73794 0.14409 -0.42752
0.74142 0.14409 -0.42752
0.74142 0.14409 -0.42752
0.74142 0.14409 -0.42752
0.74142 0.14409 -0.42752
0.74142 0.14409 -0.42752
0.74142 0.14409 -0.42752
