-1.0747 -1.0952 0.4064
-1.0747 -1.0952 0.4064
-1.0747 -1.0952 0.4064
-1.0747 -1.0952 0.4064
-1.0747 -1.0952 0.4064
-1.0747 -1.0952 0.4064
-1.0747 -1.0952 0.4064
-1.0747 -1.0952 0.4064
-1.0747 -1.0952 0.4064
-1.0747 -1.0952 0.4064
-1.0747 -1.0952 0.4064
-1.0747 -1.0952 0.4064
-1.0747 -1.0952 0.4064
-1.0747 -1.0952 0.4064
-1.0747 -1.0952 0.4064
-1.0747 -1.0952 0.4064
-1.0747 -1.0952 0.4064
-1.0747 -1.0952 0.4064
-1.0747 -1.0952 0.4064
-1.0747 -1.0952 0.4064
-1.0747 -1.0952 0.4064
-1.0747 -1.0952 0.4064
-1.0747 -1.0952 0.4064
-1.0747 -1.0952 0.4064
-1.0747 -1.0952 0.4064
-1.0747 -1.0952 0.4064
-1.0747 -1.0952 0.4064
-1.0747 -1.0952 0.4064
-1.0747 -1.0952 0.4064
-1.0747 -1.0952 0.4064
-1.0747 -1.0952 0.4064
-1.0747 -1.0952 0.4064
-1.0747 -1.0952 0.4064
-1.0747 -1.0952 0.4064
-1.0747 -1.0952 0.4064
-1.0747 -1.0952 0.4064
-1.0747 -1.0952 0.4064
-1.0747 -1.0952 0.4064
-1.0747 -1.0952 0.4064
-1.0747 -1.0952 0.4064
-1.0747 -1.0952 0.4064
-1.0747 -1.0952 0.4064
-1.0747 -1.0952 0.4064
-1.0747 -1.0952 0.4064
-1.0747 -1.0952 0.4064
-1.0747 -1.0952 0.4064
-1.0747 -1.0952 0.4064
-1.0747 -1.0952 0.4064
-1.0747 -1.0952 0.4064
-1.0747 -1.0952 0.4064
-1.0747 -1.0952 0.4064
-1.0747 -1.0952 0.4064
-1.0747 -1.0952 0.4064
-1.0747 -1.0952 0.4064
-1.0747 -1.0952 0.4064
-1.0747 -1.0952 0.4064
-1.0747 -1.0952 0.4064
-1.0747 -1.0952 0.4064
-1.0747 -1.0952 0.4064
-1.0747 -1.0952 0.4064
-1.0747 -1.0952 0.4064
-1.0747 -1.0952 0.4064
-1.0747 -1.0952 0.4064
-1.0747 -1.0952 0.4064
-1.0747 -1.0952 0.4064
-1.0747 -1.0952 0.4064
-1.0747 -1.0952 0.4064
-1.0747 -1.0952 0.4064
-1.0747 -1.0952 0.4064
-1.0747 -1.0952 0.4064
-1.0747 -1.0952 0.4064
-1.0747 -1.0952 0.4064
-1.0747 -1.0952 0.4064
-1.0747 -1.0952 0.4064
-1.0747 -1.0952 0.4064
-1.0747 -1.0952 0.4064
-1.0747 -1.0952 0.4064
-1.0747 -1.0952 0.4064
-1.0747 -1.0952 0.4064
-1.0747 -1.0952 0.4064
-1.0747 -1.0952 0.4064
-1.0747 -1.0952 0.4064
-1.0747 -1.0952 0.4064
-1.0747 -1.0952 0.4064
-1.0747 -1.0952 0.4064
-1.0747 -1.0952 0.4064
-1.0747 -1.0952 0.4064
-1.0747 -1.0952 0.4064
-1.0747 -1.0952 0.4064
-1.0747 -1.0952 0.4064
-1.0747 -1.0952 0.4064
-1.0747 -1.0952 0.4064
-1.0747 -1.0952 0.4064
-1.0747 -1.0952 0.4064
-1.0747 -1.0952 0.4064
-1.0747 -1.0952 0.4064
-1.0747 -1.0952 0.4064
-1.0747 -1.0952 0.4064
-1.0747 -1.0952 0.4064
-1.0747 -1.0952 0.4064
-1.0747 -1.0952 0.4064
-1.0747 -1.0952 0.4064
-1.0747 -1.0952 0.4064
-1.0747 -1.0952 0.4064
-1.0747 -1.0952 0.4064
-1.0747 -1.0952 0.4064
-1.0747 -1.0952 0.4064
-1.0747 -1.0952 0.4064
-1.0747 -1.0952 0.4064
-1.0747 -1.0952 0.4064
-1.0747 -1.0952 0.4064
-1.0747 -1.0952 0.4064
-1.0569 -1.0794 0.37989
-1.0344 -1.0596 0.34639
-1.0104 -1.0384 0.31071
-0.98556 -1.0164 0.27362
-0.96068 -0.9944 0.23654
-0.9358 -0.9724 0.19946
-0.91092 -0.95041 0.16238
-0.88604 -0.92841 0.12529
-0.86131 -0.90641 0.08821
-0.83857 -0.88441 0.051127
-0.81583 -0.86241 0.014044
-0.79856 -0.84041 -0.023038
-0.78197 -0.81841 -0.060121
-0.76539 -0.79642 -0.097204
-0.7488 -0.77442 -0.13429
-0.73221 -0.75242 -0.17137
-0.71562 -0.73042 -0.20845
-0.69904 -0.70842 -0.24553
-0.68245 -0.68642 -0.28262
-0.66671 -0.66442 -0.32349
-0.65521 -0.64243 -0.3833
-0.6437 -0.62043 -0.44311
-0.63537 -0.59843 -0.51708
-0.62707 -0.57643 -0.59124
-0.61878 -0.55443 -0.66541
-0.61048 -0.53243 -0.73957
-0.60219 -0.51043 -0.81374
-0.5939 -0.48844 -0.8879
-0.5856 -0.46644 -0.96207
-0.57731 -0.44444 -1.0362
-0.5669 -0.4112 -1.1009
-0.55058 -0.34663 -1.1392
-0.53424 -0.28193 -1.1774
-0.51765 -0.21594 -1.2145
-0.50106 -0.14994 -1.2516
-0.48448 -0.083947 -1.2886
-0.46789 -0.017951 -1.3257
-0.4513 0.048045 -1.3628
-0.43472 0.11404 -1.3999
-0.41523 0.18004 -1.4434
-0.39329 0.24603 -1.4925
-0.3673 0.31203 -1.5506
-0.33412 0.37802 -1.6248
-0.30095 0.44402 -1.6989
-0.26778 0.51001 -1.7731
-0.2346 0.57601 -1.8473
-0.20143 0.64201 -1.9214
-0.16825 0.708 -1.9956
-0.13508 0.774 -2.0698
-0.10191 0.83999 -2.1439
-0.068733 0.88695 -2.186
-0.035559 0.92314 -2.2099
-0.0023851 0.95282 -2.2229
0.030789 0.97482 -2.2229
0.063963 0.99682 -2.2229
0.097137 1.0188 -2.2229
0.13031 1.0408 -2.2229
0.16348 1.0628 -2.2229
0.19666 1.0848 -2.2229
0.23032 1.1075 -2.2229
0.26403 1.1302 -2.2229
0.30956 1.1686 -2.2229
0.35932 1.2125 -2.2229
0.40908 1.2565 -2.2229
0.45884 1.3005 -2.2229
0.5086 1.3445 -2.2229
0.55836 1.3885 -2.2229
0.60812 1.4325 -2.2229
0.65788 1.4765 -2.2229
0.70764 1.5203 -2.2225
0.75741 1.5473 -2.1938
0.80717 1.5742 -2.1651
0.85693 1.5787 -2.0985
0.90669 1.5787 -2.0243
0.95645 1.5787 -1.9501
1.0062 1.5787 -1.876
1.056 1.5787 -1.8018
1.1057 1.5787 -1.7276
1.1555 1.5787 -1.6535
1.2053 1.5787 -1.5793
1.2516 1.5787 -1.5021
1.2706 1.5787 -1.4004
1.2896 1.5787 -1.2987
1.2986 1.5787 -1.1882
1.3069 1.5787 -1.0769
1.3152 1.5787 -0.96566
1.3235 1.5787 -0.85441
1.3318 1.5787 -0.74316
1.3401 1.5787 -0.63191
1.3478 1.5771 -0.52206
1.3544 1.5728 -0.4144
1.358 1.5603 -0.31372
1.3497 1.5163 -0.23955
1.3414 1.4723 -0.16539
1.3331 1.4283 -0.091222
1.3248 1.3843 -0.017057
1.3165 1.3403 0.057108
1.3083 1.2963 0.13127
1.3 1.2523 0.20544
1.2917 1.2083 0.2796
1.2816 1.174 0.34563
1.2695 1.1498 0.40305
1.2561 1.1331 0.45425
1.2395 1.1331 0.49133
1.2229 1.1331 0.52842
1.2063 1.1331 0.5655
1.1897 1.1331 0.60258
1.1731 1.1331 0.63966
1.1566 1.1331 0.67675
1.14 1.1331 0.71383
1.1234 1.1331 0.75091
1.1107 1.1227 0.788
1.1008 1.105 0.82508
1.0916 1.0855 0.86216
1.0833 1.0635 0.89924
1.075 1.0415 0.93633
1.0667 1.0195 0.97341
1.0584 0.99753 1.0105
1.0501 0.97553 1.0476
1.0418 0.95353 1.0847
1.0335 0.93154 1.1217
1.0252 0.90954 1.1588
1.0169 0.88754 1.1959
1.0086 0.86554 1.233
1.0003 0.84354 1.2701
0.99203 0.82154 1.3072
0.98374 0.79954 1.3442
0.97544 0.77755 1.3813
0.96715 0.75555 1.4184
0.95886 0.73355 1.4555
0.95056 0.71155 1.4926
0.95047 0.71131 1.5113
0.95074 0.71202 1.5293
0.95725 0.72929 1.5332
0.96555 0.75129 1.5332
0.97384 0.77329 1.5332
0.98213 0.79529 1.5332
0.99043 0.81728 1.5332
0.99872 0.83928 1.5332
1.007 0.86128 1.5332
1.0153 0.88328 1.5332
1.0236 0.90421 1.5314
1.0319 0.90705 1.4991
1.0402 0.90989 1.4668
1.0485 0.91025 1.4304
1.0568 0.91025 1.3933
1.0651 0.91025 1.3562
1.0734 0.91025 1.3191
1.0817 0.91025 1.282
1.0899 0.91025 1.245
1.097 0.90859 1.2079
1.1015 0.90362 1.1708
1.1041 0.89605 1.1337
1.0958 0.87406 1.0966
1.0875 0.85206 1.0595
1.0792 0.83006 1.0225
1.071 0.80806 0.98537
1.0627 0.78606 0.94829
1.0544 0.76406 0.91121
1.0461 0.74206 0.87412
1.0378 0.72006 0.83704
1.0316 0.69807 0.79996
1.0281 0.67607 0.76288
1.0255 0.65407 0.72579
1.0255 0.63207 0.68871
1.0255 0.61007 0.65163
1.0255 0.58807 0.61454
1.0255 0.56608 0.57746
1.0255 0.54408 0.54038
1.0255 0.52208 0.5033
1.0255 0.50008 0.46621
1.0255 0.47808 0.42913
1.0255 0.45608 0.37374
1.0255 0.43408 0.30197
1.0255 0.41209 0.22936
1.0255 0.39009 0.1552
1.0255 0.36809 0.081033
1.0255 0.34609 0.0068673
1.0255 0.32409 -0.067298
1.0255 0.30209 -0.14146
1.0255 0.28009 -0.21563
1.0255 0.26324 -0.27245
1.0255 0.24763 -0.32508
1.0255 0.24177 -0.34482
1.0255 0.24177 -0.34482
1.0255 0.24177 -0.34482
1.0255 0.24177 -0.34482
1.0255 0.24177 -0.34482
1.0255 0.24177 -0.34482
1.0255 0.24177 -0.34482
1.0255 0.24177 -0.34482
1.0255 0.24177 -0.34482
1.0351 0.25459 -0.36642
1.0458 0.26878 -0.39034
1.0608 0.28861 -0.42377
1.0774 0.31061 -0.46085
1.094 0.33261 -0.49794
1.1105 0.35461 -0.53502
1.1271 0.3766 -0.5721
1.1437 0.3986 -0.60918
1.1603 0.4206 -0.64627
1.1769 0.4426 -0.68335
1.1935 0.4646 -0.72043
