-1.0756 -1.1638 0.62918
-1.0756 -1.1638 0.62918
-1.0756 -1.1638 0.62918
-1.0756 -1.1638 0.62918
-1.0756 -1.1638 0.62918
-1.0756 -1.1638 0.62918
-1.0756 -1.1638 0.62918
-1.0756 -1.1638 0.62918
-1.0756 -1.1638 0.62918
-1.0756 -1.1638 0.62918
-1.0756 -1.1638 0.62918
-1.0756 -1.1638 0.62918
-1.0756 -1.1638 0.62918
-1.0756 -1.1638 0.62918
-1.0756 -1.1638 0.62918
-1.0756 -1.1638 0.62918
-1.0756 -1.1638 0.62918
-1.0756 -1.1638 0.62918
-1.0756 -1.1638 0.62918
-1.0756 -1.1638 0.62918
-1.0756 -1.1638 0.62918
-1.0756 -1.1638 0.62918
-1.0756 -1.1638 0.62918
-1.0756 -1.1638 0.62918
-1.0756 -1.1638 0.62918
-1.0756 -1.1638 0.62918
-1.0756 -1.1638 0.62918
-1.0756 -1.1638 0.62918
-1.0756 -1.1638 0.62918
-1.0756 -1.1638 0.62918
-1.0756 -1.1638 0.62918
-1.0756 -1.1638 0.62918
-1.0756 -1.1638 0.62918
-1.0756 -1.1638 0.62918
-1.0756 -1.1638 0.62918
-1.0756 -1.1638 0.62918
-1.0756 -1.1638 0.62918
-1.0756 -1.1638 0.62918
-1.0756 -1.1638 0.62918
-1.0756 -1.1638 0.62918
-1.0756 -1.1638 0.62918
-1.0756 -1.1638 0.62918
-1.0756 -1.1638 0.62918
-1.0756 -1.1638 0.62918
-1.0756 -1.1638 0.62918
-1.0756 -1.1638 0.62918
-1.0756 -1.1638 0.62918
-1.0756 -1.1638 0.62918
-1.0756 -1.1638 0.62918
-1.0756 -1.1638 0.62918
-1.0756 -1.1638 0.62918
-1.0756 -1.1638 0.62918
-1.0756 -1.1638 0.62918
-1.0756 -1.1638 0.62918
-1.0756 -1.1638 0.62918
-1.0756 -1.1638 0.62918
-1.0756 -1.1638 0.62918
-1.0756 -1.1638 0.62918
-1.0756 -1.1638 0.62918
-1.0756 -1.1638 0.62918
-1.0756 -1.1638 0.62918
-1.0756 -1.1638 0.62918
-1.0756 -1.1638 0.62918
-1.0756 -1.1638 0.62918
-1.0756 -1.1638 0.62918
-1.0756 -1.1638 0.62918
-1.0756 -1.1638 0.62918
-1.0756 -1.1638 0.62918
-1.0756 -1.1638 0.62918
-1.0756 -1.1638 0.62918
-1.0756 -1.1638 0.62918
-1.0756 -1.1638 0.62918
-1.0756 -1.1638 0.62918
-1.0756 -1.1638 0.62918
-1.0756 -1.1638 0.62918
-1.0756 -1.1638 0.62918
-1.0756 -1.1638 0.62918
-1.0756 -1.1638 0.62918
-1.0756 -1.1638 0.62918
-1.0756 -1.1638 0.62918
-1.0756 -1.1638 0.62918
-1.0756 -1.1638 0.62918
-1.0756 -1.1638 0.62918
-1.0756 -1.1638 0.62918
-1.0756 -1.1638 0.62918
-1.0756 -1.1638 0.62918
-1.0756 -1.1638 0.62918
-1.0756 -1.1638 0.62918
-1.0756 -1.1638 0.62918
-1.0756 -1.1638 0.62918
-1.0756 -1.1638 0.62918
-1.0756 -1.1638 0.62918
-1.0756 -1.1638 0.62918
-1.0756 -1.1638 0.62918
-1.0756 -1.1638 0.62918
-1.0756 -1.1638 0.62918
-1.0756 -1.1638 0.62918
-1.0756 -1.1638 0.62918
-1.0756 -1.1638 0.62918
-1.0756 -1.1638 0.62918
-1.0756 -1.1638 0.62918
-1.0756 -1.1638 0.62918
-1.0756 -1.1638 0.62918
-1.0756 -1.1638 0.62918
-1.0756 -1.1638 0.62918
-1.0756 -1.1638 0.62918
-1.0756 -1.1638 0.62918
-1.0756 -1.1638 0.62918
-1.0756 -1.1638 0.62918
-1.0756 -1.1638 0.62918
-1.0756 -1.1638 0.62918
-1.0756 -1.1638 0.62918
-1.0634 -1.1001 0.63682
-1.048 -1.0196 0.64647
-1.0316 -0.93384 0.65675
-1.0145 -0.84472 0.66744
-0.99747 -0.75559 0.67812
-0.98042 -0.66646 0.6888
-0.96336 -0.57734 0.69948
-0.9463 -0.48821 0.71017
-0.92913 -0.39967 0.72123
-0.91031 -0.31891 0.73743
-0.89149 -0.23814 0.75363
-0.86818 -0.17876 0.78391
-0.8443 -0.12204 0.81596
-0.82042 -0.065322 0.84801
-0.79654 -0.008606 0.88006
-0.77266 0.04811 0.91211
-0.74878 0.10483 0.94416
-0.7249 0.16154 0.97621
-0.70102 0.21826 1.0083
-0.67749 0.27498 1.0327
-0.65571 0.33169 1.0189
-0.63392 0.38841 1.0051
-0.61343 0.44513 0.96277
-0.59297 0.50184 0.92003
-0.5725 0.55856 0.8773
-0.55203 0.61528 0.83457
-0.53156 0.67199 0.79184
-0.5111 0.72871 0.74911
-0.49063 0.78542 0.70638
-0.47016 0.84214 0.66365
-0.44708 0.89058 0.60727
-0.41671 0.91593 0.51285
-0.38631 0.9412 0.41828
-0.35561 0.96551 0.32214
-0.32491 0.98981 0.22599
-0.29421 1.0141 0.12984
-0.26351 1.0384 0.033698
-0.2328 1.0627 -0.062448
-0.2021 1.087 -0.15859
-0.17259 1.1057 -0.24727
-0.14409 1.1195 -0.32964
-0.11726 1.1255 -0.40154
-0.093384 1.1174 -0.45496
-0.069505 1.1093 -0.50837
-0.045627 1.1012 -0.56179
-0.021748 1.0931 -0.6152
0.0021308 1.0849 -0.66862
0.026009 1.0768 -0.72203
0.049888 1.0687 -0.77545
0.073767 1.0606 -0.82886
0.099122 1.0631 -0.8684
0.12531 1.0714 -0.90011
0.15201 1.0834 -0.92707
0.1793 1.0996 -0.94844
0.20659 1.1158 -0.96981
0.23388 1.132 -0.99117
0.26116 1.1482 -1.0125
0.28845 1.1644 -1.0339
0.31574 1.1806 -1.0553
0.34374 1.1971 -1.0773
0.3718 1.2135 -1.0993
0.41687 1.2358 -1.1366
0.46804 1.2601 -1.1793
0.51921 1.2844 -1.2221
0.57038 1.3087 -1.2648
0.62155 1.333 -1.3075
0.67271 1.3573 -1.3503
0.72388 1.3816 -1.393
0.77505 1.4059 -1.4357
0.82628 1.4301 -1.4787
0.88141 1.4482 -1.5421
0.93654 1.4662 -1.6056
0.99689 1.476 -1.6962
1.0583 1.4841 -1.7924
1.1197 1.4922 -1.8885
1.1811 1.5003 -1.9847
1.2425 1.5084 -2.0808
1.3039 1.5165 -2.177
1.3653 1.5246 -2.2731
1.4267 1.5327 -2.3693
1.485 1.5388 -2.4584
1.5186 1.5288 -2.4911
1.5521 1.5189 -2.5238
1.5767 1.5031 -2.5361
1.6006 1.4869 -2.5467
1.6245 1.4707 -2.5574
1.6483 1.4545 -2.5681
1.6722 1.4383 -2.5788
1.6961 1.4221 -2.5895
1.7183 1.4056 -2.5973
1.7379 1.3886 -2.6008
1.7491 1.3701 -2.5902
1.7287 1.3458 -2.5261
1.7082 1.3215 -2.462
1.6877 1.2972 -2.3979
1.6673 1.2729 -2.3338
1.6468 1.2486 -2.2697
1.6263 1.2243 -2.2056
1.6059 1.2 -2.1415
1.5854 1.1756 -2.0774
1.5627 1.1531 -2.0086
1.5376 1.1325 -1.9348
1.5108 1.1132 -1.8575
1.4801 1.097 -1.7721
1.4494 1.0808 -1.6866
1.4187 1.0646 -1.6011
1.388 1.0484 -1.5157
1.3573 1.0322 -1.4302
1.3266 1.0159 -1.3447
1.2959 0.99974 -1.2593
1.2652 0.98354 -1.1738
1.2409 0.97115 -1.0833
1.2212 0.96148 -0.98925
1.2026 0.95244 -0.89434
1.1855 0.94433 -0.79819
1.1684 0.93623 -0.70204
1.1514 0.92813 -0.6059
1.1343 0.92003 -0.50975
1.1173 0.91193 -0.41361
1.1002 0.90382 -0.31746
1.0846 0.89572 -0.22131
1.0692 0.88762 -0.12517
1.0596 0.87952 -0.029021
1.0528 0.87141 0.067125
1.046 0.86331 0.16327
1.0391 0.85521 0.25942
1.0323 0.84711 0.35556
1.0255 0.839 0.45171
1.0187 0.8309 0.54786
1.0119 0.8228 0.644
1.005 0.8147 0.74015
0.99653 0.80259 0.79931
0.98794 0.7903 0.85686
0.97808 0.77497 0.88626
0.96784 0.75876 0.90763
0.95761 0.74256 0.92899
0.94737 0.72636 0.95036
0.93714 0.71015 0.97173
0.92691 0.69395 0.99309
0.91667 0.67774 1.0145
0.90644 0.66154 1.0358
0.89621 0.64533 1.0546
0.88597 0.62913 1.0294
0.87574 0.61292 1.0043
0.8655 0.59672 0.9731
0.85527 0.58051 0.94106
0.84504 0.56431 0.90901
0.8348 0.5481 0.87696
0.82457 0.5319 0.84491
0.81434 0.51569 0.81286
0.80462 0.49888 0.78081
0.79592 0.48085 0.74876
0.78804 0.46185 0.71672
0.78463 0.43755 0.68467
0.78121 0.41324 0.65262
0.7778 0.38893 0.62057
0.77439 0.36462 0.58852
0.77098 0.34032 0.55647
0.76757 0.31601 0.52442
0.76416 0.2917 0.49237
0.76075 0.2674 0.46033
0.75734 0.24309 0.42828
0.75392 0.21878 0.39623
0.75051 0.19448 0.36418
0.7471 0.17017 0.33213
0.74369 0.14586 0.30008
0.74028 0.12155 0.26803
0.73687 0.097247 0.23598
0.73346 0.07294 0.20394
0.73005 0.048633 0.17189
0.72663 0.024326 0.13984
0.72322 1.9014e-05 0.10779
0.72318 -0.016287 0.070466
0.72615 -0.025435 0.028424
0.72928 -0.03422 -0.013858
0.73269 -0.042322 -0.05659
0.7361 -0.050425 -0.099322
0.73951 -0.058527 -0.14205
0.74292 -0.066629 -0.18478
0.74633 -0.074732 -0.22752
0.74974 -0.082834 -0.27025
0.75236 -0.090936 -0.30049
0.75478 -0.099039 -0.32771
0.75568 -0.10714 -0.33124
0.75568 -0.11524 -0.32056
0.75568 -0.12335 -0.30988
0.75568 -0.13145 -0.2992
0.75568 -0.13955 -0.28851
0.75568 -0.14765 -0.27783
0.75568 -0.15576 -0.26715
0.75568 -0.16386 -0.25646
0.75568 -0.17196 -0.24578
0.75568 -0.18006 -0.2351
0.75568 -0.18816 -0.22441
0.75568 -0.19627 -0.21373
0.75568 -0.20437 -0.20305
0.75568 -0.21247 -0.19237
0.75568 -0.22057 -0.18168
0.75568 -0.22868 -0.171
0.75568 -0.23678 -0.16032
0.75568 -0.24488 -0.14963
0.75568 -0.25298 -0.13895
0.75568 -0.26109 -0.12827
