-0.89123 -1.2903 -0.72977
-0.89123 -1.2903 -0.72977
-0.89123 -1.2903 -0.72977
-0.89123 -1.2903 -0.72977
-0.89123 -1.2903 -0.72977
-0.89123 -1.2903 -0.72977
-0.89123 -1.2903 -0.72977
-0.89123 -1.2903 -0.72977
-0.89123 -1.2903 -0.72977
-0.89123 -1.2903 -0.72977
-0.89123 -1.2903 -0.72977
-0.89123 -1.2903 -0.72977
-0.89123 -1.2903 -0.72977
-0.89123 -1.2903 -0.72977
-0.89123 -1.2903 -0.72977
-0.89123 -1.2903 -0.72977
-0.89123 -1.2903 -0.72977
-0.89123 -1.2903 -0.72977
-0.89123 -1.2903 -0.72977
-0.89148 -1.2909 -0.73264
-0.90294 -1.32 -0.86336
-0.91525 -1.3511 -1.0038
-0.92958 -1.3874 -1.1672
-0.9439 -1.4237 -1.3306
-0.95823 -1.46 -1.494
-0.96043 -1.4656 -1.5191
-0.96043 -1.4656 -1.5191
-0.96043 -1.4656 -1.5191
-0.96043 -1.4656 -1.5191
-0.96043 -1.4656 -1.5191
-0.96043 -1.4656 -1.5191
-0.96043 -1.4656 -1.5191
-0.96043 -1.4656 -1.5191
-0.96043 -1.4656 -1.5191
-0.96043 -1.4656 -1.5191
-0.96043 -1.4656 -1.5191
-0.96043 -1.4656 -1.5191
-0.96043 -1.4656 -1.5191
-0.96043 -1.4656 -1.5191
-0.96043 -1.4656 -1.5191
-0.96043 -1.4656 -1.5191
-0.96043 -1.4656 -1.5191
-0.96043 -1.4656 -1.5191
-0.96043 -1.4656 -1.5191
-0.96043 -1.4656 -1.5191
-0.96043 -1.4656 -1.5191
-0.96043 -1.4656 -1.5191
-0.96043 -1.4656 -1.5191
-0.96043 -1.4656 -1.5191
-0.96043 -1.4656 -1.5191
-0.96043 -1.4656 -1.5191
-0.96043 -1.4656 -1.5191
-0.96043 -1.4656 -1.5191
-0.96043 -1.4656 -1.5191
-0.96043 -1.4656 -1.5191
-0.96043 -1.4656 -1.5191
-0.96043 -1.4656 -1.5191
-0.96157 -1.4665 -1.5191
-0.97876 -1.481 -1.5191
-1.0047 -1.503 -1.5191
-1.0477 -1.5392 -1.5191
-1.0907 -1.5755 -1.5191
-1.1337 -1.6118 -1.5191
-1.1767 -1.6481 -1.5191
-1.2196 -1.6844 -1.5191
-1.2626 -1.7206 -1.5191
-1.3056 -1.7569 -1.5191
-1.3486 -1.7932 -1.5191
-1.3752 -1.8088 -1.5191
-1.3952 -1.816 -1.5191
-1.4096 -1.8161 -1.5191
-1.424 -1.8161 -1.5191
-1.4383 -1.8161 -1.5191
-1.4372 -1.7966 -1.5191
-1.4229 -1.7603 -1.5191
-1.4085 -1.724 -1.5191
-1.394 -1.6864 -1.5177
-1.3768 -1.6356 -1.5013
-1.3554 -1.5638 -1.4613
-1.3268 -1.455 -1.3796
-1.2981 -1.3461 -1.2979
-1.2695 -1.2373 -1.2162
-1.246 -1.1284 -1.1345
-1.2247 -1.0196 -1.0528
-1.2104 -0.91073 -0.9711
-1.1961 -0.80189 -0.8894
-1.1817 -0.69304 -0.8077
-1.1674 -0.61625 -0.68991
-1.1531 -0.55127 -0.55883
-1.1387 -0.51499 -0.39543
-1.1244 -0.4787 -0.23203
-1.1101 -0.44242 -0.068636
-1.0958 -0.40614 0.058132
-1.0814 -0.36986 0.15617
-1.0671 -0.33358 0.24056
-1.0528 -0.2973 0.32226
-1.0385 -0.26101 0.40396
-1.0296 -0.22473 0.48566
-1.0296 -0.18845 0.56736
-1.0296 -0.15217 0.64906
-1.0296 -0.11589 0.73076
-1.0296 -0.086384 0.79719
-1.0296 -0.063419 0.84891
-1.0296 -0.063419 0.84891
-1.0296 -0.063419 0.84891
-1.0296 -0.063419 0.84891
-1.0296 -0.063419 0.84891
-1.0296 -0.063419 0.84891
-1.0296 -0.063419 0.84891
-1.0296 -0.063419 0.84891
-1.0296 -0.063419 0.84891
-1.0246 -0.05074 0.84891
-1.016 -0.028971 0.84891
-1.0025 0.0052369 0.84891
-0.98821 0.041518 0.84891
-0.97388 0.0778 0.84891
-0.95955 0.11408 0.84891
-0.94523 0.15036 0.84891
-0.9309 0.18664 0.84891
-0.91657 0.22293 0.84891
-0.90225 0.25921 0.84891
-0.88792 0.29549 0.86776
-0.87359 0.33177 0.94946
-0.85927 0.36805 1.0312
-0.84494 0.40433 1.1129
-0.82838 0.44062 1.1818
-0.81055 0.4769 1.2436
-0.7819 0.51318 1.2436
-0.75325 0.54946 1.2436
-0.72459 0.58574 1.2436
-0.69594 0.61325 1.2436
-0.66729 0.63502 1.2436
-0.63863 0.63765 1.2436
-0.60998 0.63765 1.2436
-0.58133 0.63765 1.2436
-0.55267 0.64698 1.2436
-0.52402 0.66875 1.2436
-0.49537 0.70073 1.2436
-0.46671 0.73701 1.2436
-0.43806 0.77329 1.2436
-0.4123 0.80224 1.2436
-0.39511 0.80949 1.2436
-0.37943 0.81292 1.2436
-0.3651 0.81292 1.2436
-0.35078 0.81292 1.2436
-0.33755 0.81013 1.2436
-0.33755 0.77385 1.2436
-0.33755 0.73757 1.2436
-0.33755 0.70128 1.2436
-0.33396 0.67409 1.2436
-0.32823 0.65232 1.2436
-0.30185 0.68286 1.2436
-0.27319 0.71915 1.2436
-0.24454 0.75543 1.2436
-0.21589 0.78517 1.2436
-0.18723 0.80694 1.2436
-0.15858 0.81292 1.2436
-0.12993 0.81292 1.2436
-0.10127 0.81292 1.2436
-0.070257 0.82488 1.2301
-0.033007 0.86842 1.1811
0.0073907 0.92791 1.1141
0.050371 1.0005 1.0324
0.093351 1.073 0.95072
0.1352 1.1427 0.87548
0.16672 1.1863 0.85914
0.19716 1.2271 0.84891
0.22582 1.2634 0.84891
0.25447 1.2997 0.84891
0.28313 1.3359 0.84891
0.29855 1.3387 0.92432
0.31288 1.3387 1.006
0.32721 1.3387 1.0877
0.34018 1.3387 1.1617
0.35164 1.3387 1.2271
0.35454 1.3387 1.2436
0.35454 1.3387 1.2436
0.35454 1.3387 1.2436
0.35454 1.3344 1.2533
0.35454 1.3199 1.286
0.35454 1.293 1.3466
0.35454 1.2567 1.4283
0.35454 1.2204 1.51
0.35454 1.1867 1.574
0.35454 1.1722 1.5086
0.35454 1.1635 1.4045
0.35454 1.1635 1.2411
0.35454 1.1635 1.0777
0.35454 1.1635 0.91427
0.36537 1.1635 0.8744
0.37746 1.1635 0.84891
0.39179 1.1635 0.84891
0.40611 1.1635 0.84891
0.42044 1.1635 0.84891
0.42375 1.1355 0.84891
0.42375 1.0993 0.84891
0.42375 1.063 0.84891
0.42375 1.0267 0.84891
0.42375 0.99042 0.84891
0.42375 0.95414 0.84891
0.42375 0.91786 0.84891
0.42375 0.88158 0.84891
0.42457 0.84944 0.84891
0.4303 0.84219 0.84891
0.43962 0.85311 0.84891
0.45394 0.88939 0.84891
0.46827 0.92567 0.84891
0.4826 0.96195 0.84891
0.50524 0.99824 0.84891
0.52954 1.0345 0.84891
0.5582 1.0708 0.84891
0.58685 1.1071 0.84891
0.61551 1.1434 0.84891
0.64416 1.1567 0.84891
0.67281 1.1635 0.84891
0.70147 1.1635 0.84891
0.73012 1.1635 0.84891
0.75877 1.1635 0.84891
0.78743 1.1635 0.84891
0.81608 1.1635 0.84891
0.84473 1.1635 0.84891
0.87291 1.1623 0.84352
0.8987 1.155 0.81084
0.91945 1.135 0.7207
0.93378 1.0987 0.5573
0.94811 1.0624 0.39391
0.96243 1.0261 0.23051
0.97109 0.98986 0.13175
0.97742 0.95358 0.059568
0.97742 0.9173 0.059568
0.97742 0.88102 0.059568
0.97742 0.84474 0.059568
0.98441 0.82616 0.059568
0.99351 0.81292 0.059568
1.0078 0.81292 0.059568
1.0222 0.81292 0.059568
1.0365 0.81292 0.059568
1.0508 0.79442 0.059568
1.0651 0.7654 0.059568
1.0795 0.72975 0.059568
1.0938 0.69347 0.059568
1.1081 0.65719 0.059568
1.1225 0.63765 0.021861
1.1368 0.63765 -0.059838
1.1511 0.63765 -0.14154
1.1654 0.63757 -0.22324
1.1798 0.63032 -0.30493
1.1941 0.61477 -0.38663
1.2084 0.57849 -0.46833
1.2227 0.5422 -0.55003
1.2371 0.50592 -0.63173
1.2562 0.48176 -0.71343
1.2772 0.46238 -0.79513
1.3058 0.46238 -0.87683
1.3345 0.46238 -0.95853
1.3631 0.46238 -1.0402
1.3805 0.46238 -1.0896
1.3919 0.46238 -1.1223
1.3927 0.46238 -1.1244
1.3927 0.46238 -1.1244
1.3927 0.46238 -1.1244
1.3927 0.46238 -1.0928
1.3927 0.46238 -1.0275
1.3927 0.46238 -0.94973
1.3927 0.46238 -0.86803
1.3927 0.46238 -0.78633
1.3971 0.46238 -0.72977
1.4114 0.46238 -0.72977
1.4257 0.46238 -0.72977
1.4401 0.46238 -0.72977
1.4519 0.46238 -0.71576
1.4619 0.46238 -0.69081
1.4619 0.46238 -0.60911
1.4619 0.46238 -0.52741
1.4619 0.46238 -0.44571
1.4619 0.4525 -0.36401
1.4619 0.43798 -0.28231
1.4619 0.40266 -0.20061
1.4619 0.36638 -0.11891
1.4619 0.3301 -0.037214
1.4575 0.30482 0.044485
1.4489 0.29031 0.12618
1.4359 0.28712 0.20788
1.4215 0.28712 0.28958
1.4072 0.28712 0.37128
1.3967 0.27755 0.43143
1.3938 0.24852 0.44777
1.3927 0.21511 0.45424
1.3927 0.17883 0.45424
1.3927 0.14255 0.45424
1.3927 0.10627 0.44167
1.3927 0.069985 0.35997
1.3927 0.033704 0.27827
1.3927 -0.0025776 0.19657
1.3927 -0.038859 0.12636
1.3927 -0.075141 0.061005
1.3927 -0.11142 0.059568
1.3927 -0.1477 0.059568
1.3927 -0.18399 0.059568
1.3897 -0.21261 0.059568
1.3839 -0.23438 0.059568
1.3713 -0.23869 0.059568
1.357 -0.23869 0.059568
1.3426 -0.23869 0.059568
1.3313 -0.24634 0.059568
1.3256 -0.26811 0.059568
1.3235 -0.29897 0.059568
1.3235 -0.33525 0.059568
1.3235 -0.37153 0.059568
1.3215 -0.40271 0.048077
1.31 -0.40997 -0.017283
1.2972 -0.41395 -0.090004
1.2829 -0.41395 -0.1717
1.2686 -0.41395 -0.2534
1.2543 -0.41395 -0.3351
