-0.23709 -0.56881 0.065016
-0.23709 -0.56881 0.065016
-0.23709 -0.56881 0.065016
-0.23709 -0.56881 0.065016
-0.23709 -0.56881 0.065016
-0.23709 -0.56881 0.065016
-0.24371 -0.57693 0.070478
-0.27145 -0.61102 0.09338
-0.30947 -0.65771 0.12476
-0.34245 -0.69824 0.15199
-0.36175 -0.72194 0.16792
-0.36335 -0.7239 0.16924
-0.36335 -0.7239 0.16924
-0.36335 -0.7239 0.16924
-0.36335 -0.7239 0.16924
-0.36335 -0.7239 0.16924
-0.36335 -0.7239 0.16924
-0.36335 -0.7239 0.16924
-0.36335 -0.7239 0.16924
-0.36335 -0.7239 0.16924
-0.36335 -0.7239 0.16924
-0.36335 -0.7239 0.16924
-0.36335 -0.7239 0.16924
-0.36335 -0.7239 0.16924
-0.36335 -0.7239 0.16924
-0.37863 -0.74268 0.17554
-0.40919 -0.78021 0.18815
-0.4498 -0.8301 0.20492
-0.47565 -0.86185 0.21558
-0.4896 -0.879 0.22135
-0.4896 -0.879 0.22135
-0.4896 -0.879 0.22135
-0.4896 -0.879 0.22135
-0.4896 -0.879 0.22135
-0.49416 -0.89019 0.22887
-0.50589 -0.91901 0.24823
-0.52619 -0.9689 0.28175
-0.5465 -1.0139 0.31528
-0.56681 -1.0341 0.3488
-0.58711 -1.0341 0.38232
-0.60742 -1.0341 0.41585
-0.64051 -1.0341 0.45993
-0.6802 -1.0341 0.50944
-0.72081 -1.0341 0.55973
-0.73636 -1.0649 0.59967
-0.74212 -1.1077 0.63557
-0.74212 -1.1576 0.66909
-0.74212 -1.1792 0.71211
-0.74212 -1.1892 0.75904
-0.74186 -1.1886 0.8089
-0.73241 -1.1653 0.84358
-0.71659 -1.1265 0.86774
-0.69628 -1.0766 0.88601
-0.67597 -1.0267 0.91306
-0.65567 -0.9768 0.95653
-0.63456 -0.92691 1.0061
-0.61124 -0.87702 1.0539
-0.57364 -0.82714 1.09
-0.53303 -0.77725 1.1235
-0.49242 -0.72736 1.157
-0.47081 -0.6308 1.1905
-0.4504 -0.53127 1.224
-0.42793 -0.43415 1.2567
-0.37384 -0.37587 1.2763
-0.3155 -0.32282 1.2941
-0.25709 -0.26677 1.3108
-0.20984 -0.1833 1.3276
-0.16753 -0.087707 1.3444
-0.12692 0.0042927 1.3611
-0.086304 0.078384 1.3779
-0.045692 0.1316 1.3946
-0.0020266 0.17399 1.4114
0.045823 0.20609 1.4282
0.1065 0.20668 1.4449
0.16306 0.21203 1.4617
0.21265 0.22594 1.4785
0.23296 0.27583 1.4952
0.2538 0.32572 1.512
0.2792 0.37561 1.5287
0.31981 0.4255 1.5455
0.36042 0.47538 1.5623
0.38889 0.49543 1.574
0.39371 0.45739 1.576
0.3942 0.4087 1.5762
0.40093 0.3919 1.5762
0.41571 0.41463 1.5762
0.43602 0.46452 1.5762
0.45632 0.49813 1.5707
0.47663 0.51688 1.5603
0.49693 0.51688 1.5435
0.52299 0.531 1.522
0.55463 0.55886 1.4959
0.59525 0.60875 1.4624
0.63996 0.65864 1.4322
0.69135 0.70852 1.4076
0.75226 0.75841 1.3908
0.81149 0.8083 1.3741
0.86143 0.85819 1.3573
0.90204 0.90808 1.3405
0.94265 0.95796 1.3238
0.98327 1.0079 1.3166
1.0239 1.0577 1.3157
1.0645 1.1076 1.3157
1.0936 1.1292 1.3157
1.1172 1.1373 1.3157
1.1375 1.1373 1.3157
1.1471 1.1634 1.3069
1.1517 1.202 1.2939
1.1517 1.2519 1.2772
1.1517 1.2797 1.253
1.1517 1.2924 1.2237
1.1517 1.2924 1.1902
1.1517 1.2924 1.1567
1.1517 1.2924 1.1231
1.1523 1.2924 1.0896
1.1552 1.2924 1.0561
1.1714 1.2924 1.0226
1.1918 1.2924 0.98905
1.2121 1.2924 0.95553
1.2147 1.3359 0.92201
1.2149 1.3852 0.88849
1.215 1.4347 0.85484
1.2317 1.4436 0.80754
1.2505 1.4475 0.75854
1.2725 1.4475 0.70969
1.3063 1.4475 0.67052
1.3447 1.4475 0.63524
1.3828 1.4475 0.60171
1.4132 1.4475 0.56819
1.4354 1.4475 0.53467
1.4531 1.4475 0.50115
1.4664 1.4475 0.46762
1.4674 1.4475 0.4341
1.4674 1.4475 0.40058
1.4674 1.4475 0.36705
1.4674 1.4475 0.33353
1.467 1.4475 0.30031
1.4632 1.4475 0.26997
1.4429 1.4475 0.25321
1.4226 1.4475 0.23645
1.4073 1.4475 0.21969
1.4047 1.4475 0.20292
1.4043 1.4475 0.18616
1.4043 1.4475 0.16458
1.4043 1.4475 0.13587
1.4043 1.4475 0.10252
1.4043 1.433 0.068999
1.4043 1.4035 0.035476
1.4043 1.3536 0.0019527
1.4043 1.3291 -0.03157
1.4043 1.3309 -0.065093
1.4043 1.3808 -0.098616
1.4043 1.4216 -0.12911
1.4043 1.4475 -0.15454
1.4043 1.4475 -0.1713
1.4043 1.4475 -0.18807
1.4043 1.4475 -0.20483
1.4043 1.4475 -0.22159
1.4043 1.4475 -0.23835
1.3938 1.4475 -0.26375
1.3749 1.4475 -0.2961
1.3546 1.4475 -0.32963
1.3343 1.4216 -0.35447
1.314 1.3808 -0.37427
1.2937 1.3309 -0.39103
1.2832 1.3051 -0.41587
1.278 1.2924 -0.44513
1.278 1.2924 -0.47865
1.2697 1.272 -0.50533
1.2553 1.2365 -0.52695
1.235 1.1867 -0.54388
1.2147 1.1368 -0.56546
1.1944 1.0869 -0.59416
1.1741 1.037 -0.62734
1.1538 0.98711 -0.65871
1.1334 0.93722 -0.67963
1.1131 0.88733 -0.69639
1.0928 0.83744 -0.71315
1.0725 0.82797 -0.74349
1.0522 0.82707 -0.77671
1.0319 0.82707 -0.81023
1.0116 0.82707 -0.83077
0.99131 0.82707 -0.84907
0.971 0.82468 -0.86583
0.9507 0.79208 -0.88259
0.93039 0.74853 -0.89935
0.91202 0.69865 -0.91611
0.90177 0.64876 -0.93287
0.89923 0.59887 -0.94963
0.89496 0.55422 -0.9664
0.88129 0.52113 -0.98316
0.84414 0.51688 -0.99992
0.80353 0.50921 -1.0167
0.76292 0.49143 -1.0334
0.72231 0.3924 -1.0502
0.68192 0.29317 -1.0668
0.6439 0.19977 -1.0814
0.62359 0.14988 -1.0814
0.60329 0.09999 -1.0814
0.57897 0.059958 -1.0847
0.54117 0.053043 -1.0992
0.50116 0.051584 -1.1154
0.46054 0.039358 -1.1281
0.41993 0.0042881 -1.1331
0.37932 -0.04424 -1.1335
0.33871 -0.094129 -1.1378
0.2981 -0.14402 -1.1471
0.25749 -0.1939 -1.1639
0.21687 -0.2551 -1.1806
0.17626 -0.32875 -1.1974
0.13565 -0.42853 -1.2142
0.09504 -0.52028 -1.2309
0.054429 -0.59844 -1.2477
0.013817 -0.64833 -1.2645
-0.026794 -0.70107 -1.2822
-0.067406 -0.77231 -1.3061
-0.10802 -0.87208 -1.3396
-0.14863 -0.97186 -1.3732
-0.17991 -1.0716 -1.4067
-0.20191 -1.1714 -1.4402
-0.22221 -1.2712 -1.4737
-0.24252 -1.3475 -1.4994
-0.26282 -1.4075 -1.5195
-0.28313 -1.4574 -1.5363
-0.29447 -1.4632 -1.553
-0.30022 -1.4416 -1.5698
-0.30022 -1.3917 -1.5866
-0.29259 -1.3418 -1.5907
-0.27891 -1.2919 -1.5849
-0.2586 -1.242 -1.5681
-0.24935 -1.2057 -1.5514
-0.25619 -1.1892 -1.5346
-0.27674 -1.1892 -1.5177
-0.29946 -1.1892 -1.4989
-0.33399 -1.1892 -1.4704
-0.37461 -1.1892 -1.4369
-0.41522 -1.1892 -1.4034
-0.45583 -1.1892 -1.3698
-0.49644 -1.1892 -1.3363
-0.53705 -1.1892 -1.3028
-0.57766 -1.1892 -1.2934
-0.61827 -1.1892 -1.2898
-0.65889 -1.1898 -1.2898
-0.6995 -1.2219 -1.2898
-0.74011 -1.2643 -1.2898
-0.77936 -1.3142 -1.2898
-0.81012 -1.364 -1.2898
-0.8336 -1.4139 -1.2898
-0.8522 -1.4596 -1.2912
-0.86587 -1.4932 -1.2967
-0.86838 -1.4994 -1.3114
-0.86709 -1.4962 -1.3271
-0.86367 -1.4878 -1.3411
-0.84445 -1.4406 -1.342
-0.82425 -1.3907 -1.3419
-0.80525 -1.3408 -1.3408
-0.80525 -1.2909 -1.324
-0.80525 -1.2411 -1.3073
-0.80826 -1.1912 -1.2905
-0.82555 -1.1413 -1.2737
-0.84506 -1.0914 -1.257
-0.87362 -1.0618 -1.2368
-0.92208 -1.0811 -1.2084
-0.98116 -1.1265 -1.1757
-1.0376 -1.1543 -1.1421
-1.0877 -1.1509 -1.1086
-1.1285 -1.1023 -1.0751
-1.1691 -1.0624 -1.0416
-1.2098 -1.0341 -1.0081
-1.2504 -1.0341 -0.97453
-1.2881 -1.0412 -0.941
-1.3209 -1.0603 -0.90748
-1.3412 -1.1102 -0.87396
-1.3615 -1.1555 -0.84044
-1.3819 -1.1684 -0.80691
-1.4022 -1.1186 -0.77339
-1.4225 -1.0687 -0.73987
-1.4428 -1.0188 -0.70634
-1.4631 -0.9689 -0.67282
-1.4834 -0.91901 -0.6393
-1.5037 -0.86912 -0.60578
-1.524 -0.81923 -0.57225
-1.5443 -0.76935 -0.53873
-1.5728 -0.71946 -0.49847
-1.607 -0.66957 -0.45343
-1.6476 -0.61968 -0.40314
-1.6813 -0.55265 -0.35286
-1.709 -0.47101 -0.30258
-1.7293 -0.37123 -0.25229
-1.7496 -0.28381 -0.19785
-1.7699 -0.21514 -0.13712
-1.7901 -0.16501 -0.070072
-1.8082 -0.10969 -0.003026
-1.8153 -0.027447 0.06402
-1.8153 0.072329 0.13107
-1.8153 0.17211 0.19811
-1.8013 0.20315 0.26516
-1.7817 0.20668 0.3322
-1.7614 0.20668 0.39925
-1.7411 0.27339 0.4775
-1.7208 0.36079 0.55923
-1.7005 0.46057 0.64304
-1.6678 0.52989 0.72685
-1.6307 0.5885 0.81065
-1.5909 0.63839 0.89578
-1.56 0.68827 0.99551
-1.5359 0.73816 1.1066
-1.5168 0.78805 1.2217
-1.503 0.83794 1.3284
-1.4997 0.88783 1.4177
-1.4986 0.93518 1.5015
-1.4954 0.97716 1.5853
-1.4771 0.98217 1.6691
-1.4568 0.98217 1.7529
-1.4365 0.98217 1.8368
