1.1263 0.87345 1.2535
1.1263 0.87345 1.2535
1.1263 0.87345 1.2535
1.1263 0.87345 1.2535
1.1263 0.87345 1.2535
1.1263 0.87345 1.2535
1.1263 0.87345 1.2535
1.1263 0.87345 1.2535
1.1263 0.87345 1.2535
1.1263 0.87345 1.2535
1.1263 0.87345 1.2535
1.1263 0.87345 1.2535
1.1263 0.87345 1.2535
1.1263 0.87345 1.2535
1.1263 0.87345 1.2535
1.1263 0.87345 1.2535
1.1263 0.87345 1.2535
1.1263 0.87345 1.2535
1.1263 0.87345 1.2535
1.1263 0.87345 1.2535
1.1263 0.87345 1.2535
1.1263 0.87345 1.2535
1.1263 0.87345 1.2535
1.1263 0.87345 1.2535
1.1263 0.87345 1.2535
1.1263 0.87345 1.2535
1.1263 0.87345 1.2535
1.1263 0.87345 1.2535
1.1263 0.87345 1.2535
1.1263 0.87345 1.2535
1.1263 0.87345 1.2535
1.1263 0.87345 1.2535
1.1263 0.87345 1.2535
1.1263 0.87345 1.2535
1.1263 0.87345 1.2535
1.1263 0.87345 1.2535
1.1263 0.87345 1.2535
1.1263 0.87345 1.2535
1.1263 0.87345 1.2535
1.1263 0.87345 1.2535
1.1263 0.87345 1.2535
1.1263 0.87345 1.2535
1.1263 0.87345 1.2535
1.1375 0.90921 1.2306
1.1487 0.94497 1.2077
1.1759 1.0317 1.1522
1.2031 1.1183 1.0967
1.2262 1.1953 1.0454
1.2494 1.2722 0.9941
1.2675 1.3372 0.94786
1.2856 1.4023 0.90163
1.3082 1.4461 0.84638
1.3308 1.49 0.79113
1.358 1.5117 0.7264
1.3852 1.5334 0.66167
1.3933 1.5437 0.60665
1.4015 1.554 0.55163
1.3924 1.554 0.5054
1.3834 1.554 0.45916
1.3692 1.5296 0.41293
1.355 1.5052 0.36669
1.3369 1.4619 0.32046
1.3187 1.4185 0.27422
1.2897 1.3882 0.22799
1.2607 1.3578 0.18175
1.2244 1.3362 0.13552
1.1882 1.3145 0.089281
1.1577 1.2928 0.048941
1.1272 1.2711 0.0086005
1.1 1.2495 -0.028388
1.0728 1.2278 -0.065376
1.0394 1.1915 -0.10236
1.0061 1.1552 -0.13935
0.96982 1.1118 -0.17634
0.93355 1.0685 -0.21333
0.89728 1.0252 -0.23714
0.861 0.98181 -0.26095
0.82473 0.93847 -0.27944
0.78845 0.89512 -0.29794
0.75898 0.85177 -0.32337
0.7295 0.80843 -0.3488
0.7023 0.76508 -0.37654
0.67509 0.72174 -0.40428
0.66217 0.69546 -0.43202
0.64925 0.66918 -0.45976
0.64018 0.64751 -0.4875
0.63111 0.62584 -0.51524
0.62204 0.60416 -0.53535
0.61297 0.58249 -0.55547
0.6039 0.56082 -0.57396
0.59484 0.53915 -0.59245
0.57794 0.49878 -0.61095
0.56105 0.45841 -0.62944
0.54292 0.41507 -0.64794
0.52478 0.37172 -0.66643
0.50664 0.34788 -0.69325
0.48851 0.32404 -0.72006
0.47037 0.30237 -0.7478
0.45223 0.2807 -0.77555
0.43409 0.25903 -0.79462
0.41596 0.23735 -0.81369
0.39782 0.21568 -0.83218
0.37968 0.19401 -0.85068
0.3527 0.17234 -0.87819
0.32572 0.15066 -0.9057
0.29863 0.12899 -0.93332
0.27154 0.10732 -0.96095
0.2534 0.085645 -0.97944
0.23526 0.063972 -0.99794
0.21713 0.041216 -1.0164
0.19899 0.018459 -1.0349
0.18085 -0.024886 -1.0534
0.16271 -0.068231 -1.0719
0.14537 -0.10778 -1.0904
0.12803 -0.14734 -1.1089
0.11896 -0.14734 -1.1274
0.10989 -0.14734 -1.1459
0.099687 -0.15005 -1.1632
0.089484 -0.15275 -1.1806
0.071347 -0.17443 -1.1898
0.05321 -0.1961 -1.1991
0.03802 -0.21777 -1.2098
0.02283 -0.23945 -1.2206
0.02283 -0.26112 -1.2391
0.02283 -0.28279 -1.2575
0.019202 -0.30013 -1.2742
0.015575 -0.31747 -1.2908
-0.0025626 -0.31747 -1.3001
-0.0207 -0.31747 -1.3093
-0.038837 -0.32261 -1.3186
-0.056975 -0.32776 -1.3278
-0.075112 -0.34943 -1.3371
-0.093249 -0.37111 -1.3463
-0.10889 -0.38682 -1.353
-0.12454 -0.40253 -1.3597
-0.1336 -0.40253 -1.3597
-0.14267 -0.40253 -1.3597
-0.15174 -0.4093 -1.3597
-0.16081 -0.41608 -1.3597
-0.16988 -0.43775 -1.3597
-0.17895 -0.45942 -1.3597
-0.18802 -0.47351 -1.3597
-0.19709 -0.4876 -1.3597
-0.20615 -0.4876 -1.3597
-0.21522 -0.4876 -1.3597
-0.22429 -0.4876 -1.3633
-0.23336 -0.4876 -1.3669
-0.24243 -0.4876 -1.3761
-0.2515 -0.4876 -1.3854
-0.26442 -0.4876 -1.3907
-0.27734 -0.4876 -1.396
-0.29548 -0.4876 -1.396
-0.31362 -0.4876 -1.396
-0.33175 -0.50764 -1.4046
-0.34989 -0.52769 -1.4131
-0.36803 -0.57104 -1.4316
-0.38617 -0.61438 -1.4501
-0.41791 -0.64689 -1.464
-0.44965 -0.6794 -1.4779
-0.49499 -0.70107 -1.4871
-0.54033 -0.72275 -1.4963
-0.57593 -0.75607 -1.4957
-0.61152 -0.78939 -1.495
-0.63873 -0.83274 -1.4857
-0.66593 -0.87608 -1.4765
-0.69314 -0.91943 -1.4672
-0.72035 -0.96277 -1.458
-0.74755 -1.0061 -1.4487
-0.77476 -1.0495 -1.4395
-0.79641 -1.0795 -1.4246
-0.81806 -1.1096 -1.4097
-0.8362 -1.1313 -1.3912
-0.85434 -1.1529 -1.3727
-0.86068 -1.1605 -1.3602
-0.86703 -1.1681 -1.3477
-0.86703 -1.1681 -1.3385
-0.86703 -1.1681 -1.3292
-0.85456 -1.1532 -1.3136
-0.84209 -1.1383 -1.298
-0.82396 -1.1166 -1.2795
-0.80582 -1.095 -1.261
-0.79426 -1.0733 -1.2492
-0.78269 -1.0516 -1.2374
-0.77363 -1.03 -1.2282
-0.76456 -1.0083 -1.2189
-0.74857 -0.97009 -1.2026
-0.73259 -0.93189 -1.1863
-0.71445 -0.88854 -1.1678
-0.69631 -0.8452 -1.1494
-0.69269 -0.80185 -1.1161
-0.68906 -0.75851 -1.0828
-0.68906 -0.71516 -1.0458
-0.68906 -0.67182 -1.0088
-0.70425 -0.64662 -0.97181
-0.71944 -0.62143 -0.93483
-0.73758 -0.59975 -0.89784
-0.75571 -0.57808 -0.86085
-0.78972 -0.59434 -0.82386
-0.82373 -0.61059 -0.78687
-0.86 -0.63226 -0.74989
-0.89628 -0.65394 -0.7129
-0.94083 -0.69538 -0.66747
-0.98538 -0.73683 -0.62205
-1.0307 -0.78018 -0.57581
-1.0761 -0.82352 -0.52958
-1.1128 -0.84628 -0.49212
-1.1495 -0.86904 -0.45467
-1.1858 -0.89071 -0.41769
-1.2221 -0.91238 -0.3807
-1.2404 -0.95546 -0.35284
-1.2588 -0.99853 -0.32499
-1.2769 -1.0413 -0.29701
-1.2951 -1.0841 -0.26904
-1.3132 -1.1058 -0.23205
-1.3313 -1.1275 -0.19506
-1.3495 -1.1492 -0.1575
-1.3676 -1.1708 -0.11993
-1.3858 -1.1925 -0.073698
-1.4039 -1.2142 -0.027463
-1.422 -1.2337 0.018772
-1.4402 -1.2532 0.065007
-1.4583 -1.2532 0.11124
-1.4764 -1.2532 0.15748
-1.4946 -1.2562 0.20498
-1.5127 -1.2591 0.25249
-1.5309 -1.2808 0.30797
-1.549 -1.3025 0.36345
-1.5671 -1.3242 0.4157
-1.5853 -1.3458 0.46795
-1.6034 -1.3675 0.50493
-1.6215 -1.3892 0.54192
-1.6378 -1.4155 0.57694
-1.654 -1.4417 0.61197
-1.663 -1.4851 0.63971
-1.6721 -1.5284 0.66745
-1.6789 -1.5664 0.69057
-1.6857 -1.6043 0.71368
-1.6857 -1.626 0.72293
-1.6857 -1.6476 0.73218
-1.6883 -1.6693 0.74408
-1.6909 -1.691 0.75599
-1.7 -1.7126 0.77448
-1.7091 -1.7343 0.79298
-1.7122 -1.7489 0.81147
-1.7154 -1.7636 0.82997
-1.7063 -1.7636 0.84846
-1.6973 -1.7636 0.86695
-1.6783 -1.7479 0.8821
-1.6594 -1.7322 0.89724
-1.6231 -1.6888 0.90648
-1.5869 -1.6455 0.91573
-1.5542 -1.5934 0.92868
-1.5216 -1.5414 0.94162
-1.4944 -1.4764 0.96012
-1.4672 -1.4114 0.97861
-1.436 -1.3464 0.99306
-1.4048 -1.2814 1.0075
-1.3685 -1.2163 1.0168
-1.3323 -1.1513 1.026
-1.2917 -1.0863 1.0265
-1.2511 -1.0213 1.0269
-1.2057 -0.95627 1.0177
-1.1604 -0.89125 1.0084
-1.1104 -0.81513 1.0039
-1.0604 -0.739 0.99942
-1.006 -0.65231 0.99942
-0.9516 -0.56562 0.99942
-0.8922 -0.46701 0.99942
-0.8328 -0.3684 0.99942
-0.76932 -0.26003 0.99942
-0.70584 -0.15167 0.99942
-0.64236 -0.043308 1.0048
-0.57888 0.065056 1.0103
-0.5154 0.17342 1.0195
-0.45191 0.28178 1.0288
-0.3771 0.39015 1.0322
-0.30228 0.49851 1.0357
-0.22066 0.60687 1.0357
-0.13905 0.71524 1.0357
-0.045412 0.8236 1.0296
0.048222 0.93196 1.0235
0.14798 1.0403 1.0142
0.24773 1.1487 1.005
0.33479 1.2267 1.0022
0.42185 1.3047 0.99942
0.50347 1.3698 0.99942
0.58509 1.4348 0.99942
0.66002 1.4838 0.99942
0.73495 1.5328 0.99942
0.8075 1.5762 0.99942
0.88004 1.6195 0.99942
0.93151 1.6293 0.98508
0.98297 1.639 0.97075
1.0283 1.639 0.95226
1.0737 1.639 0.93376
1.0969 1.6038 0.90776
1.1201 1.5686 0.88175
1.1383 1.5253 0.85401
1.1564 1.4819 0.82627
1.1591 1.4201 0.79067
1.1619 1.3584 0.75506
1.1619 1.2934 0.71808
1.1619 1.2283 0.68109
1.1458 1.1441 0.6441
1.1297 1.0598 0.60711
1.1115 0.97314 0.57012
1.0934 0.88645 0.53314
1.0669 0.79976 0.5047
1.0403 0.71307 0.47627
1.0131 0.62638 0.44853
0.98592 0.53969 0.42079
0.95872 0.453 0.37524
0.93151 0.36631 0.3297
0.9043 0.27962 0.28347
0.8771 0.19292 0.23723
