0.30754 0.3588
0.30948 0.3588
0.30948 0.35648
0.30948 0.35648
0.31141 0.35417
0.30948 0.35185
0.30948 0.35185
0.31335 0.34954
0.31335 0.35185
0.30754 0.36111
0.30174 0.37731
0.294 0.39583
0.29014 0.4213
0.29014 0.45139
0.29787 0.47917
0.30948 0.50463
0.32689 0.51852
0.34816 0.54167
0.36944 0.56713
0.39072 0.58565
0.41199 0.6088
0.4294 0.62963
0.45455 0.65046
0.48162 0.66898
0.52805 0.67824
0.57253 0.69444
0.61509 0.70139
0.65377 0.7037
0.68859 0.69907
0.72147 0.68981
0.75435 0.67593
0.78337 0.65046
0.81238 0.62269
0.83172 0.59491
0.84913 0.56713
0.8588 0.53935
0.86654 0.51157
0.87621 0.48148
0.88588 0.45139
0.89168 0.4213
0.89362 0.39583
0.89749 0.38426
0.90135 0.3588
0.90329 0.34722
0.90329 0.34028
