0.15087 0.38194
0.1528 0.38889
0.15667 0.39352
0.16248 0.39815
0.17215 0.40741
0.17988 0.42593
0.19342 0.44676
0.20696 0.47222
0.2147 0.50926
0.24178 0.53935
0.26499 0.57407
0.29207 0.60648
0.32302 0.63657
0.3559 0.66435
0.39072 0.68519
0.41973 0.69676
0.45455 0.70602
0.4913 0.71528
0.52611 0.71759
0.5706 0.72685
0.61896 0.72685
0.66344 0.72685
0.70019 0.72222
0.72921 0.71296
0.75629 0.70139
0.7795 0.6875
0.80464 0.66667
0.82398 0.64352
0.83366 0.61806
0.8472 0.58796
0.85106 0.56481
0.86267 0.53935
0.8588 0.52083
0.86074 0.49769
0.86847 0.47917
0.87234 0.46296
0.87427 0.44444
0.87427 0.43056
0.88008 0.39583
0.88201 0.38194
0.87621 0.38426
0.87427 0.36574
0.87041 0.36111
0.86267 0.36343
0.86074 0.3588
