2.1633 -3.9647 2.9102 0.94731 -1.7727 -2.0422 -0.84433 -2.701 -0.12754 0.27097 -0.41101 0.47402 -0.72534
3.8524 -5.9613 3.5972 1.6434 -2.0508 -2.1006 -1.1809 -1.9332 -0.50659 -0.18334 -1.245 0.59668 -0.6364
3.2589 -4.6781 3.2162 1.9847 -2.2303 -1.6606 -0.32799 -1.621 -0.62077 -0.14271 -1.2195 0.7001 -0.76477
1.1926 -2.1064 2.527 1.3526 -1.4718 -0.71901 0.051726 -2.7233 0.34016 0.18745 -0.12991 -0.030323 -0.15181
-0.55006 -3.6694 2.1058 0.55123 0.66287 -0.75466 -0.73811 -1.2521 0.14742 0.34267 -0.024974 0.055244 -0.49251
-2.0902 -3.3448 0.86239 -0.03437 -0.18935 -0.50653 -0.11931 -0.83669 -0.57701 0.05984 1.0905 0.78154 -0.25351
-2.4485 -4.099 0.68305 1.0689 -0.074544 -0.018844 -0.39828 -0.80798 -0.27835 0.19536 0.41362 0.04044 -0.067268
-1.3895 -4.568 1.1909 -0.26671 -0.17017 -0.43502 0.49794 0.095785 -0.15883 0.49834 1.1235 0.18728 0.26711
0.084013 -5.0697 1.1416 0.083516 0.037898 -0.33423 -0.13014 -0.41797 0.64357 0.84321 0.37779 -0.020681 0.31153
0.19566 -4.1624 1.0112 -0.95144 0.050775 -0.39301 0.37411 0.36269 0.67662 0.35056 0.28476 0.39724 0.41025
0.11215 -5.8374 1.3958 0.26307 0.62615 0.58677 0.30022 -0.70414 -0.63606 0.097323 0.52308 0.93359 -0.44588
-1.664 -3.4074 1.2497 0.27186 0.64075 0.29617 0.098334 -0.6623 0.088581 -0.25211 -0.22705 -0.12958 -0.88211
0.18509 -2.0687 1.5453 0.73324 0.25711 -0.18942 -0.94693 -2.152 0.45701 -0.78732 -0.86248 0.18306 -1.0729
1.1397 -1.0704 1.5584 0.49667 -0.51869 -0.62871 -0.066965 -1.3644 -0.30279 -1.6012 -0.70794 0.030864 -0.41244
1.4084 -1.4641 1.5305 0.48053 -1.1775 -1.5184 0.40317 -1.0336 -0.42477 -1.1403 -0.68163 0.17301 -0.79662
1.5149 -1.667 1.2659 0.83465 -1.0951 -1.2832 0.035837 -1.0997 0.03962 -1.1372 -0.6422 0.1964 -0.86455
1.4596 -1.8938 1.1805 0.94426 -0.97052 -1.6753 0.16281 -1.2131 -0.010252 -0.7587 -0.61077 0.10782 -0.78353
1.6467 -2.2926 0.93275 0.62289 -1.3165 -1.579 0.23308 -1.3935 -0.11912 -0.85998 -0.72412 0.11658 -1.1527
1.9448 -2.8284 0.13915 0.81417 -1.0667 -1.365 -0.41024 -0.79278 0.2161 -0.70769 -0.77787 -0.37252 -0.93051
3.0044 -2.56 -1.0705 0.30794 -1.3254 -1.7102 -0.72085 0.085166 0.53012 -0.96375 -0.52347 -0.45819 -0.96471
3.6894 -2.7464 -2.0427 -0.086351 -1.7295 -1.4297 -0.94004 0.25817 0.33353 -0.98887 -0.55383 -1.0781 -0.7607
4.1153 -2.6682 -2.6511 -0.51173 -1.4949 -1.594 -0.89907 0.38629 -0.018871 -1.1473 -0.56359 -1.2904 -0.45609
4.403 -2.4196 -2.6721 -0.67092 -1.169 -1.6154 -0.75194 0.42417 0.023176 -0.97707 -0.85996 -0.65014 -0.73214
4.0678 -2.4408 -2.7333 -1.0421 -0.92659 -1.627 -0.44437 0.045749 -0.11802 -0.53003 -0.94631 -0.63258 -0.71842
4.0732 -2.6557 -2.7456 -1.4516 -0.99798 -1.454 -0.91955 0.088577 -0.23881 -0.32109 -1.1324 -0.73602 -0.61117
4.2225 -2.1136 -2.9461 -1.2527 -0.9619 -1.3282 -0.98564 0.005472 0.12859 -0.39162 -1.3098 -0.61851 -0.54234
4.34 -2.0526 -3.2845 -1.3669 -1.0286 -1.2993 -1.2347 0.10892 -0.035594 -0.33652 -1.5533 -0.71924 -0.51767
4.3205 -1.7817 -3.1125 -1.3192 -0.58902 -1.0686 -1.023 0.12542 0.2373 -0.25399 -1.357 -0.59025 -0.4918
4.2482 -2.0921 -3.1137 -1.3251 -0.88566 -0.95575 -1.4517 -0.044464 0.014907 -0.21896 -1.54 -0.78464 -0.50664
4.0068 -1.9964 -2.5103 -1.2561 -0.61456 -1.168 -0.93567 0.091009 0.22166 -0.27187 -1.0588 -0.77104 -0.42614
3.8803 -1.5592 -2.4827 -1.1706 -0.79478 -1.205 -1.1526 -0.0037662 0.46018 -0.32566 -1.2859 -0.619 -0.38103
3.2572 -1.257 -2.0086 -1.7535 -0.89043 -1.9092 -1.0984 -0.37061 0.36197 -1.1276 -1.3353 -0.71733 -0.69875
2.8399 -1.3797 -1.667 -1.2101 -1.113 -1.9349 -1.0168 -0.40828 0.44355 -1.1405 -1.191 -0.61283 -0.85081
1.3626 -1.4315 0.15736 -0.21141 -0.83152 -1.9953 -0.54788 -0.86349 0.43052 -0.89681 -1.1107 -0.57385 -0.54536
1.0519 -1.2655 1.681 -0.201 -1.6176 -0.71853 0.15779 -2.0466 -0.11945 -1.0745 -0.95132 -0.53397 0.076824
0.6548 -1.8625 1.2424 -0.22592 -0.98107 -0.90892 -0.41443 -1.6061 0.037309 -1.1444 -1.208 -0.38118 0.28431
-0.17887 -1.5342 1.5758 -0.18438 -1.1394 -1.0683 -0.062509 -1.2583 0.38271 -0.73003 -0.46388 -0.85587 -0.022623
