2.3927 -4.5034 3.7928 1.1989 -1.0825 -1.8548 -0.65401 -2.4671 -0.75817 0.0029463 -0.53353 0.57506 -0.3911
2.4719 -4.5226 3.5443 1.2814 -1.8758 -1.7715 -0.89388 -2.1826 -1.0171 -0.3774 -0.94673 -0.036389 -1.0017
2.0228 -4.0855 3.0241 1.7231 -1.1422 -1.1836 -1.1184 -2.3343 -1.3944 0.22543 -1.0158 -0.0080892 -0.71847
1.7509 -3.2647 2.7234 2.6337 -1.5792 -1.8523 -0.45461 -1.2651 -0.49617 0.26179 -1.3644 0.1909 0.082643
-0.86641 -1.8932 1.8223 1.5012 -0.32109 -0.72097 -0.56895 -1.5588 0.27392 -0.3703 -0.52675 -0.23052 0.23487
-2.4235 -2.3282 1.4887 0.77594 -0.24556 -0.31855 -0.2782 -1.2097 0.17855 0.041517 0.77111 0.39005 0.089966
-4.1205 -2.6592 0.66913 0.01377 -0.16359 -0.14652 0.30229 -0.16709 -0.10008 0.26428 1.094 0.54636 0.50818
-3.5104 -2.5794 1.0924 0.7821 0.69882 0.18924 -0.68853 -1.2004 0.063399 -0.23451 -0.035324 0.54843 -0.35195
-0.18156 -6.7232 1.7999 0.069238 0.64157 0.54274 0.55254 -0.45244 0.18077 -0.16127 0.088653 0.045318 0.014488
0.97803 -5.1533 2.3619 -0.12069 -0.24784 -0.34547 0.078439 0.141 0.5953 0.37458 0.4858 -0.057107 -0.22147
0.80876 -5.0258 1.5423 -0.18718 -0.3426 -0.52318 0.6187 0.50978 0.2242 -0.012543 -0.33367 -0.20491 0.1007
-0.11636 -4.8494 0.95971 -0.79404 0.12386 -0.10573 -0.44701 -0.4588 0.34265 0.098768 -0.23003 -0.12651 0.7953
0.11246 -1.37 1.9743 0.74434 0.325 -0.38873 -0.75133 -1.8989 -0.13584 -0.78059 -0.54721 -0.50234 -0.68313
1.2463 -0.46651 2.3552 0.61752 -0.99278 -1.5155 0.40412 -1.2889 0.088167 -1.4778 -1.109 0.0088181 -0.55045
1.4939 -1.3769 1.8691 1.2302 -1.2619 -1.7451 -0.13672 -1.1577 0.51029 -1.0749 -1.1897 -0.1207 -1.1812
1.6745 -1.7529 1.3538 1.0372 -0.8557 -1.9021 0.16531 -1.2804 0.0080302 -0.8308 -1.3661 0.27701 -1.5117
1.6491 -1.8905 1.164 0.80553 -1.3693 -1.8502 0.40467 -1.4648 -0.17658 -1.1826 -1.0319 -0.052809 -1.3909
2.0292 -2.8091 0.11653 1.2066 -1.4798 -1.3966 -0.39526 -0.9703 0.028198 -1.5145 -1.2769 -0.27065 -1.1643
3.1003 -2.788 -1.4922 0.68647 -2.2938 -1.7851 -0.77754 -0.26203 0.12205 -1.5312 -0.41676 -1.2763 -1.3256
3.5933 -2.6027 -1.8609 0.40923 -2.3189 -1.2547 -0.73157 0.22527 0.0014657 -1.2367 -0.32356 -1.27 -0.95319
3.8424 -2.2365 -2.3705 -0.05012 -1.8886 -1.2653 -0.76277 0.52311 -0.096122 -0.95925 -0.27766 -1.187 -0.70696
4.0946 -2.3501 -2.8278 -0.34683 -1.9305 -1.3716 -1.2151 0.54655 -0.45316 -0.8478 -0.71146 -1.0526 -0.8047
4.1722 -1.947 -2.7488 -0.35136 -1.5499 -1.1857 -1.1582 0.73825 -0.18317 -0.62775 -0.56527 -0.68818 -0.67144
3.9242 -1.8448 -2.7096 -0.81733 -1.2377 -1.69 -0.69459 0.077001 0.080499 -0.71949 -0.77532 -0.69067 -0.81754
3.9086 -1.6522 -2.7679 -1.142 -1.1954 -1.5584 -0.91641 -0.02547 0.00025219 -0.34192 -1.1732 -0.7204 -0.82782
3.9625 -1.4238 -2.8789 -0.94915 -0.9886 -1.3786 -1.0149 0.1109 0.14742 -0.1973 -1.2066 -0.69967 -0.77425
3.9326 -1.7361 -2.727 -1.5369 -0.77795 -1.6215 -0.94997 -0.2667 0.16561 -0.42009 -1.3044 -0.8281 -0.72301
3.8565 -1.1977 -2.7539 -1.4837 -0.51613 -1.7623 -0.74073 -0.24765 0.45022 -0.38032 -1.3106 -0.8639 -0.6479
3.4905 -0.79436 -2.2565 -1.7297 -0.78628 -1.5329 -1.042 -0.44026 0.23253 -0.50926 -1.4414 -0.64757 -0.80384
3.3495 -0.87915 -2.6031 -1.4531 -0.43439 -1.6492 -0.74775 -0.6835 0.095076 -0.64781 -1.1789 -0.96776 -0.68328
3.359 -1.1772 -2.5737 -1.3647 -0.57731 -1.7406 -0.6581 -0.60108 0.06995 -0.53136 -1.3519 -0.99738 -0.59816
3.1686 -1.0979 -2.1165 -1.5109 -0.1268 -1.6802 -0.61285 -0.40703 0.23162 -0.44504 -1.3234 -0.64516 -0.56874
2.6935 -1.2306 -1.7403 -1.4876 -0.61933 -1.483 -0.93487 -0.68472 0.31215 -0.76062 -1.2205 -1.0183 -0.31603
1.7819 -1.0894 -0.93902 -1.1235 -1.065 -1.3051 -0.75212 -0.90501 0.55546 -0.56195 -1.4821 -0.77333 -0.19806
0.99783 -1.1172 0.97266 -0.19312 -1.2811 -1.2234 -0.49108 -1.6078 -0.057997 -1.3521 -1.2384 -0.2108 0.062235
0.63655 -1.137 0.57608 -1.0625 -0.51635 -1.1133 -0.53225 -1.3873 -0.40882 -1.1994 -1.381 -0.018976 0.041459
0.17449 -1.0324 1.3262 -0.11213 -0.99 -1.2407 -0.19998 -1.4214 -0.0292 -1.1651 -1.0939 -0.30767 -0.0051963
0.3208 -0.72699 1.648 -0.5817 -0.99311 -1.1474 -0.94951 -2.0706 0.85662 -1.088 -1.6051 -0.68712 0.016742
