-2.0933 -3.1001 1.6647 0.32302 0.078345 -0.33634 -0.36438 -1.5067 -0.40277 0.14456 -0.014985 0.65457 0.57154
-2.9869 -4.4285 0.67907 0.28005 0.74337 0.0032814 0.65865 -1.09 -0.39436 0.52488 -0.29294 0.53534 0.39624
-1.834 -2.1987 2.3501 1.2282 0.78127 0.23317 0.11753 -1.1171 -0.48884 -0.29109 -1.2528 -0.32254 -1.1842
0.93084 -1.0951 2.792 1.5438 -1.0097 -1.2943 -0.073586 -1.6761 -1.0444 0.62862 -1.763 -0.15824 -0.37903
1.376 -1.0307 2.3763 1.0131 -1.1912 -1.3793 -0.53153 -1.498 -1.1855 0.40051 -1.5605 0.23079 -0.17321
1.4102 -0.95868 1.8685 1.0821 -0.94325 -1.6662 -0.78112 -1.2842 -0.7361 0.15643 -1.5581 0.31562 0.37428
2.1709 -1.2951 0.49674 0.10817 -0.040157 -1.4108 -2.052 -0.21474 -0.88223 -0.97375 -0.75752 0.24975 0.17021
2.8615 -1.9313 -0.60122 -0.11705 -0.79788 -1.0374 -2.7531 -0.036601 -1.3657 -1.6989 -0.51742 -0.058099 -0.17405
3.5518 -2.5959 -0.89395 -0.014954 -0.78036 -0.67504 -2.2617 0.089225 -1.2067 -1.5087 -0.55704 0.52838 -0.57341
3.901 -1.8531 -1.156 -0.61949 -0.84398 -0.25333 -2.3164 0.38895 -1.3505 -1.2862 -0.78728 0.26537 -0.049191
4.0431 -1.5475 -1.3886 -1.0479 -0.74999 -0.1089 -2.2068 0.13628 -0.95823 -1.3458 -1.1198 0.37306 0.0729
4.0332 -1.7916 -1.9626 -0.98703 -0.89486 -0.29873 -1.8896 -0.24618 -0.77875 -1.5119 -1.3058 0.34526 0.083792
3.981 -1.6767 -1.858 -1.0421 -0.76091 -0.29614 -1.8625 -0.28447 -0.78577 -1.4863 -1.3446 0.36001 0.21702
4.0447 -1.2384 -2.5313 -0.48631 -0.80427 -0.22001 -1.9333 -0.38563 -0.82533 -1.4585 -1.3263 0.13941 0.54183
4.0193 -1.051 -2.4414 -0.4971 -0.5766 -0.17867 -1.9181 -0.31146 -0.93564 -1.3855 -1.2764 -0.037644 0.76782
4.0262 -0.9526 -2.3175 -0.61114 -0.41101 -0.16296 -1.6047 -0.3234 -0.9643 -1.3385 -1.451 0.077401 0.80051
3.9435 -0.91386 -2.4526 -0.63414 -0.29937 -0.027075 -1.7572 -0.11029 -1.0825 -1.3208 -1.2911 0.035715 0.69605
3.5947 -0.67769 -2.135 -0.94334 -0.23973 -0.029384 -1.6838 -0.39864 -1.0068 -1.5261 -1.3123 -0.14982 0.85409
3.3719 -0.6531 -1.7193 -0.93471 -0.094835 0.062654 -1.4156 -0.34056 -0.819 -1.5587 -1.2535 -0.033775 0.69563
2.9752 -0.62001 -1.6923 -0.55435 0.19269 -0.46967 -1.2541 -0.4465 -0.96383 -1.476 -1.3716 -0.21836 0.72134
2.644 -0.1044 -1.4182 -0.50757 0.35377 -0.74359 -1.0295 -0.20525 -1.037 -1.0904 -1.6862 -0.27874 0.8193
1.8295 -0.56415 -0.66777 -0.26519 0.57377 -0.68144 -0.67624 -0.2392 -0.80946 -1.1031 -1.4812 -0.16369 0.78227
0.93168 0.044097 0.21244 0.60891 0.35746 -1.1126 -0.11217 -0.83739 -0.69523 -0.46881 -1.4926 -0.26788 0.78242
1.111 -0.42105 0.81523 1.5715 0.13183 -1.437 -0.73795 -1.3699 -0.45247 -0.50691 -1.2642 -0.18278 0.37469
0.56544 -0.89896 1.2844 1.3979 -0.17975 -1.3534 0.074601 -1.3282 -0.40361 -0.68501 -1.0394 0.13428 -0.077276
0.025025 -1.1443 1.7594 1.5567 0.34825 -1.0229 -0.31691 -1.0888 -0.70267 -1.0042 -1.1172 0.045276 0.93705
