-0.48471 -2.6519 1.1519 1.6962 -1.5535 -1.079 -0.61183 -0.91971 -0.59662 -0.57272 0.74454 -0.52839 0.34828
-0.50178 -2.0153 1.5107 1.4675 -1.8059 -1.1199 -0.63699 -0.72309 -0.12976 -0.54563 0.41616 -0.58937 0.21404
1.359 -2.7964 1.6304 1.5508 -2.2528 -1.2403 -0.5127 -0.54482 -0.53582 -0.19336 0.53523 -0.13424 0.26414
2.5186 -3.2489 1.0906 2.3557 -2.8039 -1.439 -0.61318 -0.48343 -0.67163 -0.3875 0.35866 -0.13691 0.50122
2.9715 -3.2635 1.6461 2.6303 -2.9126 -1.1181 -0.65108 -0.46467 -0.90094 0.033243 0.09989 -0.064535 0.082449
2.6198 -3.1184 2.3528 2.559 -2.8202 -1.4161 -0.4938 -0.20658 -0.89536 -0.40863 -0.095348 0.16625 0.15308
2.1759 -3 2.1457 2.6033 -2.3671 -1.316 -0.12066 -0.51333 -0.78452 -0.037354 0.28673 -0.046863 0.092628
0.83547 -2.9098 1.9229 2.2804 -1.1087 -1.2425 -0.26338 -0.48534 -0.2586 0.11714 0.22436 0.070946 0.059443
-1.8127 -2.6348 1.6343 1.8106 0.70119 0.024038 -0.45335 -0.65826 0.54701 0.093877 -0.085087 0.33917 -0.276
-3.1112 -2.4147 1.1962 1.1297 0.61235 0.41382 -0.079802 -0.36036 0.70597 0.056268 -0.40052 0.1898 0.063536
-3.7818 -2.0807 1.2366 0.69747 0.63238 0.025597 -0.4028 -0.51423 0.57893 0.10717 0.02286 0.44653 0.082123
-4.6699 -2.581 0.79825 0.47675 0.22837 0.071474 -0.11714 -0.58193 0.085374 -0.06457 0.41689 0.57257 0.032748
-4.1907 -2.5606 0.64754 0.032418 0.0098807 -0.10865 0.11691 -0.30226 0.0052531 0.16061 0.68386 0.36084 0.071483
-3.6226 -2.6008 0.77257 0.54013 0.61244 0.36135 -0.094713 -0.5569 0.0079785 -0.097842 0.13328 0.54659 0.06151
-4.0824 -2.3881 1.0466 0.68429 0.32585 0.24205 0.23414 -0.22733 0.4444 0.33917 0.52313 0.23146 -0.2649
-2.7177 -2.3108 1.4183 0.96122 0.36743 0.3298 -0.14722 -1.3807 -0.45962 -0.86797 0.12202 0.60382 -0.26318
-1.2996 -1.4491 2.0036 1.0527 0.49902 0.10139 -0.45062 -1.9747 0.44812 -0.57903 -0.29652 0.49406 -0.30308
-1.05 -0.98313 2.0471 0.98964 0.19777 -0.16196 -0.37179 -1.7361 0.073488 -1.0771 -0.037076 0.56136 0.1027
-0.95004 -1.4881 1.7168 1.0278 0.26 -0.22009 -0.6227 -1.4022 0.28943 -0.85717 -0.45189 0.26883 0.13021
1.4694 -2.1715 0.16929 1.0636 -0.99793 -0.81231 -1.5716 -0.34639 0.19947 -0.66448 -0.64373 0.601 0.44429
3.2424 -2.0934 -0.75597 0.84044 -2.02 -1.1379 -1.5478 0.051725 0.088671 -0.72413 -0.53482 0.78686 0.11425
3.6839 -2.2554 -1.1893 0.65343 -2.4827 -0.9726 -1.3584 0.24627 0.057568 -0.60663 -0.41894 0.50754 0.16548
3.737 -2.6123 -1.4409 0.27469 -2.1198 -0.95906 -1.1943 0.55301 -0.19781 -0.54781 -0.62037 0.55112 0.005781
3.7189 -2.79 -1.4198 -0.18557 -1.8635 -0.77771 -1.1616 0.6364 -0.19535 -0.59483 -0.77546 0.35498 0.050684
3.85 -2.5495 -1.9323 -0.10678 -1.9253 -0.32593 -1.3968 0.74937 -0.071313 -0.74572 -0.69354 0.34742 0.09515
3.82 -2.2932 -2.2548 -0.0060118 -2.0684 -0.069796 -1.3718 0.91811 -0.25768 -0.66335 -0.83076 0.44891 -0.030031
3.8174 -2.3725 -2.109 -0.16301 -2.018 -0.34384 -1.047 0.87589 -0.31243 -0.80965 -0.61206 0.37064 -0.064118
3.7323 -2.3389 -1.9823 0.062364 -2.1002 -0.45288 -0.94477 0.86985 -0.4634 -0.68393 -0.53929 0.47013 -0.11123
3.5576 -2.5951 -1.5398 0.41464 -1.967 -0.89465 -1.0117 0.73683 -0.29321 -0.70096 -0.45042 0.5321 -0.34181
3.5846 -3.1548 -1.1155 0.73422 -2.5283 -0.5981 -1.042 0.72167 -0.42213 -0.48729 -0.099224 0.46187 -0.35741
2.7159 -3.3056 -0.67049 1.2842 -2.4855 -0.83605 -1.1184 0.67858 -0.27087 -0.29233 0.081974 0.40858 0.063791
-1.1869 -1.9952 1.3806 0.77841 0.21401 -0.35261 -0.38095 -0.068981 0.24178 -0.64967 -0.25707 0.096676 -0.35308
-1.1886 -1.2615 1.989 0.84005 -0.27734 -0.68793 0.014595 -0.54749 0.30866 -1.088 0.043316 0.28984 -0.2598
-1.2016 -1.7466 1.183 1.1918 -0.12343 -0.51923 -0.017312 -0.17131 0.14638 -0.67525 -0.090358 0.054971 -0.11756
-1.445 -1.671 1.2003 0.85528 -0.10178 -0.24537 0.11105 -0.61952 -0.32914 -0.70843 -0.11225 0.12144 -0.27302
-0.24557 -3.7914 1.4381 1.7826 -0.73457 -0.45778 -0.77226 -0.35655 -0.74406 -0.046565 -0.41871 -0.2378 0.17895
1.8991 -4.5445 2.1855 2.7245 -2.1191 -0.58758 -0.97218 -0.09672 -0.71469 -0.15032 -0.47169 -0.29164 0.35841
1.663 -3.9702 2.6906 2.4474 -2.2265 -0.26444 -0.65541 -0.0090728 -0.65166 -0.44439 -0.23508 0.0011097 0.34682
0.83376 -3.3917 2.6568 2.2264 -1.5243 -0.59784 -0.93261 -0.22511 -0.41112 -0.49698 -0.065882 0.0083043 0.15071
-0.21066 -2.2648 2.6261 1.2837 -0.8572 -0.82208 -0.91472 -0.31161 -0.018431 -0.8902 0.22194 0.10276 -0.41872
