-0.28824 -2.3509 2.1755 0.9687 -0.97852 -0.78384 -0.46911 -2.824 -0.57555 -0.48184 1.5508 0.67654 0.21108
1.7371 -3.7771 2.3476 2.3911 -2.8425 -0.77391 -1.4081 -1.1874 -0.68186 -0.24508 0.67992 -0.69977 0.15572
1.6897 -2.8826 2.473 1.8689 -2.7948 -0.42402 -1.3988 -1.6573 -0.69209 -0.10572 0.51027 -1.0898 0.27065
3.0115 -3.9275 2.5097 2.4774 -3.3049 -0.70652 -1.3093 -0.47756 -0.98373 -0.44529 0.74029 -0.39822 0.40357
2.1198 -3.3906 2.791 2.2077 -2.7445 -0.79849 -1.1598 -0.85485 -0.77859 -0.44426 0.40039 -0.90428 0.13389
-0.20409 -2.6888 2.113 2.1137 -0.86924 -0.4263 -1.2076 -1.2597 -0.0035338 0.33722 0.59106 -0.60759 0.10268
-3.4378 -2.632 0.64097 0.27249 0.35895 0.10988 -0.04884 -0.35848 0.14198 0.065392 0.1616 0.16847 -0.24348
-4.1105 -2.8094 0.38845 -0.35286 -0.20122 -0.014458 1.024 0.75096 0.19519 0.56707 1.309 0.14999 0.44485
-4.6124 -2.7344 0.59817 0.0019225 0.16702 -0.12167 -0.068527 -0.39786 -0.3421 0.20913 0.919 0.55027 0.07203
-5.3993 -2.6514 0.64851 0.1595 0.42525 0.10682 0.09017 -0.1383 0.078558 0.61092 1.2494 0.81908 0.099912
-5.0518 -2.5965 0.51631 -0.23906 -0.12757 -0.072712 0.78307 0.52959 -0.016524 0.28504 0.94783 0.14386 0.75944
-5.6132 -2.5353 0.70885 0.20484 0.40212 0.098649 0.036208 -0.25249 -0.10912 0.26996 0.76575 0.5773 0.14009
-5.9012 -2.5585 0.6829 0.18768 0.38934 0.17687 0.2717 -0.024109 -0.093741 0.20335 0.68479 0.47905 0.30154
-5.3069 -2.4253 0.67312 0.28791 0.59707 0.43652 0.52513 0.42775 0.45578 0.37979 0.38722 0.33877 0.32945
-5.3467 -2.2861 0.97611 0.46383 0.62713 0.41759 0.49768 0.15011 0.13848 0.39243 0.75938 0.29029 -0.21581
-4.6762 -2.7472 0.58747 0.26152 0.5072 0.058789 -0.22313 -0.47308 -0.045031 0.33158 0.74072 0.522 -0.30088
-1.4343 -1.9261 1.8378 1.1674 0.22539 -0.27803 -1.0062 -1.9016 0.79145 -0.18731 -0.43469 0.10673 -0.68402
0.12078 -1.2092 2.8039 1.5161 -0.52891 -0.98917 -0.71394 -2.2777 0.50224 -0.32399 0.4831 -0.43024 -0.66863
0.046925 -0.68237 2.9629 1.0141 -0.46015 -0.97402 -0.32709 -1.9915 1.0031 -0.67863 -0.094444 0.042039 -0.74343
-0.013624 -1.1938 2.5785 1.2023 -0.82924 -0.69247 -0.16973 -1.5844 0.80246 -0.63423 -0.17563 -0.076668 -0.1595
0.088886 -1.3971 2.0948 0.89276 -0.56323 -0.76873 -0.43931 -1.9004 0.60419 -0.19488 -0.0011782 -0.16513 -0.719
-0.040568 -1.1237 2.3642 1.2152 -0.30291 -1.3469 -0.61668 -1.535 0.83981 -0.25802 -0.038149 -0.30334 -0.61781
0.11086 -1.3986 2.0725 1.0019 -0.865 -0.86349 -0.35023 -1.9876 0.64285 -0.23007 -0.016818 -0.18345 -0.70206
1.2247 -0.44001 1.032 -0.38138 -1.3619 -1.7569 -0.28767 -0.05033 0.021528 -0.68377 0.12128 -0.3271 -0.16168
2.04 -0.50394 -0.34061 -0.78704 -0.75064 -1.7147 -0.42528 0.21798 0.22418 -0.66672 -0.60782 0.14146 -0.30553
2.3337 -0.93779 -0.64806 -0.81454 -1.1614 -1.2302 -0.37423 0.22324 0.14584 -0.7545 -0.89848 0.17031 -0.056227
2.4687 -1.0008 -0.95246 -1.1141 -0.98686 -1.1037 -0.29904 0.11422 0.31809 -0.70456 -0.99606 -0.092073 0.33014
2.7113 -1.0485 -0.99481 -1.512 -0.80586 -0.80555 -0.58945 0.13805 0.35776 -0.55258 -1.3952 0.20876 0.50401
2.8178 -1.1702 -1.1883 -1.5404 -1.0078 -0.53732 -0.62813 -0.08124 0.54775 -0.72704 -1.2552 -0.083405 0.41322
2.9189 -0.97611 -1.3454 -1.7244 -0.92132 -0.38604 -0.7445 -0.2157 0.63537 -0.76287 -1.3055 -0.006162 0.39863
3.0008 -0.72465 -1.4161 -2.0937 -0.75421 -0.32912 -1.0009 -0.25367 0.58417 -0.80648 -1.3082 -0.20018 0.3559
3.0452 -0.61802 -1.5446 -2.1542 -0.74701 -0.41748 -0.84741 -0.51381 0.62434 -0.78761 -1.3794 -0.33738 0.36907
3.0964 -0.49844 -1.4475 -2.338 -0.66712 -0.25691 -0.91165 -0.32991 0.52307 -0.68771 -1.372 -0.17968 0.2137
3.0826 -0.29538 -1.2454 -2.6021 -0.70348 -0.18923 -0.80615 -0.4931 0.65206 -0.90079 -1.0495 -0.32771 0.26677
3.1055 -0.27903 -1.4644 -2.323 -0.77605 -0.27129 -0.63279 -0.40465 0.71848 -0.97276 -0.79056 -0.34645 0.047966
3.1045 -0.30843 -1.4011 -2.5364 -0.74408 -0.31996 -0.85583 -0.35912 0.41928 -1.0475 -0.86944 -0.37269 -0.025677
3.1161 -0.15964 -1.2264 -2.915 -0.68998 -0.16629 -1.3165 -0.26994 0.53559 -1.1371 -1.062 -0.11906 -0.2152
3.0508 -0.21165 -1.1479 -2.6141 -0.74461 -0.48364 -0.84252 -0.11842 0.37041 -1.0602 -0.94592 -0.11593 -0.077597
3.0187 -0.46352 -1.3643 -2.3203 -1.4486 -0.89201 -0.65462 -0.21284 0.077777 -1.2632 -0.7543 -0.71983 0.15488
2.9274 -0.93129 -0.83902 -2.4062 -1.8914 -1.0652 -0.51065 -0.093469 -0.41184 -1.081 -1.1543 -0.59586 -0.24104
2.5403 -0.76702 -0.10591 -1.8951 -1.614 -1.2101 -0.35344 0.43932 -0.36613 -0.93903 -0.8417 -0.45074 -0.061882
1.7604 -0.79759 0.42653 -1.3406 -1.6149 -1.5299 -0.049399 0.17295 -0.41109 -0.78124 -0.45728 -0.29814 -0.35306
0.23453 -1.1202 1.8569 0.25654 -1.332 -1.2336 0.24468 -0.83981 0.063323 -1.0788 0.044013 -0.45605 -0.21829
-0.01888 -1.4411 2.2288 0.66751 -1.4345 -0.77012 0.29586 -1.6087 0.34551 -1.1197 -0.19665 -0.84854 -0.43634
-0.3334 -2.0314 1.7815 0.69303 -0.87126 -1.2249 -0.60334 -1.0095 0.67828 -0.60023 -0.58706 -0.90998 -0.45678
