0.68403 -3.3921 1.8728 2.3232 -2.0031 -0.41691 -0.4781 -1.2321 -0.51243 -0.011674 0.46717 -0.44146 0.30577
1.9574 -3.5303 1.9276 2.5409 -2.7109 -0.63352 -0.92926 -0.7773 -0.33491 0.085726 0.31898 -0.91922 0.39622
3.2396 -3.9695 2.2997 2.9097 -3.4753 -0.72202 -1.2077 -0.56012 -0.68085 0.17555 0.40654 -1.2397 0.44921
2.6666 -3.5915 2.5345 2.565 -2.9376 -0.56493 -1.1801 -0.72816 -1.068 0.30889 0.47048 -0.80428 0.20768
0.64475 -2.8893 1.9068 2.2148 -1.0341 -1.1321 -1.2308 -1.0256 -0.70625 0.46041 0.5583 -0.73802 0.53767
-2.7621 -2.4394 1.1058 0.99558 0.73165 0.42965 -0.35748 -0.66773 0.66623 0.11334 -0.54409 0.34243 -0.13366
-3.7937 -2.6443 0.8082 0.66178 0.9435 0.47414 -0.14979 -0.35847 0.42196 0.4119 0.35275 0.54978 -0.67562
-5.005 -2.6685 0.5966 -0.16297 0.033876 0.0040654 0.77466 0.51035 0.061326 0.67982 1.5424 0.42237 0.36427
-4.4304 -2.6697 0.82001 0.3637 0.64518 0.022059 -0.49765 -0.8296 -0.28201 0.30561 0.9439 0.8135 -0.22703
-4.9373 -2.4148 0.85563 0.33899 0.39385 0.13708 0.086232 -0.23256 0.13915 0.35932 0.77665 0.59775 0.27317
-5.4248 -2.4101 0.69768 0.31538 0.62184 0.43914 0.48466 0.35582 0.42782 0.48494 0.61769 0.5464 0.41712
-5.8355 -2.6405 0.49301 0.15089 0.50466 0.42178 0.58864 0.5494 0.52309 0.31604 0.17345 0.18271 0.3774
-6.0623 -2.4539 0.662 0.30113 0.62475 0.50578 0.63347 0.56063 0.52884 0.37406 0.28119 0.30791 0.46617
-5.6879 -2.4805 0.64292 0.2907 0.62044 0.48326 0.58556 0.51043 0.54355 0.47659 0.4711 0.4543 0.47704
-6.1968 -2.325 0.78143 0.40799 0.73138 0.6139 0.71699 0.65278 0.62015 0.33601 0.14419 0.19244 0.35608
-4.2649 -2.588 0.78311 0.5549 0.82122 0.54443 0.28179 0.099853 0.46534 0.29017 0.080636 0.042871 -0.6009
-0.80438 -1.3864 2.1103 1.1048 -0.10718 -0.65058 -0.51841 -1.9207 0.30172 -0.30777 0.31428 0.048354 -0.44433
0.048503 -1.0452 2.3484 0.81357 -0.69538 -0.85224 -0.050888 -1.7248 0.29648 -0.49557 0.34101 -0.19203 -0.56206
-0.14161 -0.77862 2.8052 0.81516 -0.8437 -0.81924 -0.040582 -1.7594 0.72213 -0.49074 -0.079148 -0.25802 -0.44916
-0.022782 -1.5029 2.4213 1.473 -0.85473 -0.99259 -0.42132 -1.7485 0.73008 -0.35194 -0.10034 -0.21841 -0.42395
0.85078 -0.56551 0.88476 -0.1895 -0.29337 -1.7202 -0.56411 -0.69613 0.38289 -0.21693 -0.2884 0.12824 -0.087642
1.8149 -0.75527 -0.43704 -0.48007 -0.68834 -1.5716 -0.66255 0.17535 0.17522 -0.47126 -0.77728 0.26558 -0.39328
2.1268 -0.86318 -0.53546 -0.87308 -0.55614 -1.5401 -0.38424 0.17754 0.37021 -0.71331 -0.98716 0.56836 -0.55278
2.3766 -1.0696 -0.89089 -0.66153 -0.78204 -1.0083 -0.38399 0.1662 0.29794 -0.64977 -0.89158 0.18585 -0.13269
2.5946 -1.0517 -1.0335 -1.1218 -0.69597 -0.76065 -0.56249 0.29508 0.40444 -0.76877 -1.024 0.1106 -0.012437
2.6534 -0.88412 -1.1943 -1.2539 -0.73421 -0.59027 -0.46343 0.015226 0.44063 -0.7013 -1.0528 0.10755 -0.020425
2.7103 -0.79794 -1.2872 -1.4759 -0.88129 -0.29792 -0.56002 -0.020131 0.68927 -0.93749 -1.0747 0.014935 0.10868
2.7913 -0.67962 -1.3587 -1.638 -0.84811 -0.3093 -0.57527 -0.047015 0.49053 -0.74853 -0.95216 -0.3145 0.38836
2.8684 -0.75363 -1.2663 -2.0117 -0.79238 -0.22416 -0.66019 -0.066116 0.42499 -0.5666 -1.4464 -0.18849 0.23593
2.8208 -0.55172 -1.3104 -1.9449 -0.84103 -0.28719 -0.46842 -0.42396 0.52387 -0.50278 -1.386 -0.27601 0.40144
2.8447 -0.42159 -1.1042 -2.268 -0.61318 -0.17442 -0.6908 -0.2304 0.38896 -0.48655 -1.1028 -0.39527 0.32433
2.7927 -0.34587 -0.92057 -2.7439 -0.79574 -0.0035811 -0.92876 -0.54385 0.57583 -0.54682 -1.3546 -0.31926 0.17773
2.8392 -0.074837 -1.141 -2.786 -0.73081 -0.32536 -0.85714 -0.80155 0.71135 -0.66216 -1.4753 -0.29403 0.17278
2.8823 -0.039654 -1.2612 -2.33 -0.81872 -0.36918 -0.70767 -0.41613 0.81528 -0.99008 -1.221 -0.17401 0.21307
2.8652 -0.33314 -0.75866 -2.3829 -0.95342 -0.39025 -0.69594 -0.016966 0.59778 -1.0943 -1.1219 0.049326 -0.040087
2.6729 -0.25136 -0.88848 -2.3891 -1.0678 -0.88106 -0.62043 0.0032702 0.37085 -1.2902 -0.84561 -0.19113 -0.23001
2.5602 -0.51188 -0.44786 -2.6085 -1.1314 -1.2376 -1.0072 0.30751 0.20477 -1.6129 -0.87781 -0.15525 -0.35942
2.3621 -0.27375 -0.26738 -1.9874 -1.2451 -1.5685 -0.32533 0.28329 0.30445 -1.4403 -0.60928 -0.078679 -0.26984
1.7367 -0.2102 0.16227 -1.5122 -1.0918 -1.9902 -0.57166 0.36772 0.32006 -1.272 -0.38165 -0.30345 -0.38026
0.13848 -0.73657 1.4302 -0.31291 -0.97036 -1.3881 -0.1132 -0.83119 0.46501 -0.76168 0.0031203 -0.20445 -0.19091
-0.15585 -1.3035 2.2266 0.30463 -1.2576 -1.0599 -0.21006 -1.7872 0.31698 -0.47671 0.18322 -0.51106 -0.37534
-0.43976 -1.3495 1.9945 0.40151 -0.49403 -0.58541 -0.35 -2.0164 0.35082 -0.73311 -0.056093 0.077535 -0.68309
