0.68574 -2.3731 1.7567 2.4817 -1.983 -1.4047 -0.25033 -0.5495 -0.52685 -0.25 0.97795 -0.53484 0.7483
1.3302 -2.6558 2.1346 2.4885 -2.6796 -1.7805 -0.43348 -0.31158 -0.66506 -0.19761 0.32507 -0.05996 0.72421
1.8976 -3.3317 1.9338 2.6844 -2.2975 -1.2673 -0.76226 -0.42677 -0.89308 0.27118 0.3895 -0.23862 0.38097
1.739 -2.9872 1.7492 2.6345 -1.9938 -1.2753 -0.70337 -0.35574 -0.97472 -0.025875 0.18691 -0.23623 0.42906
0.11389 -2.7337 1.6075 2.7239 -0.6167 -1.1615 -0.53814 -0.38766 -0.57499 -0.2248 0.017696 -0.21104 -0.032671
-2.1237 -2.0606 1.7458 1.549 0.20652 -0.01792 -0.27449 -0.96666 0.60648 -0.10322 0.2037 0.31548 0.36224
-2.8946 -2.3741 1.2352 1.1256 0.83467 0.4691 -0.39256 -0.74387 0.93763 0.142 -0.53682 0.36956 -0.36369
-3.7869 -2.3705 1.0594 0.89352 0.91918 0.48456 -0.29361 -0.65463 0.48124 0.093089 -0.092643 0.59339 -0.22277
-4.9037 -2.4093 0.90898 0.27781 0.17641 0.012239 0.094701 -0.34114 0.18183 0.34811 0.78747 0.46362 0.1486
-3.3991 -2.6787 1.2382 0.57774 0.0099178 -0.18427 -0.50278 -1.2733 -0.052381 0.13505 1.0169 0.88322 -0.017697
-3.8511 -2.5672 1.0378 0.7025 0.30354 0.072282 -0.30369 -0.87734 0.23191 -0.01433 0.19747 0.52163 0.34013
-3.9601 -2.4417 1.0038 0.53979 0.23345 0.05836 -0.13152 -0.78034 -0.015555 0.045166 0.75926 0.74845 0.2995
-4.2647 -2.7406 0.51749 -0.19578 -0.24439 -0.23976 0.3923 -0.033108 -0.37771 -0.056075 0.6943 0.039413 0.49994
-3.8443 -2.6867 0.57165 0.15641 0.29807 0.18511 0.3446 -0.0001053 -0.090656 -0.11867 0.06131 -0.077623 0.18492
-3.1444 -2.3611 1.2962 1.2942 1.0711 0.63693 -0.53767 -0.91226 0.89263 -0.081435 -0.9051 0.33276 -0.58814
-1.9667 -1.9053 1.8383 1.4264 0.44797 0.35396 -0.25634 -1.1611 0.9961 -0.4053 -0.8517 0.1323 -0.30336
-0.72577 -2.1523 1.1291 0.45561 0.3054 -0.28929 -0.56127 -0.81558 0.024761 -0.2172 -0.090021 0.26511 -0.21674
2.0917 -2.2926 0.36634 0.95405 -1.6326 -1.0768 -1.7042 0.38345 0.065079 -0.55202 -0.33537 0.71533 0.38012
3.1736 -2.671 -0.44773 0.91289 -2.1045 -0.64595 -1.8474 0.46416 0.089999 -0.56598 -0.36072 0.49673 0.30634
3.4328 -2.6456 -1.0025 0.73061 -2.1555 -0.42693 -1.7187 0.60695 0.20777 -0.64169 -0.47646 0.60562 0.23438
3.6988 -2.6066 -1.4605 0.46121 -2.0605 -0.1467 -1.6307 0.576 0.19086 -0.65494 -0.52427 0.61391 0.013293
3.8678 -2.6857 -1.9591 0.37373 -2.1498 -0.17951 -1.5814 0.59631 -0.07366 -0.44389 -0.84622 0.50348 0.1049
4.0632 -2.9049 -1.922 0.25039 -1.8916 -0.23307 -1.1746 0.70899 0.070529 -0.52965 -0.80264 0.58765 0.20613
4.2201 -2.7814 -2.2386 0.30151 -1.8402 -0.25375 -1.1729 0.75848 -0.079753 -0.53771 -0.82808 0.50782 0.13837
4.1733 -3.046 -2.0713 0.26332 -1.9078 -0.25798 -1.1167 0.96498 0.0068318 -0.45103 -0.79178 0.67415 0.030263
4.0322 -2.9186 -1.747 0.61204 -1.8802 -0.41774 -0.89373 0.82118 0.015686 -0.67934 -0.5192 0.55164 -0.091325
3.9814 -3.0531 -1.8141 0.73695 -2.0744 -0.43035 -0.95846 0.78947 -0.23026 -0.55913 -0.59283 0.56659 -0.22644
3.7229 -3.2217 -1.3729 1.0381 -2.064 -0.63793 -0.81387 0.83643 -0.26985 -0.32676 -0.3829 0.79434 -0.33763
2.6621 -3.3519 -1.0103 1.4502 -2.1033 -0.54665 -0.81567 0.58517 0.10966 -0.5141 0.18449 0.79058 0.10024
-0.6308 -2.4383 0.53936 1.1285 -0.18507 -0.64086 -0.61967 -0.11175 0.074553 -0.61919 -0.6624 0.22491 0.81211
-0.21794 -2.8295 0.3774 1.1489 -0.35595 -0.97817 -1.0173 0.12758 0.069914 -0.56206 0.088846 0.25349 -0.12016
0.42644 -2.8692 0.38403 2.0215 -0.43639 -0.59224 -0.9444 0.34067 -0.32586 -1.0251 0.19785 0.44012 0.12614
0.43018 -2.3694 0.67841 2.1014 -0.58427 -1.0192 -0.47553 0.14451 -0.49403 -0.8824 0.2165 0.22577 0.2706
0.2007 -1.8359 1.5086 1.2322 -1.0324 -1.5394 -0.10515 0.11285 -0.54172 -0.72759 0.20251 0.018665 0.24562
-0.15284 -1.5407 1.5176 0.8302 -1.0443 -1.1344 -0.35428 -0.83884 -0.43069 -0.28089 0.37627 -0.38264 0.44646
-0.47445 -1.5893 2.214 1.4858 -1.2833 -1.0111 -0.22793 -1.5566 0.32771 0.047458 0.092931 -0.22544 0.21713
-1.0157 -1.233 1.8296 1.2113 -0.28545 -1.0644 -0.10057 -1.1074 0.24514 -0.20655 0.60541 0.017058 -0.14446
