-0.39771 -2.9115 0.94417 0.4148 -0.3725 -0.42737 -0.75609 -1.7436 -0.15171 -1.2302 -1.2344 -0.44801 -0.39136
0.15215 -2.1375 1.7524 0.99767 -0.30316 -0.58903 -0.92859 -1.6266 0.70691 -0.88425 -1.0233 -0.45084 -1.2191
0.92956 -1.5473 2.1403 1.0916 -0.76246 -0.64254 -1.0609 -1.9733 0.77982 -0.83317 -0.67028 -0.30049 -0.23152
2.2058 -1.8057 2.8709 1.3459 -2.3987 -1.5687 -0.79992 -1.5947 -0.45802 -0.51928 0.32527 -0.62719 0.15857
1.8527 -1.6051 2.4242 1.5927 -1.2669 -1.8558 -0.80306 -1.0819 -0.39523 -0.5376 0.50718 -0.76735 -0.55591
1.0668 -1.2189 2.3444 1.9044 -0.50303 -1.5627 -0.67562 -1.0785 0.26407 -0.62352 0.082303 -0.60917 -0.097943
-0.75277 -1.9356 1.7455 1.1895 0.6215 0.31014 -0.47671 -1.2837 1.1422 -0.27318 -0.75238 0.36326 -0.72192
-1.8337 -2.9681 0.79899 0.56373 0.2528 -0.13788 -0.96568 -1.5936 -0.1787 -0.51261 -0.4256 0.27633 -0.51432
-3.5369 -2.6723 0.72784 0.30128 0.49637 0.12432 -0.28222 -0.66595 -0.27948 -0.041001 0.28844 0.4079 -0.37159
-3.8337 -2.5807 0.77445 0.65903 1.0553 0.66625 -0.069822 -0.20754 0.43673 0.031337 -0.51145 0.25448 -0.44592
-4.5961 -2.4819 0.75274 0.37022 0.61197 0.34968 0.3199 0.12833 0.26683 0.33822 0.42565 0.16848 -0.25254
-4.0862 -2.6374 0.75621 0.50092 0.76261 0.29449 -0.27475 -0.56162 -0.019399 0.072857 0.10604 0.34055 -0.55256
-4.0439 -2.636 0.64418 0.40059 0.68021 0.51116 0.29067 0.087488 0.39232 0.12434 -0.10443 -0.014658 -0.58578
-2.8386 -2.7356 0.39851 -0.050609 0.18047 0.11575 0.43482 0.24559 0.06927 0.059335 0.25257 -0.028366 0.1676
-4.0959 -3.3278 0.7645 -0.16013 0.4197 -0.051805 0.077753 -0.11056 0.0022719 0.18907 0.27552 0.1289 -0.00060739
-3.231 -4.7542 1.0311 -0.65816 0.41607 -0.014764 0.24975 -0.01021 -0.098277 0.32928 -0.6168 -0.096966 0.25861
-3.1718 -2.6326 0.60004 0.22536 0.40482 0.21973 0.18997 -0.057024 0.25621 0.20671 0.30707 0.3833 0.11338
-0.54841 -1.744 1.8365 1.3219 0.77125 0.53367 -0.25006 -1.1166 0.55576 -0.61289 -1.1095 -0.14758 -0.70228
2.1659 -0.27574 3.1161 1.5628 0.07062 -0.59954 -0.41693 -2.3897 0.74133 -0.35765 -0.65809 -0.39844 -0.75592
2.237 -0.37334 3.5641 1.7822 -0.64627 -1.2564 -0.42895 -2.0212 0.74226 -0.50551 -0.49934 -0.32969 -0.31564
2.2329 -0.6385 3.1328 1.165 -1.0504 -1.1176 -0.084099 -1.8634 0.21507 -0.35758 -0.23017 -0.32477 -0.39866
2.4122 -0.33045 1.7735 -0.4496 -1.715 -1.3389 0.39489 -0.77463 0.081197 -0.30768 -0.11486 -0.59216 -0.54865
2.729 -0.59622 1.281 -0.6782 -1.7147 -0.99212 0.2641 0.20414 -0.097641 -0.8495 -0.73859 -0.044091 -0.35236
2.8786 -0.96539 1.2634 -1.0732 -1.8023 -0.736 0.14775 0.49907 -0.41217 -0.79435 -0.58364 -0.25065 -0.34393
2.8175 -1.1427 1.0217 -0.68677 -2.2226 -0.76211 0.17263 0.52281 -0.20625 -0.8067 -0.69359 -0.27897 -0.36702
2.6672 -1.0118 0.90967 -1.3991 -1.4444 -0.76168 -0.37244 0.59876 -0.25599 -0.645 -0.71342 -0.31519 -0.53301
2.8565 -1.1882 0.36711 -1.2015 -1.5372 -0.64041 -0.036862 0.70768 0.037927 -0.7547 -0.76409 -0.21939 -0.47645
3.0321 -1.328 0.07247 -1.1551 -1.723 -0.56336 -0.3413 1.0622 0.11625 -0.98969 -0.69402 -0.2954 -0.60163
2.9368 -1.4859 0.29762 -1.6988 -1.8151 -0.48373 0.16129 0.91396 0.045425 -1.2038 -0.66369 -0.5248 -0.69368
3.1032 -2.0753 -0.096634 -1.5507 -1.7452 -0.69882 0.30103 1.1793 -0.26749 -0.76025 -1.1499 -0.33944 -0.99223
2.8921 -1.8244 -0.44252 -0.9985 -1.3026 -1.1814 0.36844 1.4798 -0.28943 -1.0688 -0.90896 -0.18484 -0.71057
2.6923 -1.8276 -0.91602 -1.2238 -0.87609 -1.2853 0.10172 1.4334 0.019788 -1.4431 -0.86137 -0.50277 -0.98848
2.5565 -1.6759 -0.5289 -1.4154 -0.64335 -1.4527 0.31322 1.2083 -0.19447 -1.1248 -1.0551 -0.43782 -1.2291
2.3015 -1.4207 -0.4457 -0.92353 -1.0083 -1.5343 0.48107 0.96767 0.10622 -1.1542 -0.88771 -0.66462 -1.1944
2.0764 -1.3902 0.20446 -0.73773 -0.70034 -1.3623 0.25389 0.60224 0.81008 -0.58699 -0.74504 -0.88068 -1.301
1.8038 -1.3368 0.78048 -0.4877 -0.43948 -1.6291 -0.20268 0.33342 1.1471 -0.77744 -0.61279 -0.95904 -1.4641
1.6128 -1.0137 1.2248 0.13088 -0.60126 -1.669 -0.23115 -0.84594 0.80007 -0.77972 -0.52598 -0.76642 -1.0957
1.7322 -1.0487 1.9634 0.59963 -0.19235 -1.2408 -0.6378 -1.0956 0.60853 -1.1632 -0.82249 -0.47761 -1.2072
1.5872 -0.86645 2.4234 0.70319 -0.40754 -0.99451 -0.62375 -1.5708 1.0428 -0.97807 -1.0863 -0.41701 -0.86976
1.3519 -1.2847 2.2283 0.77814 -0.17471 -0.53298 -0.69039 -2.0143 0.63687 -0.65935 -0.84004 -0.41144 -0.81292
1.0808 -1.5552 2.2725 1.1643 -0.34456 -0.4224 -0.55671 -2.1347 0.53137 -0.98141 -0.81745 -0.35522 -0.45919
0.71395 -1.7758 2.0704 1.1467 0.20646 0.031477 -0.44839 -2.2289 0.084976 -1.191 -1.0633 -0.42177 -0.37269
