-2.5219 -3.9407 1.7608 1.4277 -0.93852 0.050494 -0.61312 0.12854 0.11961 0.55584 0.88073 0.35165 0.55399
0.43005 -1.2361 2.4105 2.1908 -2.0862 -0.59311 -1.0538 0.23262 0.026829 -0.41708 0.31749 -0.50537 0.14903
4.1466 -2.9866 1.7145 2.6065 -2.72 -0.53824 -1.6654 0.39852 -0.98923 -0.4878 0.71577 -0.17515 0.15701
3.6287 -2.971 1.7446 2.6744 -1.9344 -0.85109 -1.4979 0.017706 -1.2631 -0.64939 0.54597 -0.091405 0.12906
0.57397 -3.3244 2.7461 1.8273 -0.13822 -1.5283 -0.64141 -0.27496 -0.51052 -0.1531 0.68079 -0.049102 -0.024588
-3.3699 -2.0891 1.7202 1.4133 0.75897 0.18016 -0.55314 -1.178 0.3515 0.12678 0.60177 0.74286 -0.0054256
-4.5675 -2.6094 0.62417 0.17241 0.22122 -0.020071 -0.17002 -0.34796 0.56612 0.3694 0.19735 0.38849 0.1187
-5.3065 -2.3298 1.1346 0.63297 -0.012235 -0.11183 -0.13914 -0.72168 0.34428 0.045191 0.32691 0.39559 0.49342
-5.6592 -2.6506 0.58921 0.52084 0.95799 0.70561 0.27212 0.36549 1.0232 0.7608 0.33559 0.90105 0.21137
-5.5679 -2.4192 0.74495 0.37975 0.6199 0.33942 0.22011 0.068844 0.38477 0.42159 0.50533 0.47108 0.065304
-5.52 -2.5527 0.99243 0.43217 0.46041 0.17404 -0.079268 -0.60989 -0.22135 0.3299 1.2861 1.0424 -0.035205
-5.3545 -2.581 0.55594 -0.44147 -0.3107 -0.12121 1.0859 0.62422 -0.33473 0.40803 1.4469 0.026246 0.86913
-0.80688 -1.743 1.7925 -2.1769 -2.5536 -0.24325 0.94798 -0.011002 0.32398 0.47552 -0.025966 1.0229 -0.94302
-0.5486 -1.176 3.6024 -0.5392 -2.1559 -0.33776 -0.006243 0.11099 0.21397 -0.49925 -0.094967 0.12637 -0.27311
1.8016 0.87441 2.3156 -0.83817 -3.6495 -0.29003 0.60886 -1.2054 -0.29958 -0.66968 -0.25907 -0.1018 0.86133
1.858 1.1799 2.2156 -0.93861 -2.8162 -0.54161 0.50996 -0.664 -0.28356 -0.74565 -0.21723 0.38131 0.98742
1.8448 0.93833 1.8409 -0.57152 -3.2186 -0.5248 0.60963 -0.68055 -0.43093 -0.90768 0.1134 0.087096 1.1072
1.8396 0.92624 1.769 -0.40081 -3.3009 -0.40793 0.65105 -0.83443 -0.44629 -0.76327 0.17831 -0.093934 1.0105
1.9975 0.4642 1.6255 -0.26345 -3.334 -0.90532 0.60067 -0.6342 -0.61752 -0.89765 -0.085027 0.2721 0.81365
2.1848 0.68014 0.44751 0.4048 -2.5474 -1.3772 0.030478 -0.21046 -0.017366 -1.2774 0.03845 0.47239 1.0919
3.5051 -0.054793 -0.62531 1.0436 -1.7587 -2.3327 -0.6788 0.79833 0.061328 0.045768 0.072546 -0.069202 0.53158
4.0028 -0.68756 -1.1908 1.1573 -1.8431 -2.0196 -0.7064 1.0994 -0.32947 0.29327 0.22786 -0.26216 -0.18505
4.1347 -0.82727 -1.9313 1.3013 -1.9505 -1.533 -0.40272 0.82851 -0.34746 -0.38128 0.34522 -0.52974 0.022618
4.4087 -1.1133 -2.1556 1.2997 -2.1493 -1.3266 -0.38654 0.78468 -0.12056 -0.68056 0.66743 -0.72584 0.13596
4.415 -1.1501 -2.0795 1.1381 -1.9976 -1.18 -0.36625 0.9678 -0.27458 -0.46203 0.62155 -0.51975 0.048994
4.4772 -1.2022 -2.1666 1.32 -2.0796 -1.0255 -0.2864 0.75411 -0.16512 -0.61529 0.69375 -0.60253 0.10015
4.6478 -1.1146 -2.5967 1.3867 -2.2377 -0.87848 -0.49409 0.70683 -0.36686 -0.55563 0.60596 -0.63984 0.025588
4.8735 -1.3582 -2.7182 1.5564 -2.5121 -0.60764 -0.6627 0.92784 -0.24095 -0.57803 0.69045 -0.56596 0.11537
4.9155 -1.3485 -2.576 1.5263 -2.2849 -0.69183 -0.67516 1.1012 -0.36716 -0.57226 0.59934 -0.60292 -0.078732
4.9925 -1.6984 -2.4165 1.4884 -2.3701 -0.72771 -0.69248 0.81394 -0.3575 -0.67831 0.57362 -0.72762 -0.067233
5.1707 -1.9973 -2.2955 1.384 -2.3459 -0.82602 -0.58277 0.77453 -0.091828 -0.60407 0.74286 -0.68646 0.036496
5.2409 -2.0782 -2.1571 1.639 -2.5918 -0.79716 -0.74239 0.86681 -0.16934 -0.4772 0.70748 -0.78703 0.020175
5.3701 -2.2629 -1.7983 1.4937 -2.6792 -1.1358 -0.72652 0.87458 -0.24487 -0.40848 0.3501 -0.58936 -0.12869
5.3365 -2.409 -1.3764 1.3891 -2.7293 -1.2729 -0.8518 0.94013 -0.11318 -0.18729 0.44007 -0.35919 -0.22651
4.9415 -1.8264 -1.1592 1.822 -2.9463 -1.2687 -1.4961 1.1112 -0.11361 0.042974 0.19292 -0.35891 -0.26577
3.2012 -0.84882 -0.32415 1.5803 -2.7997 -1.4396 -0.76734 0.46468 -0.27191 -0.9841 -0.065448 0.39519 0.78699
3.164 -0.74318 -0.20641 1.4333 -2.9293 -1.5883 -0.52165 0.30795 -0.59159 -0.88033 0.053592 0.52937 0.58596
3.5332 -1.3739 0.35646 1.5751 -3.5259 -1.74 -0.68508 0.87592 -0.82817 -0.56232 -0.20358 -0.014819 0.59379
4.214 -2.1323 0.49997 2.3671 -4.0514 -1.4848 -0.94914 1.3228 -0.83694 -0.060092 0.077656 -0.16528 0.48136
3.9799 -2.2796 1.1599 2.1385 -4.2471 -1.1506 -0.46916 1.1405 -0.97741 -0.052383 0.0050017 -0.38423 0.45527
2.5602 -1.2782 2.296 1.3623 -4.0757 -1.2369 0.34515 0.83108 -0.99077 -0.44401 -0.14518 0.2026 0.29659
2.2818 -1.2401 2.8724 0.74209 -3.7868 -0.84904 0.21116 0.20308 -1.0549 0.22608 -0.097744 0.12982 0.90713
1.2663 -1.2446 3.1974 0.65042 -3.0591 -0.5757 0.68278 0.13839 -1.2687 0.052715 -0.3803 0.51927 0.050047
1.2444 -1.9753 3.9159 1.2673 -3.6217 -0.14629 0.11655 -0.2372 -0.67681 0.31259 -0.35415 0.51398 0.10843
0.20849 -1.5107 3.0239 1.0204 -2.0661 0.68666 -0.39934 -0.31549 -0.28707 -0.67222 0.24556 0.60165 -0.096042
-0.68855 -0.17037 2.6929 0.46494 -1.0501 -0.40574 0.6092 -0.79613 0.22828 -0.88952 -0.31747 0.29388 0.28196
-1.3347 -0.84145 2.0922 0.37364 -0.92574 0.15435 1.1397 -0.68697 0.68408 -0.57432 -0.088213 0.2154 0.31293
-2.041 -1.3875 1.6419 0.57507 -0.26029 0.053547 0.41718 -0.81387 1.1443 -0.095043 0.18075 0.26922 -0.21215
-3.2835 -1.3894 1.6251 0.083458 -0.070852 -0.21313 0.50593 -0.46289 0.66666 0.071413 0.30876 -0.13227 0.068809
-4.1685 -2.1749 1.2274 0.28701 -0.55849 -0.16958 1.0179 0.30361 0.66431 0.12575 0.48688 -0.75232 0.23555
-5.2172 -2.4668 0.6776 -0.035536 0.075368 0.024053 0.69133 0.33787 -0.2132 -0.13708 0.47258 0.088175 0.84169
-5.5814 -1.8129 1.3398 0.041871 -0.18994 -0.49824 0.74029 0.55744 0.38368 0.34082 1.2897 0.10476 0.44964
2.9272 -10.936 0.056572 0.20181 1.9285 -0.080514 -0.017698 0.43215 0.93011 0.58915 0.53503 0.077687 0.081553
0.87469 -9.8509 0.56764 0.15912 1.9714 -0.20598 0.077444 0.71991 1.3287 0.75363 0.73973 0.23688 0.49796
