0.1026 -2.6685 1.34 0.6398 -0.23706 -0.68912 -1.4843 -2.7365 -0.19981 -0.5132 0.18619 0.40326 -0.57039
1.633 -2.0538 2.1724 0.98484 -0.58816 -0.40903 -0.61616 -3.0893 -0.47308 -1.0236 0.49457 0.38119 -0.056613
1.709 -1.6397 1.8831 0.71492 -0.3445 -0.66144 -0.43985 -2.2435 -0.4189 -0.63143 0.47642 -0.1197 -0.034395
1.7675 -2.5234 1.7922 1.3669 -0.86955 -1.2184 -0.3697 -0.79551 -0.066807 0.095256 0.10828 -0.23322 0.12138
1.5615 -2.4683 1.621 1.6486 -0.2952 -1.2396 -0.44706 -0.80298 0.28014 0.031731 -0.070934 -0.051839 -0.29468
0.82355 -2.6083 1.1576 1.1806 0.18365 -0.51239 -0.47905 -0.18283 0.69333 -0.26603 -0.73589 -0.57953 -0.16122
-0.58911 -3.0752 0.89604 0.27852 0.73419 0.37933 -0.16534 -0.17172 0.40095 -0.18374 -0.485 0.12817 -0.047327
-4.2349 -2.6122 0.59805 0.0277 0.23414 -0.0018224 0.23834 0.0099904 0.01245 0.49206 1.1136 0.50698 0.098494
-4.6782 -2.8232 0.33708 -0.32211 -0.044622 0.077488 1.0707 0.90084 0.22871 0.37567 0.87834 -0.032877 0.68489
-0.64606 -1.3783 1.1215 -1.0653 0.39678 0.13869 0.2897 -0.64187 0.15521 -0.48683 -0.27496 0.22707 0.047142
1.5757 -4.2458 0.39652 0.27024 1.0046 0.48622 -0.46123 0.10336 -0.18851 -1.3931 -0.24335 0.047551 0.57023
-1.6069 -5.6164 0.65281 -0.75733 1.4335 0.6566 0.58316 0.63676 0.081987 -0.1926 0.17287 -0.0077645 -0.064806
-3.6649 -4.969 0.12347 -0.71288 0.65922 0.11667 -0.23212 -0.38072 -0.41801 -0.55212 -0.14969 -0.056095 0.001637
-2.5927 -2.5349 0.73998 0.43213 0.54624 0.52781 0.45904 0.29108 0.57752 -0.086725 -0.60053 -0.22712 0.015446
1.4946 -1.6509 1.6138 0.8588 0.38685 0.012703 -0.29934 -1.8921 0.26935 -0.55831 -0.84647 -0.14509 -1.0855
2.4655 -0.88916 2.2241 0.57409 -0.17097 -0.66451 -0.63305 -2.291 0.341 -0.64726 -0.16777 0.3623 -0.4933
2.7067 -0.58812 2.2814 0.016534 -0.33521 -0.62893 -0.60834 -2.721 0.03333 -0.63166 0.020562 0.014579 -0.66072
2.7637 -0.48822 2.1402 0.15472 -0.4697 -0.81092 -0.65813 -2.4335 -0.042596 -0.71245 0.031093 -0.16005 -0.18948
2.839 -1.0704 2.8304 -0.22438 -1.2031 -1.3439 -0.75071 -1.0841 -0.1488 -0.66442 -0.36758 -0.47245 -0.034546
2.8228 -0.35382 1.9685 -0.57083 -1.2605 -1.3403 -0.42778 -1.089 0.060782 -1.0136 -0.38923 -0.56691 -0.21859
2.8644 -0.54699 1.6353 -0.60771 -1.6002 -1.4071 -0.013214 -1.0501 -0.35901 -0.95549 -0.26294 -0.65184 -0.20589
2.9595 -0.77008 1.4323 -0.76585 -1.6518 -1.5682 0.35567 -0.86888 -0.23777 -1.2596 -0.29038 -0.41386 -0.17232
3.0259 -0.95768 1.6379 -0.89039 -1.8624 -1.7933 0.44436 -0.40142 -0.35864 -1.5701 -0.41305 -0.19342 -0.1253
3.0627 -0.81596 1.041 -1.2862 -1.664 -1.8784 0.34536 -0.65571 -0.5583 -1.3391 -0.18298 -0.90286 -0.26417
3.1782 -1.154 0.4748 -1.3862 -1.5053 -2 0.25715 -0.5584 -0.4403 -1.2245 -0.44899 -0.87496 0.026884
3.253 -1.5365 0.18105 -1.7811 -1.5034 -1.7661 -0.095615 -0.092989 -0.40619 -1.5763 -0.45321 -1.0994 -0.015279
3.2348 -2.0125 -0.46943 -2.14 -1.7516 -2.1479 -0.31113 0.051859 -0.27548 -1.5533 -0.64814 -1.2945 -0.026973
3.3536 -1.7417 0.16414 -1.7243 -1.5431 -2.1988 -0.043982 0.68799 -0.28489 -1.1875 -0.68064 -1.1543 -0.12125
3.4953 -1.8974 0.66811 -1.5604 -1.6121 -2.095 0.13742 0.92211 -0.31017 -1.1988 -0.87743 -1.147 -0.02531
3.2622 -1.4294 -0.18746 -1.8389 -1.4506 -2.1493 0.37758 0.30099 0.18132 -1.4574 -0.55452 -1.0416 -0.028587
3.1585 -2.1127 0.033395 -1.9435 -1.9228 -2.2488 0.49463 0.23478 -0.2024 -1.4987 -0.84732 -0.53361 -0.22219
3.1156 -1.8015 0.016596 -1.655 -1.9195 -2.0142 0.63565 -0.0089288 0.1741 -1.5131 -0.54889 -0.7907 -0.34532
2.9586 -1.6537 0.18855 -1.3582 -1.8884 -1.99 0.29008 -0.048129 0.59994 -1.3603 -0.49581 -0.86968 -0.24701
2.5023 -1.8304 0.75229 -1.285 -1.6771 -2.0902 0.12842 0.14011 0.46707 -1.1079 -0.66653 -0.48709 0.026936
2.0207 -1.7392 1.4176 -0.52167 -1.6297 -1.2728 -0.79186 -1.8548 0.43672 -1.2032 -0.68819 -0.60918 -0.50235
2.1232 -1.2721 1.4189 -0.55234 -2.0076 -1.2039 0.061213 -2.1016 0.13311 -0.9652 0.058409 -1.1093 -0.20681
2.3569 -1.4286 1.65 -0.093099 -1.4149 -1.4688 -0.65835 -2.0952 0.20035 -1.3777 -0.20952 -0.019019 -0.47622
2.152 -1.5941 1.8168 0.30597 -0.71193 -0.90318 -0.69257 -2.5002 -0.11648 -1.1362 -0.17382 -0.049673 -0.44826
0.94935 -2.2593 1.409 0.59119 -0.29727 -0.60369 -0.76424 -1.5795 0.17409 -1.2167 -1.3289 -0.4392 -0.065571
