-0.79218 -2.1519 1.6894 0.59947 -0.27317 -0.47542 -0.68914 -1.9936 -0.016154 -0.43419 0.8353 0.7573 -0.19521
-1.2025 -2.2212 1.7111 0.91983 -0.5523 -0.29509 -0.38769 -2.0302 0.0042787 -0.60374 0.65734 0.63171 0.24412
-1.4768 -2.4589 1.5361 0.73001 -0.20689 -0.23055 -0.35043 -1.53 -0.3837 -0.34727 1.0034 0.75411 -0.17707
-1.5446 -2.326 1.2629 0.87004 -0.062825 -0.032252 -0.30579 -0.92929 0.7852 -0.1817 -0.53673 -0.096136 -0.13979
-0.1999 -1.8462 1.9751 1.003 -0.39264 -0.75939 -0.81293 -1.9243 -0.12925 -0.70189 0.014122 -0.1027 -0.3543
-0.29102 -2.4167 1.8376 2.1448 -0.021384 -0.52033 -0.95117 -1.8966 0.078969 -0.51259 0.15951 0.11504 -0.19364
1.2309 -2.7032 2.5123 2.6582 -0.99076 -1.2706 -0.36557 -1.7402 0.56531 -0.24723 -0.36005 -0.25101 -0.41792
1.4505 -1.3799 3.6257 2.0992 -0.65818 -0.7318 -0.76724 -1.5252 -0.12911 -0.44786 -0.0038196 -0.46344 -0.54625
1.1597 -1.1335 3.2321 0.99908 -0.29373 0.079369 -0.7066 -1.5821 0.33039 -0.34122 -0.34347 -0.11795 -0.48204
-0.27563 -1.5259 2.1531 1.386 0.10427 -0.12964 -0.5496 -1.224 0.88117 -0.32251 -0.55476 0.0081616 0.28007
-1.8009 -2.6135 0.90257 0.92992 0.99659 0.76042 -0.024342 -0.18926 0.87094 -0.13429 -1.1449 -0.037256 -0.34289
-3.2943 -2.9332 0.24052 0.0049908 0.36783 0.18244 0.090201 0.06605 0.31891 0.14105 -0.046467 0.14966 -0.069713
-5.1531 -2.7187 0.59085 0.17697 0.46278 0.033521 -0.30022 -0.53069 -0.074898 0.32898 0.83972 0.81456 0.011194
-4.5686 -2.5619 0.68513 0.45639 0.81103 0.59898 0.45574 0.42902 0.67309 0.34349 -0.031848 0.083031 -0.2145
-4.6672 -2.5433 0.67983 0.35414 0.69731 0.56154 0.64823 0.51254 0.5276 0.35714 0.2386 0.021013 -0.13796
-1.4802 -2.0011 0.2277 -0.76279 -0.56464 -0.19374 0.86512 -0.54043 0.64734 -0.35489 -0.25632 0.30906 0.063707
-2.5982 -2.3092 0.83522 0.14898 -0.29408 0.11926 0.53564 -0.41595 0.27692 -0.54896 -0.1917 -0.057991 -0.46298
-1.0675 -1.169 1.4985 -0.86267 -0.57704 0.13238 -0.20465 -0.076765 0.39311 -0.3174 -0.55247 0.32408 0.03997
0.59782 -1.2112 2.5141 1.2515 0.18715 -0.33425 -0.97814 -1.4092 0.62009 -0.6877 -0.85114 0.21323 -0.45037
1.3449 -0.81929 2.707 1.4814 -0.72799 -1.0833 -0.31312 -1.9085 0.14956 -0.17112 -0.8422 -0.081086 -0.16642
1.7279 -0.81249 2.481 1.3234 -1.0431 -0.90852 -0.22667 -1.9529 0.17206 -0.47827 -0.64804 -0.089383 -0.44425
1.9533 -0.82687 2.2479 1.2829 -1.2119 -0.5177 -0.27951 -2.3145 0.42072 -0.49625 -0.70893 0.057705 -0.31568
2.0179 -1.4686 1.9739 1.0719 -0.87878 -0.55926 -0.62488 -1.9003 0.092153 -0.18399 -0.9434 -0.020577 -0.10039
2.5683 -0.99128 1.9798 0.35285 -1.262 -0.89319 -1.1418 -0.96405 0.72898 -0.31994 -1.0539 0.069244 -0.24276
3.5862 0.13217 1.4863 -1.27 -0.72853 -0.67852 -2.2384 -0.54624 1.1198 -0.25473 -0.96771 -0.25566 -0.42668
3.6466 -0.35468 1.3857 -0.89263 -0.8495 -0.66469 -2.3373 -0.37589 1.2432 -0.39806 -0.80334 -0.46184 -0.54747
3.8177 0.14435 0.2017 -0.97458 -0.28608 -0.4135 -2.3264 -0.26081 1.2075 -0.32905 -0.32997 -0.82716 -0.50416
3.9616 0.093327 0.30937 -1.8937 -0.42638 0.3792 -2.0476 -0.25365 0.99526 -0.13153 -0.86352 -0.71964 -0.53498
4.1225 0.1983 0.39082 -2.3607 -0.62518 0.71798 -1.9063 -0.06178 1.2243 -0.29445 -0.88978 -1.1102 -0.10791
3.982 0.35599 0.30915 -2.6208 -0.43524 0.43389 -1.4472 0.053017 0.76484 0.090948 -1.0103 -0.94446 -0.22552
3.755 0.40383 0.45411 -2.45 -0.69734 0.61446 -1.0541 -0.26169 1.0834 0.088344 -0.82104 -1.2885 0.06932
3.4894 0.07262 0.59204 -2.2855 -0.56266 0.45623 -1.1065 -0.14363 0.9815 0.36855 -0.68521 -1.2726 -0.052775
3.2532 0.10046 0.90932 -2.2089 -0.14856 0.49782 -1.5383 0.218 0.83112 0.45273 -0.90092 -1.0188 -0.0027552
2.7838 0.3021 1.1758 -2.054 -0.31124 0.54187 -0.83573 -0.029443 0.86709 0.41928 -0.71186 -0.57833 0.011622
2.7064 -0.051592 0.93481 -1.7635 0.05677 0.071753 -0.57124 0.26657 1.3229 1.0059 -0.80902 -0.70917 -0.16634
2.1882 -1.834 2.5657 -0.99141 -0.0046837 -0.33576 -0.28849 0.14883 0.95301 0.37134 -0.2399 -0.75622 -0.23001
1.6662 -2.1441 2.5415 -0.92718 -0.1846 -0.21324 -0.16534 -0.31233 0.86762 0.57899 -0.1112 -0.41812 -0.45139
0.37483 -1.1444 1.9826 0.68654 -0.25907 -0.45814 -0.33489 -0.63108 1.1282 -0.0044799 0.27388 0.12532 -0.1369
-0.13285 -1.386 2.1992 1.1371 0.2651 -0.06922 -0.40173 -1.356 1.1462 -0.22396 -0.3782 0.25265 -0.22696
-0.49324 -1.7134 1.8465 0.94189 0.11918 0.035476 -0.21482 -1.4492 0.83056 -0.2972 -0.35 -0.099942 -0.84103
