2.6106 -2.4515 2.6615 0.37642 -1.0244 -1.8281 -0.49429 -1.9176 -0.94524 -0.66628 0.34699 -0.49479 -0.0049373
2.6839 -2.5402 2.3828 1.7027 -1.0481 -2.2094 -0.62353 -1.1435 -0.74256 0.27971 -0.18589 -0.40427 -0.083087
1.8769 -1.4919 1.8737 0.6892 -0.7947 -1.9335 0.29594 -1.1535 -0.65335 -0.027375 0.14192 0.32199 0.028436
-0.3004 -1.9923 1.8795 1.5184 0.5725 0.17594 -0.68532 -1.309 1.2105 -0.42018 -1.0714 0.43431 -0.27755
-1.3434 -2.429 1.3843 1.2275 0.38919 0.017944 -0.82669 -1.3546 0.99099 0.19734 -0.41948 0.18526 -0.59105
-2.9185 -2.6747 0.56733 0.17463 0.17934 0.10437 0.14729 -0.10059 0.23586 -0.1266 -0.32183 -0.28976 -0.12146
-3.7198 -2.581 0.59001 0.07823 0.27903 0.11022 0.23216 -0.042917 -0.096543 0.064189 0.35943 0.077024 -0.15768
-3.8819 -2.5527 0.73183 0.3005 0.51033 0.15803 -0.054362 -0.34156 -0.030892 0.28858 0.64993 0.46734 -0.25601
-2.5614 -2.4867 0.54515 0.20658 0.36415 0.066932 -0.2937 -0.74241 -0.093916 -0.13551 0.025176 0.22583 -0.29521
2.174 -1.9051 0.20856 -2.2047 -1.0571 -0.049948 0.48695 -0.2915 -0.79206 -0.0041831 -0.62486 0.37705 -0.12261
1.2199 -3.3085 0.98253 -1.6059 -0.19136 -0.32943 0.15296 0.30984 -1.4712 -0.19164 0.169 0.54298 0.46325
-0.71618 -3.9953 0.76712 0.57953 1.1794 0.57864 0.0018909 0.19447 -0.27572 -0.1942 -0.32966 -0.25397 0.053066
1.0007 -1.2325 1.3896 -0.010006 -0.36348 -0.26094 -0.11251 -1.5418 -0.91619 -0.82848 -0.21033 -0.096843 -0.67652
2.9707 -0.36575 1.8673 -0.67664 -1.3192 -1.1137 -0.58337 -2.1155 -1.0789 -0.51602 -0.39245 0.074922 -0.20946
3.3974 0.52013 1.7701 -1.0002 -1.2578 -1.2288 -0.076024 -1.751 -1.2644 -0.61127 -0.062097 0.28616 -0.32044
3.9067 -1.5634 1.2115 -0.76156 -1.1898 -1.9274 -0.60807 -0.80366 -1.2252 -0.46053 -0.12184 0.21607 -0.39825
4.6776 0.54088 -0.32725 -1.3459 -1.3317 -2.6697 -0.65764 -0.29586 -0.52407 -0.58042 0.13297 -0.382 -0.81506
5.1364 0.20203 -1.1082 -1.4212 -1.1794 -2.645 -0.5562 0.059609 -0.37072 -0.78331 -0.42664 0.091321 -1.2001
5.0514 0.059901 -1.3606 -1.5368 -1.0808 -2.39 -0.78368 0.16866 -0.20958 -1.2067 -0.51399 0.0048701 -1.1073
4.7947 0.13393 -1.2504 -1.2724 -0.53106 -2.2142 -0.32106 0.22103 -0.26494 -1.0793 -0.38192 0.35369 -1.0869
4.6515 -0.13794 -1.1177 -2.1647 -0.11005 -2.2732 -0.90425 0.60254 -0.98975 -1.1213 -0.93244 0.16319 -0.78654
4.4099 0.10134 -0.98633 -1.7426 -0.22054 -1.6795 -0.69459 0.42399 -0.56159 -1.0394 -0.91582 0.11055 -0.22145
4.4059 0.64295 -1.0107 -2.0283 0.19563 -1.6766 -0.79511 0.81123 -0.43384 -0.74202 -1.157 0.21433 -0.34404
4.459 0.89016 -1.6976 -1.9172 0.15154 -1.841 -0.30421 0.24741 -0.34965 -0.78108 -0.99048 0.043409 -0.24655
4.4412 1.0745 -1.8713 -1.8844 -0.1484 -1.2095 0.012449 0.016238 0.35499 -0.90258 -0.94934 -0.022582 -0.33321
4.5112 0.92654 -1.776 -2.1076 -0.033573 -1.2614 -0.070828 0.1709 0.52215 -0.92135 -0.79578 -0.087937 -0.14004
4.2161 0.86481 -1.1088 -2.3925 0.058447 -1.1689 -0.078312 0.063553 0.58995 -0.74691 -0.83064 -0.12407 -0.38809
3.6913 1.1905 -0.53789 -2.2966 -0.1798 -1.0963 0.22808 -0.055027 0.6483 -0.88776 -0.6514 -0.35619 -0.20329
3.3038 0.66127 -0.1734 -2.145 -0.47566 -0.9971 0.095458 0.0072595 0.27156 -0.67259 -0.10067 -0.40066 -0.23235
3.0911 0.64892 -0.026902 -1.9307 -0.39165 -1.0393 -0.11584 -0.31724 0.35189 -0.33501 -0.11853 -0.60935 -0.40339
2.0808 0.2728 0.85098 -0.99222 -0.19409 -0.9917 -0.012064 -1.1392 0.58084 -0.33332 0.025927 -0.28003 -0.87246
1.7103 -0.60352 1.465 0.19005 -0.2451 -0.49876 -0.19678 -1.9353 -0.27935 -0.46812 0.48974 0.11633 -0.15937
1.5541 -0.47057 1.3355 -0.28 -0.39463 -0.50939 0.10324 -1.8943 -0.052181 -0.4987 0.37054 -0.14498 -0.70629
1.21 -0.81113 1.704 0.43458 0.023103 -0.37515 -0.10441 -1.8443 -0.43795 -0.77909 0.61961 0.64362 -0.10782
0.99479 -1.1978 1.9333 0.20969 -0.4951 -0.33973 0.17524 -1.549 0.096217 -0.49006 0.2067 -0.2461 -0.20491
0.38395 -1.3013 2.0549 0.36369 -0.49737 -0.20483 0.17084 -1.7882 -0.054834 -0.95843 0.18107 0.38854 -0.069854
0.11321 -1.6266 1.551 0.13419 -0.12485 -0.13238 -0.082823 -1.727 0.15783 -0.51297 0.091487 0.34724 -0.32346
-0.59875 -2.2446 1.1736 0.39154 -0.26078 -0.26706 -0.32013 -1.2336 0.38183 -0.43303 -0.43233 -0.22749 -0.47939
