2.2169 -4.8512 2.8798 0.86976 -0.75946 -0.13493 -0.65232 -0.87662 -0.29101 0.43713 -0.7732 -0.66169 -0.66839
2.5008 -2.2824 3.2184 1.543 -1.1656 -1.1542 -0.84739 -1.84 -0.27774 0.14695 -0.099938 -0.26083 -0.069189
3.004 -3.0115 3.9139 0.98026 -0.73127 -0.83446 -1.0679 -1.602 -1.1386 0.80699 -0.45113 0.034985 0.030861
2.2832 -2.41 3.5592 1.5377 -0.20664 -1.122 -1.023 -1.8855 -0.42509 0.19308 -0.60708 0.04871 -0.33166
0.54402 -1.5337 2.2148 1.0776 -0.042739 -0.6534 -0.56755 -1.3929 0.22461 -0.25205 0.29879 0.23741 -0.74796
-2.107 -2.637 0.75431 0.53879 0.60801 0.35418 -0.073046 -0.31467 0.40612 0.017976 -0.29758 0.079675 -0.49278
-5.2557 -2.5723 0.61483 0.36175 0.75246 0.61259 0.55286 0.53138 0.73818 0.48316 0.20524 0.33957 0.15529
-5.2701 -2.4666 0.79734 0.31274 0.54906 0.21204 0.068899 -0.20791 0.0335 0.44189 0.95912 0.78935 0.23311
-0.67449 -1.4603 1.2132 -0.70459 -1.5335 -1.2506 0.93457 -0.13783 0.2795 -1.0288 0.49407 0.009965 0.47875
-1.0068 -1.99 0.60344 -1.5619 -1.3299 -1.5156 0.27288 -0.56541 -0.17616 -1.0127 0.030131 -0.16932 0.14103
-0.16371 -2.3112 1.438 1.0905 0.42408 0.069324 -0.86316 -1.6466 0.73167 -0.26613 -0.67166 0.23702 -0.83798
1.1975 -1.3672 2.0947 0.54905 -0.37749 -0.091196 -0.27448 -2.2064 0.29788 -0.92243 -0.24415 0.49909 -0.32974
1.7554 -1.0447 2.559 0.89893 -0.84074 -0.47265 0.21511 -2.3934 0.075408 -1.1541 -0.24518 0.30273 -0.046535
1.9054 -0.94286 2.5139 0.27602 -0.62117 -0.41673 -0.08829 -2.205 -0.16327 -1.1425 -0.27046 0.45278 -0.26849
1.9761 -0.82177 2.3891 0.18335 -0.82886 -0.4763 -0.018743 -2.0528 0.018951 -1.2782 -0.68926 0.56401 -0.092748
2.0921 -0.95318 2.7105 0.05514 -0.76907 -0.55511 0.082418 -2.1797 -0.42574 -0.86192 -0.47571 0.53093 -0.30652
2.5495 -0.99572 1.8476 0.10942 -0.36032 -1.8728 -0.41809 -0.68715 -0.40513 -0.62643 0.006898 0.34231 -0.70651
3.4713 -1.1261 1.1499 -0.64617 -0.68368 -1.8684 -0.59797 0.36438 -0.63953 -0.053069 -0.27005 -0.011132 -0.67339
3.8155 -1.348 1.1474 -1.4096 -0.68266 -1.5554 -0.8929 0.57477 -0.36945 -0.40918 -0.50807 0.44579 -1.2051
4.0063 -1.5846 0.7936 -1.4922 -0.49437 -1.605 -0.82199 0.54519 -0.4502 -0.21498 -0.60069 0.20045 -0.97748
3.9763 -1.4531 0.52649 -1.4631 -0.43794 -1.7235 -0.77922 0.60685 -0.32582 -0.3188 -0.69914 0.34298 -1.1062
4.1716 -1.5025 0.35061 -1.7432 -0.070718 -1.8978 -0.89565 0.7324 -0.41442 -0.013974 -1.0125 0.32486 -0.98163
4.3042 -1.7013 0.42437 -1.7806 -0.34094 -1.637 -0.98439 0.45627 0.072646 -0.42697 -0.92277 0.25535 -1.2865
4.2313 -1.336 -0.097414 -1.625 -0.42092 -1.494 -1.1967 0.36636 -0.085571 -0.17891 -1.0498 0.067022 -1.03
4.4497 -1.6831 0.14739 -1.7367 -0.14205 -1.5927 -1.3215 0.44114 0.1577 -0.2078 -1.2022 0.12218 -0.87173
4.3517 -1.3928 0.063643 -1.9121 -0.13982 -1.5627 -1.4217 0.39121 0.25324 -0.45163 -1.1566 0.095871 -0.89966
4.141 -1.2195 -0.23495 -1.659 -0.013939 -1.7469 -1.2699 0.33189 -0.064538 -0.32743 -1.0771 -0.05286 -0.78399
4.0119 -1.0648 0.019042 -1.7251 0.077714 -1.7033 -1.2373 0.029279 0.17554 -0.53531 -0.94657 -0.050899 -0.93261
3.9854 -1.2921 0.053388 -1.6156 -0.060484 -1.6746 -1.2988 0.060769 0.027183 -0.46668 -1.1047 0.0087092 -0.72935
3.9702 -1.5278 0.1653 -1.4847 -0.27515 -1.5989 -1.6942 0.085982 0.088983 -0.84874 -0.6752 -0.14225 -1.0227
3.8249 -1.2571 0.36463 -1.4145 -0.3263 -1.8888 -1.9401 0.12026 0.21431 -1.027 -0.82731 0.066424 -1.232
3.4136 -1.0675 0.68076 -1.54 -0.19398 -2.1144 -1.7176 -0.38244 0.11355 -0.947 -0.68874 0.047058 -0.98192
2.3326 -1.0863 1.3535 -0.50289 -0.20337 -1.6177 -1.0321 -0.99014 0.27961 -0.97613 -0.52935 0.20196 -0.2281
1.7441 -1.6607 2.4541 -0.048538 -0.64964 -1.4115 -0.85494 -1.5695 -0.25205 -0.93758 -0.41699 0.47238 -0.22783
1.5318 -1.7012 2.2169 0.28893 -0.75206 -1.7716 -0.88319 -1.5526 0.094696 -0.9815 -0.097028 0.15939 -0.11757
0.77672 -2.0284 1.8463 0.40239 -1.0167 -0.66739 -0.97844 -2.4047 0.10479 -1.2556 -0.27516 0.34208 -0.13143
-0.48885 -2.8042 0.82709 0.39769 -0.078154 -0.22225 -0.94315 -1.8427 -0.070894 -0.75838 -0.70982 0.1522 -0.60271
