-0.6241 -1.3505 2.2207 1.0348 0.12532 -0.30517 -0.43528 -1.6858 0.87843 -0.64285 -0.4726 0.2528 -0.33576
-1.7006 -2.6565 1.8337 0.56431 0.76558 -0.028965 -0.50262 -0.8664 0.26829 -0.12473 -0.3479 0.10426 -0.13731
-1.4119 -6.2249 2.3727 1.0415 0.012467 -0.21937 0.24107 -0.30789 0.28342 0.51028 0.20976 0.070814 0.0074576
-1.0261 -6.4997 1.55 0.40731 0.2355 0.051079 0.27022 -0.15141 -0.50512 0.19473 -0.27124 0.50898 0.65436
-1.6469 -6.3267 1.1513 -0.17033 0.47198 0.59584 1.0822 0.3527 -0.20553 0.27844 0.42599 -0.2646 0.28776
-0.76311 -7.0657 1.848 0.45789 0.37216 0.14337 0.10192 0.043052 -0.084573 0.53018 0.34725 -0.0025146 -0.17901
-1.5888 -6.4917 1.2387 0.50494 -0.14687 0.38148 1.0992 0.53746 0.16055 1.1749 0.092119 -0.23865 -0.041984
-0.39544 -7.9532 1.2323 -0.54561 1.0742 0.15773 0.2892 0.22676 0.53573 -0.0074862 0.061174 0.81228 0.32571
-0.62256 -7.7721 2.0878 -0.19243 0.82918 0.39276 -0.12841 0.20267 0.24906 0.38252 -0.063622 0.10661 -0.061303
1.423 -6.309 2.9677 -2.2236 0.26208 -0.14802 -0.14728 0.093962 0.34955 0.47847 -0.18165 -0.25059 0.55956
1.0274 -7.0494 2.6643 -1.4347 0.36244 -0.53146 -0.17426 0.21232 0.72198 0.38512 -0.1232 0.014938 0.21572
0.79572 -6.8197 2.3672 -1.1701 0.40278 -1.173 0.040893 0.53325 -0.27218 0.4057 0.4036 0.30773 0.086028
-1.4568 -4.195 2.2848 -0.30746 1.2841 -0.04081 0.58335 -0.13294 0.24356 0.011131 -0.28807 0.3594 -0.21701
-0.31033 -1.1226 2.4461 1.2243 0.089498 -0.52084 -0.65628 -1.6609 0.6463 -0.48548 -0.41032 0.25171 -0.46479
1.6445 -0.52138 3.2471 1.5795 -1.407 -1.9655 -0.85899 -1.9378 0.88006 -0.57824 -0.14683 -0.0042534 -0.050329
2.0152 -0.20119 2.0798 1.6932 -1.7955 -1.5689 -0.67654 -2.1864 1.1826 -0.49966 -0.33725 -0.2181 -0.14213
1.9118 -0.49216 2.0545 1.4475 -1.4225 -1.0317 -0.47401 -2.2882 0.88285 -0.39561 -0.23673 0.11895 -0.022578
1.8561 -0.28511 1.7413 1.2344 -1.1142 -1.1553 -0.53777 -2.6041 1.0136 -0.15776 -0.39183 -0.17185 -0.3634
1.9742 -1.474 2.0698 1.0376 -1.5416 -0.6923 -1.0189 -1.3351 0.52202 -0.63468 -0.062851 0.13841 -0.3592
2.2421 -0.88689 -0.23101 0.79556 -0.82033 -1.4267 -0.18659 -0.48553 0.021849 -0.51974 -0.10716 -0.026284 -0.2567
2.7378 -0.63275 -1.3652 0.56499 -1.089 -1.0021 0.092199 0.11612 -0.045271 -0.75902 -0.13825 -0.32719 -0.47336
3.1838 -0.91755 -1.8513 0.85354 -1.308 -0.69349 0.12827 0.30625 -0.32616 -0.80718 -0.45441 -0.22781 -0.40215
3.3891 -1.3956 -2.0995 0.67367 -1.3127 -0.54322 0.013137 0.25366 -0.3399 -0.73181 -0.80703 -0.21335 -0.41599
3.7561 -1.3018 -2.2406 0.80361 -1.4363 -0.6796 0.0018469 0.18744 -0.49084 -0.86756 -0.78674 -0.053245 -0.54065
3.8364 -1.0947 -2.715 0.77096 -1.3526 -0.73296 0.018487 -0.17931 -0.2481 -1.1822 -0.68479 -0.14648 -0.46593
4.0001 -1.3509 -2.6304 0.65948 -1.1974 -0.637 0.012797 -0.084947 -0.31904 -1.0356 -0.8477 -0.26757 -0.31591
4.161 -1.3133 -2.8153 0.74861 -1.1807 -0.48587 -0.044146 0.062997 -0.42893 -0.91545 -0.91757 -0.046812 -0.24784
4.2331 -1.6199 -2.7834 0.65657 -1.3786 -0.51991 -0.27514 0.07327 -0.70235 -1.1463 -0.87263 -0.24203 -0.2854
3.9399 -1.1259 -2.5261 0.65531 -1.4699 -0.73406 -0.42778 0.34443 -0.69396 -1.1173 -0.88158 -0.18298 -0.23645
3.9344 -1.2012 -2.4472 0.53555 -1.6435 -1.2829 -0.25628 -0.073788 -0.63614 -1.2286 -0.94837 -0.27218 -0.088586
3.629 -1.3534 -2.27 -0.028922 -1.7009 -1.591 -0.61242 -0.30189 -0.88513 -1.4593 -1.2741 -0.27309 -0.57128
2.9255 -0.79532 -1.6881 -0.091788 -1.145 -1.4768 -0.25922 -0.71788 -0.51451 -1.2606 -0.91054 -0.085918 -0.48688
1.9649 -0.59919 -0.12311 0.38241 -0.98018 -1.5744 -0.53353 -1.5464 -0.071124 -1.2032 -0.55693 -0.099326 -0.098403
2.3046 -0.94316 1.6194 1.0192 -1.4992 -1.8799 -0.93584 -2.5851 0.16598 -0.87775 -0.43809 -0.17363 -0.47363
1.7531 -0.42156 1.9603 0.74724 -1.288 -1.4693 -0.48591 -2.3401 0.14722 -1.008 -0.45444 -0.13231 -0.14455
0.93156 -0.82447 1.8545 0.8607 -0.79526 -1.531 -0.60256 -1.5116 0.371 -0.88042 -0.61363 -0.33417 -0.10166
-0.50354 -1.2883 2.0882 0.793 -0.36873 -0.54079 -0.10337 -1.0349 0.44665 -1.1173 -0.66133 -0.20389 -0.2365
