1.2643 -3.0825 1.0309 0.24171 -0.92266 -0.73301 -0.91685 -2.4093 -0.42226 -1.4237 -0.38624 0.33661 -0.25626
1.8269 -3.2258 0.76627 -0.090936 -0.98462 -1.0739 -1.386 -2.4523 0.27414 -1.1355 -0.91272 0.088221 -0.43412
2.0517 -3.3961 0.6466 -0.080656 -1.1732 -1.1461 -1.2585 -2.4285 0.06194 -1.248 -0.88124 -0.20661 -0.28522
2.3078 -3.4232 0.18242 -0.35262 -1.7951 -1.5745 -0.62245 -1.3106 -0.63165 -1.04 -0.39183 -0.38364 -0.58361
3.2025 -3.8892 -0.28418 -1.4234 -2.9616 -2.7261 -0.063733 -0.22066 -0.54517 -0.82252 -0.24397 -0.88506 -0.21817
3.5118 -4.5627 -0.56674 -1.2736 -2.9856 -1.6992 -0.40549 -0.44526 -0.34341 -0.67681 -0.63855 -0.81845 0.0026627
3.5435 -4.3556 -0.29869 -1.2128 -2.877 -1.127 -0.15294 -0.83513 -0.2244 -0.56712 -0.76537 -0.62432 0.014594
3.8752 -5.143 -1.2308 -1.5025 -3.2409 -1.2334 -0.4568 -0.86049 -0.39831 -0.68769 -0.41747 -0.29575 -0.22431
3.9772 -4.9667 -1.217 -1.4847 -3.2824 -1.4113 -0.23344 -0.6339 -0.63373 -0.58927 -0.45895 -0.86882 -0.027557
4.0854 -4.8135 -1.5234 -1.5134 -3.6016 -1.0566 -0.079568 -0.87581 -0.64311 -0.55723 -0.50423 -0.60095 -0.3368
4.2011 -5.1515 -1.2075 -1.3441 -3.5253 -1.2612 -0.020228 -0.67818 -0.69101 -0.74081 -0.25716 -0.58115 -0.13922
4.2612 -5.4729 -1.5746 -1.7151 -3.893 -1.1915 -0.55143 -0.76603 -0.67511 -0.73767 -0.4029 -0.65362 -0.21877
4.2829 -5.1269 -1.6782 -1.7937 -3.8366 -1.2783 -0.10503 -0.92211 -0.43488 -0.7107 0.026769 -0.68828 -0.13759
4.3525 -4.9355 -1.0222 -1.1599 -3.486 -1.0542 0.23492 -0.60823 -0.36599 -0.47628 0.03626 -1.1114 -0.17042
4.3093 -4.7939 -1.0814 -1.2483 -3.219 -1.1776 -0.12785 -0.4702 -0.22832 -0.25308 0.16577 -1.2626 -0.015436
4.1599 -4.9906 -1.1654 -1.3788 -3.5821 -1.606 -0.045476 -0.61854 -0.7046 -0.8093 -0.28503 -1.4887 -0.29936
4.088 -4.9553 -1.2431 -1.1859 -3.6927 -1.8148 -0.057446 -0.54896 -0.18144 -0.84869 -0.42178 -1.5016 0.24578
4.0252 -5.0486 -0.7182 -1.1863 -3.5338 -2.081 -0.0006217 -0.41839 -0.3656 -0.67836 -0.17133 -1.1954 0.086003
3.4619 -4.2927 -0.0209 -1.1175 -3.8249 -2.1567 0.081087 -1.0708 -0.4338 -0.4009 0.41847 -1.5367 0.034265
2.2113 -3.0845 0.6208 -0.27062 -1.9694 -1.9833 -1.0596 -1.8753 -0.26347 -0.8106 0.34533 -0.26387 0.42412
2.4025 -3.3853 0.57966 -0.10805 -1.9502 -1.8151 -0.74701 -1.807 -0.74769 -1.2247 0.15083 -0.35661 0.43608
2.4397 -3.3724 0.61067 -0.82645 -1.5109 -1.9372 -1.1453 -2.1423 -0.51011 -1.0082 0.094772 -0.48959 -0.25234
2.4228 -3.2111 0.82352 -0.34437 -1.6159 -1.6308 -0.91388 -1.712 -0.19964 -1.158 0.084943 -0.14827 0.01954
2.377 -3.2877 0.49357 -0.34521 -1.4686 -1.7788 -0.99554 -1.7583 -0.24176 -1.1027 0.0038712 -0.23172 0.17097
2.3048 -3.3161 0.70094 -0.55678 -1.8431 -1.7151 -1.0187 -2.1785 -0.29436 -1.2689 -0.15522 -0.34326 -0.14664
2.0831 -3.4686 0.48702 -1.0275 -2.3204 -1.8169 -0.88958 -2.5835 -0.15012 -0.94951 -0.24018 -0.77248 0.096894
1.6009 -3.4011 0.43649 -0.68634 -1.3476 -1.1379 -0.73707 -1.8988 0.060096 -0.92228 -0.54213 -0.055882 0.33279
1.1137 -3.5348 0.37145 -0.17081 -0.99948 -0.96446 -0.87054 -1.5946 0.15262 -0.54019 -0.54165 -0.3047 0.24515
0.4977 -3.5919 0.25732 -0.1872 -0.95714 -0.99694 -0.99362 -1.6681 -0.38711 -0.54326 0.045622 0.11006 -0.015962
