0.48558 -2.0984 2.3262 -0.08532 -2.4832 -1.7427 -0.5696 -2.3617 0.59973 0.31091 0.6414 0.2199 -0.19822
0.018296 -1.7898 1.3345 0.62859 -1.4865 -1.9858 -0.82775 -2.2932 0.29303 -0.42944 0.97832 -0.040844 0.1566
-1.7002 -2.0854 1.9017 0.61973 -1.019 -0.98244 -0.73281 -2.25 0.16196 -0.1249 1.057 -0.15114 -0.28513
-2.854 -1.9687 2.0105 0.9048 -0.87593 -0.57363 -0.069238 -1.5889 0.10092 -0.27716 1.2579 0.38557 -0.15748
-3.0248 -2.6533 1.0266 0.23811 -0.23293 -0.5858 -0.33376 -0.95882 0.058544 0.59729 1.6963 0.70598 0.39967
-3.673 -2.6527 0.92637 0.31435 -0.12171 -0.30043 -0.069423 -0.69228 0.079759 0.54672 1.5366 0.67659 0.15237
-5.6418 -2.585 0.752 0.29304 0.47905 0.20118 0.063186 -0.28255 -0.1418 0.14933 0.59922 0.53443 0.10719
-5.1406 -2.6271 0.6371 0.29507 0.52695 0.34216 0.42498 0.19672 0.092688 0.062191 0.2172 0.25392 0.60344
-4.6837 -2.5106 1.0734 0.66017 0.64594 0.24637 -0.34785 -0.91453 -0.095839 0.13287 0.76931 0.94591 -0.04995
-5.567 -2.3679 0.96816 0.67752 0.93124 0.4096 -0.14177 -0.37562 0.27628 0.45234 0.66861 0.78939 -0.2061
-5.3779 -2.5059 0.61172 0.061436 0.2762 0.13497 0.50511 0.33335 0.18264 0.35967 0.69022 0.30696 0.56297
-5.8159 -2.6507 0.60641 0.080059 0.36236 -0.026488 0.081871 -0.010772 0.26397 0.76706 1.2616 0.76251 0.35199
-5.245 -2.4904 0.67092 0.26894 0.54355 0.34694 0.47473 0.32831 0.33617 0.39028 0.51129 0.24753 0.12774
-5.7325 -1.8678 0.46577 0.070657 0.63697 0.41324 0.82342 0.79473 0.39514 0.24564 0.67508 0.099776 0.44079
-2.8232 -1.714 -0.025098 -0.61792 0.38508 -0.083291 0.15737 -0.20762 -0.1083 -0.12886 0.90032 0.81972 -0.142
-1.8425 -1.0814 2.2384 0.62245 -0.5688 -0.70097 -0.95224 -2.3462 0.5448 -0.53247 -0.03596 0.186 -0.23285
-0.11585 -0.9846 1.9435 0.038668 -1.2988 -1.9294 -0.93633 -1.999 0.1401 -0.25597 0.63003 -0.80991 -0.15245
0.0099451 -0.59376 1.9188 -0.11008 -0.90569 -2.2565 -0.37642 -1.2249 -0.26021 -0.71649 1.2335 -0.30308 -0.45659
0.039289 -0.49496 1.5516 -0.26028 -1.0052 -2.0786 -0.50142 -1.2301 -0.32109 -0.40122 1.0825 -0.63721 -0.14241
0.075721 -0.90808 1.3658 -0.18658 -0.81092 -2.5564 -0.82952 -1.3884 0.019426 -0.70174 1.0042 -0.54227 -0.27441
0.041361 -1.1375 1.5837 -0.44303 -1.1963 -2.5439 -0.74306 -1.3329 -0.25122 -0.74355 0.67899 -0.44307 -0.23937
0.085428 -0.86972 1.545 -0.42188 -0.87299 -2.6501 -0.90985 -1.0768 -0.28584 -0.89052 0.91427 -0.43792 -0.19621
0.28056 -0.73468 1.0879 -0.40237 -1.3146 -3.002 -0.3333 -0.61075 -0.047282 -1.0026 0.84543 -0.3751 -0.39099
1.3506 -1.458 0.22716 -1.2336 -2.1025 -3.1495 0.0077166 0.3085 -0.48611 -0.97967 0.84878 -0.54762 -0.8095
1.6573 -2.2528 -0.096872 -1.0236 -2.4145 -2.5293 1.0383 0.13462 -0.27601 -0.94348 0.19584 -0.63331 -0.46346
2.158 -2.909 -0.24131 -1.0147 -2.2724 -2.4261 1.1934 0.2377 -0.6831 -0.53807 -0.098275 -0.71869 -0.24584
2.4736 -3.3566 -0.16436 -1.2885 -2.5256 -2.6031 1.3748 -0.28681 -0.90053 -0.33531 -0.22509 -0.79808 -0.15566
2.4191 -3.3164 -0.11754 -1.1811 -2.5948 -2.2214 1.2496 -0.24245 -0.51979 -0.28604 -0.092286 -0.61898 -0.077867
2.4237 -3.4751 -0.11675 -1.2667 -2.5928 -2.0292 1.4789 -0.50402 -0.35155 -0.51278 -0.19116 -0.49768 -0.14599
2.4351 -3.372 0.011769 -1.2948 -2.604 -2.0036 1.6635 -0.74431 -0.29101 -0.37704 -0.053168 -0.52779 -0.045393
2.396 -3.0924 -0.18307 -1.273 -2.6172 -1.6645 1.3755 -0.71709 -0.24013 -0.45431 -0.034294 -0.80619 0.0084999
2.5145 -3.4994 -0.40684 -1.7266 -2.6765 -1.6368 1.1308 -0.58629 -0.27813 -0.4548 -0.29126 -0.72946 -0.01083
2.5629 -3.3574 -0.42736 -1.8646 -2.3457 -1.5406 1.1525 -0.65165 -0.43529 -0.52727 -0.45457 -0.47198 -0.39111
2.563 -3.5122 -0.31766 -2.079 -2.4002 -1.6759 1.1963 -0.60267 -0.70556 -0.4577 -0.2725 -0.76882 -0.34166
2.4868 -3.3217 -0.24138 -2.5743 -2.5374 -1.7757 0.98739 -0.841 -0.37499 -0.80418 -0.32736 -0.99795 -0.45302
2.5411 -2.738 0.061395 -2.9527 -2.105 -1.7122 0.93687 -0.4771 -0.23299 -0.87539 -0.26103 -0.77236 -0.65884
2.5848 -2.7387 0.18388 -2.6646 -2.374 -1.3712 0.93297 -0.45694 -0.070292 -0.54277 -0.20633 -0.67187 -0.73346
2.6557 -2.9167 -0.039282 -2.9601 -2.2792 -1.6979 1.0094 -0.70535 0.19867 -0.88754 -0.11509 -0.97379 -0.74115
2.5966 -2.9068 -0.051517 -3.2366 -2.2278 -1.8618 1.1388 -0.72745 -0.14491 -0.8949 -0.49866 -0.90703 -0.96516
2.5162 -2.3685 0.40056 -3.2839 -2.2191 -1.751 1.0988 -0.50246 -0.083894 -0.42061 -0.3536 -1.0912 -1.0639
2.6198 -2.4744 0.33795 -2.9481 -1.8096 -2.2292 1.2603 0.17657 -0.011905 -0.57694 -0.44721 -1.0378 -0.7235
2.2589 -2.7843 0.071351 -3.2254 -1.9308 -2.1738 0.49938 -0.027192 -0.28362 -0.89525 0.042035 -0.9283 -0.41435
1.7047 -2.4072 0.13521 -3.1401 -1.8048 -2.0628 0.44996 -0.079549 -0.51808 -1.1408 -0.059842 -0.59007 -0.487
1.0029 -2.0992 0.034062 -2.7001 -1.549 -2.463 0.18558 -0.064535 -0.48277 -1.2791 0.32823 -0.0013182 -0.34884
0.40706 -1.4484 -0.27813 -2.3335 -1.0942 -2.0941 -0.22155 -0.2889 -0.33677 -1.649 -0.016299 0.19217 -0.42766
0.28173 -1.7421 0.4096 -2.1224 -1.334 -2.3407 -0.32277 -0.98648 -0.44523 -1.0087 0.18179 -0.60707 0.032541
0.12521 -2.0281 0.98663 -1.3926 -0.7952 -2.5623 -0.9905 -1.3528 -0.24112 -0.48924 0.20436 -0.059689 -0.65106
-0.23778 -2.0838 1.0119 -1.5337 -1.113 -1.6107 -0.51439 -1.5209 -0.24888 -0.91137 0.14889 0.019414 -0.59544
-0.31613 -1.8124 1.2827 -1.7162 -1.5856 -1.6688 -0.23756 -1.7109 0.13914 -0.77648 0.10269 0.057977 -0.56425
-0.42946 -1.6848 1.3592 -0.85192 -1.6123 -1.6812 -0.54578 -1.6486 0.18702 -0.89164 0.021191 0.042428 -0.42858
-0.39316 -1.703 1.0926 -1.4041 -1.5193 -1.6945 -0.44988 -1.948 -0.036795 -1.0709 0.05512 0.60052 -0.15576
