-0.32585 -3.3292 1.2291 -0.75474 -1.5313 -1.5672 -0.99803 -1.4636 0.44984 0.99239 1.7557 0.43291 0.33477
1.0118 -5.0975 2.3132 -1.8275 -2.342 -1.2177 -0.60858 -0.82107 -0.36258 0.88121 0.71851 0.65354 0.082197
2.1605 -5.2782 2.5231 -1.3093 -2.1849 -1.9271 -1.1066 -0.94032 -0.24204 0.52487 0.6723 0.70219 -0.017591
2.991 -6.3713 2.8633 -1.7476 -2.4606 -1.8363 -2.0136 -0.93835 0.7419 0.19091 -0.028001 0.8005 0.13007
3.2316 -6.8902 2.9115 -1.333 -2.312 -1.6755 -1.6914 -0.60479 0.64585 -0.21914 -0.27125 0.45731 -0.31162
3.1298 -6.8277 2.6558 -1.1783 -2.5345 -1.0533 -0.78569 -0.90772 0.41646 0.016282 -0.62562 0.039697 -0.26412
2.209 -5.7879 1.8057 -1.0946 -2.4955 -1.3341 -1.2886 -0.96762 0.35437 -0.068493 -0.36289 0.02519 -0.34586
0.21284 -4.3299 0.67179 -1.0202 -2.1988 -2.1994 -1.093 -1.2969 0.33514 0.38177 -0.23253 -0.14149 0.28206
-1.9651 -2.8302 0.67464 -0.12714 -0.75418 -0.93967 -0.59769 -1.0858 0.33481 0.26701 0.44977 -0.13885 0.14531
-4.1841 -2.7001 0.56941 -0.030167 -0.021494 -0.1716 0.23935 -0.070542 -0.11043 0.14827 0.59678 -0.035409 0.19239
-5.1825 -2.6454 0.77298 0.23495 0.4552 0.050609 -0.1344 -0.43753 -0.09109 0.53504 1.3111 1.0516 0.24326
-6.0435 -2.4541 0.67337 0.2963 0.5905 0.3467 0.28658 0.12827 0.25333 0.3449 0.52279 0.54157 0.32754
-5.5874 -2.3894 0.80054 0.61515 0.95413 0.53052 0.022296 -0.047292 0.46244 0.29938 0.062326 0.50677 -0.020811
-5.1061 -2.418 0.90024 0.98536 1.452 0.94765 -0.062283 -0.022267 0.8437 0.30012 -0.50175 0.71874 0.15037
-4.8702 -2.6949 0.45385 -0.020382 0.25453 0.12649 0.42971 0.33452 0.3474 0.6012 0.94163 0.54512 0.36631
-4.9807 -2.757 0.48527 -1.1195 -1.1023 -0.57313 1.9419 1.4674 -0.52303 0.42119 2.1863 -0.38464 1.2416
-6.0887 -2.3267 0.76002 0.29622 0.58761 0.51685 0.85616 0.73052 0.53393 0.52584 0.65023 0.36358 0.59517
-4.7779 -2.558 0.79027 0.28854 0.49465 0.055061 -0.086132 -0.38481 -0.08076 0.54604 1.3176 0.91264 0.07495
-3.3194 -3.4989 1.371 -0.3169 -0.09901 -0.82301 0.8919 -0.24696 0.48233 0.51676 0.093216 0.40643 0.3793
-0.61796 -2.7366 0.22381 -1.8142 -1.9761 -1.798 -0.090623 -0.99163 -0.33861 -0.59921 0.39973 -0.27848 0.57843
0.39505 -2.4177 0.22485 -2.7905 -2.5501 -1.8757 0.89278 -0.50092 -0.95342 -0.79941 0.49306 -0.54307 0.41411
0.9163 -3.0282 0.30161 -2.4197 -2.2968 -2.0377 1.1202 -0.80171 -1.0804 -0.36298 -0.10898 -0.14759 0.23836
1.2074 -3.6584 0.1752 -2.4131 -2.4582 -1.7236 1.0866 -0.53525 -1.1818 -0.64942 -0.28564 -0.27365 0.19397
2.732 -4.62 -0.15004 -2.3195 -2.8962 -2.3215 1.0061 0.66571 -0.9868 -0.38985 -0.044216 -0.57632 -0.19618
4.6528 -6.1988 -0.84854 -2.6428 -3.177 -2.1338 1.2158 0.83685 -0.64913 -0.33668 -0.67178 -1.3534 -0.32895
5.5054 -6.8447 -0.30622 -2.2278 -2.7249 -1.2194 1.5243 1.126 -0.073142 0.1389 -0.40938 -1.0775 0.14915
5.5165 -7.6263 -0.65481 -2.6474 -2.606 -1.2318 1.0879 0.57654 -0.64901 0.067718 -0.49713 -0.68009 0.08787
5.6437 -8.0354 -0.79682 -2.6693 -2.6242 -0.91324 1.0445 0.31072 -0.68084 0.093245 -0.57132 -0.81589 0.15371
5.7765 -8.5019 -1.0793 -2.5121 -2.5254 -0.81489 0.94289 0.071677 -0.782 -0.091428 -0.65998 -0.79022 0.12755
5.8223 -8.0339 -1.1077 -2.0085 -2.0853 -0.66301 0.9094 -0.032603 -0.75037 -0.035671 -0.67069 -1.0515 -0.09361
5.834 -8.2248 -1.4155 -1.8899 -2.0873 -0.69985 1.0796 0.13354 -0.46199 0.29225 -0.55647 -0.57631 0.24491
5.9298 -8.3355 -1.484 -2.096 -2.1781 -0.74245 0.79812 -0.26306 -0.70084 0.26574 -0.71407 -1.0411 0.0066386
5.8108 -8.5521 -1.7188 -2.3513 -2.3939 -0.88273 0.75058 -0.1715 -0.67839 0.35208 -0.61368 -0.74953 0.24842
5.5412 -7.5844 -1.3412 -1.981 -2.052 -0.59005 0.94655 0.14847 -0.54541 0.27952 -0.71524 -0.65175 0.13165
5.4321 -7.6122 -1.4406 -2.1719 -2.1299 -0.84915 0.78388 -0.10394 -0.71877 0.15598 -0.819 -0.91462 -0.026087
5.4026 -8.3529 -2.1756 -2.4163 -2.3093 -0.86848 0.9048 -0.095154 -0.70621 0.18339 -0.61361 -0.84427 0.29737
5.5467 -8.1331 -1.9269 -1.9046 -1.778 -0.77649 0.91218 -0.039819 -0.62678 0.35475 -0.38542 -0.93655 0.20275
5.5699 -7.9335 -2.1135 -1.7055 -1.7022 -0.80883 0.58816 -0.18507 -0.82433 0.58537 -0.32967 -1.2801 0.060776
5.3517 -7.7699 -2.5016 -1.9938 -1.9147 -0.80779 0.81029 0.13511 -0.89785 0.23095 -0.37651 -1.0632 0.1646
4.9743 -6.9636 -2.4254 -1.9089 -1.762 -1.0338 0.92045 0.19283 -0.9657 0.27782 -0.4501 -1.0928 0.22513
4.5041 -7.1667 -3.0422 -2.2379 -2.3845 -1.3009 0.46162 0.13024 -0.98036 -0.0064492 -0.23899 -1.011 0.18722
4.3099 -6.09 -2.5357 -1.6588 -2.2461 -1.0593 0.5658 0.53103 -0.77177 0.26298 0.10195 -1.0232 0.043277
4.1496 -4.5149 -2.5924 -1.8033 -2.1287 -1.6714 0.95014 0.87115 -0.71078 0.096244 0.93273 -1.2173 0.31811
3.2369 -3.3995 -2.4135 -2.136 -2.4409 -2.3738 1.0878 0.74406 -0.99761 -0.34166 0.73226 -0.74645 0.57278
1.623 -3.0736 -0.90259 -1.546 -2.0681 -2.2487 -0.21572 -0.75328 -1.4439 -0.021752 1.0648 0.033917 1.2707
1.5994 -2.9043 -0.93215 -1.4507 -2.077 -2.0051 0.27889 -0.92879 -1.1656 -0.33252 0.81785 0.67991 1.0402
1.3494 -3.6073 -1.1417 -1.7334 -1.6568 -1.8312 0.097729 -1.4054 -1.0196 -0.48661 0.9506 0.4103 1.1449
1.1692 -3.3671 -0.66 -2.7886 -1.6958 -1.5745 -0.50054 -1.3774 -0.70777 -0.76989 0.67337 1.0178 1.0274
0.99333 -3.3915 -0.65458 -1.9418 -1.9861 -1.3599 -0.18341 -1.3667 -0.92534 -0.58478 1.0342 0.90243 1.2723
0.85849 -3.2225 -0.055876 -1.6019 -1.6361 -1.5905 -0.43067 -1.8582 -0.92652 -0.43662 1.27 0.67512 1.0653
0.10555 -3.2451 0.083362 -1.4899 -1.6626 -1.1754 -0.56773 -2.3551 -0.29199 -0.13195 0.97743 0.73882 0.88478
