1.3363 -3.0011 2.1453 2.1545 -1.3022 -1.9134 -0.60627 -1.4255 0.027801 0.79629 0.19075 -0.27203 0.25632
0.78626 -2.9064 1.9142 2.803 -0.68101 -1.2475 -0.033275 -1.2947 0.047312 0.38086 -0.26861 -0.43709 0.31887
-0.056024 -1.3846 2.316 1.5493 -0.074481 -0.84977 -0.4816 -0.66828 0.35369 0.044278 0.76395 -0.40852 -0.14091
-0.2541 -1.7351 2.248 1.9221 -0.14875 -0.6749 -0.38287 -0.82748 0.48866 -0.094316 0.45524 0.026103 -0.11705
-2.1507 -1.9691 1.3749 0.46478 -0.089969 0.35957 0.60494 -0.39157 1.2076 0.21327 -0.075364 0.25342 0.45707
-3.4222 -2.3988 0.7694 0.49884 0.87632 0.51322 0.3016 0.30783 0.54304 0.49257 0.41728 0.62 0.35869
-3.6245 -2.4989 0.76635 0.74877 1.1759 0.73983 -0.0020812 0.020306 0.81337 0.5196 0.035078 0.78412 -0.028588
-4.0729 -2.7444 0.4924 0.18665 0.58643 0.58591 0.79145 0.85492 0.78798 0.25126 -0.23206 -0.082793 0.3358
-4.1969 -2.7265 0.60954 0.34842 0.76121 0.69977 0.73703 0.75386 0.76278 0.15733 -0.42203 -0.25016 -0.032052
-1.9845 -2.6618 0.23597 -0.63656 -0.11618 -0.060194 -0.036861 -0.22979 0.34225 0.50915 -0.39603 0.042697 -0.37535
0.56597 -2.8896 0.53094 -0.75629 0.014144 -0.038092 0.10135 -0.10098 0.79742 1.0753 -0.40801 0.13424 -0.33235
-3.5626 -2.5635 0.52304 -0.06925 0.62541 0.23015 0.27666 0.11693 0.17965 0.21701 0.38643 0.39149 0.057234
-1.0781 -1.8068 1.9514 1.5025 0.83795 0.56363 -0.22229 -0.97154 0.84003 -0.72844 -1.4364 -0.050488 -0.30812
0.32405 -0.65775 2.3919 0.78596 -0.042066 -0.090209 -0.065584 -1.6385 0.75756 -0.82147 -0.78551 0.071219 -0.13166
0.39659 -0.92517 2.857 1.0013 -0.24347 0.070335 -0.30026 -1.8724 0.55906 -0.69093 -0.33523 0.13653 -0.28313
0.44841 -0.78338 2.7831 1.187 -0.57048 -0.40571 -0.33363 -1.8121 0.89141 -1.0757 -0.86804 -0.258 -0.29886
0.49388 -0.74868 2.8457 0.92014 -0.51278 -0.33063 -0.37965 -1.7206 0.9488 -1.0947 -1.2246 -0.026829 -0.1299
0.51963 -0.30641 2.7427 0.5009 -0.42699 -0.57326 -0.19871 -1.828 0.74108 -0.91108 -0.73988 -0.21636 -0.62203
0.99207 -1.147 2.8651 -0.70589 -1.0356 -0.77465 -0.71248 -1.1766 0.49694 -0.13618 -0.67877 0.13296 -0.47806
1.3032 -0.35614 1.4137 -0.42547 -0.87804 -2.089 -0.41756 0.19302 0.69432 -0.98354 -0.030734 0.23233 -0.054256
1.3041 -0.29715 0.91533 -1.0089 -0.87131 -1.4884 -0.23691 0.35069 0.22061 -0.63944 -0.042332 -0.081771 -0.010651
1.5302 -0.39034 0.45153 -1.1072 -0.73418 -1.7254 0.023095 0.51957 0.20581 -1.1856 -0.37949 0.21082 0.051731
1.8027 -0.61484 -0.07516 -1.2757 -0.97438 -1.3267 -0.25659 0.48601 -0.075297 -0.9602 -0.48032 0.00093079 0.3991
2.196 -0.80243 -0.4557 -1.3195 -0.89454 -0.74427 -0.65359 0.46852 -0.073609 -0.70951 -0.678 -0.05773 0.61759
2.3881 -0.92088 -0.37722 -1.6664 -0.72726 -0.83003 -0.48521 0.45891 -0.015945 -0.79239 -0.53657 0.40485 0.085845
2.502 -0.76422 -0.27786 -1.9147 -1.0252 -0.61294 -0.72137 -0.1101 0.23099 -0.68659 -0.63048 0.34174 0.010662
2.6056 -0.73009 -0.67691 -1.605 -1.221 -0.62959 -0.75473 0.18839 0.12565 -0.93963 -0.1686 0.022168 -0.16375
2.7548 -0.91617 -0.24508 -1.922 -1.4451 -0.47789 -0.64051 0.35835 -0.08679 -0.74787 -0.24403 -0.1728 -0.046418
2.869 -0.60026 -0.022177 -2.2324 -1.2408 -0.66078 -0.85606 0.3406 -0.14401 -0.52934 -0.12614 -0.52472 -0.29864
2.7464 -0.97685 0.28286 -1.9554 -1.673 -0.83148 -0.66088 0.25951 -0.34381 -0.70526 0.16985 -0.58098 -0.60372
2.469 -0.60334 0.041788 -1.6302 -1.7173 -1.1611 -0.41925 -0.043258 -0.60422 -0.42006 0.18099 -0.90299 -0.41082
2.1479 -0.47718 0.56362 -1.8445 -1.2014 -1.5573 -0.56271 -0.15303 -0.71978 -0.34996 0.094883 -0.56562 -0.51384
2.139 -0.38773 1.0422 -1.6168 -1.1325 -2.4199 -0.8156 0.093599 -0.85269 -0.23685 0.33548 -0.63449 -0.64937
2.0715 -0.13441 1.6309 -1.4092 -1.2041 -2.2363 -0.90476 -0.70486 -0.95876 0.20122 0.80849 -0.58343 -0.6987
1.3547 -0.59965 1.9513 -0.42438 -1.4903 -1.9508 -0.95712 -1.9165 -0.27252 -0.66571 -0.062925 -0.55522 -0.27818
1.2788 -0.56065 2.7325 -0.066474 -1.8894 -1.3442 -1.0473 -1.9395 -0.068924 -0.66046 -0.29811 -0.20863 0.19062
0.84173 -0.62878 2.123 0.14428 -1.5038 -1.7485 -0.71308 -2.0997 0.32652 -0.87547 0.024653 -0.42903 -0.012941
0.066779 -1.2115 1.9898 0.038669 -1.0211 -1.0784 -0.24942 -1.701 -0.094164 -1.0757 0.079617 -0.37808 -0.13092
0.074241 -0.91576 2.2555 0.32674 -0.93081 -1.3573 -1.2262 -2.4119 0.71515 -0.63477 -0.43148 -0.17669 -0.36946
