1.7239 -5.569 2.9772 -0.18838 -2.4372 -0.69283 -1.3758 -1.6137 -0.57198 0.14435 0.25217 0.7328 -0.47743
2.0162 -5.0908 3.5545 0.44652 -2.427 -1.1221 -1.4049 -1.2983 -0.28036 -0.0033366 0.14692 0.93809 -0.26708
3.2175 -5.2612 3.0035 0.085215 -2.9718 -1.2644 -1.6023 -1.749 -0.28918 0.29154 -0.1149 0.89487 -0.024736
1.5266 -4.1995 2.4656 0.14355 -2.5379 -1.7556 -0.77248 -1.9562 -0.68525 0.78215 0.32495 -0.16194 -0.38177
-1.2275 -2.3788 1.1881 0.29931 -0.63103 -0.72974 -0.67936 -1.6357 0.33686 -0.17935 0.21077 0.025041 -0.27221
-3.6539 -2.6535 0.79865 0.090469 -0.13473 -0.37269 -0.13149 -0.61847 -0.1074 0.41117 1.3378 0.57758 0.18797
-1.884 -3.1004 0.7418 -0.24314 -0.86321 -1.0682 -0.2588 -0.93952 -0.19691 0.7244 2.2858 0.6308 0.46007
-4.2012 -2.7033 0.69756 0.075747 0.075348 -0.30683 -0.21059 -0.59189 -0.25693 0.38161 1.1815 0.47638 -0.15412
-4.1418 -2.6901 0.5544 -0.057805 0.18524 -0.090159 0.072252 -0.20098 -0.32802 0.088516 0.60432 0.12358 -0.15416
-4.8627 -2.6124 0.54666 -0.22424 -0.090081 0.00031162 0.81425 0.4707 -0.18948 0.090121 0.71844 -0.1861 0.19103
-4.5457 -2.597 0.79698 -0.11546 -0.1762 -0.17244 0.42056 -0.14799 -0.58517 0.2288 1.3251 0.27041 -0.22268
-5.5823 -2.4463 0.67013 -0.15934 -0.015148 0.017377 0.96482 0.68689 0.011666 0.42448 1.2172 0.12493 0.50171
-4.5927 -2.6119 0.60796 -0.022823 0.16025 -0.0048475 0.40526 0.14319 -0.014227 0.44148 1.1145 0.37448 0.10807
-1.5404 -1.0279 1.9977 0.25263 -1.0999 -1.3218 -0.83321 -1.9112 0.75566 -0.6317 -0.26557 0.10964 -0.26381
1.3638 -1.1082 1.477 -0.51462 -2.2512 -2.4273 -0.19988 -1.9342 -0.36393 -1.1539 0.26657 -1.1344 -0.1575
1.5287 -1.299 1.0435 -0.12707 -1.7058 -2.3476 -0.033663 -1.4907 -0.22452 -0.59862 0.35451 -1.7433 -0.57221
1.6531 -1.736 0.58449 -0.066946 -1.5502 -2.3424 -0.16723 -1.1843 -0.72104 -0.38051 0.68461 -1.4366 -0.52581
1.549 -1.9258 0.57055 -0.07961 -1.5354 -2.5575 -0.40392 -1.3453 -0.76417 -0.37737 0.62089 -1.5879 -0.52692
1.4653 -2.3935 0.21709 -0.47658 -1.7274 -2.8469 -0.72992 -1.6501 -1.1608 -0.6643 0.55038 -1.5747 -0.7435
1.6588 -1.7961 0.20723 0.022738 -1.1118 -2.6505 -0.5874 -0.69694 -0.69514 0.0094691 0.89617 -1.6129 -0.61748
3.2297 -2.2645 -0.35629 -0.82604 -1.74 -2.5648 -0.80861 -0.59354 -0.83999 0.50268 1.343 -0.4184 -0.17429
3.2741 -3.2317 -0.77918 -1.604 -1.667 -2.02 -0.91612 -0.72984 -0.84122 0.38725 0.66647 -0.10183 -0.16801
3.3137 -4.1183 -1.2872 -1.1703 -1.8759 -1.7367 -1.0496 -0.70433 -1.4166 0.20714 0.31973 -0.18796 -0.083392
3.5931 -4.4082 -1.3667 -1.2299 -2.0657 -1.3298 -0.69073 -0.69896 -1.1324 0.21508 0.3942 -0.085922 -0.32389
3.721 -4.3871 -1.5201 -1.1892 -1.9766 -1.2918 -0.63831 -0.56783 -1.1069 0.26537 0.52765 0.01777 -0.051683
3.912 -4.6454 -1.8302 -1.2077 -2.2804 -1.2793 -0.8458 -0.49806 -1.0925 0.14335 0.50924 -0.078938 -0.080267
4.1197 -4.8324 -2.345 -1.0752 -2.6125 -1.1045 -0.94746 -0.49727 -1.256 0.088517 0.41468 -0.21129 -0.24812
4.2093 -4.7837 -2.4883 -0.94149 -2.4112 -0.85133 -0.66714 -0.39071 -1.1324 0.18985 0.34993 -0.047251 -0.3261
4.4577 -5.1353 -2.3066 -1.0249 -2.2891 -0.82218 -0.52198 -0.31283 -1.2995 0.076755 0.42461 -0.17653 -0.48762
4.5192 -5.2144 -2.6291 -1.2236 -2.5044 -0.88714 -0.53795 -0.69863 -1.4284 -0.03497 0.25057 -0.48453 -0.6236
4.5637 -5.3008 -2.7061 -1.2205 -2.2234 -0.75119 -0.36732 -0.70742 -1.2513 0.067082 0.21838 -0.51003 -0.6529
4.684 -5.1095 -2.5356 -1.1665 -2.1641 -0.60844 -0.23675 -0.46735 -1.2652 0.096162 0.54561 -0.54275 -0.54028
4.826 -5.2368 -2.5042 -1.2224 -2.0894 -0.68303 -0.23014 -0.50906 -1.1128 0.29831 0.58763 -0.31419 -0.40894
4.9743 -5.3431 -2.5771 -1.2085 -2.2158 -0.63299 -0.2902 -0.48518 -1.3223 0.25294 0.42165 -0.43659 -0.58083
5.0031 -5.511 -2.5209 -1.4727 -2.3798 -0.80884 -0.29951 -0.59388 -1.4492 0.16208 0.39769 -0.59997 -0.65404
5.0771 -5.6923 -2.688 -1.5069 -2.5206 -0.72347 -0.47767 -0.47867 -1.4566 0.19182 0.23212 -0.59381 -0.68197
5.1788 -5.6802 -2.3898 -1.2367 -1.9789 -0.35199 0.086277 -0.21584 -0.9772 0.38769 0.43865 -0.45282 -0.62004
5.2649 -6.0987 -2.6267 -1.4751 -2.4484 -0.69094 -0.43805 -0.48957 -1.3077 0.42036 0.4377 -0.4546 -0.49797
5.2854 -5.9374 -2.7887 -1.242 -2.54 -0.4974 -0.51589 -0.29813 -1.3752 0.47789 0.31521 -0.49226 -0.5968
5.2478 -5.8935 -2.5362 -1.089 -2.279 -0.28295 -0.1765 0.11235 -1.0205 0.50506 0.24447 -0.61796 -0.65022
5.0303 -5.8667 -2.471 -1.4326 -2.3636 -0.79779 -0.34565 -0.026773 -1.0524 0.38969 0.1847 -0.61545 -0.6143
4.8377 -5.6846 -2.3304 -1.4669 -2.3106 -1.0356 -0.33032 -0.05696 -0.99687 0.52108 0.31575 -0.783 -0.50694
4.5113 -5.376 -2.2093 -1.3043 -2.1064 -0.77884 -0.23579 0.21745 -0.88335 0.52457 0.27642 -0.82537 -0.69408
4.1602 -5.0222 -2.0732 -1.4193 -2.0233 -1.3202 -0.42796 0.042863 -0.89506 0.55682 0.38043 -0.9274 -0.66656
3.6852 -4.4128 -1.6926 -1.3234 -2.2756 -1.5591 -0.58821 0.16771 -0.83827 0.42646 0.62165 -0.92739 -0.60451
3.3043 -3.9124 -1.2463 -1.6598 -2.3142 -1.8799 -1.0361 -0.02756 -0.85466 0.032287 0.78032 -1.0244 -0.47386
2.2984 -3.2543 -0.11308 -0.71033 -2.2221 -2.6125 -1.1458 -0.40864 -0.15172 -0.66099 0.87104 -0.95785 -0.1712
0.99593 -2.628 0.79034 -0.75992 -2.1767 -2.0735 0.084973 -1.4563 -1.3549 -0.70253 0.65547 -0.92623 -0.2003
1.1068 -2.5298 0.5884 -0.23132 -1.9833 -2.0898 -0.37367 -1.5978 -0.58784 -0.71175 0.62485 -0.78262 -0.022218
1.0062 -2.6248 0.85785 -0.3674 -1.5867 -2.4229 -0.5713 -1.4943 -0.66027 -0.63514 0.54821 -0.73427 -0.095125
0.67214 -2.3053 0.97857 0.13957 -1.214 -1.3509 -0.60263 -2.0359 -0.44346 -0.61785 0.37904 -0.29533 -0.019725
0.23705 -2.1472 1.5202 -0.14799 -1.454 -1.4164 -0.2493 -1.9274 -0.20071 -0.58046 0.50869 -0.83517 -0.43365
