2.4523 -4.3391 3.0268 1.517 -2.5551 -1.1015 -0.77088 -1.3081 -1.6218 0.1121 0.063451 0.41892 0.73545
2.5193 -3.0863 2.499 1.1221 -3.8444 -1.4136 -0.9956 -1.996 -0.87711 -0.036313 0.05109 -0.84255 -0.25917
1.5256 -2.491 2.0597 1.4826 -2.0912 -1.7627 -1.6675 -1.9884 0.0011716 -0.44896 -0.52482 -0.65945 -0.066686
-0.15971 -2.7231 1.895 1.2825 -0.3566 -0.81933 -1.7667 -2.439 -0.16465 -0.43869 -0.5686 0.019274 0.24326
-3.1767 -2.3639 1.1396 0.78506 0.39966 0.31011 -0.0097221 -0.52766 0.41464 -0.087381 -0.29806 0.096998 -0.13881
-3.0566 -2.6784 0.69269 0.30279 0.32861 0.0008769 -0.30824 -0.72482 -0.11382 0.0032118 0.33692 0.31668 -0.35172
-3.3777 -2.6976 0.75408 0.36912 0.32458 0.0031184 -0.33581 -0.75369 -0.1745 -0.12183 0.19325 0.32559 -0.057648
-4.2606 -2.5564 1.0626 0.71362 0.75551 0.15955 -0.55304 -1.0381 -0.095679 0.25944 0.91888 0.97165 -0.30349
-3.4471 -2.8126 0.85658 0.42463 0.40664 -0.054695 -0.55189 -1.0887 -0.28702 0.1511 0.79375 0.60479 -0.70992
-4.4445 -2.5275 0.85407 0.53091 0.56238 0.32525 -0.009758 -0.32354 0.35382 0.22333 0.19776 0.307 -0.4813
-5.0641 -2.5552 0.59192 0.2378 0.58293 0.46276 0.55825 0.44635 0.43383 0.22758 0.1275 0.044941 0.037368
-5.2113 -2.4972 0.73437 0.22104 0.44391 0.19035 0.26261 -0.064557 -0.09162 0.31491 0.91306 0.50862 0.092778
-0.37907 -4.3301 0.88371 -0.86302 0.081473 -0.40281 -0.4224 -0.95009 -0.35244 0.22432 0.26732 0.05712 -0.51318
2.4594 -4.5198 2.9388 -1.1814 0.023878 0.070671 -0.70474 -0.42448 -0.9552 0.18715 0.0094152 -0.34471 -0.62467
1.8571 -3.9075 3.0789 0.50188 -1.0248 -1.1891 -2.058 -1.6175 -1.0253 -0.65521 -0.46056 -0.38958 -0.91958
1.9809 -0.43371 3.0686 -0.062741 -1.3594 -1.2856 -0.68188 -1.5777 0.29455 -0.55696 -0.36065 -0.77626 -1.0808
2.2652 -0.026676 1.911 -0.16279 -1.4835 -1.8866 -0.64293 -1.6671 0.55403 -0.93316 -0.64985 -0.52931 -0.91527
2.9916 -0.18312 0.35036 -1.0598 -1.9098 -2.7709 -0.29595 -1.2401 -0.12961 -0.80578 -0.5113 0.036697 -1.1917
3.1368 -1.1106 -1.2609 -1.3088 -1.811 -1.974 -0.011868 -0.81275 -0.7725 -1.0748 -1.0308 0.0048717 -1.4449
3.3537 -1.5943 -1.9999 -1.0275 -1.6379 -1.4929 0.060164 -0.80161 -1.2528 -0.92371 -0.75478 0.063565 -1.1868
3.5128 -1.553 -2.346 -1.5348 -1.9299 -1.5315 -0.15023 -0.69052 -1.4116 -1.2327 -0.8226 -0.043117 -1.2698
3.8469 -1.8776 -2.7002 -0.89941 -1.9039 -1.0203 -0.074759 -0.29985 -1.4825 -1.0888 -0.69075 0.1975 -0.88529
4.216 -2.2166 -3.0518 -0.93261 -1.923 -1.3056 -0.052646 -0.4214 -1.4852 -1.3133 -0.87005 0.21038 -0.83734
4.5749 -2.293 -3.138 -0.9487 -1.5776 -1.0736 0.058239 -0.14271 -1.4947 -1.1866 -0.61555 0.26272 -0.67789
4.8516 -2.3326 -3.1171 -1.201 -1.5834 -0.92036 -0.30878 0.064355 -1.5261 -1.2959 -0.49909 0.37852 -0.78581
4.8325 -2.2989 -3.5629 -1.1655 -1.7662 -1.0286 -0.30889 -0.22581 -1.5903 -1.5656 -0.66042 0.13625 -0.84596
4.8877 -1.8985 -3.4879 -1.2072 -1.2014 -1.0092 -0.20322 0.041873 -1.4236 -1.1895 -0.39987 0.37138 -0.67847
4.754 -2.2366 -3.3337 -1.0657 -1.4518 -0.78234 -0.36127 -0.074872 -1.4313 -1.2411 -0.71149 0.267 -0.5395
4.7549 -2.4212 -3.4138 -1.3907 -1.7243 -1.0899 -0.38853 -0.55914 -1.4756 -1.5589 -0.82759 0.11901 -0.85045
4.461 -2.2559 -3.2927 -1.0311 -1.831 -1.0632 -0.21368 -0.60653 -1.2143 -1.635 -0.58451 0.067869 -0.9151
4.2684 -1.931 -3.0425 -1.1826 -1.6069 -1.391 0.068568 -0.65161 -1.1366 -1.6314 -0.43501 0.076584 -0.97528
4.0074 -2.2993 -2.435 -1.1687 -1.6988 -1.2347 -0.1852 -0.019804 -1.2329 -1.3744 -0.47689 0.031379 -1.187
3.5565 -2.2707 -1.9095 -1.0762 -1.8933 -1.3606 -0.43657 -0.088737 -0.86335 -1.3305 -0.63758 -0.17635 -1.352
3.1177 -1.8416 -1.467 -1.1281 -1.8168 -2.057 -0.43756 -0.44123 -0.57909 -1.6742 -0.58115 0.028534 -1.4288
2.0057 -1.1874 0.68044 -0.24143 -1.4021 -2.4228 -1.2237 -1.0786 -0.17931 -1.4877 -0.17389 0.097349 -1.3591
1.9189 -0.48293 1.5662 -0.89655 -1.2926 -1.9458 -0.52376 -1.2706 -0.0014388 -1.018 -0.65392 -0.58875 -0.85279
1.6971 -1.3253 1.7242 -0.76883 -1.9475 -1.7159 -0.46977 -1.9315 -0.3488 -1.312 -0.32991 -0.67689 -1.2126
1.2861 -1.5337 0.84167 -0.44 -1.4169 -2.0816 -0.92406 -2.1499 -0.37023 -1.5901 -0.14672 -0.6167 -1.3149
0.78868 -1.0736 1.0098 -0.57353 -1.1992 -1.2846 -0.19711 -1.8776 0.045031 -1.7567 -0.2842 0.014508 -0.52688
-0.1978 -2.2195 1.0998 0.010272 -0.12053 -0.55201 -0.42055 -1.3669 -0.32641 -1.4034 -0.49833 -0.033483 -0.41883
