1.2591 -5.5177 2.6471 0.24137 -1.1425 -0.76365 -1.5031 -1.4481 -0.34098 0.9049 0.66394 1.0413 -0.79128
2.2153 -5.2467 3.2105 0.18967 -1.3238 -0.86308 -2.0724 -1.7363 -0.66438 -0.28653 0.061467 0.99319 -0.66001
3.6949 -5.6516 3.2887 -0.11342 -2.808 -0.841 -1.9309 -1.7932 -1.1146 0.20407 -0.52533 0.95488 -1.0704
2.7329 -3.9033 3.2247 0.86014 -2.7523 -1.4534 -1.3218 -2.0622 -0.45254 -0.099842 -0.49731 0.58515 -0.91147
1.9187 -3.4781 2.7519 0.73849 -2.167 -1.0846 -1.5765 -1.9777 -0.28781 -0.60528 -0.13858 -0.023153 -0.84106
0.43261 -2.2114 2.329 0.59923 -0.44027 -1.3436 -1.4088 -2.1353 -0.17103 -0.81566 -0.11475 0.040436 -0.46094
-0.73368 -4.2266 2.1201 0.31981 0.37028 -0.58961 -1.1602 -1.2375 -0.46196 0.5137 -0.26113 0.046417 -0.50895
-3.4893 -3.5754 1.4669 0.42534 0.78966 0.20594 -0.55242 -0.59923 0.32692 0.5935 0.48042 0.5177 -0.24187
-4.4338 -2.5239 0.89263 0.35046 0.072417 -0.0082854 0.17075 -0.33385 0.17019 0.35093 0.79181 0.15245 -0.34231
-5.3948 -2.4952 0.67433 0.27512 0.54691 0.26731 0.17878 -0.0064552 0.16886 0.36662 0.62743 0.57531 0.24107
-4.8032 -2.6617 0.69512 0.10206 0.25562 -0.050428 0.020481 -0.36007 -0.29573 0.31417 1.1132 0.53855 -0.1162
-5.0362 -2.6409 0.5932 0.11617 0.32393 0.15188 0.28078 -0.0073551 -0.15227 -0.0052443 0.31307 0.1484 0.2443
-6.0461 -2.4668 0.95832 0.41445 0.53499 0.13178 0.020262 -0.36735 -0.1056 0.56003 1.3286 0.80459 -0.12641
-6.329 -2.3215 0.79616 0.41582 0.72586 0.54532 0.60198 0.4788 0.5482 0.58081 0.67845 0.57758 0.44616
-6.1891 -2.1284 0.97136 0.5835 0.8919 0.73065 0.81435 0.70216 0.71989 0.6555 0.65683 0.57922 0.56089
-6.3761 -2.4019 0.86365 0.38821 0.64198 0.30214 0.20197 0.00039552 0.28229 0.70887 1.2588 1.0819 0.52823
-2.895 -4.9309 2.8436 0.40804 1.3172 0.39245 0.40189 0.52638 -0.25546 0.36728 -1.0075 0.23261 -0.66691
-1.6079 -4.6746 2.4825 -0.25598 1.2755 0.29133 -0.35995 0.36576 0.14272 0.42038 -0.61739 0.13353 -0.79207
-1.2257 -2.2699 1.4122 0.42999 -0.46811 -0.51653 -0.64774 -2.1306 -0.39035 -1.0991 -0.46565 -0.092717 -0.26006
1.0589 -1.4271 2.1542 0.073822 -0.77168 -0.86946 -1.073 -2.5718 -0.15972 -1.0854 -0.37893 -0.54698 -0.81103
1.4554 -1.6656 1.7389 -0.074617 -1.0332 -0.80654 -0.84682 -2.0921 -0.2624 -0.91013 -0.44901 -0.68465 -0.95978
2.4735 -1.9432 0.36969 -0.45396 -1.5256 -2.8613 -0.57607 -0.49949 -0.90802 -0.84573 -0.047667 -0.77596 -1.0651
3.4492 -2.7157 -1.0342 -0.59965 -2.1229 -1.88 -0.18739 0.12065 -1.1107 -0.29786 -0.58448 -0.67568 -1.3533
3.9477 -3.6406 -1.7966 -1.1243 -2.6656 -1.3095 -0.59375 -0.15044 -1.2922 -0.79122 -0.98478 -0.72571 -1.2589
4.1853 -3.3945 -2.0714 -1.0543 -2.3542 -1.109 -0.21775 -0.071781 -1.28 -0.87794 -0.84278 -0.61851 -1.0053
4.2568 -3.2618 -2.4438 -0.98602 -2.1831 -1.0838 -0.34171 -0.046738 -1.4261 -0.96777 -0.87702 -0.64364 -1.1732
4.1927 -3.0504 -2.4843 -1.2051 -2.0229 -1.12 -0.41677 0.023795 -1.4616 -1.1389 -0.85159 -0.76041 -1.3122
3.9852 -3.0693 -2.2959 -1.2951 -1.7314 -1.3272 -0.14455 -0.14574 -1.3423 -0.91613 -0.99824 -0.59724 -1.1382
3.8683 -2.937 -1.9625 -1.3476 -1.78 -0.85921 -0.37126 0.13467 -1.2111 -1.1679 -0.75973 -0.47859 -1.3679
3.8372 -3.1555 -1.9973 -1.1569 -2.0968 -0.57183 -0.58695 0.10974 -1.0606 -1.0228 -0.79062 -0.38975 -1.3436
3.7737 -3.4022 -1.7379 -1.4749 -2.1899 -0.9218 -0.6414 -0.18805 -1.0478 -1.2247 -1.0028 -0.45381 -1.4784
3.6163 -3.2079 -1.4063 -1.6546 -2.2524 -0.58096 -0.80516 -0.085008 -0.83904 -1.2437 -1.0732 -0.46502 -1.3823
3.6018 -3.2315 -1.1937 -1.3817 -2.2288 -0.63041 -0.84838 -0.0042862 -0.67929 -0.98745 -1.1117 -0.24895 -1.3578
3.4769 -3.4114 -0.98562 -1.826 -2.4167 -0.77381 -0.8761 -0.10479 -0.90863 -1.1153 -1.1254 -0.48258 -0.99653
3.4238 -3.5221 -0.88023 -1.9036 -2.4351 -0.89497 -1.011 -0.41789 -1.0856 -0.98825 -1.0388 -0.42048 -1.1984
3.2285 -3.5169 -0.47326 -1.7438 -2.2535 -1.2191 -0.81943 -0.42169 -1.3513 -1.1652 -0.73256 -0.3839 -0.78549
2.9475 -3.5037 0.034722 -1.8062 -2.2963 -1.6163 -1.0547 -0.53092 -1.2049 -1.1863 -1.0209 -0.25422 -0.78199
2.5221 -3.634 0.60363 -2.0577 -2.0988 -2.2711 -0.78414 -0.76511 -1.1074 -1.2114 -0.94247 -0.31287 -0.26805
1.7791 -3.5941 1.0899 -1.4497 -1.7532 -1.757 -1.1219 -0.99806 -0.92939 -1.0747 -0.86971 -0.19412 -0.1001
1.0591 -2.9182 1.2981 -0.43376 -1.3635 -1.7118 -0.91262 -1.8033 -0.752 -1.4277 -0.65159 -0.27461 0.196
1.0432 -2.8308 0.78619 -0.13711 -1.155 -1.6092 -1.322 -2.3354 -0.46963 -1.6422 -0.2352 0.12826 0.47588
0.78077 -2.9281 0.79844 -0.51795 -1.1852 -1.2572 -0.92283 -2.1863 -0.48749 -0.89919 0.43545 0.61734 1.0422
0.55031 -3.2283 0.71391 -0.25585 -1.7728 -1.5976 -0.76159 -2.2316 -0.32345 -0.87541 0.94978 0.85987 0.6714
0.26152 -3.1487 0.65009 -0.63548 -0.81728 -0.98235 -0.9559 -2.4466 -0.28062 -0.97996 0.15598 0.8961 0.67954
-0.22464 -3.2681 0.74591 -0.34289 -1.009 -0.62091 -0.60524 -2.3846 -0.0099534 -0.90848 0.49549 1.3485 0.98471
-0.28282 -3.2048 1.0461 -0.28351 -0.97522 -0.71827 -0.76157 -2.7119 -0.17936 -0.26713 1.1826 1.2485 0.53912
-0.44291 -3.5319 0.71958 -0.43881 -1.113 -1.0712 -1.0322 -2.6923 -0.49114 -0.16885 1.7693 1.4818 0.62877
