0.63155 -2.5956 2.4592 1.9721 -0.58126 -1.1383 -1.2055 -2.2101 -0.099478 0.011334 -0.38552 -0.66306 -0.606
2.4809 -0.3987 1.9929 1.3485 -1.0433 -1.6092 -0.53737 -1.3772 -0.64348 -0.55295 0.51401 -0.86321 0.16387
2.6179 -0.88814 2.006 1.8334 -1.1372 -1.3018 -0.13711 -1.1887 -1.2099 -1.0491 0.39103 -0.60364 0.16245
1.5494 -2.0697 3.0347 1.8783 0.49515 -1.3677 -0.59018 -1.2482 -0.44989 -0.0035751 -0.030458 -0.09734 -0.77647
-1.1444 -2.5201 1.5864 1.2227 1.4998 0.76684 -0.016348 -0.288 1.3546 0.21741 -0.90703 0.29868 -0.85865
-2.8418 -2.766 0.65892 0.78705 1.1767 0.68967 -0.43979 -0.5164 0.615 -0.060063 -0.87812 0.39467 -0.47355
-6.1946 -3.1668 0.12412 -0.19965 0.11233 -0.27342 -0.58053 -0.7524 -0.2828 -0.032109 0.2534 0.26833 -0.47058
-4.273 -2.7123 0.39818 0.039521 0.34888 0.16288 0.18001 0.070779 0.13744 0.10598 0.13312 0.1802 0.19411
-4.8908 -2.5297 0.77246 0.48789 0.78012 0.4218 0.028315 -0.22655 0.1315 0.1612 0.19483 0.43814 -0.051085
-4.3509 -2.2197 1.2478 0.82588 -0.10117 0.25547 0.48326 -0.57706 0.029055 -0.26092 0.44679 0.24819 0.15758
-0.78256 -2.4549 1.5533 0.98018 0.3945 0.29647 -0.17342 -1.2598 -0.23585 -0.31731 0.32058 0.59088 0.021569
1.8143 -0.56746 3.5116 1.5806 -0.19371 -1.2863 -0.7064 -1.5976 0.19674 -0.53955 -0.84354 -0.60717 -0.2574
2.3811 -0.282 2.512 1.004 -0.98218 -1.413 -0.27724 -1.681 0.2401 -0.56358 -0.23444 -0.9736 -0.26777
2.3851 -0.1455 3.0951 1.4679 -1.0573 -0.9238 -0.27467 -2.1988 0.26538 -0.54177 -0.46656 -0.079268 -0.3419
2.4153 0.26526 3.0113 0.67976 -0.62484 -0.8219 -0.22404 -2.3655 -0.18811 -0.50505 -0.15343 -0.52696 -0.071897
2.4888 -0.25489 2.7227 1.2625 -0.3753 -1.1018 -0.77387 -1.6607 -0.31074 -0.83995 0.015041 -0.064674 -0.38923
2.6054 -0.41366 2.25 1.1463 -0.78921 -1.1575 -0.60194 -1.729 -0.22018 -1.1679 -0.10957 0.32483 -0.46472
3.1397 0.56701 1.2541 0.13304 -0.49856 -0.996 -0.92429 0.13271 -0.66269 -1.6542 -0.021235 -0.12204 -0.060727
3.6104 -0.32534 0.6398 -0.14633 -1.2666 -0.6195 -1.191 0.44007 -0.94917 -1.5618 -0.26856 -0.051881 -0.41665
3.6944 -0.45681 1.0064 -0.54192 -1.8907 -0.94562 0.043486 0.38132 -1.3346 -1.3243 -0.20995 -0.24848 -0.6045
3.8437 -0.14172 0.25819 -0.81309 -1.7945 -0.4602 0.0059316 -0.3765 -0.58388 -1.4499 -0.36968 -0.34814 -0.57834
3.9339 -0.68914 0.49941 -0.53157 -2.0582 -0.61177 -0.25728 0.10043 -0.9933 -1.6616 -0.64185 0.0015639 -0.33482
4.1317 -0.90282 0.20397 -1.0916 -1.5503 -0.0007995 -1.4145 0.31647 -0.67684 -1.7283 -0.96731 0.24658 -0.54731
3.9521 -0.37215 0.19558 -0.913 -1.2687 -0.37243 -0.95386 -0.031488 -0.42083 -1.6684 -0.87105 0.20043 -0.38447
3.946 -0.41964 0.17996 -0.9954 -1.3658 -0.49619 -0.99351 0.22528 -0.84382 -1.7738 -0.73603 0.05504 -0.46633
3.9261 -0.55113 0.42 -1.0737 -1.9215 -0.45132 -0.91353 -0.16945 -0.6589 -2.183 -0.77526 0.061976 -0.68258
4.001 -0.49557 0.10435 -0.69989 -1.3539 -0.72791 -0.89955 0.31135 -0.55996 -1.8072 -0.80035 -0.16171 -0.18482
3.9276 -0.33809 0.26573 -0.67772 -1.1294 -0.69056 -1.1562 0.029488 -0.322 -1.6076 -1.2932 0.18353 -0.096273
3.9611 0.16887 -0.13771 -0.98229 -1.0234 -0.49684 -1.4892 -0.17037 -0.022022 -1.995 -0.98429 0.0001911 -0.16704
3.6221 0.50751 0.16476 -0.72329 -0.58464 -0.6393 -1.5926 -0.32919 0.12865 -1.77 -0.69832 -0.20172 -0.16946
3.4018 0.10179 0.64004 -0.34812 -0.55776 -1.0819 -1.7671 0.040675 -0.41055 -1.6743 -0.6051 -0.15655 -0.3957
3.0832 0.40494 1.2337 -0.42318 -0.52302 -0.95222 -1.394 -0.71641 -0.25357 -1.4059 -0.6091 -0.29866 -0.34846
2.4883 0.24884 1.5926 0.29303 -0.17523 -1.3197 -0.61984 -0.7001 -0.14886 -1.322 -0.67661 -0.14346 -0.34026
1.918 -0.5368 1.9228 1.0618 0.21029 -1.1895 -0.94897 -1.5665 0.070977 -0.96172 -0.61057 0.13881 -0.24528
1.7572 -1.4324 2.0125 1.9772 -0.50237 -1.308 -1.2616 -1.8724 0.43658 -0.5551 -0.036234 -0.18554 -0.58187
1.2236 -1.6886 2.2701 1.4603 -0.06671 -1.2333 -1.3645 -2.329 0.071688 -1.1594 -0.69001 -0.41665 -0.97612
0.39682 -1.5073 2.3428 1.3061 0.4152 0.029278 -0.58794 -2.1474 0.41181 -0.8708 -0.80827 -0.14489 -0.4248
