2.1106 -5.7015 3.6593 -0.15984 -1.721 -0.059052 -1.2082 -1.1062 -0.11925 0.016764 0.49591 0.54586 -0.49424
5.2166 -6.0568 3.9597 -0.32544 -3.7815 -0.58442 -1.6133 -1.5778 -0.69418 -0.062268 -0.36879 0.78958 -0.62776
5.6315 -6.5479 3.6181 -0.13912 -3.5841 -0.52934 -1.6078 -1.9086 -0.86745 -0.14849 -0.40911 1.3137 -0.12737
5.0473 -5.7705 3.1398 0.17408 -3.6981 -0.77115 -1.2488 -1.8715 -1.0541 -0.54307 -0.11008 1.3641 -0.45269
3.7678 -4.4162 2.8837 1.0173 -2.9706 -0.87308 -0.87805 -2.0338 -1.1212 -0.28133 0.26137 1.0107 -0.12161
0.57469 -2.4093 2.1353 0.70244 -2.246 -1.3089 0.004627 -1.9859 -0.19366 -0.4086 0.38806 -0.060885 0.053984
-2.3433 -2.4461 1.3792 0.49138 -0.94643 -0.73774 -0.21624 -1.3277 0.012462 0.07637 1.226 0.16702 0.030888
-2.4949 -3.0617 0.69449 -0.0077107 -0.062422 -0.54915 -0.59686 -1.0121 -0.28036 0.56516 1.7029 0.87986 0.050622
-3.5997 -3.418 0.8464 -0.027406 0.23853 -0.35762 -0.28867 -0.65646 -0.29127 0.51839 1.0371 0.75428 -0.3037
-1.974 -4.7135 1.5187 -1.1506 -0.28866 -1.1549 -0.79095 -0.93205 -0.83142 1.1048 1.7607 0.98142 -0.13836
-1.1353 -6.2118 1.6036 -0.65448 0.44359 -0.86132 -1.1076 -0.45146 -0.36274 0.84608 1.5067 1.1832 -0.25239
-4.8338 -3.1476 1.0232 -0.20226 0.60737 0.14624 0.47301 0.47296 0.30618 0.61321 0.56037 0.62827 0.13311
-1.2711 -1.4651 0.87986 -0.96914 -0.86004 -0.48899 0.60253 0.20322 0.16971 -0.39073 0.45553 -0.28316 0.3461
-1.4895 -2.3588 0.87881 -1.5715 -1.0668 -0.77534 0.28845 0.057569 0.050506 -0.23286 -0.17291 -0.34175 0.1024
-5.5492 -3.2834 0.6778 0.17499 0.79535 0.34389 0.056901 -0.0034723 0.28849 0.22193 -0.00075065 -0.025731 -0.42527
-2.2339 -2.2847 1.2175 0.22968 -0.049927 -0.34523 -0.94614 -2.0202 -0.022315 -0.89704 -0.61462 0.34348 -0.90705
0.73826 -0.76733 2.2141 -0.38377 -1.4726 -1.582 -0.50815 -1.9032 0.47461 -0.81929 -0.31648 -0.40101 -0.095533
1.471 -0.54578 1.9329 -0.85454 -1.2824 -1.6612 -0.076133 -1.6859 -0.21466 -0.94851 0.279 0.091465 0.5824
1.6638 -0.2949 1.8251 -0.92815 -1.6043 -1.4692 -0.036825 -1.6661 -0.47282 -0.90642 0.48303 -0.46197 0.73849
2.0198 -0.67497 1.8196 -1.1669 -1.7275 -1.8351 -0.051239 -1.2805 -0.65406 -0.74064 0.48705 -0.44953 0.26796
2.6897 -1.2066 1.0068 -1.4914 -2.2331 -2.0252 0.087107 -0.70622 -1.0264 -0.44697 0.20433 -0.42103 -0.29706
3.1799 -2.1094 -0.0015495 -1.5682 -2.02 -1.7451 -0.07745 -0.6629 -0.98914 -0.38314 -0.17546 -0.55956 -0.5727
3.5311 -2.5885 -0.62805 -1.4921 -2.3072 -1.2303 -0.31795 -0.69062 -1.0909 -0.46144 -0.28799 -0.70729 -0.59138
4.1085 -3.538 -0.91919 -1.2978 -2.4408 -1.2245 -0.25491 -0.83939 -0.97728 -0.56887 -0.50081 -0.64069 -0.65702
4.3026 -3.4871 -1.1597 -1.0405 -2.6804 -0.99403 -0.28596 -0.61762 -1.035 -0.31649 -0.39331 -0.5289 -0.4058
4.2867 -3.43 -1.1453 -0.92081 -2.8695 -0.66386 -0.16427 -0.65631 -0.89462 -0.30629 -0.36119 -0.4282 -0.48198
4.3256 -3.7676 -1.0227 -1.1189 -2.7014 -0.7401 -0.10031 -0.76959 -0.91268 -0.30912 -0.54435 -0.47719 -0.51077
3.9985 -3.3913 -0.89988 -1.0753 -2.6195 -0.67176 0.040281 -0.77735 -0.99574 -0.30165 -0.43483 -0.49222 -0.45287
3.5568 -2.9478 -0.39018 -1.2795 -2.6294 -0.60611 0.085357 -0.97123 -0.82854 -0.32958 -0.60371 -0.28039 -0.49629
3.1314 -2.6808 -0.19349 -1.5154 -2.4944 -0.53259 0.13657 -1.1567 -0.75924 -0.3044 -0.52788 -0.37023 -0.29021
3.2291 -2.7606 -0.69448 -1.0492 -2.2911 -0.73453 0.088975 -0.80505 -0.91757 -0.20595 -0.57493 -0.40221 -0.3861
3.6555 -3.6551 -0.49779 -1.0698 -2.7221 -0.53185 -0.00945 -0.8571 -0.88861 -0.18473 -0.71067 -0.35 -0.40327
4.118 -3.8746 -0.054784 -0.8681 -2.9484 -0.35834 0.2113 -0.94046 -0.58168 -0.1419 -0.43014 -0.18494 -0.50989
4.0193 -3.6055 -0.1326 -0.48376 -2.947 -0.49383 -0.21002 -0.65531 -0.41546 -0.2593 -0.53278 -0.19939 -0.19767
3.6105 -3.6473 -0.0029938 -1.069 -3.5687 -0.8565 -0.43099 -1.2201 -0.88771 -0.55522 -0.93329 -0.47679 -0.73401
3.4768 -3.3472 0.72707 -0.93002 -3.5648 -0.72623 -0.53483 -1.1653 -0.65636 -0.25838 -1.0761 -0.17341 -0.72155
3.1228 -2.8574 1.1898 -0.83752 -3.4776 -0.90544 -0.35448 -1.3998 -0.40986 -0.30609 -0.8369 -0.065698 -0.54723
2.5763 -2.6083 1.931 -0.57854 -3.3084 -1.4019 -0.32472 -1.3141 -0.30159 -0.5858 -0.57995 -0.046776 -0.44651
1.4638 -1.2863 1.6707 -0.13143 -1.8318 -1.8396 -0.23905 -1.3125 -0.31542 -0.8615 0.098571 -0.21833 -0.14623
1.4802 -0.359 1.6839 -0.69689 -1.6692 -1.7328 0.047638 -1.6883 -0.30748 -1.0632 0.39279 -0.37835 -0.089881
1.4988 -0.38244 1.6302 -1.1768 -2.0001 -1.5013 -0.033005 -1.8965 -0.17923 -1.1188 -0.04089 -0.3749 0.12152
1.4244 -0.19417 1.4759 -1.0561 -1.9168 -1.64 0.25594 -1.5477 -0.12324 -1.093 0.024079 -0.1442 0.1923
1.665 -2.3265 2.5564 -1.1471 -2.5892 -0.7353 -0.87247 -1.4161 -0.025473 -0.81281 -0.38766 -0.1159 -0.023662
2.3141 -3.2747 2.6212 -0.99459 -3.7083 -0.75803 -1.1755 -1.2325 -0.48992 -1.0368 -0.31643 -0.12581 -0.3321
2.5267 -3.5489 3.0582 -1.3389 -3.0561 -0.48043 -1.3508 -0.79981 -0.38968 -0.49996 -0.62858 -0.11009 0.093035
2.7533 -3.6892 3.202 -1.3993 -2.6736 -0.45802 -1.4006 -0.39988 -0.66748 -0.44462 -0.49914 0.20891 -0.058281
2.8961 -3.6202 3.7104 -2.0119 -2.5217 -0.15625 -1.6605 -0.42958 -0.51502 -0.50512 -0.64302 0.22346 0.26421
3.0494 -4.0758 3.7501 -1.9284 -3.0458 -0.24982 -1.0987 -0.32906 -1.1418 -0.55761 -0.29455 0.27598 -0.03013
3.2708 -4.1254 3.6303 -1.9707 -2.959 -0.24513 -1.6203 -0.21318 -0.70843 -0.49646 -0.44765 0.051965 0.20575
3.2884 -4.257 3.6057 -1.7748 -3.285 -0.41726 -1.6238 -0.20857 -1.0106 -0.58225 -0.40221 0.23838 -0.050541
3.3528 -4.5145 3.483 -1.8561 -3.4817 -0.36462 -1.598 -0.019597 -1.0686 -0.63989 -0.36264 0.13623 -0.18939
3.2714 -4.2316 3.432 -1.705 -2.8939 -0.23519 -1.8709 -0.063118 -0.74274 -0.58067 -0.36423 0.26004 0.35099
3.2055 -4.0932 3.5832 -1.8348 -2.7531 -0.040682 -2.0492 -0.1088 -0.70275 -0.62699 0.014239 0.24998 0.063402
2.5617 -4.0998 3.26 -1.5273 -3.1515 -0.51896 -2.0285 0.0066424 -0.8246 -0.91637 -0.3684 0.05476 0.10444
1.7306 -3.3111 2.728 -1.2955 -2.7612 -0.74524 -1.7674 -0.0077111 -0.43793 -0.57923 -0.66474 -0.14651 0.16894
0.84676 -2.8205 1.8674 -1.4425 -2.9118 -1.3959 -0.95257 -0.59608 -0.51543 -0.70892 0.098669 -0.68842 0.35985
0.65477 -1.9163 1.7188 -1.0952 -2.615 -1.147 -0.84746 -1.4015 -0.063268 -0.51478 0.1089 -0.5923 0.38263
0.75592 -2.74 2.0865 -0.87981 -2.7069 -1.2063 -1.1086 -1.0039 -0.41465 -0.39752 0.18342 -0.037589 0.30089
0.66313 -2.4696 2.1946 -1.0768 -2.6687 -1.2878 -0.79105 -0.96943 -0.4861 -0.46095 0.48572 0.01107 0.015682
0.65358 -2.5306 2.1841 -0.45774 -2.8526 -1.5344 -0.91207 -1.3671 -0.12846 -0.33983 0.927 -0.090268 0.15414
0.31614 -2.3385 1.6964 -0.53443 -2.2149 -1.6925 -1.0938 -1.1989 0.13824 0.023986 0.85862 -0.35864 0.36354
0.50905 -3.2379 1.1217 -1.2973 -2.041 -0.88484 -1.1967 -1.7598 0.29145 -0.28726 0.074846 0.18661 0.78636
0.74599 -3.2671 0.49693 -1.2821 -2.3833 -1.2947 -1.3898 -2.1499 0.052004 -0.43456 0.57405 0.39196 1.126
0.42093 -3.0124 0.63085 -0.99348 -1.7027 -1.2704 -0.69136 -2.2338 0.14451 -0.48108 0.55824 0.45776 0.8043
