1.7277 -3.465 3.8411 -0.52986 -2.7637 -1.6129 -1.2096 -1.3189 0.1983 0.010449 -0.52087 0.24168 -0.56778
1.7832 -2.867 4.1238 -0.042435 -3.1275 -1.6223 -1.3368 -2.4418 0.16871 0.10983 -0.12026 0.20395 -0.43651
1.1431 -2.3169 1.7945 0.29155 -0.54258 -2.9821 -2.3657 -1.3957 0.26501 -0.30618 -0.22167 0.3793 -0.85308
-1.335 -2.0513 1.8902 0.31637 -0.044732 -2.0126 -0.85065 -1.2213 0.23259 -0.60036 0.073472 0.27745 -0.43895
-3.4803 -2.9045 1.3144 0.183 0.6221 -0.31273 0.16286 -0.89189 0.3162 0.20261 0.63577 0.51508 -0.048751
-4.0861 -2.6453 0.81609 0.32032 0.26658 -0.050408 -0.30231 -0.81313 -0.24865 0.14047 0.89782 0.67335 -0.25133
-4.782 -2.608 0.78903 0.024963 -0.25457 -0.31276 0.19529 -0.3563 -0.26272 0.23556 1.2635 0.40121 0.25507
-4.0792 -2.9022 0.88735 0.32084 0.22393 -0.49094 -0.64336 -0.88099 0.26895 0.97652 1.6832 0.8433 0.049663
-4.0751 -2.4401 1.1735 0.59541 0.12388 -0.028954 -0.055675 -0.81721 -0.052706 0.21482 1.1118 0.57851 -0.2243
-4.7026 -2.5912 0.90132 0.21933 -0.056362 -0.19498 0.039119 -0.58615 -0.21966 0.31456 1.4192 0.71308 0.20253
-4.7078 -2.7881 0.93912 0.64269 0.86394 0.075859 -0.4915 -0.73823 0.065213 0.89305 1.6844 1.1623 -0.32954
-4.9768 -2.0582 0.68641 -0.27394 -0.15071 -0.15396 0.71392 0.40297 0.011189 0.31618 1.1095 0.40862 0.33546
-1.566 -2.4535 0.031061 -1.4999 -1.9261 -1.5052 1.0395 0.59411 -0.15383 -0.14391 1.3987 -0.017636 1.1945
-3.9149 -2.4724 0.9371 -0.42388 -1.2812 -0.71279 1.1919 0.41114 -0.16137 0.092787 1.4492 -0.39916 0.82978
-5.8585 -2.3907 0.8034 0.32313 0.54132 0.36301 0.46162 0.18842 0.15594 0.44478 0.98798 0.83666 0.62301
-5.5167 -2.2103 1.0688 0.73032 0.72232 0.42573 0.097703 -0.25998 0.38495 0.38114 0.64688 0.80547 0.31049
-0.54437 -0.44945 2.174 -0.34072 -1.4344 -1.9765 -1.0284 -2.1729 -0.22421 -1.1415 0.10788 -0.065191 -0.13734
0.40186 -0.5038 0.87722 -0.31299 -1.2601 -2.6486 -0.2251 -0.89643 -0.6714 -1.0038 1.1286 0.098163 -0.336
0.614 -0.74431 1.0823 -0.38463 -0.9525 -2.6184 -0.7699 -0.31593 -0.31142 -0.95433 0.96986 -0.25978 -0.29662
2.2647 -1.3037 0.053805 -1.1767 -1.5671 -2.9134 -1.0333 -0.0096751 0.018574 -0.47 0.97527 -0.08218 -0.66515
2.6318 -2.5222 -0.78149 -1.4487 -1.9472 -2.1965 -1.1716 -0.18285 -0.67918 -0.32938 0.49319 -0.75401 -0.51939
3.188 -3.4815 -0.7997 -1.4608 -2.0595 -1.7731 -1.0177 0.013716 -0.7581 -0.076241 0.30082 -0.49173 -0.91342
3.3273 -3.3551 -0.88774 -1.6262 -1.8539 -1.5639 -0.89809 0.022095 -0.64303 -0.057207 0.39145 -0.53192 -0.87393
3.5123 -4.0106 -1.0582 -1.6239 -1.9835 -1.4604 -1.004 0.052255 -0.59855 -0.026519 0.42642 -0.56263 -1.0641
3.5814 -4.1665 -0.93157 -1.5492 -1.8738 -1.2722 -1.1001 0.16001 -0.66695 0.11461 0.35031 -0.43 -1.0483
3.6375 -4.1809 -1.0115 -1.6897 -1.8027 -1.2912 -0.86802 0.076273 -0.7062 0.025703 0.34757 -0.49253 -1.2371
3.6413 -4.5845 -1.0735 -1.8799 -1.9107 -1.4134 -1.1319 -0.12351 -0.80779 -0.17695 0.19167 -0.64445 -1.2296
3.6305 -4.3289 -0.88496 -1.6452 -1.7362 -1.2516 -1.0361 0.12237 -0.82389 -0.0062927 0.31322 -0.54272 -1.1036
3.5229 -4.2849 -0.97607 -1.4992 -1.7956 -1.3489 -1.0429 0.16214 -0.84881 0.066981 0.31075 -0.66045 -1.0336
3.3793 -4.0862 -0.9687 -1.5088 -1.6812 -1.433 -1.0776 0.15102 -0.98557 0.055723 0.36716 -0.64249 -1.0158
3.3099 -3.9844 -1.1363 -1.6626 -1.4874 -1.458 -1.035 0.20695 -0.68501 -0.026466 0.45146 -0.63712 -0.98459
3.1532 -4.1845 -0.86833 -1.87 -1.6029 -1.7061 -1.0186 -0.03546 -0.52251 -0.010488 0.26513 -0.66825 -0.94327
2.9011 -4.0216 -0.68302 -2.1113 -1.7562 -1.721 -1.3009 0.27114 -0.50729 -0.20038 0.10284 -0.55509 -0.92785
1.9764 -2.9469 -0.53408 -2.058 -1.5399 -2.0544 -1.1059 0.1993 -0.24338 -0.63231 0.18025 -0.58609 -1.108
0.92013 -1.7491 0.47329 -1.4303 -1.0843 -2.3148 -1.0103 -0.2645 -0.25531 -0.99618 0.67232 -0.15605 -0.72645
-0.233 -1.2183 0.93176 -0.46119 -1.042 -1.6203 -0.45457 -0.67587 -0.088142 -0.9293 0.20571 -0.55816 -0.42418
-0.40813 -1.7193 1.0286 -0.42499 -1.6133 -1.7239 0.28193 -0.40743 -0.19563 -1.2235 -0.10744 -0.69852 -0.94735
-0.2214 -1.6089 1.7227 -0.045688 -1.3003 -1.8437 -0.97981 -1.6053 -0.063958 -0.88875 0.23744 -0.40791 -0.35079
-0.52967 -1.3497 1.1726 -0.30979 -1.2388 -1.7616 -0.62637 -1.8531 -0.37707 -1.1791 0.37071 0.12906 -0.21765
