-2.5376 -2.4237 1.0645 0.15197 -0.39668 -0.50015 -0.47427 -1.5018 0.068902 -0.099714 0.82398 0.8806 0.40292
-2.6592 -2.3448 1.267 0.40697 -0.85241 -0.78601 -0.33168 -1.0494 0.56887 0.13093 0.72792 0.16876 0.092605
-2.3563 -2.6236 1.2016 0.58788 -0.21185 -0.48153 -0.70141 -1.7585 -0.28635 0.0020154 1.2048 0.75792 -0.14046
-1.9937 -2.0889 1.6961 0.72514 -0.72846 -0.69167 -0.23602 -1.6755 0.060624 -0.24044 1.0522 0.39201 -0.25144
-1.3511 -2.1648 1.3833 0.50698 -0.64844 -0.56647 -0.46832 -1.8151 -0.091353 -0.49533 0.30384 0.15648 -0.23963
-0.77132 -2.0974 1.5537 0.26582 -0.79752 -0.53231 -0.14182 -1.8804 -0.31126 -0.97765 0.4044 0.30783 0.00041953
-1.1015 -2.0841 1.6259 1.0474 0.075579 -0.036335 -0.57828 -1.5089 0.76115 -0.59542 -0.74361 0.13017 -0.36235
-0.99567 -2.5959 1.3863 1.4778 0.74516 0.99678 0.43177 -0.29862 1.1899 -0.54878 -1.4328 -0.38151 -0.83011
-0.99381 -2.0004 1.6779 1.1292 0.0075927 0.36165 0.06217 -0.92303 0.71051 -0.76186 -1.0061 0.33099 0.1816
-3.0481 -2.6449 0.95215 0.67874 0.6266 0.71154 0.53403 0.54963 1.2914 0.16983 -0.86102 0.0044695 0.29711
-4.6847 -2.4277 0.73538 0.39629 0.7217 0.49806 0.43869 0.29203 0.43747 0.49691 0.59764 0.57917 0.30369
-4.9321 -2.658 0.53405 0.062049 0.28911 0.072521 0.19898 -0.017478 -0.042416 0.2278 0.63815 0.41599 0.27125
-5.5267 -2.5303 0.61399 0.2052 0.49369 0.2724 0.31983 0.15845 0.25311 0.41914 0.68093 0.51476 0.29726
-5.0118 -2.4612 0.88582 0.60081 0.87442 0.35283 -0.21536 -0.4709 0.13213 0.36983 0.58296 0.76236 -0.16579
-5.8954 -2.5649 0.68354 0.34996 0.60815 0.33695 0.42273 0.28871 0.32168 0.44232 0.58065 0.25233 0.14718
-5.775 -2.3777 0.90797 0.20052 0.30772 0.093759 0.32863 -0.070569 -0.15728 0.46785 1.3271 0.6694 0.15495
-6.2638 -2.2293 0.61635 -0.24026 0.74786 0.17703 0.56972 0.72759 0.29604 0.65938 0.86364 0.43981 0.65635
-6.257 -2.5965 0.88178 0.29773 0.49167 0.090267 -0.057908 -0.33452 0.057618 0.76422 1.6059 1.2931 0.41936
-0.75372 -1.764 0.098538 -0.51044 -0.78901 0.162 1.1928 0.54219 -0.26241 0.26428 -0.71456 -0.16554 0.034576
-3.423 -2.5531 0.62244 -0.054476 -0.4571 0.00089971 0.96199 0.34245 0.10506 -0.14785 0.046773 -0.33638 0.463
-4.0471 -2.6845 0.54307 0.082558 0.035963 0.20695 0.66363 0.31015 0.28807 -0.10218 0.05266 -0.11306 0.17611
-0.98133 -2.067 1.8078 1.633 1.5028 0.9737 -0.55912 -1.3308 0.81757 -0.74688 -1.1928 0.53916 -0.80126
0.56428 -0.58502 2.1959 0.11462 0.10766 0.40254 0.34438 -0.8273 0.89461 -0.69827 -0.57273 0.5093 -0.85809
0.93185 -0.050835 2.2268 0.04819 -0.17821 -0.31228 0.31241 -1.5509 0.42389 -0.78089 -0.508 0.53608 -0.54102
1.1704 0.19904 1.7489 -0.45175 -0.37766 -0.83898 -0.23484 -0.971 0.17191 -1.1333 -0.327 -0.23295 -0.11217
1.5137 0.64505 0.92931 -0.75849 -0.85953 -0.93217 -0.0099384 -1.1545 0.219 -1.2457 -0.22219 0.13674 -0.21408
2.0058 0.76985 0.36654 -1.6125 -0.44247 -1.4333 -0.49607 -1.0053 0.31212 -0.47867 -0.36588 -0.29964 -0.21576
2.5233 0.23056 -0.20321 -1.6996 -0.41522 -1.4624 -1.1802 -0.27218 0.18209 -0.48386 -0.54661 -0.60882 -0.094659
2.9181 0.087743 -0.68339 -1.601 -0.91261 -1.2056 -1.0542 -0.15707 0.43775 -0.69065 -0.51213 -0.87659 -0.13653
3.3 -0.2551 -1.0537 -1.5066 -1.2135 -1.0441 -1.1173 -0.13658 0.53155 -0.55119 -1.0228 -1.0468 0.19397
3.5248 -0.54487 -1.1259 -1.5146 -1.3765 -0.62556 -1.2895 0.22563 0.54008 -0.64784 -0.90027 -0.93252 0.10799
3.605 -0.45594 -1.0664 -1.5603 -1.0238 -0.57954 -1.418 0.25297 0.67501 -0.46671 -0.81154 -0.87404 -0.015701
3.5785 -0.38727 -1.0745 -1.713 -0.78535 -0.71031 -1.4856 0.20501 0.58249 -0.59389 -0.71204 -0.90707 -0.15181
3.4661 -0.23956 -1.0033 -1.6195 -0.52467 -0.86448 -1.5305 0.189 0.56557 -0.63369 -0.5903 -0.86103 -0.13649
3.3901 -0.33051 -1.0534 -1.4956 -0.44969 -1.0582 -1.4512 0.23419 0.18666 -0.36854 -0.83571 -0.52776 -0.19079
3.1878 -0.10491 -0.69217 -1.903 -0.27561 -0.83288 -1.543 0.14523 0.1373 -0.32292 -0.87061 -0.45049 -0.23736
2.9523 0.23084 -0.91294 -1.8754 -0.23097 -1.0691 -1.251 -0.037317 -0.044456 -0.45055 -0.79332 -0.54211 -0.095917
2.7411 0.18244 -0.81654 -1.7111 0.1464 -1.4298 -1.0402 -0.27882 -0.10408 -0.21597 -0.75092 -0.47024 -0.22144
2.4247 0.3063 -0.84175 -1.3831 0.05086 -1.3904 -0.69019 -0.60849 0.15134 -0.071888 -0.59613 -0.499 -0.10802
1.8945 -0.05571 -0.44738 -1.1224 -0.32667 -1.0577 -0.38878 -1.1899 -0.15557 0.23776 -0.79614 -0.71648 -0.019862
1.1769 -0.39277 0.3121 -0.39985 -0.68853 -0.88536 -0.40123 -1.5049 0.34748 -0.44848 -0.79385 -0.49253 0.041189
0.86204 -0.76902 1.2282 -0.32892 -0.9251 -0.90296 -0.2456 -1.3335 0.17205 -0.55179 -0.76052 -0.043235 0.58523
0.56823 -1.4121 1.068 0.0018596 -0.61045 -1.173 -0.64142 -0.56486 -0.24553 -1.0173 -0.80764 0.32676 0.87655
0.40744 -1.8457 0.86033 0.44546 -1.2762 -0.93336 0.030203 -0.84897 -0.25007 -1.0346 -0.51566 0.081143 0.4776
-0.31943 -1.5063 1.6274 0.3898 -0.733 -0.51267 -0.090961 -1.4996 0.38635 -0.8351 -0.45337 0.081634 0.36375
