1.8972 -4.9164 2.3992 -1.5734 -1.9716 -1.638 -1.8468 -0.86606 0.04102 0.42694 -0.13485 -0.35703 -0.51091
2.8385 -5.5544 3.0661 -0.63974 -2.4946 -1.5195 -1.295 -1.4708 -0.16729 0.58507 0.038963 -0.27882 -0.92539
2.8466 -5.9674 3.3351 0.1517 -2.3477 -1.5782 -1.4086 -1.4569 0.18799 0.24934 -0.43051 -0.39126 -0.63412
2.1899 -5.2146 3.1117 0.01486 -2.372 -1.7823 -1.791 -1.454 -0.29667 -0.061315 -0.37679 -0.60037 -0.80282
1.2367 -3.6949 1.6293 0.16537 -2.3221 -1.6518 -1.4104 -2.2103 -0.59158 -0.41796 -0.043984 -1.0113 -0.96707
-1.1111 -2.3716 1.6964 1.043 0.20007 -0.14892 -0.95067 -1.5488 1.1027 0.024321 -0.65166 -0.17683 -0.89202
-4.2959 -2.6497 0.49568 0.066282 0.26093 0.20393 0.45872 0.32156 0.37358 0.36224 0.52357 0.35059 0.43016
-4.2856 -2.9507 0.23009 -0.072447 0.5643 -0.022277 -0.21559 -0.066217 0.23532 0.4451 0.35564 0.23556 -0.096211
-3.9312 -2.8666 0.27818 -0.45454 -0.24513 -0.15775 0.70766 0.38288 -0.29542 -0.042917 0.60932 -0.38534 0.096437
-4.9614 -2.643 0.49098 -0.3362 -0.1828 -0.12559 0.82361 0.50376 -0.15884 0.36344 1.2567 0.10315 0.44886
-5.9611 -2.3878 0.79478 -0.21785 -0.071806 0.14959 1.7613 1.5055 0.27933 0.52755 1.4103 -0.20292 0.82998
-5.6814 -2.4158 0.70852 0.32339 0.64155 0.52012 0.68155 0.57896 0.57011 0.58215 0.67891 0.59489 0.65297
-5.3024 -2.3026 0.91906 0.054186 0.027899 -0.03266 0.65053 0.2145 -0.22985 0.49355 1.5607 0.47916 0.28958
-0.62051 -2.114 1.4613 0.33212 -0.67442 -0.58991 -0.74931 -2.4028 -0.078209 -1.1825 -0.50563 0.32299 -0.10974
0.94664 -1.9605 1.4079 0.094149 -1.2093 -1.2772 -0.93738 -2.3803 -0.10102 -1.421 -0.92302 -0.43518 -0.46008
1.1302 -1.9145 1.8558 0.14864 -0.64807 -0.79781 -0.98399 -2.5684 0.15585 -0.96815 -0.60127 -0.38106 -0.99385
1.0722 -1.8972 1.8815 0.67904 -0.6831 -1.0977 -0.90286 -2.5343 0.25678 -0.73442 -0.34495 -0.44026 -0.99248
1.0119 -2.1147 1.6519 0.45508 -0.6274 -1.0406 -1.3313 -2.2469 0.42342 -1.0284 -0.89301 -0.39566 -0.96154
1.1645 -2.0996 1.315 0.097732 -1.6199 -2.0419 -0.94702 -1.8402 -0.18847 -0.96775 -0.39108 -1.0086 -0.72926
1.0507 -2.8259 0.84986 -0.0016435 -1.7803 -1.6028 0.040407 -0.56404 -0.39097 -0.66178 -0.62127 -1.3628 -0.51402
1.4358 -3.5843 0.089969 -0.91888 -2.0214 -1.0174 -0.15073 -0.16221 -0.50619 -0.84425 -0.90277 -1.1838 -0.58843
2.0314 -4.2656 -0.23021 -1.2623 -1.777 -0.834 0.15019 0.097758 -0.81636 -0.85517 -1.3024 -1.0799 -0.69098
2.4943 -4.7173 -0.12427 -1.192 -1.7908 -0.6917 0.21021 -0.030829 -1.0748 -0.72616 -1.2353 -1.0919 -0.5523
2.7177 -4.9982 -0.54834 -1.0217 -1.8055 -0.5273 -0.012662 0.015939 -1.285 -0.59933 -1.1237 -0.97097 -0.7766
2.7726 -4.8661 -0.53946 -0.9274 -1.7278 -0.687 -0.0877 -0.033454 -1.3275 -0.45136 -1.1232 -0.6952 -0.68809
2.9626 -5.2936 -0.71882 -1.1975 -1.7303 -0.65795 -0.14535 -0.25085 -1.4508 -0.64167 -1.205 -0.86024 -0.92468
3.2475 -5.5406 -0.38793 -1.0955 -1.6302 -0.55618 -0.08698 0.04077 -1.2555 -0.6095 -1.0817 -0.83795 -0.76669
3.0793 -5.225 -0.32304 -1.1643 -1.5045 -0.43361 0.00052162 0.0019609 -1.2329 -0.27173 -1.0242 -0.9419 -0.94988
2.8903 -4.8684 -0.22616 -1.1281 -1.7433 -0.71532 0.048292 0.023066 -1.3304 -0.53435 -0.8527 -0.92809 -0.80032
2.6096 -4.8016 -0.25829 -1.0041 -1.8613 -0.98632 0.1187 0.032992 -1.3764 -0.73398 -0.97924 -0.8121 -0.84641
1.9993 -4.1593 -0.31854 -1.2797 -1.6007 -1.2783 0.015911 -0.10316 -1.0641 -0.67672 -0.92626 -1.341 -0.52529
1.3755 -3.3446 0.35984 -0.91664 -1.6882 -1.2188 0.3983 -0.12824 -0.78327 -0.76136 -0.8147 -1.1137 -0.059003
0.94183 -3.3168 0.53707 -1.0699 -2.2921 -1.14 0.39107 -1.3594 -1.1326 -0.59787 -0.64336 -1.6305 -0.14685
0.50357 -3.1227 0.74418 0.11107 -1.4327 -1.2369 -0.53241 -1.5624 -0.38893 -1.0131 -0.31905 -0.82798 -0.34935
0.31436 -2.3554 1.5485 0.29257 -0.81475 -0.4921 -0.15717 -1.8658 -0.0067684 -1.2861 -0.72169 -0.54554 -0.70714
0.38898 -2.1092 1.6948 0.35077 -1.0156 -0.69192 -0.16548 -2.0694 -0.14069 -1.6045 -0.67465 -0.54992 -0.6727
0.29472 -2.6353 1.1942 0.2317 -0.94979 -0.85089 -0.96489 -2.5897 -0.16758 -1.3034 -0.69317 -0.10298 -0.15669
-0.0098833 -2.6173 1.3952 0.69727 -0.18956 -0.14724 -0.68095 -2.342 -0.28496 -1.4048 -0.61882 0.32528 -0.28238
