3.0506 -4.8202 3.1008 -0.33661 -2.0307 -1.0929 -1.3001 -1.5808 -0.33655 -0.287 0.33627 0.47484 -1.059
2.3079 -3.7493 3.391 -0.87762 -2.018 -1.3299 -1.6637 -1.7693 -0.44739 -0.45677 0.41964 -0.10094 -0.89194
1.7037 -2.1399 2.7919 0.086984 -1.597 -1.8365 -1.4303 -2.471 0.19536 -1.0632 0.28279 0.15682 -0.73698
1.9326 -3.1549 3.1008 0.25362 -1.5065 -2.125 -1.8683 -2.3639 -0.37409 -0.78274 -0.20077 0.19936 -0.87779
0.98998 -1.9746 2.3169 0.55775 -0.92151 -1.1942 -1.3874 -1.9886 0.3598 -0.67745 -0.087175 -0.15767 -0.47267
0.62981 -2.2384 1.6172 0.81666 -0.4495 -0.78603 -1.3674 -2.4518 0.76978 -0.99885 -1.117 0.01931 -0.7342
-1.2573 -2.492 1.486 1.0307 0.3047 -0.027736 -0.81279 -1.6759 0.26691 -0.28596 -0.2239 0.3268 -0.71959
-2.6488 -2.8577 0.65923 -0.065729 -0.21303 -0.43399 -0.36468 -0.90878 -0.5606 0.085103 1.0553 0.5057 -0.21293
-4.1607 -2.8724 0.5228 0.028203 0.14653 -0.24183 -0.41255 -0.76041 -0.31316 0.19637 0.84616 0.50972 -0.29577
-2.8171 -2.8155 0.45529 -0.06788 0.1212 -0.17858 -0.1732 -0.48967 -0.35979 0.092135 0.69821 0.28156 -0.33282
-4.7904 -2.5821 0.5731 0.14109 0.4291 0.23364 0.36961 0.2439 0.33512 0.49758 0.77273 0.52129 0.28059
-5.3253 -2.754 0.41492 0.030159 0.34042 0.097383 0.085023 -0.070432 0.073131 0.24026 0.52653 0.42587 0.13074
-5.4983 -2.6305 0.59262 0.16739 0.42741 0.078079 -0.04943 -0.29388 -0.053686 0.25641 0.67833 0.46756 -0.10628
-4.8163 -2.534 0.58241 0.22089 0.54673 0.3954 0.48803 0.40394 0.43753 0.35443 0.36021 0.33138 0.32542
-5.4038 -2.4337 0.71114 0.063482 0.30695 0.36306 1.1635 0.95953 0.259 0.17865 0.45796 -0.17272 0.83136
-0.10415 -3.1859 0.0021984 -1.1476 -1.1311 -1.3689 -0.80119 -0.76574 0.16066 0.0041055 -0.2036 0.11604 -0.13782
0.74242 -2.1721 1.6963 -0.0071799 -0.71351 -1.0333 -1.6278 -2.6143 0.17744 -1.1784 -1.0719 0.38749 -0.51536
1.7859 -1.5887 2.2355 0.17228 -1.1482 -1.5453 -1.2361 -2.8511 0.023412 -0.51918 -0.15844 -0.26409 -0.60431
2.1566 -1.8971 2.7787 -0.30333 -0.70619 -1.6539 -1.2072 -2.2493 -0.49469 0.46181 0.11854 -0.48485 -0.61705
2.2102 -2.3683 2.6266 0.13205 -1.2356 -2.3174 -1.334 -2.0757 -0.57003 -0.47085 -0.12333 -0.55083 -1.0624
2.158 -1.823 2.7078 0.27923 -1.6842 -2.3459 -0.8065 -1.8424 -1.0795 -0.50442 0.58337 -0.72332 -0.71194
2.1018 -1.0878 0.95577 0.39667 -0.59661 -2.1636 -0.97468 -1.5549 -0.37139 -0.76389 0.070615 -0.47686 -0.43981
2.4101 -1.6171 -0.19098 -0.53308 -1.0654 -1.5999 0.19204 -0.20074 -0.83487 -1.0842 -0.40776 -1.2141 -0.82229
2.3653 -2.3978 -0.67541 -1.1038 -1.0512 -1.2801 -0.55831 -0.76198 -1.3311 -1.7029 -0.8618 -1.0304 -1.1961
2.6479 -1.7464 -0.78795 -1.7866 -0.26142 -0.73664 -0.5777 -0.58708 -1.2747 -1.0778 -0.69087 -0.678 -0.78418
2.9825 -2.0481 -0.72095 -1.9882 0.138 -0.32627 -0.80281 -0.65105 -0.91779 -1.3164 -0.3383 -0.38723 -1.1363
3.4789 -2.3804 -1.3407 -1.7967 0.23452 -0.2072 -1.2165 -0.14607 -1.3737 -1.2666 -0.30697 -0.081161 -1.4825
3.6832 -2.7961 -1.9875 -2.1999 0.11779 -0.63817 -1.8512 -0.58887 -1.616 -1.7485 -0.59408 -0.33761 -1.8374
3.8147 -2.6436 -1.9357 -1.5757 0.16814 -0.060695 -1.7149 -0.082953 -1.1319 -1.4565 -0.25106 -0.089131 -1.5247
3.7555 -2.741 -2.4037 -1.4718 -0.40569 -0.012067 -1.7491 -0.074591 -1.2266 -1.2872 -0.48201 -0.39731 -1.1524
4.0069 -3.4783 -2.7116 -1.769 -0.54832 -0.30076 -1.4411 -0.076757 -1.2406 -1.3892 -0.64268 -0.67418 -1.0467
3.8123 -2.9704 -2.3426 -2.4565 -0.085343 -0.65753 -1.2698 0.073375 -1.5654 -1.689 -0.33528 -0.254 -1.1213
4.2309 -4.0215 -2.7258 -1.8165 -0.62544 -0.29472 -0.82326 0.14206 -1.6739 -1.5838 -0.55483 -0.83906 -1.2574
3.5777 -3.5825 -1.8125 -1.8698 -0.80034 -0.28309 -0.73305 -0.33815 -1.5286 -1.2595 -0.16948 -0.56604 -0.99725
4.1191 -4.197 -2.8703 -1.8348 -1.131 -0.41508 -0.66963 0.003571 -1.8082 -1.4242 -0.5642 -0.80295 -1.0942
3.1 -3.6801 -0.79099 -2.1565 -1.0174 -0.56831 -0.97625 -0.88784 -2.0285 -0.93402 -0.53207 -0.77036 -0.9506
3.1664 -3.8621 -1.1388 -1.837 -0.89669 -0.46245 -1.1856 -0.68345 -2.0033 -0.87152 -0.2095 -0.59129 -0.60113
3.2605 -3.7845 -0.77718 -1.9999 -0.63753 -0.51292 -1.1439 -1.1326 -1.8886 -0.81907 -0.42867 -0.70459 -0.78568
3.2707 -3.6815 -0.84967 -2.3228 -0.85805 -0.74392 -1.361 -1.0342 -1.8711 -0.96948 -0.047702 -0.46718 -0.82433
3.0273 -3.4084 -0.36989 -1.8466 -1.0403 -0.83091 -0.85997 -1.0867 -1.6082 -1.0367 -0.032193 -0.76173 -0.65776
2.5039 -3.2435 -0.56727 -1.8492 -1.4798 -1.3706 -0.72902 -1.4937 -1.9111 -1.0786 0.07088 -0.72935 -0.58912
2.0526 -2.5365 0.73514 -2.2919 -1.8135 -1.1603 -0.92984 -2.1646 -1.299 -1.2592 0.011458 -0.33248 -0.79996
2.2323 -3.0618 0.72606 -1.4322 -1.6766 -1.9878 -0.81629 -1.9803 -1.1103 -1.4964 -0.73565 -0.10673 -0.4054
1.8012 -2.0512 1.1364 -1.4062 -1.7034 -2.2598 -0.41974 -1.4662 -0.38767 -1.2835 -0.84053 0.09085 -0.00029821
1.762 -2.0393 0.48845 -2.1608 -2.6119 -2.0428 -0.96353 -2.4916 -0.30874 -1.2529 -0.2357 0.31937 0.60027
1.4919 -2.5184 0.98039 -1.3835 -1.9343 -1.9989 -1.0101 -2.4311 -0.2881 -0.79987 0.71687 0.92972 1.0381
0.91743 -2.5437 1.0381 -0.56317 -1.8004 -1.7705 -0.72283 -1.8254 0.23813 -0.8996 0.18799 0.068323 0.43853
-1.046 -2.9819 0.62617 -0.078746 -0.8862 -1.1583 -1.1971 -1.8079 0.099275 -0.30147 0.13534 0.2515 0.3156
-0.93308 -3.1533 0.22968 -0.4119 -0.75775 -0.72682 -0.40212 -1.0404 -0.80358 -0.57325 0.27205 -0.09426 0.0044842
-1.5272 -3.0821 0.73596 0.098598 -0.71087 -0.77166 -0.76294 -1.5393 -0.38063 -0.28236 0.52029 0.34438 0.046359
-0.1954 -3.0829 0.695 -0.065076 -0.78865 -0.75026 -0.73852 -2.0394 -0.74282 -0.95234 0.3124 0.50584 0.28357
-0.31211 -3.338 0.51837 -0.21382 -1.0293 -0.90629 -0.78246 -1.8907 -0.39766 -0.303 1.0983 0.98052 0.5777
