2.1773 -3.4262 2.3855 -0.73779 -2.7344 -1.5635 -1.1039 -1.9784 -0.11816 -0.55117 -0.066065 -0.20875 -0.73533
2.7565 -3.0593 2.4651 -0.8636 -2.5896 -2.1784 -1.363 -1.7927 -0.42291 -0.63262 -0.19426 0.23577 -0.66941
2.917 -3.3001 2.3413 -0.292 -2.4299 -2.0346 -1.6333 -2.5659 0.016901 -0.37839 -0.10152 -0.54701 -0.82893
2.5407 -3.0338 2.1 0.15692 -1.6693 -1.5956 -1.8457 -2.7949 0.26212 -0.56702 -0.099322 0.13178 -0.73371
1.2979 -2.5551 1.5848 0.40341 -0.82509 -0.78508 -1.23 -2.4392 0.4127 -0.35846 -0.042384 0.035326 -0.65118
-0.35415 -2.7549 0.67984 0.24054 -0.083938 -0.39765 -0.74468 -1.2987 -0.027519 -0.27399 -0.053646 0.067554 -0.52133
-1.5168 -2.8739 0.44303 0.085546 0.31512 0.0064709 -0.3348 -0.61336 -0.20216 -0.1589 -0.07008 0.057487 -0.6612
-2.1664 -2.9901 0.51792 -0.065714 -0.077823 -0.15621 -0.13931 -0.66076 -0.67019 -0.43371 -0.043288 -0.15132 -0.46955
-3.419 -2.8091 0.52064 0.078704 0.26381 -0.074443 -0.26656 -0.56891 -0.18435 0.20253 0.80403 0.69582 0.019958
-4.7957 -2.557 0.5511 0.17302 0.49099 0.32942 0.40581 0.29057 0.33187 0.29969 0.33902 0.24777 0.17995
-4.1394 -2.7531 0.49685 0.086544 0.32706 0.018924 -0.13908 -0.41284 -0.24249 -0.032569 0.28865 0.25364 -0.10384
-5.0619 -2.579 0.55493 0.18014 0.4863 0.35834 0.52073 0.41936 0.27468 0.057694 -0.034112 -0.0046615 0.3831
-0.17281 -2.9641 0.20519 -1.0764 -1.4097 -1.1203 -0.030602 -0.83424 -0.38361 -0.58374 0.21747 -0.34923 0.1334
-1.775 -2.8757 0.40161 -0.14186 0.13581 -0.16635 -0.48664 -0.92914 -0.46648 -0.37095 -0.060163 0.20368 -0.4389
0.46351 -2.5867 1.3538 0.7036 -0.11322 -0.30405 -1.1081 -2.4473 -0.30366 -1.1326 -0.22924 0.68846 -0.29152
1.7552 -2.242 1.4489 0.10119 -1.047 -1.2972 -1.6752 -2.7716 0.44261 -0.48665 -0.57632 -0.39217 -0.61478
2.2107 -2.9293 1.3311 0.091019 -1.3341 -2.0082 -1.6068 -2.7227 -0.41652 -0.79106 -0.3561 -1.0371 -1.1024
2.2931 -2.4285 1.479 0.43273 -0.9308 -1.7037 -1.1336 -2.2052 -0.28449 -0.54289 0.19928 -0.71614 -0.9588
2.4242 -2.2825 1.3641 0.098219 -0.76157 -1.8633 -0.98326 -2.2816 0.029955 -0.86031 -0.54974 -0.5763 -1.2476
2.5022 -2.1402 0.68729 -0.54348 -1.3002 -2.2507 -0.67924 -1.1141 -0.81938 -0.95601 -0.20119 -0.74158 -0.76965
3.3809 -3.1463 -0.72568 -0.6877 -1.4028 -1.81 -0.5881 -0.23177 -1.2737 -1.0775 -0.46005 -0.94038 -1.0581
3.853 -3.5354 -1.3729 -1.038 -1.2828 -1.3634 -0.28682 -0.5221 -1.4889 -1.4558 -0.4413 -0.60499 -0.97172
4.1187 -3.5066 -1.6407 -0.98572 -0.6152 -1.1149 -0.38293 -0.48692 -1.7069 -0.97546 -0.1983 -0.691 -0.79386
4.166 -3.5451 -1.8091 -0.97517 -0.7025 -0.98938 -0.51609 -0.64419 -1.599 -1.1184 -0.326 -0.38662 -1.1059
4.1494 -3.2767 -2.0977 -0.99253 -0.40286 -0.77848 -0.68571 -0.62892 -1.6376 -0.96159 -0.29006 -0.12386 -0.91633
4.5798 -3.937 -2.4841 -1.1537 -0.73772 -0.78733 -0.94763 -0.21075 -1.6372 -1.0878 -0.28755 -0.32617 -1.0627
4.8563 -4.4723 -2.5178 -1.4061 -0.7515 -0.67953 -1.1587 -0.023759 -1.7368 -1.1457 -0.30278 -0.48015 -1.2305
4.9653 -4.3421 -2.535 -1.8032 -0.38471 -0.64595 -1.0641 0.072322 -1.5882 -1.3136 -0.17725 -0.52634 -1.2098
5.1608 -4.7897 -2.894 -1.982 -0.63157 -0.79659 -1.0156 0.028638 -1.6241 -1.3276 -0.61755 -0.56112 -1.2263
5.3324 -4.8917 -2.9254 -1.8429 -0.85162 -0.74034 -1.1056 0.14564 -1.7032 -1.478 -0.6709 -0.4393 -1.3097
5.4152 -4.9762 -3.1939 -1.9844 -0.93666 -0.57345 -0.98269 0.40946 -1.7398 -1.7047 -0.50906 -0.64199 -1.4654
5.3679 -4.7185 -3.2454 -1.5451 -1.1144 -0.83177 -0.83555 0.28428 -1.6074 -1.6092 -0.27881 -0.53752 -1.0749
5.1329 -4.5003 -2.9121 -1.1933 -1.0741 -0.86258 -0.83432 -0.0064687 -1.6171 -1.4916 -0.028796 -0.46875 -0.98251
4.7297 -4.4937 -2.9761 -1.8054 -1.1357 -1.353 -0.9853 -0.71574 -1.4505 -1.8403 0.12512 -0.71234 -0.89601
4.3851 -3.3682 -2.8651 -2.0216 -0.6036 -1.9056 -0.3657 -1.1655 -1.5345 -1.5695 -0.043391 -0.36595 -0.8546
4.1303 -3.738 -2.4758 -2.308 -0.7114 -2.0349 -0.53146 -0.70786 -1.871 -1.1321 -0.30784 -0.36978 -0.6038
4.0893 -4.1242 -1.9778 -2.5445 -0.92499 -2.0557 -0.71986 -0.63057 -1.6619 -1.3556 -0.29245 -0.63183 -0.34127
3.7719 -4.0886 -1.003 -2.2014 -1.7603 -1.9927 -0.38251 -0.54122 -1.5192 -1.5061 -0.2724 -0.7283 -0.14437
3.2005 -2.8241 -0.55687 -1.7245 -1.0881 -2.2632 -0.49425 -0.010127 -1.2987 -1.6809 0.017165 -0.35476 -0.3321
2.5827 -3.2116 0.1736 -1.457 -1.5289 -2.6073 -0.52671 -0.73175 -0.93443 -1.3981 0.017533 -0.27403 -0.48202
2.4426 -2.7745 0.75398 -1.7762 -2.3331 -2.4954 -0.81539 -2.132 -0.68787 -0.84725 0.056594 -0.1675 -0.27127
2.1061 -3.2947 -0.16807 -1.5521 -1.4928 -2.1405 -1.3788 -2.0131 -0.77634 -0.85202 0.69653 0.67811 0.52365
0.99647 -2.7885 0.59443 -0.84548 -2.3155 -2.0102 -0.39835 -1.4847 -0.66792 -0.8242 1.0435 -0.15616 0.38675
