2.5765 -3.5255 1.4557 -0.50645 -2.7221 -1.4177 -0.059539 -0.99978 -0.52941 0.17617 0.28154 0.0075733 0.036843
3.3563 -4.1002 1.4283 -1.0043 -2.8716 -1.4059 -0.83525 -1.327 0.097894 -0.33543 0.16042 -0.47468 -0.54082
2.9643 -2.6973 1.0135 -0.26515 -2.0568 -1.3668 -0.38936 -1.6657 0.22813 -0.59286 0.31378 -0.43132 -0.29939
2.0274 -2.5736 0.97074 0.48873 -0.26156 -0.40035 -0.29539 -0.79507 0.3763 -0.28388 -0.10938 -0.16084 -0.25442
0.31099 -2.6516 0.87298 0.94133 1.1128 0.57825 -0.33089 -0.36292 0.73061 0.18953 -0.51902 0.30326 -0.41725
-1.4467 -2.5683 0.43957 -0.10842 0.51633 0.22379 0.29368 0.25577 0.29803 0.20532 0.089144 0.068596 0.006196
-1.0089 -3.2087 0.97522 0.21319 0.86982 -0.064142 1.1126 0.4513 0.56036 0.68227 -0.39783 0.50801 0.06218
-1.9354 -3.2751 0.17082 -0.26538 0.22354 -0.21142 0.21609 -0.046872 0.17986 -0.0088777 0.049845 0.16768 0.38778
-1.0859 -3.25 0.86691 -0.016721 0.4796 0.30544 -0.19112 -0.15738 0.061414 0.047852 0.4181 0.029091 -0.27442
-2.4165 -2.8503 0.27705 -0.10517 0.20747 0.077028 0.18073 0.10074 0.10958 0.095727 0.065986 0.08508 0.11275
-3.5809 -3.0065 0.27312 -0.05977 0.24136 0.11565 0.21341 0.12518 0.18183 0.28745 0.43121 0.56255 0.74181
-3.492 -2.6128 0.52498 0.16359 0.4902 0.36535 0.49242 0.41002 0.44902 0.46262 0.54698 0.53465 0.57303
-2.4161 -2.851 0.28448 0.0050848 0.41427 0.052648 -0.15223 -0.26442 0.013821 0.08664 0.178 0.31442 -0.088103
-1.9443 -6.4299 -3.1439 -2.1518 0.68492 0.39172 0.87445 0.82469 -0.40568 -0.39423 0.31406 -0.25819 0.05309
-2.956 -2.7747 0.35262 -0.018968 0.31731 0.15135 0.22086 0.10118 0.14244 0.097328 0.13514 0.012146 -0.089712
-2.016 -2.7775 0.65076 -0.030828 -0.30434 -0.40805 -0.29402 -0.89166 -0.59695 -0.21541 0.5936 0.23208 -0.14038
1.8067 -3.5616 0.35832 0.12779 -0.29339 -0.49294 -1.1889 -2.1466 -0.90711 -1.1097 -0.49766 -0.03219 -0.99166
1.8496 -4.1001 -0.36707 -0.62089 -1.0078 -1.2201 -1.5822 -2.3194 -1.0822 -1.1136 -0.54261 -0.53622 -1.2808
1.8613 -3.5125 0.36194 0.10229 -0.47989 -0.88118 -1.4432 -1.881 0.1718 -0.38296 -0.8408 -0.55718 -0.93612
1.8923 -3.4875 0.21796 0.021745 -0.39833 -0.80193 -1.2675 -1.7488 -0.065949 -0.35361 -0.35836 -0.16817 -0.47021
1.996 -3.6237 0.025188 -0.28994 -0.62886 -0.7909 -0.98332 -1.514 -0.26609 -0.66706 -0.68609 -0.64241 -0.76551
2.0737 -3.6964 0.036127 -0.17343 -0.46935 -1.0373 -1.5534 -1.8821 -0.13267 -0.42944 -0.52422 -0.34947 -0.85339
2.5673 -3.4772 -0.17513 -1.4218 -1.8194 -1.4316 0.096712 -0.67091 -0.88326 -1.1837 -0.13781 -1.2132 -0.11864
3.1722 -3.8553 -0.91795 -1.7498 -1.038 -1.1351 0.1998 -0.089817 -1.1568 -1.1173 -0.031718 -0.8368 -0.064033
3.6121 -4.5206 -1.4349 -1.9682 -1.4104 -1.1231 0.18806 0.15793 -0.81952 -1.5733 -0.46183 -1.279 -0.41797
3.8051 -4.3895 -1.8045 -1.732 -1.5258 -1.4509 0.063626 -0.31041 -1.1314 -1.5082 -0.45503 -1.1336 -0.39761
4.03 -4.8685 -2.1132 -2.0678 -1.1431 -1.01 -0.39311 -0.14666 -1.2422 -1.2649 -0.47397 -1.2731 -0.64024
4.1592 -4.7301 -2.0631 -1.5468 -1.2021 -1.03 0.04865 -0.33581 -0.78333 -1.1958 -0.62634 -0.66932 -0.45498
4.4309 -4.9998 -2.3078 -1.9428 -1.5942 -1.3914 0.0058051 -0.4354 -1.353 -1.2586 -0.55292 -0.60296 -0.5569
4.5852 -4.7359 -2.2712 -1.9684 -1.5982 -1.3535 -0.054051 -0.10001 -1.344 -1.3996 -0.46605 -0.88936 -0.5852
4.7736 -4.8086 -2.2665 -1.8636 -1.1919 -0.90956 0.068002 -0.0050873 -1.2631 -1.1188 -0.42265 -0.67361 -0.52203
4.7956 -4.6462 -2.4558 -1.6229 -1.337 -0.9302 0.059152 -0.34461 -1.1631 -1.3214 -0.20808 -0.64241 -0.40871
4.748 -4.8152 -2.4229 -2.0215 -1.6895 -1.0694 0.20673 -0.37524 -1.4488 -1.608 -0.2468 -0.86627 -0.66651
4.7759 -4.7855 -2.4819 -1.9617 -1.6424 -1.1932 0.12141 -0.35291 -1.407 -1.5572 -0.067499 -0.88857 -0.36407
4.7959 -4.5791 -2.2923 -2.106 -1.777 -1.2577 0.33916 -0.35003 -1.5387 -1.6063 -0.50071 -0.4837 -0.39611
4.9644 -4.4839 -1.8387 -2.1686 -1.3178 -1.4503 0.69354 -0.0047836 -1.8104 -1.2916 -0.65721 -0.75238 0.14966
4.6286 -4.3074 -1.6184 -2.5991 -1.8727 -1.5578 0.45887 -0.65242 -1.5813 -1.4527 -0.51355 -0.45977 0.25818
4.2298 -4.031 -1.3524 -2.675 -2.0261 -2.005 0.25797 -0.33435 -1.9061 -1.4786 -0.71401 -0.42191 0.29636
3.9158 -3.8484 -0.87725 -2.1065 -2.1191 -2.065 0.34918 -0.55415 -1.2874 -1.6276 -0.23775 -0.80032 0.45664
3.656 -3.4072 -0.035089 -2.1811 -1.6893 -1.4407 0.41706 -0.94903 -0.66817 -1.3052 -0.28053 -0.71548 0.25874
3.2961 -3.5101 -0.29443 -2.1446 -2.1796 -1.8254 -0.34653 -1.4378 -0.55719 -1.0282 -0.030195 -0.44302 0.63898
3.5329 -3.2717 0.31141 -1.1978 -1.7022 -1.3569 -0.42959 -1.7365 -0.40634 -1.5165 -0.065257 0.33415 0.40881
3.6185 -3.444 0.11285 -1.4921 -1.9903 -1.5502 -0.52527 -2.2641 -0.24891 -1.2302 0.12437 0.26623 0.38373
3.5591 -3.4215 0.10233 -1.4078 -1.7674 -1.2564 -0.43423 -2.0561 -0.19976 -1.2819 0.26706 0.70911 0.5203
3.6022 -3.8766 -0.25588 -1.9811 -2.039 -1.6677 -0.81852 -2.2463 -0.36031 -1.1961 0.33167 0.85566 0.51442
3.5317 -3.4683 0.23657 -1.3318 -1.4929 -1.463 -1.0454 -2.1552 0.086814 -1.1265 -0.054754 0.75257 0.50369
3.465 -3.6738 0.31983 -1.0675 -1.5897 -1.4603 -0.98925 -2.2584 0.17211 -0.66475 0.42199 0.74261 0.63532
3.3065 -4.0374 0.038089 -0.81347 -1.2459 -1.3888 -1.1953 -2.1083 -0.40575 -0.99806 0.27698 0.72723 0.89724
3.033 -4.2225 0.11534 -0.51905 -1.3208 -1.3296 -1.4005 -2.5006 -0.34207 -0.48715 0.84464 0.9444 0.76596
2.0812 -4.2995 0.11192 -0.42943 -1.1801 -1.1414 -1.4052 -2.4058 -0.55273 -0.58906 0.58498 0.86911 0.48261
