-2.6784 -3.6802 1.9429 0.44065 0.098617 -0.2515 0.66455 0.26027 -0.030012 -0.31593 0.64598 -0.19189 -0.28051
0.66629 -2.7192 2.8347 0.95701 -0.97053 -1.8335 0.26558 -1.5033 -1.0009 -0.81967 -0.69325 0.11824 -0.39475
1.4527 -2.3522 2.3418 1.0012 -0.5953 -1.4137 -0.085019 -2.2928 -0.75263 -0.67098 -0.87691 -0.48192 0.22501
1.1952 -2.8888 2.3781 1.6087 -0.75004 -1.1456 0.12891 -2.4349 -1.2036 -0.80688 -0.4053 -0.47876 -0.20195
-0.86388 -1.9058 1.6363 1.0091 0.2605 0.18789 -0.15903 -1.325 0.35529 -0.54188 -0.25559 0.24769 -0.25544
-2.0704 -2.546 0.86814 0.45505 0.16912 0.14599 0.25801 -0.12748 0.29672 -0.37594 -0.5189 -0.17192 0.36697
-3.2207 -2.4457 0.72921 -0.060546 0.12416 0.025785 0.18095 -0.46217 -0.13846 -0.065235 0.52418 0.35161 0.069361
-4.8692 -2.5895 0.65811 0.4259 0.83215 0.5667 0.21634 -0.098383 -0.10578 -0.12253 0.23255 0.59306 -0.061764
-2.9775 -2.617 0.61073 0.12184 0.13174 -0.030618 0.11635 -0.10109 0.12296 -0.020028 0.045664 -0.064111 0.13164
-3.6372 -2.7822 0.47784 0.19046 0.48689 0.35665 0.2929 -0.095372 -0.1828 -0.1418 0.27193 0.4206 0.27602
-3.5479 -2.5161 0.79015 0.2968 0.039391 -0.20702 -0.17185 -0.34483 0.49132 0.17285 -0.028183 -0.009614 0.43661
-3.3224 -2.7647 0.51859 0.13177 0.29572 0.14146 0.10986 -0.21484 -0.18609 -0.23165 -0.13416 -0.096515 -0.12216
-4.1993 -2.5831 0.73051 0.39057 0.64855 0.19339 -0.2931 -0.54333 0.0016183 0.20318 0.43638 0.61347 -0.22038
-4.5985 -2.5192 0.63698 0.16513 0.34818 0.26 0.48622 0.22978 0.13475 0.20593 0.46871 0.17103 0.1702
-0.66395 -3.5747 2.1018 -0.61438 -0.49079 0.16686 -2.1011 -0.2714 -0.21581 -0.070786 0.13815 0.38719 -0.10145
-0.34054 -2.005 2.2205 0.89001 0.047835 -0.33686 -1.0504 -1.7854 -0.052826 -0.84238 -0.52486 0.030164 -0.57477
1.5379 -1.2324 3.1136 0.44265 -1.2011 -1.4001 -0.54013 -2.1456 -0.42162 -1.2242 -0.26266 0.2257 -0.21247
1.8982 -1.2732 3.496 0.653 -1.1496 -1.5863 -1.0612 -1.6769 -0.45352 -0.1327 -0.54498 -0.10122 -0.15806
2.693 -1.4134 3.0225 -0.20723 -1.0576 -2.574 -0.92366 -0.98856 -1.267 -0.025782 -0.030714 0.35422 -0.62435
3.5214 -1.8275 1.9167 -0.77335 -1.1361 -3.5076 -1.2821 -1.3589 -1.6635 -0.52582 -0.38544 0.66965 -1.0329
3.6215 -1.1157 1.4429 -0.82784 -0.66234 -3.5934 -0.82454 -1.4413 -0.92743 -0.4373 -0.40743 0.63593 -0.85922
3.5318 -1.3486 1.1434 -1.0019 -0.61257 -3.476 -0.97941 -1.4501 -0.90127 -0.25224 -0.4347 0.15032 -0.77523
3.4469 -1.3404 0.7168 -1.0245 -0.72617 -3.0346 -1.0479 -1.587 -0.74731 -0.40473 -0.27432 -0.037056 -0.70078
3.3694 -1.1663 0.83913 -1.0945 -0.76246 -2.9425 -1.0961 -1.5026 -0.47191 -0.28085 -0.33134 -0.42086 -0.34286
3.2637 -0.89516 0.84627 -1.1312 -0.72389 -2.1901 -0.91487 -1.3445 -0.73627 0.30148 -0.22062 -0.53724 0.07683
3.1906 -0.95729 0.68997 -1.2581 -0.14138 -2.6065 -1.0111 -1.2174 -0.59951 0.038753 -0.058897 -0.34053 -0.16718
3.1377 -1.2718 -0.14335 -1.2052 -0.50835 -3.0298 -1.5374 -1.476 -1.0168 -0.46132 -0.15739 -0.58964 -0.40315
3.0578 -0.74914 0.16313 -1.1047 -0.24338 -2.7211 -1.3222 -1.7534 -0.62365 -0.036523 -0.058431 -0.37254 -0.52347
3.0998 -0.65511 0.29605 -1.4347 0.053504 -2.7457 -1.4002 -1.5853 -0.55943 0.12082 -0.18904 -0.2473 -0.3709
3.1418 -0.75526 0.68118 -0.9001 0.045298 -2.6138 -1.5172 -1.2506 -0.52823 0.53183 -0.21328 0.13965 -0.44887
3.0931 -1.0143 0.81504 -0.68069 -0.066557 -2.8704 -1.8756 -1.5715 -0.70747 0.35904 -0.19741 0.20964 -0.53699
2.4214 -1.0602 1.7918 -0.25114 -0.12579 -2.1616 -2.0905 -2.2043 -0.59145 -0.43645 -0.10292 -0.15534 0.16163
1.7293 -1.1725 2.5579 0.5405 -0.71721 -2.2685 -1.7206 -1.8794 0.13841 -0.54443 0.20696 -0.13848 -0.37798
1.2802 -1.0395 2.1913 -0.028291 -0.8537 -1.7278 -1.2369 -1.935 0.062181 -0.73397 -0.046416 0.038827 -0.13449
0.48767 -1.0109 2.6595 0.40574 -1.2764 -1.4796 -0.42439 -1.8387 0.20375 -0.77652 0.57154 -0.054245 -0.51552
-0.79604 -1.9802 1.8006 0.89054 -0.61565 -0.61996 -0.43262 -1.5839 0.18688 -0.70708 -0.012165 -0.13634 -0.058095
