1.3048 -2.9907 2.6981 1.3368 -2.1556 -1.0011 -0.44193 0.1628 -0.75827 0.36015 -0.41372 0.25678 -0.34454
2.3004 -3.0642 2.5377 0.9536 -1.9965 -0.8935 -0.78076 -0.43742 -1.3833 0.54265 -0.36599 0.23931 -0.16437
2.318 -3.1464 2.4613 1.4169 -1.8921 -0.79701 -1.3736 -0.41985 -1.1587 0.64011 -0.59719 -0.11734 -0.12424
1.361 -3.5763 2.9845 1.2961 -1.1894 -0.63565 -1.1156 -0.63901 -1.7066 1.0476 0.14278 0.31816 -0.22091
-2.7368 -2.6276 1.7532 1.0382 0.30795 0.51189 -0.42397 -0.77454 0.21417 0.048783 0.26407 0.8065 0.028114
-2.6387 -2.5049 1.2454 0.32587 -0.62333 -0.70178 -0.028377 -0.85053 0.19836 0.70789 1.965 0.5172 0.43275
-3.1266 -2.4836 1.1881 0.65294 -0.15031 -0.13687 0.015597 -0.73973 0.4517 0.40639 1.1425 0.60756 0.055387
-3.6574 -2.5755 1.0981 0.43411 -0.27782 -0.40482 -0.1099 -0.72331 0.43919 0.68021 1.4029 0.45582 -0.020539
-3.9956 -2.4992 0.81979 0.42207 0.39483 0.14818 -0.066598 -0.44922 -0.0023253 -0.08505 0.10806 0.27321 0.12136
-4.6296 -2.6196 0.90857 0.55804 0.44589 0.094764 -0.46789 -1.0304 -0.060413 0.071747 0.63665 0.88054 -0.052577
-0.22944 -3.7467 2.7119 -1.8924 0.95381 0.31842 0.35448 0.62342 -0.40593 0.42614 -0.31738 -0.026704 -0.24354
-0.40365 -2.0475 -0.70565 -1.0522 -0.33501 -0.17759 0.078364 -0.56997 0.21002 -0.27347 -0.51687 -0.0016144 -0.079431
0.27379 -1.3104 2.81 -0.097485 0.057199 -1.1516 -0.71537 -1.2684 0.05512 -0.59881 -0.3844 0.1514 -0.099
1.184 -0.69349 2.9847 0.27964 -1.1222 -0.93389 -0.23631 -1.7908 -0.06474 -0.74551 -0.77622 0.18983 -0.34723
1.548 -0.80365 2.7765 0.72273 -0.64782 -1.2975 -0.042741 -1.1853 -0.23701 -0.94596 -0.84929 0.50784 -0.80658
1.6412 -0.89526 2.9204 0.76998 -0.78024 -1.1596 -0.62967 -1.244 0.15929 -0.74492 -1.1882 0.80205 -0.76975
2.013 -1.4339 1.8257 0.35698 -0.35896 -1.2221 -1.4568 -0.15443 -0.27699 -0.2836 -1.4869 0.64223 -0.50646
2.4277 -0.89785 0.73265 -0.88892 -0.65361 -0.79929 -1.3037 0.37349 0.20294 -0.2993 -1.1326 -0.055724 -0.3739
2.6367 -0.8905 0.48412 -1.746 -0.73621 0.22164 -1.2132 0.090772 0.22693 -0.50055 -1.3664 0.14038 -0.17293
2.5315 -1.4418 0.24228 -1.079 -0.60004 -0.3231 -0.83477 0.029025 -0.32889 -0.6252 -1.1641 0.021039 -0.12747
3.2104 -2.5642 0.2904 -1.0846 -0.59758 0.25684 -1.3749 0.39788 0.11184 -0.80551 -1.1495 -0.090789 -0.047243
3.1085 -2.1946 -0.15321 -1.4163 -0.11643 0.58433 -1.2698 -0.14461 0.15535 -0.75722 -0.88165 -0.325 -0.041961
3.1194 -2.3571 0.089452 -1.5533 -0.36431 0.73492 -1.3215 -0.21619 0.16245 -0.69028 -0.83884 -0.49425 -0.085502
2.7938 -1.8321 0.29662 -1.6387 -0.37686 1.0607 -1.78 0.26974 0.12801 -0.66451 -0.84326 -0.54676 0.025762
2.4922 -1.2987 0.36308 -1.8443 -0.22819 0.49543 -1.2961 -0.28707 0.26035 -0.75539 -0.6556 -0.88326 0.036856
2.3477 -1.4088 0.3303 -1.5576 -0.53293 0.39577 -1.0473 -0.38931 0.20207 -0.74039 -0.46004 -0.86693 -0.09024
2.5527 -1.1688 0.21071 -2.0819 -0.25645 0.83817 -1.4534 -0.4972 -0.048563 -0.44858 -0.44524 -1.2707 0.13694
2.5536 -0.85735 0.11175 -2.284 -0.49674 1.206 -1.7368 -0.23576 -0.018168 -0.43564 -0.70465 -0.8879 0.14208
2.4933 -0.94743 -0.44855 -2.0949 -0.041714 1.0679 -1.5826 -0.26496 -0.1464 -0.33008 -0.76888 -0.66502 -0.14378
2.3937 -0.81058 -0.78995 -2.2485 -0.055159 1.0067 -1.7719 -0.17875 -0.41059 -0.21926 -0.90488 -0.7346 -0.059906
1.906 -1.337 0.17016 -2.1334 -0.086728 1.0794 -1.4678 -0.52376 -0.037704 -0.15378 -1.1503 -0.39979 -0.39453
1.0861 -1.512 1.4396 -1.0867 0.092563 0.69909 -1.7414 -1.3722 0.061461 -0.31169 -1.1116 0.006868 -0.77802
0.68023 -1.3969 1.1939 -0.78636 0.39749 0.20005 -1.1299 -1.2897 0.097962 -0.52209 -1.3768 -0.14849 -0.61171
0.048737 -0.87858 1.8567 -0.44815 0.43676 0.073956 -0.80276 -1.2387 0.69974 -0.46733 -1.0159 -0.46067 -0.41179
