0.65767 -4.0521 2.2556 1.6547 -1.9666 -0.59732 -0.18267 -0.88469 -0.82945 0.61865 -0.55771 -0.17809 -0.38859
1.1229 -3.951 3.6409 1.1153 -2.3467 -0.88042 -0.48016 -1.2376 -0.97706 0.69798 -0.14035 0.051992 -0.18482
1.7311 -3.8393 3.1782 1.8593 -2.0571 -1.252 -0.95886 -1.0864 -1.3725 0.72229 0.32934 -0.087112 -0.031644
2.4184 -4.0482 2.7502 1.7937 -2.3434 -1.0255 -1.3869 -1.2116 -1.1345 0.86445 -0.6794 0.16031 0.058866
1.2742 -4.0066 2.3938 1.7934 -2.218 -1.2226 0.057324 -0.92531 -1.2155 0.9767 -0.34461 0.21013 -0.001719
-3.6893 -1.9816 1.8163 1.6821 0.39019 0.080779 -0.020549 -0.82873 0.53478 0.25485 0.35061 0.019193 -0.13729
-3.4446 -2.6204 1.0463 0.25907 -0.80032 -0.99647 -0.66594 -1.0772 0.78967 0.72491 1.0188 0.24385 0.66377
-4.3892 -2.6261 0.7973 0.061906 -0.32329 -0.63738 -0.27546 -0.63808 0.014595 0.5169 1.3055 0.38852 0.29517
-4.4962 -2.4067 1.0872 0.39785 -0.055293 -0.16539 -0.029093 -0.6701 -0.048925 0.24073 1.0154 0.45101 -0.046347
-4.3625 -2.6407 0.71881 0.11709 -0.14721 -0.29101 -0.13832 -0.62842 -0.14341 0.062447 0.7611 0.45205 0.36509
-3.8334 -2.1606 1.1831 -0.037124 0.010711 0.10222 0.19377 -0.32644 0.11676 0.22663 0.62074 0.4856 -0.12975
-1.0697 -2.2222 1.7692 -0.76845 -0.0064358 0.21868 -0.24175 -0.1391 -0.22511 -0.52441 -0.50935 -0.46759 -0.52737
0.17821 -3.9628 2.9934 -0.70614 0.88211 0.29248 -0.40886 -0.13393 -0.1085 0.20979 -0.57051 0.40571 -0.57266
-0.70285 -1.5467 3.1483 0.75861 -0.58861 -0.75596 -0.99656 -1.2419 0.29843 -0.18084 -0.39436 0.012667 -0.60621
0.178 -1.0306 2.7535 0.29595 -0.74714 -0.56517 0.2109 -1.3781 -0.15077 -0.54287 -0.77195 0.40571 -0.88981
0.94765 -1.5157 2.473 0.67178 -0.89905 -0.90982 -0.35969 -0.86853 0.36962 -0.58453 -1.3989 0.84487 -0.70385
1.1466 -1.6037 1.8816 0.60485 -0.55309 -0.95353 -0.52367 -0.94905 0.339 -0.45887 -1.416 0.88662 -0.738
1.2574 -1.8447 1.3125 0.45385 -0.037791 -1.0441 -1.1183 -1.1013 0.61115 -0.19435 -1.7086 0.43542 -0.79666
1.8941 -1.1708 -0.56448 -0.92487 0.002518 -0.37259 -1.0124 0.10788 0.063927 -0.37794 -1.4731 0.30794 -0.38515
2.5867 -1.6003 -1.2441 -1.2831 -0.034946 0.081242 -1.0144 0.13283 0.34884 -0.70463 -1.3164 0.27407 -0.26471
2.7095 -1.8379 -1.1696 -1.5568 0.0026645 0.55074 -1.065 0.15423 0.4551 -1.0097 -0.95739 0.10622 -0.029618
2.8528 -1.8207 -1.4275 -1.5867 0.27294 0.67583 -0.98652 -0.19925 0.59013 -1.0919 -0.88879 -0.14723 0.040662
2.8605 -1.5169 -1.6139 -1.729 0.10418 0.74914 -0.91242 -0.36912 0.36623 -1.0775 -0.75547 -0.47156 -0.05281
2.972 -1.7457 -1.4989 -1.9398 0.10412 1.1301 -1.045 -0.44693 0.55527 -0.85881 -0.86019 -0.20899 0.058174
2.8721 -1.5357 -1.3395 -1.8182 0.18889 1.0136 -1.0315 -0.33574 0.44878 -1.024 -0.7309 -0.20441 -0.24283
2.8285 -1.5744 -1.5473 -1.7371 0.10904 0.92218 -1.0797 -0.26675 0.32053 -1.1002 -0.52917 -0.39681 -0.053259
2.6872 -1.5501 -1.4465 -1.6927 -0.0030897 0.96432 -1.0687 -0.34716 0.40718 -1.0153 -0.55851 -0.3092 -0.059052
2.4203 -1.4619 -1.0455 -1.824 0.12689 0.61486 -0.92233 -0.49181 0.26885 -0.98101 -0.56301 -0.46282 0.024205
1.793 -0.47354 -1.0093 -1.7151 0.15552 0.50225 -0.81504 -0.39736 0.31619 -0.84247 -0.65601 -0.29823 0.018977
0.87022 0.34244 -0.22673 -1.6327 0.41014 0.0044779 -0.28465 -0.40832 0.15687 -0.72747 -0.6532 -0.34364 -0.0024295
-0.058977 -0.90397 1.721 -0.65058 0.12748 -0.03316 -0.20254 -0.94802 0.22699 -0.39144 -1.4716 -0.013211 -0.025054
-0.28397 -0.88533 1.8498 -0.27671 0.57771 -0.078285 -0.79401 -1.3612 0.19358 -0.44539 -0.93874 0.078594 -0.41857
-0.45668 -0.86976 2.0348 0.43131 0.17153 -0.32353 -0.80981 -1.6771 0.67023 -0.7667 -0.89712 0.20843 -0.1289
-0.59977 -1.0566 1.8556 -0.0087296 0.90274 -0.26027 -0.53746 -0.95519 0.078651 -0.52074 -0.96737 0.010206 -0.26083
