0.38685 0.28009
0.38878 0.28009
0.38878 0.28009
0.38878 0.28009
0.38685 0.28009
0.39265 0.27546
0.40232 0.26157
0.41586 0.25
0.43714 0.24537
0.45841 0.25
0.48356 0.25231
0.51064 0.26389
0.54352 0.27315
0.57834 0.28935
0.61122 0.30556
0.63636 0.32176
0.66151 0.34259
0.68279 0.36806
0.70213 0.39815
0.71954 0.43287
0.73501 0.47454
0.74081 0.52083
0.73694 0.56481
0.72534 0.60648
0.70793 0.63889
0.68665 0.65972
0.66731 0.67824
0.64603 0.68981
0.62282 0.69676
0.60348 0.70833
0.58607 0.71065
0.56867 0.70833
0.54932 0.71065
0.52998 0.71759
0.51257 0.71528
0.48936 0.72222
0.47002 0.72454
0.44681 0.72685
0.42747 0.72222
0.41006 0.71759
0.39265 0.71065
0.37718 0.70602
0.35977 0.7037
0.3501 0.70139
0.35203 0.70139
