-1.2505 -4.8812 -1.3664 -1.4152 0.74162 0.49246 -0.77559 -0.68265 0.47049 0.064317 0.22377 0.20541 0.54382
-0.89213 -5.1823 -1.7261 -1.3705 0.94695 0.82522 -0.24623 -0.087196 0.59856 0.98925 -0.12458 0.043848 0.29198
-0.080912 -1.5732 -0.77982 -0.56194 0.97012 0.12286 -0.27537 -0.5309 -0.59928 -0.71242 -1.3663 -0.65362 -0.19085
3.3573 -0.2209 -2.4149 -1.2258 -0.50241 0.57498 -0.34374 -0.73339 -0.32615 -0.68863 -0.76799 -0.91212 0.25739
3.7166 -0.7764 -2.6945 -2.1704 -0.49249 0.54625 -0.78728 -0.1507 -0.71258 -0.84542 -0.91438 -1.34 -0.044993
3.5019 -0.10177 -2.3775 -2.4959 -0.53154 0.58254 -0.24933 -1.085 -0.32254 -0.6522 -1.0669 -1.0158 -0.23256
3.3988 0.0024328 -2.2904 -2.7127 -0.83298 0.28497 -0.75796 -1.4337 -0.44004 -0.53944 -1.6018 -1.4698 0.041976
2.5986 -0.18098 -1.1642 -2.8561 -0.90155 0.0081748 -1.1876 -1.5625 -0.61287 -0.33367 -1.1247 -1.9494 -0.17118
1.5509 0.19338 0.51299 -1.7356 -0.40969 -0.74059 -0.58875 -1.9727 -0.88133 0.30292 -0.20488 -1.4204 -0.49782
1.575 -0.13115 1.0632 -0.53382 -1.104 -1.1402 -0.33649 -2.0952 -1.0059 0.2393 -0.25472 -0.61407 -0.60794
1.6628 -0.037955 1.7486 -0.45813 -1.6783 -0.98833 -0.18795 -2.2365 -0.80673 0.10983 -0.35243 -0.40934 -0.55218
1.7518 -0.25603 1.3829 -0.31767 -1.1594 -1.6027 -0.45844 -2.1215 -1.1156 0.018543 -0.50646 -0.32597 -0.4772
1.6947 -0.33249 1.7415 0.2719 -0.75769 -1.183 -0.85857 -2.7849 -1.211 0.045802 -0.11466 -0.094087 0.013214
1.4003 0.077553 2.8001 0.38896 -0.41354 -1.164 -0.44542 -2.7168 -1.0407 -0.27429 -0.086652 0.37514 0.027396
0.016749 -1.6566 2.6811 0.56257 0.058161 -0.52543 -1.0023 -1.4534 -0.2575 -0.69139 -0.046784 0.17447 -0.16376
2.4795 -6.7465 3.3954 -0.64642 1.4785 0.22328 -0.73923 -0.38317 -0.96183 0.23589 -0.14853 0.054759 -0.32344
2.9164 -6.3036 3.0807 -1.3918 1.715 -0.078093 -0.36162 0.06495 -0.97919 -0.45064 -0.074897 0.98125 0.11634
2.9925 -7.093 2.28 -1.2679 1.5279 -0.40079 -0.43609 -0.49005 -0.60479 -0.52778 -0.066684 0.90708 0.29985
2.5728 -7.4702 2.1565 -1.1777 1.0632 0.069222 0.32071 -0.30194 -0.26944 -0.16835 0.16482 0.61164 0.12491
2.4735 -6.9934 2.676 -0.56405 1.4453 -0.43288 0.3568 -0.12171 -0.38959 0.021242 0.1106 0.7794 0.14265
3.0882 -7.4418 2.8887 -0.34482 2.454 0.50622 0.94359 0.63479 -0.44966 -0.074975 0.39403 0.55779 -0.30181
2.7043 -6.4572 2.6762 -0.55486 1.2035 -0.1581 0.4183 0.0228 -0.09243 -0.18226 0.19559 0.38319 0.36031
1.1534 -6.6658 2.0323 -0.12857 0.58732 -0.13156 0.34475 0.41489 0.21751 -0.44269 -0.16237 0.22462 0.32225
-0.025478 -4.7046 1.6948 0.056984 0.83217 -0.28833 0.27595 0.74019 0.18546 0.04657 -0.17983 0.22627 0.49724
0.42632 -0.048181 1.1712 -1.3381 -0.34457 0.13748 -0.5916 -0.026291 0.81495 -0.38181 -0.95828 0.096893 -0.0095849
2.1215 -0.34339 0.23021 -1.2178 -0.44323 -0.32183 -0.83527 0.25577 0.5061 -0.10142 -0.93395 0.43789 0.16318
2.5028 -0.40011 -0.69336 -1.6895 -0.13813 -0.57406 -0.51439 -0.1068 0.60756 -0.23858 -1.6548 0.37909 -0.11059
1.9825 -0.51457 -0.53803 -1.6362 -0.4761 -0.28057 0.025322 -0.33429 0.62695 -0.58752 -1.2616 0.24138 -0.17494
1.2392 -0.80172 0.11273 -1.1978 -0.30764 0.0047177 -0.18359 0.044377 0.69885 -1.0404 -1.0232 0.23362 -0.12393
0.3084 -0.9721 0.17819 -1.1505 0.75509 0.11457 -0.14986 0.33263 0.65936 -0.7739 -0.95614 -0.048241 0.30714
-0.30042 -2.0525 -0.3047 -1.1675 0.99083 1.2276 0.37144 0.18316 0.5797 -0.44022 -0.60889 0.24229 -0.36783
