0.34002 -5.9098 -1.5718 -0.48481 1.6311 1.208 -0.92199 1.1912 0.21229 -0.22108 -0.11698 -0.12853 0.63973
-0.66794 -6.5701 -1.8476 -0.2982 1.1678 0.83786 -0.68503 1.206 0.9478 0.30247 0.058531 0.29426 0.6986
-0.77329 -8.6119 -0.57127 0.46739 1.683 0.83972 -0.60992 0.38587 0.44497 0.28158 0.50606 0.5939 0.32302
-0.63014 -7.1075 -0.75316 -1.3184 1.6373 1.4096 -0.11895 0.70529 0.71188 0.50517 0.092315 0.31436 0.53464
-0.57423 -7.8452 -0.35466 -0.13683 1.173 0.69649 -0.36277 0.93001 0.48955 0.48029 0.50609 0.75646 0.6054
-0.99275 -7.4171 -0.6322 -0.64581 0.63121 0.41639 -0.70843 0.35175 0.56088 0.49857 0.07204 0.71391 0.0045473
-1.953 -5.8551 -1.8462 -0.58259 0.13145 0.10683 -0.48747 1.2024 0.90725 0.73812 0.27174 0.87497 0.039006
-1.6694 -1.7811 0.17328 -0.58569 -0.078431 -0.52942 -0.22976 -0.54921 -0.0095829 -0.48304 -0.86224 -0.32838 -0.45683
3.0242 -1.087 -1.5007 -2.1051 -0.5517 0.070046 -0.076434 -0.74519 0.67698 -0.63193 -0.89607 -0.27086 0.1233
3.5722 -0.90218 -1.774 -2.5764 -0.65344 0.01649 0.24975 -0.97587 0.7749 -0.61836 -0.85749 -0.43468 -0.033533
4.0731 -0.88922 -2.0187 -3.1534 -0.82659 0.21519 0.1439 -1.2698 0.8678 -0.78366 -0.98209 -0.36906 -0.26191
4.3949 -0.78885 -2.1765 -3.3887 -0.73659 0.52193 -0.13566 -1.0966 0.86057 -0.9115 -0.93485 -0.38561 -0.286
4.3151 -0.78362 -1.867 -3.3569 -0.97553 0.48757 -0.33221 -1.0529 0.82447 -0.8095 -0.93008 -0.56625 -0.34434
3.635 -0.62402 -1.357 -2.9873 -1.0159 -0.081135 0.26349 -1.3658 0.90358 -0.16886 -0.97276 -0.96634 -0.10624
1.0394 -1.3585 0.43855 -1.1278 -0.76184 -0.19075 0.12458 -1.3634 0.36579 -0.22076 -0.15691 -0.349 -0.52946
0.70445 -1.9557 1.6059 0.4309 -0.26909 -0.73469 -0.92545 -1.908 0.52802 -0.0043549 -0.10046 -0.38831 -0.80689
0.47449 -1.9001 1.6138 0.49006 -0.17706 -0.36492 -0.56267 -1.82 0.31562 -0.47866 -0.22233 0.09481 -0.3091
0.56579 -1.8006 1.5163 0.080141 -0.39431 -0.76609 -0.69266 -1.4743 0.86538 -0.26981 -0.42778 -0.092412 -0.41108
0.016423 -2.0196 1.677 0.97783 -0.20024 -0.30709 -0.66109 -1.621 0.8339 -0.39866 -0.45999 0.21722 -0.18121
-0.1172 -1.9145 1.7328 0.85098 -0.63251 -0.40069 -0.21223 -1.3129 0.74282 -0.56913 -0.44979 -0.25844 -0.24814
-0.1016 -2.1243 1.4853 0.64093 -0.48981 -0.54451 -0.58688 -1.5473 0.59241 -0.1905 0.047929 0.084398 -0.3566
-0.74276 -2.4606 1.1514 0.92975 0.35538 0.16319 -0.51537 -1.1241 0.4443 -0.30719 -0.49239 0.34482 -0.056549
-1.0671 -2.6381 0.74917 0.40798 0.092649 0.14904 0.07903 -0.3751 0.26596 -0.25277 -0.27084 -0.0041152 -0.14907
0.49911 -4.7271 1.4824 -0.99532 1.0604 0.12834 0.75722 0.43066 0.62387 0.15181 -0.69543 0.096844 -0.75306
2.6717 -7.6051 2.1124 -1.6712 1.1543 -0.14791 2.1095 -0.035404 0.63949 -0.10073 0.1449 -0.33701 0.83462
0.91497 -8.1395 1.481 -1.3241 1.0755 -0.83474 0.86962 1.1302 0.83699 0.25444 0.35909 -0.42435 0.97645
0.11684 -7.231 1.9989 -0.81906 0.87047 -0.14906 1.2335 0.45239 -0.10856 -0.0056838 1.0815 0.10504 0.19589
1.405 -8.7574 0.87229 -1.8891 1.1456 -0.067454 1.1749 0.46309 0.43759 0.48039 0.846 0.24183 0.4301
1.866 -9.7319 0.3344 -1.841 1.3578 0.11638 0.94145 -0.12648 0.052172 0.48361 1.3824 0.8946 0.14461
1.5616 -8.1814 1.3939 -1.6755 1.8288 0.030975 1.1193 0.4477 0.62688 0.13006 0.81935 0.57706 0.42691
2.1298 -9.3033 0.77593 -1.2861 1.4189 0.10911 0.28495 -0.0085951 0.4662 0.97251 0.82061 0.2593 0.69846
1.6966 -8.0803 1.0631 -1.7361 1.8895 -0.52514 0.22335 0.21795 0.57272 0.86237 0.37874 -0.31796 0.35153
-1.9689 -4.1676 1.6761 -0.83334 0.71043 -0.22201 -0.27402 0.29779 0.5384 0.33644 0.024774 0.31172 0.48835
-4.1671 -3.1292 0.68318 0.3552 0.82144 0.32245 -0.3659 -0.38338 0.38027 0.38307 0.40489 0.96845 0.4466
-3.898 -3.065 -0.22608 -0.52955 1.5407 0.55521 -0.07119 0.85688 -0.053222 0.83979 0.23944 0.65265 0.21118
-2.0664 -2.6839 0.64413 0.22373 0.36631 0.4824 0.76754 0.49678 0.45845 0.010434 -0.20309 -0.47258 -0.48582
0.58382 -1.8685 0.33614 -1.1959 -0.60715 -0.23335 0.2903 -0.45087 0.29596 -0.4733 -0.56642 -0.9355 -0.076082
-0.29121 -2.2534 0.64738 -0.26872 -0.091937 0.052987 0.47896 -0.11047 0.31844 -0.48767 -0.52207 -0.42737 0.017836
0.72694 -2.1405 -0.55519 -2.2865 -0.02074 0.27742 0.45148 -0.38333 -0.127 -0.27163 -0.3419 -0.25621 -0.087185
-0.040687 -2.5411 -0.1352 -1.5155 0.47243 0.68396 0.60989 -0.22409 -0.26652 -0.7733 -0.79138 -0.32846 -0.30312
0.14465 -2.3907 0.24742 -1.6953 -0.20546 -0.0090202 0.88563 -0.33772 -0.48242 -0.49818 -0.11197 -0.6298 -0.41447
