-3.111 -5.9364 -0.80319 -0.67829 1.1975 0.534 -0.42396 0.70598 1.2082 0.70448 0.17152 0.34608 1.2309
-2.3345 -7.1382 0.22436 -0.42295 1.335 1.1748 -0.20583 0.77727 1.1861 0.28146 0.46733 -0.19482 0.67358
-0.88631 -7.7676 -0.046893 -0.85516 1.4835 0.30871 -0.43323 0.67053 1.2011 0.65836 0.45357 0.36754 1.1146
-0.12021 -8.788 -0.42732 -0.87479 1.2697 0.79474 0.13195 1.0413 1.5412 0.0027555 0.091885 0.5369 1.1548
0.61598 -9.7899 -1.0931 -1.3294 1.6847 1.4739 -0.24769 1.4485 1.393 -0.010414 0.56647 0.010372 0.33985
1.0614 -9.2112 -1.0542 -1.5001 1.3546 1.5658 -0.7912 0.85365 0.92774 0.086822 0.28007 0.70281 0.61244
0.96965 -8.3144 -1.4466 -0.94074 1.7799 0.63996 -0.64246 1.2732 1.572 1.0757 0.33916 0.51604 0.55025
1.7293 -9.2665 -0.98382 -0.89018 1.7247 0.15816 -0.50246 1.5155 0.24752 0.25081 0.47258 0.7255 1.0502
2.3866 -10.053 -1.7409 -1.2309 1.788 0.65302 -1.2022 0.76059 1.2934 0.51974 0.18574 0.20551 1.6258
2.4955 -8.5611 -1.5058 -1.2704 1.0404 0.15017 -1.1727 0.52122 0.56672 -0.13788 -0.07542 -0.21988 0.37473
2.7364 -9.8126 -1.9053 -1.2762 0.58805 0.48206 -0.83601 0.99358 1.5932 0.53558 -0.68463 -0.16923 0.73228
1.4751 -6.0887 -1.6461 -1.3771 0.053458 0.20917 -1.3077 -0.093142 0.91448 0.74376 0.11132 0.048572 0.56872
1.9008 -0.40598 -2.4914 -1.3646 -0.13927 0.088249 -1.471 -0.93455 -1.0229 -1.2968 -0.89485 -0.98978 -0.28848
4.132 -0.32041 -3.6733 -1.4374 -0.059831 0.43073 -1.0135 -0.50979 -0.77507 -0.83371 -0.20924 -1.1029 0.31064
4.7784 -0.51275 -3.6032 -1.7808 -0.41487 0.51879 -1.5565 -0.61248 -1.0377 -1.0461 -0.057518 -1.2959 0.60594
4.9391 -0.43823 -3.6849 -2.209 -0.40661 0.245 -1.6885 -0.80061 -1.0446 -1.2886 -0.15013 -1.206 0.3958
4.6295 -0.33222 -3.3321 -2.044 -0.59499 0.33199 -1.5547 -0.69617 -1.0177 -1.0658 0.026739 -1.214 0.59142
3.6098 -0.17809 -2.8892 -1.6178 -0.8835 -0.24489 -1.4413 -1.003 -0.87709 -1.0311 -0.20535 -1.4162 0.39799
2.1319 -0.08194 -1.1696 0.017192 -0.64466 -0.8622 -1.1971 -1.5631 -0.66619 -0.17996 -0.56858 -0.76274 0.48943
2.0126 -0.25426 -0.64889 1.1165 -1.1465 -1.5513 -1.4727 -1.8076 -0.69504 0.52138 -0.63199 -0.66871 -0.27949
1.8653 0.05897 -0.091408 0.6711 -1.2978 -2.0744 -0.95424 -1.6637 -0.56586 0.11888 -0.96216 -0.61131 -0.17375
1.7535 0.42305 0.15065 0.23305 -1.1891 -1.4377 -0.47657 -2.3243 -0.64946 0.15492 -0.82137 -0.35272 0.066322
1.621 1.031 1.3192 0.63631 -1.4969 -1.2658 -0.47181 -2.1471 -0.67398 -0.2723 -0.55728 -0.10271 0.73845
0.51353 0.64156 2.2694 0.048389 -0.4133 -0.72733 -0.11857 -2.3971 -0.46092 -0.85826 -0.68445 -0.27345 0.52379
-1.2366 -1.7732 2.3025 0.051879 -0.022519 -0.27591 -0.88529 -1.1041 -0.51538 -0.34904 -0.3446 0.0725 0.8533
2.3839 -5.9633 3.936 -0.79501 0.81078 -0.82788 -0.26622 -0.054838 -0.059945 -0.34613 0.23784 0.20635 0.092632
4.1936 -6.3901 4.1419 -1.192 1.7846 -1.0014 0.10887 -1.0306 0.22932 0.1343 0.33238 0.57922 0.15977
3.9144 -5.2689 4.9147 -0.30493 2.2583 -0.49136 0.50381 -0.74298 0.69659 -0.066415 -0.069946 -0.2346 -0.42217
3.5938 -5.4308 4.044 -0.95227 2.3543 -0.38776 0.5133 -0.83454 0.57102 0.19019 0.33596 0.14274 0.47067
3.5637 -6.9735 3.6469 -1.115 1.5116 -0.87236 0.62498 -0.18625 0.44684 0.34941 0.38857 0.66801 0.42073
5.111 -7.8468 3.6072 -1.3084 1.197 -0.66888 0.42174 -0.2676 0.3235 -0.43866 0.53498 0.74893 0.031694
3.8641 -7.7984 2.9152 -1.2456 0.97412 -0.11775 0.90031 -0.10768 0.62833 0.15039 -0.48079 0.36368 0.060443
2.7752 -7.6784 2.9122 -0.3435 1.1968 -0.70767 0.46263 0.46232 0.36616 0.25698 -0.12388 0.52407 0.38103
1.2107 -7.4573 2.443 -0.84999 0.19872 -0.4074 0.1549 0.38477 0.32053 0.26161 0.14778 0.63796 0.15804
-0.76161 -5.8652 2.1478 -1.1256 0.76805 0.36633 -0.045138 -0.25274 -0.60813 0.46819 0.025726 -0.10254 -0.16817
-2.8422 -4.1198 1.4188 -1.0153 0.012661 -0.2638 0.29974 -0.27463 0.40488 0.45996 0.7948 1.0553 1.1253
0.69224 -6.5883 1.7124 -1.687 1.2417 -0.59583 -0.25583 0.92091 0.67951 0.55389 0.29092 -0.15963 0.22386
