0.12168 -4.0492 -0.44398 -1.2668 0.41295 0.42369 -0.73441 0.56653 0.88011 -0.11113 -0.10018 0.12383 0.33333
1.9009 -9.0372 -2.1941 -2.0994 0.97354 1.4959 -0.91492 -0.63863 0.72885 0.59176 0.13282 -0.10486 0.14187
2.707 -9.9125 -1.9731 -2.3535 1.1196 0.96364 -1.8254 0.16772 0.41151 0.44545 0.69345 -0.081849 0.76783
2.9075 -8.9956 -1.2242 -1.8426 0.46029 0.69245 -1.4521 -0.0011669 0.32152 0.14881 0.18509 -0.182 0.16324
4.3339 -10.763 -1.9241 -1.6 1.0672 0.4828 -1.4424 0.14952 0.85355 0.11193 0.34347 -0.14945 0.4785
4.238 -10.609 -1.8893 -2.1229 0.54517 1.1099 -0.46794 0.57668 0.5405 -0.020148 0.27443 0.36482 0.60101
3.1422 -6.9039 -0.40744 -2.3097 0.83759 0.85508 -0.62468 0.95935 0.24929 -0.2725 -0.021464 0.36242 -0.0056141
1.7709 -1.8335 -1.2645 -1.3654 -0.22262 -1.1283 -1.1117 -0.62205 -0.80702 -0.72604 -1.2387 -0.47148 -0.34766
2.8976 -1.2586 -1.6472 -1.9686 -0.15587 -0.9644 -0.88763 0.16299 -0.43711 -0.64416 -1.0685 -0.30172 0.28715
3.383 -1.3814 -1.5481 -2.292 -0.28542 -0.74849 -1.0887 0.051017 -0.42004 0.25252 -1.042 -0.77968 0.39318
3.7283 -1.5313 -1.1227 -2.6693 -0.60713 -0.70419 -1.5765 0.022455 -0.18917 0.52843 -1.2396 -0.57947 0.10989
2.9807 -1.4389 -1.0548 -2.5775 -0.86044 -1.2713 -1.1152 -0.49725 0.2231 0.19466 -0.82863 -0.51765 -0.27235
1.5713 -1.7132 0.51973 -0.66428 -0.09401 -0.69654 -1.0934 -1.7844 -0.99572 0.46612 0.42126 -0.24499 -0.28204
1.6829 -1.9553 0.86556 -0.38782 -0.22958 -0.83779 -0.9965 -1.6242 -0.62033 0.81538 -0.51768 -0.5616 -0.14942
1.5359 -2.1077 1.2798 -0.13292 -0.38671 -0.85641 -1.1528 -1.7488 -0.56609 0.92356 -0.25532 -0.7491 -0.16729
1.0758 -2.1083 1.7742 0.18372 -0.39974 -0.87793 -1.1268 -1.5925 0.077336 0.39924 -0.4408 -0.5123 -0.64742
0.82122 -1.7125 1.6216 0.21819 -0.58366 -1.0326 -0.4986 -2.1798 0.15813 -0.27567 0.048152 0.3143 -0.43541
-0.48514 -2.0091 1.6717 0.77369 -1.2767 -1.1629 -0.62193 -1.5893 0.4346 -0.46719 0.081881 -0.05165 0.49973
-0.98428 -2.9888 0.58464 -0.38257 -0.85318 -1.3403 -0.88286 -0.65834 -0.20601 0.048025 0.28388 -0.76572 -0.14064
2.2937 -7.2719 2.4402 -1.7858 0.46119 0.024634 -0.23086 -0.31057 0.32595 0.56997 0.4336 -0.65777 -0.9383
3.6398 -6.4358 2.6961 -2.3679 0.96699 -1.6291 0.47213 -0.38008 0.55536 0.07812 0.033676 -0.57206 0.099345
1.3505 -6.4246 2.2629 -1.5534 1.3868 -1.1329 0.41661 0.16119 0.26913 0.34893 0.39305 0.76757 0.65185
1.3693 -7.231 2.2832 -0.74079 1.9097 -0.49685 0.58217 -0.55651 -0.27597 -0.0098351 1.1272 0.77887 0.684
-0.66335 -6.1337 2.3841 -0.58079 1.2781 -0.12666 0.81755 0.21775 0.5851 0.14237 0.64219 -0.088604 0.053666
-2.3632 -3.9937 1.821 -0.037831 0.90128 0.55399 0.79042 0.50474 0.84666 0.46956 -0.035201 0.11347 0.40946
-0.77774 -3.3933 1.3346 0.32505 0.68135 0.59331 0.87382 0.74991 1.4878 0.55843 -0.58245 0.38948 0.69428
-0.89691 -2.3656 0.85025 0.36791 0.29349 0.37693 0.39946 0.23116 1.1538 0.4265 -0.11187 0.11736 0.17156
-0.29399 -1.1923 1.7134 0.1012 -0.3385 -0.3323 -0.42255 -0.90379 0.96725 0.0019755 -0.56011 0.18647 -0.044507
1.8958 -2.0246 0.85894 -1.4184 -0.5321 -0.69836 -1.0152 -0.1278 0.49478 0.6509 -0.59151 0.46912 0.18414
1.9325 -2.308 0.43607 -2.243 -0.67196 -0.4694 -1.0018 -0.027516 0.57091 0.13927 -0.74899 0.24825 0.0061298
1.2904 -1.6926 -0.5628 -2.4859 -1.1062 -0.068212 -0.61824 -0.8488 0.9165 0.18677 -1.1506 -0.18601 0.39439
0.86972 -1.5807 -0.61097 -2.2597 -0.44668 -0.5667 0.098846 -0.64374 0.2303 -0.47879 -0.64249 -0.37989 0.086974
-0.085442 -1.9824 -0.12094 -1.4465 0.092666 -0.4099 -0.14126 -0.6559 -0.20215 -0.65583 -0.70576 -0.45609 -0.34311
-0.77043 -2.3332 0.46711 -0.54351 0.3027 0.0014626 -0.21675 -0.86922 0.34677 -0.38292 -1.0699 -0.1023 -0.20411
