-2.6256 -5.2965 1.2037 0.19737 1.1922 0.10536 -0.79031 -0.20175 -0.18044 0.58663 0.35568 0.13238 0.13048
-0.73105 -6.2716 0.91746 -0.45863 1.6051 0.17032 -1.2672 0.55183 0.035408 0.749 -0.085751 0.066761 0.4524
-0.9274 -6.9493 -0.77137 -1.0938 1.2807 -0.42424 -0.88098 1.3159 0.42968 0.3259 0.29033 0.89867 0.35816
-1.3155 -5.0067 -0.75893 -1.3152 1.6659 0.14506 -0.82 0.18461 0.11286 0.21633 -0.080953 0.099329 0.087984
-1.6685 -5.0732 -1.7864 -2.0121 1.2587 0.22698 -0.19963 0.85211 -0.4693 -0.06251 -0.28986 0.41938 0.73889
-0.026712 -0.17801 -0.49834 -1.4135 0.020966 -0.39331 -0.4364 -0.40242 0.27543 -0.52781 -0.74121 -0.35559 -0.11151
3.0323 -1.1089 -2.148 -0.94846 -0.8654 -0.10429 -0.58979 0.083139 0.42688 -0.15878 -1.2377 0.12473 0.56496
3.6862 -1.9909 -2.3363 -1.0042 -1.1008 0.26811 -0.61105 -0.078309 0.27905 -0.19132 -0.99805 -0.2333 0.59597
4.1121 -2.4763 -2.5758 -1.0505 -1.4837 0.37972 -0.75099 0.022591 0.17886 -0.26728 -1.1047 -0.19101 0.57426
4.1964 -2.4598 -2.3805 -1.0768 -1.4379 0.51397 -0.70212 0.086744 0.46377 -0.24051 -1.1181 -0.18861 0.62231
4.0047 -2.338 -2.064 -0.77241 -1.3583 0.51863 -1.0673 -0.23838 0.46184 -0.20106 -1.0138 -0.42024 0.63309
3.5729 -2.4626 -1.5977 -0.66206 -1.4391 0.47375 -1.3763 -0.26974 0.38514 -0.00080085 -0.90824 -0.41956 0.66029
2.3591 -2.4689 -0.73829 0.0012392 -0.87156 0.4292 -1.197 -0.50665 0.66165 0.10609 -0.63487 -0.41287 0.67408
0.35702 -2.5013 0.17773 0.56073 0.21056 0.47465 -0.7655 -0.73459 0.40138 -0.29833 -0.72474 -0.015904 0.2794
-0.98173 -2.2646 1.1961 1.3659 1.0316 0.24967 -0.22113 -0.32682 0.15488 -1.0485 -1.4508 -0.30458 0.29085
-0.77544 -1.6272 1.8142 0.6376 0.052407 0.25951 0.062235 -1.6601 0.41628 -0.64192 -0.39987 0.23635 -0.17784
-1.3237 -1.8815 1.2284 0.18274 0.33125 0.03818 0.01189 -0.64433 0.54654 -0.30876 -0.56422 0.014647 -0.077863
-1.743 -2.4014 1.043 0.72425 0.31593 0.35188 0.10479 -0.25036 0.99276 -0.022963 -0.84615 -0.29299 -0.29545
-1.3609 -4.605 1.1598 0.76457 -0.22297 0.62085 0.50432 0.6086 -0.18096 0.18833 -0.10782 0.074612 -0.2256
-2.2016 -3.9306 1.6822 -0.12119 0.054191 0.13757 -0.24715 0.00029326 0.21863 0.13656 -0.4007 0.090692 0.12977
-0.58864 -5.9466 1.9625 -0.7729 1.558 0.14401 0.39573 0.39901 0.054791 0.24814 -0.041762 -0.16142 -0.19749
0.27712 -5.7705 1.8262 -1.2409 0.94789 -0.8202 0.0015491 -0.3109 -0.32974 -0.34291 -0.36691 0.1008 0.051963
0.76404 -5.71 2.1398 -0.81571 1.5789 -0.27099 0.088166 -1.4226 -0.11336 -0.40496 0.19561 0.60368 0.41924
0.052256 -6.0445 2.287 -0.76219 1.2442 -0.74542 -0.36977 -0.86429 -0.14649 -0.29739 0.26315 -0.14816 0.203
