-0.10122 -3.0088 -1.4854 -2.5898 0.27343 0.20107 -0.065292 -0.61483 -0.18111 0.24226 0.068173 0.24031 -0.1046
-0.017966 -4.8795 -1.9416 -2.3754 1.4294 0.63307 -1.0474 -0.70285 -0.40043 0.86119 -0.30957 0.67504 -0.32561
0.73142 -6.0567 -2.5333 -2.3839 2.3399 0.87726 -1.3497 0.21323 -0.62435 0.15697 -0.31847 1.0244 0.2039
-0.29008 -4.8193 0.0073572 -0.7831 1.3199 0.48759 -0.84214 -0.073089 -0.50528 0.34048 0.1484 0.46409 0.20375
0.24116 -5.529 -0.052556 -1.3811 0.98668 0.62212 -1.1078 -1.128 -0.20402 0.18373 0.0084055 0.58864 0.41403
-0.58538 -7.9333 -1.4312 -1.5428 1.3135 1.1313 0.33366 1.0632 1.0244 0.93627 0.045428 0.60296 0.4193
-0.76462 -5.2662 -0.72441 -0.56878 0.97242 1.1302 0.087642 0.5394 0.62386 0.56663 -0.4398 -0.30208 0.46559
0.12132 -4.2425 -0.12481 0.096186 1.1211 1.3403 -0.26996 0.071395 0.26481 1.0616 -0.23636 0.070676 -0.56698
-0.46928 -4.3144 -0.59276 -1.023 1.5196 0.82035 -0.3967 0.60511 0.26503 0.535 0.52257 0.74923 0.17654
-0.87188 -6.3018 -2.4313 -1.195 1.2871 0.53062 -0.29641 0.33178 0.028668 0.71196 -0.37174 0.53528 0.19276
0.44028 -1.7703 -0.76797 -1.4655 0.25533 0.51199 0.07904 -0.61652 -0.62295 -0.25779 -0.86815 -0.35522 -0.61635
4.014 -1.796 -1.4932 -2.7181 -0.29593 0.60992 0.24347 -0.88464 -0.47359 -0.030736 -1.4623 -0.67912 -0.04928
4.4747 -1.3497 -1.9211 -2.9372 -0.15738 0.28897 0.032752 -1.2618 -0.64049 -0.42089 -1.3261 -0.81923 0.11669
4.4751 -1.1391 -1.9765 -2.7668 -0.16215 0.09409 0.091785 -1.4017 -0.61072 -0.49505 -1.3958 -0.73095 0.0034991
4.0914 -1.1794 -1.6459 -2.3574 -0.38055 -0.046734 -0.009119 -1.3456 -0.12067 -0.77433 -1.5569 -0.54508 -0.045149
3.3479 -0.82653 -0.95609 -1.9776 -0.46048 -0.25471 -0.14761 -1.1655 -0.21471 -0.45844 -1.2612 -0.82048 -0.11618
2.7582 -0.68349 0.25209 -1.9013 -0.54333 -0.45333 -0.35341 -1.5052 -0.18619 -0.39795 -0.71327 -0.76513 -0.47944
2.3919 -0.32489 1.1445 -1.3366 -0.88731 -0.89945 -0.38403 -2.0379 0.12307 -0.56485 -0.40259 -0.63189 -0.23392
2.068 -0.78675 1.4866 -0.45002 -0.50081 -0.57417 -0.29856 -2.1823 0.19175 -0.93464 -0.63365 -0.38103 0.10395
1.7586 -1.6404 1.7904 0.56067 -0.28838 -0.58747 -0.49719 -1.4136 0.013407 -0.99517 -0.36438 -0.0055369 -0.21706
1.5773 -1.3295 1.8521 -0.027443 0.050621 -0.15808 -0.18258 -1.9994 0.121 -0.89877 -0.3937 0.20533 -0.30163
0.92011 -2.6375 1.4919 0.77506 0.43008 0.25892 -0.40325 -1.2585 -0.049782 -0.8499 -0.73721 -0.24005 -0.4523
-0.34587 -3.7964 1.537 0.10761 0.67465 0.72622 -0.030043 -0.70194 0.19524 -0.82753 -0.6949 -0.6839 0.059534
-1.7946 -2.7371 0.47534 0.088795 0.22887 0.0067993 -0.061135 -0.35982 -0.065619 0.029537 0.26242 0.29183 -0.015174
-1.0181 -3.248 0.70901 -0.31712 -0.47422 -0.42459 0.125 -0.51213 -0.98249 -0.60258 -0.013899 -0.19292 -0.011482
-1.4484 -2.9893 0.58023 -0.067532 -0.0097466 -0.021993 0.26468 -0.18761 -0.47672 -0.37253 -0.29883 -0.51997 -0.63783
-2.1711 -3.336 0.88126 0.0071264 0.60205 0.4693 0.3927 0.21163 0.14409 0.16998 0.043179 -0.30172 -0.92853
-2.9467 -3.1107 0.46631 0.028465 0.45668 0.33835 0.44559 0.24603 0.1193 0.035863 0.020126 -0.36838 -0.72143
-3.1794 -4.0242 1.6173 -0.65287 0.65516 -0.27813 0.56799 -0.14101 -0.24281 0.58353 0.37784 0.32648 0.024091
-1.2568 -5.2121 1.9714 -0.50342 0.75911 0.25921 0.58975 -0.52199 0.25283 0.27169 -0.0071111 -0.26071 -0.33917
-3.697 -4.8498 1.3959 0.074322 0.706 0.10781 0.50865 0.33365 0.58917 0.35535 0.1494 0.31885 0.087055
-1.0869 -7.8652 1.3179 0.33445 0.72803 0.31267 0.3671 0.17448 0.20359 0.080946 0.46578 0.54647 0.089996
-1.1171 -7.1412 1.0982 -0.70535 0.91235 0.60908 0.31056 0.39391 0.38046 0.0035964 -0.36314 0.80937 0.023289
-3.2694 -2.4421 0.84901 -0.030015 -0.032395 -0.071595 0.15831 -0.069702 0.33763 -0.103 -0.17648 -0.12598 0.036822
0.27232 -1.9477 0.43769 -0.39069 -0.93394 -0.76049 -0.26312 -0.62621 0.79616 -0.24103 -0.52795 -0.6324 0.097904
0.78087 -2.391 -0.21061 -1.34 -0.44462 -0.75484 0.022571 -0.082965 0.37511 -0.48793 -0.38132 -0.35512 -0.38969
0.42921 -1.9489 -0.038668 -1.6238 -0.15197 -0.22237 0.24034 -0.44652 0.37304 -0.26815 -0.2971 0.11444 -0.84194
