-0.84384 -6.1551 -0.024444 0.37761 0.63666 1.1173 0.0143 0.049129 1.1021 -0.4564 0.25803 0.58089 -0.021201
0.074336 -6.3979 -1.1 0.27437 1.7137 0.69619 -0.4396 0.37592 0.70085 0.16182 0.73069 0.63914 0.02373
0.40714 -6.5358 -1.9862 -0.85864 1.7213 0.75669 -0.41102 0.33473 0.37371 0.13353 0.54371 0.59586 -0.040718
2.2998 -6.533 0.18903 -0.085216 1.2938 0.16145 -0.8273 0.27351 0.31331 -0.98438 0.26394 0.11521 -0.3712
2.522 -3.9969 -0.33387 0.66817 1.4574 0.237 -0.70339 0.90678 1.1672 -0.59117 0.020819 0.3623 -0.38446
2.965 -3.744 -0.49418 0.33726 1.7195 0.53077 -0.6043 0.85046 0.3217 -0.62292 -0.012233 0.2802 -0.11772
4.0248 -5.297 -0.39286 1.2739 2.718 1.0948 -1.3138 0.39252 1.5434 -0.56632 0.090407 0.39836 -1.0285
3.3205 -4.675 0.044616 0.73612 1.2603 1.3765 0.11942 -0.41456 0.88999 -0.46288 -0.68182 0.65117 -0.11436
2.8335 -3.2085 -0.63859 0.018533 0.79277 -0.027606 0.17887 -0.52503 0.26148 -0.43491 -0.74693 0.4219 -0.54438
5.6652 -1.805 -1.8188 -0.48965 -0.52471 -0.3594 -0.06424 0.42644 0.085254 -0.17449 -1.1588 -0.14807 0.41849
6.2905 -2.771 -1.0089 -0.74992 -1.016 -0.70198 0.6446 0.75781 1.2265 0.38588 -1.5001 -0.27579 0.43123
6.3623 -2.2264 -1.2633 -0.62283 -1.4709 -1.1373 -0.092877 0.32922 0.79331 0.33103 -1.3916 -0.72919 0.083977
6.2106 -1.9007 -1.3364 -0.50054 -1.701 -1.2682 -0.63462 0.33289 0.93629 0.26687 -1.3446 -0.60409 0.28571
5.4048 -1.3262 -1.0903 -0.493 -0.90106 -0.54534 -0.65151 -0.5929 0.6467 0.40502 -0.42638 -0.46648 -0.0138
3.5739 -0.23679 -1.2589 0.10036 -0.38385 -0.85913 -0.53911 -1.1188 0.6483 0.29761 -0.47018 -0.21443 -0.072932
2.424 -0.61839 0.56029 0.26796 -0.68423 -0.81016 -0.58744 -1.3046 0.4584 -0.18961 -0.7091 -0.31228 0.13312
2.0817 -0.79424 1.6257 0.25819 -0.76364 -0.74742 -0.74315 -1.2941 0.33834 -0.74953 -0.31949 0.16314 0.22918
1.6932 -0.667 1.5009 0.018532 -1.0239 -0.84421 -0.30937 -1.1887 0.94455 -0.41866 -0.76342 -0.18036 0.24804
1.3669 -1.8071 1.61 0.99124 -0.79358 -1.0504 -0.61961 -0.85032 0.408 -0.39836 -0.32596 0.23865 0.42399
2.3875 -4.3081 2.8824 0.66944 -1.385 -0.36003 -1.299 -0.51841 0.91837 0.48017 -0.078765 0.14064 0.056879
4.6321 -8.4934 2.6292 -0.90295 -0.98807 1.1594 -0.90579 0.48832 0.67098 0.047125 0.23594 0.12333 -0.27955
5.7365 -10.307 2.58 -2.2196 -0.031133 1.4096 0.52267 1.1884 0.91832 0.244 -0.23887 -0.1455 -0.28727
5.637 -9.7401 2.8572 -1.8521 -0.13243 0.3902 0.17641 0.082592 -0.032236 0.20229 0.011203 0.35099 0.15256
5.1727 -9.0964 2.5865 -1.7963 0.58531 0.21962 -0.44207 0.12176 -0.19108 0.38076 0.59498 0.39971 0.21157
5.9573 -8.9599 3.0361 -2.2059 1.0364 -0.03799 -0.88935 0.0097089 -0.18441 -0.22449 0.47829 0.68242 0.55994
5.8636 -8.9532 1.9727 -2.6437 1.1382 0.70827 0.33517 0.24411 0.36363 0.2395 -0.24763 0.12214 -0.15109
5.5897 -10.754 1.5852 -1.9077 -0.14553 -0.18058 0.24927 0.010344 -0.17682 0.26398 0.49981 0.28206 0.16705
5.3605 -9.276 1.9046 -1.5369 -0.23584 -0.1896 0.23372 0.21824 0.38863 0.37543 0.24693 0.15143 -0.19937
4.9931 -8.2479 1.6515 -1.7133 -0.16769 -0.065582 -0.58976 0.51859 -0.42272 -0.36862 0.082305 0.54189 0.65361
3.411 -5.999 1.3707 -0.72933 0.82379 0.5507 -0.51704 0.31534 -0.1863 -0.20087 -0.034584 0.58462 0.35712
1.8891 -4.745 1.1218 -1.0522 0.57934 0.091966 -0.48988 0.36485 -0.40502 -0.55516 -0.69671 -0.40331 -0.57469
1.8451 -0.91758 0.86071 -0.92605 -0.57822 -0.12292 -0.45038 -0.38257 0.32089 0.37634 -0.62367 -0.088151 -0.22785
3.6689 -0.89595 0.04539 -1.2916 -1.2673 0.39837 -0.83568 0.17843 0.2269 0.69405 -0.83814 -0.17613 0.34786
3.7486 -0.020093 -0.30201 -1.985 -0.67837 0.13109 -0.3468 0.13361 0.31547 0.83089 -1.1004 0.043088 0.16307
3.5407 -0.74794 -0.088969 -1.6998 -1.0464 0.24154 -0.28263 0.47417 0.015122 0.61069 -0.63002 -0.55668 0.57386
3.2899 -1.0011 -0.22791 -1.6696 -0.62017 0.17756 -0.1934 0.44253 0.24151 0.93234 -1.2487 -0.11257 0.43173
2.4992 -0.22911 -0.23314 -1.5718 -0.70484 0.13084 0.50743 -0.10727 0.4476 0.43755 -0.62631 -0.39749 0.30088
1.7308 -0.80586 0.28059 -1.6428 0.095139 -0.25959 0.39592 0.41325 0.5786 0.19403 -0.72069 -0.14601 0.21356
0.52115 -1.2444 1.084 -1.0015 -0.58683 0.36188 1.1109 -0.2404 0.92181 0.54119 -0.55122 -0.53807 0.50189
