-1.6775 -5.0946 -0.90917 0.31205 0.5625 1.0589 -0.54893 -0.32242 0.75694 -0.065997 0.10215 0.37135 -0.0066798
-0.24149 -5.778 -0.63111 -0.57959 0.22436 1.3175 -0.18326 -0.15118 1.1837 0.47776 0.43225 0.67168 0.60126
0.84082 -7.09 -0.56147 1.0946 1.3094 0.98743 -0.54893 0.13609 1.6496 0.48198 -0.76225 -0.044298 0.26139
1.0224 -6.1685 0.0028986 0.072743 0.85151 1.6951 -0.25401 -0.19821 1.0208 0.57225 0.003029 0.9514 0.65978
2.0222 -3.9101 -0.22161 1.0252 1.3999 1.4343 -0.10778 -0.33324 0.96106 -0.2144 -0.27694 -0.080008 0.4134
1.8681 -3.8109 -0.14286 0.76018 1.867 1.3549 -0.028881 0.034776 1.1813 -0.10569 -0.73118 -0.014492 0.089842
2.3715 -4.6517 -0.40776 0.58644 1.4362 1.8725 -0.57648 0.062138 1.2405 0.0098811 -0.31091 -0.1152 0.18452
2.5436 -3.9342 -1.1108 -0.12358 2.0704 1.0302 -0.38731 -0.026663 0.87239 0.073236 -0.35599 0.19192 0.33232
1.7978 -4.6063 -0.031618 1.0329 1.008 0.78306 -0.11662 -0.23769 0.93881 -0.24916 -0.13559 0.20774 0.12126
3.8132 -1.0747 -1.6183 -0.40345 -1.2382 0.22034 -0.16656 0.009861 0.39627 -0.068883 -0.70824 -0.65844 0.044348
6.1481 -2.1952 -1.6693 -1.2053 -1.1696 -0.29444 0.24614 0.20933 0.82184 0.26228 -1.0168 -0.53125 0.55286
6.3843 -2.2221 -1.2636 -0.74668 -1.2306 -0.70057 -0.099857 0.14672 1.1699 0.57125 -1.1666 -0.73286 0.46253
6.1712 -2.2211 -1.6117 -0.81374 -1.9765 -1.1078 -1.0126 -0.23396 0.56428 -0.15284 -1.1556 -0.65837 0.1418
4.9761 -0.92698 -1.1596 -0.30019 -1.2659 -0.23365 -0.94828 -0.77915 0.64124 0.40376 -0.088721 -0.29691 0.34585
2.2356 -0.14012 -0.93704 0.1215 -0.14077 -0.59075 -0.53645 -1.1888 0.31852 0.31877 0.29552 -0.32958 0.058909
0.67433 -0.6117 0.65301 0.097506 0.11087 -1.266 -0.65457 -0.95126 0.77613 0.14955 -0.095096 -0.19127 -0.28168
0.29054 -0.91855 1.6764 0.54439 -0.11116 -0.62097 -0.38321 -0.84043 1.05 -0.50575 -0.54745 -0.14 0.046254
0.27635 -0.42262 1.7357 0.62786 -0.58329 -1.1361 -0.25666 -0.9368 0.82487 -0.52947 -0.14383 -0.32788 0.21633
1.2717 -2.5226 2.1522 0.68618 -0.79414 -0.8437 -0.94814 0.0089668 0.44876 0.049248 -0.0065803 -0.24045 -0.35786
3.8461 -5.8209 3.109 0.036816 -0.8924 0.17518 -0.17451 0.22795 -0.43294 0.46182 0.15234 0.23318 -0.33086
5.5041 -10.002 3.1255 -1.413 -0.32302 0.81978 -0.61535 0.39565 0.45876 0.42194 -0.16728 0.38437 0.068488
5.8738 -9.998 3.1942 -1.498 0.83336 0.014567 -0.61831 0.86192 -0.028977 -0.37208 0.01828 0.79952 -0.098378
5.5655 -9.3059 2.9897 -1.6123 1.1729 -0.45377 -0.63864 -0.20288 -0.37145 0.41543 0.3972 0.4973 0.07175
6.1449 -9.4197 2.0748 -2.2511 0.97132 -0.34253 -0.015542 0.19091 0.29972 -0.21141 -0.56688 0.12208 -0.49406
6.3076 -10.301 2.7344 -1.8119 1.263 0.15492 0.19522 0.078825 -0.15566 0.09091 -0.20082 0.27983 -0.17695
6.2404 -9.5786 2.3084 -1.7287 1.0236 0.25833 0.14061 0.53983 0.18458 -0.044149 -0.65333 -0.27713 -0.22679
6.5439 -9.6211 2.401 -2.0374 0.065115 -0.20357 -0.29252 -0.44438 -0.077919 -0.43405 -0.059986 -0.00046468 -0.2523
6.2437 -8.2134 2.6912 -1.5198 0.60364 0.67029 0.37214 0.49908 -0.31457 -0.35887 -0.038964 -0.29214 -0.14818
5.8016 -7.5799 2.045 -1.59 0.65145 -0.073145 0.19075 0.049757 -0.21415 -0.079135 -0.76361 0.00095591 -0.40481
3.8085 -6.5588 0.81418 -1.4333 -0.28496 0.021817 -0.12795 0.42963 -0.39574 0.2612 -0.24806 0.063345 -0.11532
1.9528 -4.5563 0.89858 -1.5537 0.36969 0.083597 -0.31049 -0.11276 0.022151 0.15528 -0.59829 0.61889 -0.36578
1.3236 -1.2962 2.4957 -0.94088 -0.60769 0.74011 0.37747 0.41619 0.0813 -0.06724 -0.92867 0.60499 -0.58401
2.5822 -0.64205 1.2802 -1.9842 -0.75994 0.15922 -0.10457 0.6327 0.070755 0.71232 -0.87464 0.67486 0.076935
2.7663 -0.645 0.57024 -2.0289 -0.054213 0.030223 -0.063809 0.048156 0.4949 0.68254 -0.90084 0.67394 -0.18874
2.4264 -1.1298 0.14409 -0.96039 -0.50559 0.42889 -0.0016071 0.27585 0.38979 0.73494 -1.2722 0.62379 0.21808
1.4685 -0.46687 0.21401 -1.3063 -0.21146 0.36023 0.26735 0.38256 0.37288 0.66759 -1.1137 0.65591 0.5529
