-0.69266 -6.3346 -1.2771 -1.2351 0.83106 0.97653 0.34579 0.5795 0.75087 0.28719 0.15385 0.28505 0.10407
0.24959 -6.6865 -1.3985 -0.30376 1.3937 0.16975 -0.32786 0.56089 0.95624 -0.35824 0.045264 0.72987 -0.13983
1.3167 -6.9071 -1.4065 -0.57249 2.5458 0.54825 -0.39906 0.67405 0.8363 -0.10763 -0.1289 0.13093 -0.33081
1.2627 -6.0856 -0.53208 -0.0090174 1.7881 0.69542 0.19894 0.40515 1.2671 -0.2246 -0.43628 0.16937 -0.049936
1.623 -5.7639 -0.11286 -0.53438 2.0444 0.9383 -0.025847 0.48229 1.3196 -0.082818 -0.15617 0.37305 -0.26993
1.955 -5.703 0.06198 -0.25208 1.702 0.22174 -0.16905 0.78442 1.5331 0.22328 -0.10394 0.60399 -0.56358
1.8207 -5.4583 -0.6496 0.46113 2.1541 0.39578 -0.22492 0.58765 1.0024 -0.075599 -0.22107 0.025039 -0.8003
2.077 -5.252 -0.43564 -0.68165 2.0577 -0.37241 -0.12636 -0.37124 -0.043642 0.0087386 -0.049392 1.0701 -0.4081
0.43475 -5.9509 -0.72224 -0.1006 1.0778 -0.98009 -0.89369 0.05761 0.24216 -0.44262 -0.36381 -0.056187 -0.76894
1.7666 -1.4489 0.91397 -1.2711 -0.61054 -1.2503 -0.41986 -0.68304 -0.20477 -1.2886 -0.58745 -0.27385 -1.0527
3.7357 -0.7885 -0.32182 -2.4569 -0.93372 -1.5315 -0.41602 -0.16738 0.47104 -1.2051 -0.77214 -0.13752 -0.35927
3.3303 -0.85747 -0.034404 -2.2789 -0.80428 -1.3027 -1.3343 -0.44629 0.74047 -1.1776 -1.0109 -0.078171 -0.12702
2.7324 -1.0953 0.79192 -1.2618 -1.3888 -1.7403 -0.99343 -2.0738 0.26782 -0.90978 -0.20543 -0.72 -0.0050294
2.5739 -1.3868 1.8763 -0.31403 -1.4198 -2.0773 -1.5468 -2.7863 0.32354 -0.021273 0.48324 -1.1088 -0.68073
2.6703 -1.5755 1.3448 -0.40321 -1.2655 -2.2128 -2.0143 -2.8137 -0.050069 -0.50355 0.42884 -0.81431 -0.68924
2.3597 -1.43 1.8835 -0.10437 -1.2231 -1.8858 -0.94026 -1.7828 0.17158 -0.50273 0.52711 -0.8298 -0.18122
1.435 -1.647 1.9066 0.38791 -0.77603 -0.79505 -0.53523 -1.8732 0.57215 -0.96877 -0.56533 -0.16837 -0.34536
0.94347 -1.8579 1.9161 0.47674 -1.2731 -0.9645 -0.33332 -2.069 -0.033494 -0.7789 0.61281 -0.082732 -0.5924
0.22928 -3.1083 1.204 -0.19954 -0.88709 -0.77532 -0.43578 -1.2265 0.057552 0.50358 0.71117 0.21109 -0.045409
1.9698 -7.3259 2.0413 -0.23956 -0.64202 -1.1689 -0.81147 -0.20218 -0.30861 -0.39636 0.15872 0.57239 0.62807
3.6904 -7.5711 2.2516 -1.9634 1.8386 -0.77632 -0.66207 -0.3397 -0.4497 0.23968 -0.25034 0.84114 0.33814
3.4449 -7.6635 1.5759 -1.9817 1.2919 -1.2049 0.1069 -0.46296 -0.3554 0.5262 0.28941 0.31141 0.6992
3.3585 -9.4105 0.94828 -1.8977 1.4953 -0.23436 0.15257 0.17292 0.70234 0.94489 -0.26254 0.081149 -0.062244
3.6999 -8.9176 1.0482 -2.4311 1.3269 -0.49768 0.2871 -0.37804 -0.040133 0.31454 0.33633 0.48143 0.24231
3.2453 -8.4112 1.4762 -1.7574 1.2983 -0.73132 -0.1447 -0.68699 0.29163 0.53296 0.3902 0.50647 -0.014922
2.7275 -7.6684 1.9789 -1.2042 1.6877 -0.25787 0.23855 -0.22087 0.24704 0.18744 -0.13882 0.72564 0.064228
0.85032 -5.8327 2.4409 -1.274 0.89727 -0.47291 0.41897 0.14838 0.23295 0.88202 -0.18612 -0.058828 -0.34536
