-0.14546 -6.7464 -0.84538 -0.8037 1.3347 0.7721 -0.78125 0.95128 -0.22234 0.99055 0.050661 0.39886 0.65262
2.0297 -6.1938 -1.1178 -0.088026 2.4689 1.0767 -1.1916 1.1219 -0.17713 0.71894 -0.38549 0.021007 0.22956
1.5087 -2.9487 -1.5556 -1.1397 1.555 0.68116 -0.10527 1.8644 0.5071 -0.26412 -0.21461 0.10969 -0.63617
1.3057 -4.697 -1.6915 -0.26591 2.9084 0.73129 -0.76434 0.58632 0.018714 0.19297 -0.34247 0.77435 0.57603
1.1653 -2.0988 -0.53894 -1.1067 0.6861 0.00945 -0.73965 0.65669 0.044399 -0.25021 -1.2204 0.1982 -0.40336
4.2589 -0.32858 -1.8493 -2.1759 -0.21949 -0.50703 -0.43161 0.11074 0.10242 -0.81862 -0.97881 -0.18006 -0.16461
4.6583 -0.70415 -1.5893 -2.5383 -0.64386 -0.31543 -0.41127 -0.16643 0.44541 -0.79091 -0.96635 -0.51601 0.066252
5.0288 -0.93666 -2.0464 -2.6287 -0.69398 0.094027 -0.7689 -0.043798 0.15405 -0.50605 -0.90756 -0.79829 0.21695
4.8747 -0.92382 -1.8816 -3.051 -0.62894 -0.20908 -0.63574 -0.57789 0.39121 -0.64107 -0.93286 -0.86829 -0.065042
3.4382 -0.49803 -0.53728 -2.5554 -0.94231 0.02585 -0.28026 -0.69248 0.33957 -0.14694 -0.1463 -1.4244 0.1716
1.9437 -0.35774 1.6781 -0.9819 -0.70466 -0.49164 0.13897 -1.7526 0.23555 -0.57765 -0.31193 -0.59548 -0.28362
2.026 -0.80925 2.1132 -0.45216 -0.70493 -0.75991 -0.10762 -1.7841 -0.44469 -0.83824 -0.052836 -0.55153 0.31552
1.9074 -0.51927 1.8593 -0.3961 -0.51677 -1.0434 -0.32556 -1.6434 0.077236 -0.84922 -0.27007 -0.45157 -0.23801
1.8758 -0.94878 2.1601 0.25894 -0.49963 -0.94898 -0.39045 -1.655 0.19055 -1.1629 -0.48228 -0.075896 0.13212
1.6388 -1.358 2.2359 0.6072 -0.75817 -1.0112 -0.47017 -1.8879 0.38875 -0.75466 -0.11322 -0.50885 -0.62897
1.3144 -1.5261 2.1233 0.97874 -0.098496 -0.48059 -0.81861 -2.0952 0.41956 -0.75592 -0.24982 0.19847 -0.38257
-0.51996 -2.5541 1.5305 1.1043 0.92982 0.39302 -0.77555 -1.5456 0.49545 -0.41471 -0.62011 0.36459 -0.88979
-0.23224 -7.0451 1.4385 -0.64323 0.51393 0.26082 -0.63595 0.02985 0.43654 0.024405 -0.052163 0.68097 0.25904
1.2877 -7.5112 1.9075 -0.79394 2.007 -0.27998 -0.041378 0.14941 -0.29228 0.22863 0.44351 0.30919 0.3095
0.9886 -6.84 2.244 -1.0152 1.5724 -0.85511 -0.15132 -0.078671 0.43967 0.75033 0.23826 -0.077167 0.45963
-0.58832 -6.4024 2.03 -0.88167 1.295 -0.34168 0.69185 0.17431 0.50291 0.39612 0.27889 -0.11639 0.60736
0.28742 -7.0904 2.2842 -0.74738 1.1155 -0.48019 0.28461 0.25631 0.30451 -0.14462 0.11127 0.26717 0.57928
1.5146 -6.7741 2.6366 -1.2392 1.0066 -0.76344 0.86439 0.47648 0.082969 -0.34734 -0.30511 -0.47415 -0.14867
1.6733 -8.4531 0.92131 -1.9106 0.93778 0.090484 0.86065 -0.48947 -0.0039645 0.28198 0.4133 0.46801 0.13709
1.6384 -9.4115 0.18014 -1.3785 1.1055 0.13855 0.21368 0.21306 0.13663 0.87568 0.45928 0.46859 0.30452
0.60229 -8.3495 0.44195 -0.70548 1.7771 0.31837 -0.42992 0.45295 -0.26875 0.84746 0.47324 0.94005 -0.044374
