-1.7961 -3.2939 0.83287 -0.011621 0.58394 0.52682 0.38327 0.40458 0.49156 0.1342 -0.068225 0.15481 -0.23666
-2.1719 -2.6963 0.53451 0.34704 0.66453 0.47317 0.32791 0.42077 0.69614 0.29234 -0.22175 0.13441 0.25474
-1.3143 -3.1245 0.22153 0.16004 0.73691 0.27947 0.15936 0.72421 0.45653 -0.016811 -0.72774 -0.40616 -0.27133
-1.6474 -4.6409 -0.45056 -0.055424 1.3465 -0.013118 -0.6465 0.96166 0.073249 0.26557 0.035813 0.37429 0.0010336
0.42813 -6.4778 -1.2888 0.4208 2.5176 0.11026 -1.0454 0.81912 -0.12348 0.19544 -0.3399 0.56429 -0.44479
-0.61098 -4.4916 -1.2205 -1.7458 0.5077 0.53145 0.77058 0.64384 -0.81336 -0.15723 0.10802 0.098038 -0.11075
-2.7653 -3.6868 -0.5326 -0.64302 0.18943 0.64358 0.93499 0.95096 -0.059626 0.083158 0.11621 0.067027 0.12203
0.6732 -2.3744 -1.0283 -1.9977 -0.43662 -1.6454 -0.98802 -0.54939 -0.54306 -0.52117 -0.17223 -0.41388 0.2965
3.0919 -3.2826 -1.9925 -2.8857 0.20779 -0.72621 -1.7545 -0.16946 -0.29252 -0.58803 -0.55829 -0.19765 -0.089801
3.5937 -3.6634 -2.4901 -2.8635 0.26808 -1.4804 -1.5547 -0.19073 -0.46025 -0.8362 -1.5414 -0.10129 -0.35753
3.9318 -3.7201 -2.9661 -3.1687 0.041869 -1.7974 -1.578 -0.14475 -0.32259 -0.97139 -1.6352 -0.73631 -0.48174
4.016 -3.355 -2.8077 -2.4792 -0.14941 -1.2879 -0.85719 0.030365 0.05281 -0.46976 -1.1229 -1.0684 -0.54018
3.9161 -3.3277 -2.7975 -2.687 -0.60262 -1.1845 -0.95382 -0.13288 0.15622 -0.53664 -1.2548 -1.2041 -0.96432
3.2346 -2.7096 -1.9477 -2.3964 -1.0478 -1.5431 -0.63316 -0.44081 -0.011772 -0.96347 -0.65663 -0.89061 -0.60454
1.9464 -2.2978 0.3654 -0.76172 -1.5913 -1.4184 -0.28963 -1.2527 0.46342 -0.67582 0.12704 -0.42343 0.24715
2.2757 -2.6933 0.79471 -0.81624 -1.3547 -1.9241 -1.1066 -1.4456 0.20673 -0.1644 0.22472 -0.48453 0.15393
2.2413 -2.5444 0.90015 -0.90487 -1.4024 -1.6803 -0.82045 -1.8947 0.30977 -0.40765 0.12833 -0.10419 0.040593
1.9173 -2.2254 0.99647 -1.0246 -1.7596 -1.977 -0.49196 -1.7498 -0.27638 -0.87968 0.4287 -0.50422 -0.1351
0.775 -2.7036 0.98896 0.15572 -1.1336 -1.2164 -0.82731 -1.7044 0.17169 -0.58863 0.18861 0.14649 0.17237
-0.6731 -2.9292 0.54364 0.14395 -0.083527 -0.23949 -0.57422 -1.0569 -0.14682 -0.42829 -0.43133 -0.16514 -0.73339
-1.2678 -2.8111 0.66211 0.15737 -0.080885 -0.14334 0.067968 -0.40136 0.10651 0.10514 0.43786 -0.081967 -0.63809
-1.6437 -3.942 1.2504 -0.69108 0.62794 0.27275 0.40818 0.64165 0.063016 0.4169 -0.36444 0.0093626 0.12509
-3.21 -3.4324 0.97582 -0.21339 0.82665 0.023213 0.86496 0.50043 0.2811 0.37482 0.092057 0.49158 0.71778
-1.4433 -4.0378 1.3497 -0.62819 0.72666 -0.42551 0.5411 0.20796 0.49061 0.226 0.21358 0.45874 0.61224
-1.6505 -6.7685 1.4149 -1.2021 0.74089 -0.92576 -0.06849 0.21703 0.32218 -0.24416 -0.080953 0.5267 0.18926
-1.9119 -6.3063 1.5419 0.15693 0.48324 0.22164 0.38404 0.13564 0.22121 0.16323 0.24099 0.49552 0.68592
-4.0141 -3.9884 1.6806 0.05203 0.4739 0.18297 0.082005 -0.19394 -0.012684 0.37494 0.87624 0.6676 -0.0080914
-2.4975 -2.8081 0.33219 -0.082847 0.20032 0.32324 0.38605 0.44503 0.41573 0.29081 0.56846 0.32741 0.75733
-1.5121 -2.9824 0.35245 0.10803 0.49578 0.60001 0.78539 0.96785 1.0227 0.41748 -0.19909 0.21984 0.59635
-2.3126 -2.6552 0.49646 0.16454 0.48028 0.36592 0.46213 0.4285 0.45511 0.29303 0.17457 0.29297 0.53023
0.54959 -2.3019 0.40192 -0.96673 -0.58659 -0.77705 -0.34548 -0.79476 0.46016 -0.17043 -0.14694 -0.063898 -0.040774
1.7042 -2.2494 -0.46994 -2.326 -0.11024 -0.60922 -0.27463 0.18915 -0.26728 0.085591 0.070973 -0.023832 0.48959
1.6282 -3.3162 -0.75464 -1.4814 -0.41358 -0.4022 -0.60176 0.10558 -0.85549 -0.71059 0.16465 0.038841 -0.16704
-0.63154 -2.9589 0.29297 -0.4938 -0.72698 -0.64903 -0.0094189 -0.60729 -0.69024 -0.44223 0.38336 -0.4377 -0.44497
