1.5595 -4.1311 -2.2093 -0.56154 2.2338 1.3363 -0.77621 0.50574 -0.27882 -0.48711 -0.2724 0.25074 -0.40868
-1.389 -2.8645 0.086917 0.18238 1.4719 0.60294 -0.0030839 0.64071 0.75931 -0.42055 -0.59132 -0.18618 -0.34697
-0.99638 -3.3827 -0.078731 0.44019 0.83138 0.46339 -0.011172 1.0081 0.75247 -0.35305 -0.10706 -0.19893 -0.36303
1.6046 -4.7628 -1.4049 -0.86198 0.84472 -0.082939 -1.3021 0.72316 0.23638 -1.2987 -0.32246 -0.60997 -0.47152
0.34289 -7.2651 -1.375 0.24087 1.9227 0.77747 -0.82467 1.0855 1.049 -0.098349 -0.068424 0.17349 -0.63196
-0.048075 -6.0734 -1.3242 0.27468 1.2863 0.3731 -0.6216 0.84476 0.44659 -0.081358 -0.019388 1.3264 -0.35205
-0.7141 -4.2641 -1.5511 -0.63436 1.2578 0.66878 -0.15846 0.14446 0.78509 -0.035897 -0.50395 0.42785 -0.49653
-0.057297 -1.0112 -0.096286 -0.68536 0.68412 -0.39294 -0.29936 -0.15367 -0.065027 -0.81629 -1.137 0.14292 -0.26884
3.2667 0.045231 -2.5147 -0.86478 -0.66511 -0.45276 -0.087136 -0.60394 0.17792 -0.93124 -0.72014 0.075074 -0.30845
3.6771 -0.7843 -2.6676 -1.0256 -0.93807 -0.52902 -0.52396 -0.33425 -0.20023 -0.83408 -1.3443 -0.10943 -0.27611
3.4719 -0.7107 -2.5681 -1.2285 -0.62215 -0.87059 -0.41135 -0.75928 -0.38271 -1.0471 -1.2945 -0.19153 -0.28625
3.3183 -0.52417 -2.6195 -0.91941 0.1174 -0.9073 -0.15429 -0.98706 -0.56252 -0.8441 -1.3831 -0.043781 0.029189
3.0631 -0.11712 -2.4802 -0.87421 0.38544 -0.9612 -0.323 -1.3013 -0.60084 -0.9183 -1.337 -0.19057 0.23916
2.6907 -0.10906 -1.7906 -0.64581 0.36214 -0.81922 -0.36636 -1.5202 -0.50425 -0.5468 -1.3759 -0.045311 0.26529
2.0312 -0.075791 -1.2072 -0.12152 -0.16301 -0.9274 -0.21934 -1.6961 -0.22016 -0.44863 -1.0533 -0.23533 0.30811
1.6176 -0.64527 0.88679 0.82195 -0.20973 -1.6118 -0.71067 -1.8538 0.3871 0.093946 -1.0047 -0.32844 -0.14021
1.5675 0.035371 0.96642 0.89792 -0.2109 -1.7792 -0.39919 -1.6211 0.45773 -0.56535 -1.0634 0.14988 0.65786
1.2317 -0.5108 1.5282 1.0853 -0.27851 -1.7182 -0.62272 -1.571 0.63849 -0.094242 -1.0074 -0.068576 0.11398
0.92694 -0.64621 2.0229 0.78465 -0.47739 -0.9282 -0.72413 -1.2196 1.0243 -0.54731 -0.81779 -0.0033858 -0.19513
0.4708 -0.32464 2.5562 0.82397 0.0021919 -0.36933 -0.30742 -1.7999 1.2033 -0.55427 -0.95338 0.42189 0.16995
-0.39311 -1.6149 2.0088 1.2097 0.47254 -0.20965 -0.82255 -1.4474 0.99146 -0.64303 -1.0275 0.26958 -0.26573
-1.8777 -2.636 1.4602 0.9515 0.092778 0.023285 -0.61929 -1.1251 0.48635 -0.068424 0.14998 0.24676 -0.31135
2.8643 -7.2582 3.9963 -0.28494 1.1384 0.54416 -1.493 0.65359 -0.40036 0.22976 -0.12988 0.25741 -0.034622
3.855 -8.1363 3.6749 -1.47 2.1999 0.13768 -0.41919 0.48522 -0.37887 -0.18122 -0.16578 0.73837 -0.39448
4.0136 -7.4223 3.5816 -1.5092 1.9814 -0.95853 -0.13969 0.019245 -0.16904 0.0082399 -0.17964 -0.16046 0.37752
3.9818 -8.8557 2.9095 -1.562 2.4681 0.15891 0.40045 0.3206 -0.028969 0.077264 -0.26161 -0.32891 -0.61973
3.5861 -8.0069 2.8287 -1.6328 1.8584 -0.26604 0.41417 -0.26005 -0.54006 -0.52005 -0.53346 0.43665 -0.038659
4.2863 -8.9677 3.0721 -1.4772 1.77 -0.7964 -0.42339 -0.55748 -0.16241 -0.099826 0.23598 0.048963 0.13479
4.286 -8.9891 2.5696 -1.9694 2.0181 -0.26404 -0.028535 -0.16284 -0.074162 -0.029503 0.19067 0.22253 -0.087679
4.5945 -9.2551 2.9893 -2.605 1.2253 -0.14122 0.62672 0.82031 0.5022 -0.20444 -0.59231 -0.60275 -0.07966
2.8041 -7.9296 2.5331 -1.609 1.1326 -0.35304 -0.14725 0.38779 0.2183 0.36334 -0.67481 0.095591 0.28003
1.6532 -6.819 2.2612 -1.3949 1.4207 0.44643 0.20071 0.28607 0.36837 0.41987 -0.59123 0.40274 0.0019746
-0.17987 -5.3796 0.6789 -1.6122 1.0577 -0.72594 0.36687 1.3945 0.77598 0.65675 -0.75559 0.041956 0.13527
-0.66528 -4.4171 0.89871 -1.4767 0.56266 -0.16354 0.068732 0.92042 0.11166 1.4276 0.0021401 1.024 -0.035707
