-1.1168 -6.2521 1.0294 -0.21601 2.0273 1.0107 -0.22409 -0.077222 -0.52098 0.26386 -0.34844 0.78989 0.61316
-1.1126 -4.9401 0.45941 -0.29124 1.4559 0.26129 0.61267 1.2465 0.033644 0.14387 -0.073723 -0.3359 -0.15567
0.59766 -5.5338 1.1032 0.68956 1.694 -0.43109 -0.06954 1.1787 0.32157 0.033677 -0.63562 0.34721 -0.51252
0.37569 -6.1655 -0.13315 0.27401 1.4599 -0.65406 0.23148 0.63696 -0.51982 -0.13103 -0.75167 -0.06098 -0.20879
1.4019 -6.5585 1.4063 0.70921 1.0366 -1.0215 -0.44604 1.1446 -0.096275 -0.18416 -0.037318 0.2006 -0.25843
2.168 -6.8768 1.5007 0.36006 1.8888 0.098067 -0.2353 1.5484 -0.39782 -0.5976 -0.10873 0.28453 -0.61215
1.6686 -6.6475 0.94182 0.38804 1.6809 0.0082331 0.58408 0.48974 -0.25059 0.27246 0.073398 0.53041 -0.65242
1.5683 -7.2854 0.90929 0.81546 0.67686 -0.80548 0.44967 0.57907 -0.10038 -0.19559 0.2437 0.11566 -0.12196
0.80439 -6.6431 0.2767 -0.47057 0.69116 0.45297 0.596 0.39288 0.8094 -0.1132 0.47077 0.46529 -0.033147
0.70284 -5.482 0.1729 0.19128 1.6839 -0.91518 -0.64869 -0.16168 -0.034993 -0.28386 0.072715 0.25771 -0.1372
2.7232 -2.5017 -2.3036 -2.0927 -0.15849 -0.94143 -0.60327 -0.60481 -0.39567 -0.85142 -0.23674 -0.25071 -0.2611
3.8697 -2.9725 -3.7441 -2.3575 0.67391 -1.5921 -0.74134 -0.09131 -1.0141 -0.73712 -0.30786 -0.07327 -0.33419
4.1787 -3.9378 -4.469 -1.8599 -0.015452 -1.5171 -1.3445 -0.70063 -1.1597 -1.2832 -0.77045 -0.29145 -0.81966
4.4693 -4.5805 -4.0162 -1.7832 -0.083663 -1.4519 -1.1213 -0.3675 -0.80166 -1.4344 -0.61006 -0.41328 -0.68799
4.2947 -4.9329 -3.3525 -1.8331 -0.043734 -1.5018 -0.80009 -0.090331 -0.31273 -1.0461 -0.50486 -0.46674 -0.81186
3.8274 -4.6747 -2.589 -1.8585 -0.52656 -1.4967 -0.7332 0.068329 -0.25307 -1.2262 -0.59155 -0.44353 -0.75913
3.0153 -3.6778 -2.1275 -1.7785 -1.0053 -1.8847 -1.0785 -0.34847 -0.30625 -0.89049 -0.50158 -0.42175 -0.5305
1.6788 -2.6546 -0.30118 -0.84278 -1.9694 -2.4554 -1.0222 -0.79354 -0.13674 -1.1574 -0.29052 -0.6069 -0.20585
1.7406 -2.3704 -0.169 -1.2433 -1.8226 -1.7471 -0.19969 -1.3199 -0.63668 -1.3605 -0.14204 -0.38853 -0.38823
1.8062 -2.3224 -0.00014409 -1.1673 -1.8768 -1.8113 -0.30196 -1.3356 0.19375 -1.3959 -0.43462 -0.32773 -0.1829
1.7357 -2.1828 0.77243 -0.83787 -1.9687 -1.8352 -0.25791 -1.3129 0.36816 -1.2552 -0.52209 -0.58959 0.1378
1.6373 -2.4091 0.75768 -0.71692 -2.1658 -2.104 -0.58331 -1.5978 0.36791 -1.688 -0.54332 -0.73333 0.010173
1.3109 -2.6234 0.63814 -0.92961 -1.2792 -1.5863 -0.87254 -1.6168 -0.1042 -1.0019 -0.58747 -0.91929 -0.44482
-0.19038 -3.2008 1.2473 -0.027116 -0.030038 -0.57457 -0.58044 -1.7108 0.115 -0.7796 -0.66661 -0.26728 -0.50077
2.736 -6.1385 2.891 -1.2546 0.56158 -1.3102 1.3464 0.14746 0.74356 0.038274 0.55765 -0.13613 -0.53441
