0.085553 -8.6928 -0.99914 0.20678 3.4615 1.086 -0.94486 1.3821 -0.21351 -0.25738 -0.35072 0.48935 0.69615
-1.6865 -6.9731 0.65686 -0.13953 1.7883 0.28855 -0.59085 1.7431 0.10929 1.072 0.074068 0.74351 0.5571
-0.38758 -4.642 0.92408 0.13489 1.1233 -0.29306 -0.0036956 0.65786 -0.18621 -0.29204 0.26607 0.17657 -1.0697
-0.20089 -6.5743 0.87553 0.62585 1.3351 -0.51223 -0.48582 0.88204 0.0008483 -0.12182 -0.21666 0.45404 -0.17213
-1.1272 -5.3675 -0.53029 -0.037861 1.5133 0.094565 -0.17291 0.63421 -0.12508 -0.059661 -0.15218 0.16143 0.31899
-0.52165 -6.2045 0.87149 -0.36811 1.7821 0.14819 0.5977 0.54241 -0.044941 0.30112 -0.16178 0.82856 -0.33353
-0.49576 -6.4916 0.55312 0.61688 1.5976 0.55054 0.16311 0.5181 0.58232 0.22182 -0.54346 -0.86795 -0.51615
0.25052 -6.5048 1.1778 0.18405 1.6157 0.38341 0.19025 0.92972 0.48913 -0.11816 0.10007 -0.36748 -0.48259
0.11381 -7.6975 0.33918 -0.088952 0.91532 0.14738 0.28975 0.52297 0.26861 0.064456 0.81818 0.50912 0.49347
-0.25206 -6.1449 -0.7505 0.57687 0.71773 -0.12548 -0.47792 0.57351 0.27141 -0.69548 -0.12274 0.95274 -0.046037
2.7979 -2.2684 -2.7404 -2.2256 -0.46915 -1.1533 -0.13756 -0.70162 -0.50487 -1.1191 -0.527 -0.0033564 -0.42985
4.3253 -3.2653 -4.4105 -2.1376 0.14008 -0.65817 0.095969 -0.086466 -0.72569 -1.0204 -0.3709 0.080927 -0.45669
4.7577 -4.3259 -4.4792 -1.5971 -0.932 -0.29271 0.52407 0.24785 -0.41145 -1.6526 -0.31001 0.22254 -0.50301
4.9146 -4.3904 -3.6617 -1.6813 -1.3494 -0.41686 0.37668 0.4346 -0.63862 -1.8499 -0.11468 0.54691 -0.53903
4.7456 -4.7111 -3.9256 -2.1944 -1.6073 -0.83108 -0.023037 0.0080228 -0.84252 -2.0942 -0.39668 0.22151 -0.85909
4.2682 -4.6056 -3.2854 -1.9568 -1.6885 -0.75637 0.15399 0.34232 -0.38907 -1.5588 -0.49626 0.047561 -0.93464
3.7399 -3.7233 -2.6514 -1.8563 -1.4166 -1.0629 -0.15944 0.65176 -0.11222 -1.1301 -0.31964 -0.26194 -0.82442
2.7534 -3.0802 -1.671 -1.985 -1.0956 -2.1101 -0.36212 0.1933 -0.091038 -0.82247 -0.3012 -0.36597 -0.2848
1.5613 -2.6111 -0.056676 -1.2448 -1.7839 -2.4665 -0.62486 -1.1178 -0.29104 -1.0502 0.26673 -0.30882 -0.056392
1.6872 -2.6764 0.28868 -1.5186 -1.5991 -1.4529 -0.22578 -1.4694 -0.3515 -1.6044 -0.33987 -0.35906 -0.49798
1.8706 -2.5731 0.23055 -1.4529 -1.8648 -1.7776 -0.49481 -1.5467 -0.26723 -1.4871 -0.085428 -0.14317 -0.11902
1.7855 -2.7577 0.83534 -0.49378 -1.7354 -1.5667 -0.54219 -1.5323 -0.18762 -1.1982 -0.025776 -0.31452 -0.1216
1.4748 -2.9451 1.0297 0.12079 -1.2658 -1.4023 -1.231 -2.435 0.0047279 -0.88991 0.053465 -0.21786 -0.92392
1.0584 -3.1439 0.38546 -0.55521 -1.2059 -0.99351 -0.4913 -1.7583 -0.41927 -0.86039 0.0049598 -0.38118 -0.49371
