2.2757 -1.6249 -1.5273 -2.5214 -0.28411 -0.58342 -1.0481 -1.4677 -0.55287 -1.6305 -0.65469 0.0094325 -0.31944
2.7124 -2.3526 -1.816 -2.5955 -0.73447 -0.13236 -0.21502 -0.90838 -0.31989 -1.8905 -0.82482 -0.55127 -0.87241
2.537 -2.1191 -1.6732 -2.267 -0.38139 -0.50456 -0.19145 -0.7984 -0.095346 -1.7035 -0.8676 -0.10655 -0.70199
2.2551 -1.9221 -1.1485 -2.0535 -0.34916 -0.54372 -0.3497 -0.87888 -0.097287 -1.5037 -0.82349 -0.098318 -0.20813
1.6047 -1.6264 -0.52257 -1.5551 -0.86489 -0.94124 -0.50731 -1.2431 0.2166 -1.1038 -0.74162 -0.54337 -0.023223
1.0422 -2.0772 0.93894 -0.98545 -1.1427 -1.0054 -1.2445 -2.1515 0.056463 -1.2888 -0.76463 -0.10572 -0.67187
1.3928 -2.227 1.1199 0.10278 -0.63632 -0.80837 -1.3451 -2.171 0.042887 -0.69782 -0.4285 0.0044299 -0.76549
1.4215 -2.4228 0.96714 0.039591 -0.4825 -0.90912 -1.1762 -2.6351 -0.019546 -0.80541 -0.18251 -0.065994 -0.74029
1.3153 -2.369 0.97368 -0.072448 -1.0579 -1.1546 -1.0112 -2.581 -0.33344 -0.96646 -0.27566 -0.45373 -0.57686
1.3172 -2.1042 1.0183 0.036722 -0.85476 -0.94591 -0.87826 -2.2507 -0.29628 -0.90966 0.023652 -0.051228 -0.88141
1.2766 -1.8399 1.1575 0.10791 -0.67555 -0.6806 -0.80767 -2.4627 -0.046954 -0.78058 0.036647 -0.041029 -0.95566
1.1098 -1.9771 1.2813 0.00082684 -0.49815 -0.54132 -0.9122 -2.5343 -0.022856 -0.94288 -0.59153 0.054187 -0.7411
-0.10368 -1.6775 1.9353 0.55214 0.068296 0.0036804 -0.72305 -2.247 0.93487 -0.9937 -1.1597 0.74551 -0.4107
-2.7529 -2.8153 0.44685 0.33283 0.74738 0.52924 0.17471 0.2127 0.60635 0.067668 -0.60081 0.052632 -0.052444
-3.6492 -3.2418 0.93088 0.13305 0.76056 0.50367 0.011913 0.1932 0.45972 0.15893 -0.057501 0.38369 0.30962
-3.7176 -2.7307 0.44121 0.12751 0.48451 0.3135 0.27359 0.23108 0.36529 0.17658 0.057842 0.14816 0.038056
-4.2867 -2.5713 0.70361 0.24455 0.4776 0.11598 0.0068899 -0.25506 0.0064841 0.43709 0.9734 0.66735 -0.016731
-5.237 -2.1629 1.013 0.58768 0.864 0.58837 0.53865 0.33907 0.48954 0.74096 1.1126 0.99213 0.62103
-5.3572 -2.5968 0.55532 0.18866 0.48194 0.33658 0.4287 0.34796 0.38967 0.40808 0.47733 0.53669 0.64314
-6.212 -2.7734 1.0642 1.3945 0.86167 1.0832 1.0129 0.78773 0.83114 1.0055 0.89893 0.45223 0.90459
-5.1352 -4.492 -0.072856 2.021 -0.1762 0.54467 0.39172 1.4466 0.90122 0.23931 0.24405 0.78936 0.6724
-3.6323 -2.7407 0.3238 -0.14723 0.70892 -0.11694 0.35555 0.94994 -0.11607 0.25153 0.022666 -0.41815 0.37465
-2.8891 -3.355 -0.24124 -0.11408 0.71218 0.42407 -0.1308 0.0706 0.055292 0.41696 0.08436 0.3753 -0.010456
0.26849 -1.3886 0.94432 -0.52928 -1.076 -1.2314 -0.41036 -1.4709 0.22095 -0.76446 -0.095916 -0.37128 -0.38632
1.4942 -1.5251 -0.11292 -1.823 -1.0531 -1.5917 0.021072 -0.41368 -0.27136 -0.96038 0.062259 -0.77333 -0.12433
1.4505 -1.9145 -1.0331 -2.1184 -0.91138 -1.0263 0.11419 -0.39653 -0.13862 -1.174 -0.45316 -0.59068 -0.22369
1.2334 -2.1381 -0.97038 -2.5278 -1.1976 -1.0115 -0.031414 -0.88216 -0.3852 -1.7447 -0.61102 -0.76962 -0.49504
0.97893 -2.1437 -0.28896 -1.9895 -0.77934 -0.73242 0.26718 -0.66189 -0.62194 -1.2671 -0.47785 -0.62522 -0.074266
0.88147 -2.5111 0.23697 -1.5307 -1.2552 -0.79925 0.59463 -0.68379 -0.62419 -1.5135 -0.42266 -0.64981 0.066535
0.37455 -2.6177 0.50358 -1.0947 -1.401 -0.80399 0.6545 -0.88363 -0.75485 -1.2915 0.008941 -0.67763 -0.20054
