-0.465 -4.7038 0.25721 0.65718 1.69 0.76384 0.32599 0.67502 0.42431 -0.13939 0.019799 -0.37149 0.19343
-1.6256 -3.988 0.72113 0.74736 1.3236 0.21829 0.53144 1.1181 0.82791 -0.19109 -0.11012 -0.29972 0.015471
0.15849 -5.821 -0.6124 1.0742 1.5559 -0.15865 0.56306 1.6089 1.0005 0.20128 -0.039359 -1.0607 -0.54098
0.41935 -6.2901 0.16849 -0.17438 1.275 0.020541 0.64357 0.17519 0.37895 0.086579 0.48588 0.51826 0.52718
-1.7327 -4.5895 0.076374 0.35022 1.4551 0.46702 1.2305 1.1247 0.70287 0.43036 0.20553 0.24199 0.11822
-0.19686 -6.1813 -0.20875 0.81416 1.9348 0.5563 0.33707 1.0575 0.49483 -0.37869 0.041729 0.35517 -0.014455
-1.4935 -5.0884 -0.68972 0.68285 0.57123 0.44175 0.6686 1.2382 0.47112 -0.26762 0.76043 1.2103 1.1011
-2.2541 -3.8183 -0.51826 0.1874 1.0119 0.68691 1.0841 1.6536 0.46021 0.43146 0.48873 0.31421 0.045744
-2.1778 -5.9867 -1.8725 -0.35044 0.44717 0.43265 0.41652 0.31153 0.20232 -0.50362 -0.089483 0.19298 -0.22716
-1.6917 -2.9601 0.32449 0.53344 0.24247 -0.22814 -0.81233 -1.2746 -0.4194 -0.61248 -0.41519 -0.030662 -0.56105
1.2652 -2.2065 -1.2667 -1.6313 0.1661 -0.58633 -0.3772 -0.5223 -0.76517 -1.2389 -0.45972 0.23057 -0.82346
1.4956 -2.397 -1.8731 -1.7968 0.27661 -0.18524 -0.3581 -0.31335 -1.1042 -1.2758 0.15386 -0.023009 -0.58446
1.5634 -2.429 -1.4736 -1.7518 0.010432 -0.4181 0.1591 -0.27599 -0.91542 -1.3259 -0.024467 0.38473 -0.42579
1.5881 -2.484 -1.4958 -1.8087 -0.18449 -0.64361 0.2496 -0.19412 -1.2889 -1.5012 -0.12214 0.21029 -0.41193
1.0523 -1.9791 -1.3037 -1.4009 -0.1642 -0.73319 0.42323 -0.092708 -0.78294 -1.4552 -0.24448 0.029853 0.00031548
-0.27231 -2.4977 0.19628 -1.0657 -0.067198 -0.40162 0.28905 -0.3219 -0.35169 -0.82406 -0.43204 -0.34913 -0.077552
-0.73668 -2.4441 1.2358 0.70332 -0.24839 -0.28403 -0.47424 -1.4155 0.012899 -0.74206 -0.26625 0.087819 0.10262
-0.7444 -2.3094 1.0691 0.197 -0.073582 -0.25499 -0.54544 -1.4867 0.19921 -0.56467 -0.2377 0.36863 -0.39803
-0.67985 -2.31 1.1717 0.36287 0.26581 0.05492 -0.63156 -1.6953 0.18896 -0.73965 -0.52416 0.5635 -0.20765
-1.3213 -2.7922 1.1753 1.2343 0.79296 0.30686 -1.1966 -1.911 0.41335 -0.6515 -1.0944 0.50586 -0.33813
-2.6714 -2.6117 0.93105 0.88345 0.81069 0.39278 -0.55724 -0.97601 0.39558 -0.062163 -0.40472 0.41637 -0.49344
-3.4581 -2.8069 0.62003 0.57012 0.9243 0.33816 -0.74395 -0.84494 0.32323 0.14556 -0.089624 0.72949 -0.32266
-0.14894 -5.923 2.3802 -0.57879 0.43645 -0.40881 0.27509 0.21104 0.84194 0.73155 0.12371 0.39879 0.49423
-0.79088 -6.2481 1.1079 -0.18694 0.47399 0.31844 0.44569 0.20375 0.13539 0.33251 0.36365 0.16766 0.095272
-0.95174 -6.1715 -1.6728 -0.19665 0.46105 -0.058509 0.64192 0.39396 0.36978 0.72046 0.70169 0.62577 0.44672
-3.0812 -4.3649 -0.0058452 0.57804 0.49577 0.45134 0.69159 0.52878 0.27743 0.13364 0.18225 0.24161 0.17531
-2.6406 -4.9473 0.38216 -0.3535 0.55126 0.37016 0.81781 0.25286 -0.09777 0.24636 0.20866 0.35144 0.24416
-2.8419 -3.7379 0.57126 -0.35094 0.65294 -0.13187 0.16158 0.25872 0.017374 -0.38834 -0.070008 0.53813 0.51196
-3.3085 -4.1406 1.0989 -0.19642 0.39311 0.25327 0.46085 0.22915 0.19237 0.19862 0.27949 -0.050275 0.090835
-5.0927 -2.9943 0.46536 0.075204 0.19059 0.090132 0.60911 0.52098 0.19395 0.3068 0.81866 0.16918 0.13876
-3.9549 -2.655 0.4831 0.12527 0.39362 0.27708 0.32593 0.18838 0.24695 -0.013082 -0.13553 -0.080048 0.046233
0.60617 -1.3216 0.040444 -2.0552 -0.40792 -0.26606 0.11108 -1.1617 0.022509 -1.1447 -0.81708 0.087459 -0.27104
1.4882 -1.5008 -0.90229 -2.8238 0.13324 -0.28367 0.042807 -0.25707 -0.28312 -1.0641 -0.57521 0.051044 0.004444
0.91174 -1.9124 -1.6306 -2.7728 -0.081048 -0.27884 0.19187 -0.93812 -0.34314 -1.1745 -0.49666 -0.021549 -0.080238
0.66597 -2.1898 -1.8699 -2.8481 0.25997 0.47202 0.27179 -0.56552 -0.35105 -1.0208 -0.58311 0.34146 -0.025648
1.9651 -2.5558 -1.8605 -3.5094 0.34318 0.96855 -0.62632 -0.57778 -0.29771 -1.362 -0.38071 0.28003 -0.15085
