-2.7125 -5.8091 -2.0129 -1.4085 1.8359 0.45995 -0.38565 0.89526 0.28081 0.93688 0.35384 0.93818 0.67153
-2.3495 -8.2208 -2.6503 0.50648 0.053668 1.0018 0.29463 1.1769 0.75039 1.1605 0.85898 0.89936 0.67328
-0.66875 -7.8412 -0.63892 0.82408 0.97538 0.47811 -0.21289 0.6432 0.11326 0.2055 0.39022 0.6676 0.39949
-0.299 -7.306 -0.64729 0.51112 1.2159 0.30258 -0.55474 0.76978 0.01234 -0.097837 0.22943 -0.33685 0.070813
0.69749 -7.629 -0.22823 0.37903 1.6887 -0.48455 -1.2885 0.59992 0.92911 0.045991 -0.27864 0.17313 -0.76166
-0.25295 -7.1313 -0.7412 0.18359 0.32814 0.27353 0.21441 0.2267 0.55925 0.0041596 0.3888 0.48462 0.2489
1.1338 -8.6725 0.25883 0.54075 1.3817 -0.31747 -0.071783 0.62111 -0.44304 0.064796 0.58945 0.62028 0.16031
1.1729 -8.5748 0.50563 -0.70965 0.89853 0.89592 0.28399 0.76144 0.34572 0.39219 -0.26731 0.56362 0.35076
1.0212 -7.8829 0.58323 0.44091 1.5463 0.69996 0.30134 0.3235 -0.24019 -0.41918 -0.65509 -0.18624 -0.48254
1.4919 -6.4888 1.538 0.35385 1.295 0.01012 -0.10945 0.35166 -0.19386 0.16002 -1.0398 0.0041546 -0.6281
0.78499 -8.8891 -0.75676 0.032914 1.552 0.0033637 -0.34405 0.32946 0.089798 0.2186 0.49221 0.96166 -0.62659
-0.37192 -7.1401 -1.3507 -0.64024 0.9095 0.14217 -0.17853 1.25 1.0175 0.47039 -0.066795 1.3614 0.10678
-0.64057 -6.3397 -2.2914 -0.56892 0.74817 0.67846 0.071573 0.72108 0.75214 0.6201 -0.29147 0.92795 -0.2978
-1.3843 -7.0836 -2.3894 0.061463 1.4919 0.84653 -0.41238 0.84384 -0.11913 0.69889 0.53006 0.54272 0.07687
-0.12184 -2.4449 -0.24114 -1.4621 0.13355 -1.1352 -1.1657 -0.62615 -0.23679 -0.78197 -1.0502 0.13153 -0.18609
2.7618 -2.154 -2.5247 -2.6938 0.22576 -0.97229 -0.58171 -0.27879 -0.97127 -1.013 -0.97953 -0.58036 -0.4688
3.7233 -2.0601 -3.4846 -2.6657 0.1417 -0.90161 -0.43411 -0.64382 -0.83793 -0.76177 -0.9331 -0.70507 -0.38831
3.9844 -2.1418 -3.8144 -2.7472 -0.067129 -1.107 -0.69622 -0.68606 -1.1729 -0.99717 -1.1313 -1.1321 -0.53535
3.8688 -1.5913 -3.1641 -2.9637 0.25567 -0.84629 -0.38463 -0.60302 -0.90266 -0.80292 -0.78489 -0.91334 -0.44139
3.8597 -1.2645 -2.77 -3.3137 0.087229 -0.85958 -0.23164 -0.89502 -0.8244 -0.57243 -1.0835 -0.86251 -0.42845
3.558 -0.83967 -2.0637 -3.6058 -0.31241 -1.0966 -0.29212 -1.031 -0.079272 -0.44797 -1.2323 -0.86978 -0.25556
2.3221 -1.4928 -0.66239 -2.5042 -1.0487 -1.2783 -0.25749 -1.1954 0.18924 -0.30466 -0.21788 -1.3434 -0.7753
1.1533 -1.8578 1.4744 -0.15642 -0.81081 -0.99154 -0.62762 -1.7752 0.4514 -0.68834 -0.57417 -0.46855 -0.43486
0.90834 -1.7994 1.6677 0.097044 -0.98803 -0.77685 -0.31848 -1.808 0.475 -0.89921 -0.61278 -0.35937 -0.23989
0.93707 -1.8369 1.4171 -0.24239 -0.67154 -0.39573 -0.13117 -1.7513 0.37675 -0.73794 -0.5905 -0.30021 -0.76304
1.6648 -1.2563 1.8162 -1.0334 -1.5224 -1.0348 -0.22952 -2.298 0.1723 -1.1615 -0.76177 -0.62662 -0.6282
1.5577 -1.7075 1.8561 -0.044045 -1.3036 -1.1518 -0.33137 -1.6708 0.41842 -1.287 -1.0571 -0.74901 -0.2162
1.3048 -2.1152 1.1433 -0.56754 -1.1864 -1.1844 -0.40558 -1.5951 -0.0024991 -1.4831 -1.2208 -1.009 -0.91469
1.012 -2.1436 1.5407 0.22541 -0.84581 -0.40149 0.0008175 -1.5856 0.44031 -0.74766 -0.76649 -0.99474 -1.0706
0.1848 -2.7541 1.2384 0.72359 -0.024983 0.025578 -0.55661 -1.5646 0.61234 -0.84251 -1.541 -0.50999 -0.94422
