-2.5729 -3.1836 0.51374 0.1799 0.84212 -0.1061 1.1229 0.30472 0.57832 -0.097061 -0.043572 0.12514 0.60054
-1.4267 -2.484 0.22104 -0.71056 0.91773 -0.12516 0.50294 0.47257 -0.10375 -0.046821 0.2514 0.16578 0.11028
-1.1688 -3.5315 0.51161 0.093987 0.86205 0.28606 0.70211 0.81249 0.74056 -0.25261 0.06678 0.3051 0.46627
0.36284 -4.0545 -0.55931 -0.16798 1.392 0.41101 0.88504 0.66152 0.9798 0.072867 0.044008 0.64009 0.83659
-0.46748 -3.9115 -0.74671 -0.47353 0.95897 0.68464 0.14746 0.73813 0.26305 0.20158 -0.44936 0.39789 -0.13297
0.51195 -4.2301 -0.22477 0.04224 0.88135 -0.22132 0.39378 1.617 0.19982 -0.33414 -0.018527 0.79871 0.1582
-0.74121 -3.3347 0.058868 0.33464 0.78458 0.55259 0.36935 0.93348 0.69267 0.096712 -0.53408 0.11147 0.28438
0.1027 -5.9402 -1.4719 0.098679 1.6233 0.32976 -1.1587 0.81787 -0.11415 0.43729 0.10644 0.45929 0.21987
1.9084 -2.6799 -1.1779 -1.7457 -0.6436 -1.0009 -0.8819 -1.1297 -0.35097 -0.88622 -0.36457 0.083411 -0.079786
4.7206 -2.9133 -2.9261 -2.4321 -0.36753 -0.5965 -0.76534 -0.86345 -0.41823 -0.82815 -0.84758 -0.13371 -0.37049
4.9081 -3.1871 -2.9815 -2.5387 -0.40665 -0.3146 -0.6229 -1.1742 0.044644 -1.2418 -1.1516 -0.065629 -0.88969
5.1136 -2.653 -3.327 -2.9073 -0.11509 -0.4349 -0.87916 -1.3224 -0.13195 -1.1659 -1.5462 0.1195 -0.80243
5.1853 -3.1431 -3.598 -2.9636 -0.3622 -0.55626 -1.1522 -1.5693 -0.30111 -1.1083 -1.6519 -0.10458 -1.0433
4.8499 -2.6037 -2.6708 -3.4045 -0.39499 -0.10629 -1.263 -1.5713 -0.27917 -0.90528 -1.4256 -0.48857 -0.94883
4.1532 -2.5883 -2.064 -3.3038 -0.67603 -0.68119 -1.1469 -1.3555 -0.43733 -0.96454 -1.1449 -0.92035 -0.65007
3.0571 -2.1492 -0.46122 -2.2266 -0.56732 -0.81893 -0.97578 -1.5605 -0.10609 -0.57621 -0.93826 -0.39782 -0.41384
3.0652 -2.5638 0.60782 -0.31565 -0.5734 -0.94425 -1.192 -2.2557 -0.33437 -0.83182 -0.63683 -0.45796 -0.3798
3.0922 -3.0679 0.2953 -0.37454 -0.78849 -1.1435 -1.3597 -2.734 -0.42664 -0.9049 -0.59733 -0.70905 -1.0863
2.9449 -3.0451 0.85778 0.29658 -0.52684 -1.3093 -1.8627 -2.3585 0.42475 -0.21999 -1.0205 -1.2567 -1.0497
2.8716 -2.8917 0.7512 -0.08562 -0.53893 -1.0509 -1.484 -2.2829 0.23413 -0.85044 -1.1599 -0.63444 -0.95488
2.7136 -3.0048 0.76613 -0.051764 -0.78213 -1.2451 -1.7408 -2.6589 0.10788 -1.2594 -1.4168 -0.69042 -1.3799
2.5827 -2.5624 0.99494 0.070665 -0.40399 -0.64531 -1.0105 -2.0937 0.16694 -1.031 -0.79962 0.10131 -0.6642
1.6985 -3.1489 0.8195 0.39248 -0.47967 -0.61674 -1.2597 -1.9685 0.11346 -0.90003 -1.2844 -0.51819 -0.90026
1.2816 -4.0873 1.4265 0.098824 1.0034 0.2763 -0.91037 -0.20521 -0.31389 -0.0001597 -0.069391 0.199 -0.55645
1.2513 -3.97 1.783 0.64127 1.0357 0.75727 0.37028 0.64307 0.98268 -0.04096 -0.49107 -0.50231 0.14411
0.15476 -4.1577 -0.39045 0.27593 0.36803 0.13009 0.53699 0.49182 0.043283 0.11721 0.38381 0.33386 1.1595
-0.35033 -5.0734 -0.31014 1.409 0.35172 0.49579 0.13461 0.53494 0.22975 0.048366 0.44057 0.16723 0.42791
-1.4281 -3.1656 0.4569 0.12882 0.70334 0.42806 0.20381 0.20272 0.4046 -0.053449 -0.4559 0.037833 0.20925
-3.2222 -5.2917 1.4922 0.055442 0.52241 -0.066972 -0.47894 -0.68774 -0.16218 0.48402 0.8557 0.25032 -0.53694
-3.7293 -2.8777 0.67885 0.53948 1.0439 0.90707 0.51179 0.65957 0.89304 -0.052784 -1.124 -0.28685 0.039625
-2.9056 -4.0718 0.95386 -0.32048 0.34991 0.11818 0.37306 0.34827 0.3143 0.34636 0.43562 0.49485 0.79569
-2.443 -3.8518 0.77993 -0.12366 0.73563 0.36486 0.071078 -0.13444 0.22065 -0.033038 0.016859 0.32444 0.49344
-2.1267 -3.3097 -0.33306 -0.79189 0.94697 0.098479 0.055853 0.64748 -0.14031 0.33588 0.090413 0.023549 0.11214
1.3848 -2.1006 0.67858 -1.1888 -1.665 -1.0405 0.30263 -1.1898 0.4615 -0.62619 -0.36354 -0.976 0.39271
2.9332 -2.7845 -1.2649 -2.3187 -0.51263 -1.0827 0.13937 0.074389 -0.13507 -0.72649 -0.42685 -0.16175 0.22813
2.8867 -3.1858 -1.7098 -2.4684 -0.63113 -0.66894 0.053755 -0.41864 -0.61183 -0.68829 -0.37889 -0.23254 0.034943
2.539 -3.0472 -1.3651 -2.389 -0.56613 -0.5992 -0.1203 -0.28543 -0.38087 -1.0264 -0.36151 0.1301 -0.18336
2.1828 -2.927 -1.326 -2.4139 -0.22649 -0.49156 -0.4842 -0.68972 -0.35446 -0.83296 -1.0659 0.26861 -0.27768
1.3141 -3.0116 -0.91966 -2.214 -0.18339 -0.47845 -0.54167 -0.74791 -0.47669 -0.63578 -0.52265 0.029225 -0.68755
0.7524 -3.2896 -0.35078 -1.2337 0.10729 -0.3539 -0.66644 -0.93901 -0.73006 -0.20202 0.17823 0.34429 -0.83826
