-1.2538 -4.8555 -1.6941 -0.78993 1.6575 0.99521 -0.54501 0.30015 -0.017948 0.91016 0.0029205 0.55584 0.58028
-0.050839 -6.7376 -1.8493 -0.2111 0.78013 0.79683 -0.90259 0.086745 0.42831 -0.20249 0.17389 -0.58338 0.38869
0.28352 -7.0844 -1.244 -1.5934 0.98628 0.97411 -1.0327 0.42574 0.67867 0.53185 0.70779 -0.063069 0.734
0.79873 -7.4684 -0.92498 -0.78375 1.8802 0.50236 -1.0152 1.0341 0.87297 0.32503 0.30044 0.23525 0.58072
1.7182 -8.6104 -0.86451 -1.1503 1.5972 1.8291 -0.56544 0.82392 0.85969 0.4639 0.031878 0.23165 0.53369
1.2663 -8.6239 -1.5784 -1.9311 1.0368 0.61044 -1.23 1.2738 1.2673 0.48338 0.57066 0.51895 0.4778
1.0156 -7.1122 -1.8764 -1.9051 0.62535 0.88849 -1.723 0.083513 1.033 0.13128 -0.37217 0.10047 -0.073489
-0.28832 -5.9419 -1.5153 -0.79518 0.9795 1.0147 -1.011 0.74554 0.54568 0.25758 -0.69796 0.096258 0.060238
-1.1222 -3.6307 -0.14192 -1.1184 0.23596 -0.15989 -0.75322 -0.26077 0.37479 0.23764 -0.30233 0.02895 0.92466
0.044755 -1.5196 -0.10323 -0.57923 0.3829 0.38377 0.24275 -0.71612 -0.15085 -0.2657 -0.86854 -0.43881 -0.57846
3.5327 -1.0901 -1.0043 -1.5138 -0.57872 -0.83619 -0.48598 -0.40941 0.62514 0.40559 -1.112 -0.97443 -0.1068
4.3189 -1.5021 -1.4859 -1.7715 -1.0373 -0.6828 -0.55733 -0.50234 0.45516 0.15541 -1.5204 -0.9963 0.30401
4.4638 -1.1336 -1.8928 -1.9891 -1.2343 -0.72918 -0.70912 -0.28796 -0.12201 -0.12168 -1.594 -0.95098 0.29528
4.2862 -0.41894 -1.833 -1.7152 -1.0819 -0.76055 -0.46183 -0.39093 -0.043916 -0.13125 -1.3331 -0.83776 0.41323
3.6739 -0.222 -1.5887 -1.4487 -0.80172 -0.48027 -0.90549 -0.75588 0.1321 -0.062583 -0.84649 -1.142 0.25866
2.5244 0.028903 -0.69821 -0.69675 -0.18874 -0.8363 -0.68509 -1.2173 -0.20185 0.12042 -0.34122 -1.3075 -0.14836
1.9039 -0.29303 -0.2182 0.065659 0.16804 -0.75452 -0.33079 -1.5835 -0.48582 0.033958 -0.1904 -0.79866 0.18999
1.7932 -0.67462 0.059521 1.0076 0.25979 -0.80984 -0.11673 -2.2105 -0.40962 -0.26271 -0.44039 -0.60857 0.071169
1.4291 -0.18146 0.98618 0.38933 -0.070518 -1.1198 0.31435 -1.5332 -0.49749 -0.58239 -0.15349 -0.35309 0.18787
1.0416 -0.50108 1.6989 0.53861 -0.38303 -1.0907 0.343 -1.2516 0.03591 -0.72759 -0.41582 -0.10356 0.35906
0.26128 -0.079143 2.1982 -0.40976 -0.26923 -0.30252 0.14046 -1.3575 0.94858 -1.047 -0.6379 -0.0025823 0.13744
0.33486 -4.2155 2.8101 -0.26813 -0.31673 1.6647 -0.8127 0.29054 0.33629 -0.080806 -0.56861 -0.27568 0.025042
3.0261 -7.0856 3.2252 -1.6307 1.127 0.10039 -0.46219 0.54742 -0.17805 0.82389 -0.29934 -0.21416 0.05557
3.9525 -8.4513 2.4973 -2.6 2.1051 0.038978 0.19328 0.94795 -0.18958 0.54207 -0.24322 0.41557 -0.7018
2.7629 -8.0219 2.0087 -2.532 1.7789 -0.91228 0.14485 -0.052961 0.28245 0.72466 0.14729 -0.31035 -0.049766
2.1139 -7.4511 2.0607 -2.2904 1.2628 -0.90886 0.58954 0.63407 0.46076 0.090621 0.16654 -0.15566 0.44263
1.7052 -7.851 1.7838 -1.9941 1.3925 -0.14921 0.42681 -0.13244 0.70233 0.90675 0.17176 -0.37095 0.25412
1.4986 -7.1536 2.0847 -2.0555 2.1445 -0.32739 0.0034636 -0.35005 0.43364 0.53769 0.41263 0.6525 0.1385
0.67417 -6.5928 2.2582 -0.94224 1.5184 -0.29688 0.17664 -0.83066 0.022609 0.078455 0.16608 0.50786 -0.22867
0.73505 -7.494 1.8962 -1.8296 0.96135 -0.12423 0.17251 0.012999 -0.31655 0.87429 0.65867 0.87105 0.22359
0.64242 -7.5725 1.4475 -1.4791 1.3325 -0.27918 0.20388 0.675 -0.27148 0.89158 0.44795 0.49291 0.2249
