-2.484 -4.6957 -1.0718 0.25487 2.0368 1.2034 -0.0905 1.6897 1.2025 0.46681 0.23521 -0.1236 0.43392
-0.15969 -5.4969 -1.1949 0.71012 1.5154 0.79814 -1.6626 0.15283 -0.093304 -0.035061 0.69088 0.31994 0.57507
0.54949 -7.3811 -1.5223 0.15288 1.8387 0.59789 -1.326 1.2493 -0.50256 -0.20298 0.64286 0.31238 0.20178
1.9643 -9.0819 -1.7835 -0.021959 1.8574 1.0121 -1.0145 2.392 -0.40659 0.51122 0.11079 0.1637 0.36248
2.3012 -7.6509 -1.8087 -0.43519 1.4952 0.66898 -0.060867 2.0182 0.12167 -0.055331 0.11459 0.14015 0.16507
2.7282 -7.4114 -1.9274 -0.060357 1.8851 1.0328 -0.15539 2.3059 -0.32802 -0.35371 0.41804 -0.30233 -0.25255
2.7358 -7.3001 -0.59719 0.48202 1.3576 0.78867 -0.1277 2.46 0.064505 0.94657 0.45567 0.19153 -0.14265
2.298 -7.302 -0.38755 0.90174 2.5609 1.3912 -0.92817 1.8636 -0.017987 0.085119 0.58579 0.22356 0.26408
1.95 -7.0331 -2.1782 -0.51297 1.3657 1.0472 -1.2709 0.85143 -0.70965 -0.50073 -0.076198 0.28863 -0.53139
2.128 -6.6552 -2.3504 -0.53772 1.0809 1.5931 -1.248 0.089953 -0.69091 -0.47145 -0.20444 0.67227 -0.16196
2.4255 -1.7848 -2.771 -1.383 -0.86784 -0.18558 -1.2637 -0.85901 -0.78252 -1.0088 -1.0628 0.63096 -0.22724
4.1826 -2.2049 -4.3735 -1.8005 -1.1543 -0.47637 -1.0419 -1.1668 -0.75946 -1.3526 -0.74471 0.33562 -0.3497
4.4507 -2.5414 -4.5463 -1.7229 -1.5292 -0.92463 -0.96107 -1.0383 -0.73617 -1.3051 -0.91604 0.2526 0.0018267
4.5865 -2.3346 -4.8193 -1.4309 -1.7949 -0.74074 -0.86638 -0.77941 -0.42609 -1.3294 -0.8808 0.2551 0.21944
4.1869 -2.4519 -4.259 -1.5407 -2.2119 -0.90795 -0.92046 -0.55204 -0.30907 -1.5625 -0.85964 0.08788 0.7036
3.3592 -1.8223 -3.9595 -1.5215 -2.438 -1.1326 -1.0543 -0.6022 -0.42995 -1.6385 -0.87592 -0.364 0.34897
1.9578 -1.6209 -1.6709 -1.2401 -1.7322 -0.73755 -0.8165 -0.84559 -0.29432 -1.1252 -0.57754 -0.34638 0.14527
1.3114 -2.8308 0.22267 0.21545 -1.2595 -0.68792 -1.4206 -0.94017 -0.65418 -0.92845 -0.91463 -0.056375 0.29288
1.5201 -3.4947 0.62233 0.28664 -1.7263 -1.4615 -2.232 -0.15127 -0.41706 -1.7691 -1.3642 0.067094 0.31848
1.4481 -3.9731 0.74979 0.40356 -1.8764 -1.5441 -2.7445 -0.87933 -0.56375 -1.235 -1.2534 -0.55956 -0.061436
1.3347 -3.3357 0.85607 0.20989 -1.5496 -1.2477 -2.0433 -0.37076 -0.75537 -1.6491 -1.3152 0.067743 0.019197
1.0777 -2.9126 0.78076 0.19906 -1.6077 -1.0878 -2.0957 -0.83596 -0.2898 -1.8353 -1.0083 0.0080386 -0.055551
0.7928 -2.2437 0.83151 0.49089 -1.7682 -1.582 -1.4973 -1.0589 -0.46176 -1.3429 -0.53866 0.0094295 -0.37611
0.5199 -1.6075 1.358 0.33707 -1.0191 -2.1492 -1.1998 -1.2114 -0.45066 -1.3069 -0.48411 -0.18839 -0.38822
-0.097007 -1.9956 1.8765 0.1192 -0.59614 -1.5586 -1.3383 -1.7246 -0.74317 -1.5258 -0.5844 -0.03928 -0.26563
-1.9963 -2.274 1.9432 0.81482 -0.37941 -0.18018 -0.35469 -0.63307 -0.051703 -0.9453 -0.28726 0.17794 0.37056
0.69795 -6.125 1.8161 -0.67845 0.062012 -0.1365 0.09332 0.14685 -0.013365 -1.0075 -1.0466 0.71936 -0.25475
1.2528 -7.6832 1.4755 -0.92647 1.5956 -0.71919 0.31726 -0.30957 -0.31224 0.17105 0.40567 0.23594 0.028974
0.31601 -7.5355 1.2466 -0.3559 0.50068 -0.11656 0.5972 0.33622 0.59712 0.087636 -0.13695 -0.04716 -0.10857
-0.1628 -7.0942 1.0821 -1.0659 0.19851 -0.14618 0.241 -0.3334 0.31869 0.4437 0.88085 0.39576 0.099574
0.098145 -7.448 0.70655 -0.75613 0.26134 -0.25275 0.34005 -0.19706 -0.49192 -0.1425 0.53928 0.35599 0.36354
0.68832 -7.581 0.89208 -0.34739 -0.015645 -0.12503 0.69119 0.31579 -0.034577 0.35836 0.93643 0.029954 -0.037117
0.66656 -6.5017 0.72092 -0.71637 0.18189 -0.36808 0.60654 0.56392 0.090252 0.30891 0.63001 0.41664 -0.22775
-0.13833 -5.3997 0.59551 -0.51535 -0.42448 -0.41837 0.45203 1.0363 0.70243 0.1244 -0.026609 -0.21494 -0.62328
-1.2643 -3.2521 -0.11561 -0.18243 0.1993 0.43169 0.81312 0.88478 0.14937 0.041759 0.18702 -0.4799 -0.24448
-1.8008 -2.8997 -0.023633 -0.064204 1.0313 -0.2367 -0.546 0.96919 0.0020848 -0.39911 0.14032 0.03255 -0.68674
-2.0223 -2.4353 0.079746 0.30592 0.42048 0.55294 -0.18 0.39643 -0.51627 -1.2741 -0.18652 0.39964 -0.29089
-1.5389 -1.6518 0.39071 0.17624 0.91509 0.6409 -0.0084455 0.34471 0.18639 -0.1972 0.54659 1.1556 0.047302
-1.7979 -1.5264 0.14248 -0.44967 1.2411 0.11836 -0.3726 0.16412 0.33312 0.21154 -0.41783 0.5111 0.13662
