-0.60098 -6.5633 -2.0151 -1.2631 2.1238 0.82145 -1.0914 0.67813 0.012559 0.85828 -0.2675 0.47704 0.15437
-0.13812 -6.6966 -1.9803 -1.3614 1.6174 1.0538 -0.32089 0.86256 -0.085309 0.27653 -0.23713 0.23097 0.35263
0.60908 -7.3207 -1.8435 -0.83482 2.237 0.47108 -0.49593 1.3916 -0.27549 1.0577 0.20439 -0.48996 0.097901
1.6133 -7.5897 -2.4148 -0.87268 1.7589 0.14786 -0.43367 1.0196 0.2249 -0.20776 0.16798 0.88146 0.27128
2.636 -8.1832 -2.5356 -0.88231 2.3813 -0.79389 -0.8311 1.2397 -0.0089144 -0.13679 -0.38845 0.45049 -0.17994
3.0969 -8.8465 -2.3526 -0.61997 2.4109 -0.52072 -1.1203 1.3967 0.31377 0.37768 -0.55221 0.00916 0.21525
3.5199 -9.8989 -1.7336 -0.84646 2.6405 -0.11899 -0.68605 1.3188 -0.093275 -0.15751 -0.58553 -0.49433 -0.21303
3.9097 -9.465 -1.5741 -0.74891 2.609 0.028494 -0.60666 1.8554 -0.33533 -0.16501 -0.25741 0.36317 -0.65233
3.6994 -8.3948 -0.23328 -0.47994 2.1156 0.16513 -0.83813 1.5978 0.80239 0.72139 -0.079664 0.61475 0.30868
3.6253 -7.2753 -0.32906 -0.39267 2.3731 -0.66925 -0.59213 1.475 0.29821 0.80641 0.21615 0.0243 -0.2041
3.0014 -6.2447 -0.43598 -0.52628 2.7324 0.45999 -0.22805 1.8137 -0.18734 0.29299 -0.14553 -0.20062 -0.33528
3.1758 -6.2265 -0.52348 0.32221 2.6022 0.86206 -0.20028 1.4802 -1.1494 0.0091413 0.71907 0.57942 -0.58232
1.7797 -6.2669 -0.98812 -1.0669 1.8861 0.056636 -0.78003 1.9377 0.62574 0.52984 0.41301 0.58261 -0.19558
1.4239 -5.0993 -0.92685 -0.96363 1.9061 1.0056 -1.1079 0.71025 -0.22822 -0.24192 -0.30567 -0.16755 -0.051972
4.028 -2.251 -3.4779 -1.8527 0.32951 -0.54774 -2.0532 -0.4298 -0.6074 -0.71663 -0.57388 -0.20254 -0.98701
5.6258 -4.4123 -3.5089 -1.8159 0.26819 -0.16625 -1.6042 -0.16986 -0.35349 -0.6354 -0.39268 0.18285 -1.2882
6.1033 -4.8166 -3.6631 -1.6314 0.20488 -0.25849 -1.8298 -0.26867 -0.56968 -0.58507 -0.5653 0.20058 -1.2113
6.2722 -5.0683 -3.6366 -1.5139 -0.059335 -0.30821 -2.0855 -0.10296 -0.76111 -0.50798 -0.50949 0.21524 -1.3355
6.3154 -4.9863 -3.4753 -1.6585 -0.18148 -0.44781 -1.984 0.04721 -0.92733 -0.37657 -0.41423 0.37426 -1.5787
6.0535 -4.7863 -3.1803 -1.6073 -0.35848 -0.56739 -1.8147 0.18369 -0.97485 -0.31164 -0.47621 0.42826 -1.4692
5.0479 -4.1262 -2.8846 -1.7309 -0.61704 -0.91646 -1.7115 0.07338 -0.94123 -0.80517 -0.58677 0.36435 -1.3451
2.7558 -2.2584 -1.6831 -0.75798 -0.35571 -1.5401 -1.3992 0.0011794 -0.49097 -0.49741 -0.49474 0.23452 -0.24257
2.3573 -2.1659 -0.088081 -0.045127 -0.77481 -2.5665 -1.6664 -0.26291 -0.18956 -0.41168 -0.42067 0.029342 0.74081
2.1668 -1.8173 0.081519 -0.42691 -0.91986 -2.4437 -0.92605 -0.87759 -0.29269 -0.69354 -0.29838 -0.025881 0.33983
1.85 -1.4143 0.19422 -0.38837 -0.7738 -2.3527 -1.2191 -0.9629 -0.040526 -0.56613 -0.4324 -0.62064 0.14153
1.3549 -1.2054 0.85904 -0.7923 -1.2437 -1.987 -0.75582 -1.2151 -0.18681 -1.1446 -0.16664 -0.13042 0.067504
0.24267 -1.8222 1.0923 -0.2895 -0.60037 -1.5359 -0.68288 -0.91247 -0.092941 -0.76223 -0.43509 -0.74363 0.031916
-0.99107 -2.6245 1.4115 0.9048 -0.54403 -0.47993 -0.46008 -1.0432 0.34503 -0.32767 -0.10793 -0.43974 -0.43991
0.86507 -6.3494 1.6146 -0.081287 -0.086547 -0.63261 -1.2126 -0.70809 -0.94485 0.8298 0.027924 0.11771 -0.85475
0.50351 -4.9121 1.3649 -1.2003 0.13873 -0.81292 -0.70006 -0.50313 -0.93306 0.10304 -0.23176 0.97892 0.4146
-0.607 -3.9139 1.2301 -0.79253 -0.38621 -1.2987 -0.68592 -0.45967 0.30253 0.49001 0.45324 0.27967 0.11199
-0.94255 -5.424 1.2847 -0.99442 -0.78474 -0.38194 0.26502 -0.2341 0.52083 1.2031 0.95462 1.0855 0.62187
-1.1263 -6.3147 0.14957 0.24899 -0.18525 -0.40231 -0.70885 -0.26089 -0.31571 0.09842 1.0193 0.98912 0.84845
-1.5817 -6.2518 1.0792 -0.30762 0.64308 -0.053175 -0.17496 -0.40096 -0.16528 0.29887 0.51773 0.6245 0.42007
-1.302 -6.3957 1.2901 -0.058007 0.14556 0.14818 0.47992 -0.52803 0.12412 0.35442 0.3022 0.27244 0.5602
0.85885 -6.8982 0.84744 0.064273 -0.041344 -0.18089 0.76729 0.26961 0.76662 0.95011 -0.098614 0.11783 0.31827
0.93839 -6.5838 0.45883 0.28207 -0.51287 -0.32427 0.60328 0.4364 0.5654 0.49234 -0.57824 -0.18605 0.18973
-0.75467 -4.2432 1.5143 0.28223 0.56175 0.53494 0.73296 0.76215 0.13755 -0.20157 -0.52321 -0.16027 0.23514
-1.419 -2.4518 1.038 -0.094974 -0.27312 -0.02298 0.88282 0.45739 0.71358 0.26903 0.21775 -0.42029 0.055012
-1.5303 -3.1102 0.63987 -0.16359 -0.35418 -0.40827 0.43269 0.20691 0.51098 -0.12417 -0.006443 -0.16554 -0.025863
0.4274 -2.8262 0.15047 -1.1471 -0.36512 -0.83644 0.17762 -0.45122 -1.1751 -0.51152 -0.27144 0.059796 -0.56604
2.8053 -1.9291 -0.97868 -1.9754 -1.5208 -0.90039 0.43676 -0.54562 -1.6605 -1.2435 -0.39891 0.25075 -0.9598
2.0036 -1.9371 -1.1085 -2.3547 -0.6726 -0.43947 0.17529 -0.67634 -1.1603 -1.0713 -0.26202 0.019865 -0.83426
1.999 -1.8406 -1.5652 -2.2009 0.08389 -0.15661 -0.2309 -0.10401 -0.88506 -1.2591 -0.29684 0.70065 -1.1156
2.8641 -1.631 -1.4572 -2.671 -0.21056 0.19546 0.0088403 -0.79566 -0.83752 -1.116 -0.63989 0.95924 -0.87469
2.6862 -1.6389 -2.5256 -2.6165 -0.21239 -0.23614 -0.61577 -1.1948 -0.83543 -1.3119 -0.55063 0.24232 -1.0456
2.0812 -1.112 -1.7042 -2.5349 0.4373 0.1105 -0.72229 -1.0066 -0.16593 -1.1666 -0.32798 0.36165 -0.80409
2.2132 -1.661 -2.0845 -2.2834 0.38821 0.13974 -0.79078 -0.85952 -0.19202 -1.0074 -0.24976 0.57447 -0.37124
1.0386 -2.6459 -1.7759 -1.8927 0.77853 0.3929 -0.63129 -0.87781 -0.48653 -0.66858 -0.16476 0.65887 -0.41491
