0.69222 -4.9282 0.02426 0.3406 1.6935 0.18513 0.26471 1.1179 -0.23724 0.083765 -0.54083 -0.27585 -0.16703
-0.28134 -4.1365 0.73845 -0.25598 1.7533 -0.10794 -0.04359 0.79363 0.32095 0.25963 -0.18682 0.15702 0.011139
-0.58106 -3.8386 0.55489 -0.18579 1.3042 0.44844 0.20585 0.85125 -0.21343 0.18796 -0.5686 0.089026 0.62632
0.53292 -4.9617 1.5187 0.40868 1.8762 0.22228 -0.44389 0.0034405 -0.20642 0.0377 0.10011 0.50796 0.38645
0.90382 -5.8841 0.39484 0.29977 2.086 0.32002 -0.31814 0.79259 -0.69786 0.37176 0.078206 0.89548 0.11576
-1.3816 -4.0839 -0.83663 -0.85373 1.8128 1.281 0.19044 -0.31597 -0.59547 0.28536 0.1012 0.46953 -0.022755
-2.1357 -3.5541 -0.58013 -1.0521 0.34237 0.030262 0.020242 0.14164 -0.50512 -0.035802 0.74468 1.3233 0.55407
0.084639 -3.123 0.16753 -0.22698 -0.357 -0.59241 -0.62235 -1.2013 -0.96036 -1.0421 -0.46677 -0.4417 -0.56842
1.3926 -2.7115 -0.077608 -0.91044 -0.32159 -0.097935 0.40979 -0.89199 -1.6869 -2.4389 -0.80987 -0.22515 -0.59367
1.1711 -2.3033 0.35339 -0.84148 -0.04786 -0.20998 0.33163 -1.42 -1.267 -1.4896 -0.58348 -0.33524 -0.94118
1.2621 -2.2856 0.14885 -0.98829 -0.27492 -0.37658 -0.056068 -1.6043 -1.0327 -1.276 -0.54898 -0.40856 -0.4233
1.1076 -2.2175 0.58949 -0.851 -0.92933 -0.62421 0.30755 -1.6431 -0.8162 -1.3942 -0.65417 -0.56716 -0.42574
1.0718 -2.4067 0.58569 -0.85269 -0.6731 -0.91752 -0.55633 -1.5954 -0.3809 -1.3541 -0.92359 -0.33865 -0.47647
1.1053 -2.2733 1.5927 0.79079 -0.54473 -0.64185 -0.96804 -2.4839 0.1267 -1.185 -0.67911 0.11014 -0.28558
1.1695 -2.3641 1.5328 0.76243 -0.8712 -1.0529 -1.2471 -2.5736 0.23301 -0.95598 -0.58902 -0.39866 -0.7179
1.1545 -2.3918 1.24 0.13876 -0.98572 -1.3188 -1.421 -2.8661 -0.34383 -1.2847 -0.48341 -0.3808 -0.84962
0.66324 -2.1067 1.8296 0.71107 -0.69823 -0.75331 -0.79942 -2.4608 -0.12763 -1.3025 -0.12276 0.29203 -0.57736
