-1.2328 -6.7851 -2.2635 -0.1137 1.7438 -0.24955 0.065043 1.5637 0.50412 0.53904 0.03944 0.65424 0.29645
-1.5738 -6.8425 -1.7996 0.43734 1.1399 -0.34668 -0.57007 1.3266 0.55811 0.56637 0.47228 0.46866 0.10119
-4.0624 -3.2467 0.010913 0.22444 0.88169 -0.076425 -0.71746 -0.035241 -0.51834 0.016041 0.27555 0.75555 0.35041
0.62158 -2.3735 -1.3239 -2.0493 -0.14151 -0.62589 -1.2291 -0.64569 -0.83936 -0.9661 -0.39994 -0.12455 0.24139
2.1565 -3.6991 -2.0063 -1.687 -0.44386 -0.28153 -1.2675 -0.048721 -1.2393 -1.0962 -0.52818 -0.46167 -0.13875
2.5068 -3.7204 -2.0986 -1.8807 -0.098991 -0.17105 -1.2212 0.066348 -1.1781 -0.93396 -0.70726 -0.23566 -0.17991
2.7506 -4.2332 -2.7795 -1.9323 0.10245 0.0082328 -1.1375 0.39847 -1.191 -0.80867 -0.9474 -0.4205 -0.54719
2.7115 -4.2597 -2.6054 -1.7995 0.14832 0.13124 -1.3169 0.19764 -0.81543 -1.0168 -0.74106 -0.32043 -0.6253
2.6665 -4.2283 -2.5972 -1.6984 0.19034 0.18255 -1.3932 0.44639 -1.1927 -0.94642 -0.81993 -0.54663 -0.71436
2.3046 -3.6816 -2.2385 -1.5768 -0.064393 0.12163 -1.2593 0.20595 -1.0142 -1.0944 -1.0486 -0.3756 -0.50255
1.4232 -3.0654 -1.3936 -1.7288 -0.22038 -0.43636 -1.2501 -0.12865 -0.43636 -1.0372 -1.1806 -0.79611 -0.45623
0.31882 -2.641 0.38485 -0.1164 -0.23513 -0.87659 -1.0498 -1.0718 0.56056 -0.99594 -1.2744 -0.46668 -0.81756
0.44187 -2.4945 1.551 0.26458 0.13286 -0.7869 -1.3686 -1.7738 0.69306 -0.84565 -1.289 -0.15074 -0.83332
0.41285 -2.7413 1.2548 0.64841 -0.52654 -0.56955 -1.1279 -2.11 0.33746 -1.1739 -0.8751 -0.2173 -1.0036
0.18232 -2.3734 1.367 0.38721 -0.31962 -0.7991 -0.91278 -1.7607 0.28197 -1.2399 -0.88194 -0.52409 -1.2819
0.044404 -2.3216 1.5538 0.53222 -0.030028 -0.29331 -0.6208 -1.8598 0.34109 -1.2026 -1.1561 -0.3838 -1.2348
-0.84822 -2.9423 1.1694 0.93463 0.19392 0.21773 -0.52369 -1.8409 0.0097409 -1.1674 -1.1862 -0.31851 -0.98019
-0.97755 -5.3796 1.7917 -0.023727 -0.15866 0.60004 -0.8626 0.087273 -0.66362 0.25024 0.51585 -0.09048 -0.23855
1.7908 -8.2733 2.077 -0.13998 0.88139 1.0964 -0.65334 0.95003 -0.21827 -0.063147 0.089367 0.10884 0.22111
