-1.3917 -5.0809 0.75114 0.0052278 1.9548 -0.29541 -0.083539 0.68446 -0.061943 0.13671 0.32587 0.63095 -0.08663
-1.7769 -4.0328 0.60647 0.046206 1.5038 0.2082 0.72037 0.64354 0.30962 0.20935 0.18907 0.13528 -0.22138
2.149 -6.8241 -1.1771 -0.46476 1.6457 -1.1132 0.16025 0.95842 -0.085855 -0.0025331 -0.29287 0.29262 -0.33356
1.065 -6.3099 -1.1363 0.13161 2.0079 -0.48414 0.67697 0.97095 0.19301 -0.18889 -0.14903 0.30214 -0.39432
1.2733 -7.635 -1.9475 -0.13712 1.733 -0.81482 0.33679 0.34859 -0.0090938 0.057191 0.066153 0.028673 0.067163
0.25062 -6.9272 -0.14914 0.33708 1.3437 -0.41573 -0.17063 -0.019612 -0.054506 -0.069724 -0.039516 1.1655 0.36867
1.6638 -2.5212 -1.0823 -2.0092 -0.46921 -1.9835 -1.2146 0.38584 -1.4621 -1.4916 -0.31919 -0.15805 -0.9161
3.7058 -2.5714 -2.301 -2.8939 -1.6226 -0.40747 0.069863 -0.29671 -0.60226 -1.5026 0.058232 -0.36447 -1.0198
4.3414 -3.4196 -2.595 -2.5476 -1.5993 -0.18441 0.1146 -0.41466 -0.76278 -1.2432 -0.11061 0.11593 -1.0612
4.9026 -3.9979 -3.0543 -2.3817 -1.343 -0.38708 -0.16954 -0.31352 -1.0916 -1.3954 -0.54415 0.25425 -1.2071
4.9156 -3.3419 -3.4079 -2.2286 -1.1925 -0.59837 -0.48437 -0.19723 -1.3315 -1.2637 -0.31725 0.17481 -0.90757
4.5703 -3.3661 -3.6391 -1.5986 -0.22588 -0.42507 -0.50575 0.021229 -1.5394 -1.6217 -0.5909 -0.28089 -0.56317
4.3194 -3.1532 -3.2614 -1.4034 0.046608 -0.45846 -0.5917 0.36336 -1.273 -1.4178 -1.0469 -0.067447 -0.37977
3.0795 -2.2097 -2.5896 -1.3849 -0.12019 -0.89447 -0.24341 -0.15238 -0.75872 -1.3249 -0.92114 -0.26583 -0.14935
2.0667 -2.296 -0.93217 -0.76535 -0.29242 -1.4597 -0.40806 -0.44024 -0.61702 -0.90445 -0.75399 -0.27318 -0.32341
1.6188 -2.3668 -0.20913 0.20751 -0.44676 -1.7967 -0.99257 -0.9795 -0.21937 -1.1688 -0.50279 -0.39533 -0.28083
1.3917 -2.4995 0.72079 -0.72259 -0.97511 -2.2712 -1.1899 -1.2664 -0.78213 -1.2434 -0.47748 -0.73687 -1.0221
1.5257 -2.0849 0.71274 0.094614 -1.0063 -1.6992 -0.81341 -1.4063 -0.46778 -1.2372 0.17776 0.054238 -0.55928
1.0354 -1.207 1.5288 -0.2474 -0.97453 -1.1018 -0.62578 -1.6741 -0.0092899 -1.1101 0.023831 -0.21765 -0.38085
0.038253 -2.2791 1.5838 -0.43988 -0.62675 -0.55856 -0.30337 -1.8361 -0.96686 -0.91539 0.0013918 -0.062243 0.017614
-1.8594 -2.9827 0.83215 -0.43421 0.23146 -0.2202 -0.38948 -0.67572 -0.3632 -0.28226 -0.1315 0.28878 -0.2026
-2.7111 -2.7504 0.54567 -0.12017 -0.11908 -0.21098 0.18217 -0.34538 -0.46852 -0.12284 0.59422 0.078298 -0.023814
-3.0783 -2.8781 0.65789 0.064041 0.33321 -0.07596 0.24896 -0.30345 -0.27564 0.11587 0.52929 0.23318 -0.25778
-3.6206 -2.9293 0.50921 0.05933 0.25979 0.1243 0.34603 0.21018 -0.017598 -0.03957 0.082906 -0.17278 -0.19253
-2.744 -4.65 1.5503 0.098342 0.074228 0.34181 -0.037248 0.087802 -0.554 -0.094554 -0.19457 0.092046 -0.7628
-2.468 -6.1276 1.5663 -0.23259 0.52595 0.44999 0.20716 -0.20385 0.15225 -0.22862 -0.45178 0.22081 0.071261
-1.1692 -3.9321 1.3561 -0.82881 -0.00064491 0.25812 0.28074 0.34982 0.30485 -0.32131 -0.11919 -0.30877 0.28131
1.6185 -0.59111 -0.37729 -2.063 -0.83189 -1.2659 -0.013991 -0.73512 0.26836 -1.1311 -0.19964 -0.59581 -0.034007
2.1182 -1.2474 -1.5818 -2.5832 -0.53298 -1.2505 -0.3941 0.37484 0.020388 -1.3428 -0.10808 -0.27844 -0.22942
1.8557 -1.3219 -1.3778 -2.6373 -0.55253 -1.1395 0.34043 -0.4579 0.050706 -1.2137 -0.57213 0.12167 -0.46108
1.9157 -1.6838 -1.7306 -2.688 0.5057 -0.35761 -0.079188 0.050139 0.15402 -0.85623 -0.88986 0.84823 -0.38899
1.6023 -1.4928 -1.793 -2.4204 0.34588 -0.21195 0.2335 0.10046 0.17343 -1.2241 -0.018124 0.30398 -0.23021
2.3147 -0.81399 -2.5859 -2.6003 0.16442 -1.1735 0.19097 -0.16227 -0.48731 -1.0508 -0.27664 -0.011804 0.062963
0.75511 -1.6488 -1.8379 -2.5355 0.6259 -0.24964 -0.56278 0.028542 -0.036745 -0.96021 -0.26812 0.11113 -0.52577
