1.5439 -7.1711 -1.3064 -0.098162 2.229 -0.47215 -0.13097 1.0006 0.17184 -0.76609 0.47485 0.30382 -0.44755
3.9148 -6.4514 -1.2178 -1.1085 0.41925 -1.5659 -1.1044 0.46107 -0.61614 -0.61807 -0.53729 0.18983 -0.97803
6.6889 -6.0407 -0.4532 -0.44777 0.6346 -1.8555 -0.34217 1.4397 -0.76647 -1.3603 -0.23337 1.2752 -0.91108
3.6 -7.4367 -1.2401 0.11579 2.1293 -0.72574 -0.09566 1.1962 -0.32623 0.24781 0.56037 0.11461 -0.50732
1.4592 -6.3179 -0.25383 0.64753 2.13 0.44208 0.69301 1.3086 0.010563 -0.18789 0.45048 -0.072885 -0.51933
2.3138 -5.5843 0.16049 -0.02943 1.8078 -0.94789 -0.7571 0.22686 -0.25928 -0.45041 -0.22838 0.62465 -0.048441
3.4681 -4.0963 -2.2808 -2.2846 -0.44428 -1.0731 -1.5325 -0.45833 -1.0791 -1.4709 0.23631 0.30539 -0.060147
4.6924 -4.9812 -3.6513 -2.581 -0.91053 -0.99856 -1.3781 -0.90218 -0.80932 -0.50905 0.039998 0.31402 -0.16078
5.3478 -4.8524 -4.8789 -2.4611 -1.2412 -1.5202 -1.0165 -1.1824 -0.83808 -1.0501 0.028948 0.19557 -0.42361
5.3471 -4.3958 -3.9447 -2.3605 -0.97366 -0.91806 -0.32359 -1.0959 -1.1118 -1.54 -0.056203 -0.43203 -0.80534
4.9039 -4.5221 -3.9555 -2.7143 -1.2958 -1.371 -1.3136 -0.83301 -2.0214 -1.6714 -0.65497 -0.25812 -0.57959
4.7418 -3.706 -3.0447 -2.5186 -0.5326 -2.0941 -0.82083 -0.35856 -1.7836 -2.0237 -0.73338 -0.65652 -0.11266
4.3214 -1.9817 -2.8104 -2.8168 -0.077386 -2.1422 -0.27558 -0.13753 -1.9981 -1.9591 -0.3586 -0.30125 -0.087737
3.1272 -1.8061 -1.1314 -2.415 -0.17803 -1.3422 -0.48517 -0.13365 -1.0229 -1.8084 -0.65588 -0.21117 -0.53461
2.4665 -2.3295 0.7051 -0.91122 -0.48713 -1.2815 -1.1699 -1.8 -0.85026 -1.2674 -0.55576 0.78 -0.76676
2.3394 -2.2649 0.83128 -0.79877 -0.52661 -0.83893 -0.85001 -1.399 -0.75314 -1.5487 -0.13249 0.46099 -0.93226
2.1014 -2.2469 0.75451 -0.29888 -0.62613 -1.2176 -1.1675 -1.6913 -0.662 -1.6506 -0.13859 0.29865 -1.0837
1.9535 -2.0214 0.74221 -1.0955 -0.66691 -0.81747 -0.67986 -2.1752 -0.74486 -1.5517 -0.44995 0.10229 -0.69189
1.5038 -1.6681 1.2445 -0.33785 -0.82083 -0.81922 -0.36656 -1.7867 -0.31713 -1.5804 -0.49537 -0.0064138 -0.6282
0.62214 -1.9827 1.4775 0.44777 -0.74867 -0.49403 -0.16553 -2.0653 0.52373 -1.1253 -0.91854 -0.64691 -0.55029
-0.080811 -2.3811 1.1368 0.43083 -0.18618 0.085805 0.12048 -1.1989 0.24985 -0.42379 -0.37561 -0.55284 -0.83554
-1.514 -2.5701 1.1805 0.73369 0.27901 -0.10681 0.4446 -0.98197 0.22937 0.030853 0.46822 0.30936 -0.35889
-2.4184 -3.0676 1.1307 0.68399 0.56419 0.11191 0.35646 0.35969 0.98032 0.70569 -0.28275 -0.018537 0.47207
-3.3803 -4.3551 0.95624 -0.076825 0.83674 -0.003811 -0.10609 -0.044157 -0.16579 -0.32226 -0.22708 0.52566 0.43651
-3.1084 -3.5961 0.44285 -0.10448 0.88792 0.46546 0.99703 1.1196 0.86619 0.17173 -0.71132 0.085725 0.81707
-3.3647 -5.237 1.0875 -0.29743 1.6176 0.52436 0.82353 0.99546 1.0186 0.75189 0.25147 -0.33732 0.084024
-0.80562 -7.55 1.7464 0.2246 0.34281 0.11236 0.56596 0.25763 0.82052 0.37685 0.58268 0.2715 0.59095
-2.5317 -4.5669 0.67409 0.2324 -0.16598 0.28155 0.42969 0.58519 -0.0086306 0.20841 0.27381 0.028285 0.435
-1.8941 -4.7677 -0.1268 -0.56734 -0.050257 0.49367 0.57816 0.90025 -0.37018 -0.6691 -0.2241 0.58293 0.29617
-3.0676 -2.4114 0.86679 0.43119 0.45912 0.042026 0.16304 0.1104 0.17416 0.0076704 0.30865 0.13885 0.12474
1.1706 -1.6115 -0.20485 -1.8078 -0.92223 -1.6933 0.31214 -0.46032 -0.53376 -0.8554 -0.12621 -0.46974 -0.47707
2.2297 -2.8793 -1.0405 -2.7545 -1.2341 -0.64391 0.45101 -0.41619 -0.71665 -1.0963 -0.33816 -0.16324 -0.40032
2.2429 -2.9742 -1.9092 -2.8418 -1.2665 -0.40711 0.070683 -0.79133 -0.69423 -1.3362 -0.34534 0.066845 -0.88759
1.9018 -2.7779 -1.9579 -2.6973 -0.65614 0.0030145 -0.34087 -0.48495 -0.21249 -1.1085 -0.39347 0.38223 -0.70375
1.1236 -2.9067 -1.8376 -2.1982 -0.062318 -0.16236 -0.15132 0.16137 -0.59022 -1.0711 -0.34111 0.11172 -0.36515
0.42994 -2.2818 -0.87561 -1.9583 0.25711 -0.44431 -0.43964 -0.1664 -0.17484 -0.90422 -0.60176 0.60055 -0.40724
