5.7176 -7.5434 -1.7745 -1.4833 0.84166 -0.56314 -0.55523 0.60892 -0.15091 -0.18589 0.26781 0.5809 -0.66017
3.1627 -4.9922 -1.4861 -0.35973 1.6869 -0.26361 -0.34596 0.97462 0.54095 0.15576 -0.041916 0.062947 -0.36802
0.7091 -4.7262 -1.7482 0.27252 1.1825 -0.32577 -0.74024 1.1104 -0.091357 0.36297 -0.099608 0.36115 -0.23877
-1.3305 -3.1507 0.0019192 -0.08178 0.44315 0.007982 -0.1155 0.13515 -0.39118 -0.5654 -0.50681 -0.17983 -0.31405
1.5804 -1.821 0.28268 -0.73686 -0.40226 -0.91106 -0.68304 -0.64502 0.18407 -0.49295 -0.5735 -0.51309 -0.52753
2.9422 -1.8462 -0.98549 -1.9015 -0.27369 -1.6273 -0.96286 -0.43848 0.073614 -0.10949 -0.49253 -0.77824 -0.57829
3.2351 -1.7428 -0.98099 -2.2594 -0.29516 -1.7494 -0.76747 -0.53419 0.23503 -0.017793 -0.70661 -1.2227 -0.30256
3.0288 -1.5655 -0.5634 -2.1639 -0.57782 -1.563 -0.91305 -0.83719 0.41831 -0.24081 -0.72572 -1.2293 -0.43439
2.6707 -1.3286 -0.39461 -1.341 -0.39835 -1.4128 -0.73115 -1.1987 0.40046 -0.20729 -0.73437 -1.0565 -0.45248
2.0329 -1.7173 0.3989 -0.52131 -0.82184 -0.88194 -0.49592 -1.9501 -0.15839 -0.86082 -0.67073 -0.79084 -0.26283
2.2656 -1.658 2.1697 0.6142 -0.75045 -0.93062 -0.92956 -2.5599 -0.39125 -0.84935 -0.039684 -0.64379 -0.43675
2.5923 -1.4596 2.4487 0.29662 -0.95328 -1.2649 -1.1196 -2.73 -0.053908 -0.74065 -0.19892 -0.27115 -0.28376
2.3799 -1.1978 2.3394 0.75513 -0.62592 -1.1477 -0.78943 -2.3947 -0.15376 -1.0238 0.2527 0.092766 -0.4514
2.0299 -1.4954 2.1819 1.0137 0.07707 -0.25904 -0.67692 -2.702 0.0057471 -1.1796 -0.32176 0.51441 -0.065568
1.1963 -1.8345 2.3049 1.6039 -0.17407 -0.11433 -0.59606 -2.2362 0.61057 -0.83833 -0.31677 0.25558 -0.67297
0.28955 -2.3624 1.3009 0.84268 -0.2607 -0.10855 -0.19378 -1.0876 0.39816 -0.30682 -0.1487 -0.13165 -0.54871
-0.4118 -2.634 1.1113 0.64174 -0.22903 -0.33202 -0.70672 -1.471 0.20475 -0.11691 0.15114 0.23915 -0.39811
-1.1454 -4.9273 1.5614 -0.3811 0.94187 -0.10257 0.12719 -0.37034 0.16432 0.2829 0.17571 -0.26418 -0.52148
1.8798 -6.7224 1.8051 -1.4207 1.2804 -0.065022 0.34476 0.043361 -0.336 -0.85941 -0.26005 -0.62988 -0.29502
2.625 -5.9045 2.7134 -2.1049 0.40479 -0.86145 1.0468 -0.62175 0.10484 0.062345 0.36538 -0.44155 0.19999
1.9688 -5.6913 2.3119 -1.4536 1.7602 -1.0479 0.22916 0.041036 0.48958 0.70503 0.06551 -0.35609 -0.1072
0.30064 -5.98 1.6602 -1.1268 1.5932 -0.33696 0.30837 -0.25091 -0.090975 0.10224 0.42691 0.44037 0.3367
0.64915 -6.8813 2.044 -0.71272 1.428 0.25744 0.35842 0.23193 0.79004 0.022298 -0.21309 0.044013 0.079446
1.0209 -7.7353 1.6272 -1.0846 0.70546 -0.32271 1.025 0.37502 0.33121 0.091874 0.46258 -0.26389 0.59241
