-0.47345 -4.1994 -0.14809 0.33429 0.59884 -0.25033 -0.030554 0.35071 0.57678 -0.26143 -0.50681 0.68397 -0.16213
0.080658 -3.6641 -0.63144 0.013836 0.67544 0.080312 0.14216 1.1492 0.92453 -0.13607 -0.31947 0.35568 -0.053061
0.084075 -3.7007 -2.1214 0.023841 1.0417 -0.19128 0.030434 0.64824 0.1232 0.78289 -0.21311 0.58109 0.41747
-0.64844 -4.012 -2.1667 0.44869 1.1135 -0.30671 -0.30096 0.50032 0.22143 0.65795 -0.64565 0.38308 0.41604
0.8946 -2.4058 0.3372 -0.48364 -0.02323 -0.76699 -0.88804 -0.77204 -0.32196 -0.59729 -0.7022 -0.48637 -0.41782
2.642 -1.5662 -0.65674 -1.742 -0.55074 -1.7927 -1.017 -0.33368 0.36602 -0.40172 -0.47142 -0.90638 -0.38995
3.1501 -1.3671 -1.1932 -2.3079 -0.57629 -1.4986 -0.89356 -0.51812 0.37874 -0.32019 -0.34701 -1.0482 -0.58869
3.0164 -1.197 -0.82226 -2.5394 -0.82081 -1.3878 -0.76096 -1.1749 0.37784 -0.036906 -0.34046 -1.324 -0.55228
2.6866 -1.0301 -0.041684 -1.918 -0.96107 -1.5794 -0.62861 -1.4311 0.32341 0.05758 -0.10276 -1.5384 -0.4191
1.7051 -1.2091 1.1415 -0.82862 -0.93459 -0.60567 -0.39151 -2.0864 0.16033 -0.43502 0.033524 -0.57179 0.077994
1.6474 -1.3555 2.2697 0.58149 -0.923 -0.76863 -0.25116 -2.4376 -0.2646 -0.90402 0.2604 -0.34388 -0.56722
1.63 -1.576 2.0263 0.4009 -0.55937 -0.71545 -0.64859 -2.55 -0.09129 -0.58227 0.22395 -0.15592 -0.51445
1.4495 -1.838 1.9648 0.97217 -0.44216 -0.67086 -0.88053 -2.456 0.33802 -0.39896 -0.071424 -0.057673 -0.52618
0.96811 -2.0251 1.7258 0.71962 -0.026046 -0.27862 -0.78636 -2.2532 0.26147 -0.46208 0.2721 0.59288 -1.0002
0.29516 -2.2518 1.6393 1.2158 0.029765 -0.096009 -0.89418 -2.0123 0.69105 -0.35593 -0.42786 0.23954 -0.65389
-1.0247 -2.8041 0.5548 0.44835 0.60896 0.31776 -0.30486 -0.53453 0.25762 -0.30792 -0.78715 -0.017217 -0.41157
-1.9393 -3.3584 0.35458 1.3522 0.035037 0.88335 0.38299 -0.19623 0.5676 -0.098319 -0.56535 -0.0053301 0.2533
-1.5517 -3.9345 0.90882 -0.066112 -0.40272 0.26446 0.49573 -0.15321 0.11869 -0.06732 -0.67373 -0.093693 -0.37901
0.89293 -6.2682 2.5708 -1.3002 1.0616 -0.52167 0.24708 -0.29015 0.42514 -0.070327 0.42045 0.10045 -0.28027
1.5487 -6.9491 1.7589 -1.2886 2.0886 0.1677 0.56088 -0.65988 0.36883 -0.40577 -0.34799 0.30173 -0.56943
1.9945 -7.4969 1.7442 -2.0525 1.4111 -0.32728 1.0127 0.1817 0.9222 0.1431 0.29275 0.038423 0.19466
0.81572 -6.573 2.2132 -1.4172 1.5079 0.02329 1.1656 -0.021219 0.6221 -0.38903 -0.18529 0.083769 -0.27536
0.23036 -8.1181 1.4612 -0.9529 0.9401 -0.5382 0.62297 0.39162 0.79774 0.10516 0.74391 0.9246 0.73119
1.1902 -8.0405 1.4155 -1.8449 1.5354 -0.53125 1.2232 1.486 1.0383 -0.035765 0.35727 0.12789 0.27868
1.1022 -7.79 1.7296 -1.446 1.3557 -0.017038 0.46862 -0.73894 1.1286 0.6411 0.66822 0.67119 0.26419
