-0.86972 -4.0264 1.1934 -0.42096 0.87915 0.92275 -0.87048 -0.12856 0.69465 0.067156 -0.083601 -0.25626 0.29817
-2.1666 -4.3434 -0.15175 -0.37246 0.79917 0.30895 -0.83129 0.021235 0.63002 -0.18964 -0.4443 0.23709 0.38461
0.31357 -1.3565 -0.20018 -1.2097 0.12991 0.30677 -0.33146 -0.40102 -0.016289 -0.50201 -0.65136 -0.22076 -0.50221
3.6668 -2.4374 -1.3642 -1.7216 -0.52049 0.63223 -0.7716 -0.26299 0.087591 -0.58904 -0.74067 -0.6272 0.13985
4.0411 -2.5041 -1.2035 -2.3157 -0.54885 1.1032 -1.2766 -0.21334 0.13489 -0.57841 -0.94052 -0.59037 0.080089
3.744 -2.411 -0.82055 -1.464 -0.75811 0.96357 -1.4609 -0.049673 0.082243 -0.30496 -1.0802 -0.67002 0.14969
2.8894 -1.3871 -0.59318 -1.3929 -0.53424 0.15906 -0.62809 -0.51192 0.20932 -0.57917 -0.67492 -0.88962 0.037705
2.0568 -0.38872 0.50612 -1.7731 -0.30409 -0.0712 -0.59824 -0.997 0.18902 -0.26802 -0.93066 -0.69587 0.019154
1.3158 -1.2968 1.5504 0.19725 0.14216 -0.78132 -0.84498 -1.1107 0.27769 -0.23908 -0.85345 -0.34451 -0.39472
1.4255 -1.4533 2.046 -0.061082 -0.46625 -0.64913 -0.65335 -1.1571 0.58029 -0.09121 -1.4626 -0.49905 -0.30938
1.3505 -1.0699 2.3381 -0.024018 -0.64843 -0.79526 -0.38951 -1.5445 0.35715 -0.48939 -1.1308 -0.13624 -0.67824
1.1243 -1.0862 2.348 -0.060627 -0.41277 -0.79193 -0.10442 -1.5332 0.23629 -0.6329 -0.96345 0.44015 -0.63602
0.65078 -1.1996 2.1471 0.18143 -0.087508 -0.28558 -0.43999 -1.728 0.53039 -0.75786 -0.54789 -0.16801 -0.36539
-0.52996 -1.6599 1.7456 0.43568 -0.29316 -0.11346 0.026524 -1.3949 0.50839 -0.90248 -0.65333 -0.12614 -0.35946
-1.3684 -4.3879 2.1683 0.33344 0.064308 0.10576 -0.44252 -0.032848 0.062399 0.26414 -0.010606 -0.080946 -0.075412
2.46 -8.8118 1.9363 -0.29963 -0.019503 0.35012 -1.14 1.0297 -0.85314 0.6184 0.69566 0.48252 0.56146
2.8711 -8.7439 2.6485 -0.4497 0.67829 0.27484 -1.0259 1.256 -0.60859 0.61644 0.13367 0.40524 -0.080331
3.0411 -8.9807 1.6369 -0.9299 0.79215 0.44765 -0.94898 1.0443 -0.62126 0.37455 -0.70787 -0.15763 -0.017909
2.8161 -8.7914 1.8613 -0.77637 0.0044729 0.3145 -1.0477 0.84828 -0.6052 -0.060277 -0.09205 0.35748 0.19971
2.585 -8.9717 1.721 -0.7589 0.70655 0.25232 -0.86838 0.85195 -0.25952 0.73068 -0.4567 -0.021326 -0.21783
1.2374 -7.7731 1.3618 -0.99531 0.86625 0.16022 -1.1608 0.90228 -0.24616 0.42201 0.099973 0.47422 0.19
-0.32177 -6.5277 1.047 0.097209 0.39949 -0.17516 -1.2625 1.0252 -0.027227 0.23441 0.043419 0.15287 0.1405
