-3.0561 -3.6317 -0.64674 -0.81614 0.47262 0.15248 -0.10138 0.07901 0.060173 0.40062 0.33805 0.63396 0.38165
-1.3733 -6.1967 -2.7158 -1.6627 -0.70057 -0.019665 -0.51379 -0.33951 0.60616 0.38924 0.43085 0.60687 0.57253
-1.8241 -5.0538 -1.4578 -0.74065 -0.18242 0.58304 -0.29362 -0.91507 0.35652 -0.27595 0.35196 0.14073 0.0040962
-1.3031 -4.9408 0.54183 -1.398 -0.80146 0.83323 0.79385 -0.086457 0.51442 -0.53701 -0.15628 -0.1708 -0.1298
-2.0803 -4.3456 -0.69875 -0.61364 0.25692 0.99507 -0.00036237 -0.27399 0.58595 0.87434 0.35173 0.51391 0.48342
-1.6732 -2.7988 -0.21136 -0.11673 0.91636 1.1058 0.48884 0.072914 0.0032023 0.01615 -0.49984 -0.18809 -0.64568
2.171 -0.24976 -0.28538 -1.9512 -0.3068 0.98869 0.17936 -0.60881 0.25108 -0.26455 -0.54462 -0.79782 -0.4155
3.1858 -0.56175 -0.79885 -1.779 -1.1867 0.90528 0.41431 -0.53474 0.090855 -0.11488 -0.36569 -1.1758 -0.16289
3.0435 -0.77663 -0.6029 -1.6474 -1.1814 0.72912 0.41156 -0.35306 0.18977 -0.16285 -0.57569 -1.1237 -0.23806
2.6357 -0.5337 0.0052854 -2.0613 -0.55015 0.77274 -0.21192 -0.096663 0.038105 0.079947 -0.96395 -0.95445 -0.30037
2.1798 -0.42679 -0.0021277 -1.4575 -0.38908 -0.051582 -0.10197 -0.49691 0.1834 -0.07254 -0.54919 -1.1871 -0.2838
1.1918 -0.27222 1.2022 -1.0193 -0.42596 0.32677 0.10023 -1.2301 0.47325 -0.058594 -0.71959 -0.56631 -0.11602
1.023 -1.0598 2.0937 0.42679 -0.29268 -0.47403 0.16018 -0.99522 -0.044562 -0.44891 -1.3015 -0.23449 0.071696
0.94012 -0.69512 2.2493 0.52966 -0.27414 -0.31817 0.11636 -1.4244 -0.071278 -0.58624 -0.64266 -0.24686 -0.021968
0.87985 -0.5625 2.6557 0.67255 -0.76505 -0.32263 0.40215 -1.4813 0.45636 -0.98113 -0.61688 0.0082144 0.33201
0.77898 -0.66262 2.4887 0.51342 -0.23716 -0.55846 -0.37051 -1.4691 0.50892 -0.94634 -0.31913 -0.11421 -0.15331
0.21145 -1.3207 2.0718 0.46895 -0.1305 -0.2254 0.16397 -1.5446 -0.34448 -0.70857 -0.1532 -0.077881 -0.45476
-1.0961 -2.3373 1.5178 0.23083 -0.42391 -0.17317 0.084309 -0.95958 0.14449 -0.37868 -0.12069 0.00043161 0.97897
-1.852 -3.9071 1.5489 -0.44586 -0.083859 0.77988 -0.32889 -0.15779 0.071472 -0.2074 -0.2107 -0.11496 0.13107
0.054587 -5.7071 2.3675 -0.36777 0.68007 -0.60766 -0.38955 0.52827 -0.12625 -0.17477 0.48009 0.60431 0.030421
1.3158 -6.989 2.5213 -0.41696 1.3605 0.017948 -0.10138 -0.0089565 0.30696 0.52333 0.20091 0.56998 -0.15555
-0.038994 -6.0726 2.4482 -0.027032 0.40984 -0.44446 0.57668 0.39155 0.63092 0.27703 0.24589 0.30004 -0.24623
-0.20618 -6.0844 1.8978 0.71344 0.56523 -0.7743 -0.29657 -0.43545 0.40951 0.50377 0.65745 0.23592 -0.17584
