0.94488 0.74361 -0.96277
0.94488 0.74361 -0.96277
0.94488 0.74361 -0.96277
0.94488 0.74361 -0.96277
0.94488 0.74361 -0.96277
0.94488 0.74361 -0.96277
0.94488 0.74361 -0.96277
0.94488 0.74361 -0.96277
0.94501 0.74325 -0.96277
0.94754 0.73607 -0.96277
0.95067 0.7272 -0.96277
0.96261 0.69336 -0.96277
0.97454 0.65952 -0.96277
0.98648 0.62568 -0.96277
0.99755 0.59429 -0.96277
0.99972 0.58814 -0.96277
1.0017 0.58261 -0.96277
1.0017 0.58261 -0.96277
1.0017 0.58261 -0.96277
1.0017 0.58261 -0.96277
1.0017 0.58261 -0.96277
1.0017 0.58261 -0.96277
1.0017 0.58261 -0.96277
1.0017 0.58261 -0.96277
1.0017 0.58261 -0.96277
1.0017 0.58261 -0.96277
1.0017 0.58261 -0.96277
1.0017 0.58261 -0.96277
1.0017 0.58261 -0.96277
1.0017 0.58261 -0.96277
1.0017 0.58261 -0.96277
1.0017 0.58261 -0.96277
1.0017 0.58261 -0.96277
1.0017 0.58261 -0.96277
1.0017 0.58261 -0.96277
1.0017 0.58261 -0.96277
1.0017 0.58261 -0.96277
1.0017 0.58261 -0.96277
0.99923 0.58261 -0.97744
0.98911 0.58261 -1.0384
0.97852 0.58261 -1.1021
0.96658 0.58261 -1.174
0.95609 0.58261 -1.2372
0.94958 0.58261 -1.2764
0.94488 0.58261 -1.3047
0.94488 0.58261 -1.3047
0.94488 0.58261 -1.3047
0.94488 0.58261 -1.3047
0.94488 0.58261 -1.3047
0.94488 0.58261 -1.3047
0.94488 0.58261 -1.3047
0.94488 0.58261 -1.3047
0.94488 0.58261 -1.3047
0.94488 0.58261 -1.3047
0.94488 0.58261 -1.3047
0.94488 0.58261 -1.3047
0.94604 0.58261 -1.3047
0.94929 0.58261 -1.3047
0.95573 0.58261 -1.3047
0.96767 0.58261 -1.3047
0.97961 0.58261 -1.3047
0.99154 0.58261 -1.3047
0.99936 0.58261 -1.3047
1.0008 0.58261 -1.3047
1.0017 0.58261 -1.3047
1.0017 0.58261 -1.3047
1.0017 0.58261 -1.3047
1.0017 0.58261 -1.3047
1.0017 0.58261 -1.3047
1.0017 0.58261 -1.3047
1.0022 0.58397 -1.3032
1.0032 0.58705 -1.2999
1.0093 0.60415 -1.2818
1.0212 0.63799 -1.2459
1.0331 0.67183 -1.2099
1.0451 0.70567 -1.174
1.057 0.73951 -1.1381
1.0689 0.77335 -1.1021
1.0809 0.80719 -1.0662
1.0928 0.84103 -1.0303
1.1029 0.86968 -0.99435
1.1112 0.89327 -0.95842
1.1152 0.90461 -0.92248
1.1152 0.90461 -0.88655
1.1152 0.90461 -0.85062
1.1152 0.90461 -0.81469
1.1152 0.92136 -0.79654
1.1152 0.95212 -0.79327
1.1152 0.9846 -0.79182
1.1152 1.0184 -0.79182
1.1152 1.0523 -0.78128
1.1152 1.0861 -0.76277
1.1152 1.12 -0.73412
1.1152 1.1538 -0.69819
1.1152 1.1852 -0.66225
1.1152 1.2149 -0.62632
1.1152 1.2266 -0.59039
1.1152 1.2266 -0.55446
1.1152 1.2266 -0.51853
1.1152 1.2266 -0.4826
1.1152 1.2266 -0.46321
1.1152 1.2266 -0.45341
1.1152 1.2266 -0.44993
1.1152 1.2266 -0.44993
1.1126 1.2266 -0.4657
1.1086 1.2266 -0.48965
1.0993 1.2266 -0.54575
1.0874 1.2266 -0.61761
1.0755 1.2266 -0.68947
1.0635 1.2266 -0.76134
1.0594 1.2266 -0.7627
1.0587 1.2266 -0.7333
1.0585 1.2266 -0.69927
1.0585 1.2266 -0.66334
1.0538 1.2266 -0.65569
1.0472 1.2266 -0.65896
1.0368 1.2266 -0.68621
1.0248 1.2266 -0.72214
1.0102 1.2228 -0.75807
0.99463 1.2177 -0.794
0.96369 1.1907 -0.82993
0.92788 1.1569 -0.86587
0.89207 1.123 -0.9018
0.85626 1.0892 -0.93773
0.83465 1.0554 -0.9523
0.81692 1.0215 -0.96101
0.80382 0.98767 -0.96277
0.79188 0.95383 -0.96277
0.77643 0.91999 -0.95219
0.76015 0.88615 -0.93912
0.73762 0.85231 -0.90724
0.71375 0.81847 -0.87131
0.68988 0.78463 -0.83538
0.666 0.75079 -0.79945
0.64213 0.74478 -0.76352
0.61826 0.74375 -0.72758
0.59439 0.74361 -0.69165
0.57051 0.74361 -0.65572
0.55264 0.74361 -0.63786
0.53564 0.74361 -0.62262
0.52313 0.74361 -0.62088
0.51119 0.74361 -0.62088
0.49926 0.73808 -0.61501
0.48732 0.73193 -0.60847
0.47538 0.70054 -0.57515
0.46345 0.6667 -0.53922
0.45151 0.63286 -0.50329
0.43957 0.59902 -0.46735
0.41883 0.59015 -0.43142
0.39749 0.58298 -0.39549
0.37374 0.58261 -0.35956
0.34987 0.58261 -0.32363
0.326 0.58261 -0.30131
0.30213 0.58261 -0.27954
0.27825 0.58261 -0.27899
0.25438 0.58261 -0.27899
0.23051 0.58261 -0.27899
0.20663 0.58261 -0.27899
0.17083 0.54877 -0.24306
0.13502 0.51493 -0.20712
0.099207 0.48109 -0.17119
0.063581 0.44725 -0.13581
0.035006 0.41341 -0.12166
0.0066097 0.37957 -0.10804
-0.017263 0.34573 -0.10804
-0.041008 0.31225 -0.10804
-0.062349 0.28559 -0.10804
-0.083094 0.26061 -0.10804
-0.095031 0.26061 -0.10804
-0.10697 0.26061 -0.10804
-0.1189 0.26061 -0.10804
-0.13084 0.26061 -0.10804
-0.14278 0.26061 -0.10804
-0.15471 0.26061 -0.10804
-0.16665 0.26061 -0.10804
-0.17859 0.26061 -0.1063
-0.19052 0.26061 -0.09106
-0.20246 0.26061 -0.073198
-0.21439 0.26061 -0.037267
-0.22638 0.26047 -0.0011837
-0.23868 0.25944 0.035836
-0.25274 0.25343 0.078149
-0.27661 0.21959 0.15001
-0.30048 0.18575 0.22187
-0.32435 0.15191 0.29374
-0.34823 0.12189 0.36965
-0.3721 0.10958 0.46438
-0.39597 0.099614 0.56159
-0.41984 0.099614 0.66938
-0.44372 0.09629 0.77541
-0.46759 0.079883 0.8745
-0.49146 0.052442 0.96772
-0.51534 -0.01524 1.0396
-0.53921 -0.082921 1.1114
-0.56308 -0.1506 1.1833
-0.58208 -0.20447 1.2332
-0.5857 -0.21473 1.2136
-0.5884 -0.22239 1.1898
-0.5884 -0.22239 1.1539
-0.5884 -0.22239 1.118
-0.5884 -0.22239 1.082
-0.5884 -0.22239 1.0461
-0.5884 -0.22239 1.0102
-0.58819 -0.22239 0.97362
-0.58747 -0.22239 0.93551
-0.58334 -0.22239 0.88715
-0.5714 -0.22239 0.81529
-0.55946 -0.22239 0.74342
-0.54753 -0.22239 0.67156
-0.54083 -0.22239 0.62335
-0.54481 -0.22239 0.62335
-0.55151 -0.22239 0.63563
-0.56344 -0.22239 0.67156
-0.57538 -0.21911 0.71097
-0.58732 -0.20989 0.7567
-0.59925 -0.19162 0.81202
-0.61119 -0.15778 0.88388
-0.62313 -0.12394 0.95574
-0.63506 -0.090099 1.0276
-0.647 -0.067928 1.0995
-0.65893 -0.063827 1.1713
-0.67087 -0.061386 1.2432
-0.68281 -0.061386 1.3151
-0.69716 -0.06824 1.3651
-0.71488 -0.084648 1.3847
-0.73525 -0.10856 1.3804
-0.75913 -0.1424 1.3445
-0.783 -0.1776 1.3085
-0.80687 -0.21452 1.2726
-0.83075 -0.26546 1.2367
-0.85462 -0.33314 1.2007
-0.87849 -0.40082 1.1648
-0.90236 -0.4685 1.1289
-0.93024 -0.53618 1.0929
-0.96243 -0.60386 1.057
-0.99641 -0.67154 1.0211
-1.0322 -0.73922 0.98514
-1.0662 -0.80691 0.95473
-1.0984 -0.87459 0.92968
-1.1263 -0.94227 0.91764
-1.1501 -1.0099 0.91764
-1.174 -1.0776 0.91764
-1.1979 -1.1453 0.91764
-1.2158 -1.1962 0.91764
-1.2289 -1.2332 0.91764
-1.2413 -1.2684 0.91764
-1.2532 -1.3022 0.91764
-1.2617 -1.3361 0.90709
-1.2674 -1.3699 0.88858
-1.2699 -1.4037 0.85993
-1.2699 -1.4376 0.824
-1.2699 -1.469 0.78807
-1.2699 -1.4987 0.75213
-1.2699 -1.5104 0.7162
-1.2699 -1.5104 0.68027
-1.2699 -1.5104 0.64434
-1.2699 -1.5104 0.60841
-1.2808 -1.5104 0.62209
-1.2982 -1.5104 0.66456
-1.3198 -1.5104 0.726
-1.3436 -1.5104 0.79786
-1.3701 -1.5104 0.86973
-1.398 -1.5104 0.94159
-1.4312 -1.5104 1.0135
-1.467 -1.5104 1.0853
-1.5028 -1.5104 1.1572
-1.5386 -1.5104 1.229
-1.551 -1.5546 1.2774
-1.5532 -1.6182 1.3155
-1.5538 -1.6847 1.3521
-1.5538 -1.7524 1.388
-1.5585 -1.7934 1.4381
-1.565 -1.8242 1.4936
-1.5755 -1.8324 1.5611
-1.5874 -1.8324 1.633
-1.598 -1.8362 1.7008
-1.6082 -1.8413 1.7672
-1.6106 -1.8683 1.8105
-1.6106 -1.9021 1.8464
-1.6106 -1.936 1.8823
-1.6106 -1.9698 1.9183
-1.6035 -1.9634 1.9328
-1.5944 -1.946 1.9415
-1.5831 -1.9154 1.9433
-1.5712 -1.8816 1.9433
-1.5557 -1.8577 1.9221
-1.5394 -1.8362 1.896
-1.5169 -1.8324 1.8323
-1.493 -1.8324 1.7604
-1.4692 -1.8324 1.6885
-1.4453 -1.8324 1.6167
-1.4312 -1.8324 1.5153
-1.4189 -1.8324 1.4085
-1.4069 -1.8324 1.3009
-1.395 -1.8324 1.1931
-1.3951 -1.8154 1.1215
-1.3969 -1.7959 1.055
-1.4077 -1.7637 1.0156
-1.4196 -1.7298 0.9797
-1.4237 -1.696 0.94377
-1.427 -1.6622 0.90784
-1.3946 -1.6283 0.87191
-1.3588 -1.5945 0.83597
-1.323 -1.5606 0.80004
-1.2872 -1.5268 0.76411
-1.2778 -1.5179 0.78122
-1.2702 -1.5107 0.8019
-1.2699 -1.5104 0.83706
-1.2699 -1.5104 0.87299
-1.2699 -1.4976 0.92254
-1.2699 -1.4842 0.97263
-1.2699 -1.4509 1.0439
-1.2699 -1.4171 1.1158
-1.2699 -1.3832 1.1877
-1.2699 -1.3494 1.2595
