0.49323 -0.80571 -1.3472
0.49323 -0.80571 -1.3472
0.49323 -0.80571 -1.3472
0.49323 -0.80571 -1.3472
0.49323 -0.80571 -1.3472
0.49323 -0.80571 -1.3472
0.49323 -0.80571 -1.3472
0.49323 -0.80571 -1.3472
0.49323 -0.80571 -1.3472
0.49323 -0.80571 -1.3472
0.49323 -0.80571 -1.3472
0.49323 -0.80571 -1.3472
0.49323 -0.80571 -1.3472
0.49323 -0.80571 -1.3472
0.49323 -0.80571 -1.3472
0.49323 -0.80571 -1.3472
0.49323 -0.80571 -1.3472
0.49323 -0.80571 -1.3472
0.49323 -0.80571 -1.3472
0.49323 -0.80571 -1.3472
0.49323 -0.80571 -1.3472
0.49323 -0.80571 -1.3472
0.49323 -0.80571 -1.3472
0.49323 -0.80571 -1.3472
0.49323 -0.80571 -1.3472
0.49323 -0.80571 -1.3472
0.49323 -0.80571 -1.3472
0.49323 -0.80571 -1.3472
0.49684 -0.80571 -1.3472
0.50468 -0.80571 -1.3472
0.51863 -0.80571 -1.3472
0.53259 -0.80571 -1.3472
0.54323 -0.80571 -1.3472
0.54941 -0.80571 -1.3472
0.54941 -0.80571 -1.3472
0.54941 -0.80571 -1.3472
0.54941 -0.80571 -1.3472
0.54941 -0.80571 -1.3472
0.54941 -0.80571 -1.3472
0.54941 -0.80571 -1.3472
0.54941 -0.80571 -1.3472
0.54941 -0.80571 -1.3472
0.54941 -0.80571 -1.3472
0.54941 -0.80571 -1.3472
0.54941 -0.80571 -1.3472
0.54941 -0.80571 -1.3472
0.54941 -0.80571 -1.3472
0.54941 -0.80571 -1.3472
0.54941 -0.80571 -1.3472
0.54941 -0.80571 -1.3472
0.54941 -0.80571 -1.3472
0.54941 -0.80571 -1.3472
0.54941 -0.80571 -1.3472
0.55982 -0.80571 -1.3472
0.57266 -0.80571 -1.3472
0.58662 -0.80571 -1.3472
0.60057 -0.80571 -1.3472
0.61453 -0.80571 -1.3472
0.62848 -0.80571 -1.3472
0.64244 -0.80571 -1.3472
0.65639 -0.80571 -1.3472
0.67035 -0.80571 -1.3472
0.6843 -0.80571 -1.3472
0.69826 -0.80571 -1.3472
0.71221 -0.80447 -1.3464
0.72617 -0.77467 -1.3258
0.74012 -0.72202 -1.2893
0.75408 -0.66938 -1.2529
0.76803 -0.61673 -1.2164
0.78199 -0.56408 -1.18
0.79594 -0.51144 -1.1436
0.8099 -0.45879 -1.1071
0.82535 -0.41181 -1.0746
0.84532 -0.38185 -1.0539
0.87323 -0.38185 -1.0539
0.90114 -0.38185 -1.0539
0.92905 -0.37514 -1.0539
0.95696 -0.35485 -1.0539
0.98487 -0.30221 -1.0539
1.0128 -0.24956 -1.0539
1.0388 -0.20392 -1.0491
1.0618 -0.16992 -1.0361
1.0758 -0.16992 -0.99971
1.0897 -0.16992 -0.96328
1.1019 -0.16992 -0.92685
1.1111 -0.16992 -0.89041
1.1112 -0.16992 -0.85398
1.1112 -0.16992 -0.81755
1.1126 -0.16464 -0.78477
1.1183 -0.14304 -0.76328
1.1312 -0.094324 -0.76056
1.1452 -0.041678 -0.76056
1.1583 0.007696 -0.7583
1.1656 0.035369 -0.74101
1.1674 0.042015 -0.70918
1.1674 0.042015 -0.67274
1.1674 0.04251 -0.63631
1.1674 0.070858 -0.59988
1.1674 0.11491 -0.56344
1.1674 0.16755 -0.52701
1.1674 0.2202 -0.49058
1.175 0.24417 -0.47399
1.1863 0.25395 -0.46722
1.2003 0.25395 -0.46722
1.2142 0.25395 -0.46722
1.2282 0.28169 -0.46722
1.2421 0.32414 -0.46722
1.2561 0.37679 -0.46722
1.27 0.42943 -0.46722
1.284 0.48208 -0.46722
1.298 0.53472 -0.46722
1.3119 0.58737 -0.46722
1.3259 0.64002 -0.46722
1.3336 0.69266 -0.46722
1.3359 0.74531 -0.46722
1.3359 0.79795 -0.46722
1.3359 0.8506 -0.46722
1.3359 0.8829 -0.45314
1.3359 0.88974 -0.42144
1.3359 0.88974 -0.38501
1.3359 0.88974 -0.34858
1.3315 0.88974 -0.30083
1.3187 0.88974 -0.23077
1.3048 0.88974 -0.158
1.2908 0.88974 -0.085132
1.2738 0.90132 -0.012265
1.246 0.95329 0.060603
1.2182 1.0058 0.13347
1.1906 1.0572 0.20724
1.1648 1.1017 0.28575
1.1509 1.1017 0.39505
1.1369 1.1017 0.50435
1.123 1.1017 0.61057
1.109 1.1017 0.71146
1.0951 1.1017 0.74817
1.0811 1.1017 0.78461
1.0684 1.1041 0.81939
1.0595 1.1135 0.84928
1.0707 1.1611 0.85281
1.0847 1.2137 0.85281
1.0982 1.2664 0.85281
1.1087 1.319 0.85281
1.1112 1.3717 0.85281
1.1112 1.4243 0.85281
1.1112 1.4774 0.8531
1.1112 1.5462 0.86431
1.1112 1.6389 0.89204
1.1112 1.7442 0.92848
1.1112 1.8495 0.96491
1.1064 1.9369 1.0013
1.0965 2.0048 1.0378
1.0825 2.0574 1.0742
1.0686 2.11 1.1106
1.0498 2.1444 1.1344
1.0264 2.1613 1.1461
0.99846 2.1613 1.1461
0.97055 2.1613 1.1461
0.93786 2.1613 1.1586
0.90078 2.1613 1.1826
0.85892 2.1613 1.219
0.81705 2.1613 1.2554
0.77068 2.1444 1.2801
0.71973 2.11 1.2928
0.66391 2.0574 1.2928
0.60809 2.0048 1.2928
0.54825 1.9673 1.3033
0.48321 1.9494 1.3274
0.41344 1.9494 1.3638
0.34366 1.9494 1.4002
0.28056 1.9368 1.428
0.2301 1.9004 1.4392
0.18802 1.8482 1.4395
0.14615 1.7955 1.4395
0.10429 1.7429 1.4459
0.062423 1.6902 1.4734
0.020559 1.6376 1.5086
-0.021305 1.5849 1.545
-0.063169 1.5323 1.578
-0.10503 1.4796 1.5845
-0.1469 1.427 1.5862
-0.18876 1.3744 1.5862
-0.23057 1.3217 1.5862
-0.26009 1.2691 1.5862
-0.28859 1.2164 1.5862
-0.3165 1.1638 1.5862
-0.34441 1.1111 1.5862
-0.38411 1.0585 1.5862
-0.42563 1.0058 1.5862
-0.46747 0.95319 1.5861
-0.50916 0.90054 1.5856
-0.54013 0.8479 1.5572
-0.56804 0.79525 1.5208
-0.59595 0.74261 1.4843
-0.62386 0.68996 1.4479
-0.65177 0.63732 1.4115
-0.67968 0.58467 1.375
-0.70759 0.53202 1.3386
-0.73369 0.48622 1.3069
-0.75303 0.46588 1.2928
-0.76699 0.46588 1.2928
-0.78094 0.46588 1.2928
-0.7949 0.44843 1.2868
-0.80885 0.39029 1.2667
-0.82281 0.28499 1.2302
-0.83676 0.1797 1.1938
-0.85333 0.094095 1.1642
-0.87433 0.042015 1.1461
-0.90224 0.042015 1.1461
-0.93015 0.042015 1.1461
-0.95266 0.042015 1.1391
-0.96736 0.042015 1.1219
-0.96736 0.042015 1.0854
-0.96736 0.042015 1.049
-0.96736 0.042015 1.0193
-0.96736 0.042015 0.99947
-0.96736 0.042015 0.99947
-0.96736 0.042015 0.99947
-0.96736 0.042015 0.99353
-0.96736 0.042015 0.97671
-0.96736 0.042015 0.94062
-0.96736 0.042015 0.90419
-0.96913 0.042015 0.87235
-0.97646 0.042015 0.85507
-0.98955 0.042015 0.85281
-1.0035 0.042015 0.85281
-1.0164 0.045947 0.85281
-1.0221 0.076994 0.85281
-1.0235 0.12436 0.85281
-1.0235 0.177 0.85281
-1.0235 0.2292 0.85281
-1.0235 0.24742 0.85281
-1.0235 0.25395 0.85281
-1.0235 0.25395 0.85281
-1.0235 0.25395 0.85281
-1.0235 0.25395 0.82927
-1.0235 0.25395 0.79769
-1.0235 0.25395 0.76125
-1.0235 0.25395 0.72482
-1.0321 0.22159 0.71078
-1.0443 0.17565 0.70614
-1.0582 0.12301 0.70614
-1.0722 0.070363 0.70614
-1.0941 0.047674 0.6854
-1.1205 0.042015 0.65289
-1.1484 0.042015 0.61645
-1.1763 0.042015 0.58002
-1.1971 -0.011556 0.56212
-1.2121 -0.10917 0.55947
-1.2261 -0.21446 0.55947
-1.24 -0.31976 0.55947
-1.26 -0.4022 0.54365
-1.2876 -0.45609 0.50809
-1.3155 -0.50874 0.47165
-1.3434 -0.56138 0.43522
-1.3713 -0.61403 0.39878
-1.3992 -0.66668 0.36235
-1.4272 -0.71932 0.32592
-1.4534 -0.76878 0.29169
-1.473 -0.80571 0.26613
-1.473 -0.80571 0.26613
-1.473 -0.80571 0.26613
-1.473 -0.80571 0.26613
-1.473 -0.80571 0.26613
-1.473 -0.80571 0.26613
-1.473 -0.80571 0.26613
-1.4706 -0.80571 0.26308
-1.4642 -0.80571 0.25467
-1.4365 -0.80571 0.21848
-1.4085 -0.80571 0.18205
-1.3817 -0.80185 0.14829
-1.3579 -0.78633 0.1226
-1.3427 -0.73822 0.11946
-1.3288 -0.68557 0.11946
-1.3141 -0.63549 0.11946
-1.2952 -0.60174 0.11946
-1.2694 -0.59378 0.11946
-1.2414 -0.59378 0.11946
-1.2138 -0.59427 0.11912
-1.1977 -0.61654 0.10371
-1.1921 -0.65858 0.074616
-1.1921 -0.71122 0.038182
-1.1921 -0.76387 0.0017484
-1.1982 -0.79322 -0.018563
-1.2089 -0.80571 -0.027212
-1.2228 -0.80571 -0.027212
-1.2368 -0.80571 -0.027212
-1.2446 -0.82878 -0.027212
-1.2482 -0.86781 -0.027212
-1.2482 -0.92046 -0.027212
-1.2482 -0.9731 -0.027212
-1.2541 -1.0257 -0.042485
-1.2643 -1.0784 -0.069251
-1.2783 -1.131 -0.10568
-1.2923 -1.1837 -0.14212
-1.3062 -1.2363 -0.1645
-1.3202 -1.289 -0.17388
-1.3341 -1.3416 -0.17388
-1.3481 -1.3943 -0.17388
-1.3573 -1.4469 -0.18619
-1.3606 -1.4996 -0.21405
-1.3606 -1.5522 -0.25049
-1.3606 -1.6048 -0.28692
-1.3606 -1.643 -0.32335
-1.3606 -1.6531 -0.35979
-1.3606 -1.6534 -0.39622
-1.3606 -1.6534 -0.43266
-1.3578 -1.6639 -0.46188
-1.3457 -1.7098 -0.46655
-1.332 -1.7614 -0.46722
-1.318 -1.8141 -0.46722
-1.3055 -1.8555 -0.46722
-1.3047 -1.8096 -0.46722
-1.3044 -1.7587 -0.46722
-1.3044 -1.7061 -0.46722
-1.3044 -1.6534 -0.46722
