1.3698 -7.0927 2.1906 -2.3705 1.6405 -0.43572 1.4778 0.89167 0.5189 -0.12786 0.75254 0.40021 1.2711
2.6011 -7.3638 2.0573 -2.2935 1.0371 -0.80257 1.5347 0.36839 -0.36491 0.03675 1.1971 -0.028085 0.31033
3.6965 -8.1643 1.9352 -2.6929 1.0694 -0.77047 2.2737 1.1421 0.10349 -0.59922 0.23504 -0.062974 0.62547
3.6364 -9.0118 0.90637 -3.0138 1.4807 -0.20405 0.82096 0.66029 0.03049 -0.18807 0.17932 0.42893 0.23825
2.2575 -8.6395 1.5362 -1.7866 1.0232 -0.013536 0.45396 0.24949 0.65766 0.23405 0.48181 0.37546 -0.33165
-1.0311 -6.4343 1.6913 0.21541 0.63126 0.50828 -0.061246 0.43408 0.71419 0.46148 0.47836 0.63332 0.33556
-2.7384 -2.414 1.7288 0.74924 0.45588 -0.059302 -0.23944 -1.1396 -0.02269 -0.59313 -0.12392 0.087077 -0.49553
1.8021 -1.08 2.1024 1.1739 -1.9389 -1.4248 -0.35417 -1.4378 -0.73162 -0.40189 0.44905 -0.49553 -0.20265
2.5757 -1.5162 1.9694 1.4973 -2.6309 -2.076 -0.20609 -0.97298 -0.36228 -0.26544 0.81519 -0.40886 -0.032185
2.838 -1.3858 1.6756 1.543 -3.1948 -2.0511 -0.57545 -1.1527 -0.21136 -0.38526 0.81025 -1.0993 0.11002
2.9686 -1.6206 1.5979 1.1112 -3.0772 -2.3114 -0.77933 -1.0096 -0.19546 -0.21794 0.19592 -0.81102 -0.058659
3.0798 -1.7005 1.4559 1.0161 -3.0894 -2.2071 -0.82504 -1.0911 -0.29908 -0.18824 0.085368 -0.88407 -0.082535
2.9525 -1.4357 1.0493 1.042 -3.1103 -2.1018 -1.0684 -0.8479 -0.35658 -0.68108 0.12379 -0.86389 -0.036985
2.7246 -1.4493 1.2775 0.97723 -2.6202 -2.0114 -0.88005 -0.84009 -0.40835 -0.51425 -0.050808 -0.79544 0.082933
2.1436 -1.3623 1.537 0.57906 -2.0844 -2.1445 -0.75366 -1.1773 -0.75708 -0.65666 -0.18227 -0.68123 -0.29009
0.3782 -1.6116 1.8378 1.1647 -1.1277 -1.5878 -0.94683 -1.0264 -0.025377 -0.81468 0.32234 -0.53187 -0.27842
-0.9393 -1.71 1.8708 0.64769 -0.39312 -0.20294 -0.13558 -1.6532 0.37634 -0.92892 -0.34762 0.13078 -0.37076
-2.1165 -2.6783 0.82731 0.32112 -0.26591 -0.32576 -0.3743 -1.1048 -0.21629 -0.2797 0.3859 0.23916 -0.18093
-3.1066 -2.5298 0.92322 0.39407 0.0039458 -0.24026 -0.27225 -0.74322 0.14446 0.19658 0.51009 0.16161 -0.16706
-4.4902 -2.5534 0.65051 0.17317 0.36621 0.13594 0.17165 -0.10811 0.053208 0.3111 0.73336 0.46123 0.077849
-3.6757 -2.6741 0.49729 -0.14656 -0.018821 -0.26909 0.037089 -0.17227 -0.13914 0.23088 0.72437 0.18539 0.22356
-3.7395 -2.6492 0.98444 0.16592 -0.30013 -0.36545 0.082695 -0.56116 -0.29347 0.4231 1.5914 0.59811 -0.18798
-3.8546 -2.7177 0.71955 -0.10269 -0.18458 -0.42253 -0.060383 -0.46999 -0.31946 0.44021 1.4311 0.52897 0.049769
-4.1757 -2.5683 0.8344 0.23248 0.34128 -0.038143 -0.077195 -0.45566 -0.20734 0.48111 1.3005 0.71741 -0.14934
-5.3982 -2.5691 0.7233 0.20547 0.37088 0.12955 0.19545 -0.082475 -0.11865 0.20237 0.72762 0.58464 0.40707
-6.3262 -2.5023 1.4837 0.75099 0.85126 0.34361 0.006995 -0.49242 0.041141 1.1103 2.4372 1.9252 0.36201
-6.1724 -2.2301 0.87338 0.49956 0.81351 0.65848 0.73948 0.64221 0.65511 0.54242 0.52194 0.4916 0.49553
-5.6221 -2.6626 0.50638 0.17061 0.49973 0.38527 0.49307 0.40411 0.44097 0.48277 0.56948 0.63638 0.74528
-6.5387 -2.1288 0.9818 0.59923 0.91332 0.76904 0.87345 0.79198 0.81959 0.75057 0.73168 0.67413 0.67702
-6.2058 -2.3508 0.87277 0.37972 0.62674 0.30126 0.20423 -0.011949 0.24281 0.64693 1.1628 0.96244 0.4015
-4.6288 -4.7974 0.16252 0.18007 1.0096 0.07539 0.41302 0.46559 0.83054 0.72381 0.18475 0.96462 0.2998
1.3432 -4.16 0.018895 -0.8657 -0.59126 -1.4678 -0.93912 -0.031436 -0.024967 -0.071905 -0.068631 -0.21391 0.67123
1.148 -2.0257 0.61189 -1.0957 -0.88674 -1.4808 -1.1407 -0.053878 -0.065305 -0.35432 -0.49349 -0.5685 0.065249
3.6305 0.63734 -0.85057 -2.4514 -1.3323 -1.2011 -0.84964 -0.77621 0.71132 0.036842 -0.2266 -1.1875 0.18333
3.81 0.84856 -1.2574 -3.3258 -1.2644 -0.96768 -0.27158 -0.6951 0.73619 -0.068897 -0.53483 -1.6045 0.13218
3.7825 0.20613 -1.5317 -3.2756 -1.4743 -0.32169 -0.5838 -0.62275 0.59282 -0.48145 -0.32204 -1.6014 -0.0060174
4.0059 0.12241 -1.9108 -3.7021 -1.5639 -0.2741 -0.41483 -1.0011 0.30653 -0.35919 -0.67649 -1.5521 -0.37649
4.1561 0.19558 -2.1035 -3.7204 -1.5859 -0.20171 -0.13379 -1.1949 0.013742 -0.084567 -0.83422 -1.4902 -0.4831
4.1954 0.43232 -2.107 -3.81 -1.7107 -0.037229 -0.025891 -1.2322 0.074858 -0.23753 -0.62256 -1.4343 -0.73624
4.1271 0.87293 -2.2046 -4.0318 -1.3201 -0.30266 0.08047 -1.15 0.097745 -0.35049 -0.5985 -1.2777 -0.78804
3.986 0.88776 -1.9648 -4.0347 -1.3323 -0.4074 0.50673 -1.3711 0.078018 -0.096613 -0.83228 -1.0382 -0.91832
3.7943 0.45386 -1.5004 -4.0802 -1.5917 -0.1347 0.37702 -1.2347 0.17552 -0.23927 -0.42733 -1.4617 -0.55896
3.5327 0.44307 -1.5068 -3.8388 -1.5711 -0.34059 0.62761 -1.1513 0.081616 -0.10028 -0.40651 -1.4281 -0.47041
3.3134 0.31492 -1.5533 -3.5731 -1.5078 -0.038252 0.69185 -1.1501 0.34563 -0.2546 -0.31849 -1.355 -0.41698
2.982 -0.40668 -1.7001 -3.2497 -1.2192 0.1714 0.4678 -1.0896 0.34003 -0.20987 -0.46433 -0.95683 -0.60712
2.2921 -0.66677 -1.6666 -3.3083 -0.97625 -0.17062 0.38144 -1.2806 0.27742 -0.37158 -0.53962 -1.0989 -0.82411
0.79804 -1.4261 -0.9436 -2.715 -0.54407 0.026329 0.69565 -0.47536 0.39305 0.33578 -0.33059 -1.2587 -0.18001
2.0279 -1.3929 -2.0784 -3.041 -1.0228 -0.014716 0.28628 -1.2024 0.88477 -0.097844 -0.4115 -0.60593 -0.4553
