0.28382 -5.581 0.22834 0.21834 -0.45723 -0.20635 0.069384 0.0056894 0.16381 0.21422 0.29007 0.079794 0.13081
-0.85891 -5.3425 1.1847 -1.1653 0.82244 -0.96321 0.017907 -0.24311 0.39684 0.85686 0.41126 0.075196 0.046917
1.9558 -8.9141 1.5631 -1.3704 0.61145 0.05983 0.96598 -0.34997 0.55946 0.28998 0.56809 0.56883 0.62235
3.9797 -9.9721 0.54386 -1.6376 0.37529 -0.5147 0.99943 0.061357 0.76876 0.16444 0.37611 0.3549 0.76487
5.8425 -7.8891 2.5278 -0.78038 1.9619 -0.22069 0.948 0.21145 0.45249 -0.46086 0.4457 0.29115 0.11631
6.3727 -7.6787 1.2986 -1.1887 1.1684 -0.85684 0.5012 0.4287 0.33471 -0.081104 1.0819 0.10988 0.67016
6.1729 -6.8995 0.9588 -1.2826 0.79812 -0.42531 1.7661 -0.29219 -0.010175 0.65636 1.0985 0.32272 0.68272
5.4135 -4.9485 1.6597 -0.24353 0.59421 -1.4019 1.1591 0.3241 -0.23799 -0.10918 0.18779 -0.42752 -0.59094
5.091 -2.7181 2.2767 0.95241 0.57074 -2.5826 0.14267 -1.4088 -0.9811 -0.63704 -0.67339 -0.40869 0.30696
5.003 -1.514 2.07 1.3542 -0.46492 -3.2056 -0.47887 -1.0615 -0.66741 -0.6116 -0.019893 0.060311 0.37288
5.0776 -2.0848 1.0362 0.82752 -0.1836 -2.0854 -1.3062 -2.427 -1.3635 -0.59034 0.42992 0.20516 0.31226
4.8781 -2.0276 1.999 0.64966 -0.62105 -2.6559 -1.0054 -1.4881 -1.5513 -0.81608 0.075199 0.046682 0.49676
4.0926 -1.7927 2.0962 0.87095 0.11292 -2.5969 -1.1378 -1.175 -0.87754 -0.73871 -0.16114 -0.070176 0.20664
2.3834 -1.8395 1.7766 1.1228 -0.1756 -1.9285 -0.40588 -0.73814 -0.56326 -0.60027 -0.026548 -0.042128 -0.39631
-0.46477 -2.0858 1.7661 1.4585 0.43929 0.26717 -0.39258 -1.3036 0.81164 -0.41896 -0.62408 0.31381 -0.24993
-0.8555 -2.1921 1.9666 0.76565 -0.42667 -0.18553 -0.56794 -2.6238 -0.17012 -0.76265 0.91504 1.1452 -0.26125
-2.0121 -3.0301 0.71415 0.19276 -0.16885 -0.33067 -0.70593 -1.5154 -0.45881 -0.25763 0.70735 0.62018 -0.37683
0.50593 -5.7845 2.4159 -1.2698 -0.17898 -0.64133 -0.96226 -1.6672 -0.61011 0.66292 1.3687 1.1245 0.038963
-0.54052 -4.5091 2.9446 0.10189 0.12977 -0.67245 -0.92312 -2.2022 -0.66147 0.23949 1.4698 0.98124 -0.8203
-1.1849 -2.5325 1.8251 0.61516 -0.63184 -0.30519 -0.38169 -2.0797 -0.34106 -0.43069 1.4512 1.0435 -0.43237
-1.3905 -2.8678 1.543 0.77401 -0.17435 -0.3504 -0.9789 -2.3796 -0.12011 -0.16324 1.5793 1.3754 0.39299
-1.6456 -2.7002 1.2062 0.43529 -0.38237 -0.36771 -0.28232 -1.2431 -0.20755 0.11821 1.3092 0.57497 -0.33172
-2.0715 -2.8442 1.0428 0.609 0.24751 0.11404 -0.42178 -1.472 -0.53038 -0.37611 0.97937 1.0586 0.075719
-3.1062 -3.1503 0.76254 0.10095 0.093746 -0.31778 -0.72624 -1.2907 -0.5347 0.29832 1.5843 1.1479 -0.31073
1.9273 -7.0525 0.51114 -0.80499 0.94393 -0.41631 0.19945 0.629 -0.20539 -0.12216 0.66931 0.34483 -0.045218
4.8397 -5.7959 1.5288 -0.98437 1.009 0.15572 0.41628 -0.67079 0.28648 0.22391 0.40495 0.73767 0.20496
5.8513 -4.2741 3.0848 -1.12 0.37385 -1.2892 -0.41046 -0.62491 0.040145 -0.41116 -0.34217 -0.11102 -0.105
5.5077 -0.86808 0.5566 -0.95149 -0.52221 -1.809 -1.7215 -0.25841 0.6692 -0.27548 -0.7193 0.10433 0.50993
6.0904 -1.2661 -0.1948 -1.3075 -1.4399 -1.2852 -2.1307 -0.021015 0.38935 -0.068821 -0.80171 -0.078695 0.15074
6.4456 -1.5427 -0.7011 -1.0086 -1.4166 -1.9029 -1.7106 -0.12798 0.99698 0.036627 -1.4181 -0.13612 0.027639
6.5895 -1.4748 -1.5605 -1.4226 -1.6065 -1.7368 -1.132 -0.10085 0.50125 -0.015435 -1.3157 -0.80068 0.14178
6.5517 -0.95029 -2.109 -1.4074 -1.8645 -1.6778 -0.79915 0.014093 0.003469 0.03712 -1.2956 -0.93213 -0.0063516
6.4395 -0.39054 -2.4807 -1.1485 -1.7788 -1.5302 -0.583 -0.17115 0.11592 -0.082201 -1.1041 -0.91823 -0.11453
6.3854 -0.66281 -3.1926 -1.6231 -2.3198 -1.863 -0.80371 -0.62062 -0.44745 -0.46975 -1.2579 -1.4319 -0.55947
6.3249 -0.11123 -2.8622 -1.507 -1.8186 -1.5828 -0.25329 -0.4406 -0.19339 -0.25036 -0.80378 -1.2795 -0.27824
6.349 -0.2173 -2.9726 -1.6153 -1.4615 -1.479 0.006057 -0.55264 -0.46988 0.087378 -1.0802 -1.2212 -0.31999
6.2165 -0.14226 -2.6714 -1.9147 -1.5803 -1.1579 -0.19183 -0.64137 -0.43825 -0.19722 -0.72323 -1.5153 -0.1484
5.9423 0.71096 -2.4139 -2.0444 -1.2526 -0.80509 -0.22773 -0.53479 -0.38837 0.092429 -0.72216 -1.4141 0.052547
5.4381 0.69752 -2.3782 -3.6384 -1.3819 -1.6365 -0.84637 -1.4805 -0.94417 -0.74632 -1.0495 -2.3287 -0.60753
4.9628 0.53073 -1.7858 -3.6629 -0.76589 -1.0939 -0.83492 -1.5879 -0.68941 -0.46252 -0.94295 -2.0263 -0.23202
4.4869 0.15917 -1.8585 -3.0821 -0.97904 -0.67895 -0.34054 -1.8169 -0.5916 -0.29822 -1.1423 -1.5472 -0.19261
4.0077 0.56975 -1.8114 -3.1284 -0.6992 -0.6675 -0.072805 -2.0985 -0.64101 -0.4218 -0.96011 -1.1244 -0.31064
3.5396 0.5982 -1.7243 -2.8664 -0.74991 -1.0091 -0.0145 -1.7264 -0.65344 -0.51041 -0.8849 -0.81041 0.061281
2.9061 -0.15366 -1.164 -2.869 -0.7762 -0.37979 -0.01839 -1.7791 -0.83643 -0.25579 -0.78484 -0.83303 0.16115
1.7447 0.086306 0.039549 -1.9227 -0.39841 -0.28606 0.69912 -1.8712 0.054061 -0.90431 -0.60509 -0.58474 0.20631
