1.412 -8.2297 0.42588 -0.95225 1.4035 -0.068112 0.67755 -0.14868 0.36305 0.072972 0.089661 0.55978 0.16467
2.6196 -8.8859 1.7589 -0.83377 1.5521 0.66873 1.0925 0.35307 0.88485 -0.1774 0.12053 -0.24235 -0.023495
3.1014 -9.3929 0.8424 -1.3099 1.2251 -0.1044 0.83517 -0.11302 0.72253 -0.033876 0.46576 0.50638 -0.046531
3.8242 -9.6483 1.0696 -1.1731 1.2163 0.13211 0.96152 -0.058256 0.12998 0.16233 0.21304 -0.46643 -0.36235
4.6089 -9.0979 0.67983 -1.6571 0.58197 -1.0498 0.71723 0.045832 0.42302 0.026792 -0.21701 -0.28935 -0.18867
4.7906 -10.336 0.497 -0.97247 0.54108 -0.41609 1.3957 0.29969 0.35736 -0.23636 -0.040298 -0.24013 -0.29537
4.7563 -8.5878 1.4577 -0.73409 0.86061 -0.027047 0.19923 -0.1065 -0.29446 -0.56537 0.78268 0.5598 0.24049
5.6445 -8.2913 0.93295 -1.6882 0.23587 0.23879 -0.090806 -0.047743 0.64099 0.027228 0.39291 0.49121 0.21331
4.4965 -6.5496 0.022983 -2.2185 -1.1897 -0.70308 0.46112 0.64508 0.36838 -0.33402 0.39851 0.63319 -0.38852
3.5311 -2.5845 1.9637 -0.72226 0.13273 -0.83531 -0.28811 -0.031725 -0.2398 -0.50209 -0.4542 -0.0020711 -0.76719
5.7915 -3.1065 1.0542 1.2506 -1.5636 -1.4317 -2.1786 0.21655 0.85548 -0.29972 -0.79442 -0.14368 -0.56996
6.4451 -3.3601 0.38124 0.77986 -1.704 -1.2733 -2.34 0.21218 0.50165 -0.077715 -0.37374 0.20646 -0.82388
6.174 -2.7681 0.6554 -0.58589 -1.025 -1.0004 -2.5114 0.099348 0.39096 -0.31176 -0.52548 0.30126 -0.91413
5.6561 -2.8682 0.70856 -0.088575 -1.2061 -1.2796 -2.5784 -0.21951 0.74735 -0.44165 -0.83923 0.46662 -0.97816
3.1603 -3.1237 1.0999 0.16796 -0.16435 -1.3359 -1.2478 -0.0061726 0.88554 0.045293 -0.48287 0.61958 -0.59593
-1.0392 -1.8632 1.5299 0.20106 -0.6284 -0.89813 0.080889 -0.40076 0.6015 -0.18875 0.55139 0.073873 0.17701
-1.7027 -2.7759 0.60895 -0.35614 -1.0428 -0.90098 -0.065219 -0.80697 -0.032981 0.070281 0.65697 -0.58063 -0.13081
-2.107 -2.4889 1.0458 0.69637 0.17514 0.072557 -0.14111 -0.68368 0.47216 0.12601 0.18928 0.19869 -0.464
-2.2749 -2.5116 1.0493 0.5883 0.07423 -0.10435 -0.24791 -0.79901 0.40319 0.36883 0.58587 0.20431 -0.6083
-2.3906 -2.8947 0.39988 0.12528 0.42045 0.0055475 -0.26244 -0.39952 0.072319 0.31517 0.4946 0.3129 -0.53241
-2.4712 -2.8752 0.43999 0.043414 0.15114 -0.24338 -0.4584 -0.72763 -0.1767 -0.038007 0.1532 -0.0070399 -0.57198
-3.1683 -2.6355 0.71062 0.38388 0.35595 0.34933 0.49882 0.20706 0.56718 0.23686 0.25771 0.043031 -0.31577
-3.7843 -2.6871 0.55085 0.29043 0.64763 0.4337 0.31546 0.24582 0.47303 0.24437 -0.010807 0.016302 -0.28364
-3.4198 -2.6845 0.58945 0.14423 0.25816 -0.0088107 -0.091497 -0.43629 -0.12924 0.16862 0.63273 0.31989 -0.37989
-1.635 -4.8813 1.4802 -0.45349 0.12871 0.090877 -0.4536 -0.06599 0.049496 0.18353 0.00084516 0.45847 -0.04714
3.5505 -8.2559 0.67843 -0.58579 0.52701 -0.3088 0.64524 0.78376 0.3796 0.4213 0.53243 0.45573 -0.17832
3.6503 -4.9833 2.2721 -1.1765 1.1668 -0.38033 0.01902 0.32209 -0.13202 -0.131 0.0056874 0.65882 -0.3183
4.5683 -1.5706 0.51834 -1.1676 -1.7391 0.19747 -1.1174 0.30188 0.71958 0.52813 -0.87149 0.17324 0.12863
5.2639 -1.5494 -0.2087 -0.99498 -1.7178 0.12351 -1.0506 0.40116 0.88792 0.25679 -1.238 0.2846 0.013784
5.1542 -1.8184 -0.098033 -1.0959 -1.5553 0.55935 -0.9594 0.50025 0.61545 0.16046 -1.2755 0.051424 0.055788
5.1051 -1.9131 -0.42366 -1.43 -1.204 0.38892 -0.54804 0.16007 0.56854 0.37548 -1.0485 -0.26403 0.087396
4.8135 -1.7497 -0.72842 -1.3061 -1.0707 0.31578 -0.59212 -0.059525 0.90111 0.32864 -1.1992 -0.24088 0.11021
4.162 -1.0994 -0.91649 -1.2879 -0.99422 0.11284 -0.25162 0.045894 0.70299 0.34663 -0.94149 -0.51983 0.27181
3.544 -0.88766 -0.33608 -1.3462 -1.2573 0.03953 0.27542 -0.31988 0.63732 0.52164 -0.63506 -0.5731 0.023988
3.4147 0.13917 -0.58962 -2.2341 -1.1241 -0.24144 0.50112 -0.72572 0.67927 0.44577 -0.67599 -0.64359 0.056764
2.7739 -0.11671 -0.50755 -2.7203 -0.63684 -0.36448 0.7137 -0.49283 0.62398 0.24035 -0.30491 -0.51746 -0.21357
2.2561 -0.095876 -0.5442 -2.2725 -0.81757 -0.23629 0.57657 -0.58845 1.0629 0.19084 -0.30881 -0.84697 0.24229
