2.8722 -8.6568 1.9325 -0.99615 1.0122 0.088669 0.4984 0.6833 0.26604 -0.29101 -0.65692 0.76481 1.0363
4.496 -9.6505 1.9169 -2.0814 0.91165 -0.10935 0.18696 0.36149 0.34396 0.64403 -0.14357 0.97074 -0.069442
5.2439 -9.5363 2.0626 -2.5576 0.2417 -0.0059943 0.10475 -0.0025107 0.034633 -0.022182 -0.061568 0.70227 -0.28593
5.0462 -8.9006 2.6911 -1.3441 0.87623 0.10623 -0.44707 -0.49424 -0.50295 0.32109 0.43622 -0.15631 -0.15609
5.8975 -9.3502 2.2266 -2.1679 0.20056 -0.84835 -0.2982 -0.33274 0.40113 0.43139 0.19079 0.52217 -0.21763
6.4912 -10.108 1.6274 -2.5469 0.56013 -0.55516 -0.2919 0.15823 -0.24658 0.33061 0.28261 0.79561 -0.68625
6.0597 -9.2791 1.7211 -1.0826 1.1941 -0.49313 -0.21262 0.5207 -0.15324 0.38952 0.57026 0.4258 -0.53936
5.821 -7.087 2.5771 -1.089 0.84477 -0.72382 -0.33452 0.13811 -0.24416 0.12164 0.20204 0.82736 -0.26495
4.9078 -6.6029 1.8269 -1.7772 0.21959 -0.10589 0.80253 0.098377 -0.62704 -0.13078 -0.064455 0.64479 0.16428
4.0928 -1.4312 1.4846 -0.86385 -0.90341 -1.6319 -0.5227 -0.14799 -0.13655 -0.28581 -0.92109 0.222 -0.4994
5.6464 -2.4608 0.13926 0.41204 -2.2278 -1.3153 -2.2882 0.4403 0.37156 -0.46135 -0.70736 0.072053 -0.62009
6.1944 -2.3328 0.35974 -0.31118 -1.7943 -0.95976 -2.0163 0.23301 0.34033 0.032049 -0.25648 -0.085713 -0.90675
5.9918 -1.8946 0.14563 -0.43203 -1.7663 -1.3919 -1.8834 0.16649 0.15577 -0.3888 -0.053634 -0.20101 -0.79394
5.5153 -2.0784 0.68635 -0.23779 -1.2938 -1.7265 -2.2474 0.072988 0.80105 -0.64629 -0.5021 0.042627 -0.63592
3.5256 -1.645 0.89224 -0.72109 -0.25096 -1.2019 -1.7532 -0.40822 1.0348 -0.21877 -0.45402 0.66695 -0.22853
-0.59883 -2.0992 1.0763 -0.12202 -0.36365 -0.62147 -0.25262 -0.82088 0.57568 0.044753 0.29124 -0.020063 0.040851
-1.4091 -2.6742 0.63589 -0.12202 -0.28604 -0.62673 -0.24525 -0.51784 0.32424 0.274 0.51358 -0.11212 -0.19438
-1.8327 -3.0009 0.29587 -0.23498 -0.46837 -0.57166 -0.28704 -0.66612 -0.18154 -0.25433 0.047629 -0.38794 -0.31274
-2.3286 -2.6396 0.87247 0.67815 0.44962 0.18902 -0.36251 -0.83762 0.39562 0.094417 0.21469 0.57182 -0.33966
-2.6643 -2.6071 0.60506 0.19345 0.28892 0.21221 0.32076 0.1216 0.30989 0.020852 -0.10696 -0.1127 0.055964
-2.5414 -2.8617 0.48285 0.38526 0.79231 0.40033 -0.23671 -0.34837 0.20203 -0.20452 -0.73708 -0.088901 -0.63204
-3.5029 -3.0692 0.292 0.18811 0.80077 0.59514 0.38122 0.32111 0.30053 -0.10627 -0.48212 -0.18823 -0.55991
-2.8821 -2.7848 0.42324 0.0053813 0.27367 0.10226 0.34306 0.1983 0.23955 0.3503 0.60086 0.11939 -0.18394
-2.4694 -2.687 0.61262 -0.24731 -0.51501 -0.2279 0.69956 0.057544 -0.41864 -0.010423 1.0259 -0.15089 -0.14751
0.40945 -7.7991 0.56588 -0.4957 0.1972 0.056535 0.3296 0.64464 0.58399 0.60195 0.42783 0.4472 -0.026544
3.727 -8.3586 0.63222 -0.79894 0.4137 0.028262 0.51633 0.78831 0.76886 0.69507 0.48037 0.49931 0.10144
2.4504 -4.9399 1.7075 -1.2477 0.099664 -0.80654 0.27712 0.54438 -0.677 -0.32407 -0.43437 0.23129 -0.01046
3.9064 -0.78775 -0.34057 -1.2666 -1.0694 -0.47684 -0.73067 0.30755 0.63431 0.35768 -1.0028 0.038307 -0.15691
5.4029 -1.8918 0.12554 -1.3809 -1.3198 0.14008 -1.1561 0.6841 0.65464 0.79644 -1.3993 0.28189 0.20018
5.1159 -1.6129 -0.054349 -1.2057 -1.3916 0.59042 -0.74012 0.59033 0.57945 0.91125 -1.4927 -0.10077 0.27427
4.779 -1.6409 -0.21307 -1.5038 -0.71655 0.51957 -0.535 0.2434 0.50752 0.65003 -0.96282 -0.21607 0.20231
4.6456 -1.2889 -0.79618 -1.5288 -0.60953 0.38593 -0.47992 0.34 -0.0026519 0.95414 -1.2436 -0.18742 0.1233
4.517 -1.2956 -1.0101 -1.4994 -0.84268 0.51761 -0.60322 0.54619 0.0052125 0.80619 -1.1792 -0.28908 0.15886
4.1654 -1.5072 -0.49823 -1.7568 -0.661 0.44083 -0.14437 0.36566 0.19375 0.73379 -1.1196 -0.35352 0.32764
3.7375 -1.6468 -0.067062 -1.8765 -0.44509 0.44448 0.021009 -0.065065 0.5646 0.56052 -1.2547 -0.33405 0.34402
3.0522 -0.94448 -0.40064 -1.4345 -0.44345 0.56674 -0.071575 0.36616 0.2992 0.6431 -0.92732 -0.66751 0.4995
2.5421 -1.1277 0.02357 -1.4859 -0.48349 0.43211 0.080054 0.19788 0.19172 0.67247 -1.031 -0.33836 0.54253
1.4383 -1.3507 1.2334 -1.1077 -0.92384 0.41488 0.51753 0.030278 0.29078 0.094968 -0.59062 -0.22337 0.57204
