3.0708 -8.912 1.4617 -1.248 1.6168 -0.38904 0.6626 0.037591 0.53212 0.64435 -0.23266 -0.24295 -0.13569
3.6073 -8.818 1.6924 -1.9581 0.5889 -0.39245 1.17 0.081959 0.16853 0.46809 0.04864 0.58936 -0.0076757
4.608 -10.132 1.3448 -2.1572 1.0603 -0.13869 1.1241 -0.32057 -0.28046 0.0040114 -0.1637 0.51162 0.20846
4.7407 -9.5635 1.7395 -2.3149 0.68595 0.058816 -0.065074 0.12487 0.45356 -0.14324 -0.13362 0.38212 -0.48491
5.4581 -9.313 2.1079 -2.0399 1.1715 -0.56918 0.066111 0.050957 0.15384 -0.30376 -0.1927 0.12881 -0.22884
5.4889 -9.5432 1.7577 -2.4203 0.90166 -0.045754 0.54854 0.22428 -0.27464 -0.51487 -0.22738 0.13521 0.39358
6.1805 -9.7571 1.7264 -2.5195 0.19418 -0.71506 0.28058 0.037723 1.0195 0.57944 0.41162 0.072128 -0.018052
5.9682 -9.1056 2.1209 -1.5513 1.0928 -0.083556 0.33537 -0.0023426 0.023869 0.3147 0.441 0.065881 -0.16361
5.3271 -7.0367 1.7555 -1.4662 0.60387 -0.067668 1.4396 0.78879 0.73086 0.87765 0.81494 0.62868 0.21289
4.7287 -5.9822 1.3555 -1.5944 0.081331 -0.40397 0.93786 0.29195 0.3784 0.050864 -0.13238 0.3883 -0.26843
3.668 -2.349 1.7839 -1.7948 -0.37146 -1.3013 -0.66927 -0.77657 -0.19445 0.25551 -0.78876 -0.48363 -0.81126
4.8062 -1.0627 0.34269 -1.0954 -1.1462 -1.3655 -1.6293 -0.50423 0.7432 -0.89408 -1.0118 0.15306 -0.49505
5.4436 -2.1132 0.76002 0.22555 -1.3393 -1.8504 -2.4925 -0.00050404 1.166 -0.55842 -0.69172 0.0049962 -0.80516
5.2811 -1.6276 0.56566 0.21745 -1.1294 -1.1385 -2.3651 -0.69756 1.2847 -0.48285 -0.36467 0.25999 -0.90953
4.0882 -1.6496 0.33573 -0.62739 -0.081359 -1.581 -1.8171 -0.87859 0.87584 -0.20619 -0.74055 0.74119 -0.88719
0.63475 -2.279 1.2039 -0.54022 0.76293 -0.6581 -0.77052 -0.38202 1.2749 0.1938 -0.54234 0.44199 -0.082118
-2.1099 -2.3779 0.98961 0.22195 -0.088926 -0.3058 -0.041394 -0.64901 0.45093 0.37718 0.71062 0.054 -0.30784
-2.6006 -2.6229 0.70795 0.26521 0.080814 -0.093717 -0.11664 -0.53258 0.10604 -0.0036931 0.19649 -0.03881 -0.42034
-0.65851 -5.7433 1.1971 0.89821 0.28701 -0.4071 0.20918 -0.27007 0.38 0.28056 -0.12911 -0.50958 -0.50203
-2.0936 -4.6052 0.75875 0.66484 0.66144 0.10397 0.096461 -0.48788 0.21188 0.085267 -0.32465 -0.44795 -0.57728
-3.8265 -2.9013 0.52255 0.22396 0.47268 0.37266 0.50222 0.40234 0.46771 0.12774 -0.17031 -0.33806 -0.36979
-3.5631 -2.5098 1.0274 0.57209 0.044222 0.038642 0.15638 -0.45495 0.27933 0.094457 0.52027 0.18832 -0.39195
-3.6553 -2.8556 0.49771 0.10003 0.39032 0.41227 0.73688 0.5948 0.45378 0.12628 0.02833 -0.25517 -0.45379
-3.7223 -2.6009 0.79984 0.52507 0.78046 0.35358 -0.020986 -0.25856 0.2601 0.37674 0.54333 0.4871 -0.48161
-4.0016 -2.6711 0.57105 0.14452 0.40127 0.28408 0.5083 0.28673 0.21667 0.21699 0.36417 -0.10956 -0.33866
1.7476 -8.3475 0.18401 -0.99803 0.026609 -0.14678 0.054178 0.37982 0.50084 0.70783 0.28809 0.27396 0.0084469
2.8698 -5.2843 -0.042067 -1.0411 0.61129 0.24347 0.019461 0.62568 0.79623 0.12105 0.85467 0.72413 -0.1025
1.8773 -4.8665 0.91515 -0.63393 -0.28895 -0.44796 -0.19486 0.097894 0.61114 -0.50133 -0.1251 0.29634 -0.3215
3.0926 -0.40644 0.40153 -0.34253 -1.1989 -0.20451 -0.67638 -0.16401 0.68086 0.37963 -0.70924 0.044752 0.16702
4.5795 -0.67001 -0.20895 -1.0612 -1.5776 -0.10038 -0.95711 -0.16324 0.46181 0.84109 -1.2462 0.10106 0.0088234
4.4219 -0.44541 -0.60744 -1.2407 -0.98541 0.065413 -0.72293 0.099283 0.69306 0.66938 -1.1723 -0.026755 -0.0034848
4.3121 -0.58306 -0.43875 -1.3853 -0.71355 0.18929 -0.5789 0.17231 0.84302 0.67705 -1.2545 -0.10449 -0.15746
4.0731 -1.0496 -0.0039149 -1.5448 -0.65201 0.46054 -0.45312 0.09196 0.67186 0.80778 -1.2551 -0.10797 -0.17544
3.644 -0.98483 0.087353 -1.5269 -0.52172 0.33233 -0.37969 -0.30082 0.47585 0.70983 -1.1147 -0.17103 -0.14358
3.4862 -1.0571 0.061992 -1.7964 -0.50796 0.33162 -0.071468 -0.1679 0.39972 0.73497 -1.3028 0.29684 -0.16682
2.8013 -0.20042 -0.28559 -1.4726 -0.50412 0.071005 0.38203 -0.27019 0.33546 0.59914 -1.0686 -0.041456 0.016737
2.519 -1.0457 0.39856 -1.7883 -0.41007 0.31315 0.13706 -0.073546 0.45232 0.65857 -1.1543 0.088038 0.20044
1.8467 -0.69596 0.25798 -1.5629 -0.35989 0.24711 0.34238 0.093362 0.48123 0.63166 -0.86065 -0.0055633 0.42171
1.1204 -1.1806 0.7249 -1.3278 -0.3013 0.063282 0.74899 -0.030999 1.0497 0.69795 -0.57446 -0.33447 0.17623
0.4234 -1.799 0.93949 -0.86342 -0.16985 0.21366 1.1948 0.23237 0.7822 -0.11457 -0.80578 -0.85636 0.30264
