1.2361 -7.4418 1.9462 -0.13338 0.98837 0.18487 0.4445 1.0976 0.23025 -0.27215 0.24304 0.15415 0.50641
4.2134 -9.205 1.9454 -1.6328 1.7305 -0.24886 0.2248 0.48061 -0.47156 0.22659 0.62552 0.34135 -0.1073
5.1609 -9.2561 2.7174 -1.4823 1.0812 -0.26716 0.14876 0.089958 0.38592 -0.48991 -0.20091 0.090288 0.44552
4.7993 -10.005 1.6973 -2.1992 0.8186 -0.26018 0.44862 0.21052 0.21657 0.41047 -0.11259 0.096088 0.019989
5.4072 -9.9618 1.1816 -2.6965 1.1912 0.11676 0.68191 0.074381 0.36183 0.046326 -0.15404 0.75812 0.46265
5.9019 -9.941 1.6583 -2.2753 1.2412 -0.51518 0.7039 0.50712 0.23278 -0.053634 0.36409 0.3279 -0.21044
5.3927 -9.0638 1.3018 -2.7807 0.59945 -0.64602 0.47251 0.066916 -0.24256 0.16529 0.44453 0.34034 0.24321
6.9951 -9.5893 1.8298 -3.1311 0.62904 -1.0315 0.32524 -0.14087 0.55368 0.1787 -0.92277 -0.03025 0.078811
6.7687 -8.8738 1.7337 -2.6595 1.139 -0.23013 0.84949 -0.15394 0.063314 0.3222 -0.20287 0.025659 -0.14299
4.8322 -7.5841 2.7484 -0.60704 0.14691 0.17974 0.67836 0.60655 0.15271 -0.64719 -0.34705 0.13819 -0.34735
3.4346 -1.6323 2.4381 0.59022 -1.0065 -1.1423 -0.32874 -0.42231 -0.71392 -0.74127 -0.205 0.50516 -0.17288
5.2465 -1.7643 1.3237 0.82365 -1.4812 -1.6876 -1.8455 0.52777 -0.53475 0.048311 -0.49869 0.4997 0.45939
5.7172 -2.1866 1.256 1.3158 -1.3225 -1.9786 -2.1526 0.25193 -0.71182 0.33454 -0.45999 0.77826 0.29117
5.6974 -2.533 1.2983 0.86951 -0.9641 -2.1757 -1.9093 -0.17051 -0.6249 0.46494 -0.44686 0.6118 -0.039905
5.2853 -2.0514 1.5092 1.274 -0.93727 -2.5269 -1.8847 0.36336 -0.75242 0.39488 -0.88234 0.58739 0.14457
4.3817 -1.9166 1.4271 1.5557 -0.96948 -1.9267 -1.4692 0.21819 -0.595 -0.3642 -0.69338 0.40426 0.50667
1.8281 -2.1643 1.7516 0.98078 -0.80218 -1.7485 -0.99883 -0.020378 -0.18067 -0.43643 -0.21809 0.57532 0.63544
-1.3314 -2.959 0.72014 0.033623 -0.4536 -0.48879 -0.10093 -0.67234 0.028659 0.43429 1.3433 0.45735 -0.14954
-1.7645 -3.3205 0.56341 0.020672 0.13705 -0.53882 -1.0657 -1.4719 -0.4672 0.37096 1.5408 1.1432 -0.07098
-1.5379 -3.0818 0.74236 -0.22159 -0.94931 -0.90288 -0.37421 -1.2094 -0.5294 0.2093 1.6995 0.4652 -0.19084
-2.3109 -3.0164 0.49902 -0.31177 -0.51373 -0.5809 -0.1032 -0.50146 -0.10129 0.55799 1.5484 0.61821 0.29467
-3.6455 -2.6807 0.7508 0.28131 0.25871 -0.26773 -0.36342 -0.59113 0.18469 0.59445 0.96339 0.39595 -0.19638
-3.6716 -2.7714 0.68715 0.21492 0.31601 -0.14515 -0.44201 -0.82297 -0.27784 0.27946 0.99057 0.64192 -0.40558
-4.0932 -2.6806 0.53653 -0.2753 -0.18471 -0.30326 0.23497 -0.14224 -0.46546 0.2332 1.2244 0.30721 0.10481
-4.3909 -2.6305 0.62353 0.22346 0.50294 0.16165 0.08687 -0.12815 0.11316 0.45113 0.88278 0.60502 0.038856
-5.5019 -2.4104 0.72508 0.35103 0.65707 0.50263 0.5804 0.47478 0.53285 0.59763 0.71209 0.72217 0.72461
-5.7209 -2.2694 0.96028 0.49238 0.73352 0.39343 0.29246 0.032468 0.23087 0.59194 1.0772 0.84504 0.27965
-6.0001 -1.9926 1.3481 0.83643 1.0219 0.60422 0.40623 0.041371 0.29548 0.84517 1.5306 1.1537 0.24618
-5.8484 -2.2219 1.0001 0.64714 0.95861 0.79892 0.88794 0.74447 0.77065 0.65877 0.598 0.33876 0.12763
-5.8115 -2.5613 0.57865 0.21857 0.53162 0.39442 0.49487 0.41394 0.4588 0.47185 0.53895 0.56972 0.64649
-6.3386 -2.4496 0.65184 0.2723 0.58519 0.43004 0.52261 0.42953 0.46107 0.3988 0.41078 0.36085 0.35994
-4.9819 -2.5677 0.53839 0.15894 0.47672 0.31963 0.40709 0.3054 0.33691 0.2551 0.26145 0.19166 0.16833
-5.8801 -2.2681 0.92628 0.56153 0.87963 0.73047 0.83534 0.7099 0.71819 0.57018 0.49577 0.31364 0.21063
-5.6241 -2.2649 0.85174 0.48637 0.81332 0.66435 0.75124 0.62886 0.64251 0.59306 0.60595 0.52366 0.51376
2.3977 -3.7089 -0.35962 0.1003 0.062058 0.13475 0.16452 -0.19434 -0.65262 -0.96048 -0.2056 0.31436 0.48019
2.4204 -2.9736 0.49051 -0.9377 -0.3702 -1.2309 0.042529 0.46771 -0.17028 -0.64519 -0.67045 0.2055 -0.39374
4.0039 -0.55192 0.72827 -0.2699 -0.66454 -1.0107 -1.713 -0.1354 0.40254 -0.33089 -0.57567 0.25048 0.30674
5.6066 -1.853 0.086432 -0.23474 -1.7469 -1.1302 -1.9692 0.33621 0.083176 0.21503 -0.82785 0.50973 0.27663
5.9437 -2.2 0.15582 -0.61555 -1.7907 -0.89154 -2.0337 0.54061 0.22761 0.02248 -1.1754 0.68543 0.1652
6.1934 -2.4362 0.0043873 -0.56289 -2.2002 -1.2205 -1.5307 1.0501 0.23104 -0.31165 -1.2994 0.5667 0.26586
6.2361 -2.432 0.033693 -0.64264 -2.4439 -1.2067 -1.1767 1.1334 0.20857 -0.12274 -1.3429 0.088872 0.32137
6.1403 -2.0749 -0.29408 -0.7624 -2.3136 -0.98032 -1.1865 1.0581 0.18574 0.17569 -1.4643 -0.24954 0.39485
5.9986 -1.9047 -0.55868 -0.94276 -2.0635 -0.68005 -1.0935 0.65248 0.37258 0.23844 -1.4456 -0.43892 0.32721
5.8433 -1.8984 -0.58862 -1.2355 -1.9324 -0.48929 -1.18 0.56062 0.12111 0.45711 -1.4752 -0.38533 0.28625
5.6299 -1.666 -0.81909 -1.4815 -1.7567 -0.35845 -1.2539 0.35316 0.18406 0.32537 -1.3201 -0.35355 0.19564
5.2866 -1.6483 -1.0579 -1.483 -1.5063 -0.58403 -1.0141 0.14739 0.090236 0.41654 -1.1847 -0.36806 -0.0088362
4.5919 -1.0905 -0.99704 -1.6671 -1.1718 -0.69851 -0.9059 0.055672 0.18546 0.48366 -1.1819 -0.52268 0.11994
3.1923 0.0020135 0.182 -1.7603 -0.79019 -1.1731 -0.23092 -0.518 0.73207 -0.22644 -0.58185 -0.65304 0.19398
2.7556 -0.24263 -0.74359 -2.0822 -0.45904 -1.1702 -0.26762 0.020296 1.1581 -0.17435 -0.2001 -0.88652 0.6648
2.9152 -0.68706 -0.67392 -1.8584 -0.86413 -1.12 -0.61935 -0.05386 0.71476 -0.16816 -0.63918 -0.87724 0.37951
-1.0661 -2.749 0.094051 -0.8082 -0.59298 -0.76366 0.555 0.99308 1.1953 0.68298 0.35663 -0.81777 0.46321
-1.5737 -2.1781 0.83475 -0.19058 -0.23094 -0.46184 -0.055852 -0.46032 0.61224 -0.11665 -0.47713 -0.33978 -0.046175
