-0.55589 -9.3321 0.42089 -0.65618 1.8114 1.1994 1.1269 0.14886 0.25718 0.61601 0.4081 0.7467 0.58487
0.58054 -8.0633 1.495 -1.3624 0.87923 0.076035 1.0844 0.40302 1.0028 0.5198 0.54995 0.50035 0.61381
1.3092 -9.004 0.72353 -1.6958 1.2022 0.17326 1.2091 0.25283 0.41848 0.71729 1.0077 0.64065 1.212
0.73632 -6.9593 2.1764 0.35215 1.8647 0.093784 -0.044653 -0.19389 0.36115 0.41464 0.58474 0.35958 -0.10573
-0.86257 -3.1253 1.4447 0.39249 0.89883 0.31247 0.23084 -0.40871 -0.089762 -0.39121 0.11476 0.62373 0.15486
3.4191 -2.5328 0.10023 -1.9269 -2.341 -2.4445 -0.52234 -0.2673 -0.43779 -0.36042 -0.012122 0.17113 -0.59979
5.1256 -4.3959 -0.26788 -2.106 -2.9441 -2.632 -0.78035 0.41958 -0.58558 -0.24467 -0.45565 -0.11438 -1.5267
5.3003 -4.4359 -0.035911 -1.8032 -2.6968 -2.5917 -0.47481 0.48728 -0.56775 -0.32229 -0.77256 -0.22387 -1.7078
4.8934 -4.3761 -0.18001 -1.5023 -2.8232 -2.9442 -0.44131 0.49307 -0.86423 -0.68697 -0.68993 -0.31378 -1.5042
4.2301 -4.7648 -0.65921 -2.417 -2.8133 -3.1662 -0.95184 -0.38898 -1.142 -0.95994 -0.78468 -0.75284 -1.4336
2.8803 -3.5519 -0.17137 -2.4527 -1.5974 -2.7355 -0.89574 -0.18005 -1.0298 -0.7802 -0.24155 -0.7833 -1.4677
-0.36845 -2.5112 1.0871 0.10459 -0.82489 -1.1428 -0.0078255 -0.35315 0.74894 0.031424 0.099478 -0.8815 -0.71488
-1.7205 -3.0859 0.39013 -0.00086177 -0.19789 -0.49573 -0.39204 -0.696 -0.098489 0.11477 0.54189 0.14965 0.042609
-1.7208 -3.4772 0.15036 -0.81743 -1.1059 -1.0688 0.32298 0.073893 0.0055992 -0.52174 -0.30083 -1.2258 0.56747
-1.2773 -3.8399 -0.13559 -1.1264 -1.27 -1.2417 0.44641 0.50583 0.31095 0.13848 0.29393 -1.3748 0.85907
-1.2994 -3.4578 0.18888 -0.91306 -1.313 -1.0542 0.64332 0.27772 0.37244 0.47602 0.8904 -1.1588 0.85594
-2.409 -3.1917 0.31909 -0.75171 -1.1108 -0.80471 0.83563 0.57521 0.35127 0.15552 0.40157 -1.0821 1.084
-4.195 -3.029 0.16632 -0.44677 -0.12618 -0.1747 0.58111 0.46926 -0.0088944 -0.0025317 0.17845 -0.5633 0.41052
-5.9836 -2.9146 0.22932 -0.26689 0.058947 -0.053246 0.31594 0.22649 0.14282 0.48796 0.92597 0.54032 0.60385
-4.0684 -2.7443 0.57794 -0.12394 -0.30074 0.042326 1.0772 0.65346 0.1628 -0.082584 0.28158 -0.6828 0.28483
-4.7465 -2.5802 0.60168 -0.15402 -0.044486 0.024664 1.0029 0.72258 0.094923 0.36152 1.008 -0.13309 0.38591
-4.1121 -2.6109 0.71828 -0.24419 -0.75732 -0.24915 1.1224 0.4365 -0.11532 0.10476 1.1205 -0.42078 0.2154
-4.8602 -3.1266 0.11811 -0.67886 -0.032945 0.18437 1.709 1.6538 0.42701 0.70583 1.1734 -0.60924 0.3857
-2.0499 -2.1247 0.55915 0.23411 0.44794 0.018809 0.73601 0.94314 0.85247 0.1671 -0.49421 -0.47422 0.076786
3.0333 -1.7088 -1.8491 -2.0257 -1.2572 -1.4713 0.22557 0.58146 -0.33481 -0.60639 0.38792 0.36427 -0.05442
4.9438 -4.2196 -3.421 -2.4662 -1.5441 -0.72716 -0.013592 1.0237 -1.0059 -1.1226 -0.37775 0.16088 -0.77635
5.2093 -4.5789 -3.7746 -2.8392 -1.3561 -0.7204 -0.28716 0.58109 -1.3479 -1.3127 -0.39152 0.35189 -0.35551
5.1211 -4.8075 -3.798 -3.1441 -1.1049 -0.6694 -0.77697 0.41774 -1.5632 -1.3389 -0.49661 0.05444 -0.57971
4.8632 -5.5214 -3.5676 -3.3667 -1.2181 -0.39248 -1.0996 0.2606 -1.605 -1.1516 -0.45169 0.20909 -0.30168
4.1606 -5.3527 -2.8941 -3.1065 -1.0048 -0.10874 -1.3079 0.21149 -1.4723 -1.1442 -0.32624 0.35358 -0.41292
2.5841 -4.5085 -2.262 -2.8108 -0.75701 -0.91738 -1.1687 -0.42495 -1.4206 -1.043 -0.28847 0.0060375 -0.48021
1.1862 -3.3482 -0.95247 -1.5411 -0.62966 -1.0296 -0.74232 -0.56534 -0.78613 -0.98409 0.10746 0.71101 0.17326
0.30593 -3.9455 -1.1311 -0.94958 -0.67147 -0.99583 -0.99641 -0.90684 -0.7526 -0.94291 -0.052541 -0.63393 0.18917
