-1.3453 -7.7658 1.1048 0.05299 1.1385 -0.25977 0.15348 0.79629 0.78683 0.16767 0.27591 0.28883 0.18664
-0.81742 -5.3651 1.4123 -0.45074 -0.15151 0.57362 1.2881 0.36228 1.1868 0.71021 0.15091 0.41093 0.45197
0.91319 -8.7012 1.5052 1.0154 0.28762 1.1829 0.61504 -0.38123 -0.21603 0.79196 0.99786 0.38305 0.24449
1.4922 -9.0062 1.824 1.0739 0.28961 0.84092 0.96621 -0.23005 0.031931 0.085897 0.33516 0.10492 0.15446
1.3626 -8.7062 0.9551 -0.17417 0.81947 0.41933 0.52874 0.07343 -0.14659 1.05 0.92808 1.0297 0.85986
2.2492 -9.6451 1.0604 0.26253 0.71298 0.059454 0.19906 0.16271 0.04747 0.41838 -0.26763 -0.50874 -0.35509
2.0288 -10.388 0.61136 0.40409 0.61528 0.96894 0.50329 0.4121 0.28032 0.27725 0.095009 0.33927 0.29497
1.8237 -9.132 0.89066 1.1909 0.84142 0.015662 -0.87469 0.034524 1.0235 0.36899 0.12089 -0.1859 0.089579
1.9878 -6.3449 2.1214 0.57461 1.046 0.94183 0.051743 0.050018 0.58728 0.13824 -0.21559 -0.48703 0.32218
2.5585 -7.4274 2.0519 -0.14402 -0.18084 -0.50225 -0.52846 -0.84324 0.085169 0.62403 -0.26183 0.13328 0.19055
3.9483 -5.4287 1.4096 -0.074075 -3.0774 -1.7428 -0.71106 -1.9388 -0.83947 0.59443 0.86262 1.5136 0.87515
5.9232 -7.7735 1.1404 -0.085124 -3.0773 -2.5896 -0.88863 -1.9849 -0.27527 0.54916 0.57259 1.7562 1.6264
6.2709 -9.2487 0.12762 -0.9331 -4.4843 -3.4328 -1.591 -2.6853 -0.90596 -0.28306 0.034785 1.3419 1.6667
6.1899 -8.6203 0.59346 -0.23007 -3.8116 -2.6235 -0.98278 -2.3414 -0.7231 -0.11742 0.31464 1.7341 2.1501
5.7464 -8.0981 0.31685 -0.058957 -3.4381 -2.2628 -0.9917 -2.4192 -0.58341 0.31875 0.40255 1.6126 1.7248
3.9038 -6.4377 0.42711 1.1961 -2.5485 -1.8879 -0.64544 -2.2302 -1.3463 0.035154 0.10553 1.4215 0.90874
0.53087 -3.4136 1.2925 1.179 -1.3464 -0.91527 -0.44789 -2.0937 -0.34044 -0.60162 0.48989 0.52995 1.0336
-1.6907 -3.4747 0.79291 0.72332 -0.61489 -0.58569 -0.5332 -1.1245 -0.54982 0.24242 1.6581 0.98427 0.84705
-3.1555 -2.8035 0.81403 0.49644 0.36772 -0.079421 -0.43197 -0.71317 -0.323 0.050139 0.91803 0.96062 0.033319
-2.6187 -3.3583 0.55778 -0.44657 -0.96983 -0.56913 -0.21228 -1.1742 -0.54425 -0.059508 1.3544 0.88293 0.39188
-3.4633 -3.7663 0.031535 -0.52111 -1.3015 -0.96665 -0.1827 -0.83162 -0.81794 -0.187 1.3621 0.70289 0.77737
-2.1226 -3.5156 0.49672 -0.054522 -0.21616 -0.49311 -0.75639 -1.4362 -0.43794 -0.021849 1.1693 1.246 0.65072
-2.8062 -3.0362 0.78598 0.17244 0.064618 -0.093571 -0.13399 -0.77252 -0.56028 -0.016419 1.1566 1.0152 0.50318
-2.6069 -3.113 0.52876 -0.29088 -0.30543 -0.34882 0.03973 -0.57819 -0.89283 -0.088492 1.2144 0.73125 0.36515
-1.6501 -3.3692 0.9143 0.027216 -0.74168 -0.62357 -0.37442 -1.3754 -0.76492 -0.20656 1.4982 1.0483 0.47759
-2.5655 -3.8312 1.059 0.057745 0.2317 -0.28042 -0.89022 -1.4479 -0.75302 0.50904 2.5026 2.1936 0.11044
-3.5789 -3.0389 0.95965 0.12283 0.039216 -0.40249 -0.69004 -1.1529 -0.33321 0.41078 1.4456 1.0878 0.081687
-2.2093 -3.2925 0.87827 -0.027108 -0.80445 -0.65219 -0.37433 -1.3747 -0.31082 0.30225 2.1949 1.5618 0.80819
-2.4583 -3.5873 0.87418 -0.063927 0.019895 -0.41449 -0.81427 -1.3457 -0.682 0.47924 2.2149 1.8147 0.13653
-5.24 -2.7604 0.37875 -0.02316 0.28624 0.11374 0.22742 0.12588 0.22881 0.36856 0.60326 0.44232 0.21721
-5.4421 -2.6265 0.74867 0.32207 0.62289 0.20542 -0.14267 -0.39118 0.091868 0.56287 1.1201 1.07 0.20257
-5.2729 -2.7093 0.93998 0.67504 1.0741 0.31711 -0.74372 -0.97167 0.19297 0.55818 0.94087 1.349 -0.20285
-4.9254 -2.4778 0.65434 0.30586 0.65268 0.54041 0.64019 0.58068 0.58252 0.32334 0.14534 0.15376 0.24181
0.6923 -2.9179 -1.0912 -0.69933 -0.91447 -1.133 -0.11556 0.53514 0.36873 -0.19818 0.25579 -0.045029 -0.32196
5.237 -3.9587 -3.8831 -1.8179 -2.3137 -1.9249 -0.13818 0.84642 0.023299 -1.401 -0.20067 -0.67032 -1.3275
6.1474 -4.0516 -4.7568 -1.6746 -1.3527 -0.79681 0.63648 0.85252 -0.71751 -1.6852 0.12238 -0.28707 -0.28146
5.9031 -4.3395 -5.7183 -1.7656 -1.1748 -0.92913 0.1401 0.21802 -0.82117 -1.2148 -0.047434 -0.46082 -0.72674
5.7038 -3.7929 -5.6404 -2.4082 -0.3984 -1.0587 0.23992 -0.5171 -0.76033 -1.3383 -0.12873 -0.23284 -0.80955
5.6048 -3.7524 -5.2814 -2.2502 0.50611 -1.1487 -0.51415 -0.64103 -0.91366 -1.0688 0.068662 -0.10754 -0.72057
5.2747 -4.0613 -5.3884 -2.5126 0.37701 -1.5169 -1.052 -0.62292 -0.88763 -1.2615 -0.31273 -0.13196 -0.49901
5.1963 -3.8954 -4.8646 -2.4676 0.61911 -1.6375 -1.3691 -0.29982 -0.81203 -1.0694 -0.31336 -0.34866 -0.15394
5.0144 -3.8502 -4.8495 -3.1559 0.6568 -1.6227 -1.6977 -0.23197 -0.88436 -0.62883 -0.16735 -0.10705 0.19548
4.7629 -3.3471 -4.4882 -2.7551 0.86052 -1.1688 -1.5236 -0.51707 -0.68157 0.014938 0.14658 -0.036838 0.62783
4.6663 -3.7546 -4.6879 -3.3259 0.32955 -1.2373 -1.8107 -0.74817 -0.86071 -0.10507 -0.39738 -0.018954 1.0645
4.4763 -4.7796 -4.5197 -3.5696 -0.3885 -1.5227 -1.9903 -0.6233 -0.34494 0.051348 -0.4819 0.40787 1.6764
3.8927 -3.9606 -3.9063 -2.7952 0.17257 -1.7936 -2.049 -0.26308 0.12147 -0.25578 -0.76093 0.54307 1.8558
2.5766 -3.164 -2.8811 -3.0755 0.32014 -1.5987 -1.1143 -0.48376 0.26466 0.14834 -0.40782 0.69095 1.2636
1.4522 -2.909 -2.2681 -2.4812 0.025513 -1.284 -1.134 -0.43807 0.16333 0.28422 -0.44872 0.70581 0.96465
0.88028 -3.4496 -2.6194 -3.3899 -0.839 -1.3475 -0.69983 -0.41803 0.27632 0.6072 0.11371 0.73924 0.87546
