-0.33884 -5.9961 0.58227 0.49875 0.36545 -0.24592 -0.21179 -0.089397 1.0435 0.96955 0.26149 0.46916 0.68479
0.55708 -7.3694 0.10132 0.27291 0.77027 0.24526 0.37988 -0.22946 -0.25366 0.45802 0.67272 -0.52296 1.091
0.32231 -7.9531 0.32715 -0.42313 0.621 0.41729 1.2194 0.36151 0.41118 0.56004 0.25251 0.70466 0.89286
-0.22696 -6.576 0.73175 -0.47017 1.0493 0.2831 0.60125 0.10586 -0.0061554 0.077899 0.16705 0.31162 0.13746
-0.70063 -8.328 0.3208 0.55425 0.11177 0.036763 0.49803 0.011752 0.21643 1.0094 0.35176 -0.1864 0.4379
-1.6293 -7.0383 0.64083 -1.112 -0.46419 -0.36375 0.62441 0.97165 0.70389 0.82212 0.40101 0.48836 0.81309
-1.9977 -6.7803 0.099399 -0.72106 -1.1403 -0.18447 0.61373 0.61253 0.82388 0.99707 0.83879 0.38004 0.69856
-3.6588 -5.4774 1.4289 0.20068 0.40335 0.18758 -0.16709 -0.71493 -0.42275 0.49522 0.52518 0.40887 0.41981
-4.289 -4.2699 1.1275 -0.038631 0.55112 0.093316 0.16071 0.064914 0.52339 0.47025 0.8443 0.68373 0.40547
-1.481 -8.5637 1.1791 0.02674 0.43178 0.84205 0.65091 0.50593 0.49266 0.34603 0.38279 0.97861 0.31458
-0.88981 -8.8828 -0.14839 0.1154 0.5539 0.70606 0.50314 0.037189 0.53214 0.43015 0.27828 0.50204 0.59022
0.60935 -8.5453 0.89693 -0.0064673 0.19071 -0.26446 -0.012478 -0.18148 0.21488 0.36137 0.54163 -0.065506 0.42663
1.0912 -5.0047 2.4032 0.07301 -1.2567 -0.95798 -0.81509 -1.2261 0.093202 -0.087299 0.37658 -0.1764 0.60405
3.0452 -3.2509 0.5308 -0.65253 -3.6587 -2.4217 -0.34491 -2.1398 0.93375 -0.48162 0.35307 -0.67911 -0.038385
4.0664 -5.2172 0.74156 -0.80674 -3.8368 -2.0638 -0.14764 -1.8468 1.1162 -0.57248 -0.090744 -0.9023 -0.0615
3.9169 -5.3317 0.36547 -0.91297 -3.9796 -2.3462 -0.24961 -1.9475 0.91927 -0.656 -0.63556 -1.1957 -0.38851
3.8303 -4.6879 0.69305 -0.54703 -3.6347 -1.8348 -0.16993 -1.6112 1.1014 -0.51984 -0.50361 -0.89566 -0.19777
3.5045 -4.7379 0.31702 -0.46223 -3.8307 -1.8302 -0.10295 -2.1792 0.78718 -0.40473 -0.19022 -0.63265 -0.11615
2.0133 -3.6072 0.56935 0.12138 -2.8975 -1.8716 0.18602 -1.9311 0.58349 -0.74227 -0.38087 -0.39927 -0.10982
-0.55822 -2.6581 0.76821 -0.13348 -1.2943 -1.2939 -0.088587 -0.78741 0.43062 -0.54194 -0.13403 -0.75771 -0.0031236
-1.709 -2.3521 1.2618 0.22207 -0.4584 -0.84674 -0.85803 -1.4426 0.77234 -0.059419 -0.14568 0.14732 -0.14473
-3.3929 -2.8173 0.50622 -0.046002 -0.09157 -0.21307 0.2625 -0.087474 -0.084172 0.14296 0.65933 -0.019725 0.35764
-3.4848 -2.9351 0.39622 -0.24344 -0.40098 -0.48561 -0.13367 -0.53378 -0.29614 0.14084 0.9569 0.37298 0.07979
-4.075 -2.8087 0.65334 0.073345 -0.070426 -0.23898 -0.102 -0.60693 -0.33487 0.16018 0.90919 0.31194 -0.30168
-4.4036 -2.9447 0.43789 -0.87033 -1.0924 -0.61086 1.424 0.86273 -0.50015 0.37751 1.9886 -0.27951 0.78757
-4.6834 -2.8051 0.31787 -0.43683 -0.3173 -0.1838 0.76952 0.51244 -0.12228 0.14257 0.8202 -0.044152 0.66435
-4.7041 -2.8708 0.56582 -0.15052 -0.66851 -0.76759 -0.3212 -0.81469 -0.12909 0.23886 1.0136 0.14485 0.033237
-4.8758 -2.823 0.36643 -0.18258 0.023082 -0.090158 0.40421 0.19844 -0.063584 0.25084 0.76363 0.072164 0.23611
-5.4339 -2.4025 0.74765 0.41352 0.73045 0.46263 0.32101 0.16006 0.36079 0.35403 0.39122 0.4039 0.062581
-4.908 -2.449 0.7823 0.086724 -0.13111 -0.023164 0.72762 0.31809 0.2392 0.30097 0.84248 0.05054 0.45992
-4.881 -2.5736 0.50746 -0.36598 -0.27575 -0.45507 0.36921 0.26574 0.063077 0.49929 1.0239 -0.024643 0.64959
-5.2938 -2.68 0.43399 -0.57604 -0.30046 -0.42108 0.78803 0.66047 -0.18273 0.59119 1.5642 0.031903 0.7273
-4.7923 -2.5314 0.60754 0.077056 0.14617 0.15631 0.58197 0.32079 0.26962 0.2939 0.61528 0.1914 0.37673
-5.0858 -2.4074 0.92052 0.60065 0.88034 0.37411 0.039159 -0.1478 0.3694 0.73325 1.1368 0.9701 0.03515
-4.8026 -2.5661 0.83283 0.90751 1.367 0.73223 -0.35254 -0.41238 0.69636 0.4795 0.03205 0.82549 -0.43388
-6.3407 -2.6124 0.70126 0.31432 0.55426 0.12885 -0.13276 -0.3942 0.01391 0.39285 0.84101 0.64074 -0.18186
-2.1472 -5.5577 0.23759 0.42135 -0.0094431 0.49591 -0.085788 0.43905 0.17108 0.19225 0.031653 0.35318 0.026143
0.25876 -3.9532 1.026 -0.11238 -0.9819 -0.83785 -0.40945 -0.015203 -0.21398 0.22435 0.26601 0.79582 0.724
4.1254 -2.7448 -1.9272 -1.4296 -3.0491 -2.6785 0.35754 -0.46517 0.60147 -0.31389 0.98668 -0.75588 0.11271
5.1572 -4.8124 -3.6068 -2.1151 -3.1427 -1.9796 0.76587 -0.35969 -0.151 -1.2828 0.39135 -0.6837 0.72105
4.949 -4.3966 -3.6833 -1.9677 -1.6823 -1.0899 0.69171 -0.45064 -0.66597 -1.0261 0.57369 -0.092293 0.24565
5.2715 -4.5386 -4.9355 -2.1013 -1.2425 -1.3403 0.44529 -1.0583 -1.1503 -0.99901 0.65008 0.29741 0.13713
5.6795 -4.4255 -5.3333 -2.4037 -0.97102 -1.4515 0.48638 -1.037 -0.94668 -1.2154 0.47561 0.84256 0.027847
5.798 -4.6704 -5.7562 -2.7416 -0.64414 -1.5681 0.094363 -0.96615 -0.80394 -1.0742 0.60109 1.2586 -0.019898
5.6864 -3.8779 -5.4992 -2.7711 -0.38812 -1.5786 0.21625 -0.81589 -0.6426 -1.4435 0.4834 1.0735 0.056821
5.4573 -3.1121 -5.1147 -2.5097 -0.29654 -1.2836 -0.035755 -0.84237 -0.45166 -1.4978 0.46513 0.83724 0.2996
5.2715 -3.9296 -5.4282 -2.9502 -0.54637 -1.2556 -0.67346 -0.89997 -0.43621 -1.3676 0.4987 0.9092 0.54298
5.1715 -3.3571 -4.9108 -3.1719 0.010969 -1.2159 -0.91763 -1.0423 -0.73226 -1.6526 0.027271 0.7773 -0.074456
5.0249 -3.8612 -5.1485 -3.2226 -0.0061615 -0.92462 -0.97672 -0.64704 -0.61707 -1.4574 0.26339 1.3214 0.55541
4.6613 -3.5601 -4.7035 -3.1115 0.1028 -0.48355 -1.179 -0.21081 -0.50294 -1.069 0.57396 1.1493 1.0138
4.1709 -3.1741 -4.0151 -3.115 0.053534 -0.35195 -1.4317 -0.31569 -0.33831 -1.5754 0.58399 0.57338 0.67056
3.5125 -2.9779 -3.7167 -2.8706 0.023565 -0.4688 -1.4517 -0.40692 -0.44664 -1.6092 0.58089 0.47474 0.67396
2.6664 -2.9168 -3.2031 -3.0893 0.22531 -0.89796 -1.3496 -0.915 -0.38801 -1.2604 0.35939 0.584 1.0634
1.6339 -3.4813 -2.4236 -2.996 -0.20605 -0.71888 -1.8253 -1.1073 -0.18048 -0.57006 0.31094 0.49548 1.433
0.66514 -2.8021 -0.71345 -2.2826 0.059903 -0.29178 -1.112 -1.6436 -0.72248 -0.60627 0.19299 0.7504 1.4203
-0.077076 -2.7776 -0.42465 -2.6597 -0.43841 -1.0136 -0.36873 -1.3002 -0.52063 -0.36872 0.070394 0.49068 1.3299
