-1.2958 -7.9445 0.11362 -0.7949 -0.03073 0.45705 0.90182 1.0598 0.60682 0.82199 0.79109 0.33229 0.75231
-0.41202 -9.5517 -0.36945 -0.50104 0.27419 1.0947 0.93763 1.2821 0.8089 0.49655 0.77299 0.63509 0.34144
0.063817 -6.9713 2.2171 -0.37491 0.512 0.26162 0.97725 1.1284 0.063837 0.49438 0.66465 0.012326 0.32048
0.40057 -8.1964 1.4931 -0.016094 1.0548 0.44906 0.56033 -0.048304 0.18622 0.52306 0.69595 0.58988 0.20881
0.37517 -7.1536 1.9183 -0.37047 0.93959 0.055052 0.30622 0.053462 0.2478 0.10266 -0.28332 0.28097 0.32169
0.77499 -7.3803 1.8219 -0.53313 1.0253 -0.54415 -0.60176 0.32265 0.21855 1.005 0.99735 0.20715 0.46082
0.84377 -7.8476 1.3638 -0.30284 1.1799 0.12693 0.32499 0.62659 0.24849 0.39477 0.53998 0.25532 0.27721
1.0954 -8.6843 1.636 0.030861 0.33143 -0.28419 0.15145 1.2347 0.41148 0.31013 0.20339 0.33397 0.7718
1.0253 -8.3288 1.6888 -0.085255 0.92153 0.34139 0.5024 0.69164 0.47508 0.51202 0.50114 0.38749 0.65379
0.23375 -8.0501 1.5988 0.24151 0.38851 -0.20638 0.27265 0.47017 0.38814 0.066855 -0.074824 0.49017 1.45
-0.34388 -3.5937 2.4306 -0.15999 -0.43255 -0.89207 -1.0761 -1.4023 -0.24567 -0.086686 0.17924 -0.21061 0.077736
2.6661 -4.5816 2.0219 -0.7174 -2.7099 -1.2204 -1.3006 -1.1296 -1.0191 0.23491 -0.32716 -0.34263 -0.11723
3.3371 -5.2593 2.2563 -0.35572 -2.9271 -0.89502 -1.5271 -0.77343 -1.0874 0.27159 -0.21929 -0.11772 -1.0791
2.6326 -5.0829 1.8651 -0.43313 -2.3605 -0.84324 -1.1388 -0.92584 -1.0855 0.033665 -0.12211 -0.47873 -1
0.98506 -3.6876 1.5954 -0.13526 -1.5457 -1.3449 -1.003 -1.3862 -0.75367 0.19822 -0.055857 -0.56449 -0.5112
-0.96821 -2.5983 1.4358 0.18165 -0.66154 -0.74381 -0.31026 -1.2514 0.026464 0.10766 0.56819 -0.21896 -0.421
-2.6568 -3.0351 0.47939 -0.47636 -0.83579 -0.95276 0.3753 -0.023337 -0.079823 0.53743 1.6886 -0.044349 0.5755
-3.802 -2.7372 0.59499 -0.033074 0.051587 0.0038109 0.69886 0.30965 0.014904 0.34686 1.1297 0.073123 0.031017
-4.4032 -2.5883 0.70776 0.095284 0.15444 0.079414 0.33594 -0.11356 -0.26237 0.039863 0.59379 0.07237 -0.20435
-5.6225 -2.483 0.63105 0.26061 0.59698 0.49127 0.62139 0.53498 0.48374 0.25043 0.11852 0.10092 0.24022
-6.1996 -2.2871 0.98188 0.51449 0.70674 0.33645 0.24684 -0.053621 0.15184 0.55164 1.0441 0.62934 -0.080647
-5.5926 -2.552 0.84314 0.1583 0.25635 -0.052498 0.15011 -0.26152 -0.27867 0.47625 1.452 0.61227 -0.11416
-4.565 -2.6166 0.6341 0.34785 0.66903 0.26995 -0.075872 -0.27114 0.16035 0.28112 0.43164 0.46899 -0.22049
-5.2503 -2.5866 0.75858 0.28814 0.45646 0.06543 0.16713 -0.087077 0.066288 0.64419 1.2866 0.5162 -0.15492
-5.2146 -2.5796 0.86612 -0.40964 -0.51104 -0.31153 1.36 0.8192 -0.50139 0.52779 2.1621 0.053809 0.29848
-5.815 -2.5087 0.81866 0.19309 0.37289 0.21161 0.84532 0.57816 0.24769 0.73702 1.5616 0.52834 0.21828
-6.0038 -2.4593 1.027 0.54283 0.78011 0.36883 0.51484 0.29817 0.49658 1.2273 2.0686 1.1894 0.30889
-6.2188 -2.2299 0.89281 0.51746 0.83749 0.6648 0.72877 0.59162 0.61728 0.5511 0.57791 0.45779 0.36798
-5.88 -2.3609 0.75163 0.39006 0.71445 0.56565 0.65779 0.57066 0.58945 0.48007 0.46289 0.43886 0.4478
-2.87 -2.9409 -0.075014 -0.098332 -0.16958 0.027943 0.22486 0.12025 -0.14662 0.3103 0.52224 0.21319 0.31237
1.0888 -1.3835 -0.15465 -1.0146 -1.5161 -1.476 0.042992 -0.14242 0.41636 -0.78988 0.041984 -0.48612 -0.29747
3.8374 -2.7348 -2.4276 -1.6195 -2.124 -1.3822 0.021534 0.38518 -0.018809 -1.2345 0.0083857 -0.27896 -1.0929
4.2381 -3.1162 -2.3922 -1.7594 -1.8741 -0.98957 0.090045 0.70609 -0.38917 -1.2835 -0.012597 -0.28411 -0.9444
4.2191 -3.3879 -2.7361 -1.9462 -2.079 -0.87198 0.10023 0.29374 -0.75376 -1.4535 -0.12947 -0.53234 -0.69404
4.1525 -3.2529 -2.4268 -1.8103 -1.8912 -0.9321 0.28847 0.38922 -0.62451 -1.4997 -0.11708 -0.32819 -0.84015
4.0146 -3.2376 -2.3126 -1.7836 -2.153 -0.9518 0.26388 0.35804 -0.64278 -1.4755 -0.22424 -0.32855 -0.85918
3.8004 -3.1446 -1.9271 -1.9232 -1.8436 -0.95797 0.37193 0.44181 -0.60936 -1.3358 0.14529 -0.28266 -0.74718
3.7214 -3.4008 -1.9751 -1.6212 -2.101 -0.78135 0.15443 0.44377 -0.66186 -1.449 -0.037128 0.027754 -0.76073
3.6265 -3.6686 -2.1778 -2.0148 -2.2607 -1.3659 0.10421 0.4183 -0.61375 -1.6906 -0.029842 -0.34029 -0.85278
3.2817 -3.0246 -1.8698 -1.7588 -1.9764 -1.1143 -0.019344 0.63175 -0.21285 -1.3233 0.17766 -0.13657 -0.73037
2.8667 -2.5966 -1.5273 -1.6826 -1.8613 -1.2488 -0.31378 0.58438 -0.15817 -1.3898 0.47084 -0.3073 -0.77413
2.237 -2.0227 -0.43797 -1.7708 -1.8312 -1.2598 -0.52252 0.31207 0.4255 -1.7969 0.44634 -0.15312 -0.98152
0.78304 -1.9742 0.78628 -0.8848 -1.6673 -1.26 0.078027 -0.67677 0.18132 -1.2125 -0.1738 -0.55827 -0.50231
-0.45124 -2.5541 0.67897 0.086969 -0.54581 -0.50509 0.15383 -0.53993 -0.10293 -0.97732 -0.48359 -0.072166 -0.38788
-1.2064 -3.3051 -0.14106 -0.79062 -0.082141 0.27486 0.68222 0.39046 -0.49041 -0.82057 -0.50308 -0.67699 -0.75216
