-1.786 -5.4377 1.3088 0.66219 0.037104 0.57045 0.39959 0.22738 0.26592 0.29438 0.59431 0.90382 0.38153
-1.6259 -6.9212 0.16288 -0.38411 0.41956 0.93813 0.72256 0.44476 0.47861 0.32436 0.13164 0.061812 -0.18949
-1.0869 -8.9015 -0.40786 -0.41202 0.62891 0.88012 0.8422 0.30434 0.60765 0.52996 1.3521 0.37784 0.3429
-1.5207 -7.3162 1.7211 -0.35845 0.014879 0.36225 1.3987 0.081033 -0.16315 0.85315 0.91942 0.40222 0.90139
-1.0313 -6.9128 1.0464 0.80609 0.27475 0.1729 0.63723 0.0041621 0.84774 0.7126 0.85752 -0.22009 -0.62894
-0.00024583 -9.2 -0.092399 -0.68002 0.1 1.3622 1.5663 0.33767 0.38198 0.82741 0.58834 -0.018643 0.70138
-0.48971 -6.751 1.4643 0.012458 -0.75964 0.31168 1.2314 -0.39611 0.8668 0.36344 0.72026 0.261 0.36098
-1.4231 -7.4867 0.7964 0.6638 0.53031 0.68128 0.8959 0.47812 0.78 0.48738 0.85742 0.073846 -0.18205
-2.4662 -5.2524 1.6882 0.3777 0.71314 0.63328 0.32532 -0.086352 -0.23193 0.17072 0.089446 -0.14581 0.48484
0.04681 -2.7386 1.8864 -0.2976 -1.1428 -1.4442 -1.0615 -1.3879 -0.5757 -0.06083 -0.44777 -0.2544 -0.090034
1.6943 -3.5931 2.1068 -0.54882 -2.23 -1.6669 -1.1444 -1.2943 -0.81441 -0.15099 -0.27787 -0.16043 -0.5092
1.8292 -4.0218 1.4856 -0.56762 -2.5467 -1.5664 -0.48066 -1.4696 -0.8112 0.079394 -0.59392 -0.55009 -0.59217
2.1036 -4.5633 1.4885 -0.3007 -2.0869 -1.7083 -0.61672 -0.85967 -0.9331 -0.12351 -0.51911 -0.36341 -0.66897
1.1477 -3.9286 2.3165 -0.31235 -1.8676 -1.4284 -0.55153 -0.8269 -0.99687 0.15548 -0.43446 -0.52774 -0.48619
-0.93023 -2.5348 1.5977 0.22885 -1.013 -1.3502 -0.54599 -1.249 -0.30562 -0.076315 0.45789 -0.27224 0.030378
-1.659 -4.1638 -0.43863 -1.0998 -0.53458 -0.87968 0.12612 -0.081197 -0.1866 0.80329 2.0326 0.21363 -0.15545
-2.6453 -3.1404 0.41416 -0.62045 -0.84951 -1.1088 0.049634 -0.16609 0.47921 0.93411 1.296 -0.20643 1.0185
-4.5039 -2.8374 0.44642 -0.33483 -0.21784 -0.28794 0.77795 0.71304 0.44919 0.68307 1.1921 0.20568 0.95021
-4.5548 -2.8557 0.43258 -0.43755 -0.25735 -0.25562 0.95413 0.72192 0.003674 0.6556 1.7065 0.28725 0.66033
-4.7412 -2.9758 0.29097 -0.69758 -0.35361 -0.23936 1.4764 1.443 0.34772 0.75948 1.566 -0.093153 0.93619
-5.7229 -2.4236 0.84162 0.52342 0.81193 0.56477 0.61585 0.46167 0.57992 0.59299 0.64595 0.31146 0.032639
-5.6675 -2.645 0.56233 -0.23083 -0.088802 -0.05659 0.82972 0.46348 -0.19385 0.31886 1.2584 0.093699 0.2662
-4.7035 -2.5533 0.84266 0.64854 0.98579 0.46972 -0.18698 -0.46062 0.17971 0.24574 0.27342 0.55211 -0.40595
-5.1347 -2.3486 1.1778 0.87423 1.1374 0.5525 -0.23119 -0.58191 0.21061 0.42627 0.63058 0.92809 -0.32511
-5.4013 -2.4336 0.71832 0.19654 0.44167 0.33279 0.63173 0.36455 0.12922 0.26965 0.64308 0.21249 0.26197
-6.1178 -2.4996 0.65443 0.31638 0.66857 0.58374 0.76311 0.70426 0.60117 0.30567 0.11499 0.14016 0.47796
-6.6301 -1.8414 1.2836 0.74932 0.98923 0.8682 1.2579 1.1099 0.91547 1.0176 1.2532 0.73745 0.80717
-6.5051 -2.2843 0.89569 0.58004 0.99356 0.96099 1.1233 1.0222 0.89651 0.49591 0.18716 0.049005 0.16603
-6.1051 -2.3025 0.95998 0.48873 0.70905 0.33541 0.24758 0.0046286 0.26606 0.68032 1.1679 0.82663 0.2006
-0.57201 -5.7805 -0.57904 -0.79334 -0.16884 0.51673 0.40955 0.52026 0.55144 0.58217 0.31364 0.25584 0.099815
1.085 -2.0542 -0.55656 -1.0524 -1.333 -1.2661 0.30771 0.36276 -0.18409 -0.74138 0.29935 -0.39633 -0.77529
3.96 -2.7018 -2.0773 -1.6871 -2.2976 -1.4396 0.52659 0.043411 -0.12721 -1.2058 0.58092 -0.78663 -0.79323
3.7869 -2.5348 -2.4793 -1.8371 -1.4641 -1.4162 0.84026 -0.19239 -0.41933 -0.9588 0.16932 -0.13106 -0.65741
3.7198 -2.6608 -2.3293 -2.0405 -1.4917 -1.118 0.72346 -0.25728 -0.47472 -0.77445 0.31207 -0.30165 -0.68442
3.6366 -3.0948 -2.1943 -2.5634 -1.7413 -0.87916 0.29532 -0.17103 -0.64651 -0.91671 0.034157 -0.28718 -0.63379
3.5158 -3.0713 -2.0897 -2.4807 -1.8539 -0.89814 0.24994 0.0027028 -0.80531 -0.65248 -0.14074 -0.54231 -0.67037
3.3022 -3.0301 -1.6487 -2.3945 -1.3979 -0.88972 0.46862 -0.17694 -0.39795 -0.54738 -0.019646 -0.36066 -0.35618
3.2254 -3.1959 -1.4511 -2.491 -1.3367 -1.0936 0.4542 -0.061741 -0.67754 -0.36749 0.15243 -0.61164 -0.27252
2.877 -2.9686 -1.4668 -2.7451 -1.7337 -1.3035 0.23581 -0.21526 -0.60353 -0.9456 0.14347 -0.67001 -0.72979
2.6411 -2.6326 -1.1109 -2.1026 -1.6316 -1.0896 0.28554 -0.15221 -0.24002 -0.7556 0.4159 -0.58001 -0.47006
2.1972 -2.2287 -0.97657 -1.4632 -1.9602 -0.86343 0.067668 0.084586 -0.22375 -0.96706 0.80304 -0.61112 -0.10466
1.4918 -2.0144 0.2256 -1.4091 -2.1129 -1.1035 0.25451 -0.41238 -0.17873 -1.235 0.42995 -0.45142 -0.2357
-0.17686 -1.2018 0.57749 -0.57853 -1.4193 -1.2685 0.28305 -0.68586 0.088363 -1.0139 0.33338 -0.76244 -0.34927
