0.51521 -7.3426 0.33187 -1.5442 0.030475 -0.032906 1.3317 0.67047 -0.06739 0.34935 0.44726 0.12782 0.3516
0.38079 -7.8681 0.32956 -0.91987 0.53236 0.35522 0.90859 0.6379 0.13171 0.49193 0.29511 0.053468 0.25446
0.94681 -8.2673 1.1673 -0.3148 0.93683 -0.43527 0.2991 -0.27545 -0.046378 -0.055955 0.33615 0.32636 -0.095336
0.97216 -8.8284 0.26055 -0.96956 0.8783 0.31322 0.99185 0.49792 0.48568 0.54951 0.26087 -0.061788 0.057536
1.2455 -8.7292 0.19697 -0.9062 0.20938 -0.48062 1.0005 0.33304 0.42531 0.44611 0.77428 0.17606 0.65475
0.61742 -8.6232 0.26358 -0.88826 0.18703 -0.36729 0.72201 0.66789 0.93693 0.53124 0.63766 -0.25609 -0.012151
0.30111 -8.8889 0.068135 -0.080093 0.081214 -0.19539 1.2788 0.25883 0.39968 0.25605 0.059948 -0.31719 0.45605
0.45305 -9.0258 0.15173 0.012011 0.61596 0.23988 1.1548 0.47478 0.57689 0.45109 0.34124 -0.18366 -0.16005
0.045467 -8.2338 -0.32137 -0.58926 0.71197 0.21059 -0.03315 0.95498 0.54947 0.12213 0.9847 0.29316 -0.19616
0.54313 -9.2874 -0.2401 -0.71551 0.14321 -0.03193 0.66349 0.046783 0.18458 0.41335 0.68358 -0.093356 0.66654
1.3351 -9.5647 0.76137 -1.0992 -0.40288 0.48897 1.4506 0.8609 0.23901 0.70487 0.81163 0.53227 0.059002
3.3727 -7.2762 2.1931 -1.551 -0.3013 0.12168 0.30719 0.33988 0.14024 0.62405 -0.027942 0.76467 -0.31572
1.1619 -7.3911 1.5522 -0.6421 -0.30799 -0.57968 0.37106 0.16616 -0.44416 0.50959 -0.035603 0.35068 0.23617
0.81354 -3.2652 2.0677 -0.82826 -2.0793 -2.0542 -1.3484 -1.4497 -1.1262 -0.47839 -0.53947 -0.51666 -0.32331
2.5391 -3.0533 0.47627 1.0011 -2.5996 -2.2632 -0.35374 -1.6474 -0.77972 -0.14636 -0.60906 -0.48938 -0.72226
2.9069 -2.6458 0.23844 0.45689 -3.0636 -2.2475 -0.11169 -1.4279 -0.71742 -0.79431 -0.56583 -0.36434 -0.95215
2.7061 -3.3063 -0.27717 -0.086478 -3.2677 -2.4878 -0.34665 -1.8785 -0.76971 -0.65253 -1.074 -0.50907 -0.56249
1.8333 -3.2751 0.46826 0.45262 -2.6322 -2.3446 -0.49414 -1.8781 -0.73955 -0.62031 -1.1014 -1.1971 -0.2298
-0.091785 -3.0939 1.2147 1.7619 -0.77619 -1.8522 -0.71366 -1.0957 -0.34186 0.10479 -0.243 -1.1231 -0.74786
-1.2934 -2.5022 1.1668 0.46961 -0.35017 -0.37018 -0.48359 -1.6307 0.4543 -0.54589 -0.51259 -0.30173 -0.80746
-4.0982 -2.6251 0.68845 0.018975 0.050841 -0.056848 -0.022919 -0.66251 0.11799 -0.25874 -0.1313 -0.076963 -0.28114
-3.6805 -2.7687 0.68729 0.21516 -0.12658 -0.11126 0.2143 -0.46905 -0.19994 -0.075459 0.73084 0.081072 -0.13914
-3.9057 -2.7875 0.66367 0.062965 -0.19097 -0.19499 0.2605 -0.36628 -0.41553 -0.050816 0.90468 0.12407 -0.053048
-5.7479 -2.46 0.68861 0.37049 0.65857 0.46628 0.38824 0.26516 0.53899 0.47208 0.41089 0.44155 0.23891
-5.383 -2.3372 0.78826 0.42629 0.70698 0.44414 0.37478 0.23004 0.34917 0.36068 0.43179 0.43102 0.2391
-5.5053 -2.3542 1.0577 0.85895 1.1918 0.53182 -0.25114 -0.48129 0.36839 0.65106 0.89647 1.1778 -0.026418
-5.7276 -2.5192 0.61479 0.27497 0.6262 0.51378 0.61951 0.56797 0.5676 0.30612 0.12518 0.13353 0.24748
-6.3441 -2.2179 0.89782 0.47423 0.74405 0.49132 0.48396 0.30511 0.396 0.51292 0.72871 0.60525 0.36304
-6.0037 -2.3647 0.79377 0.40701 0.6983 0.47672 0.5018 0.32108 0.39315 0.43516 0.55805 0.34002 0.057969
-5.794 -2.4373 0.72908 0.31165 0.58542 0.33035 0.33986 0.18231 0.32103 0.52889 0.81227 0.65741 0.40546
-6.0723 -2.1066 1.0615 0.63486 0.89769 0.61591 0.58124 0.35131 0.47448 0.68569 0.98733 0.7654 0.36157
-5.7991 -2.3263 0.86104 0.4657 0.72933 0.48729 0.5062 0.31723 0.41748 0.5246 0.68397 0.40792 0.041959
-5.8918 -2.3245 0.79465 0.4214 0.72837 0.56033 0.62753 0.53991 0.60178 0.59717 0.64895 0.63939 0.62444
-6.1372 -2.2912 0.95298 0.83541 1.2197 0.90214 0.48784 0.39174 0.65763 0.32847 -0.056918 0.52026 0.48596
-6.8472 -2.5509 1.0042 1.2791 1.9286 1.0747 -0.7128 -0.74002 0.93787 0.39835 -0.50199 1.2155 -0.34158
-6.4435 -2.3238 0.77389 0.38981 0.69847 0.5369 0.62352 0.5257 0.5547 0.48225 0.49067 0.43878 0.42376
-5.5642 -2.536 0.57799 0.20246 0.50783 0.35608 0.44873 0.36837 0.40938 0.38635 0.43086 0.44823 0.50989
-5.4501 -2.267 0.83342 0.45073 0.75933 0.59699 0.68204 0.58746 0.61275 0.53311 0.5347 0.49025 0.48136
-2.9344 -4.0194 -0.7584 -0.37976 0.34211 -0.14792 0.45038 -0.084282 0.45073 0.5201 0.66064 0.53773 0.46366
1.2088 -3.0251 -0.010398 -0.31191 -0.68921 -1.08 0.30007 -0.42261 0.14477 -0.22918 0.42737 0.14874 0.55017
3.8521 -1.5893 -1.9607 -1.7241 -2.397 -1.8908 -0.19666 0.47847 -0.34442 -1.0575 0.25182 -0.12351 -0.47918
4.1439 -3.0478 -2.4198 -1.7161 -1.9383 -1.4373 -0.042834 0.84546 -0.67454 -1.3029 -0.55181 -0.16684 -0.34637
4.4418 -3.4515 -3.3462 -2.3363 -2.1388 -1.3472 -0.69423 0.46266 -0.99234 -1.7979 -0.50592 0.20834 -0.012608
4.5893 -3.0823 -4.4253 -2.2884 -1.9432 -0.97754 -0.80818 -0.26908 -1.1463 -1.8202 -0.94817 -0.10915 -0.41269
4.6191 -2.6963 -4.6468 -2.488 -1.2207 -0.72237 -0.94182 -0.4224 -1.1429 -1.2928 -1.029 -0.1296 -0.032372
4.6812 -2.6383 -4.7971 -2.7152 -0.54052 -0.44434 -1.1368 -0.57803 -1.131 -0.8798 -0.9421 -0.10868 0.56167
4.791 -2.6282 -5.1763 -3.0534 -0.53743 -0.51544 -1.3615 -0.69505 -1.1618 -0.69684 -1.1659 -0.24031 0.82485
4.7419 -2.8414 -5.2196 -3.439 -0.20818 -0.83962 -1.3995 -0.74869 -1.1467 -0.84081 -0.93764 -0.38445 0.82555
4.6493 -2.1505 -5.0132 -3.2937 0.2402 -0.76706 -1.1889 -0.5621 -1.0093 -0.65445 -0.83891 -0.11945 0.81422
4.5537 -2.0251 -5.0908 -3.2853 0.39715 -0.81894 -0.99739 -0.64727 -0.94662 -0.65501 -0.98143 0.019075 0.59431
4.4137 -1.7652 -4.7621 -3.6143 0.64513 -0.74562 -1.1021 -0.85866 -1.1734 -0.76709 -1.2038 -0.23443 0.58597
4.1552 -1.4915 -4.6745 -3.022 0.21451 -0.78416 -0.60681 -1.3953 -0.709 -1.0226 -1.3065 -0.16514 0.18196
3.975 -1.8881 -4.7646 -2.9637 0.24387 -0.75898 -0.4975 -0.91892 -0.73081 -0.80186 -1.2258 -0.039032 0.39421
3.6904 -1.7966 -4.5734 -2.2903 0.10625 -0.6349 -0.53515 -0.59226 -0.27227 -0.75363 -0.89815 0.10932 0.18749
2.8588 -1.3303 -3.9224 -2.7508 -0.10483 -0.5214 -0.19606 -0.42712 -0.23725 -0.64487 -0.66643 0.18986 0.065142
0.4798 -2.1406 -2.2348 -2.3855 0.05039 -0.53072 -0.33292 -0.6533 0.016139 -0.72066 -0.42513 0.8427 0.83172
-0.47607 -3.4 -0.77903 -1.884 -0.88868 -1.486 -0.25873 0.18147 0.10826 -0.84933 -0.19723 0.83202 1.3512
