-0.82009 -7.317 1.469 0.14408 0.62568 0.33415 0.71211 1.1924 0.89185 0.53513 -0.13762 -0.038756 0.43289
0.74005 -9.3959 0.4385 -0.61334 0.28996 0.50734 0.85583 0.74069 0.59395 0.89353 0.72885 0.66332 0.54452
1.2468 -9.5389 0.27791 -1.0839 1.0609 0.6679 0.65205 1.0094 0.31719 0.82221 0.64994 0.98677 0.18314
1.5188 -10.09 -0.37039 -1.16 1.1412 0.24604 1.1086 1.0195 0.11447 0.93177 0.30051 0.90782 0.78846
1.5906 -10.031 -0.072553 -0.42667 0.42653 0.38723 1.7989 0.46995 0.2347 0.58174 -0.21856 0.75679 -0.11743
2.2802 -9.7 -0.25133 -0.84643 0.5521 0.29755 1.2883 0.56263 0.060453 0.51935 0.0018804 0.56925 0.11101
1.9118 -9.8021 -0.44003 -1.0326 0.56215 0.087024 1.1153 0.83511 0.58843 0.23884 0.35688 0.18748 -0.15218
1.3983 -6.2502 -0.048667 -1.3364 -0.46282 -0.27897 0.6281 0.20086 0.30251 0.086294 0.41867 0.28201 -0.091062
2.1375 -7.8388 -0.043687 -1.7769 -0.87045 -0.50713 0.53475 0.43616 -0.079821 0.66477 0.072481 0.20553 -0.18666
1.7926 -9.2231 -0.58383 -0.89077 -0.25282 -0.22709 0.36686 0.15728 0.42664 0.99629 0.26302 0.63659 -0.17614
1.8006 -7.7426 0.98025 -1.1152 0.22305 -0.069309 0.044712 -0.052943 0.9285 1.0036 0.14658 0.52606 -0.4929
0.12053 -4.7086 2.1479 -0.27816 -0.68694 -1.065 -0.42897 -0.43442 -1.0554 0.19977 -0.097829 0.097593 0.13685
2.4978 -2.9287 0.065321 -0.10837 -2.9631 -2.7223 -0.87775 -0.86058 -1.3201 -0.31044 -0.56909 -0.066691 0.17572
3.1068 -4.0865 -0.45504 0.61714 -3.0415 -2.4558 -0.76455 -1.2261 -1.076 -0.14042 -0.95944 -0.47057 -0.66121
2.4865 -3.8994 -0.11617 0.15322 -2.3795 -2.6317 -0.65434 -1.5975 -1.2806 -0.069956 -0.69165 -0.24793 -0.92261
1.0882 -3.2036 1.9578 -0.27441 -2.0532 -1.7224 -0.28185 -1.3874 -0.87337 -0.1907 -0.39693 -0.65304 -0.42397
-1.6258 -3.2661 1.3176 -0.096955 -0.97319 -0.87462 -0.62387 -0.70069 -0.22322 -0.094014 -0.37333 -0.56947 -0.094292
-1.9935 -5.0926 1.788 -0.51832 -0.045238 -0.20629 -0.50612 -0.10151 -0.32044 0.45524 0.4385 -0.091997 -0.87161
-4.4745 -2.6959 0.52193 -0.19228 -0.14376 -0.074719 0.60667 0.22621 -0.14926 0.075161 0.604 -0.31483 -0.1283
-3.6386 -2.7651 0.70125 0.043936 -0.36618 -0.43216 -0.034599 -0.6426 -0.19144 0.093812 0.80277 -0.049929 -0.14018
-5.4295 -2.5353 0.70433 0.094077 0.14927 0.039878 0.32949 -0.020178 -0.13883 0.15501 0.7239 0.32102 0.34403
-5.4025 -2.5037 0.63211 -0.4793 -0.39343 -0.10506 1.4621 1.0584 -0.17273 0.37381 1.4786 -0.19877 0.74648
-4.9817 -2.8254 0.30406 -0.5811 -0.35053 -0.081921 1.2675 1.0426 0.087867 0.42971 1.2332 0.064412 1.1466
-5.5511 -2.537 0.62289 0.27891 0.59736 0.50375 0.68402 0.67782 0.73595 0.64101 0.5674 0.51623 0.5128
-6.0209 -2.4376 0.67457 0.28419 0.58198 0.38167 0.42658 0.33161 0.44129 0.49862 0.62555 0.58791 0.47243
-6.1627 -2.4706 1.0437 0.5102 0.65022 0.1516 -0.099764 -0.50281 -0.11396 0.62496 1.4763 0.97096 -0.17689
-5.4741 -2.3955 0.71409 0.36664 0.69166 0.54457 0.60754 0.53762 0.57089 0.38168 0.26529 0.29988 0.31357
-5.9218 -2.3527 0.79423 0.50593 0.85591 0.59763 0.43055 0.30449 0.54485 0.49888 0.48993 0.58323 0.26577
-6.4082 -2.4686 0.69636 0.3744 0.7446 0.6266 0.72954 0.63168 0.67309 0.61119 0.59954 0.50763 0.47043
-6.2965 -2.25 0.8497 0.47549 0.78759 0.6749 0.80135 0.74918 0.69605 0.42425 0.25432 0.3172 0.54927
-5.8485 -2.3046 0.77881 0.33184 0.62112 0.53922 0.86169 0.78545 0.65756 0.63084 0.76294 0.54034 0.70258
-5.9294 -2.2755 0.85891 0.49081 0.8023 0.59686 0.61632 0.46701 0.53848 0.54054 0.60987 0.4738 0.29525
-6.2158 -2.1358 0.9919 0.62953 0.92235 0.67117 0.59651 0.49337 0.6901 0.72209 0.75847 0.76379 0.52015
-5.4754 -2.4566 0.66775 0.31218 0.61829 0.41676 0.40186 0.27361 0.34609 0.27729 0.27059 0.30802 0.25276
-6.5096 -2.1092 0.98198 0.58332 0.87011 0.697 0.76934 0.66123 0.68255 0.64892 0.67236 0.65028 0.69542
-5.9277 -2.3868 0.76382 0.3642 0.64926 0.41151 0.42041 0.24326 0.36505 0.5236 0.75342 0.55124 0.22364
-6.3975 -2.318 0.89921 0.48448 0.75974 0.45986 0.41647 0.22001 0.42445 0.70837 1.0933 0.84866 0.35786
-6.5089 -2.2482 0.88606 0.51194 0.82904 0.67304 0.76809 0.65792 0.68405 0.57958 0.55167 0.40955 0.30836
-0.33406 -5.4114 -0.52374 -0.12553 -0.41442 0.2469 0.44297 0.77286 0.40117 0.47428 0.38443 -0.064983 -0.28187
1.0071 -1.6106 -0.072982 -2.3362 -2.4571 -1.2563 -0.059581 -0.33159 -0.28053 -0.59493 0.059731 0.15852 0.54105
3.982 -1.3185 -2.5941 -2.5401 -2.1353 -1.6746 -0.23276 0.28841 -0.11378 -1.1578 -0.23458 0.42415 -0.25785
4.4565 -2.693 -3.5185 -2.3566 -1.8999 -1.0469 -0.35165 0.28034 -0.68118 -1.4111 -0.80475 0.30203 -0.010366
4.9417 -2.4305 -4.4446 -2.7386 -1.2913 -1.293 -0.43682 -0.30958 -0.70053 -1.7891 -0.99259 0.018465 0.13343
5.1402 -2.6525 -5.2191 -3.5276 -0.65018 -1.2258 -0.90699 -0.65139 -0.74899 -1.602 -1.0899 -0.15827 0.29155
5.1722 -1.7404 -4.9655 -3.2716 0.26594 -0.71595 -0.54274 -0.62185 -0.39332 -1.1471 -0.73975 -0.22935 0.62978
5.1713 -2.065 -5.009 -3.3341 0.38542 -0.33825 -0.93001 -0.5306 -0.7563 -0.74751 -0.93578 -0.056777 0.49745
5.0787 -2.4084 -5.5602 -3.6981 0.14988 -0.73536 -1.1001 -0.88521 -0.97913 -0.7387 -0.89937 -0.20199 0.69035
4.9128 -2.3791 -5.4937 -3.4775 0.054604 -0.66775 -1.0055 -1.0623 -0.84081 -0.9059 -0.89799 -0.33059 0.53119
4.7939 -2.0301 -5.3169 -3.1886 0.48028 -0.73867 -0.72043 -0.89508 -0.76396 -0.82774 -0.80337 -0.13712 0.48035
4.6129 -2.1883 -5.3567 -3.4498 0.27284 -0.89792 -0.77457 -1.1205 -0.68757 -0.88119 -0.96145 -0.036245 0.34608
4.2922 -2.4214 -5.2801 -3.092 -0.051194 -0.81171 -0.91463 -0.92555 -0.70583 -0.87612 -0.88129 0.031047 0.23781
3.7144 -2.1892 -4.8461 -2.4852 0.0036985 -0.5645 -0.12062 -0.90053 -0.26432 -0.73289 -0.51676 0.14565 -0.050806
3.3553 -1.6756 -4.6465 -2.8641 -0.13326 -0.61994 -0.39674 -0.39271 -0.31604 -0.58666 -0.59586 0.28962 0.088559
2.3912 -1.1566 -3.4656 -3.411 0.30699 -1.0675 -0.26894 -0.25222 -0.22846 -0.11521 -0.72021 0.84107 0.62573
1.2593 -2.6688 -2.2189 -3.4832 -0.23222 -0.62344 -0.3172 -0.73472 -0.058165 -0.36838 -0.30121 0.42948 0.59214
0.22907 -3.5567 -1.7038 -2.7999 -0.26171 -0.78251 -0.41126 -0.53377 -0.077279 -0.34538 -0.081964 0.35938 0.42035
