-2.2217 -5.4864 1.5075 -0.20511 0.70959 -0.10547 0.26996 0.52995 0.13979 0.080801 0.69723 0.0084089 0.77222
-3.0832 -6.0764 2.0948 -0.14657 0.71693 0.0053127 0.29399 -0.37306 0.1057 0.24835 0.60116 0.51746 0.42698
-0.067166 -7.5494 2.6338 -0.28527 1.7323 -0.42938 1.1804 0.16358 0.97287 0.17953 0.28462 -0.016427 -0.0364
0.0077127 -7.8985 1.7565 -0.93647 1.615 0.0092135 1.1307 0.488 0.55376 0.047996 0.35332 0.34658 0.62488
1.0125 -7.7156 1.6344 -1.3073 1.3554 -0.80169 0.35576 -0.09219 0.047808 -0.059682 -0.068405 0.45595 0.13815
-0.3036 -7.1811 1.8418 0.046304 0.44924 -0.19729 -0.45124 0.28169 0.065515 0.1377 0.56544 0.62651 -0.14402
-1.7581 -1.7624 2.5372 0.71014 0.031203 -0.83985 -0.69007 -0.74026 0.30222 0.14364 -0.43639 0.05093 -0.098273
2.0669 -0.43349 1.0875 1.5714 -0.66632 -2.4244 -0.84601 -0.34665 -0.86015 -0.77923 0.37874 -0.014588 0.62958
2.8541 -0.76159 0.80109 2.1132 -1.0107 -2.5471 -1.0254 -0.26816 -0.76986 -0.31119 0.35485 0.09791 0.83272
2.733 -0.4588 1.1423 1.9239 -0.64883 -2.7155 -0.94304 -0.56931 -0.66317 -0.51868 0.46072 0.0010024 0.75256
1.4387 -0.69846 1.7198 1.5686 0.16638 -2.4085 -1.1307 -0.18622 -0.55275 -0.80389 0.49254 0.5009 0.13257
-1.1347 -1.1115 2.4638 1.1456 -0.42805 -0.78406 0.0071919 -1.1145 0.2831 -0.4181 1.1559 0.46588 0.13355
-2.3389 -2.4677 1.1175 0.6516 0.017828 -0.13035 -0.39226 -1.1138 0.2355 0.11592 0.76294 0.69059 -0.18604
-3.0232 -2.8616 0.64523 0.11353 -0.3934 -0.6083 -0.62117 -1.1062 0.044253 0.094046 0.62342 0.33736 -0.021439
-2.4732 -2.3848 1.46 0.69751 -0.62553 -0.29074 0.019912 -1.4082 0.0068078 -0.10612 1.3425 0.76632 0.56929
-3.4975 -2.5149 1.2621 0.64585 0.07947 -0.20931 -0.3593 -0.98835 0.39479 0.6243 1.3525 0.81404 0.034026
-4.3529 -2.4553 0.92906 0.45694 0.0012094 -0.020967 0.036719 -0.49784 0.2663 0.23729 0.6481 0.36588 -0.051477
-4.2974 -2.6955 0.64431 0.18824 0.32596 -0.0084973 -0.1712 -0.46076 -0.12949 0.16085 0.59343 0.4332 -0.10555
-4.4157 -2.6847 0.66686 0.091515 0.33339 -0.052157 -0.075706 -0.30676 0.0032069 0.66515 1.3729 0.88895 0.23701
-5.3311 -2.5868 0.72902 0.60457 1.0214 0.52048 -0.19875 -0.26419 0.58191 0.61903 0.5611 1.0146 -0.046158
-6.5408 -2.4629 0.67317 0.294 0.60416 0.4103 0.45526 0.3083 0.39287 0.42645 0.539 0.36563 0.13987
-5.3459 -2.4519 0.71544 0.28047 0.29215 0.2564 0.47819 0.26369 0.48872 0.31906 0.36579 0.21225 0.36063
-5.2282 -2.3948 0.88952 0.75777 1.1344 0.70307 0.17567 0.099162 0.72813 0.63542 0.4227 0.67588 -0.17052
-5.7835 -2.3013 0.81665 0.45513 0.77623 0.6281 0.72297 0.65027 0.6898 0.62654 0.63757 0.62516 0.62505
-0.82095 -5.8712 -1.1645 -0.49586 -0.054784 0.35124 0.5402 0.72604 0.46235 0.1526 -0.41518 0.029343 0.46149
0.47521 -2.7855 0.83667 -0.22147 -0.77955 -1.1954 -0.75136 -0.12422 0.13725 -0.10072 -0.52288 -0.254 0.14444
3.2985 -0.33064 0.16924 -1.6118 -1.1242 -2.547 -1.9629 0.19753 0.40588 -0.13215 -0.18509 -0.27783 -0.10226
3.9975 -0.24037 -0.14488 -2.421 -1.4736 -1.4175 -1.937 0.92488 1.1666 -0.16571 -0.94552 -0.082011 0.046433
3.3369 -0.56069 -0.26772 -2.4548 -1.0217 -1.0719 -1.7661 0.57458 1.0126 -0.44901 -1.1636 -0.4131 0.19254
3.6554 -0.49256 -1.2066 -2.9048 -1.0074 -0.95449 -1.7149 0.46059 0.43708 -0.29168 -1.4884 -0.90095 0.17226
3.9864 -0.37951 -1.283 -3.6518 -0.87941 -0.46689 -1.718 0.3514 0.3478 -0.086616 -1.8238 -0.88074 0.43494
3.872 -0.53908 -1.1537 -3.327 -1.299 -0.11013 -1.3187 0.38026 0.23638 0.14267 -1.7739 -0.83637 0.52039
3.7684 -0.4642 -1.3896 -3.4082 -1.0064 -0.075867 -1.0202 -0.01943 0.44536 -0.20481 -1.6423 -0.78765 0.46
3.6815 -0.44121 -1.6546 -3.6589 -1.1867 -0.00018381 -1.108 -0.18725 0.62347 -0.48586 -1.6146 -0.79035 0.19971
3.3935 -0.6543 -1.9045 -3.2349 -1.0813 -0.27655 -0.50383 0.21842 0.24343 -0.14901 -1.2355 -0.89214 0.26597
2.014 -0.85225 -0.91161 -3.071 -1.121 -0.37416 0.18607 0.19839 0.05886 -0.24076 -1.3299 -1.0754 0.46514
2.7066 -0.96024 -1.4248 -3.9122 -0.85334 0.14503 -0.31286 0.78388 0.88995 0.46435 -1.2473 -1.2014 0.71289
-1.4388 -2.6454 -0.23609 -1.8378 -0.64211 -0.9303 0.12895 0.19951 0.95606 0.12959 -0.718 -0.37908 1.0612
