-0.38782 -5.9961 0.91078 0.27311 0.59686 0.17698 0.93549 0.12661 0.087028 0.59268 0.073903 -0.27214 -0.51969
0.85595 -7.0613 0.0065859 -0.19413 0.2336 -0.40238 0.13563 -0.059828 -0.089392 0.51904 -0.026001 -0.27879 -0.22351
0.71513 -7.7741 -0.19775 0.043316 0.27489 -0.66467 0.66394 0.082018 0.34702 0.53794 0.12695 0.40986 0.33533
0.56137 -7.7546 -0.464 -0.64719 0.32509 -0.17271 0.39734 0.19562 0.25483 0.74491 -0.095562 0.092068 0.37864
1.6461 -7.5302 0.67079 0.76767 0.94839 -1.1598 0.16723 -0.54198 -0.12205 0.89259 0.22679 0.15029 0.13032
1.7373 -7.4122 0.91382 -0.061746 0.526 -0.43566 0.46813 0.2472 0.67178 0.5507 0.075302 -0.036944 0.070629
1.447 -6.4313 1.5021 -0.35474 0.49367 -0.66883 0.77189 0.47621 0.34936 0.55067 -0.10135 -0.14489 0.094823
0.60621 -2.5476 2.2502 0.1785 -0.72447 -1.906 -0.91701 -1.6422 -0.92169 -0.08837 -0.099997 -0.40349 -0.55651
2.5726 -3.4447 2.1636 -0.045255 -1.9313 -2.0817 -0.65938 -1.7311 -0.778 -0.47292 -0.31743 -0.14221 -0.79839
2.8892 -3.6996 2.2256 -1.0819 -1.7094 -2.0962 -0.86136 -1.4265 -0.9102 -0.51693 -0.48133 0.10853 -0.8774
2.7316 -3.5989 2.2217 -1.1541 -1.75 -1.889 -0.95106 -1.6191 -0.72114 -0.66075 -1.3389 0.02672 -0.71751
2.1273 -3.6373 1.8811 -0.70233 -1.8767 -1.8825 -0.79746 -2.4868 -1.12 -0.52839 -0.87036 -0.72299 -0.44467
0.69084 -2.4206 2.3406 -0.33162 -1.1636 -1.5716 -0.70525 -1.7023 0.034589 -0.56185 -0.92586 -0.72848 -0.36478
-1.3108 -2.8046 1.1152 0.45058 -0.26283 -0.36409 -0.42956 -1.2174 0.20289 -0.35838 -0.11805 -0.37087 -0.97853
-3.5751 -2.8798 0.36197 -0.43362 -0.41749 -0.3352 0.5751 0.11059 -0.4397 -0.020631 0.88599 -0.23308 0.21599
-2.9808 -3.3304 -0.11948 -0.87793 -0.69233 -0.82219 0.055686 -0.098974 -0.3678 -0.057917 0.48598 -0.43919 0.57824
-3.5001 -2.8368 0.67939 0.1485 -0.12684 -0.064053 0.36247 -0.30666 -0.16641 0.088685 0.86177 -0.019927 -0.35786
-5.8213 -2.3815 0.85582 0.4726 0.73438 0.53345 0.59641 0.34635 0.42913 0.55895 0.82442 0.44459 0.02534
-6.241 -1.7965 1.274 0.8641 1.1479 0.96609 1.0339 0.92105 0.93079 0.84429 0.83232 0.76206 0.73762
-5.9771 -2.2948 1.213 0.66639 0.77297 0.27074 0.038655 -0.37427 0.0044302 0.77632 1.637 1.0677 -0.10078
-6.1582 -2.3235 0.78905 0.39082 0.68352 0.47823 0.5336 0.43402 0.52353 0.55332 0.65429 0.57268 0.47851
-6.4964 -1.915 1.1746 0.7823 1.0796 0.9057 0.97863 0.87356 0.88583 0.79017 0.7767 0.71819 0.69165
-6.4961 -2.0296 1.0232 0.64215 0.94295 0.76735 0.83268 0.72939 0.74136 0.62586 0.61115 0.57967 0.55556
-6.4754 -2.2855 0.81621 0.43106 0.74359 0.58883 0.68044 0.57523 0.59973 0.51625 0.49044 0.3703 0.30678
-5.1804 -5.9142 2.0739 0.61711 0.85501 0.42718 0.78095 0.98255 0.92149 0.36497 0.43675 0.4014 0.38824
0.020323 -3.1735 -2.4317 -1.4496 0.30243 -0.2519 -0.063772 0.23028 -0.15178 -0.094641 0.53888 -0.27779 0.023021
0.8818 -1.9308 0.94229 -1.4271 -1.8998 -1.7116 0.17663 -0.66213 -0.44569 -0.48924 -0.12259 -0.53011 -0.21103
4.1923 -2.8217 -0.35365 -2.4193 -2.7475 -1.8737 0.11052 -0.088508 -0.97727 -0.75063 -0.27423 -0.66243 -0.70945
3.9004 -3.6555 -0.36059 -2.7938 -2.2305 -1.0456 -0.027514 -0.21294 -1.7873 -0.67802 -0.52668 -0.26331 -0.59374
4.0485 -3.4966 -1.7642 -2.6353 -1.6261 -0.82547 -0.40325 -0.27862 -1.9956 -1.2354 -0.13586 -0.31272 -0.49809
4.4936 -3.7218 -2.7396 -3.3058 -1.4043 -0.9868 -1.0731 0.050916 -2.6825 -1.4527 -0.58976 -0.38347 -0.73004
4.5139 -3.0041 -2.4406 -2.9863 -0.97277 -0.3803 -0.84767 0.49731 -2.4906 -1.0345 -0.36923 -0.5156 -0.43486
4.1778 -2.9235 -2.5065 -3.0917 -0.85903 -0.14049 -0.66502 -0.086828 -2.1079 -0.87104 -0.54073 -0.55885 -0.22316
3.7075 -3.1822 -2.3896 -2.8479 -1.1134 -0.18333 -0.94559 -0.61915 -1.7087 -0.79327 -0.58464 -0.46518 -0.054737
3.3779 -3.3734 -3.3794 -3.353 -1.0751 -0.87812 -1.5805 -0.83387 -1.7556 -1.1866 -0.40437 -0.38829 -0.0032179
3.3034 -2.6424 -3.2788 -2.7828 -0.44493 -0.85953 -1.1365 -0.71525 -1.124 -0.86726 0.00092431 -0.030176 -0.1505
3.1116 -2.5724 -3.1941 -2.9782 -0.26154 -0.61156 -0.91912 -0.86547 -0.59475 -1.2806 0.13336 0.33655 -0.059424
2.5542 -2.8195 -2.6168 -2.8919 -0.42278 -0.5536 -1.2401 -0.72137 -0.37589 -0.82224 0.2333 0.64535 0.27398
1.4585 -3.0622 -1.8627 -2.6561 -0.23995 -0.68046 -0.87943 -1.082 -0.32123 -0.70843 -0.57421 0.5243 0.42499
