1.4411 -5.9262 1.6763 -0.41466 0.25543 -0.313 -0.31632 -0.094384 -0.13502 -0.011282 0.086833 -0.026923 -0.40674
3.0943 -5.6112 1.3486 -0.69748 0.4041 -0.39918 0.5307 0.21321 0.8657 0.60197 0.81801 0.27666 -0.23322
4.9353 -6.9261 1.8742 -0.80896 0.91773 -0.66155 -0.045886 -0.64016 -0.52501 0.042128 -0.044392 0.13021 -0.11089
3.7935 -6.2555 1.6332 0.045104 0.87693 0.73599 0.10651 -0.10992 -0.42742 -0.21728 0.21885 -0.44866 0.2871
4.6575 -7.664 1.3002 -1.3028 0.21591 -0.039375 -0.12488 -0.025282 -0.25222 0.43619 0.36477 -0.11333 -0.057364
5.1802 -7.8632 1.2269 -1.815 -0.3728 0.15661 -0.16031 0.29025 0.35444 -0.025442 0.48112 -0.15008 -0.60774
5.9872 -6.9825 1.9267 -1.8177 0.53861 -0.23546 0.17171 0.1559 0.45134 -0.23325 -0.033466 -0.1945 -0.17197
5.3528 -7.3309 1.4158 -0.5703 0.85518 -0.34328 0.034303 -0.49157 -0.81995 -0.70137 0.017836 -0.21431 0.43992
5.8569 -8.0178 1.0851 -0.73546 -0.02875 -0.35272 0.77498 0.086593 0.38222 0.19953 0.39072 -0.0029895 -0.052596
6.0308 -7.7427 1.196 -1.6714 0.44482 0.25655 0.91263 0.94895 0.7188 0.2608 -0.19003 -0.074714 -0.38297
4.124 -5.819 1.1439 -1.0279 0.14771 -0.093141 0.35404 0.07445 0.08113 -0.097684 -0.26289 -0.63993 -0.11977
2.7549 -1.8201 2.3569 0.6119 0.13435 -0.67091 -0.56753 -0.88786 -0.23067 -0.76437 -0.49042 -0.49164 -0.61466
4.7564 -0.77953 1.5122 -0.2771 -1.6767 -1.0547 -0.58569 -1.752 -1.1682 -0.33205 -0.041155 -0.99846 -0.36663
5.5959 -0.82774 0.49155 -1.0896 -2.0248 -1.4309 -1.0326 -1.1914 -1.2518 -0.32095 -0.065273 -0.25279 -0.34932
5.7437 -1.1086 0.065525 -1.5904 -2.2277 -1.6391 -1.5852 -1.34 -1.1758 -0.98171 -0.25726 -0.42996 -0.26071
5.6156 -0.8038 0.18413 -1.6019 -1.7923 -1.7484 -1.7408 -0.95576 -1.5564 -0.78916 -0.17578 -0.76349 0.015626
5.1566 -0.584 0.88998 -0.64039 -1.5926 -1.9239 -1.3678 -0.87581 -1.0943 -1.2279 -0.22736 -0.58739 -0.13402
3.8813 -1.982 2.49 0.34554 -1.4177 -1.7372 -0.74382 -0.54768 -0.52707 -0.96291 -0.38886 -0.44731 -0.36821
0.70255 -2.8346 1.3703 0.54319 0.67869 0.57359 -0.075729 -0.33486 0.98615 -0.071243 -0.054532 0.64039 0.10429
-1.7566 -2.7221 0.77487 0.48574 0.18005 0.099056 -0.30553 -1.0093 -0.16535 -0.32124 0.15616 0.42498 -0.38223
-2.9089 -2.9216 0.4527 0.06947 0.32833 -0.16212 -0.53778 -0.82548 -0.3409 0.12754 0.70107 0.57097 -0.3767
-3.3173 -2.8604 0.29241 -0.072979 0.24646 0.054676 0.10648 -0.01758 0.077815 0.12016 0.25064 0.12319 -0.10419
-4.8739 -2.4234 0.76939 0.30465 0.52611 0.18587 0.098635 -0.15606 0.039431 0.37788 0.81889 0.54756 -0.019849
-3.3495 -2.8176 0.91267 0.51726 0.52635 0.023169 -0.18247 -0.64012 -0.30617 0.46086 1.1443 0.32897 -0.93795
-4.8929 -2.645 0.92919 0.41372 0.53396 0.057239 -0.16239 -0.56994 -0.18537 0.61933 1.4912 0.90659 -0.29555
-4.5955 -2.6199 1.1232 0.57047 0.64587 0.13069 -0.1758 -0.67048 -0.25096 0.69681 1.7115 1.0056 -0.46712
-4.5366 -2.5808 0.74642 0.23769 0.43765 0.038579 -0.11393 -0.4144 -0.11598 0.44201 1.107 0.75476 -0.067608
-5.6278 -2.428 1.0442 0.53633 0.69878 0.22269 -0.0010203 -0.38172 -0.011955 0.70406 1.5214 1.0431 -0.019205
-4.6961 -2.6402 0.92005 0.37907 0.5465 0.1104 -0.12695 -0.52844 -0.16142 0.59594 1.4575 0.92513 -0.27379
-1.7768 -4.3626 1.4069 -0.45822 1.1169 0.50214 -0.78458 0.04721 0.62762 -0.20302 -0.0088138 0.058656 -0.33808
3.3036 -4.5137 1.2871 0.63105 1.674 1.2903 0.83007 0.48941 0.16288 -0.027926 -0.55643 -0.67771 -0.56106
2.9508 -0.89857 2.4852 0.41751 -0.35692 -1.0461 -0.92305 -0.64904 0.16431 -0.27991 0.06791 0.2715 -0.32836
5.4977 0.29255 0.19477 -1.203 -1.0383 -1.5146 -1.6362 -0.5524 0.5254 -0.11387 0.19737 -1.2265 -0.034466
6.0303 -0.68106 -0.70297 -2.233 -1.4585 -1.2251 -1.5667 -0.23187 0.38788 -0.78708 -0.53911 -0.59143 -0.59601
6.1374 -0.85343 -0.66998 -2.5056 -2.1558 -0.91819 -1.3391 -0.45702 0.29028 -1.0378 -0.73746 -0.73645 -0.42972
5.8235 -0.65922 0.48158 -2.6509 -2.8023 -0.515 -1.3335 -0.64664 0.25644 -1.2934 -0.88038 -0.91997 -0.54043
5.7145 -0.64993 0.58914 -2.0837 -2.505 -0.34442 -1.2018 -0.61508 0.46981 -1.0217 -0.75298 -0.86052 -0.35878
5.6874 -0.93117 0.5459 -1.6185 -2.6579 -0.66491 -0.9146 -0.38894 0.22497 -1.1444 -0.34204 -1.1884 -0.18275
5.6889 -1.1018 0.66285 -1.899 -2.7908 -0.42524 -1.4173 -0.55913 0.37071 -1.0353 -0.79186 -1.1865 -0.23676
5.6924 -1.1541 0.45769 -1.7909 -2.8316 -0.60029 -1.462 -0.58968 0.39498 -1.1259 -0.80741 -1.2311 -0.37647
5.7654 -1.2173 0.49968 -2.2643 -2.9952 -0.55525 -1.5621 -0.66044 0.38973 -1.1297 -1.028 -1.1746 -0.53796
6.2066 -2.6197 -0.5263 -2.077 -2.8075 -0.7337 -2.5393 0.27331 -0.73774 -0.98321 -1.3041 -0.90164 -0.86507
6.076 -2.8985 0.42153 -1.1206 -2.303 0.33703 -2.5776 0.71126 -0.9604 -0.96071 -0.91797 -0.52929 -0.62302
5.1855 -0.51702 -0.37544 -1.9394 -1.1518 -1.0921 -1.6651 -0.36801 -0.086185 -1.0047 -0.45011 -0.442 -0.48628
4.7824 0.017827 0.082058 -1.7351 -0.89359 -0.9436 -1.037 -0.56274 0.2891 -1.1008 -0.19703 -0.29325 -0.26098
4.0677 -0.73369 1.2303 -1.2216 -1.4933 -1.2499 -0.74175 -1.1139 -0.061451 -1.1963 -0.83952 -0.14965 -0.44087
3.0913 -0.9214 1.4839 -0.25504 -1.1549 -1.0383 -0.43847 -1.2038 0.019506 -1.5725 -0.2985 0.07858 -0.11064
1.3279 -2.59 1.672 0.021891 -0.15268 0.00065369 -0.59179 -0.22687 0.127 -0.12007 -0.3436 -0.14294 -0.54082
