3.0672 -4.9051 -0.7234 0.88306 -1.6351 -2.0946 -1.9595 -0.12739 0.031279 0.39152 1.0423 1.2734 0.16727
2.2386 -2.2337 0.27122 0.7202 -0.32224 -0.96367 -0.85063 -0.15496 0.14828 -0.60488 0.56629 0.80048 0.27351
1.0801 -2.5456 0.76509 0.26472 0.54767 -0.05783 -0.22622 -0.12033 0.062672 -0.61989 -0.50473 0.017158 -0.29691
3.3734 -5.8275 1.0372 0.23805 0.35524 0.31087 0.038788 -0.14097 -0.58621 -0.30357 0.44419 0.37283 -0.16132
5.0456 -8.6513 0.61219 -0.42781 0.15298 0.54817 -0.051378 -0.032815 -0.20725 -0.13136 0.43335 0.12258 -0.334
4.8836 -6.8773 1.1456 -0.62015 0.068171 0.59935 0.25335 -0.11288 -0.026929 -0.00067906 0.14617 0.090082 0.52773
4.9289 -8.3547 0.81493 0.31603 0.56908 0.65008 0.40379 0.12259 -0.4238 -0.39757 0.10893 -0.60272 -0.18494
4.7416 -7.9314 0.833 -0.28204 0.18252 0.12994 -0.18143 -0.14526 -0.27993 0.031924 0.18698 0.17415 -0.16028
4.7605 -7.8228 1.2522 -0.82922 -0.32581 -0.4163 -0.30365 -0.23955 -0.3391 0.056612 -0.29437 -0.5872 -0.12835
4.7079 -8.2824 0.62025 -0.92875 -0.058073 0.41608 -0.003325 0.30515 0.75492 -0.11221 -0.10257 0.012112 -0.086195
4.4369 -7.1454 0.70099 -0.73472 0.046766 -0.35416 -0.061965 -0.2408 -0.013591 -0.12444 -0.55201 0.27193 0.49598
3.5375 -6.5928 0.41728 -0.51575 -0.16382 -0.52641 -0.12565 0.028754 -0.79634 -0.55917 0.24079 0.16411 -0.14649
2.1864 -5.6865 0.38653 -0.14016 -0.47972 0.12174 0.44411 0.23211 -0.44615 -0.36723 -0.43197 -0.29682 -0.37514
2.78 -0.58026 2.1324 1.2427 -0.49552 -1.6277 -1.6002 -0.76635 -0.29754 -0.76849 -0.18199 -0.64564 -0.67648
4.877 -0.70532 1.1213 -0.011141 -1.9082 -1.2234 -1.4644 -1.6615 -0.68067 -0.63827 0.19001 -1.0332 -0.31272
5.5206 -1.3972 -0.028524 -0.58112 -2.1797 -2.1759 -1.4701 -1.287 -1.5232 -0.68245 -0.45951 -0.84264 -0.16444
5.5554 -0.90255 0.46151 -0.63301 -1.9583 -1.8301 -1.6237 -0.91004 -1.045 -0.75804 -0.3611 -0.52584 0.2508
5.3841 -0.56476 0.38417 -1.124 -1.827 -1.7362 -1.9718 -1.2111 -1.2084 -0.99402 -0.40454 -0.82741 -0.14675
5.1488 -0.34628 0.62716 -0.89264 -1.2179 -1.6664 -1.413 -1.2143 -1.4887 -0.60407 -0.20701 -0.88542 -0.42014
4.0491 -1.2189 2.4639 -0.22622 -1.4085 -1.3045 -1.0326 -1.2369 -0.4925 -0.64857 -0.21814 -0.31286 -0.67998
0.82759 -2.1732 2.0753 0.592 0.073764 -0.055009 -0.051215 -0.49389 0.79965 -0.30924 -0.89559 -0.31056 -0.50358
-1.7806 -2.8812 0.47529 0.28816 0.17431 0.18672 0.084636 -0.12501 0.68443 0.19804 -0.069773 0.09908 -0.30347
-2.026 -2.9142 0.48496 0.07889 0.29199 -0.13555 -0.56144 -0.89263 -0.40039 -0.13959 0.2257 0.33992 -0.40755
-3.2179 -2.869 0.27343 -0.049976 0.29733 0.16317 0.25149 0.17685 0.21193 0.088904 0.03213 0.029559 0.029803
-3.4106 -2.6341 0.72186 0.43577 0.72681 0.44845 0.041891 -0.22033 0.12962 -0.061102 -0.28016 0.025324 -0.5909
-2.942 -2.7488 0.58683 0.23339 0.479 0.21281 -0.089151 -0.38688 -0.10384 -0.077306 -0.022307 0.13234 -0.52277
-5.0608 -2.4742 0.83195 0.4353 0.65585 0.35894 0.24923 -0.058625 0.10424 0.34363 0.64735 0.38427 -0.21291
-4.3938 -2.5799 0.58091 0.25359 0.62101 0.52917 0.62846 0.55542 0.52678 0.20593 -0.028129 -0.02727 0.074605
-4.7067 -2.5703 0.62024 0.18123 0.45414 0.1823 0.14656 -0.045386 0.13551 0.43515 0.82807 0.68017 0.28989
-5.0402 -2.5754 0.52415 0.14122 0.45368 0.30063 0.39974 0.30789 0.33834 0.27897 0.29392 0.23848 0.2477
-5.7344 -2.4094 0.87198 0.27692 0.4397 0.099856 0.096462 -0.24428 -0.12974 0.42641 1.1807 0.75976 0.15025
-0.56874 -6.5161 -0.18881 1.0238 1.0112 1.1869 0.11241 0.10232 -1.1167 -0.34195 -0.12641 0.2876 -0.036688
4.2733 -3.087 0.82938 0.58836 -0.30145 0.62024 -0.21455 0.15676 -0.94433 -0.015998 -0.075425 0.57101 0.14128
2.761 -1.2421 1.2669 -0.38108 -0.18162 -0.70785 -0.66457 -0.40845 -0.18148 -0.24313 0.19877 0.4675 -0.27676
5.707 -0.34299 -0.37336 -1.6664 -1.4915 -1.5156 -2.0779 -0.79234 0.59268 -0.34336 -0.67387 -0.73861 -0.41706
6.3831 -0.90621 -1.5322 -2.4176 -1.5683 -1.3026 -1.4692 -0.35405 0.29556 -0.55842 -0.59763 -0.25114 -1.1141
6.3212 -0.83978 -1.3622 -2.3094 -2.3047 -0.9672 -0.81614 -0.57613 -0.012138 -0.72743 -0.44703 -0.88871 -0.95959
6.0821 -0.41453 -0.77139 -2.431 -2.0067 -0.34576 -1.4959 -0.32054 0.43702 -0.97162 -0.68209 -0.79471 -0.20612
5.9876 -0.25581 -0.73536 -3.2953 -1.9633 -0.11905 -2.2515 -0.46357 0.61538 -1.3189 -1.0086 -1.022 -0.41925
5.955 -0.41381 -0.5884 -3.398 -1.9219 -0.49564 -1.869 -0.41445 -0.049643 -0.7949 -1.0376 -1.3988 -0.34584
6.0017 -0.16428 -0.51266 -3.4893 -2.1271 -0.40652 -1.729 -0.50398 0.27228 -0.92331 -0.74766 -1.5383 -0.62683
5.9685 -0.6027 0.012077 -3.23 -2.2531 -0.21138 -1.8842 -0.34981 0.19873 -0.25052 -0.95933 -1.7189 -0.36143
5.7964 -0.27947 -0.032471 -2.9688 -2.0446 -0.49938 -1.8045 -0.25873 0.42146 -0.3579 -0.84474 -1.6973 -0.19595
5.6022 -0.37016 0.69805 -2.8287 -2.0402 -0.5895 -2.2789 -0.0010761 0.67651 -0.19973 -0.77328 -1.9017 -0.12092
5.4774 -1.1284 0.14878 -2.3581 -2.2394 -0.31595 -2.3135 0.18124 -0.13066 -0.45845 -0.65771 -1.4371 0.30134
4.8714 -1.6176 0.78669 -1.9152 -2.107 -0.39316 -2.5559 -0.18134 -0.25186 -0.3316 -0.77449 -1.4189 -0.25047
3.8099 -0.97468 1.0479 -1.4049 -1.3452 -0.69489 -1.9217 -1.0984 0.84642 -0.70046 -0.85064 -0.50489 -0.14184
3.2648 0.017167 1.893 -0.94245 -0.91372 -0.84919 -0.20168 -0.87088 0.83266 -1.0272 -0.92692 -0.65502 0.094288
1.989 -2.2384 1.5497 0.16296 -0.41423 -0.5122 0.26235 -0.073403 0.26184 -1.116 -0.82265 -0.48064 -0.70198
