-2.2173 -9.4727 0.71798 0.84225 1.6496 1.1439 0.90006 0.60568 0.71559 0.67456 1.1253 0.91868 0.28079
-1.1385 -9.5596 1.1117 -0.19596 1.3371 1.055 1.0056 0.98999 0.78961 0.35676 0.42776 0.41167 0.85349
-1.8882 -8.4312 0.85653 0.15696 1.2832 0.8666 1.2145 0.79263 0.087751 -0.011232 0.37847 0.76323 0.60627
-0.42283 -8.9744 0.97822 -0.67802 1.2631 0.63294 0.88896 -0.1986 0.62341 0.71043 0.83904 0.61904 0.42621
-0.75317 -8.5537 1.2751 -0.15635 1.2154 0.87627 1.1949 0.18255 0.34526 0.84469 0.47738 0.35626 0.32474
0.057701 -7.2469 1.4985 -0.70129 1.1964 -0.061968 0.36512 -0.028966 0.5691 0.64187 -0.0053183 -0.52726 -0.26641
1.3274 -7.4726 1.8053 -1.1645 1.2976 -0.27381 0.83114 -0.53175 0.4747 0.096015 0.07992 0.24405 0.22322
-0.040537 -4.8777 3.0352 -0.10689 0.7846 -1.0215 0.064042 -0.80064 -0.063441 0.38375 -0.33052 0.42552 0.27041
2.6267 -4.1361 1.4963 -0.50355 -2.3797 -2.3978 -0.80738 -1.9852 -1.6443 -0.52502 -0.36999 -0.59122 -0.46574
4.3469 -5.6679 1.3782 -0.7532 -2.8572 -2.0566 -1.3004 -0.98125 -1.0125 -0.12517 -0.65924 -0.16883 -0.48185
5.182 -6.8328 1.5209 -0.78664 -2.8168 -1.8986 -1.1066 -0.71234 -1.3925 -0.13936 -0.80051 -0.28 -0.59936
5.6561 -7.1909 1.637 -0.5175 -2.8067 -1.716 -0.71592 -0.69169 -1.543 -0.34094 -1.0132 -0.33698 -0.77898
5.724 -7.4682 1.7825 -0.4058 -3.2437 -1.9501 -0.7595 -0.83584 -1.6299 -0.20507 -1.1433 -0.63852 -0.72113
5.5912 -7.3909 1.6719 -0.41665 -2.963 -1.8771 -0.6546 -0.80973 -1.7601 -0.34081 -0.79573 -0.40784 -0.89393
4.4586 -6.3673 1.9139 -0.32362 -2.2871 -1.7698 -1.4976 -0.73735 -1.5527 -0.62058 -0.89116 -0.47065 -0.86399
0.85616 -4.6229 1.2461 0.10497 -0.72532 -1.3045 -1.1262 -1.1921 -0.7201 -0.17484 -0.34013 -0.49645 -0.48142
-2.3463 -3.0782 0.76153 0.56279 -0.042727 -0.49948 -0.83162 -1.2338 -0.62096 0.12988 0.42408 -0.024697 -0.1629
-4.92 -3.4317 1.1421 -0.355 0.54546 0.22548 0.76167 1.0203 0.74933 0.28406 1.1215 0.26139 0.32147
-4.9337 -2.6193 0.66514 0.017102 0.17126 -0.02484 0.16222 -0.15096 -0.2071 0.34678 1.1182 0.67741 0.32223
-5.991 -2.4586 0.71156 0.35183 0.71995 0.65515 0.81302 0.71828 0.5866 0.21625 -0.0059966 0.014122 0.30414
-5.9215 -2.4011 0.88614 0.66065 1.0013 0.67482 0.34558 0.15826 0.4773 0.34741 0.17011 0.24468 -0.26944
-5.5685 -2.6094 0.80431 0.28394 0.46767 0.020888 -0.18427 -0.51391 -0.1498 0.50696 1.2867 0.91687 -0.028955
-5.8354 -2.5467 0.97723 0.39278 0.49414 0.073785 -0.024004 -0.4479 -0.17723 0.65307 1.6246 1.0306 -0.048203
-6.1079 -2.2947 0.83873 0.43823 0.72096 0.49768 0.53522 0.36447 0.43138 0.55438 0.74941 0.54808 0.30456
-6.3642 -2.2158 0.88862 0.52493 0.85436 0.7373 0.87687 0.84267 0.85878 0.66216 0.52798 0.47593 0.53724
-6.1865 -2.5145 0.67802 0.35348 0.68573 0.56028 0.6547 0.55267 0.59033 0.64402 0.74492 0.7955 0.89749
-5.7541 -2.3308 0.76271 0.37626 0.68367 0.52646 0.61772 0.5217 0.54496 0.46933 0.46658 0.41326 0.41856
-5.7796 -2.1257 0.96027 0.56535 0.86307 0.69362 0.77278 0.66907 0.68886 0.6126 0.61112 0.55076 0.53681
-5.6824 -2.3843 0.71299 0.32589 0.62485 0.46627 0.553 0.46082 0.49191 0.45884 0.49063 0.48091 0.51619
-1.0931 -4.2965 -0.12491 -1.0785 -0.70372 0.35778 0.35853 -0.19654 0.17825 0.51089 0.087147 0.268 0.2428
-1.867 -3.8963 0.13261 -0.8165 -0.41631 0.43196 0.40982 -0.16325 0.36337 0.7099 0.31433 0.63197 0.42764
1.349 -1.6755 0.39396 -1.7633 -1.7924 -2.4259 -1.2773 -0.13974 0.32761 -0.84367 -0.046555 0.12902 -0.13174
3.8882 -3.1232 -1.4758 -2.9141 -1.8668 -2.3612 -1.185 0.89761 0.14575 -0.76411 -0.10321 -0.21936 -0.66998
3.5262 -2.9567 -1.258 -2.8582 -1.3902 -1.4871 -0.78945 0.9452 -0.081245 -1.0797 -0.45147 -0.37114 -0.4145
3.5828 -3.7016 -2.0493 -3.15 -1.479 -1.53 -1.2576 0.45913 -0.49576 -1.4082 -0.71855 -0.11484 -0.010342
3.7828 -3.8324 -2.7316 -3.192 -1.6338 -1.2033 -1.6008 0.37984 -0.65683 -1.5486 -0.87622 -0.089726 0.11181
3.8547 -3.4542 -2.5891 -3.2472 -1.4923 -0.71425 -1.5624 0.1993 -0.50765 -1.5658 -0.92213 0.047315 0.20814
4.184 -2.8555 -2.5587 -3.2206 -0.35678 -0.52537 -1.1396 0.22048 -0.80838 -1.6121 -1.1335 -0.17697 0.80774
4.3422 -3.2378 -3.1481 -3.6904 -0.52037 -0.53842 -1.4397 -0.04387 -1.3247 -1.5891 -1.536 -0.32139 0.69339
4.3299 -2.8557 -2.9565 -3.4322 -0.10647 -0.19953 -1.1702 -0.10571 -1.1541 -1.5298 -1.2905 -0.2023 0.65487
4.2391 -3.0549 -2.9366 -3.4567 -0.058484 0.073905 -1.1637 -0.15761 -0.88348 -1.6198 -1.0982 -0.013199 0.61738
4.1093 -3.3051 -3.1835 -3.4676 -0.066456 -0.22458 -1.0418 -0.49396 -1.0021 -1.4615 -1.08 0.091819 0.70904
3.9748 -3.0511 -3.1565 -3.2856 0.011485 -0.068655 -1.043 -0.48362 -0.93766 -1.4603 -0.90427 -0.018483 0.72055
3.7916 -3.1328 -3.2306 -3.4805 -0.026449 -0.015168 -1.3325 -0.46989 -0.93091 -1.5438 -0.79863 0.17676 0.64575
3.6985 -2.8739 -3.3677 -3.5096 0.10419 -0.10338 -1.426 -0.55986 -1.0907 -1.5097 -0.53986 -0.0012872 0.5599
3.6499 -3.0029 -3.6206 -3.5977 0.17817 0.22868 -1.407 -0.69727 -0.75929 -1.7189 -0.55172 0.048175 0.87868
3.2633 -3.2371 -3.4966 -3.579 0.40029 0.24497 -1.1054 -0.84198 -0.87294 -1.3638 -0.5864 -0.076093 0.71488
2.8109 -3.4902 -3.0427 -3.69 -0.050594 0.12743 -1.197 -0.95704 -0.88521 -1.08 -0.71479 -0.26009 0.95935
2.1324 -2.3336 -2.1137 -3.6907 0.099973 -0.19778 -1.1221 -1.2227 -0.42301 -0.29879 0.038996 0.64463 1.1949
0.15515 -3.2822 -1.6153 -2.6123 0.057016 -0.21689 -0.43709 -1.1624 -0.128 0.47401 0.74642 1.0498 1.421
