-1.2948 -6.3933 1.2703 -0.61347 0.23212 -0.11353 0.12524 -0.45393 0.16188 0.17404 0.51583 0.22821 0.043486
1.7666 -7.0873 1.6053 -1.3565 1.0476 -0.62803 0.7087 -0.12966 0.23775 0.092631 0.35463 -0.54187 0.084959
1.1713 -6.5572 2.2927 -0.95522 1.3782 -0.11113 1.126 0.9107 0.87556 -0.02259 -0.096765 0.034994 0.36839
1.2386 -7.4725 1.5811 -0.76121 1.3078 -0.017517 0.64224 0.29449 0.57427 0.050674 0.24259 0.90218 0.9783
2.0433 -7.5427 1.7801 -1.3893 1.5803 -0.19403 0.80357 0.016745 0.24902 -0.12703 0.036222 0.88042 0.30744
2.3843 -9.0163 1.0667 -1.2953 0.81515 -0.17579 0.84858 0.53243 0.49845 -0.099068 0.12777 0.34676 -0.25393
2.0836 -9.292 0.54783 -1.8442 0.91871 -0.29267 0.70215 0.47113 0.37941 0.49286 0.15145 -0.070813 0.0078035
2.6942 -8.1075 1.093 -1.2824 0.26563 -0.4252 0.57083 -0.11509 0.1765 -0.16505 0.48515 0.28295 0.32788
1.9878 -6.0919 0.87649 -1.687 0.44285 -0.23852 0.85427 1.17 0.24637 0.39112 0.46592 -0.20581 -0.27924
2.8537 -3.0563 0.84787 -0.12425 -1.7032 -2.2904 -0.5995 -1.2082 -0.48261 -0.82318 -0.10461 -0.38236 -0.42272
4.4507 -3.8032 0.42411 0.20801 -1.9027 -2.052 -0.75375 -0.69529 -0.54834 -0.26881 0.45701 -0.40116 -1.0266
4.3231 -3.2082 -0.05301 0.46692 -2.2731 -2.5798 -0.54167 -1.53 -0.71261 -0.65573 0.61869 -0.77353 -0.87772
3.983 -3.6991 0.004986 -0.68022 -2.5497 -3.1622 -1.4577 -1.9951 -1.388 -0.74032 -0.45926 -0.95241 -1.4672
3.4756 -3.0491 0.95982 -0.13513 -1.6835 -2.6905 -0.74998 -1.7121 -1.0742 -0.01835 0.12138 -0.7283 -1.094
2.6838 -3.2975 0.96015 0.85373 -1.0708 -2.1197 -0.93387 -2.1012 -0.60437 -0.043515 0.47703 -0.99423 -1.0681
0.62379 -3.235 0.87198 1.0319 -0.70342 -1.4142 -1.0234 -1.2049 -0.24445 -0.15606 -0.23001 -0.80373 -1.0056
-1.2584 -2.9902 0.58223 -0.17195 -0.87702 -0.7998 -0.30689 -1.1545 -0.66315 -0.34609 0.83043 -0.047102 -0.24249
-1.3851 -2.9418 0.70135 0.26919 0.10976 -0.35 -0.55272 -1.0886 -0.27695 0.17714 0.9061 0.31187 -0.7195
-3.11 -2.8567 0.43815 -0.11817 -0.053707 -0.3503 -0.33368 -0.63533 -0.32995 0.0045487 0.40908 0.15045 -0.016723
-2.7473 -2.9676 0.27361 -0.74779 -0.71791 -0.57684 0.77618 0.37617 -0.57556 0.089126 1.2727 -0.27526 0.35222
-1.6331 -2.9909 0.16203 -0.68323 -0.56688 -0.673 0.16289 -0.056873 -0.39526 0.12342 0.88012 -0.24354 0.1001
-3.0262 -2.7142 0.522 -0.31626 -0.4054 -0.41609 0.3045 -0.10052 -0.29662 0.21817 1.0682 0.022807 0.12817
-2.9211 -3.0744 0.098499 -0.55752 -0.42391 -0.55666 -0.10325 -0.38782 -0.54148 -0.0939 0.57206 -0.1464 -0.16594
-2.7592 -2.7384 0.53734 0.07579 0.20619 -0.10068 -0.2086 -0.49484 -0.19377 0.079641 0.46903 0.3702 -0.0019412
-2.5936 -2.7796 0.3707 -0.38402 -0.26215 -0.32002 0.30656 -0.013418 -0.44859 0.092011 0.91313 0.082272 0.17625
-2.5174 -2.8139 0.52158 -0.45996 -0.9595 -0.85518 0.25161 -0.20895 -0.093522 0.38175 1.339 -0.077438 0.41613
-4.4653 -2.6902 0.46388 -0.18663 0.028644 -0.035682 0.55754 0.34249 0.04616 0.55841 1.2901 0.53775 0.57491
-4.9335 -2.8938 0.8978 0.11056 0.46089 0.10755 0.0066596 -0.23525 0.053129 0.44441 1.0001 0.7094 0.1042
-1.2067 -4.214 1.4265 -0.60529 0.84584 -0.62853 -0.036738 -0.58015 -0.45138 0.34364 0.84917 0.57543 -0.0035712
0.49931 -4.3853 2.2952 -0.24649 1.5202 -0.1747 -0.46098 -0.43783 0.13672 -0.14639 -0.30697 0.24952 -0.037319
4.4114 -3.024 -0.67382 -0.6497 -1.794 -2.1541 -0.75995 0.04726 0.091165 -0.64176 0.10506 -0.35326 -1.0307
6.1027 -5.0392 -2.0466 -1.2663 -2.0151 -1.6314 -0.49498 0.60316 -0.069705 -0.74706 -0.14946 -0.41071 -1.81
6.3671 -4.4618 -2.5798 -1.2521 -1.883 -1.44 -0.38901 0.74007 -0.10633 -1.1751 -0.27213 -0.30776 -1.4463
6.6716 -4.0789 -2.186 -1.4194 -1.3109 -0.96517 0.09272 1.1675 -0.16152 -1.3404 -0.050761 -0.12533 -1.2269
6.863 -4.6977 -3.1613 -1.6983 -1.4536 -1.0447 0.12446 0.6439 -0.33769 -1.4688 -0.47388 -0.28075 -1.2854
6.7482 -4.733 -3.0039 -1.4604 -0.91241 -0.51792 0.4287 0.75763 -0.3223 -1.3419 -0.48636 0.10749 -1.0718
6.7364 -5.1188 -3.3824 -1.5613 -1.1581 -0.48513 0.14524 0.56826 -0.27155 -1.0275 -0.58087 0.1197 -1.0354
6.3601 -5.0635 -3.5213 -1.7607 -1.069 -0.44914 -0.1283 0.49297 -0.41188 -1.1445 -0.59571 0.091604 -1.092
5.4222 -4.5708 -4.0266 -2.3261 -0.80605 -0.2841 -0.53575 0.21183 -0.95939 -1.1479 -0.056393 0.35786 -0.93792
4.7991 -4.6302 -3.3938 -2.1506 -0.31604 -0.24848 -0.75109 0.26599 -0.82522 -1.0785 0.12657 0.15886 -0.68246
3.7551 -4.0446 -2.7425 -1.9006 0.17515 -0.32224 -0.88057 0.44075 -0.58327 -0.71833 0.14596 0.65311 -0.079858
3.2922 -4.0055 -3.1345 -2.3658 -0.20886 -0.29031 -0.9764 0.10389 -0.63937 -1.2721 0.15808 0.47232 -0.3538
-0.045063 -3.1457 -1.0689 -1.6888 0.23941 -0.59766 -0.41604 -0.088879 -0.34482 -0.31509 -0.10144 0.33239 -0.20773
