-1.7859 -5.5442 1.2537 -0.53047 -0.33631 0.8826 0.335 1.1015 0.88672 0.94479 0.32839 0.83158 0.60944
-0.72167 -8.6699 1.0062 0.10129 1.0001 1.1262 0.96008 0.48691 0.82342 1.4029 0.68932 0.3182 0.29926
-2.9329 -5.829 1.8777 0.19535 0.1051 0.33008 0.15259 0.053849 0.14914 0.64788 1.2228 1.0821 0.54867
-2.3042 -6.6978 1.6689 0.11275 1.3348 0.94975 1.263 1.46 0.95596 0.39139 0.14535 0.45445 0.43559
0.11436 -8.1841 1.2499 -0.43808 0.65113 0.59157 0.41686 0.51763 -0.099275 0.11613 -0.30935 -0.15969 0.086701
1.2617 -8.2315 1.67 0.37159 0.11295 0.51382 0.31194 0.21931 0.15097 0.1634 -0.23922 0.018813 -0.12565
2.0493 -5.8971 2.8782 0.23305 0.21519 0.065685 0.06639 0.13607 0.24791 1.0609 0.87507 0.75015 0.10149
2.194 -5.0218 2.7664 0.49102 1.0756 -0.17009 -0.19052 -0.53743 -0.38199 0.59805 0.42012 -0.03148 -0.27903
2.1944 -4.7799 3.2309 0.79652 0.80697 0.32547 -0.03233 -0.067129 0.29496 0.29845 0.60056 -0.18684 0.36419
1.4238 -4.8142 2.5323 0.0047556 -0.28631 -0.3041 -0.61972 -0.56633 -0.33644 0.26279 0.3811 0.41595 0.68621
2.7549 -1.9744 0.5846 0.18936 -2.5615 -1.7411 -0.013665 -1.5199 -0.84966 -0.20905 0.23727 -0.20545 -0.081545
3.1431 -2.4418 0.017605 -0.1684 -2.861 -1.8364 -0.1945 -1.4749 -0.7707 -0.37329 -0.19344 -0.72224 -0.64965
3.157 -2.6087 0.16593 -0.46854 -3.2931 -2.3778 -0.20442 -1.6937 -0.86938 -0.51868 -0.042106 -1.1291 -0.75425
2.5254 -2.192 0.41247 -0.10552 -2.8961 -2.252 -0.21846 -1.6762 -0.91828 -0.3337 -0.24646 -1.2769 -0.96161
0.34862 -2.1569 1.1256 0.26632 -1.9924 -2.0612 -0.30887 -1.6088 -0.62002 -0.5312 0.25654 -1.147 -0.67018
-2.7428 -2.8024 0.86572 0.65928 0.13646 -0.12825 -0.67321 -1.4071 0.017244 -0.30057 -0.078927 0.14626 -0.55258
-4.3023 -3.0405 0.338 -0.11811 -0.097371 -0.42181 -0.31548 -0.63545 -0.19559 0.123 0.50041 -0.098015 -0.29848
-2.8088 -3.0669 0.28109 -0.41885 -0.84823 -0.84571 -0.21301 -0.68953 -0.29986 -0.25897 0.38621 -0.20676 0.5393
-4.3695 -2.7984 0.48934 -0.32715 -0.32437 -0.5349 0.1121 -0.24179 -0.3671 0.35665 1.3841 0.27899 0.27005
-4.1394 -2.8065 0.5927 -0.046365 -0.0063273 -0.26809 0.0021484 -0.42672 -0.49133 0.23307 1.1351 0.2756 -0.25804
-4.2463 -2.9874 0.39881 -0.40965 -0.40253 -0.4072 0.24436 -0.22281 -0.63988 0.19193 1.3166 0.31827 0.03625
-4.3043 -2.6103 0.82674 0.091853 -0.014889 -0.17372 0.0092221 -0.53277 -0.4572 0.17038 1.09 0.4979 -0.11661
-5.3318 -2.8768 0.2557 -0.2933 -0.018826 -0.045337 0.50328 0.32206 -0.05019 0.082849 0.4515 -0.14567 0.17526
-5.406 -2.5345 0.61111 -0.045083 -0.011433 -0.046256 0.55443 0.36749 0.19638 0.24502 0.50807 -0.049773 0.61722
-5.0541 -2.5349 0.64605 0.10871 0.29009 0.10719 0.31348 0.13466 0.20407 0.52376 0.98042 0.69836 0.58013
-4.2903 -2.7081 0.60993 -0.019659 0.091537 -0.13427 0.012488 -0.3833 -0.42112 0.16721 0.95481 0.45037 -0.051421
-4.7183 -2.8044 0.59024 0.17843 0.36988 -0.03657 -0.24542 -0.53525 -0.17048 0.32885 0.94991 0.56983 -0.28362
-2.7744 -5.0836 -0.26759 0.13848 -0.17406 0.38572 0.22139 0.46979 0.14869 0.44209 0.3103 0.38518 0.20007
1.8906 -6.085 -0.74099 0.012293 -0.3385 0.17558 0.070175 0.39987 0.10049 0.51942 0.2181 0.24536 0.35912
1.3543 -1.2091 -0.42456 -1.6054 -1.2186 -1.4406 0.17138 0.24725 -0.26909 -0.81286 -0.016681 -0.078231 0.15334
4.4757 -1.2945 -2.8144 -3.3167 -1.512 -1.9693 -0.66981 0.71449 -0.97826 -0.9826 -0.64823 0.18429 -0.95276
4.8269 -1.1564 -3.223 -3.1407 -1.0566 -1.276 -0.70544 0.60752 -0.96283 -1.3634 -0.40047 0.31918 -0.97323
4.8471 -1.2195 -3.4251 -3.7235 -0.75318 -0.88251 -0.8412 0.32475 -0.86686 -1.7554 -0.44552 -0.019372 -1.0042
4.6226 -1.3111 -3.3229 -3.2499 -0.92497 -0.85917 -0.70132 -0.23302 -0.69574 -1.9199 -0.48451 0.34991 -1.185
4.3612 -1.6282 -3.1509 -3.826 -1.0349 -0.34148 -1.1005 -0.5507 -0.90312 -2.1052 -0.072349 -0.33034 -0.88759
4.0891 -1.8442 -2.8553 -3.234 -1.227 -0.046427 -0.64072 -0.70343 -1.0607 -1.7016 -0.3166 0.18739 -1.0735
3.8521 -2.1228 -3.5256 -2.9204 -0.53309 -0.47448 -1.046 -0.34605 -1.1514 -2.0314 -0.063294 0.26628 -0.2845
3.3937 -2.1955 -3.1252 -3.2071 -0.51367 -0.31235 -1.4819 -0.76599 -0.90623 -2.1339 -0.43535 0.52741 -0.27004
2.6456 -1.8044 -2.9024 -3.3461 0.056508 -0.87698 -0.98474 -0.85607 -0.59371 -1.8248 0.012699 0.73208 0.26537
1.3904 -2.4303 -1.5665 -2.6871 -0.75007 -1.1473 -0.6948 -1.2855 -0.64466 -1.0169 0.072939 1.0027 1.1241
