-3.2173 -4.4415 1.2063 0.17488 0.51695 0.36818 0.62349 0.9103 0.72525 0.34355 0.19324 0.030499 0.65696
-2.9563 -6.3165 1.6868 0.40872 0.69997 0.16163 0.22864 0.86672 0.44056 0.45638 0.27987 0.11683 0.74001
-1.4791 -7.7267 1.4898 0.88975 0.78584 0.5059 -0.26036 0.76466 0.46274 0.30686 -0.31713 -0.10916 0.36161
0.27323 -6.978 1.4706 0.40862 1.2142 1.4869 0.53605 0.2588 -0.062169 0.063092 -0.4299 0.062948 0.53431
1.3301 -6.1288 2.2037 1.2859 1.5533 0.52616 0.04999 0.3285 0.78642 0.59124 -0.12302 0.023913 0.049851
1.7475 -6.4706 1.4767 0.62387 0.7541 0.051769 0.31864 -1.1266 -0.57093 0.18089 0.0046113 -0.067783 0.36952
1.5979 -6.0651 1.1941 -0.010808 -0.28477 0.4547 0.80046 0.6059 0.30804 0.43549 0.5598 0.18243 0.3768
0.25591 -3.8055 1.5872 -0.10649 -1.0128 -0.53685 0.38363 -0.36389 -0.60832 0.3907 0.26261 -0.0019662 0.5551
2.7061 -1.0063 0.64071 -0.7437 -3.0647 -2.9421 -0.42066 -1.1381 -0.27271 -0.79938 0.46587 -0.1872 -0.060481
3.5655 -2.5573 -0.24905 -1.0287 -3.1138 -2.7039 -0.42299 -0.8454 -0.52305 -0.5991 0.13188 -0.59067 -0.89249
3.5785 -1.9398 -0.13765 -1.6039 -3.0778 -2.7511 -0.73396 -1.3285 -0.33408 -0.82284 0.077912 -0.91177 -1.1783
3.2458 -0.73761 1.2913 -1.9334 -2.614 -2.2333 -0.91083 -1.2203 0.0155 -1.1463 0.27483 -1.1608 -0.76315
2.2115 -1.6689 2.0669 -1.0086 -3.0313 -2.78 -0.30122 -1.4987 -0.49077 -0.88862 -0.04276 -1.4685 -0.98237
-0.61031 -1.8572 1.7106 0.66242 -1.1839 -1.0421 -0.34121 -1.1643 0.27202 -0.63692 -0.22888 -0.51617 -0.29634
-3.7171 -2.464 0.90462 0.11411 -0.47961 -0.30648 0.4897 -0.16327 0.080519 0.28755 1.1354 0.0060885 0.15677
-1.6714 -2.7721 0.68611 -0.6621 -1.3494 -1.1588 0.49206 -0.27138 0.21993 0.21975 0.84119 -1.0429 0.64961
-2.3229 -2.9062 0.75435 -0.11935 -1.1334 -1.1694 -0.35996 -1.0042 0.40889 0.20089 0.56467 -0.53982 0.16458
-4.2841 -2.9779 0.5255 -0.19515 -0.37739 -0.71459 0.15021 -0.031245 0.20502 0.74792 1.505 0.30312 0.73472
-4.1621 -2.7198 0.48209 -0.15162 -0.20824 -0.31174 0.22732 0.013867 0.19817 0.41171 0.88303 0.30576 0.67648
-4.7283 -2.762 0.57675 0.12869 0.21284 0.067993 0.37387 0.003044 0.073445 0.39535 1.0004 0.27241 0.017495
-5.3678 -2.6636 0.47772 -0.092698 0.14532 0.040598 0.50438 0.27199 -0.018869 0.28091 0.83615 0.24149 0.35162
-4.7944 -2.7793 0.31305 -0.5107 -0.28594 -0.12779 1.0338 0.8376 0.039288 0.26144 0.92482 -0.17837 0.62722
-5.6182 -2.7851 0.49321 -0.4933 -0.30486 -0.07266 1.5368 1.3055 0.29773 0.93664 1.9808 0.18225 0.90894
-5.0524 -2.4245 0.83703 0.36902 0.584 0.29084 0.21857 -0.11266 0.029838 0.34149 0.76166 0.4399 -0.14688
-4.6431 -2.8367 0.63754 0.32991 0.62526 0.040969 -0.56757 -0.85915 -0.1505 0.30225 0.83192 0.96817 -0.16108
-4.9333 -2.7671 0.61073 0.073479 0.18819 0.14127 0.55933 0.20733 -0.28142 -0.17921 0.17044 -0.18466 0.27038
1.6312 -5.6351 0.18948 -1.0471 -0.6291 0.16755 -0.043045 0.4557 0.53896 0.39331 0.19079 -0.078514 -0.1366
2.4013 -2.0957 0.91052 -2.2036 -2.1018 -0.84464 -0.07966 0.033819 -0.15546 -0.53981 -0.25548 -0.012889 -0.10222
4.2961 -0.83379 -1.4328 -3.5442 -2.6331 -1.278 -0.43065 0.070649 -0.57129 -1.3271 -0.03883 -0.4541 -0.76054
4.6231 -0.75647 -2.051 -3.6277 -2.1744 -0.99705 -0.62348 -0.018281 -0.72164 -2.0104 0.0067699 -0.35545 -0.85802
4.8202 -1.1887 -2.5482 -2.8481 -1.8694 -0.87668 -0.32712 0.26781 -1.112 -1.5495 -0.026888 -0.20022 -0.79795
4.7043 -1.6858 -2.9892 -3.0685 -1.8398 -0.67168 -0.75585 -0.38406 -1.0398 -1.6688 -0.26738 0.035526 -0.80181
4.5717 -1.5491 -3.1149 -3.13 -1.1065 -0.55923 -0.86691 -0.2601 -1.3829 -1.7907 -0.37597 -0.056359 -1.0012
4.3145 -1.3638 -2.8104 -3.1397 -0.83011 -0.20608 -0.81401 0.086362 -1.5117 -1.6215 -0.073116 0.10964 -0.73733
3.9649 -1.2782 -2.3161 -3.2119 -0.81487 -0.27623 -0.3525 -0.17276 -1.4859 -1.5876 0.0081169 0.47609 -0.72887
3.4833 -1.5055 -2.9626 -3.2205 -0.39372 -0.70387 -0.76728 -0.75133 -1.2874 -1.8596 -0.62048 0.44571 -0.54144
3.0645 -2.1308 -2.559 -3.4112 -0.23346 -0.49399 -1.5269 -0.67472 -1.2184 -2.1895 -1.0489 0.34126 -0.30939
2.3342 -1.7299 -2.4571 -3.0451 -0.12783 -0.8414 -1.4376 -0.98173 -0.60737 -1.3184 0.045729 1.1767 0.56435
1.4308 -2.0375 -1.1205 -2.5545 -0.19515 -0.44185 -0.59084 -1.5198 -0.64386 -1.0246 -0.19971 0.52619 0.95142
