-0.059599 -8.4075 0.98874 -0.72454 0.90819 0.66069 0.18155 0.16359 -0.35141 -0.17758 0.53471 0.46987 -0.36856
0.99185 -8.0019 1.108 -0.22031 1.6684 0.83557 0.65162 0.68862 0.3931 0.30117 -0.44554 0.15886 0.21079
1.3869 -7.0408 1.1858 0.085809 0.9397 0.3091 -0.030372 -0.57815 -0.067554 0.027602 -0.14754 -0.30637 -0.038567
1.9664 -7.0353 0.72609 -1.5632 0.017748 0.3078 0.39298 -0.35497 -0.77289 -0.24233 -0.1562 -0.10351 0.23161
1.4261 -6.3865 0.75182 -0.55615 0.014744 0.42335 0.33762 0.29439 -0.77258 -0.20053 0.12045 0.4445 0.5827
0.83865 -6.0899 1.5942 -0.41879 0.36125 0.26003 0.44368 0.86741 0.31264 0.68594 0.093139 0.57312 0.45053
1.1129 0.13298 0.84966 -1.2985 -1.5191 -2.3795 -0.14592 -0.86123 -0.42536 -0.35957 0.19777 -0.14523 0.62948
3.3795 -1.8345 -0.27162 -1.166 -2.0672 -2.5544 -0.4497 -0.49969 -0.77199 -0.32302 -0.27441 -0.3467 -0.6422
3.6206 -2.2058 0.10923 -1.2975 -2.6151 -2.5784 -0.6514 -0.74334 -0.38699 -0.48838 -0.19738 -0.61487 -1.0772
3.4106 -2.0999 0.63838 -1.3013 -2.6672 -2.3726 -0.84605 -0.97393 -0.40213 -0.51719 -0.22964 -0.91125 -1.2438
2.8597 -1.4803 0.4679 -0.98097 -2.749 -2.6621 -0.56615 -1.5004 -0.25001 -0.93554 0.014592 -1.0807 -1.0099
1.6391 -1.9806 1.3296 -0.20789 -2.413 -2.8727 -0.51318 -1.526 -0.62213 -1.0526 -0.11003 -0.9412 -0.93381
-0.78335 -1.7506 2.026 0.59768 -0.98148 -1.0399 -0.4542 -1.4583 0.62982 -0.72243 -0.33812 -0.19759 -0.62124
-1.883 -2.6693 0.91142 -0.20833 -1.0039 -1.192 0.087371 -0.43482 0.50431 0.49492 1.2089 -0.44031 0.44027
-1.7934 -2.4175 1.0471 -0.30783 -1.0281 -1.2783 -0.082506 -0.77469 0.34194 0.39168 1.1106 -0.42129 0.57654
-3.0817 -2.7194 0.8185 -0.030184 -0.89291 -0.74271 0.32992 -0.39989 0.028436 0.20968 1.1294 -0.37848 0.17682
-3.8179 -2.6574 0.73583 -0.040601 -0.38521 -0.35897 0.59959 0.16813 0.12539 0.13064 0.74011 -0.26524 0.46218
-4.7165 -2.5054 0.62321 -0.34918 -0.41679 -0.29921 0.8979 0.51205 -0.16798 0.20703 1.117 -0.16572 0.7499
-5.5281 -2.6294 0.5313 0.13678 0.42807 0.23562 0.38741 0.26968 0.32444 0.42231 0.61306 0.29377 0.064816
-4.9348 -2.4811 0.6573 0.15394 0.30009 0.25281 0.55163 0.29871 0.21212 0.09641 0.25084 -0.084711 0.062269
-4.7195 -2.6792 0.5849 0.1773 0.45634 0.14518 0.36072 0.25613 0.35227 0.63416 0.94339 0.35162 0.098804
-5.0448 -2.4296 0.72696 -0.13734 0.038755 0.24195 1.3777 0.98229 0.043164 0.31157 1.0252 -0.26371 0.41656
-4.7413 -2.618 0.53408 0.10536 0.36939 0.21964 0.38221 0.18148 0.1847 0.23952 0.4586 0.1726 0.048636
-4.7483 -2.5684 0.71666 0.18464 0.22491 0.057158 0.15485 -0.21071 -0.11686 0.13049 0.6701 0.46564 0.3312
-4.978 -3.095 0.55327 0.31309 0.40134 0.3183 0.27829 0.044104 0.12492 0.083761 0.25266 0.34018 0.32126
0.52587 -5.7798 -1.1088 0.41516 0.045436 0.41685 0.081842 0.39625 0.20177 0.29653 0.013177 0.031014 0.063404
1.0465 -2.8992 0.74051 -1.2966 -1.1118 -0.64309 -0.66973 -0.13453 -0.40736 -0.036576 -0.26185 -0.27276 -0.25038
3.3385 -0.092889 -1.4688 -3.1311 -1.9009 -1.9347 -0.24585 -0.10527 -0.4591 -1.7941 -0.22031 -0.23198 -0.58664
3.7931 -1.0525 -1.9227 -2.5305 -1.7493 -1.433 -0.01834 0.14211 -0.64109 -1.723 -0.44895 -0.4145 -0.74026
3.9981 -2.3417 -1.2813 -2.6387 -1.3073 -1.1971 0.24371 0.35931 -0.90747 -1.4877 -0.71745 -0.43346 -0.50332
3.8131 -0.7895 -2.3686 -2.9072 -0.81423 -0.83633 -0.20438 0.1289 -0.6444 -1.9005 -0.4326 -0.72235 -0.54851
3.6653 -1.099 -2.6623 -3.3102 -0.94484 -0.75597 -0.88251 -0.33064 -0.66864 -2.7236 -0.6017 -0.70286 -1.0442
3.5959 -1.354 -2.3609 -3.4014 -0.5742 -0.44224 -0.98758 -0.11024 -0.99908 -2.1795 -0.61286 -0.25634 -0.81111
3.4971 -1.5183 -2.5116 -3.0109 -0.45641 -0.1009 -0.8482 -0.3006 -0.73399 -1.8875 -0.44587 -0.23557 -0.31096
3.6639 -1.8079 -3.3964 -3.0293 -0.11994 -0.11665 -1.4062 -0.2164 -0.78179 -2.0271 -0.20782 0.18273 -0.12463
3.5178 -1.7573 -3.6026 -3.5265 -0.18029 -0.29237 -1.4123 -0.22909 -0.96688 -2.157 -0.68692 0.28029 0.15701
2.6441 -1.8645 -3.2857 -3.4612 -0.12852 -0.67266 -0.92817 -0.16011 -0.91027 -1.475 -0.014231 0.82275 0.79558
0.54441 -2.8338 -1.6896 -2.6377 -0.97942 -1.1948 -0.3018 -0.62364 0.058866 -1.0128 0.23898 1.3507 2.0199
