-2.811 -6.398 1.0845 -0.19182 0.2895 0.74751 1.5324 1.0987 0.077673 0.31862 0.39462 -0.010151 0.42818
-0.26308 -6.7552 -0.082937 -1.3457 -0.054129 0.96708 0.99077 0.18424 0.21175 0.31643 0.825 0.5945 0.015533
-1.0723 -6.4873 0.026681 -0.035711 0.10041 -0.061735 0.30461 0.27684 0.0032446 0.37636 0.43941 0.16872 -0.0063956
1.2631 -3.427 0.98726 -0.97353 -1.6403 -2.5435 -1.0702 -0.89318 -0.60218 -0.89894 0.14692 -0.53241 -0.8761
3.36 -4.326 0.84979 -1.2258 -2.3811 -2.6043 -0.93605 -0.19583 -0.24627 -0.27834 0.53862 -0.379 -1.0352
3.7077 -5.0678 0.75505 -1.5794 -2.9557 -2.4855 -0.75091 0.12797 -0.33733 -0.23543 -0.053354 -0.33323 -1.0452
3.3396 -4.9103 0.60935 -1.5873 -2.94 -2.5028 -0.76143 -0.11849 -0.6723 -0.55797 -0.22745 -0.7361 -1.1597
2.4842 -4.5403 0.83718 -1.3696 -2.4965 -2.3382 -1.063 -0.43104 -0.86093 -0.70546 0.068187 -0.64977 -1.1614
0.06606 -2.7713 1.6681 0.32175 -0.97242 -1.6771 -0.48814 -0.58374 -0.49756 -0.70246 0.10392 -0.56198 -0.87746
-0.96912 -2.489 1.1363 0.043749 -0.52896 -0.3178 -0.28269 -1.7465 0.57007 -0.63395 -0.89934 -0.75883 -0.9242
-2.4608 -3.12 0.25438 -0.3131 -0.53333 -0.5938 -0.12153 -0.50006 -0.17971 -0.33231 -0.084134 -0.60171 -0.042784
-3.8844 -2.9053 0.33675 -0.14139 0.070704 -0.28434 -0.13573 -0.23669 -0.047883 0.14004 0.30866 -0.023017 0.16599
-3.001 -3.1796 0.48179 0.12222 -0.20498 -0.75085 -0.84644 -1.2206 -0.077232 0.37336 0.89966 0.23196 -0.23697
-4.1872 -2.7414 0.74505 0.13448 0.038351 -0.0077692 0.28479 -0.24967 -0.42227 0.027508 0.8323 0.35377 -0.030615
-5.0842 -2.6386 0.4377 -0.18716 0.061444 0.063093 0.73147 0.58452 0.20481 0.35087 0.75807 0.071926 0.37289
-5.002 -2.6671 0.67723 0.11766 0.23094 0.039055 0.24212 -0.14641 -0.30698 0.10062 0.66441 0.11133 -0.21666
-4.6726 -2.7675 0.4987 -0.02553 0.017777 -0.32359 -0.12266 -0.26202 0.12064 0.41871 0.74433 0.30098 0.32671
-5.5703 -2.5135 0.62371 0.20308 0.53644 0.49197 0.81506 0.73223 0.57284 0.39734 0.35845 0.1139 0.34696
-4.7219 -2.8256 0.41645 -0.45596 -0.31922 -0.37122 0.76114 0.4994 -0.1929 0.36664 1.2572 -0.24652 0.30578
-5.5527 -2.4907 0.68032 0.281 0.60318 0.54062 0.79236 0.68291 0.58681 0.37662 0.28802 0.018301 0.10039
-4.9442 -2.6117 0.74771 -0.362 -0.6837 -0.34227 1.2967 0.66829 -0.19156 0.36881 1.655 -0.33864 0.46907
0.017493 -5.5122 0.42103 -0.7502 -0.014457 0.13792 0.06591 -0.28175 0.020552 0.15889 0.37201 0.55384 0.45873
-0.22478 -2.8879 0.020737 -1.8671 -1.7427 -2.0367 -1.1928 -0.89637 -0.56573 -1.1278 -0.76605 -0.31165 -0.52167
3.2833 -4.0627 -0.25018 -2.1565 -1.5179 -1.4098 -0.9707 0.64378 -0.27879 -0.78809 -0.0143 -0.21656 -1.1598
3.6169 -4.5528 -1.026 -2.2702 -1.3675 -1.0464 -0.40564 0.95139 -0.80673 -1.2114 -0.093763 -0.13006 -0.96642
3.4924 -3.8648 -2.0671 -2.3386 -1.2975 -0.50012 -0.54697 0.70688 -0.69611 -1.4431 -0.23086 -0.17576 -1.0666
3.5147 -4.4027 -2.8146 -2.9809 -1.6492 -0.81815 -1.1441 0.12031 -1.2592 -1.6911 -0.69004 -0.62537 -1.3098
3.7547 -4.4194 -2.3187 -2.4405 -1.2026 -0.020993 -1.2323 0.66693 -0.77819 -1.0635 -0.49007 -0.12139 -0.70057
3.7924 -4.7542 -2.0501 -2.655 -1.0623 0.17217 -1.3337 0.32468 -0.802 -1.2266 -0.90393 0.065827 -0.91765
3.6193 -5.0087 -2.0623 -3.0281 -0.59927 0.15204 -1.6396 0.23645 -1.123 -1.158 -0.83559 -0.088617 -0.793
3.4479 -4.8128 -1.8393 -3.0237 -0.70889 0.076544 -1.8393 0.15516 -1.205 -0.88479 -0.96132 0.11747 -0.18432
2.9683 -3.8025 -1.5629 -2.9231 -0.7737 -0.051544 -1.7682 0.21581 -1.2768 -1.0756 -1.0324 0.20355 0.27275
2.4531 -3.6509 -1.2532 -2.7004 -0.88507 -0.25784 -1.5121 0.25412 -1.2062 -1.2911 -1.0951 0.41954 0.63213
1.891 -3.878 -0.44092 -3.1052 -1.149 -0.62113 -1.45 -0.076135 -1.7918 -1.3346 -0.7487 0.16536 0.39998
1.0901 -3.6365 -0.3184 -2.1827 -0.40894 -1.01 -1.8524 -0.50262 -1.2112 -0.61644 -0.20971 0.34288 0.52415
0.21329 -2.7079 -0.10175 -1.1769 0.32506 -0.61282 -1.4243 -1.0276 -0.78366 -0.64166 -0.2425 0.34394 -0.13177
