-0.6053 -7.6393 -0.041815 1.1297 0.9538 0.1424 0.80912 -0.46128 -0.37434 0.16693 0.28241 0.30231 0.94564
1.7316 -1.4173 1.0451 -0.53187 -2.0967 -2.8111 -0.5077 -0.84708 -0.35978 -0.52075 0.21733 -0.72839 -0.81224
3.7315 -2.0448 -0.44002 -1.3728 -2.5795 -2.4415 -0.33253 -0.38413 -0.618 -0.36972 0.5481 -1.043 -0.90604
4.0474 -2.7821 -0.5546 -1.228 -2.6556 -2.1595 0.33634 -0.35416 -0.57376 -0.27003 0.33968 -0.96962 -0.94507
4.0848 -2.9325 -0.87466 -1.6661 -2.9727 -2.1823 0.13038 -0.54025 -0.6174 -0.45805 0.20872 -1.048 -0.93406
4.0801 -2.6273 -0.39336 -1.1783 -2.7037 -2.298 0.19549 -0.29732 -0.69346 -0.29581 0.54525 -0.88671 -0.9743
3.9405 -2.3979 -0.18447 -1.2067 -2.7474 -3.0869 -0.043554 -0.75832 -0.68719 -0.3229 0.52692 -0.7378 -1.1338
2.3616 -0.98975 0.74933 -0.9433 -1.9825 -2.6204 -0.25592 -0.69681 0.052091 -0.42894 1.1117 -0.49539 -0.89798
-0.69287 -2.0926 1.5048 0.20362 -1.3364 -1.169 -0.058097 -1.2137 0.30249 -0.2701 0.59128 -0.60782 0.093852
-1.4963 -3.2484 0.41216 -0.53016 -0.91698 -1.3218 -0.10467 -0.16441 0.46295 0.75488 1.0923 -0.42677 0.8041
-2.279 -3.3587 -0.0098713 -0.91069 -0.39644 -0.84754 0.43823 0.51275 0.13796 1.0233 1.7638 -0.11869 0.71445
-2.7058 -2.9955 0.36433 -0.57127 -0.55032 -1.0041 -0.071579 0.12075 0.5471 0.81531 0.84686 -0.1906 0.88404
-4.3305 -2.8387 0.59019 -0.42307 -0.68541 -0.52867 0.81235 0.39659 0.15099 0.86357 2.0483 0.44334 0.8766
-2.914 -2.8104 0.74792 -0.65645 -1.3434 -1.2567 1.0654 0.73066 0.10861 0.32995 1.7183 -0.4711 0.91769
-4.1937 -2.7283 0.61501 -0.098028 -0.33278 -0.25773 0.71885 0.43517 0.4621 0.47148 0.94336 -0.056586 0.47207
-2.5853 -3.0618 0.3087 -0.74683 -1.0109 -1.1987 0.20106 0.0075257 0.068394 0.50708 1.2885 -0.34001 0.97349
-3.2559 -3.0016 0.4394 -0.20474 -0.18957 -0.41983 0.36932 0.25316 0.39525 0.42549 0.6075 -0.37921 0.16905
-5.4634 -2.5732 0.77531 -0.31356 -0.52334 -0.32171 0.91109 0.33942 -0.3898 0.47306 1.8903 0.27507 0.39164
-2.7183 -4.3433 -0.22971 0.070767 -0.03641 -0.4027 0.49665 0.032945 -0.091895 0.040906 0.18969 0.24995 0.30464
2.3486 -1.9808 -0.91544 -1.3624 -1.2777 -1.6464 0.68848 0.55101 -0.048117 -0.37221 0.30592 -0.20293 -0.35586
4.3102 -2.2652 -2.9359 -3.0043 -1.5198 -1.3004 0.19719 0.39122 -0.64514 -1.3357 0.12427 -0.29093 -0.75758
4.8019 -2.8028 -4.0432 -2.508 -1.6313 -0.85452 0.36932 0.10284 -1.007 -1.1583 -0.18049 -0.080264 -0.79199
4.887 -3.0865 -3.9034 -2.5254 -1.1833 -0.54748 0.59642 -0.27819 -0.59969 -1.122 -0.35359 -0.20637 -1.3641
4.8751 -3.7453 -4.3984 -3.0578 -1.7517 -0.59675 -0.27183 -0.72672 -0.91388 -1.4368 -0.81468 -0.15476 -1.5632
4.6588 -3.077 -4.1566 -2.4909 -1.4271 0.063223 -0.067313 -0.38257 -0.59407 -1.3889 -0.40964 0.36567 -1.3042
4.0299 -2.6507 -3.8915 -2.735 -1.093 -0.39098 0.035337 -0.65031 -0.70168 -1.1811 -0.098654 0.67508 -0.91049
3.8352 -1.9607 -3.934 -2.5898 -1.0981 -0.25762 -0.13105 -0.31774 -0.41128 -1.355 0.16407 0.563 -0.52014
2.7728 -2.3688 -4.0901 -2.4132 -0.6743 -0.66185 0.35144 0.098784 0.052594 -0.75571 0.33577 0.69824 -0.74753
1.2595 -3.2915 -3.5618 -2.5743 -0.39578 -0.20013 0.81611 0.94996 0.0030357 -0.95605 0.67657 1.2415 -0.10624
