0.26743 -7.6828 1.0595 -0.74356 1.1286 0.68535 1.5007 0.75973 0.65312 0.24099 -0.17587 0.39138 -0.1316
0.93879 -6.1642 0.47733 -0.56717 0.76065 0.93027 1.2423 -0.14722 0.46577 0.091258 -0.49565 -0.17633 -0.088298
1.4266 -5.8288 0.68409 0.26154 0.013358 0.51417 0.70641 -0.46732 0.011132 0.15007 0.15791 -0.21755 0.0085595
1.807 -2.6966 1.005 -0.66497 -1.5808 -2.5808 -1.1266 -0.27562 -0.12192 -0.48406 0.32645 0.34007 0.15581
4.0156 -2.3755 -0.89482 -0.72824 -1.9677 -2.8286 0.076386 -0.24645 0.032149 -0.37402 0.049912 0.70952 -0.75654
4.7907 -3.9377 -1.4612 -1.0005 -2.3947 -2.6284 -0.012453 -0.26144 -0.32052 -0.59266 -0.90561 0.58993 -1.225
4.9152 -4.1966 -1.1807 -1.1632 -2.0538 -2.5833 -0.16424 -0.29767 -0.47149 -0.65878 -0.85692 0.2707 -1.3023
4.4361 -4.3438 -1.402 -1.316 -1.9861 -3.0445 -0.3148 -1.0562 -0.87871 -1.1822 -1.132 -0.11765 -1.513
2.0688 -3.2593 -0.97049 -0.60526 -0.93393 -2.1497 -0.40494 -1.0752 -0.73475 -1.2503 -0.5698 -0.23039 -1.2311
-0.49404 -2.6017 1.0804 0.37872 -0.69438 -1.2156 -0.8829 -1.0535 0.37586 -0.32413 -0.13592 -0.37864 0.11109
-3.0143 -2.9749 0.29419 -0.58229 -0.66554 -0.62146 0.57895 0.38669 0.058062 0.26954 0.86351 -0.33583 0.71353
-4.2895 -2.9126 0.26211 -0.50772 -0.39637 -0.45736 0.2004 -0.074019 -0.41198 0.22442 1.1571 0.32776 0.39883
-5.0572 -2.8024 0.38073 -0.52105 -0.43414 -0.35345 0.70085 0.34563 -0.42864 0.26911 1.3863 0.11953 0.44568
-4.6465 -2.6588 0.5843 0.033403 -0.17398 -0.27422 0.034406 -0.2659 0.0019041 -0.060441 0.21606 -0.042639 0.33767
-4.732 -2.775 0.44767 -0.41598 -0.21808 -0.028045 1.3159 1.1159 0.20881 0.49777 1.2054 -0.17799 0.74062
-5.2564 -2.5074 0.63289 0.2272 0.51656 0.2878 0.28704 0.12753 0.25653 0.46002 0.74347 0.66028 0.37763
-5.9435 -2.4918 0.65473 0.24844 0.53415 0.28126 0.29409 0.13392 0.25246 0.42002 0.68204 0.51415 0.21985
-5.5425 -2.6207 1.1173 0.5701 0.60208 0.021484 -0.29092 -0.80855 -0.36783 0.62952 1.6913 0.97082 -0.4975
-6.1988 -2.3337 0.78042 0.40535 0.7237 0.56286 0.64206 0.52575 0.56516 0.538 0.57501 0.47779 0.41104
-5.1815 -2.4897 0.63483 0.26891 0.60615 0.47468 0.58 0.47758 0.48204 0.33949 0.27937 0.17704 0.16797
-3.5916 -4.4512 1.0218 0.62503 0.32688 0.54231 -0.47041 0.86069 0.63504 0.069508 -0.68118 0.19894 -0.11908
1.8753 -2.2953 0.19171 -0.91898 -1.3135 -0.67332 -0.1825 0.7071 0.2842 -0.031663 0.64337 0.553 0.53055
5.3915 -3.0077 -2.4721 -1.8786 -2.3948 -1.4193 0.37095 0.26411 -0.022327 -0.58909 0.64916 -0.090821 -0.11792
6.0562 -5.4851 -3.4853 -2.2532 -1.9871 -0.69207 0.52092 -0.46612 -0.81362 -1.5391 0.50861 -0.089468 0.12301
6.7013 -5.3676 -4.1461 -2.2609 -1.4401 -0.39173 0.54144 -0.71099 -1.0826 -1.67 0.42833 -0.1112 -0.32685
6.8723 -5.2818 -4.6633 -1.8332 -0.5656 -0.25509 0.11236 -0.52051 -1.1037 -1.678 -0.13929 -0.086848 -0.56852
6.7234 -5.7299 -5.2422 -2.5321 -0.3853 -0.57727 -0.21207 -0.81682 -0.952 -1.6532 -0.15981 0.22667 -0.55541
6.6329 -5.4436 -5.1309 -2.7266 -0.38346 -0.66785 -0.54378 -1.0373 -1.0084 -1.5276 -0.76557 0.37023 -1.2043
6.4988 -4.7993 -4.4573 -1.9354 0.41487 0.252 0.056102 -0.52957 -0.56073 -1.0975 -0.7021 0.70392 -0.83262
6.3071 -5.189 -5.294 -2.7399 -0.051953 -0.32141 -0.71897 -0.955 -0.7139 -1.2895 -0.71588 0.85852 -0.64556
5.962 -4.1841 -4.7794 -2.3459 0.0021558 -0.098544 -0.47682 -1.0228 -0.53261 -1.3938 -0.98691 0.51848 -0.9683
5.4084 -4.001 -4.9003 -2.6786 0.37325 -0.090573 -0.3018 -0.67944 -0.5532 -1.2713 -0.8264 0.82427 -0.54952
4.5581 -4.1654 -5.0592 -3.1463 -0.14175 -0.48311 -0.75372 -0.8821 -0.51391 -1.1761 -0.048106 1.0062 -0.33286
3.5828 -2.7833 -4.3938 -3.1512 -0.075696 -0.28285 -0.52514 -0.66557 -0.16957 -1.2924 0.097123 1.0375 -0.20886
-0.30602 -4.3031 -3.4001 -2.4558 1.059 0.85384 0.41107 0.904 -0.3975 -0.3382 0.39823 1.4093 -0.080514
