0.42726 0.027543 2.1547 -0.8569 -1.8789 -1.5525 0.32815 -1.0386 0.78233 -0.96651 -0.2942 -0.44393 0.29196
1.0592 0.32231 1.7534 -1.3319 -1.3749 -1.375 0.16754 -0.50865 0.24749 -1.0027 -0.13582 -0.40155 0.44816
1.2394 0.5113 1.5373 -1.5413 -1.1654 -1.6912 0.27747 -0.55178 -0.024816 -0.86735 -0.12306 -0.34089 0.27341
1.3447 0.53893 1.5832 -1.8236 -1.3118 -1.3525 0.33764 -0.55657 -0.246 -0.91295 -0.051494 -0.43153 0.5941
1.3531 0.64141 1.7907 -1.6478 -1.4563 -1.1886 0.45164 -0.92669 0.017705 -0.91979 0.0080045 -0.10835 -0.012124
1.6874 0.59812 1.7738 -1.3669 -1.7481 -1.3984 0.64273 -0.71454 -0.31256 -0.73761 -0.087472 0.051134 0.17422
2.4266 1.0207 2.3215 -2.5965 -2.6166 -0.68888 0.74566 -1.1639 -0.57196 -0.59804 -0.12573 0.12704 0.64088
3.0837 1.1976 1.4435 -3.0037 -2.2025 -0.48117 -0.37521 -1.718 -0.61783 0.042172 0.13573 -0.02376 0.1461
4.1564 0.88469 -0.071861 -3.331 -2.0021 -0.36085 -0.75562 -2.119 -0.75468 1.0521 0.24224 -0.46411 -0.68101
4.6204 0.78348 -1.4482 -2.8268 -1.6669 -0.66937 -0.95942 -1.5022 0.33055 1.0871 -0.436 -0.80524 -0.68366
4.9421 0.20446 -2.7458 -2.6045 -1.7487 -1.2259 -0.90722 -1.4342 0.69476 1.0834 -1.2693 -1.458 -0.24415
4.3758 0.01451 -2.674 -2.1198 -1.4987 -1.5839 -0.61606 -0.95328 0.8601 -0.050119 -1.6294 -1.0092 -0.0026233
4.6305 -1.2357 -2.7718 -1.9366 -1.3844 -1.5159 -0.64852 -0.24951 0.89602 0.07108 -2.1129 -0.48578 0.0092534
4.8789 -2.3074 -3.0909 -1.8806 -1.5845 -1.7224 -0.83357 0.057684 0.4082 -0.12747 -2.1337 -0.2869 -0.13189
4.7222 -1.9003 -3.5214 -1.3469 -1.4463 -1.4262 -0.42124 0.19257 0.15752 -0.13509 -1.8196 -0.15974 -0.137
4.904 -1.8839 -4.0617 -0.97364 -1.4687 -1.4825 -0.13711 0.24954 0.1322 -0.48479 -1.6719 -0.089886 -0.14965
4.887 -1.4883 -4.4547 -1.2464 -1.1102 -1.5353 0.3347 0.30157 -0.066964 -0.85742 -1.6296 0.0055963 -0.22303
4.3358 -1.7334 -4.2432 -0.54645 -1.0567 -0.9118 0.47206 -0.224 -0.16053 -1.2282 -1.549 0.26665 -0.26728
2.9112 -1.4083 -3.3649 -1.1888 -0.53124 -1.3137 0.62764 -0.27806 -0.91704 -1.062 -1.0819 0.41257 -0.69536
1.1437 -2.9661 -1.9322 -0.060533 0.42773 -0.57558 1.0497 0.43932 -0.70475 -0.7572 -0.21397 0.45119 -0.93418
0.226 -3.0867 -1.3426 0.52369 0.25103 -0.65387 0.15776 0.46029 -0.33971 0.08385 -0.067661 0.1977 -0.072722
1.128 -2.7396 -2.1228 0.58228 0.38258 -1.2573 0.41667 0.46915 -0.32709 0.50882 -0.10077 -0.097161 -0.15717
1.0711 -3.6526 -1.7052 0.47039 -0.14856 -1.5817 0.07976 1.1705 -0.72759 -0.013738 0.043161 0.68686 0.51583
1.3335 -5.1315 -1.7298 1.0134 -0.21361 -1.2093 0.60096 0.68593 -0.52146 -0.056159 -0.011095 0.34861 -0.60623
1.0334 -3.9963 -2.6223 0.0084156 0.19673 -0.94329 0.98092 1.5929 -0.22764 0.58146 0.41566 0.41363 0.36574
0.82278 -3.5046 -1.2814 0.80219 0.41951 -0.98163 0.61767 1.087 -0.54216 0.40616 -0.028592 0.77166 0.24561
0.091907 -4.3443 -1.5464 0.50138 0.25364 -0.39033 0.50159 1.2767 -0.29509 0.13867 0.034488 0.16001 0.20001
0.13322 -1.6447 -0.54069 -0.52342 -0.33293 -1.787 -0.28681 0.52414 -0.66155 -0.97131 -0.74127 -0.68027 -0.77239
1.9989 -1.3194 -0.82117 -0.79509 -0.5362 -1.7919 -0.078076 -0.14875 -0.42761 -1.4154 -0.668 -0.42348 -0.7765
2.3364 -1.5926 -0.84756 -0.84194 -0.99867 -1.8751 -0.24016 -0.089938 -0.12921 -1.2477 -0.97518 -0.32696 -0.64658
2.3146 -1.0649 -1.1553 -1.0024 -0.94954 -2.2787 -0.41678 -0.30259 -0.028956 -1.2116 -0.81949 -0.45842 -0.95328
1.9353 -1.3925 -0.84633 -0.53714 -1.2195 -2.8266 -0.74912 -0.74492 -0.094492 -1.1845 -0.63847 -0.77788 -0.85015
0.51022 -1.3246 0.79013 0.4345 -0.96437 -1.9849 -0.9701 -1.0204 0.41613 -1.1911 -0.73049 -0.50984 -0.68041
-0.43539 -1.7237 1.6376 0.077455 -0.72944 -0.94517 0.17728 -0.66139 0.20957 -1.4946 -1.0982 -0.83712 -0.30728
-0.71282 -2.0228 1.5156 0.33609 -0.45719 -0.45956 0.090286 -0.93091 0.50024 -0.89241 -1.0706 -1.2441 -0.68922
