0.50122 0.54677 2.1465 -1.3474 -2.3261 -1.801 0.12003 -1.3096 0.38986 -0.85103 -0.47627 -1.2717 0.12728
1.7316 1.7173 1.6889 -2.0525 -2.0919 -1.6381 0.55869 -1.5038 -0.21334 -0.41008 -0.90811 -0.40747 -0.019761
2.6861 1.9575 1.1438 -1.9414 -2.6518 -1.5093 0.063074 -1.4451 -0.28046 -0.78335 -0.23914 -1.0921 0.42859
3.2702 1.972 0.88895 -2.2414 -2.6235 -1.077 0.30783 -1.1821 -0.78767 -0.45641 -0.25355 -0.71977 0.32903
3.9397 1.7581 -0.32431 -2.3726 -2.685 -0.498 0.28055 -1.3901 -0.91397 -0.72205 0.17635 -0.46408 0.21407
4.487 1.4301 -1.8879 -2.1076 -2.5162 -0.23711 -0.42689 -1.3902 -1.1273 -0.59297 0.54947 -0.92573 -0.6492
4.7906 0.79051 -2.8764 -1.3599 -1.8163 -0.13292 -0.90501 -1.1043 -0.65335 0.084974 0.39497 -1.5374 -0.65423
5.2583 0.34765 -3.6708 -1.1046 -1.2262 -0.48294 -1.153 -0.54016 -0.30778 0.013835 -0.37725 -1.5426 -0.40731
5.7638 -0.63888 -4.0754 -1.2237 -1.2217 -0.69404 -1.3786 0.1859 -0.70833 -0.22479 -0.73485 -1.4527 -0.35429
5.9226 -0.83166 -4.2113 -1.1558 -1.2187 -0.92886 -0.98797 0.61797 -0.85071 -0.48446 -0.70474 -1.3727 -0.058634
6.1666 -1.8461 -3.2915 -1.7777 -0.59401 -1.2327 -0.58659 0.75612 -0.77077 -0.2682 -0.73657 -1.2755 0.20711
6.3647 -1.867 -3.8542 -1.7928 -1.2215 -1.189 -1.1066 0.73756 -1.0941 -0.29784 -1.3352 -1.4416 -0.027863
6.531 -2.2079 -3.5514 -1.633 -1.5349 -0.69739 -1.1522 0.93028 -1.1112 0.116 -1.7809 -1.1898 -0.041719
6.6284 -2.4567 -3.3687 -1.655 -1.9578 -0.24333 -0.84067 0.53289 -0.84848 0.053881 -1.7837 -1.3599 0.38861
6.608 -2.3509 -3.1002 -1.8521 -1.7632 -0.31345 -0.29176 0.28237 -0.40623 -0.10667 -1.7798 -1.0905 0.80351
6.3973 -2.704 -3.401 -2.4332 -1.842 -0.56408 -0.47517 -0.16664 -0.55333 -0.6869 -1.6808 -1.1319 0.49282
5.3773 -1.3733 -3.1538 -2.019 -1.7166 -0.19885 -0.045023 -0.10652 -0.5318 -0.89588 -0.8825 -1.033 0.64194
3.1392 -1.9004 -1.4346 -1.828 -1.3817 -0.0012447 -0.29825 0.1915 -1.0339 -0.9216 -0.71892 -0.72954 0.29963
2.966 -5.5019 -0.79559 -0.56633 -0.93156 0.74882 0.88111 0.54239 -0.57827 -0.86071 -1.3528 -0.38352 0.081531
2.928 -6.2397 -0.83899 -0.76182 -1.4713 -0.0019085 0.53126 0.72019 -0.54031 -0.3047 -0.83005 -0.55886 0.61326
3.007 -6.4925 -0.92442 -0.040443 -2.1 0.28877 0.92669 0.99501 0.15186 -0.14614 -0.38642 0.024448 0.48949
3.2976 -6.4771 -1.0046 -0.095391 -1.7312 0.81688 1.1382 0.8175 0.32465 -0.57851 -0.6909 -0.40592 0.39111
3.0042 -4.8223 -0.47838 0.47633 -0.85265 1.0513 1.0705 -0.41855 -0.64818 -0.86183 -0.3463 -0.72838 -0.64757
2.8677 -3.2225 -1.1721 -0.76019 -1.4516 -0.31933 -0.087314 -0.85364 -1.1569 -1.7587 -0.76909 -1.249 -0.6723
3.7963 -0.93169 -1.6273 -1.3862 -1.6653 -0.95494 -0.53669 -0.44503 -0.073337 -1.7742 -0.19619 -1.1797 -0.49053
4.8627 -0.6409 -2.4755 -1.2684 -1.4745 -1.3492 -0.3318 0.073669 0.31811 -0.97406 -0.3757 -0.78623 -0.48777
5.2655 -1.4457 -1.5611 -1.3308 -1.5949 -1.2588 -0.93829 0.24259 0.63397 -0.63906 -0.51648 -0.060927 -0.94095
5.2432 -1.9794 -1.6314 -1.4451 -1.9626 -2.3014 -1.5118 -0.30262 0.36502 -0.72739 -0.95434 -0.0072002 -1.7765
4.44 -1.9223 -0.71337 -0.6509 -1.663 -2.04 -1.4353 -0.14063 0.42786 -0.75552 -0.48649 0.21995 -1.4186
1.9033 -1.6283 0.020599 0.17375 -1.0743 -1.5117 -1.2594 -0.20948 0.32031 -0.76973 -0.46529 0.57106 -1.4492
-0.043709 -0.72288 0.99193 -0.44567 -0.32862 -1.0911 -0.25684 -0.53621 0.72717 -0.77405 -0.8913 -0.81633 -1.2097
-0.93534 -1.2795 1.0059 -0.25897 -0.54376 -0.94791 0.10168 -0.44408 0.1754 -0.75027 -0.20892 -1.0249 -1.103
-0.9732 -1.0274 1.5124 -0.20588 -0.64249 -1.353 0.014924 -0.25514 0.96997 -0.35836 -0.15356 -1.2289 -0.47243
-0.85965 -0.82801 1.7428 -0.16649 -1.2221 -1.5266 -0.040852 -0.67506 1.0232 -0.59109 -0.024821 -0.66696 -0.18865
