0.80994 0.71669 1.2106 -1.8147 -1.7181 -0.93295 0.95889 -0.83089 0.013211 -0.36026 -0.00063453 -0.54077 0.53194
2.1826 1.0436 0.33318 -2.4066 -2.2812 -0.12138 0.75236 -1.1214 -0.0090023 -0.65498 0.524 -0.322 0.20167
3.3209 0.79488 0.070327 -2.9047 -2.8896 0.60051 0.40452 -1.2057 -0.24554 -0.38905 0.89232 -0.41011 -0.49344
4.2413 0.49724 -1.0474 -2.9749 -2.5453 1.0562 -0.29142 -0.73911 -0.34156 0.21969 0.96806 -1.318 -0.56995
4.8142 -0.27192 -1.8519 -3.1043 -2.351 1.0849 -0.93804 -0.050741 -0.21823 0.16753 0.42674 -1.8168 -0.3518
5.1667 -1.0774 -2.2317 -2.6408 -2.491 1.1263 -0.9777 0.23659 0.0079012 0.17012 -0.41511 -1.899 0.26116
5.4669 -2.0497 -2.1961 -2.4252 -2.4508 1.0452 -1.4857 0.68329 0.18022 0.048858 -1.0974 -1.8227 0.68799
5.5085 -2.3387 -2.3666 -2.0096 -2.7898 1.1102 -1.777 0.764 0.30598 -0.30767 -1.1161 -1.5168 0.80295
5.5515 -2.4454 -2.4866 -1.4024 -2.7995 1.0596 -1.4644 1.0257 0.24726 -0.34864 -1.4078 -0.82859 0.78709
5.5847 -2.5917 -2.7537 -1.1775 -2.783 0.92568 -1.3475 1.3078 0.099619 -0.40641 -1.4332 -0.78288 0.56184
5.4812 -2.402 -3.4907 -1.3871 -1.7311 0.53117 -0.82698 1.4269 0.015838 -0.42238 -1.2441 -0.41901 0.31228
4.7958 -3.237 -3.3545 -0.61021 -1.7862 0.13338 -0.19356 1.5541 0.10283 -0.5181 -1.245 0.089707 0.44504
2.4698 -3.6192 -1.4255 -1.4189 -0.60743 -0.31058 0.45793 1.6347 -0.12848 0.17101 -1.0955 0.40633 0.23277
2.6944 -5.7673 -0.78611 -0.4098 -0.51553 -0.774 0.1672 2.1943 -0.27047 0.20579 -1.3545 0.43509 0.30533
3.0269 -7.5955 -0.92826 -1.0172 -0.91458 -1.0355 0.02566 1.7753 -0.64628 0.51573 -1.1636 -0.021761 0.30092
2.4971 -7.1149 -0.19345 -0.84604 -0.58067 -0.37678 0.27255 1.4972 0.44051 1.2734 -0.58274 0.22245 -0.2351
3.5492 -8.4651 -0.37967 -0.50054 0.30423 0.19262 0.94854 1.8831 0.20441 1.2034 -1.5546 -0.049423 -0.41602
2.9105 -6.4389 -0.22487 -0.86816 -0.3022 0.42527 1.9014 1.9553 -0.65043 0.76921 -1.1071 0.49756 -0.27291
3.1033 -3.7836 1.4291 -0.60378 -0.80659 -1.5798 0.22553 0.7973 -0.96523 0.60757 -1.4547 0.17761 -0.95634
3.3197 -2.8026 -0.2568 0.22995 -2.0511 -1.2702 0.069053 1.0234 -0.5081 0.63448 -0.74528 0.21186 -0.74804
3.6314 -2.8304 0.050691 0.29126 -2.3544 -1.6233 -0.48391 0.86473 -0.63805 0.50744 -0.53808 0.41553 -0.9278
3.1664 -2.2098 0.71899 -0.43002 -1.92 -1.509 -1.1131 0.84485 -0.72939 0.33688 -0.11248 0.20749 -0.74564
3.2949 -2.3506 1.9453 -0.92148 -1.7948 -1.1473 -1.8546 1.1184 -0.86247 0.14924 0.043919 0.31172 -0.82819
3.0154 -2.1645 2.2829 -0.48493 -1.7441 -1.2706 -2.1373 0.61903 -0.67099 -0.11249 -0.10185 0.82719 -0.53194
2.7368 -2.1436 2.8773 -0.13936 -2.0984 -0.90668 -1.6241 -0.37351 -0.94431 -0.067691 -0.13647 1.2639 -0.21652
1.0428 -1.4756 2.7891 0.71579 -1.0285 -1.6825 -1.393 -0.59569 -0.62523 -0.032277 0.0024438 0.3875 -0.044209
-0.40379 -0.62138 2.2349 0.17384 -0.96171 -1.4138 -0.054249 -0.44907 0.39709 -0.49936 0.22227 -0.37032 0.69155
-0.43366 -0.70627 2.2746 0.1507 -0.78511 -1.515 -0.55198 -1.3612 0.53391 0.28891 0.61584 -0.64556 0.04467
