1.662 1.5649 1.1277 -2.6103 -2.0716 0.14367 0.46023 -1.2878 0.22342 -0.59536 0.7952 -0.41884 -0.025698
2.8122 1.4575 0.35654 -3.0191 -2.1229 0.37868 0.10675 -0.72668 0.14831 -0.78499 1.2532 -0.52197 -0.33116
3.8451 0.65858 -0.64637 -3.0226 -2.6177 0.90429 -0.12574 -0.25904 0.10434 -0.33972 0.8803 -1.3336 -0.42241
4.5692 0.019167 -1.0295 -3.2443 -2.6602 1.5349 -0.69157 0.0099088 0.35606 -0.12165 0.16404 -1.9158 -0.089063
5.0579 -0.44917 -1.657 -3.0305 -2.3165 1.4121 -1.3963 0.57252 0.303 -0.057381 -0.33935 -2.1412 0.03229
5.4059 -0.95467 -2.1793 -2.6463 -1.8358 1.2521 -1.6937 0.98073 0.094533 0.14465 -0.50841 -2.279 0.364
5.4461 -0.88113 -1.9808 -2.5425 -1.7646 1.4573 -2.2196 1.075 0.48341 0.11626 -0.93295 -1.8643 0.37107
5.5267 -1.3392 -2.2322 -2.4663 -1.7549 1.3209 -2.0017 1.3372 0.18122 -0.20159 -1.1011 -1.2705 0.45719
5.6342 -1.6546 -2.6037 -2.5985 -1.3408 0.71514 -1.6597 1.6616 -0.21399 -0.25425 -1.1126 -1.3911 0.60144
5.5327 -1.7315 -2.8159 -2.3748 -1.2892 1.0283 -1.3662 1.4172 -0.048757 -0.30947 -1.1234 -0.59669 0.57325
5.3174 -2.101 -2.4907 -2.6853 -1.5211 1.249 -1.5925 1.1942 0.19062 -0.60434 -1.3908 -0.26903 0.35659
4.9848 -1.8243 -3.7353 -1.7873 -1.21 -0.063383 -0.80562 1.1766 -0.44291 -0.42899 -1.3478 -0.35863 0.2836
4.6406 -2.5378 -3.7151 -0.52936 -1.527 -0.052734 0.11776 1.424 0.19193 -0.352 -1.4395 0.090281 0.35082
2.352 -3.7341 -1.0381 -1.186 -0.62967 -0.069591 0.49533 1.6266 -0.38145 0.29421 -0.99232 0.34813 0.0028199
1.9636 -4.4998 -1.1318 -1.2519 -0.31749 -0.6514 0.34627 1.4206 -0.59817 0.14457 -0.85591 -0.09016 -0.24502
2.2023 -6.488 -2.2121 -1.5332 -1.2525 -1.114 0.31266 0.70936 -0.57537 0.69665 -1.272 0.39721 0.080175
2.812 -6.571 -0.85154 -0.7199 -0.51961 -0.97307 1.1062 1.7041 -0.60612 0.64733 -1.6894 0.041866 -0.021403
2.9708 -6.6818 -1.0681 -1.2686 -0.50262 -0.0402 0.75188 1.217 -0.44818 0.97097 -1.3146 0.35956 -0.027334
2.732 -6.8216 -0.69502 -1.1375 0.13212 0.04652 1.3325 1.8686 -0.5474 0.3303 -1.8524 0.25106 -0.12828
2.2399 -3.7513 1.0102 -0.096536 -0.76021 -1.2249 0.00019938 0.85394 -0.48741 0.26414 -1.1404 -0.06995 -0.25194
3.1607 -2.854 -0.22462 0.14003 -1.6856 -1.6198 -0.016115 0.37145 -0.45674 0.35583 -0.93845 0.18032 -0.53296
3.4573 -2.8301 -0.062249 0.38581 -2.0178 -1.702 -0.46953 0.72545 -0.76377 0.60764 -0.17521 0.32922 -0.90107
3.8332 -3.5157 1.6201 0.19068 -2.4858 -1.1522 -1.5379 1.0072 -1.1451 0.72565 0.036778 0.23377 -0.81244
3.8449 -3.4413 1.929 0.47411 -2.9573 -0.95707 -1.6578 0.70087 -1.052 0.5838 -0.31801 0.58136 -0.45865
3.8483 -3.4068 2.1516 0.094099 -2.755 -0.90551 -1.8634 0.29148 -0.97139 0.66893 -0.29637 0.53753 -0.44123
3.4961 -2.794 2.311 -0.002223 -2.7656 -0.95167 -1.5584 -0.1275 -0.89756 0.60794 -0.35965 0.57151 -0.34452
2.9942 -2.4692 2.4383 0.74823 -2.6031 -0.78846 -1.6878 0.0032257 -1.3107 0.35476 -0.144 0.56375 -0.061149
0.99982 -1.7177 2.4952 0.16863 -1.1029 -1.1389 -1.0789 0.003399 -0.6604 0.031369 -0.56202 0.80353 0.39156
-0.41457 -1.0023 2.0955 0.26004 -0.71446 -1.2106 -0.50853 -0.79038 0.27427 -0.28747 0.53252 -0.16847 0.015489
-0.76477 -1.2399 1.6993 0.18689 -0.63953 -0.77257 -0.5327 -1.0051 0.83602 -0.442 -0.37065 -0.26607 -0.17651
