0.89846 -1.3721 1.1886 -1.1792 -1.4413 -1.142 -0.19741 -1.7215 -0.32431 -0.792 0.85875 0.1793 0.63861
1.3388 -0.74626 1.2982 -1.9324 -2.0325 -0.86693 0.44994 -1.7199 -0.37948 -0.89898 0.54192 0.087424 0.44697
1.9662 0.38675 1.8207 -1.9237 -1.9972 -1.3543 0.32906 -1.478 -0.46899 -0.62155 0.88279 0.13734 0.42869
1.96 -0.09372 1.6799 -1.8095 -1.838 -1.3297 0.020228 -1.5294 -0.41722 -0.51059 0.39403 0.05213 0.47268
2.0977 -0.13204 1.5742 -1.8496 -1.8125 -1.425 0.062287 -1.6468 -0.60941 -0.74972 0.63987 0.061028 0.12798
2.1569 0.01861 1.7679 -1.981 -1.8466 -1.2213 -0.059138 -1.5757 -0.65077 -0.5377 0.52094 0.019623 0.27147
2.3997 0.34951 1.2822 -2.2784 -1.6294 -1.2541 0.14159 -1.744 -0.55044 -0.34298 0.6308 0.095848 -0.13133
2.6846 0.6168 0.92102 -2.8552 -1.7094 -0.79662 -0.26549 -1.7801 -0.25545 -0.22549 0.74096 -0.16242 -0.38942
2.7717 -0.11365 0.35137 -2.5808 -1.1369 -0.4741 -0.36503 -1.2894 -0.35977 0.40608 0.86865 -0.58103 -0.70506
2.7273 -0.5581 -0.10419 -2.5961 -0.93989 -0.12237 -0.79549 -1.4307 0.13955 0.70449 -0.24639 -1.0889 -0.11357
2.983 -1.1816 -0.94808 -2.3273 -0.6134 -0.4351 -0.87714 -0.83603 0.15089 0.62735 -0.96968 -0.84911 -0.18972
3.017 -1.4877 -0.9613 -2.2942 -0.57255 -0.60102 -1.1013 -0.65651 0.46153 0.1293 -1.7394 -0.1752 -0.31421
2.8023 -1.2339 -1.1972 -1.9699 -0.44413 -0.69707 -0.93126 -0.30681 0.11106 -0.037194 -1.5781 -0.11395 -0.042628
2.2529 -1.2207 -0.86344 -1.7886 -0.49804 -0.71646 0.040108 -0.26857 -0.12706 -0.55049 -0.87068 -0.026245 -0.17658
1.921 -1.8118 -0.67297 -1.274 0.068291 0.018707 -0.37978 0.3008 -0.84892 -0.41919 -0.69079 -0.14682 -0.24281
2.2804 -3.1084 -0.0073661 -0.52416 0.20203 0.0056984 -0.094237 1.0789 -0.80473 -0.54121 -1.0213 0.21495 -0.062391
2.6195 -4.7683 -0.28472 -0.6058 0.71067 0.84482 0.35387 1.669 -1.7307 -0.42473 -0.97533 -0.34459 0.09825
2.0043 -5.0711 -1.0403 -0.048521 -0.1608 -0.065157 0.24964 1.1049 -1.325 -0.38771 -0.66512 -0.77475 -0.016287
2.7647 -6.1433 -1.4333 0.19638 0.47687 0.28119 0.038384 1.1842 -1.1692 -0.55176 -0.20237 -0.41093 -0.15365
2.0965 -6.0599 -2.2358 -1.1759 0.29938 0.39167 0.78511 1.1389 -1.0374 -0.043333 0.063688 0.072838 -0.05678
2.0419 -6.6483 -2.2856 -0.34854 0.33257 -0.19188 0.89153 0.80933 -1.8248 -0.23129 0.12085 -0.003314 0.11232
2.3583 -5.9295 -2.532 -0.63565 -0.02384 -0.86001 0.077341 0.76737 -1.1737 -0.51459 -0.087829 0.31489 0.9141
1.7914 -4.5499 -0.73996 -0.16537 -0.40748 -0.45106 -0.43424 1.0795 -1.03 -0.65186 -0.62047 -0.57066 -0.16422
1.6351 -3.6299 -0.080195 -0.047752 -0.35087 0.03321 -0.84988 0.65832 -1.3172 -0.71135 -1.3233 -0.48326 -0.2015
1.1511 -1.9721 0.6239 -0.7062 -1.0658 -0.9053 -0.75175 0.046693 -0.21076 -1.1721 -1.0682 -0.20055 -0.44124
1.496 -1.8787 0.66198 -0.44072 -1.3171 -1.3602 -0.40634 -0.42578 -0.59175 -0.52837 -0.28784 -0.12539 -0.36419
2.1257 -2.4378 0.74189 -0.37862 -1.0466 -1.9667 -1.5584 -0.73196 -0.3166 -0.18411 -0.12594 0.36615 -1.0225
1.9617 -2.4116 1.7245 0.28597 -1.0195 -1.952 -2.2906 -1.0267 0.012388 0.3295 -0.23245 0.4121 -0.38108
-0.22596 -2.1141 1.653 0.81924 -0.28214 -0.63763 -0.81053 -1.213 0.5912 -0.27712 -0.45929 -0.16408 -0.63766
