-0.94503 -0.98138 1.5861 -0.48049 -1.3818 -0.51525 0.62083 -1.3979 0.73547 -0.54671 -0.11986 -0.51033 0.059053
-0.47081 -0.6607 1.7985 -0.56872 -1.4226 -0.70756 0.40074 -1.4383 0.76703 -0.70298 -0.28228 -0.45774 0.2217
-0.19599 -0.42186 1.591 -0.75407 -1.5164 -0.83159 0.53715 -1.2408 0.27196 -0.89516 0.21396 -0.32828 0.091462
0.14251 -0.32568 1.4968 -1.4136 -1.2452 -0.95268 0.82897 -0.86267 -0.035333 -0.77446 0.0062012 -0.19252 -0.071811
0.45357 -0.14065 0.91351 -2.0355 -1.103 -0.75733 0.48538 -1.0788 -0.13706 -0.51113 0.069956 -0.63552 -0.30765
0.61454 -0.24059 0.98704 -2.0425 -1.1036 -0.51278 0.25868 -0.55933 -0.064039 -0.17556 0.3384 -1.2312 -0.13573
0.81778 -0.40723 0.27227 -1.9151 -0.69156 -0.30852 -0.072045 -0.95247 0.50537 -0.41048 0.083623 -0.93086 -0.23922
1.0975 -0.79147 0.096111 -2.1668 -0.59548 -0.46024 -0.43966 -0.4521 0.45211 -0.46529 -0.09717 -0.95234 -0.22616
1.3085 -0.80103 -0.16759 -2.3505 -0.43466 -0.25352 -0.55582 -0.31798 0.55547 -0.69112 -0.27259 -0.80225 -0.225
1.5191 -0.72521 -0.43245 -2.3944 -0.43042 -0.26433 -0.41306 -0.2752 0.55497 -0.62403 -0.45787 -0.63526 -0.33759
1.6717 -0.94944 -0.54829 -2.4622 -0.34009 -0.3229 -0.60425 -0.09809 0.55326 -0.47392 -0.6189 -0.9264 -0.163
1.7839 -1.0541 -0.80031 -2.7894 -0.25397 -0.19932 -0.51595 -0.35219 0.52615 -0.49703 -0.74166 -0.78874 -0.14797
1.5415 -0.78309 -1.0565 -2.4273 -0.51111 0.16817 -0.42485 -0.46803 0.76131 -0.52695 -0.83893 -0.57832 -0.084021
0.75827 -0.8909 -0.74842 -2.0135 0.37427 0.36614 -0.26223 -0.25871 1.1673 -0.59589 -1.2698 -0.2566 -0.34762
0.49401 -0.40968 -0.090284 -1.7776 -0.39608 -0.25915 0.25514 -0.1658 0.95899 -0.72699 -1.0349 -0.20521 0.17083
-0.65812 -1.0238 0.70852 -1.0114 -0.28731 -0.010644 0.93862 -0.44849 0.63663 -0.84955 -0.97629 -0.15763 0.015891
-1.2697 -2.0573 0.79659 0.059859 -0.089829 0.25577 0.72609 -0.13476 0.28899 -0.77323 -1.038 -0.016829 0.12478
-1.2305 -3.1831 0.37775 -0.20033 0.14331 0.47674 0.88926 0.83819 -0.15761 -0.44859 -0.83586 0.22826 0.30697
-1.4343 -3.5563 1.2094 0.32324 -0.44177 1.2737 0.37753 -0.24422 0.57999 0.073116 -0.54197 -0.34052 -0.34186
-1.928 -3.3329 0.73975 -0.16971 -0.68279 0.27123 1.0883 0.21681 -0.081014 -0.14276 -0.59273 0.65986 0.41017
-1.4143 -3.618 0.84492 0.40528 -0.81631 -0.12117 0.94538 0.64178 -0.65341 -0.35745 0.40136 0.59471 0.58892
-1.8792 -2.2407 1.5057 -0.047843 -0.20725 -0.083325 0.71246 0.28025 0.074995 -0.24621 -0.19392 0.082967 -0.30102
-0.93751 -2.6705 0.93731 0.38248 -0.47733 0.68397 0.9434 0.65399 0.31194 -0.84188 -0.57542 0.007324 -0.29732
-0.47046 -1.0836 1.4005 -0.26197 -0.89714 -0.32178 0.50779 -0.46229 1.3419 -0.50887 -0.86238 -0.24838 0.074652
-0.041961 -0.17423 1.0226 -0.63823 -0.68212 -0.51976 0.20576 -0.64144 0.9118 -0.65175 -0.24031 0.023915 -0.25738
0.48554 -0.42817 0.43137 -0.90261 -0.48885 -0.7234 -1.1559 -0.033086 0.99122 -0.85881 -0.64241 0.37848 -0.1962
0.5009 -0.84202 0.20363 -0.25289 -0.49451 -1.1322 -0.74935 -0.47779 0.65769 -0.82581 -0.68829 0.24952 0.45611
0.19365 -1.3753 1.1455 -0.045293 0.025935 -1.0653 -1.5659 -0.13853 0.38679 -0.92648 -0.55602 0.26928 0.58646
-0.85729 -1.6197 1.482 0.61754 0.3445 -0.22474 -0.9206 -1.528 0.51273 -0.64136 -0.6185 0.55339 0.11094
-0.99579 -1.6316 2.1651 1.1793 0.16858 -0.16984 -0.65454 -2.2614 0.14402 -0.73409 -0.025478 0.56344 0.097358
-1.2412 -1.6869 2.0751 1.162 0.0024701 -0.012705 -0.38093 -1.9974 0.37754 -1.0199 -0.34887 0.55537 -0.36537
