-0.74165 0.87768 2.099 -0.47421 -0.84811 -0.79807 -0.0085369 -0.87131 1.4109 -0.42996 -0.75782 0.14283 -0.19818
2.1521 2.2307 2.602 -2.3008 -2.5153 -0.82179 0.10382 -0.14469 0.09629 -0.94196 0.13882 -0.18044 0.71832
2.042 2.0664 2.3007 -2.1074 -2.381 -0.94665 0.41047 -0.29128 0.21693 -0.43572 0.061032 -0.29182 0.89965
2.934 2.5574 2.3951 -2.8541 -2.5889 -0.57136 -0.034436 0.19221 -0.16818 -0.50329 0.087264 -0.25345 1.1057
3.2179 2.8236 2.634 -2.6281 -2.9919 -0.38107 0.299 -0.19366 -0.33326 -0.10968 0.17014 -0.64004 1.6248
3.5347 2.8267 2.366 -2.7167 -2.6883 0.056588 0.024228 -0.36384 -0.31884 -0.051594 -0.0078646 -0.62024 1.7383
4.0597 2.751 2.0785 -3.0479 -2.9264 0.36219 -0.18989 -0.2448 -0.81448 -0.065673 0.41213 -0.61574 1.3354
4.5586 2.5572 0.84269 -2.7374 -2.7048 0.099463 -0.074904 -0.0086011 -0.84306 -0.071324 0.49743 -0.24929 1.1692
4.6046 2.1232 -0.10135 -2.4297 -2.279 0.16748 -0.1365 -0.29473 -0.82523 0.8217 0.84704 -0.90525 0.76269
4.8939 1.5618 -1.4572 -1.9575 -1.6938 0.49141 -0.7272 -0.48735 -0.49822 1.253 0.78917 -1.5034 -0.066668
5.1717 0.86269 -2.4226 -1.3661 -1.6325 0.19636 -0.89423 -0.11721 0.14208 0.9066 0.17803 -2.2823 0.57444
5.5717 -0.011869 -2.862 -0.89598 -1.8416 0.13479 -1.1246 0.70196 0.47753 0.49828 -0.57892 -2.0894 1.0773
5.9643 -0.6968 -3.1534 -0.4992 -1.9584 0.20251 -1.1363 1.3055 0.55077 -0.15701 -1.0433 -1.4879 1.258
6.1002 -1.081 -3.1969 -0.23163 -2.2334 0.032234 -0.96755 1.3802 0.38686 -0.62744 -0.9346 -1.2485 1.1335
6.0393 -1.3517 -3.253 -0.28162 -2.2405 -0.11954 -0.89373 1.4386 0.16737 -0.78222 -0.89696 -0.97564 0.92141
5.9857 -1.8084 -3.0431 -0.19858 -2.1516 -0.35312 -0.7707 1.5784 0.29036 -0.79895 -0.98722 -0.88834 0.93139
5.8127 -1.5915 -3.1238 0.014767 -2.0197 -0.2808 -0.8132 1.5857 0.10393 -0.67736 -1.0651 -0.78387 0.54737
6.0964 -3.0226 -2.5801 -0.45519 -1.6588 -0.057853 -0.68124 1.6394 -0.17025 -0.63035 -1.1038 -0.30134 0.49696
4.4601 -1.2486 -1.9165 -0.66494 -0.76382 -0.70194 -0.13414 2.0862 -0.37671 -1.1233 -0.78877 0.60831 0.13962
1.7732 -1.6221 -0.48321 -0.069278 0.33839 0.092367 1.2591 0.60243 -0.23664 -0.84233 -0.60221 0.85587 0.20578
1.1104 -2.1091 -0.075297 0.57762 0.02385 -0.35339 0.87269 0.87832 -0.6135 -0.28075 -0.86794 -0.040289 -0.39441
0.93157 -2.9146 -0.78388 -0.42658 -1.069 0.11863 0.89024 -0.0041581 -0.50196 -0.22902 0.13316 0.61145 -0.064206
1.2794 -4.4608 -1.4199 0.0051206 -1.0728 0.38866 0.66703 -0.21356 -0.85647 -0.43884 0.49501 1.1511 0.16202
0.67595 -4.2763 -0.87066 0.43558 -0.13664 0.314 0.78116 -0.38834 -1.6576 -0.6201 -0.60346 0.3216 0.052451
0.58482 -3.341 -0.62317 -0.38749 -1.276 -0.68201 0.88953 0.078643 -0.75726 0.20779 -0.10442 1.0709 1.339
0.49794 -3.1523 -0.66219 -0.14402 -0.99083 -0.51549 1.1524 0.28708 -0.34076 -0.50227 -0.37062 0.27313 -0.72644
0.70012 -3.4467 -1.3811 -0.072462 -1.3106 -0.13921 1.2217 0.062825 0.19457 0.19463 -0.27614 0.16641 0.84365
0.16492 -3.5286 -0.712 0.12308 -0.91465 0.94425 1.5538 1.0748 -0.25949 -0.36773 -0.57424 0.69206 0.39799
-0.28883 -3.9538 -0.62047 0.62138 -0.5024 -0.38356 0.65435 -0.074669 -0.092051 -0.63819 -0.50241 -0.27938 -0.63611
-0.47606 -3.2109 1.2092 2.0222 -0.56478 -1.0727 1.3294 0.20607 -0.017335 -0.083688 -0.14967 -0.3247 -0.4441
-0.91619 -1.9172 1.744 0.88255 0.10492 -0.10739 0.98379 0.16478 0.48247 -0.46557 -0.34775 -0.24794 -0.66556
0.49259 -0.27791 1.6285 1.1022 -0.78592 -0.82656 0.15649 -0.30382 0.26613 -0.49704 0.053993 -0.084597 -0.82049
0.71142 0.0029579 1.6453 1.1303 -1.0574 -1.521 -0.10652 -0.20259 0.24702 -0.67521 0.46512 -0.055855 -1.0106
