1.1492 1.0601 2.6683 -0.85352 -2.3224 -1.1342 0.13293 -0.65238 0.62747 -0.64306 -0.47429 -0.15451 0.91977
1.1427 1.0311 3.0917 -0.67212 -1.819 -1.3987 0.17872 -0.73531 0.7137 -0.82588 -0.22565 -0.010337 0.69607
2.2167 1.7273 3.0425 -1.6781 -2.4754 -1.046 0.38977 -0.46657 0.39406 -0.51542 -0.037326 -0.39702 1.1311
2.3923 1.9913 3.1585 -1.7582 -2.4691 -1.2317 0.2826 -0.30305 0.22163 -0.63744 -0.14777 -0.35483 0.97747
2.4436 2.0351 3.22 -1.9827 -2.6159 -0.48243 0.092382 -0.40576 0.22222 -0.69719 -0.16964 -0.34132 0.82134
2.6883 2.0513 2.9473 -2.0054 -2.3844 -0.78733 0.24467 -0.14484 -0.01833 -0.45767 -0.27456 -0.22028 1.0265
3.1109 2.3975 2.578 -2.1899 -2.303 -0.61901 0.25539 0.13068 -0.15152 -0.46937 -0.03026 -0.17934 1.2399
3.5126 2.4258 2.2865 -2.4135 -2.2326 -0.4221 0.20327 -0.13722 -0.62344 -0.059824 0.11327 -0.1229 1.1598
4.1271 2.6718 1.5437 -2.8828 -1.9538 -0.42491 0.10546 -0.20994 -0.93267 -0.08693 0.50708 -0.093492 1.1061
4.3897 2.5949 0.55636 -2.4694 -2.1999 -0.23829 0.1902 -0.67984 -0.76859 0.34672 0.85436 -0.45809 0.86673
4.3915 2.1837 -0.31239 -2.5453 -1.2452 -0.12566 -0.61326 -0.63684 -0.55647 0.86823 1.3102 -1.3534 0.16265
4.459 1.5394 -1.1697 -2.0594 -0.68541 -0.60423 -0.60831 -0.63829 -0.044989 1.3156 0.34271 -1.8165 -0.011453
4.6093 0.85834 -1.8386 -1.6045 -0.91509 -0.59984 -0.944 -0.28704 0.47491 0.72375 -0.22103 -1.7717 0.35072
4.9884 0.13445 -2.1901 -1.2936 -1.1862 -0.68588 -0.90396 0.60008 0.68998 0.27481 -0.64008 -1.4423 0.70304
5.4261 -0.30112 -2.5241 -0.69491 -1.5824 -0.72577 -0.7289 1.0932 0.66764 -0.7489 -0.82529 -1.2533 1.1887
5.8893 -1.4044 -2.1931 -1.0228 -1.6621 -0.93795 -0.57094 1.3101 0.37541 -0.85109 -1.0829 -0.77393 0.90231
6.098 -1.7457 -2.4241 -0.65382 -1.9757 -0.65869 -0.49747 1.5119 0.39849 -0.89309 -0.94609 -0.74989 1.0239
6.2175 -2.1892 -2.2496 -0.74814 -1.9992 -0.62484 -0.31853 1.3911 0.18701 -1.2533 -0.89738 -0.73601 0.93443
6.1112 -2.0661 -2.648 -0.37534 -2.1848 -0.15891 -0.53759 1.5002 0.021706 -1.1098 -0.83418 -0.66025 0.90587
6.0115 -2.4072 -2.6787 -0.13268 -1.9836 -0.030906 -0.65617 1.5793 0.11147 -0.72008 -0.98071 -0.46149 0.63618
5.0098 -2.3504 -2.7586 -0.30446 -0.71782 0.30118 0.18362 1.4127 -0.18761 -0.61239 -0.9866 -0.18188 0.38368
2.8117 -1.1309 -0.90436 -0.13032 -0.19565 -0.25628 0.90172 0.4959 -0.029551 -0.55719 -0.92796 0.57301 -0.59889
2.1242 -2.3876 -0.11382 0.98432 0.72184 0.052061 1.4225 -0.074512 -1.0472 -0.071749 -1.0153 0.30949 -0.50535
2.5668 -3.2615 -0.061574 0.1699 -0.46454 0.1006 1.4229 0.98495 -0.53897 -0.48966 -1.4934 0.33432 -0.15473
2.8458 -4.1578 -1.0236 -0.91369 -1.6591 0.55179 1.7484 0.43499 -0.83397 -0.75018 -0.87044 0.23133 0.084554
2.9344 -4.8642 -1.6321 -0.93242 -1.6633 0.46108 2.061 0.43518 -0.95004 -0.47967 0.023931 0.22891 0.28264
2.4531 -4.446 -1.5677 -1.1753 -1.7579 0.028061 1.0026 0.46171 -1.0795 -0.52532 -0.17708 0.13635 0.24102
2.5023 -4.7463 -1.4749 -0.50658 -1.3543 -0.30578 1.1417 0.40938 -1.073 -0.35162 -1.3125 0.13153 0.22907
2.2366 -4.6537 -1.3714 -0.089167 -1.0904 -0.073145 1.3462 0.12008 -0.66074 -0.49883 -0.87539 -0.0368 -0.34037
2.4299 -4.4638 -0.4242 1.2668 -0.62633 0.22049 1.8878 0.51432 -0.48952 -1.1034 -0.47916 0.0097272 0.39955
2.6022 -1.0021 -0.71739 0.20929 -0.7434 -1.2069 0.95688 -0.19235 0.022427 -0.73034 -0.60069 -0.25177 -0.51045
3.0564 -0.20097 -0.50796 -0.4713 -1.4467 -1.2056 0.37181 0.4491 0.072119 -0.66202 -0.39521 -0.15904 -0.43967
3.5505 -1.4321 -0.97879 0.72995 -1.9404 -1.0097 -0.19596 0.48973 0.23825 -0.46707 -0.1413 -0.46164 -0.24502
3.8263 -1.6369 -0.8898 0.98192 -2.3061 -0.89493 -0.71202 0.84259 0.05315 -0.34616 0.022928 -0.20179 -0.44613
3.5752 -1.5816 -0.1038 0.85453 -2.2139 -1.1069 -0.98661 0.69952 0.16392 -0.31136 0.052229 0.10053 -0.71762
3.0247 -1.4007 0.71421 1.0859 -1.7853 -1.5176 -1.2406 0.019417 0.30845 -0.41673 -0.058729 0.40386 -0.60811
1.3522 -0.92972 0.75445 1.076 -0.70439 -1.1126 -1.0916 -0.31688 0.03344 -0.92817 -0.53576 0.32191 -0.10756
