0.4405 -2.6544 0.99742 0.51672 -0.38178 -0.50626 -0.65046 -1.4468 0.044085 -0.16244 0.20687 -0.06231 -0.51559
1.0495 -2.4912 1.0487 0.18331 -0.82946 -0.60408 -0.3835 -1.5889 -0.18612 -0.67036 -0.061864 -0.21747 -0.3279
1.3811 -2.5669 0.81914 -0.1208 -0.72354 -0.59124 -0.242 -1.319 -0.57939 -0.74355 0.24671 -0.11781 -0.59802
2.0573 -1.6691 1.5579 -0.44632 -1.0275 -0.97707 -0.24396 -1.6958 -0.24299 -1.2587 0.015223 0.12613 -0.25391
2.2394 -1.5226 1.7659 -0.24598 -0.78852 -0.61575 -0.17077 -2.0098 0.040202 -1.3575 -0.4016 0.24654 -0.13287
2.5357 -1.0368 2.0095 -0.60242 -1.1942 -0.50795 0.11513 -2.0499 0.19323 -1.168 -0.40409 0.13551 -0.2025
2.7535 -1.0148 2.1076 -0.27848 -1.2485 -0.47672 0.27018 -1.8516 0.19493 -1.5339 -0.55285 0.12651 -0.1539
2.4121 -1.623 2.0107 0.40335 -0.66567 -0.18009 0.25206 -1.7681 0.13321 -1.655 -0.96269 -0.05782 -0.17392
2.2068 -1.6283 1.8736 0.43304 -0.31618 -0.023792 0.053752 -1.8602 0.38011 -1.3797 -0.95604 0.011872 -0.25813
2.1336 -1.8756 1.6418 0.50624 -0.37249 -0.16279 -0.10889 -1.6089 0.43497 -0.90722 -0.71497 -0.15634 -0.4592
2.3298 -1.8157 1.5207 0.043421 -0.73371 -0.42493 -0.079169 -1.6799 0.19151 -1.2315 -0.69048 -0.017889 -0.26289
2.4878 -1.5484 1.3864 -0.42336 -0.98169 -0.46695 0.18075 -1.7096 -0.015552 -1.2226 -0.46404 0.10273 -0.071018
2.7609 -1.2765 1.4264 -0.55531 -1.665 -0.81576 0.33333 -1.7223 -0.24971 -1.1409 0.023332 -0.27261 0.19555
3.0417 -1.2779 0.99211 -0.98141 -1.584 -0.91494 0.39139 -1.611 -0.46635 -0.90427 0.4962 -0.037325 -0.038781
3.1978 -1.6102 0.63712 -1.4302 -1.4619 -0.63589 -0.13892 -1.6903 -0.3532 -0.0091582 0.3537 -0.80313 -0.39532
3.531 -1.7824 0.21699 -1.7668 -0.7409 -0.74616 -0.69236 -1.4639 -0.065615 0.46714 0.040589 -0.86605 -0.60854
3.8319 -1.833 -0.40616 -1.5703 -1.1085 -1.1271 -0.3643 -1.4091 0.61916 0.36327 -0.57325 -1.173 -0.23305
4.0027 -1.5536 -0.78138 -1.7076 -0.86862 -1.6126 -0.50568 -0.73756 0.49604 0.014614 -0.43828 -1.584 0.21416
4.1147 -1.5258 -1.1351 -1.4735 -1.2305 -1.7005 -0.31708 -0.71308 1.0817 -0.40998 -0.46378 -1.4117 0.36408
4.4406 -2.2262 -1.2265 -1.7932 -1.0271 -2.039 -0.26844 0.18152 0.46964 -0.18964 -0.82093 -1.4763 0.57239
4.4266 -1.9927 -1.3819 -1.9314 -1.1084 -1.7164 -0.27005 -0.20411 0.86155 -0.50732 -1.2136 -1.0882 0.088881
4.4099 -2.4571 -1.3457 -1.9662 -0.83639 -1.6158 -0.52276 0.46587 0.28469 -0.46041 -1.0342 -1.2724 0.45235
3.9333 -2.37 -0.65194 -1.6092 -0.90473 -1.6498 -0.00087549 0.30647 0.33405 -0.72261 -0.90977 -0.82923 0.1881
3.5102 -2.4599 -1.0477 -1.2614 -0.22498 -1.2228 0.098255 0.17204 0.27449 -0.76049 -1.3214 -0.40539 -0.15103
1.9433 -1.9864 0.92381 -0.45052 -0.62117 -0.67857 0.38637 -0.55724 0.089713 -0.85015 -0.33839 -0.83199 -0.093049
1.0275 -2.1244 1.2368 0.2411 -0.21225 -0.0872 0.21369 -0.67965 0.39384 -0.85876 -0.90247 -0.36774 -0.1927
0.98265 -2.5583 0.85579 0.25354 0.2579 0.15942 0.16919 0.011169 0.87782 -0.18479 -0.96855 -0.57241 -0.39581
0.86711 -3.0049 0.47985 0.39116 0.47771 0.64408 0.73921 0.50408 0.5733 -0.52603 -0.99324 -0.50953 -0.54722
0.86888 -2.7871 0.73791 0.7823 1.2755 0.95946 0.077881 -0.10495 0.48929 -0.66265 -1.284 0.27055 -0.61139
1.2622 -2.4794 0.88254 0.10392 -0.032399 0.26116 0.9063 0.28332 0.38233 -0.69074 -0.68243 -0.6456 -0.28637
1.3673 -2.4073 0.99141 0.50521 0.3225 0.24243 0.058854 -0.30469 0.73564 -0.38072 -1.1117 -0.47325 -0.28079
1.756 -1.969 1.2299 0.073908 -0.44476 -0.15829 0.14184 -0.96053 0.65087 -0.5274 -0.73666 -0.36943 -0.13979
2.159 -1.7221 1.3629 -0.3655 -0.9939 -0.77773 0.29294 -0.94827 -0.19669 -0.64267 0.13991 -0.56428 -0.57241
2.5294 -1.8296 1.3056 -0.15841 -1.2344 -1.4618 0.16791 -0.93031 -0.26439 -0.81364 -0.10958 -0.59625 0.081876
2.7363 -1.5086 1.1139 -0.085371 -1.0195 -1.7771 -0.36547 -1.2805 0.031522 -0.62292 -0.0069543 -0.1676 -0.25365
2.7831 -1.3854 1.8637 -0.13953 -0.97917 -1.5166 -0.76671 -1.7806 0.13958 -0.70714 -0.28185 0.065093 -0.035561
2.4135 -1.7448 2.0299 0.61671 -0.35587 -0.48206 -0.78482 -2.7115 0.069451 -1.2902 -0.46752 0.46708 -0.26136
1.7335 -2.3176 1.6008 0.767 -0.12981 0.030231 -0.397 -2.096 -0.33258 -1.4645 -0.57292 0.26828 -0.78652
1.1232 -2.7968 1.2809 0.96953 0.033967 0.15105 -0.49492 -2.0062 -0.65299 -1.2545 -0.10754 0.53503 -0.51761
0.55619 -3.0796 0.83838 0.52765 0.035019 -0.04572 -0.60084 -1.6698 -0.76906 -0.89779 -0.059834 0.31274 -0.80328
