1.7622 -0.25575 1.1871 -1.4827 -1.3171 -0.35424 0.44071 -1.2645 0.78098 -0.76027 -0.15038 -0.03792 -0.22446
3.2148 0.2731 1.1697 -2.3377 -1.7689 -0.57587 0.97362 -0.64541 -0.27444 -0.34441 0.74986 0.045343 0.26032
4.0933 0.5256 0.98097 -1.997 -1.9571 -0.27245 0.43577 -1.107 -0.60913 -0.29639 0.81457 -0.34033 0.27005
4.9529 0.12634 0.92361 -2.4239 -2.1452 0.010057 -0.21082 -1.2857 -0.66314 0.7441 0.61677 -0.6581 0.23938
5.5547 -0.78411 0.13714 -1.9039 -1.7415 -0.19878 -0.95462 -0.67362 -0.5086 1.0969 0.91292 -0.73857 -0.32531
5.9604 -1.1578 -0.40038 -1.7515 -1.3807 -0.56755 -1.5015 -0.37893 0.27863 1.1789 0.00032143 -1.0466 -0.25046
6.2774 -1.9516 -0.58129 -1.0686 -1.7819 -1.1154 -1.1199 -0.30934 0.93734 0.94769 -0.53382 -1.5195 0.22629
6.482 -1.6035 -1.3147 -0.84746 -1.7531 -1.0299 -1.308 0.25182 0.75192 1.012 -0.94292 -1.6938 0.77668
6.5551 -1.935 -1.4783 -0.79158 -2.1078 -0.78535 -1.5592 0.32855 0.70809 0.43845 -1.1244 -1.3144 0.65976
6.5153 -2.3487 -1.2187 -0.7617 -1.6936 -1.0667 -1.4325 1.0718 0.71611 0.26476 -1.0485 -1.2548 0.69468
6.3066 -2.2326 -1.5039 -0.71305 -1.4177 -0.90752 -1.3088 1.2055 0.46829 0.0057797 -1.2976 -0.7319 0.59422
6.0865 -2.0987 -2.0163 -0.72349 -1.595 -0.78226 -1.1064 1.1359 0.21123 -0.061781 -1.1828 -0.29314 0.3642
5.3251 -0.96541 -1.866 -1.0264 -0.91286 -1.1024 -0.33542 1.0009 0.074787 -0.39699 -1.0421 -0.29566 0.29092
4.2212 -0.66978 -0.19506 -1.7972 -0.69866 -0.65186 0.21918 0.41009 0.37888 -0.90555 -1.1776 -0.22134 -0.033937
3.5736 -2.3995 0.23886 -0.21385 -1.2547 -0.63823 1.0425 0.95319 0.12615 -0.065315 -1.2281 -0.68282 0.37172
3.1417 -2.96 -0.43996 -0.14902 0.27989 0.079804 1.3259 1.4397 -0.43382 -0.58097 -0.87713 0.34008 0.78571
3.4161 -3.8629 -0.76909 -0.52855 -0.16644 0.68923 1.2061 2.0944 -0.031779 0.13683 -0.94857 -0.42596 0.33398
3.5508 -4.0424 -0.95295 -0.67606 -0.1233 0.4877 1.7401 1.3956 -0.71131 -0.23174 -0.42889 -0.10758 0.16172
3.186 -3.6022 -0.85767 -0.94333 -0.4129 0.14914 1.4567 1.4546 -0.19855 -0.024859 -0.68514 -0.70473 0.23993
3.5882 -4.2911 -0.78489 -0.67278 -0.30435 0.87351 1.1907 1.3393 -1.3806 -0.28089 -1.1829 -0.087298 0.75322
3.0539 -3.6542 -0.3217 -0.41028 -0.14355 -0.27806 1.0261 1.4635 -0.57466 0.063812 -0.69668 -0.2468 -0.36081
3.3582 -2.8878 0.10432 -0.99959 -1.1752 -1.4575 0.79358 1.8518 -0.463 0.49089 -0.071135 -0.58745 -0.11013
2.5135 -1.3486 -0.049339 -0.89873 -0.38203 -1.021 0.21733 0.98861 -0.73411 -0.75811 -0.28583 -0.51049 -0.35011
3.6644 -1.209 -0.079411 -0.82227 -0.54616 -1.4356 -0.2561 0.58833 -0.26778 -0.82033 0.061846 -0.087513 -0.83178
4.5782 -1.7333 -0.17657 -0.48549 -1.1498 -1.8629 -0.9238 0.57015 0.21967 -0.28381 0.063345 -0.10984 -0.74223
4.9395 -2.1581 0.073153 -0.16052 -1.5752 -1.5118 -1.6894 0.55651 -0.085332 -0.25323 0.090862 0.22275 -0.57731
4.5508 -2.5123 0.70767 0.16265 -1.4052 -1.6324 -1.8207 0.45124 -0.1635 -0.39306 0.021729 0.34801 -0.3794
3.4398 -2.2362 1.2585 0.66302 -1.039 -1.4809 -1.7218 0.22861 -0.24722 -0.74896 -0.46211 0.62186 -0.13505
0.61727 -2.317 1.5477 1.0531 0.23279 -0.079018 -1.3887 -0.81689 0.36085 -0.51485 -0.68162 0.1269 -0.57713
