2.092 -0.3398 1.3639 -1.3626 -2.0594 -0.50612 1.0701 -1.3691 0.38037 -0.60938 -0.2345 -0.50079 -0.048433
2.0236 -0.48378 1.679 -1.0345 -1.5668 -0.8553 0.93755 -0.80929 0.13548 -0.94192 0.090058 -0.4719 0.12622
3.0812 0.39147 1.5415 -2.1812 -2.0083 -0.65077 1.2802 -1.0075 0.10086 -0.59308 0.1318 -0.2474 0.41631
3.7719 0.57925 1.357 -2.5955 -2.3485 -0.20487 0.7779 -0.92412 -0.14037 -0.91266 0.68973 -0.32949 0.031769
4.3116 0.84704 0.70909 -2.9124 -1.6352 -0.24168 0.27273 -1.1545 -0.45605 0.017768 0.31525 -0.30895 0.29833
5.0719 -0.066711 0.076767 -2.3837 -1.9341 0.42943 -0.48281 -1.1111 -0.66223 0.98998 0.65158 -0.5272 -0.1222
5.4448 -0.30518 -0.56574 -2.1165 -1.7225 -0.22474 -0.85686 -0.64215 0.16828 1.0366 -0.15577 -1.2251 0.16493
5.8668 -1.152 -0.98255 -1.6694 -1.8692 -0.14786 -1.1811 -0.40842 0.60729 1.1923 -0.51961 -1.792 0.44315
6.0422 -1.3899 -1.2817 -1.2535 -1.5822 -0.30186 -1.5065 0.25659 0.6328 1.0512 -0.83022 -1.7253 0.80309
6.2532 -2.0805 -1.3371 -1.0471 -1.3895 -0.53929 -1.769 0.63616 0.47001 0.6287 -1.0498 -1.4595 0.81844
6.3996 -2.1885 -1.5049 -0.83661 -1.7008 -0.52351 -1.7391 0.87979 0.79132 0.33912 -1.0348 -1.1704 0.76172
6.3037 -2.1421 -1.4763 -0.63798 -1.4775 -0.74345 -1.4878 1.2939 0.54508 0.25377 -1.0886 -0.92242 0.541
6.1403 -2.07 -1.6119 -0.94174 -1.2559 -1.0068 -1.091 1.3607 0.060997 -0.019808 -1.118 -0.59728 0.27168
5.621 -1.7577 -1.6931 -1.1154 -0.63315 -1.197 -0.34272 1.1404 0.093956 -0.33238 -0.94442 -0.36749 0.23895
4.9753 -0.87941 -1.2225 -1.2325 -0.069191 -1.3713 0.1917 0.92784 -0.0090346 -0.75028 -1.119 0.093024 -0.07876
4.5658 -0.76218 -0.95128 -1.8819 -0.017266 -0.72653 0.037012 1.0436 -0.26352 -0.49558 -1.1567 -0.40361 0.16005
3.3923 -0.725 0.021394 -0.94999 -0.64056 -0.94029 0.66833 1.0386 -0.0066414 -0.66932 -0.42402 -0.59485 0.026061
3.1485 -2.4032 -0.59173 -0.52695 0.78467 -0.42806 0.64785 0.84763 -0.29804 -0.18007 -0.21413 -0.65728 0.24082
3.7083 -3.9264 0.041273 -0.61951 -0.28363 0.89791 1.2 1.4286 -0.76112 -0.23377 -0.12953 -0.067247 0.62353
3.3369 -3.7732 -0.85312 -0.59085 -0.051854 0.53553 0.56951 1.2782 -0.030181 0.31665 -0.18666 -0.43442 0.47112
3.8534 -3.6848 -1.4747 -0.67841 -0.44002 0.34486 1.1761 2.1857 -0.83671 -0.54859 -0.05225 -0.6431 0.3032
3.5538 -3.7585 -0.15158 -0.97416 -0.40681 0.43415 0.84945 2.1351 -0.78203 -0.24308 -0.3952 -0.29484 -0.13966
3.8051 -3.6946 -0.034159 -0.96571 -0.44405 0.4587 1.1155 1.5162 -0.75007 -0.45993 -0.31515 -0.18887 0.23843
3.2466 -2.8184 -0.24819 -0.67282 -0.57824 0.15558 1.5246 1.8737 -0.27101 -0.39904 -0.12061 -0.30199 0.77449
3.0314 -2.2074 -0.06775 -0.094844 0.15336 -0.53285 0.311 1.1506 -0.14409 -0.16844 -0.27094 -0.39041 -0.075822
3.4336 -1.3378 0.55388 -0.71162 -0.25895 -1.2436 0.37247 0.52919 -0.18646 -0.67451 -0.32565 -0.46846 -0.39047
4.3669 -1.2399 0.070693 -0.51425 -0.69839 -1.6731 0.099625 0.48448 0.30447 -0.53165 -0.46057 -0.072446 -0.68294
4.9733 -1.9973 0.33077 -0.41721 -1.4858 -1.2798 -1.2421 0.33532 -0.0015655 -0.092332 -0.24316 0.23304 -0.53126
4.6746 -1.5426 0.42516 -0.093391 -1.7936 -1.2368 -1.7669 0.41257 -0.11127 -0.28823 0.078053 0.3643 -0.43191
3.9455 -1.0948 1.0891 0.36686 -1.4961 -1.2806 -1.6502 -0.32699 -0.10783 -0.61345 -0.059919 0.147 0.43546
1.8088 -1.708 1.9149 0.83621 -0.92963 -0.91315 -0.93575 -0.59942 -0.0018161 -1.1823 -0.53766 0.079419 -0.18479
0.0020123 -2.381 1.5847 1.2874 0.78098 0.39557 -0.82216 -1.5487 1.4311 -0.01631 -1.273 -0.18425 -1.3697
