-0.43664 1.703 3.2211 0.67124 -0.3205 -0.35683 0.0034763 0.62462 0.47348 0.50179 0.07484 0.25253 0.20116
-0.25069 1.0828 3.5465 1.4217 0.72654 0.29763 -0.51064 -0.079144 0.099238 0.20068 -0.21083 -0.12099 0.71419
-0.98052 1.5007 3.1179 1.6286 -0.11821 -0.72518 -0.54373 -0.033429 0.42246 0.78096 0.53733 0.20358 -0.025558
-0.47461 0.96957 3.3453 1.5486 0.29986 -0.1805 -0.20631 -0.039625 0.20999 0.52105 0.61832 0.022722 0.088013
-0.43937 0.41494 2.6381 1.8116 0.31195 0.1149 -0.28024 0.13201 0.39661 0.75815 0.84546 0.50073 0.77787
-0.35033 1.6724 3.5888 1.6104 -0.53148 -0.2884 -0.59243 0.40091 0.32633 0.31099 0.77662 0.84691 0.42396
-0.62328 1.5168 2.7068 0.93388 0.045575 0.22418 0.45169 0.41178 0.071413 -0.15016 0.62171 0.39282 0.76583
0.31259 2.2739 3.2899 0.83723 -0.11491 0.58252 0.62331 0.28955 0.062042 0.28694 0.97352 0.54918 0.09668
0.66636 1.9256 2.8748 0.99556 0.46498 0.50848 0.42142 0.34444 0.41733 0.55051 0.63729 1.0272 0.5204
0.10921 1.7549 2.829 1.8875 0.17247 -0.49515 -0.21648 0.19013 -0.3179 0.70134 1.231 1.1743 0.98498
-0.28994 1.9518 2.7005 0.095006 0.025957 -0.23606 0.50862 0.016975 -0.61684 0.24181 1.0306 1.0439 0.79418
-0.77395 1.0954 2.4742 1.0351 0.32769 0.096087 0.60965 -0.0027174 -0.080041 0.5909 0.56546 0.17053 0.36673
-0.34785 1.5043 3.4926 0.5567 0.037603 0.84461 1.033 0.43113 0.63648 0.11512 -0.44197 0.26282 -0.16889
0.84219 2.3125 3.7833 1.4339 0.69441 0.4544 0.34568 0.36616 -0.21178 -0.37202 -0.26898 -0.31036 -0.26172
3.7542 6.1827 3.5533 0.19861 -1.4765 -1.1173 0.21942 0.25802 -0.1536 -0.23357 -0.93084 -0.53876 0.35924
4.6614 7.2929 2.6726 0.55118 -2.0834 -1.7391 0.6255 0.16045 -0.49479 0.3158 -1.1091 -0.22338 0.57104
5.2336 7.7481 2.3281 0.19016 -2.602 -1.4219 0.36748 -0.063733 -0.96086 0.33639 -0.84993 -0.71511 1.1508
5.5581 8.3896 2.022 -0.48898 -2.4772 -1.3398 0.78182 -0.031608 -1.2657 0.18053 -0.71635 -0.10412 1.1034
6.0931 8.2638 1.2614 -1.6167 -2.0245 -0.65271 0.40374 -0.24092 -1.2907 -0.22005 0.0040296 0.020598 0.66528
6.8067 8.4595 -0.11484 -2.094 -1.4083 -0.58434 0.2655 -0.44892 -1.4965 0.23908 0.61225 -0.33263 0.1746
7.4054 6.5245 0.042585 -2.4621 -1.2964 -0.42038 -0.14028 -0.9128 -0.82438 0.75051 0.73469 -0.69325 -0.58023
8.1263 4.3555 -1.2497 -1.612 -1.3166 -0.67805 -0.26152 -1.3336 0.22174 1.2148 -0.043528 -0.9301 -0.66949
8.6033 2.8301 -1.0961 -1.203 -1.6129 -0.80037 0.12373 -0.21576 0.11647 1.1204 -0.47546 -1.397 -0.37606
8.7793 1.7538 -1.2596 -1.1627 -1.3929 -0.62234 0.19613 0.52651 0.60821 0.38438 -1.0717 -1.1092 0.31408
8.8818 1.7089 -1.1509 -1.2807 -1.3464 -0.76071 0.32224 0.85773 0.42871 -0.13764 -1.1937 -0.98045 0.44888
8.9421 1.0846 -0.74309 -1.2276 -1.3865 -0.89501 0.41142 1.0851 0.44578 -0.38656 -1.1884 -0.97815 0.59263
8.9743 0.5585 -0.3777 -1.1801 -1.5225 -0.49896 0.70149 0.77587 0.43134 -0.57857 -1.3135 -0.70143 0.12686
8.8654 0.50542 -0.74041 -1.6992 -1.3964 0.40158 0.69526 -0.11038 0.31398 -0.57326 -1.5214 -0.73481 -0.0091324
8.3906 1.8415 -1.6355 -1.2739 -0.63469 0.80373 0.13293 0.7226 -0.0070885 -1.0814 -1.0448 -0.36187 0.13431
7.2483 3.2438 -1.7411 -1.3995 0.52114 -0.19032 0.45062 0.99556 0.070729 -0.77324 -0.84177 -0.2879 0.27261
5.8047 3.6058 -0.98174 -1.1527 0.96787 -0.32415 0.26022 1.9379 -0.92979 0.029698 -1.0791 -0.031504 -0.41203
5.6527 2.9256 -0.60892 -0.89137 1.2076 -0.56424 0.072082 1.1145 -0.7545 -0.25408 -0.70983 -0.20049 -0.26569
6.5763 3.1966 -0.82248 -1.2295 0.57768 -0.72679 0.61723 0.47386 -0.40203 -0.51386 -1.4084 0.13524 -0.16477
7.232 2.6289 -0.91041 -1.0601 0.020841 -0.62066 -0.17827 0.90652 0.047212 -1.2191 -1.2188 0.03401 -0.56204
7.2137 3.0238 -0.77572 -0.7928 0.19165 -1.7237 0.29577 0.55549 0.091399 -0.87493 -1.1507 0.23934 -0.89667
6.7393 3.8334 -0.065301 -0.11378 -0.6451 -1.8426 0.37365 0.33318 0.026127 -0.15466 -1.4262 0.65619 -1.5195
5.9829 1.9936 1.7874 0.2303 -0.51609 -1.9181 -0.22489 0.059622 0.405 -0.26787 -0.99611 0.81956 -1.6523
3.7162 3.8539 1.6991 0.54909 0.32802 -0.54606 -0.079704 0.27985 -0.10903 -0.1123 -0.43816 0.19123 -0.89577
2.5796 4.5379 0.33142 0.30684 0.39216 -0.75261 -0.51202 1.0222 0.067847 -0.74216 -1.0273 0.32986 -0.45676
1.3838 2.9527 -0.16406 0.28354 0.07007 -0.75777 -0.65072 0.91604 -0.48935 -0.12321 -0.97682 -0.090372 -0.72191
0.78725 2.6369 -0.46605 -0.66593 -0.099826 -0.98745 -0.44143 0.96263 -0.30083 -0.42807 -1.3277 -0.10351 -0.40959
0.7428 2.2783 -0.59287 -0.28095 0.40836 -0.98106 0.25271 1.6103 0.29756 -0.66779 -0.98195 -0.33417 -0.37475
0.31954 1.9483 -0.88642 -0.40097 1.3171 0.24011 0.27773 1.9237 1.0411 0.88268 -0.77834 -0.57655 -0.038526
1.0303 2.1998 0.76387 1.3622 1.4312 -0.27563 -0.40556 1.566 0.56735 0.1209 -0.63386 0.18593 0.42614
1.0138 2.577 0.36119 0.63357 0.71874 0.11993 -0.18549 1.011 0.28965 -0.17574 -0.41513 0.09317 0.26152
0.92222 3.2221 0.79149 0.73629 0.24011 -0.057447 0.078422 1.4567 0.359 -0.0050294 -0.86944 -0.10562 0.16353
0.52302 2.3955 -0.01157 0.45963 0.81147 0.077743 -0.25418 1.207 0.78093 0.43627 -0.59347 -0.17791 0.38491
-0.45251 2.0931 -0.14369 0.66145 1.0479 0.077091 0.33059 0.95709 -0.3687 -0.27567 -0.58439 0.23005 0.26048
-0.44432 2.5017 0.36847 0.065934 0.22563 -0.43914 -0.24166 1.2399 0.1586 0.1063 0.046608 0.61226 0.48081
-0.43195 1.9438 1.5234 0.86074 0.76705 -0.35773 -0.23471 0.10261 -0.055374 0.13603 0.2262 0.1777 0.49921
