2.3597 -2.2775 0.34624 -4.3736 -2.4022 0.21891 -0.66706 -0.24147 -0.75299 0.12869 0.030777 0.068615 -0.90003
2.6829 -1.8745 -0.37617 -4.4682 -1.7589 -0.02879 -0.94124 -0.94168 -0.28646 0.17488 -0.41609 -0.40657 -0.81357
3.6646 -2.9318 -1.3393 -3.998 -1.9431 -0.17638 -1.7685 -1.0602 0.30718 0.27513 -0.36157 -0.69833 -0.90841
4.2557 -3.6676 -0.99685 -3.3486 -1.1576 -0.23173 -1.1065 -0.17112 1.2567 -0.34053 -1.1465 -0.61827 -0.53098
5.334 -5.2714 -0.72817 -3.1177 -1.2967 -0.93277 -0.56155 0.51245 0.92939 -0.86095 -1.3589 -0.33386 -0.37187
6.202 -6.467 -1.1797 -3.3212 -1.9963 -1.8069 -0.38804 0.52045 0.27532 -1.395 -1.4157 -0.41195 -0.92324
6.4091 -6.9526 -1.2747 -3.0935 -2.1816 -1.9913 0.052557 0.72901 0.083663 -1.4659 -1.3258 -0.51239 -1.0201
6.505 -6.9656 -0.86805 -2.6945 -2.3826 -1.9255 0.48626 0.78746 0.028124 -1.2565 -0.93651 -0.53001 -0.77165
6.5352 -7.0044 -0.95899 -2.5514 -2.4613 -1.8299 0.48639 0.60191 -0.22869 -1.1914 -1.0609 -1.025 -0.93848
6.5682 -7.2089 -0.84925 -2.8145 -2.7535 -1.6689 0.55793 0.26199 -0.34639 -1.1634 -1.0078 -0.95572 -0.59458
6.591 -7.1325 -1.0591 -3.0447 -2.6528 -1.5282 0.75229 0.32714 -0.36243 -1.1132 -0.82677 -0.7156 -0.5275
6.6313 -6.6046 -0.34325 -2.5177 -2.271 -1.2801 1.1071 0.68127 -0.23143 -0.93061 -0.56771 -0.13586 -0.10017
6.5958 -7.4127 -1.2901 -3.1286 -2.6976 -1.455 0.80779 0.34643 -0.64572 -1.1818 -0.753 -0.48532 -0.3563
6.6486 -7.1313 -1.173 -3.0253 -2.7016 -1.452 0.7039 0.10312 -0.90809 -1.1553 -0.59195 -0.28477 -0.40209
6.5894 -7.1982 -1.4647 -2.9957 -2.7424 -1.485 0.81452 0.24299 -0.76305 -1.0926 -0.3783 -0.21487 -0.17706
6.4119 -7.252 -2.1587 -2.5961 -2.7741 -1.7473 0.75917 0.14249 -1.0849 -1.4079 -0.2524 -0.1374 0.17517
5.8381 -6.162 -2.6527 -3.0218 -2.3221 -2.0224 0.37871 0.041145 -1.533 -1.2746 -0.31652 -0.28625 -0.085485
4.3098 -4.7828 -2.0374 -2.3824 -2.4115 -1.5281 0.33338 -0.3303 -1.5242 -1.5116 -0.41254 0.68711 0.13062
3.8804 -5.1303 -1.0913 -3.1831 -2.8848 -0.65418 0.036014 -0.92685 -1.8521 -0.84537 -0.28111 0.6939 0.12073
4.1218 -7.0415 -0.52274 -2.2851 -2.4936 -0.28168 -0.012775 -1.0129 -1.5374 -0.82027 -0.76985 0.74311 -0.16887
4.5098 -8.3266 -0.78279 -1.6171 -2.5523 -0.60055 -0.4045 -0.86269 -1.7675 -0.14489 -0.7984 0.43471 -0.31456
4.0441 -8.5792 -0.31947 -0.91864 -2.2876 -0.24387 0.83249 -0.010347 -0.91059 0.21404 -0.79368 0.95805 0.30094
3.97 -8.5449 0.26843 -1.0915 -2.4016 0.68805 1.3432 0.080771 -0.463 0.11621 -0.54776 0.82327 0.56362
3.863 -8.103 0.1008 -1.449 -2.84 0.50047 1.289 -0.10167 -0.59238 0.32236 -0.95007 0.81831 0.2651
3.7344 -8.5464 0.32116 -0.43487 -2.5874 0.49877 1.3908 -0.077381 -1.1483 -0.22124 -0.58795 0.82319 0.28108
4.1771 -8.7164 0.02305 -0.081309 -2.7894 0.18071 1.5166 -0.026004 -0.56995 -0.069483 -0.97438 1.311 -0.26097
3.4112 -8.2637 -0.98962 -0.92149 -2.3659 0.79967 1.0174 -0.48403 -1.2023 -0.16412 -1.1358 1.7019 0.39533
2.6656 -5.6644 0.27309 -1.41 -3.3219 -0.92197 -0.0016367 -0.27949 -1.028 -0.55527 -0.65787 1.2423 0.20462
3.167 -5.2012 0.073831 -2.5228 -3.398 -1.4751 0.25141 -0.34778 -1.0515 -0.40393 -0.79276 1.4511 0.81726
3.5655 -4.2071 -0.30084 -1.6085 -3.3098 -1.8012 0.34676 -1.0327 -0.3591 -0.23545 -1.0529 1.131 0.56037
4.4387 -6.3059 -1.0099 -1.9445 -4.0862 -2.2812 0.24393 -1.1395 -0.021765 -0.30909 -0.73655 1.0328 0.87904
5.0068 -6.8202 0.085603 -1.4427 -3.7628 -1.6927 0.10406 -1.3067 -0.13241 -0.54353 -0.98629 0.4941 0.37501
5.1187 -7.5488 0.39126 -1.7586 -3.2475 -1.9105 0.085255 -0.96586 -0.24228 -0.38362 -0.56203 0.6427 0.78292
5.0665 -7.6696 0.10047 -1.9971 -2.797 -2.0946 0.038489 -1.122 -0.5178 -0.23509 -0.29517 0.48542 0.89766
4.3442 -7.4636 -0.030371 -1.6814 -2.5639 -2.5105 -0.07293 -1.5405 -1.231 -0.60526 -0.066817 0.42942 1.1761
2.4392 -5.562 0.60477 -1.2383 -1.8137 -2.2941 -0.13102 -1.2486 -0.8603 -0.43127 0.017029 0.39482 0.77716
0.50982 -2.7457 1.2405 -1.2905 -2.189 -1.8456 -0.33241 -1.0589 -0.26733 -1.3075 -0.3825 -0.1435 0.25017
0.39489 -3.0573 0.79329 -1.1805 -2.5258 -1.5187 -0.03572 -1.5348 -0.22631 -1.4489 -0.7239 -0.25549 0.48077
-0.18669 -2.1452 1.1638 -1.7237 -1.9151 -1.0004 0.24044 -1.4663 -0.48337 -1.2394 -0.68469 -0.020404 0.47631
-0.62168 -2.8424 0.62109 -0.81299 -2.2451 -1.1136 0.026011 -1.4298 -0.42803 -0.74441 -0.36483 -0.29934 0.51973
-1.2294 -2.5653 0.46524 -1.399 -1.4773 -0.95411 -0.25597 -1.0383 -0.27238 -0.95544 -0.51066 -0.12602 0.40988
