-0.051688 -1.2905 0.62047 -2.1966 -2.0867 -1.728 0.34573 -1.0037 0.14091 -0.83801 0.50974 -0.099007 1.1964
0.83279 -0.71963 1.7349 -2.8176 -2.6112 -1.1723 0.66848 -1.4775 0.049596 -0.48995 0.078702 -0.040352 0.71414
1.4229 -0.52115 1.3115 -2.8808 -2.4815 -1.2826 -0.0065897 -0.91461 -0.26356 -0.70444 -0.21965 -0.1346 0.60302
1.9828 -1.257 0.43181 -4.0241 -2.9229 -0.96992 -0.3636 -0.61902 -1.3191 -0.86562 0.22752 -0.035685 0.19826
2.6135 -1.514 0.75246 -4.0085 -1.6718 -0.089937 0.066296 -0.62532 -0.38035 -0.3184 -0.0018558 -0.19851 -0.75551
3.2506 -2.4491 -0.12002 -4.3435 -1.8877 -0.48801 -1.1874 -1.1633 -0.32115 -0.32954 -0.34727 -0.79672 -1.2406
4.1602 -3.0164 -0.73348 -4.2323 -1.4998 -0.45493 -1.3914 -0.87233 0.56912 0.12714 -0.62025 -0.9658 -0.93575
4.691 -4.5341 -1.1771 -3.4153 -1.6358 -1.2314 -1.0283 -0.033524 0.74457 -0.74752 -1.0649 -0.37669 -0.68297
5.462 -5.4732 -1.4692 -2.8811 -1.6833 -1.6881 -0.43976 0.33728 0.25169 -1.1729 -1.1636 -0.15816 -0.95283
6.142 -6.8151 -1.7685 -2.9353 -2.5367 -2.1483 -0.27229 0.30088 -0.53099 -1.4731 -1.1441 -0.62016 -1.2806
6.8252 -6.5335 -0.62622 -2.2561 -1.942 -1.5066 0.71245 0.77062 -0.16952 -0.84926 -0.61615 -0.51998 -0.7354
7.0609 -6.6804 -0.11103 -2.1491 -2.1436 -1.4836 1.2956 0.84923 -0.089268 -1.0853 -0.66979 -0.44158 -0.38107
7.0772 -7.0555 -0.79514 -2.519 -2.3204 -1.4239 1.5218 0.83689 0.05869 -1.2059 -0.84736 -0.76841 -0.43324
7.1711 -6.5282 -0.39844 -2.1677 -2.1074 -1.3133 1.462 0.79026 -0.14156 -1.4437 -0.90846 -0.58824 0.0074421
7.2721 -6.0156 0.099136 -2.1503 -1.7426 -0.97939 1.7574 0.70945 -0.23461 -1.4424 -0.58671 -0.35678 0.28094
7.3752 -6.156 0.3753 -1.8763 -1.5224 -0.67911 2.1145 0.77061 -0.46694 -1.7632 -0.61573 -0.39002 0.10035
7.4765 -6.2637 0.12818 -1.9005 -1.4662 -0.9818 1.6447 0.5263 -0.30238 -1.6233 -0.37815 -0.076528 0.16907
7.567 -6.6611 -0.21862 -2.0736 -1.4736 -1.0296 1.1743 0.46232 -0.42194 -1.9555 -0.65243 -0.2145 0.30004
7.4463 -6.7891 0.48008 -1.6713 -1.7521 -0.81256 1.9099 0.58741 -0.78015 -2.0093 -0.28367 0.19536 0.61756
7.1405 -6.7183 -1.8106 -2.5198 -1.9874 -1.0656 1.4652 0.36545 -0.35134 -1.5235 -0.14586 0.23112 0.63412
6.2728 -6.0887 -2.5445 -2.0906 -2.5074 -1.0052 1.1065 -0.17081 -0.78213 -1.404 0.042586 0.089583 0.21565
5.0685 -5.4484 -2.6083 -2.2515 -1.7567 -1.3082 0.88247 -0.73375 -1.5786 -1.4318 -0.41692 0.41918 0.059654
4.6075 -5.4249 -1.792 -2.5796 -2.3936 -0.75288 0.47963 -0.74929 -1.8402 -1.4098 -0.5577 1.1738 0.091692
4.0892 -6.1239 -1.596 -3.2292 -3.0276 -0.63095 -0.20582 -1.5495 -1.613 -0.36699 -0.42266 1.1421 -0.2385
4.5593 -7.4375 -1.4162 -1.7429 -2.4691 0.056529 0.17046 -0.81712 -1.9037 -0.81233 -0.9773 1.192 0.27315
4.3909 -8.9786 -0.93547 -0.88622 -2.0019 0.35291 1.3661 -0.27627 -1.2888 -0.44805 -1.179 1.1776 0.85858
4.5045 -8.4773 -0.46784 -1.2566 -2.1937 0.28565 1.6436 -0.10995 -0.58458 -0.081201 -1.1423 1.0311 0.080848
4.6296 -9.141 0.10843 -1.5362 -2.4049 0.4267 1.1139 -0.68281 -1.0194 0.20079 -0.75017 0.67644 -0.007707
4.8859 -8.6762 0.064595 -0.78108 -1.92 0.12125 0.9451 -1.278 -1.1169 0.069247 -0.92335 0.65702 -0.39899
4.8951 -9.254 0.25794 -0.48007 -2.144 0.57718 1.5572 -0.63659 -0.88168 -0.098635 -1.0193 0.71297 0.044773
4.5876 -9.7247 -0.22696 -0.89021 -2 0.73645 1.8496 -0.99269 -0.19515 -0.15563 -0.78671 0.66078 0.17401
3.9693 -9.3387 -0.37676 -1.2059 -2.25 0.37433 2.4059 -0.28471 -0.24244 0.11345 -0.67056 0.82272 -0.42022
3.3195 -6.8686 0.32162 -1.4171 -2.3049 -0.25805 0.061954 -0.87919 -1.1082 -0.40015 -0.79197 1.2716 0.71012
3.4084 -5.9602 -0.032188 -2.7032 -3.4266 -0.79755 0.58881 -1.6578 -0.78335 -0.20274 -1.2455 1.4848 1.5973
3.6301 -5.3231 -0.44947 -2.232 -3.6249 -1.8839 0.5369 -1.7301 -0.093024 -0.27074 -0.23685 1.4248 0.62456
4.3328 -5.5442 -0.28653 -1.3539 -3.4506 -1.6737 0.23986 -1.4791 0.12979 -0.6046 -0.36149 0.67718 0.88684
5.2229 -6.4951 0.035846 -1.0652 -3.4426 -1.1875 0.40553 -1.7224 0.067011 -0.87218 -0.18552 0.87182 0.83849
5.0848 -7.301 -0.15763 -1.7401 -3.4192 -1.3758 0.2827 -2.0633 -0.15675 -0.90458 -0.063717 0.90762 1.2059
4.7215 -6.9101 0.057235 -1.7531 -3.2257 -1.3479 0.35526 -2.0033 -0.44658 -1.0028 -0.13307 0.71924 1.2473
3.946 -6.4479 0.10341 -1.3007 -2.7556 -1.6898 0.48946 -1.7999 -0.63852 -0.67077 0.31043 0.7723 1.7499
2.2703 -4.8903 0.34488 -1.1865 -2.2843 -2.1094 -0.24004 -1.5299 -0.85817 -1.3496 0.73891 0.80815 0.98013
0.22714 -3.2142 0.39724 -1.3759 -1.7209 -1.2917 0.18501 -0.74429 -0.69221 -1.4539 -0.22571 0.60659 0.67378
0.50944 -3.3401 0.44535 -1.406 -2.165 -1.2483 0.11451 -1.4858 -0.82847 -1.4513 -0.23224 0.68392 0.96568
-0.026793 -2.9675 0.85125 -1.2664 -1.9771 -0.98097 -0.044959 -1.7411 -0.66292 -1.3239 -0.46769 0.15863 0.69931
-0.1982 -3.4443 1.1539 -0.12751 -1.9786 -1.4447 -0.21651 -1.7318 -0.5838 -0.9804 -0.1895 0.10218 0.6095
