0.054103 -1.3341 1.5206 -1.9376 -2.2084 -1.9658 0.311 -0.95812 0.10215 -0.81534 0.094995 -0.05412 0.64111
0.30908 -1.2785 1.9589 -2.0945 -2.5415 -1.8302 0.34396 -0.77369 0.0040138 -0.54387 0.16519 -0.089216 0.36402
1.0397 -1.4086 2.1329 -2.4771 -2.3736 -1.6038 0.53204 -0.71701 -0.27577 -0.42306 -0.43922 -0.54316 -0.021661
1.6247 -1.1035 1.568 -2.7798 -3.1886 -1.7207 0.38897 -0.43866 -0.47663 -0.36081 -0.17171 -0.17104 0.079016
1.7531 -1.7088 0.9694 -3.41 -2.6481 -0.72875 0.7452 -0.7765 -0.87556 -0.54339 0.027827 -0.17932 -0.27623
2.5019 -2.1359 -0.11774 -3.7692 -2.2638 0.31175 -0.12181 -0.29447 -0.96882 -0.46125 0.15332 -0.08838 -0.5775
3.1617 -3.3051 -0.37501 -4.7794 -1.3664 0.064009 -0.96073 -0.69644 -0.2439 -0.22264 -0.3271 -0.85471 -0.86173
4.3309 -4.2686 -0.80075 -4.4775 -0.91917 0.07066 -1.3709 -0.68799 0.79593 -0.10634 -1.1818 -1.2318 -0.72744
5.0854 -5.0913 -1.3715 -3.5597 -1.0419 -0.91321 -1.0448 -0.12239 0.99356 -1.0377 -1.6523 -0.70155 -0.60985
5.6043 -6.035 -1.5653 -2.9896 -1.7915 -1.6882 -0.53916 0.35672 0.42057 -1.4542 -1.1851 -0.25991 -0.96186
6.2274 -6.0935 -0.77403 -2.1923 -1.9181 -1.5752 0.48074 0.85889 0.29009 -1.1987 -0.82695 -0.42523 -1.1175
6.5092 -6.5015 -0.91869 -2.0694 -2.292 -1.5029 0.99711 0.97303 0.17576 -1.1692 -0.82713 -0.59742 -0.86547
6.9426 -7.2619 -1.0191 -2.5189 -2.7139 -1.838 1.1311 0.71925 -0.039744 -1.1687 -1.0518 -0.95562 -0.67182
7.1167 -7.1991 -1.0873 -2.3392 -2.6532 -1.5996 1.2586 0.66692 0.033739 -1.1527 -1.1194 -1.1712 -0.57221
7.0369 -6.1038 -0.22706 -1.6838 -2.3419 -1.0641 1.7751 0.93115 -0.18919 -1.316 -0.82056 -0.77742 -0.19119
7.2142 -5.9986 0.094299 -1.4612 -1.7752 -0.7829 1.7445 0.92264 -0.20523 -1.2867 -0.7841 -0.71622 -0.0031597
7.3451 -6.1885 0.30107 -1.462 -1.6714 -0.75665 1.9521 0.69454 -0.42529 -1.4338 -0.72863 -0.56091 0.29596
7.343 -6.2606 0.088302 -1.6219 -1.5443 -0.46582 1.9766 0.4777 -0.46765 -1.4144 -0.6045 -0.63854 0.12127
7.4267 -6.3795 -0.059183 -1.7617 -1.5946 -0.60485 1.9637 0.61 -0.35286 -1.4164 -0.53709 -0.29912 0.42731
7.3331 -7.2342 -0.79187 -2.4385 -2.2451 -1.0916 1.7658 0.26897 -0.5651 -1.4806 -0.57524 0.031738 0.32825
6.1536 -6.2469 -1.6491 -2.3741 -1.9546 -0.81646 1.5236 -0.13335 -0.82821 -1.3195 -0.15038 -0.044116 0.32536
5.0614 -5.6072 -2.7484 -2.3188 -2.8554 -1.1979 0.86396 -0.92033 -1.0958 -1.4245 0.067773 0.24867 0.36046
4.3223 -5.0564 -1.0131 -3.0533 -1.97 0.019572 0.64619 -0.66358 -1.626 -1.1047 -0.30831 0.99146 0.35721
4.2895 -6.3352 -1.433 -2.9114 -2.4589 -0.030858 -0.16137 -0.87247 -1.332 -1.0271 -1.0477 0.54133 0.18177
3.9453 -7.1163 -0.89381 -1.6478 -2.0965 -0.42419 0.76491 -0.77613 -1.5949 0.025474 -1.0398 0.67544 0.12553
4.2467 -8.3043 -0.79426 -1.7257 -2.2543 0.74336 0.86134 -0.69033 -1.111 -0.0098338 -0.43707 0.62381 -0.44933
4.0115 -8.595 -0.8611 -0.86219 -2.0911 0.44787 1.8974 0.32802 -0.6476 0.23918 -0.76522 0.40896 -0.16634
3.7809 -8.4779 -0.069483 -1.3059 -1.9771 0.90555 1.6052 0.61574 -0.89181 -0.40564 -1.4626 0.65965 0.50904
3.8188 -8.8246 0.35897 -0.16339 -1.0743 0.89993 1.1741 0.44696 -0.13504 0.76177 -1.0162 0.57294 0.47774
3.1706 -8.5621 -0.40725 -1.2094 -2.1338 0.38775 1.663 0.82786 -0.68809 0.085032 -1.0442 0.21697 0.75143
2.9561 -8.4503 -0.35719 -0.803 -1.9918 0.83892 1.1148 -0.13655 -0.94732 -0.51508 -0.48654 -0.10429 0.37629
2.7104 -8.8189 -1.1844 -1.4179 -1.5898 1.0191 1.8947 0.3774 -0.05653 0.066495 -0.74957 -0.28177 0.074527
2.6385 -8.3417 -0.5967 -1.3816 -2.9095 0.35981 2.3806 0.70258 -0.8473 -0.13854 -0.84698 0.79708 1.1557
1.4907 -6.3688 -0.70403 -1.4394 -2.8937 -0.25336 1.0438 -0.034914 -0.76262 -0.027863 -0.23149 1.1893 1.1468
2.8389 -4.0379 -0.033943 -2.3276 -3.0057 -1.6141 0.7802 -1.0834 -0.4384 0.38193 -1.0696 1.175 0.79218
3.8489 -5.8572 -0.41767 -2.3809 -3.2453 -2.3466 0.79713 -1.3436 -0.022659 0.21947 -0.77419 1.1547 0.93811
4.1592 -5.964 -0.53845 -2.2965 -3.0299 -2.241 0.93471 -1.534 0.22298 -0.48695 -0.55218 1.1461 0.45504
4.5891 -6.7336 -0.38516 -2.2115 -3.0971 -2.3112 0.79379 -1.8921 0.29718 -1.0041 -0.37135 1.0099 0.7413
4.2822 -6.4052 -0.3131 -2.0505 -2.7945 -1.9139 0.65155 -2.0603 -0.20362 -1.242 -0.35731 0.80174 1.1148
3.6958 -6.3061 -0.3771 -1.3235 -2.2861 -2.0976 0.5683 -1.8561 -0.45337 -0.82851 0.49246 1.1658 1.5445
2.5054 -5.1402 -0.492 -0.82504 -1.4865 -2.8175 -0.1646 -1.5639 -0.61092 -1.0838 0.7335 0.97957 0.54736
0.54641 -3.2551 -0.0089024 -1.0857 -1.3384 -2.3771 -0.036849 -0.9337 -0.41264 -1.4617 0.21684 0.21388 0.77719
0.067056 -3.0567 0.2353 -0.96071 -2.1971 -1.3942 0.37986 -0.97146 -0.80431 -1.6323 -0.071201 0.46016 1.5558
-0.29937 -3.2183 0.1646 -1.1612 -1.7415 -1.1596 0.26601 -1.2625 -1.0282 -1.5159 -0.016448 0.026472 1.0807
-0.91238 -3.2805 0.12341 -0.93753 -1.8514 -0.96879 0.14945 -1.3314 -0.62028 -1.3194 0.013583 0.33526 0.99866
