-0.66796 -1.4722 1.2519 -0.62794 -1.5441 -1.5222 -0.56357 -1.8983 0.060505 -0.97971 0.032784 -0.29075 -0.2835
-0.57508 -1.3762 1.0062 -1.3532 -1.169 -0.8819 -0.055376 -1.7258 -0.15964 -0.49708 0.14695 -0.72028 -0.30608
0.14438 -0.86644 0.35829 -2.1572 -0.92324 -0.83152 0.083323 -1.4423 -0.23234 -0.41751 0.32109 -0.3815 -0.47738
0.83094 -0.38426 -0.36419 -2.7611 -1.0687 -0.7695 -0.099055 -1.5649 0.3079 -0.34576 0.025457 -0.98092 -0.1721
1.5207 -0.50375 -0.71406 -2.9491 -0.93697 -0.72337 -0.52032 -0.90235 0.76536 -0.29421 -0.94857 -0.83362 0.67442
2.0605 -0.65482 -1.0182 -2.8823 -1.0506 -1.1371 -0.2007 0.037607 0.48575 -0.90181 -1.0562 -0.0808 0.11423
2.079 -1.3195 -1.1814 -2.575 -1.2853 -1.4515 0.048382 0.023118 0.044237 -1.1904 -0.74045 -0.094086 -0.20591
2.1013 -2.0368 -1.1803 -2.1591 -1.7491 -1.7438 0.40813 -0.2406 -0.36079 -1.0136 -0.97333 0.2865 -0.637
2.0782 -1.6368 -1.5714 -2.1682 -1.7919 -1.6987 0.21006 -0.036879 -0.70107 -1.5769 -0.28837 -0.18311 -0.78095
2.0457 -1.7411 -1.1031 -2.2376 -1.8967 -1.1118 0.46521 -0.18379 -0.32006 -1.5072 -0.25258 0.13038 -0.62375
2.2268 -1.8205 -1.0054 -2.4765 -1.4201 -0.95691 0.549 0.14721 -0.70335 -1.3048 0.063409 0.18201 -0.68564
2.3692 -2.5948 -1.4332 -2.739 -1.3617 -0.87054 0.58152 0.18503 -1.2724 -1.161 0.13628 -0.14499 -0.58234
2.4283 -2.9211 -1.7978 -2.2236 -1.1612 -0.88027 0.90707 0.26626 -1.4798 -0.76232 -0.25196 0.062973 -0.87902
1.7114 -2.4413 -0.88132 -2.2713 -1.2603 -0.6948 0.75251 -0.25319 -1.3162 -0.90583 -0.37639 0.11216 -1.1379
1.0369 -2.6489 0.047985 -2.1995 -0.52689 -0.63142 -0.57494 -0.71316 -0.93897 -0.67573 -1.2219 -0.22798 -1.0733
1.9416 -4.7726 -0.15079 -0.25233 -1.1066 1.0783 -0.35714 -0.86001 -1.9694 -0.022871 -0.57071 -0.14038 -0.8938
2.4861 -7.1982 -0.62031 0.75588 0.20227 0.46067 -0.4401 -0.19316 -1.6918 -0.22118 -1.2678 -0.42741 -0.082196
3.0376 -9.1927 -1.6461 0.51778 -0.41411 0.57987 -0.21475 -0.19017 -0.67024 -0.26737 -1.177 -0.033252 -0.38912
2.8328 -8.9596 -1.2943 0.63172 0.0066953 0.72858 0.28441 -0.076099 -0.60112 0.25649 -0.4021 -0.43009 -0.53595
2.4227 -7.7257 -1.0172 0.9493 -0.19865 0.52988 0.55875 -0.3582 -0.72892 0.3287 -0.27367 0.1353 -0.33193
2.631 -8.9912 -1.6625 0.79464 0.11163 0.98932 0.99547 0.23621 -0.0097103 0.47645 -0.30006 0.24768 -0.42208
2.8681 -8.5888 -0.98524 1.2886 -0.16097 0.72284 0.25789 -0.065846 0.035459 0.3923 -0.18858 -0.11892 -0.39227
2.5997 -7.9032 -1.2595 0.69549 -0.35422 0.74237 1.0017 -0.17389 -0.67686 0.26591 -0.59906 0.35907 -0.45725
2.5818 -8.9626 -1.7986 1.0015 -0.38854 0.60067 0.55254 -0.36625 -0.2694 0.41879 -1.0099 0.27431 -0.49154
2.091 -8.6091 -1.3063 0.26459 -0.17832 0.8792 0.73363 0.17625 -0.015277 1.0025 0.63982 1.117 -1.1944
1.4273 -6.4815 -0.24428 0.20289 -1.0718 0.15016 0.3977 -0.05399 -1.4163 0.0028545 -0.48654 0.13644 -0.91055
0.81413 -3.3361 0.40191 -1.5523 -1.2858 0.19209 -0.70409 -1.692 -1.7391 0.24539 -0.75108 -0.12565 -0.67672
1.1024 -2.5889 -0.68011 -1.8668 -0.94398 -1.3277 -0.28262 -1.0245 -1.0581 -0.41381 -0.79671 0.19297 -0.78192
1.3772 -2.9709 0.069586 -1.8454 -1.9743 -2.2165 0.22674 -0.24893 -0.66055 -1.1501 -0.63867 -0.12739 -0.8175
1.3532 -2.5101 -0.34619 -1.7993 -1.8176 -2.1008 0.26557 -0.66451 -0.38024 -0.79514 -0.46727 0.086871 -1.2843
0.8978 -2.3914 0.29903 -1.0844 -1.6115 -2.4627 -0.36162 -0.41909 -0.43668 -0.94906 0.1978 -0.1371 -0.93546
