0.7114 -2.3733 0.86564 -0.698 -1.4282 -0.97103 -0.1411 -1.4317 -0.16563 -0.76953 -0.03919 -0.46556 0.096234
0.7383 -2.647 0.52375 -1.0351 -1.3457 -0.96055 -0.30982 -1.8328 -0.36389 -0.98746 -0.42847 -0.57668 -0.14292
0.81588 -2.3435 0.96017 -0.67598 -1.2423 -0.80058 0.031143 -1.6862 -0.35828 -0.65721 0.4449 -0.23903 -0.30498
1.1673 -2.5948 0.77681 -1.0057 -1.4959 -1.0521 -0.0020924 -1.6227 -0.78451 -0.75145 0.67959 -0.28154 -0.59197
1.6124 -2.0593 0.56174 -1.2881 -1.5423 -0.98921 0.42853 -1.6003 -0.79652 -0.79817 0.91134 -0.27332 -0.68008
2.1581 -2.0242 -0.13196 -2.1535 -1.3534 -0.93252 -0.54588 -1.8766 -0.46043 -0.67304 -0.04314 -0.81003 -0.21469
2.6972 -1.9416 -0.90017 -2.8932 -0.46953 -0.69729 -0.93912 -1.2308 -0.18016 -0.61513 -0.72696 -0.58751 -0.41252
3.1254 -2.4442 -1.5798 -2.8035 -0.32808 -1.2138 -1.0899 -0.50337 -0.30982 -0.77768 -1.516 -0.46603 -0.3033
3.7359 -3.0124 -1.832 -2.3845 -0.90241 -0.8646 -0.7829 0.21437 -0.18676 -1.4304 -1.2245 -0.035416 -0.50451
4.2985 -3.7153 -2.0932 -2.0225 -1.5873 -1.1403 -0.55994 0.33944 -0.65974 -1.7415 -0.94851 0.069999 -1.0031
4.4267 -3.6918 -1.9997 -1.7739 -1.6199 -1.0993 -0.25117 0.6366 -0.64993 -1.7629 -0.6993 0.10223 -0.88368
4.4321 -4.253 -1.6654 -2.2741 -1.7925 -1.2782 -0.050584 0.44786 -1.1035 -1.619 -0.73468 -0.50862 -0.91514
4.5489 -4.1879 -2.0052 -1.929 -2.2256 -1.2726 0.13841 0.52484 -1.2337 -1.4146 -0.51143 -0.38412 -0.82163
4.4267 -4.0342 -2.1126 -2.1449 -1.9521 -1.2567 0.22574 0.25926 -1.1634 -1.4421 -0.52419 -0.49473 -0.77672
4.4813 -4.2713 -2.2025 -2.3016 -2.0833 -1.142 0.2659 0.40515 -1.1919 -1.5865 -0.84674 -1.1307 -0.95367
4.3375 -3.9511 -1.6324 -2.3999 -1.519 -0.89435 0.30088 0.50793 -1.0939 -1.395 -0.73244 -0.82965 -0.82103
4.1795 -3.6419 -2.1757 -2.34 -1.9463 -0.96776 -0.17597 0.063075 -1.0819 -1.6462 -0.4294 -1.0455 -0.80134
4.2165 -4.2103 -2.0616 -2.6571 -1.9504 -0.8013 -0.35781 -0.12087 -1.3946 -1.6262 -0.32798 -0.93519 -0.69569
3.9568 -4.1654 -2.2387 -2.1622 -1.7603 -0.53695 -0.088606 -0.52369 -1.2931 -1.5205 -0.082683 0.022183 -0.42458
3.6355 -4.5294 -2.435 -1.9102 -2.1766 -0.83941 -0.15403 -0.64106 -1.5467 -1.2517 0.076475 -0.011211 -0.25541
2.9552 -3.9685 -1.7762 -1.9275 -1.8081 -0.95816 -0.28164 -0.75466 -1.2951 -1.6262 0.16441 -0.14715 -0.038826
2.28 -4.1345 -1.3225 -1.6791 -1.4514 -1.3834 -0.2606 -1.1962 -1.3578 -1.233 -0.30332 -0.33866 -0.022454
1.4763 -4.1457 -0.68387 -1.5169 -1.3142 -1.0691 -0.85151 -0.82272 -0.84198 -0.86654 -0.21203 -0.25 0.11995
0.39679 -3.9764 -1.0747 -1.747 -0.78119 -0.7949 -0.31487 -1.0321 -0.99282 -0.87666 -0.28934 -0.14112 -0.11454
0.284 -5.5624 -0.51175 -0.28563 -1.1291 -0.55008 -0.072077 -0.6398 -0.52334 -0.43449 -0.20267 0.34652 0.29214
-0.11528 -6.1316 -1.2405 -0.92202 -0.04513 0.093 0.90436 0.25868 -0.11593 0.47216 -0.2268 0.16321 0.067187
-0.22437 -6.4661 -2.3514 -0.89286 -0.53959 0.48942 0.52009 0.76997 0.23448 0.31385 0.12459 0.3467 0.74795
0.97293 -7.6423 -2.127 -0.34862 -0.70131 0.77249 0.71032 0.16917 -0.018554 0.41022 0.24994 0.5586 0.356
0.016971 -8.3658 -1.8927 -0.61604 -0.022809 0.51382 1.6494 0.57322 0.0394 0.551 0.24538 0.80595 0.4716
-0.14036 -6.8892 -1.6954 -0.62247 0.076678 0.49133 0.63411 0.38109 0.40122 1.0603 0.53972 0.81471 -0.0825
0.032832 -6.8584 -1.4461 0.16855 0.035157 0.38032 0.032709 0.17114 0.51454 0.66871 0.14804 0.34323 -0.26867
0.5643 -7.9355 -1.4047 0.56872 -0.14932 0.91626 0.56668 -0.43917 0.37802 1.3033 0.75483 0.73833 0.33716
-0.57151 -7.2002 -1.0978 0.044221 6.2828e-05 0.91752 0.72845 -0.54258 0.58277 0.68325 0.22748 0.51563 0.87344
-0.13844 -7.9626 -0.95754 -0.58464 0.089048 1.3458 0.95235 0.014468 0.24258 0.40518 0.31309 0.5008 0.23378
-2.4906 -5.6009 1.3928 0.79044 0.1289 0.13424 0.073634 -0.89169 -0.063088 0.47048 0.63781 0.8454 0.46387
0.33581 -3.2359 0.067083 -1.1594 -1.0129 -1.5358 -0.98724 -1.6629 -0.23607 -0.14045 0.42453 0.21859 0.12538
1.7587 -3.6308 -0.6361 -1.6643 -1.9205 -1.7144 -0.45284 -1.548 -0.3132 -1.1031 0.021041 0.21904 0.65375
1.7547 -3.9946 -0.66476 -1.5919 -2.3633 -1.4985 -0.46753 -1.756 -0.02831 -0.7561 0.23969 0.33171 1.0343
1.7113 -3.6007 -0.11754 -1.1835 -1.8314 -1.4554 -0.66873 -1.8241 -0.2714 -0.79706 0.15074 0.11478 0.48467
1.5192 -3.653 -0.1151 -1.4419 -1.863 -1.5316 -0.78003 -1.939 -0.21414 -0.84638 0.11467 0.22233 0.69193
0.7591 -3.7564 0.089927 -0.56891 -1.551 -1.198 -0.94288 -2.0897 -0.49078 -1.0117 0.033294 0.31366 0.3821
