-2.4801 -2.4547 1.0213 0.82801 0.58285 0.41666 -0.10929 -0.53905 0.50459 -0.068863 -0.40204 0.15628 -0.35143
-1.6326 -2.2524 1.1543 0.68142 0.32834 0.47667 0.12518 -0.82637 0.59376 -0.23025 -0.31086 0.30658 -0.46997
0.13725 -0.46541 1.8816 -0.38837 -0.75886 -0.21201 0.33762 -1.6584 0.26775 -0.63063 -0.030627 0.0025978 -0.4376
1.3622 0.45493 1.6877 -1.4945 -1.1039 -0.47067 0.35747 -1.8358 0.0072818 -0.53066 0.5835 0.26952 0.016383
2.276 0.95491 0.84991 -2.1542 -1.0518 -0.60894 0.20303 -1.7885 0.079297 -0.016848 0.57266 -0.15622 -0.79608
2.7613 0.98965 -0.49889 -2.4354 -0.06587 -0.40478 -0.46396 -1.8998 1.0053 0.43127 -0.48278 -0.72799 -0.72838
3.386 0.27403 -1.2588 -1.8277 -0.49532 -0.57421 -0.8644 -0.71188 1.1474 0.36653 -1.334 -1.0271 -0.023615
3.7441 -0.21259 -1.8874 -1.1745 -0.70837 -0.93964 -0.73508 -0.26906 1.2561 -0.1422 -1.2332 -1.2748 0.20719
4.2752 -0.60036 -2.561 -0.7367 -0.92631 -1.0197 -0.79572 0.10301 1.0561 -0.29281 -1.5177 -0.89843 0.44477
4.4344 -0.43825 -3.0959 -0.54586 -0.44991 -1.7579 -0.17459 0.47537 0.4604 -0.39024 -1.5345 -0.49709 0.18927
4.2141 -0.72176 -3.003 -0.026969 -1.0838 -1.4954 0.042445 0.17753 0.45009 -0.94436 -0.96406 -0.59194 0.15435
4.5924 -0.91754 -3.3633 0.095472 -1.6875 -1.171 -0.35717 0.65951 0.20381 -0.99201 -1.0442 -0.59967 -0.060237
4.8967 -1.8338 -3.3908 -0.23861 -1.6575 -1.3786 -0.25604 0.68394 -0.03525 -1.1316 -0.98815 -0.7309 -0.15397
4.6761 -1.5109 -3.7729 -0.2653 -1.4523 -1.2091 0.033155 0.46275 -0.24105 -0.98084 -0.65174 -0.61663 -0.43149
3.7356 -1.0683 -3.0646 -0.85001 -0.44309 -1.223 0.579 1.1373 0.075008 -0.76959 -0.47889 -0.68402 -0.68808
1.5008 -2.4446 -1.1587 0.02961 -0.20092 -0.59678 0.66771 0.10055 -0.94116 -0.52983 -0.12006 -0.21231 -1.0762
2.1495 -4.763 -2.4 0.3086 -0.71226 -0.35387 1.3348 0.79669 -0.76939 -0.13442 -0.2115 -0.45689 -0.34514
2.4573 -6.0253 -2.6704 0.13787 -0.55727 -0.14095 1.4233 0.75662 -0.91161 -0.5426 -0.33402 -0.005926 -0.68341
2.7803 -6.3001 -2.9845 0.66576 -0.48211 0.66872 1.9545 1.0639 -0.70601 -0.20139 -0.66199 0.010226 -0.72432
2.3328 -5.721 -2.4491 0.33511 -0.49132 0.41041 1.5161 0.92188 -0.85661 -0.36415 -0.069227 0.14902 -0.45228
2.0915 -6.3902 -2.0791 0.14039 -0.66964 0.75661 1.1356 0.10533 -0.083902 0.73877 0.24248 -0.23023 -0.53762
2.0445 -5.4852 -2.1526 0.69862 -0.49172 1.2839 1.8627 0.41022 -0.60086 -0.17288 0.013325 0.2233 -0.37678
1.1101 -5.3583 -2.0177 -0.24929 -1.0432 0.286 1.2826 1.1106 -0.95459 -0.27896 0.17578 0.48189 -0.12762
0.53211 -4.6339 -1.9751 -1.1933 -0.6315 0.30435 1.1895 0.71595 -0.8056 -0.80927 -0.0036158 -0.11205 -1.0107
0.23224 -4.049 -0.46602 -0.55373 -0.74042 -0.46295 0.86812 0.81617 -0.32308 -0.48233 0.14892 -0.53028 -0.24942
0.93215 -1.614 0.10284 0.024577 -0.89925 -1.3255 0.52017 -0.06518 -0.41611 -0.92568 -0.33388 -0.55731 -0.86693
3.3768 -1.27 -1.4271 0.0049126 -2.4383 -2.2186 -0.077421 -0.49583 -0.067878 -0.51728 -0.15263 -0.7067 -1.2558
3.6458 -1.049 -0.83391 0.56727 -2.2213 -2.3379 -0.51627 -0.30047 0.21398 -0.57988 0.46499 -0.33824 -1.1778
3.2937 -1.1149 -0.19757 0.47131 -1.8101 -3.0231 -0.85258 -0.94632 0.01915 -0.76142 0.60336 -0.32855 -0.96116
1.8818 -1.3831 1.0511 0.25749 -1.5681 -2.7287 -1.1514 -1.0731 -0.37818 -1.0366 0.23781 -0.50717 -0.74939
-0.10487 -1.7501 1.6757 0.56349 -0.73133 -1.0549 -0.42264 -1.4586 0.41096 -0.7807 0.12801 -0.073493 -0.74593
