0.8726 -0.84078 0.79113 -1.9578 -2.0507 -1.6515 -0.13906 -1.5487 0.22344 -0.51129 0.3287 -0.75725 0.39894
2.2124 -0.53504 -0.38214 -3.4515 -2.0284 -1.4492 -0.26341 -1.6433 -0.40802 -0.047056 0.88205 -1.4357 -0.32561
3.3303 -1.0114 -1.9554 -4.1922 -1.8091 -1.4818 -1.6303 -1.6332 0.44194 -0.087143 -0.3542 -1.5835 -0.51968
4.1347 -1.6588 -3.5171 -3.0514 -1.2901 -2.2153 -1.555 -0.32527 1.1623 -0.95198 -1.1314 -0.54433 -0.43003
4.1794 -2.7947 -3.4704 -1.7793 -1.6869 -2.1782 -0.24368 0.24572 0.005104 -1.3211 -0.11397 0.066421 -1.0142
4.7672 -4.1966 -3.3125 -1.3418 -2.644 -1.9042 0.77059 -0.60537 -0.67374 -1.0547 -0.068821 -0.50001 -0.49112
5.2806 -5.3895 -3.0415 -1.8781 -3.1881 -1.7136 0.99104 -1.1259 -0.50121 -1.2649 -0.31119 -0.38566 0.00061487
5.6634 -5.7389 -2.6523 -2.0016 -3.2899 -1.1505 1.0841 -1.1418 -0.31218 -1.1489 -0.33906 -0.39027 0.20044
6.0307 -5.9893 -2.505 -2.1884 -3.4741 -1.128 0.95131 -1.3317 -0.37353 -1.5106 -0.74754 -0.64333 -0.066449
6.1839 -5.8814 -2.1232 -2.2367 -3.4775 -0.7928 1.0713 -1.3254 -0.23253 -1.3674 -0.88342 -0.64241 0.032073
6.1229 -5.3362 -1.8023 -1.9349 -3.0195 -0.46689 1.2144 -1.006 -0.0097978 -1.1422 -0.5573 -0.48618 0.30825
6.0492 -5.9081 -2.3067 -2.3347 -3.0378 -0.62173 1.2225 -1.2717 -0.19059 -1.3033 -0.65018 -0.61894 0.48422
5.9024 -6.6178 -2.679 -2.8152 -3.3977 -0.6687 0.65689 -1.5247 -0.56628 -1.6697 -0.63751 -0.87143 0.31669
5.6238 -6.045 -2.7275 -2.0775 -2.7444 0.0029565 0.65141 -1.4183 -0.36093 -1.3355 0.26584 -0.38912 0.71284
5.4454 -5.8321 -2.9434 -2.2232 -3.1117 -0.080835 0.037747 -1.4332 -0.66082 -1.1392 0.40668 -0.21914 0.52881
5.0253 -5.6855 -2.3811 -2.3878 -2.9833 -0.17054 0.034268 -1.5753 -0.74791 -1.1013 0.69345 0.18661 1.2304
4.0566 -4.9847 -1.2033 -2.5291 -2.601 -0.18536 0.087491 -1.8804 -0.76508 -1.1168 0.68764 0.34973 0.89037
3.6952 -5.9727 -1.1154 -2.3791 -2.2031 -0.49124 -0.7057 -1.7705 -0.86024 -1.3421 0.27631 -0.038995 0.5734
4.1772 -6.9998 0.58789 -1.1714 -1.5459 1.0488 -0.50272 -1.2484 -0.41342 -0.62367 0.26676 0.36603 0.42922
4.755 -8.5286 -0.51423 -0.70644 -0.96508 1.6876 0.28688 -0.55187 -0.048142 -0.81505 -0.0079036 0.19472 0.15883
4.5368 -8.3469 0.18247 -0.86859 -0.77306 2.9027 0.6012 -0.11431 0.64736 0.20329 0.23199 -0.035654 -0.71189
4.8472 -8.996 0.60041 -1.15 -0.21562 1.8442 -0.36676 -0.44078 0.31612 -0.47633 -0.044942 0.22678 -0.59354
4.5933 -8.1739 0.4756 -2.0966 -0.12401 2.9037 0.65945 0.17297 -0.045167 0.172 0.53191 0.24832 -0.38519
4.8185 -9.1154 0.6922 -1.5124 -0.082168 2.3456 1.0967 -0.6754 -0.61529 -0.058085 0.07633 0.81867 0.14237
4.7021 -9.6375 1.2038 -0.87461 -0.41458 2.3135 0.036651 -0.73976 -0.82912 -0.47702 0.13213 0.34884 -0.089305
4.1912 -8.3937 1.5874 -0.82722 -0.50714 1.6739 0.060632 -1.0418 -0.80966 -0.6547 -0.29615 0.89321 -0.089328
3.2982 -7.4265 1.3984 -0.42645 -0.47433 1.6296 0.3713 0.1899 0.76695 0.31051 0.33267 0.44697 0.12426
3.015 -8.111 1.1143 -1.1662 -0.77297 1.649 0.3898 0.23403 0.20281 -0.69693 0.23327 -0.047666 -0.58975
2.6594 -7.5502 1.7562 -0.94837 -0.77052 2.2484 0.30302 -0.46455 0.98053 0.4487 0.6261 0.76506 -0.19651
1.5461 -6.9159 1.8162 -1.2335 -0.55106 1.1665 1.0734 -0.060101 0.68731 -0.36005 0.69787 0.82365 0.37891
1.0081 -3.8918 1.1566 -1.8034 -1.7422 -0.20379 -0.80667 -1.131 0.13281 -0.79959 0.42458 0.76292 0.8538
2.18 -3.2074 0.81992 -2.329 -3.1643 -0.49682 0.0058477 -0.95732 0.62231 -1.3094 0.062559 0.58195 0.55913
2.8069 -4.4884 -0.61639 -2.3894 -3.781 -1.0953 -0.17404 -0.73639 0.29662 -0.52489 0.70373 -0.04975 0.94376
2.7266 -3.6325 -0.86196 -2.1928 -3.709 -1.2299 -0.17065 -0.83253 0.69066 -1.2592 0.55733 -0.23448 0.66125
2.5991 -4.2423 -0.29662 -2.5639 -4.02 -1.2299 -0.060243 -0.99212 0.47294 -0.83192 0.50709 -0.27967 0.67564
2.1875 -4.2486 -0.48892 -2.3013 -3.6693 -1.2888 -0.6686 -1.0839 0.4576 -1.0761 0.15586 -0.5046 0.62507
1.7418 -4.1983 -0.83597 -2.6076 -3.3126 -1.6247 -0.67665 -1.3928 0.38776 -0.95903 0.082479 -0.15096 0.9012
1.2654 -3.2818 0.029588 -1.2746 -2.836 -0.83966 -0.38835 -1.6118 0.34226 -0.42413 0.026655 -0.28576 1.041
0.54973 -3.0613 0.11353 -1.0749 -1.9885 -1.6825 -0.78509 -1.7461 0.45686 -0.43536 0.18784 -0.14405 0.64219
