1.2681 -0.46096 1.0566 -2.4224 -2.7691 -1.7105 0.12677 -1.3818 -0.33867 -1.4329 -0.059263 -0.48959 -0.42721
2.2065 0.32321 0.57327 -3.5078 -2.0653 -1.1309 0.70189 -1.181 -0.75263 -0.67972 0.4134 -1.1992 -0.91924
2.6349 0.41314 -0.084336 -3.3809 -1.6537 -0.62756 0.25644 -1.6346 -0.056271 -0.28655 -0.016796 -0.91072 -0.90403
3.2179 0.23195 -1.0055 -3.6371 -1.4023 -0.69779 -0.57402 -1.5252 0.13498 0.051257 -0.78833 -1.3116 -0.91146
3.2152 -0.32646 -1.4775 -3.2724 -1.4937 -1.1584 -0.52045 -1.1021 0.32796 -0.70792 -1.1906 -1.6095 -0.29863
3.6941 -0.54191 -2.3289 -2.8029 -0.98578 -0.95753 -0.20048 -0.46393 0.32162 -0.82776 -1.4197 -0.67064 -0.32954
3.5584 -0.26097 -2.5958 -3.2019 -0.78928 -0.98974 -0.15254 -0.28064 -0.061422 -1.5453 -0.8116 -0.4649 -0.42422
3.4766 -0.91299 -3.0744 -3.2332 -0.91788 -0.95049 -0.081311 -0.48393 -0.719 -1.683 -1.0435 -0.30131 -0.92375
3.3144 -1.2992 -2.6898 -3.3984 -1.3703 -0.89861 0.12067 -0.60679 -0.68884 -1.7007 -0.96828 -0.17075 -0.96011
3.3335 -1.4393 -2.7623 -2.8886 -1.2017 -1.0702 0.60924 -0.24535 -1.0143 -1.4172 -0.65269 -0.15695 -1.0064
3.3796 -1.0891 -2.6237 -3.1858 -1.1061 -0.86258 0.48275 -0.41389 -0.96862 -1.2007 -0.69813 -0.26358 -0.92336
3.5612 -0.94249 -3.4134 -2.7332 -0.92008 -1.2179 1.1806 -0.48451 -0.80762 -0.91569 -0.45776 -0.13379 -0.85106
3.6258 -1.4031 -3.3191 -2.336 -0.8571 -0.66614 1.1652 -0.27092 -0.24289 -0.97443 -0.52897 -0.25714 -1.2494
3.7096 -1.9463 -3.8503 -2.1313 -1.0033 -0.91067 0.63061 -0.23462 -0.76098 -0.89632 -0.31652 -0.050341 -1.1058
3.9419 -2.4298 -4.1211 -1.5105 -0.95573 -0.73051 0.49797 -0.39728 -1.3036 -0.66508 -0.35842 -0.10461 -0.97923
4.0696 -3.1321 -4.5005 -1.5524 -1.4925 -0.57829 0.34836 -0.82997 -1.4657 -0.51256 -0.41141 -0.017202 -1.0991
3.9727 -2.4861 -3.9905 -1.2128 -1.0891 -0.63667 0.39663 -1.0166 -1.4546 -0.414 -0.076127 0.073325 -0.95346
3.3849 -1.8853 -3.0704 -1.8976 -1.0577 -0.81699 0.47013 -1.5027 -1.6823 -0.40047 -0.44141 0.012061 -1.215
1.613 -2.9012 -1.2524 -1.2849 -1.0443 -0.47322 0.077048 -1.1103 -1.809 -0.98088 -0.72784 -0.11434 -0.91939
2.0193 -4.8976 -0.24892 -0.12565 -0.88951 0.029775 -0.26077 -0.42703 -1.9378 -0.2991 -0.65499 -0.29567 -1.5083
2.4251 -6.6369 -1.1836 -0.39626 -0.93383 0.045251 0.11757 -0.39529 -1.727 0.013381 -0.36034 0.073984 -0.69245
2.726 -8.1757 -1.7251 -0.4435 -1.4943 0.71811 0.86198 -0.62639 -1.0385 0.94243 0.05478 0.55241 -1.0325
2.929 -8.6516 -1.6428 -0.15536 -0.31357 0.80775 1.0124 -0.16025 -0.066994 1.1365 0.42251 1.0859 -0.50446
2.4412 -8.5815 -2.0637 -0.20781 0.093647 1.1616 0.64398 0.31457 -0.34518 1.0521 0.43156 1.3473 0.2867
2.1089 -7.8938 -1.7261 -0.22527 -0.19975 1.1598 0.88083 -0.26407 -0.80374 0.89689 0.011611 0.51405 -0.37171
2.6418 -8.2319 -1.6241 -0.93213 -0.43326 2.3504 1.1884 -0.1388 -0.004461 0.69749 -0.14515 0.60795 -0.97376
3.6605 -8.978 -0.17877 -0.054402 -0.066937 0.76923 0.45526 -0.24533 -1.5207 0.67576 -0.39147 1.1878 -0.16578
3.9823 -8.7437 -0.011355 -0.30358 -1.5606 0.87431 0.6679 0.56237 -1.302 0.23116 0.068912 1.6416 -0.45176
4.3218 -9.5005 -0.40662 -0.099286 -1.178 1.4314 0.79288 0.39924 -2.2672 0.51847 -0.17696 0.86298 -0.44742
2.6774 -6.2143 -0.43675 -0.27611 -1.1487 0.70545 0.083851 -0.18155 -1.6551 -0.25102 -1.0172 0.52943 -0.28121
2.216 -3.7129 0.89112 -1.3808 -2.9615 -1.2303 0.12481 -0.7667 -1.9878 -0.54635 -1.859 0.16783 -0.30909
3.0115 -2.4167 -1.9238 -1.9303 -2.5829 -1.5035 0.44479 -0.93784 -1.2033 -1.1993 -1.0238 -0.3417 0.12475
3.6248 -3.5838 -2.4416 -1.142 -3.5963 -1.4145 0.43145 -1.0076 -0.95889 -1.18 -0.8688 -0.32225 0.031981
3.8654 -3.8076 -2.0168 -0.80621 -3.3563 -1.3822 0.37259 -0.81495 -0.47143 -0.61349 -0.74772 -0.42388 -0.13349
3.5798 -3.2576 -2.6736 -1.3527 -3.7171 -1.8802 0.29199 -1.1829 -0.2107 -0.7967 -0.52562 -0.84039 -0.3252
3.4401 -2.6968 -1.932 -1.7403 -3.3043 -2.1108 -0.0017643 -1.0961 -0.24142 -0.28612 -0.39711 -0.62233 -0.52976
3.3909 -2.3094 -1.3648 -1.2701 -3.4468 -2.3466 -0.45071 -1.1217 -0.083013 -0.4142 0.4647 -0.76258 -0.63651
2.6316 -1.9939 -0.66943 -0.41526 -3.1905 -2.544 -0.58601 -1.3592 0.35793 -0.58859 0.51909 -1.0806 -0.65016
0.77399 -1.6332 0.66893 -0.32658 -1.4794 -1.6475 -0.45245 -1.5464 0.10091 -0.33881 0.61799 -1.0556 -0.84158
-0.56288 -2.5559 1.0303 0.24849 -0.63459 -0.48169 -0.28296 -1.3939 0.35485 -0.48616 -0.36993 -0.54382 -0.71624
-0.463 -2.5312 1.189 0.29337 -0.66385 -0.60351 -0.59446 -1.9 0.40562 -0.5142 -0.41781 -0.57357 -0.98318
-0.99178 -2.4124 1.2779 0.51879 -0.52765 -0.43449 -0.49864 -1.6057 0.43111 -0.78042 -0.67962 -0.33903 -0.73191
