2.0562 -2.1737 0.67272 -1.6236 -1.7985 -1.8215 -0.18998 -1.3226 0.047938 -0.55223 0.41778 -0.52906 0.39936
2.2292 -2.3379 0.87738 -1.3623 -1.6805 -1.7448 0.054264 -0.8147 -0.24898 -1.35 0.059517 0.02628 0.82935
2.4434 -2.0677 0.89219 -1.9876 -2.1492 -1.9492 0.18448 -1.3812 -0.069129 -1.4064 -0.32528 -0.089461 0.71951
2.7574 -1.8258 0.30626 -2.198 -2.0854 -1.5504 0.17254 -1.5895 0.20256 -1.2382 0.017967 -0.2854 0.37207
3.2013 -1.8322 -0.18485 -2.6366 -1.8873 -1.355 0.5838 -1.3042 -0.67615 -0.79534 0.60805 -0.47583 -0.45807
3.8065 -1.4532 -0.90735 -3.4901 -1.702 -1.1036 0.076104 -1.3472 -0.33415 -0.44458 -0.12898 -1.1129 -0.28561
4.7619 -1.3957 -2.2879 -3.5625 -1.1428 -0.78579 -0.05746 -1.1671 0.14878 -0.13458 -0.68532 -1.3749 0.19312
4.6752 -1.8623 -2.7856 -3.3195 -1.0741 -0.92599 -0.14016 -1.2613 0.40911 -0.59718 -1.0338 -0.55609 0.14218
4.76 -2.7648 -3.1679 -3.2728 -1.1443 -1.2083 -0.38818 -1.0609 -0.02244 -1.0951 -1.2812 0.018414 -0.38994
5.0198 -2.9349 -3.008 -2.5715 -1.3162 -0.81783 -0.16175 -0.34292 -0.35721 -1.0755 -0.97914 0.3424 -0.055142
5.5287 -3.4721 -3.8954 -2.2845 -1.5849 -0.75944 -0.53656 -0.19157 -0.48806 -1.4311 -0.94288 0.36281 -0.12538
5.9668 -4.2114 -4.1264 -2.1789 -1.7231 -0.6611 -0.61254 -0.0079745 -0.59884 -1.5167 -0.83533 0.31671 -0.082202
6.1023 -4.4628 -3.885 -2.2262 -1.4727 -0.58565 -0.32169 0.052709 -0.5523 -1.3583 -0.70502 0.46915 -0.37827
6.2095 -4.5858 -3.9718 -2.2406 -1.2226 -0.74731 -0.21886 0.12413 -0.74365 -1.2437 -0.52515 0.48878 -0.22938
6.3267 -4.6057 -3.8319 -1.7577 -1.1474 -0.37443 0.077819 0.29653 -0.73735 -1.004 -0.46956 0.60588 -0.143
6.1093 -4.2978 -4.1521 -2.0768 -1.318 -0.82312 0.11738 -0.091443 -0.91762 -1.1448 -0.64028 0.56225 -0.30002
5.5512 -3.2286 -3.9309 -2.1868 -0.94321 -0.59224 0.20755 0.16251 -1.0242 -1.3382 -0.48618 0.35531 -0.47193
4.4507 -2.8279 -3.0557 -2.5356 -0.58514 -0.99643 0.11431 -0.47661 -1.1749 -1.3112 -0.3596 0.20679 -1.134
3.2392 -3.0763 -1.5011 -2.3262 -0.63655 -0.1951 -0.011229 -1.0576 -1.1512 -1.2638 -0.40191 -0.17373 -1.4147
2.7769 -4.1175 -1.3266 -0.9674 -0.6375 0.40676 0.11869 -0.7846 -1.6569 -0.83308 -0.43117 -0.50947 -1.0269
2.5378 -5.3473 -1.6989 -1.0041 0.26492 1.1988 0.021934 -0.72996 -1.0259 -0.48176 -0.22963 0.44856 -0.3003
1.9489 -6.983 -1.8381 -0.30083 -0.14018 1.0433 0.15097 0.12556 -0.9295 0.20635 0.4709 0.22282 0.144
1.6613 -6.3785 -1.139 0.33767 0.22961 0.88122 0.5504 -0.44784 -0.89794 0.30786 0.21941 0.79451 0.38105
2.0425 -7.2001 -1.612 -0.79208 0.012235 1.0757 1.2184 0.52326 -0.60743 0.073477 -0.077442 0.13522 0.18087
1.3448 -7.7853 -2.5613 -0.59311 0.052205 1.3497 0.92782 0.30365 -0.35684 0.63622 0.25321 0.46936 0.38293
1.4244 -7.6174 -2.0212 -1.466 -0.53238 0.69079 0.69094 -0.23407 -0.29637 0.83404 -0.18402 0.15581 0.35189
1.0877 -6.9055 -2.2931 -0.95775 0.57325 1.2372 0.84641 -0.013963 -0.60436 -0.18719 0.38826 0.97266 0.26669
0.76622 -5.6944 -1.3635 0.090984 -0.48026 0.53857 0.35681 -0.47339 -1.507 -1.4172 -0.70828 0.30289 0.14307
1.8765 -3.3089 -0.40981 -0.87608 -1.8962 -1.491 -0.28315 -0.86205 -0.94586 -1.1856 -0.51802 -0.73151 -0.39901
2.8339 -2.5294 0.52321 -1.8735 -1.8405 -1.6985 -0.50187 -1.5222 -0.63257 -0.71023 -0.17593 -0.73548 -0.39867
3.317 -2.5256 0.18167 -1.3733 -2.3326 -2.3714 -0.51072 -0.82692 -0.21359 -0.79581 0.047098 -0.70183 -0.0041879
3.3633 -2.7552 0.39782 -1.1415 -2.4716 -2.8353 -0.79866 -1.0861 -0.50837 -0.77892 0.055904 -1.1805 -0.12337
2.6787 -3.0341 0.096575 -0.60397 -2.1772 -2.4912 -1.3123 -2.1351 -0.17092 -0.80923 0.22445 -1.0406 -0.78564
0.85873 -2.8752 0.66773 -0.076947 -0.82465 -0.91612 -0.83176 -1.7635 -0.11991 -0.55545 0.0071445 -0.12164 -0.41076
0.47501 -3.1886 0.43939 0.094617 -0.40994 -0.54208 -0.69545 -1.3006 0.14229 -0.4228 -0.49198 -0.52598 -0.72644
-0.1884 -3.3676 0.22799 -0.04009 -0.15917 -0.2849 -0.55164 -0.96161 -0.12658 -0.5941 -0.92355 -0.75227 -0.92109
