1.7085 0.46192 0.47523 -3.0004 -1.8734 -1.6523 0.059495 -1.9352 -0.13955 -0.4404 0.61592 -0.25159 -0.29666
2.3581 0.33856 0.089367 -3.708 -1.5722 -0.69986 -0.41615 -1.6346 -0.43814 -0.056234 0.48514 -0.48425 -0.4764
2.5803 -0.16321 -0.73198 -3.9771 -1.2092 -0.27615 -1.0224 -1.5216 -0.31643 0.03733 -0.20588 -0.59767 -0.77836
2.7793 -0.95129 -1.1773 -3.8833 -0.8727 -0.49712 -1.3839 -0.79258 0.049371 -0.20251 -1.1884 -0.61634 -0.16371
3.6687 -0.72468 -2.5955 -3.6632 -0.45665 -0.89803 -1.1618 -0.3989 0.45362 -0.69498 -1.73 -0.14668 -0.27773
4.4749 -1.2025 -3.2052 -2.9148 -0.77968 -0.92243 -0.72261 0.34357 0.03774 -1.4254 -1.4709 0.4902 -0.83986
4.7944 -2.3728 -3.4478 -2.7078 -1.6324 -0.70734 -0.80517 0.56274 -0.74085 -1.6233 -1.2818 0.4186 -1.2584
4.9891 -2.5225 -3.784 -2.2605 -1.8441 -0.97153 -0.53095 0.31562 -1.1497 -1.6756 -1.2062 0.33282 -1.6095
5.0465 -2.1106 -3.7864 -1.8437 -1.457 -0.94517 0.30995 0.40413 -1.0887 -1.4752 -0.88894 0.47429 -1.5653
4.834 -2.2814 -3.9035 -2.0975 -1.6915 -0.86224 0.2738 -0.13465 -1.1328 -1.3601 -1.215 0.20972 -1.5999
4.8216 -2.7112 -3.3192 -2.3718 -1.7267 -0.48205 -0.1222 -0.13497 -1.2737 -1.2224 -1.0785 0.033583 -1.3283
4.4095 -2.928 -2.8866 -1.4887 -1.9697 0.092112 -0.067423 -0.54621 -1.1415 -1.2502 -0.61537 0.020173 -1.176
3.5077 -3.6669 -2.3045 -1.2957 -1.8915 0.20618 0.417 -0.90243 -1.7724 -1.6078 -0.93051 -0.43576 -1.2307
3.1638 -4.4782 -2.7288 -1.1341 -0.82027 0.45482 -0.29505 -1.1514 -2.2518 -1.4597 -0.18922 -0.22606 -0.84201
3.33 -5.566 -2.4368 -1.3717 -1.734 0.90775 0.27798 -0.9161 -1.8656 -0.6692 -0.57124 -0.16736 -1.221
2.6348 -6.6571 -3.5437 -0.76694 -1.0579 0.86147 0.50853 -1.0809 -1.2202 0.2652 0.3306 0.050185 -0.17909
2.4949 -6.9365 -3.7236 -0.90338 -0.56105 1.4418 0.9004 -0.2831 -1.067 -0.54512 0.1474 1.0225 0.074074
3.1804 -8.2931 -4.0236 -0.91501 -1.4302 1.973 1.0821 -0.63773 -1.0272 -0.37654 -0.11093 0.46965 0.058682
3.1394 -7.6384 -3.2107 -0.62504 -0.89712 2.3551 1.3697 -0.33555 -0.14709 0.50447 0.34622 0.54706 -0.33978
2.7838 -7.0786 -2.8173 -0.62891 -1.631 2.0122 1.3243 -0.011474 -0.31624 0.42503 0.65635 0.79044 -0.20539
3.3095 -7.7917 -4.4385 -0.4818 -1.0678 2.5842 0.70501 -0.33571 -0.57325 -0.32613 0.40279 0.86985 -0.26715
2.6321 -7.1207 -3.2066 -0.5291 -1.6227 1.4139 1.803 -0.39404 -0.42767 0.42989 -0.11183 0.60628 0.19875
1.9824 -6.7587 -3.396 -1.0512 -1.6738 0.61777 1.629 0.56842 -0.72965 -0.065843 -0.37023 -0.052779 0.10671
0.98578 -5.6397 -1.393 -0.78563 -1.9999 -0.092178 0.60779 -0.91472 -1.1176 -1.2338 0.31304 0.17169 0.33767
1.2637 -3.8907 -0.63631 -1.0535 -2.0012 -0.52886 -0.84472 -1.1055 -1.5108 -1.5669 -0.48597 -0.33852 -0.081967
2.2649 -3.4651 -0.15408 -1.0446 -2.8369 -0.89695 -0.20441 -1.3974 -1.0612 -0.50395 0.28864 -0.2953 0.045303
2.9554 -3.1532 -0.037717 -1.9272 -2.9712 -1.6526 -0.34329 -0.52767 -1.3411 -0.40583 0.44105 -0.40814 0.040493
2.7071 -2.6517 0.70159 -1.8451 -2.6928 -2.0887 -0.2664 -1.0424 -0.89697 -0.24129 0.10903 -0.43687 0.035618
1.6192 -2.4268 0.84896 -1.2098 -1.872 -1.9695 -0.80319 -1.916 -0.76764 -0.482 -0.08936 -0.58132 0.20374
0.046111 -1.9007 1.3378 -1.1381 -1.3975 -1.6752 -0.27916 -1.7747 -0.41852 -1.1141 -0.36096 -0.17806 -0.53829
