-0.062329 -0.53847 1.5303 -2.0408 -1.924 -0.96941 0.14457 -2.1293 -0.060933 -0.97445 -0.21344 -0.59998 -0.10582
-0.20733 -0.8691 1.4649 -1.3975 -1.6915 -1.106 0.30853 -1.4722 -0.23663 -1.2329 0.031272 -0.72733 0.030133
-0.11441 -0.64412 1.5016 -1.6343 -1.6976 -0.81771 0.39499 -1.5447 -0.11092 -1.0422 0.097333 -0.86205 0.15476
0.44362 -0.052639 0.96297 -2.4481 -1.4102 -1.3073 0.27771 -1.2911 -0.18008 -0.83617 0.25322 -0.75512 0.42514
1.1641 0.11139 -0.078898 -3.1782 -1.2364 -0.97008 0.24385 -1.6605 -0.42816 -0.59637 0.34141 -0.69565 -0.51683
1.9737 0.076359 -0.38477 -3.9917 -1.3225 -0.1253 -0.061922 -1.552 -0.097182 0.015947 -0.57591 -0.9876 -0.56616
2.5382 -0.18728 -1.5932 -4.2384 -0.28099 -0.19652 -0.86722 -1.0773 0.56585 -0.56691 -1.1016 -1.2082 0.1797
2.8978 -1.0344 -2.2847 -3.7694 0.17897 -0.31415 -1.006 -0.30108 0.29418 -0.89782 -1.1948 -0.52547 -0.20735
2.8338 -2.1445 -2.6686 -3.1361 -0.023484 -0.82289 -0.8676 -0.047332 -0.2509 -1.5431 -0.57067 0.047945 -0.93602
3.0464 -2.857 -2.7655 -2.5707 -0.19425 -0.68742 -0.51941 0.40509 -1.027 -1.0926 -0.40958 0.08512 -1.0258
3.3129 -3.7956 -2.7298 -2.3366 -0.57851 -0.64928 -0.14847 0.30666 -1.4448 -0.86818 -0.39789 -0.15838 -1.2572
3.4131 -3.8048 -2.8674 -1.9818 -0.7922 -0.55569 -0.31391 0.33883 -1.6691 -0.55771 -0.36868 -0.21985 -1.3715
3.3649 -4.309 -3.1815 -1.8638 -1.0591 -0.62457 -0.4882 0.11969 -1.6168 -0.38195 -0.10461 -0.19373 -1.1371
3.44 -4.4576 -3.1488 -1.6611 -0.90104 -0.36171 -0.35136 0.063157 -1.6151 -0.15292 -0.026794 -0.23186 -1.0885
3.2545 -4.2518 -3.18 -1.5482 -1.0627 -0.066814 -0.54128 -0.22098 -1.6869 -0.12636 0.37921 -0.3079 -0.94961
2.8191 -4.0334 -3.1188 -1.6285 -1.0521 -0.12929 -0.78779 -0.35052 -1.9871 -0.19035 0.20641 -0.29776 -1.0343
1.7811 -4.1065 -2.0392 -1.2837 -1.3294 0.031122 -0.72536 -0.54698 -1.7708 0.052259 0.36141 -0.34438 -0.97642
0.78273 -3.6222 -1.2766 -0.81889 -1.5748 0.007137 -0.5222 -0.83666 -1.9474 -0.10817 0.6978 -1.1175 -0.51632
1.0723 -4.4625 -1.8171 -1.2825 -0.26469 1.0678 -0.80082 -1.3061 -2.0856 -0.076898 0.057442 -0.41053 -0.82155
1.2961 -5.8642 -2.5125 -0.77126 -0.38161 0.9601 -0.019038 -0.64074 -2.2743 0.32067 0.2821 -0.53738 0.014207
1.7592 -7.277 -2.5655 -0.9137 -0.21867 2.0011 0.069659 0.34715 -0.94392 1.1702 0.20772 -0.0019364 0.34669
1.8932 -7.6738 -2.2448 -0.79385 -0.17146 2.3039 -0.038363 0.83041 -0.68283 0.929 0.017997 0.22114 0.89845
2.1653 -7.0385 -0.65753 -0.63671 0.41666 2.0407 -0.75897 -0.36357 -1.1665 0.35814 -0.26404 0.063267 0.37552
2.1838 -7.8856 -1.5957 -1.0961 0.22682 1.5895 -0.72873 -0.52986 -0.98084 1.0496 0.25941 0.99527 0.57863
1.9417 -8.2261 -1.373 -0.93418 0.12134 1.0873 -0.74567 -0.20543 -1.1665 0.75146 0.22015 1.5283 0.51521
1.3608 -7.3227 -1.5585 -1.5527 0.40756 1.9543 0.31162 0.41945 -0.85236 0.66676 -0.096288 0.28094 -0.33577
1.2658 -7.9685 -1.65 -1.0447 0.1741 1.6976 -0.55905 -0.083083 -0.83355 0.36049 0.2251 0.24686 -0.52046
1.4945 -7.4515 -1.2867 -1.2016 -0.69025 2.2654 -0.020832 -0.71874 -1.6135 0.69906 -0.24863 0.23471 -0.10451
0.57164 -5.8814 -1.3515 -1.4451 -0.20781 1.6844 0.6022 0.056007 -1.66 0.16589 -0.070729 0.71787 -0.035239
-0.00087093 -3.9357 -0.16791 -1.0436 -1.5122 -0.43444 -0.76382 -0.59047 -1.9372 -0.8164 -0.26866 0.20573 -0.0013298
1.1408 -3.7252 -0.80257 -2.2758 -2.1118 -0.83732 -0.55898 -0.75077 -1.2947 -0.43444 0.016267 0.5654 0.097698
1.3071 -3.3226 -0.12704 -2.1652 -1.8639 -0.13068 -0.40466 -0.18091 -1.2164 -0.82085 -0.13969 -0.28891 0.10089
1.6611 -4.0527 -0.61501 -3.1753 -2.2741 -0.58013 -0.83511 -0.52447 -1.2068 -1.1917 0.074416 -0.46775 0.042734
1.5115 -3.7075 -0.2724 -2.8595 -2.2561 -0.39389 -0.088544 -0.7066 -1.068 -0.86358 -0.50735 -0.60372 -0.013316
1.3909 -3.5735 0.50904 -2.9592 -2.0404 -0.48008 0.079618 -0.63553 -0.91913 -0.63191 -0.38275 -0.66879 0.11889
1.2995 -3.0958 0.85569 -2.4011 -1.8879 -1.2959 0.17945 -0.33374 -0.87082 -0.27117 0.059337 -0.48572 -0.027288
1.1089 -2.5073 1.1059 -2.2098 -2.0648 -2.1413 0.042391 -0.57384 -0.82814 -0.095751 0.35192 -1.162 0.51398
0.11224 -2.1972 0.59325 -1.144 -1.8641 -1.8923 -0.2237 -0.87702 -0.11293 -0.88499 0.072044 -1.0218 0.66515
