0.15859 -0.79719 0.90934 -1.871 -0.9784 -0.8596 -0.3013 -1.6729 -0.16944 -1.2494 -0.74386 0.52684 -0.041735
1.4384 -0.3301 0.23558 -2.8768 -1.2004 -1.2829 -0.27266 -1.1237 -0.69547 -0.53901 0.018811 -0.63487 -0.34426
2.725 0.20818 0.11366 -2.8483 -1.254 -0.50017 -0.74316 -1.6027 -0.40473 0.13817 0.29508 -0.59934 -0.62671
3.5136 -0.20323 -1.3104 -3.4413 -1.3356 -0.78711 -1.2224 -1.3326 0.0052837 -0.13317 -0.41849 -0.94751 -1.2908
3.8859 -0.51976 -2.3988 -3.5952 -0.71828 -0.79847 -1.557 -0.86079 0.40308 -0.46112 -1.101 -0.62463 -1.2489
4.4819 -0.4794 -2.8136 -2.9118 -0.38078 -0.96258 -1.319 0.39985 0.34701 -0.84569 -1.3931 -0.22254 -0.63608
4.9615 -1.4334 -3.7644 -2.9885 -1.2294 -1.4404 -1.4021 0.28253 -0.27261 -1.7235 -1.5737 -0.27802 -1.1183
5.0371 -1.824 -3.572 -2.9522 -0.91672 -1.4252 -1.0767 0.6084 -0.84329 -1.6679 -1.1411 -0.13389 -1.2967
4.6608 -1.9036 -3.2639 -2.5206 -1.119 -1.2299 -0.43644 -0.0064242 -0.71838 -1.63 -0.36493 -0.2094 -1.1207
4.6543 -2.3362 -3.0527 -2.6007 -0.89693 -1.3626 -0.353 0.031355 -1.0033 -1.7009 -0.30455 -0.37911 -1.227
4.5728 -2.9731 -2.7609 -2.3957 -1.2417 -0.8428 -0.6343 -0.0045452 -0.94464 -1.7097 -0.42602 -0.21148 -1.4209
4.0908 -2.7155 -2.7629 -2.3349 -1.1675 -0.78769 -0.5672 -0.53694 -0.80437 -1.7397 -0.66388 -0.13007 -1.5286
3.765 -3.6141 -2.513 -1.8768 -1.0203 -1.2704 -0.44081 -1.0995 -1.2683 -1.434 -0.54951 -0.19949 -1.312
3.307 -3.0663 -2.2875 -1.5514 -1.0076 -0.67252 0.70345 -0.74232 -1.5558 -1.0741 -0.34094 -0.17128 -0.83868
3.2826 -4.0418 -2.21 -0.52122 -1.3644 0.20444 1.0471 -0.66022 -1.7711 -1.1029 -0.80934 -0.50232 -0.34614
3.0966 -5.564 -2.1801 0.070358 0.048396 0.32187 0.11658 -0.96752 -1.6633 -0.001323 -0.83224 0.18721 -1.0567
3.06 -5.8044 -2.4311 -0.097611 -0.68361 1.3548 1.0132 -1.0084 -1.3435 0.71935 -0.21673 0.56026 -0.48284
3.059 -8.2645 -3.4657 -1.2264 -1.0021 1.1053 1.0117 0.013221 -0.55307 1.3456 0.58175 0.58599 -0.69277
2.9651 -7.4443 -3.1432 -1.0468 -1.5901 0.92454 0.90249 -0.50553 -0.52269 0.77183 0.041032 1.3068 -0.2557
2.8543 -6.6033 -2.6405 -0.4269 -0.81897 1.4764 1.2195 -0.81462 -1.0472 0.7571 0.35803 0.65207 -0.23581
2.7643 -6.9803 -1.8601 0.44257 -0.86361 0.88168 0.67995 -0.88244 -0.44868 0.76305 0.32664 0.74251 -0.13947
2.9134 -6.6988 -1.6308 -0.2754 -1.4056 1.4261 1.4906 -0.64918 0.0891 0.37172 0.572 0.64085 -0.46871
3.1809 -7.4022 -2.6238 -0.17342 -1.1826 1.8526 1.402 -0.49673 0.087194 0.599 -0.13573 0.71937 0.065529
2.7738 -6.5115 -1.56 -0.023812 -1.4558 0.074629 1.2655 -0.15771 0.054242 0.54703 -0.50873 0.45407 0.20338
2.6604 -6.9485 -2.0756 0.14083 -1.115 0.013277 1.3432 -0.38553 -0.2382 -0.42673 -0.30378 0.20816 -0.4654
1.9173 -4.9862 -1.4579 0.54589 -1.4353 -0.38813 0.71442 -1.4074 -1.137 -0.84001 -0.20261 0.3108 0.41955
2.9654 -2.6195 -1.8079 -1.8785 -1.7064 -1.2194 0.30017 -1.5053 -1.4687 -0.61853 -0.60899 -0.0041855 -0.02438
3.4743 -3.5446 -1.7527 -1.8862 -2.0959 -0.82532 -0.13896 -0.82483 -1.2487 -1.2656 -0.79196 0.0019851 -0.41689
3.8245 -3.8608 -1.1189 -1.9256 -2.6017 -1.718 0.50618 -0.12803 -1.5752 -0.95864 -0.28977 0.68038 -0.29509
3.73 -3.9567 -1.1073 -2.3995 -3.2089 -1.9532 0.32774 -0.52481 -1.6747 -0.5098 0.17365 0.17174 -0.26325
3.8085 -3.8239 -0.2728 -2.5126 -2.8167 -1.908 0.69107 -1.0937 -1.2891 -0.060599 -0.22985 -0.31956 -1.0017
3.3453 -3.0299 0.028887 -2.3403 -2.7882 -1.8409 0.017736 -0.50468 -0.55933 0.063482 0.68697 -0.69847 -0.37708
1.5944 -2.5724 0.12192 -1.7212 -1.77 -2.0113 -0.94716 -0.98923 -0.96006 -0.59205 0.35296 -0.38545 -0.18068
0.032687 -2.2514 1.2758 -0.46557 -1.6618 -1.7333 -0.93743 -1.7345 -0.28573 -1.5548 -0.47916 -0.19522 0.39112
0.17052 -2.7277 1.078 -0.29652 -1.7592 -1.5594 -0.64967 -1.9079 -0.3192 -1.4586 -0.51128 -0.54968 0.12144
-0.12355 -2.3271 0.91511 -0.66249 -1.5151 -1.4352 -0.72693 -2.3506 0.11414 -0.90658 -0.27695 -0.42045 -0.015272
-0.2073 -2.909 0.99718 -0.023509 -1.0387 -1.0749 -0.45852 -1.8867 -0.49656 -1.5157 -0.47871 -0.34483 0.50079
-0.66321 -2.7582 0.85494 -0.60813 -1.2107 -1.1159 -0.51584 -2.2717 -0.090929 -0.71232 0.30093 0.56852 0.47711
-2.0849 -3.2485 0.32773 -0.6623 -1.2226 -1.0574 -0.13701 -0.75745 0.18456 0.088435 0.73875 0.10607 1.044
-3.8778 -3.0195 0.2128 -0.5713 -0.47173 -0.4257 0.3835 0.015989 -0.10214 0.072591 0.60733 0.02865 0.97328
-4.2822 -2.9801 0.63598 -0.066174 -0.018016 -0.34512 -0.22429 -0.6738 -0.52071 0.48224 1.6759 0.98662 0.0080816
-4.3717 -2.6389 0.95364 0.33695 -0.26634 -0.29659 -0.076403 -0.72856 -0.067111 0.083068 0.751 0.33921 0.18835
-3.5545 -2.9985 0.49679 -0.01671 -0.23855 -0.53376 -0.33325 -0.52688 0.1311 0.17254 0.22321 -0.15867 0.33496
-2.1291 -6.1529 2.3196 -1.6288 1.1241 -0.59421 0.56032 0.26215 0.48993 0.88066 0.58326 0.59403 0.69367
-1.092 -6.8885 2.0688 -1.8969 1.6603 -0.055285 1.0258 0.23042 -0.02067 -0.11021 -0.36959 -0.13671 0.47516
1.6253 -6.2559 -0.89186 -0.96758 0.69175 1.0309 1.0728 0.8769 0.21772 0.13756 0.28836 0.090821 -1.195
0.38577 -5.8006 0.4693 -0.47896 -0.098132 -0.0035762 0.88298 0.37767 0.0023425 0.57011 0.083233 0.061363 -0.38303
-0.34212 -3.3625 1.647 -0.13671 0.53487 0.32624 -0.41481 -0.054381 0.6474 0.39797 -0.38933 0.27079 0.092
