-2.9323 -2.3122 0.8538 -1.9916 -1.788 -0.91334 0.3838 0.88648 0.1699 -0.037624 1.2146 0.43327 1.4946
-4.0615 -0.77246 1.2834 -1.5044 -1.3385 -0.76506 1.2501 -0.026167 0.71793 -0.38123 0.87582 -0.12037 0.99383
-1.6706 0.058696 1.7695 -1.2866 -1.264 -1.4136 0.052374 -1.081 -0.085856 -0.89171 0.20501 -0.2676 0.8063
0.22703 0.58386 1.792 -2.1289 -2.325 -1.1041 0.34382 -1.3987 -0.68047 -1.0098 0.20818 0.010327 0.39072
0.59468 0.35619 1.9458 -2.3601 -1.6513 -0.63458 0.36918 -1.5721 -1.2398 -0.82865 1.0577 0.21499 0.33238
1.4773 0.58118 1.8258 -2.9098 -1.6436 -0.30891 -0.085984 -1.164 -0.82474 -0.79267 0.81583 0.70556 -0.067121
3.1882 -0.074311 0.77947 -3.9942 -1.5171 0.15074 -0.84717 -1.5536 -0.12271 -0.076878 0.83763 -0.013864 -0.8616
4.4803 -1.0009 -1.3791 -4.7123 -1.3966 -0.36027 -1.5294 -1.3926 0.1747 -0.50591 -0.022896 -0.68732 -1.2493
4.9878 -2.1844 -2.5645 -3.5969 -0.89269 -0.77119 -1.3542 -0.79979 0.53798 -1.1482 -0.98276 -0.1948 -0.53361
5.625 -3.0141 -2.8916 -2.755 -0.93526 -0.9894 -0.70376 -0.019365 0.032736 -1.5331 -0.66548 0.35183 -0.74837
6.0303 -3.492 -3.0243 -2.1229 -1.2652 -1.3332 0.099466 0.043319 -0.57309 -1.6806 -0.1612 0.26089 -1.0824
6.1955 -3.6306 -2.9475 -1.761 -1.7065 -1.3977 0.7842 -0.33551 -0.84001 -1.5446 -0.090774 0.050683 -0.95265
6.3012 -4.0385 -2.8748 -1.7807 -2.0584 -1.2916 0.8772 -0.65369 -1.017 -1.3725 -0.37972 -0.085884 -0.93312
6.312 -4.3646 -2.7692 -1.7666 -2.3497 -1.1277 0.85155 -0.70037 -1.2287 -1.1814 -0.66204 -0.089074 -0.79867
6.3238 -4.0861 -2.199 -1.2678 -2.0828 -0.66087 1.4989 -0.41704 -0.8079 -0.83648 -0.27674 0.28763 -0.39535
6.4087 -4.6536 -2.6461 -1.6658 -2.5121 -0.99071 1.1207 -0.6872 -1.1491 -1.0269 -0.82861 0.033384 -0.60519
6.3976 -4.3582 -2.2833 -1.3662 -2.2053 -0.75203 1.5688 -0.57867 -0.86303 -0.908 -0.60399 0.12126 -0.49177
6.2804 -4.4616 -2.4445 -1.5079 -2.1985 -0.81853 1.3357 -0.71624 -0.93315 -0.93301 -0.85961 0.16183 -0.60006
5.373 -3.1452 -2.4212 -1.363 -2.0144 -0.70843 1.5112 -0.76972 -1.0746 -0.69355 -0.93135 0.38326 -0.85761
3.9746 -1.6473 -2.0026 -1.4211 -1.8413 -0.54835 1.4361 -0.89897 -1.2832 -0.48124 -1.0695 0.25957 -0.9215
3.1797 -2.2525 -0.98456 -1.386 -2.3358 0.96115 1.4925 -0.59008 -1.1773 -0.16535 -1.4223 0.33676 -1.2902
2.9085 -4.5369 -1.5555 -0.61663 -0.93757 1.851 1.5809 -0.62262 -1.4335 0.05763 -0.60202 0.041696 -1.5775
3.2137 -6.995 -2.5801 -0.74464 -0.25487 1.6274 1.5325 0.21412 -0.85426 1.1418 -0.28281 0.145 -0.71577
3.204 -7.2617 -1.376 0.49117 0.0011781 2.0829 1.5519 -0.54946 -1.2706 0.35541 -0.51711 0.05644 -0.65452
3.9196 -7.0476 -1.4419 -0.033872 -1.119 1.8483 0.98359 -0.1826 -0.99561 0.94031 -0.30404 0.58218 -0.53535
3.3628 -7.4622 -1.1232 0.28911 -0.77457 1.8074 0.72016 -0.10489 -0.67795 0.61797 -0.36421 0.5903 -0.27239
3.4505 -7.3704 -1.4388 -0.50593 -1.1869 2.5638 1.5795 0.42565 -0.72139 0.16494 -0.87942 0.37209 -0.59993
2.979 -6.9783 -1.5097 -0.33888 -1.1069 1.3969 1.1791 -0.070657 -1.0787 0.28362 -0.60607 0.43692 -0.49066
2.8272 -7.0968 -0.86855 -0.55298 -1.2735 1.1395 1.0903 0.31234 -0.84235 0.12767 -0.25504 0.93114 -0.55657
3.165 -6.6834 -0.91965 -0.17133 -0.98348 1.7853 1.2491 -0.40004 -1.3723 0.57739 -0.18005 0.56568 -0.859
3.0446 -7.3493 -1.3172 0.37667 -1.1292 1.3384 1.7367 0.39656 -0.55221 1.0611 -0.88451 0.61417 -0.4262
2.2933 -6.4157 -0.6006 -0.64548 -0.9839 0.78738 1.5117 0.29974 -1.2664 0.69204 -0.80563 0.81753 -0.14589
2.3675 -2.7513 -0.10142 -1.2009 -2.6484 -0.16959 0.77036 -1.2449 -1.2456 -0.33638 -1.2756 0.075851 -0.8208
3.894 -3.0294 -1.168 -2.0055 -2.3742 -1.0974 0.53944 -1.1245 -0.69924 -0.76869 -1.086 -0.33574 -0.80177
5.1101 -4.4123 -0.88162 -1.5024 -3.0615 -1.1765 0.54305 -1.0212 -0.27192 -0.59374 -1.0335 -0.3489 -0.7636
5.6232 -5.1784 -0.5992 -1.2461 -3.3292 -1.2232 0.21301 -0.90316 -0.19941 -0.39053 -0.88296 -0.50878 -0.76872
5.5309 -5.0965 -0.05854 -1.0103 -3.3747 -1.3406 0.083839 -0.96637 -0.058066 -0.25099 -0.61608 -0.54075 -0.7014
5.0565 -5.0644 0.13625 -0.78875 -3.2061 -1.6412 -0.41267 -1.2038 -0.33773 -0.29666 -0.5482 -0.61766 -0.68776
3.9411 -4.0627 0.60175 0.066168 -2.8524 -1.7346 -0.46956 -1.1108 -0.5423 -0.19023 -0.0091983 -0.41966 -0.45391
1.5314 -2.604 1.0337 0.80377 -2.0401 -2.1807 -0.25613 -1.0382 -0.73672 -0.38073 0.42182 -0.19427 -0.25344
-1.1386 -1.8006 2.6029 0.21892 -1.28 -0.87453 0.18885 -1.0482 0.081869 -0.71174 -0.53666 -0.78919 -0.95002
-1.1593 -1.841 2.1823 0.20448 -1.6409 -0.93674 -0.27369 -1.2987 -0.027216 -0.26746 -0.13133 -0.98076 -0.38244
