0.97952 -3.0632 0.17245 -1.1325 -1.3072 -1.2786 -0.58715 -1.4544 0.0065715 -0.43798 -0.082965 -0.36843 0.058695
1.6253 -2.9571 0.37029 -1.4664 -1.6808 -1.7679 -0.24512 -1.1811 -0.11905 -0.45707 0.17581 -1.0178 0.35668
2.1775 -2.5883 0.20612 -2.0411 -1.7388 -1.6526 -0.12046 -1.3966 0.16429 -0.1822 0.25231 -1.4653 0.25073
2.7371 -2.731 -0.29915 -2.1884 -1.6255 -1.5236 -0.28275 -1.4979 -0.029198 -0.11288 0.79389 -1.262 -0.79662
3.0155 -2.7044 -0.80546 -2.6884 -1.7202 -1.6111 -0.53449 -1.5376 0.41667 -0.18534 0.1128 -1.4335 -0.49766
2.9035 -3.4106 -1.304 -2.9401 -1.4857 -1.1288 -1.0571 -0.98167 0.45475 -0.35832 -0.83045 -1.2813 -0.42693
3.1346 -2.8322 -1.253 -2.456 -1.6712 -1.0371 -1.1672 -0.013194 0.72035 -1.5219 -0.73778 -0.66128 0.0026818
3.8803 -3.2183 -1.8695 -2.5297 -1.8254 -1.3752 -1.3098 0.58542 0.20301 -1.7542 -0.65794 -0.68997 -0.68333
4.3541 -3.9197 -1.8562 -2.1972 -2.4346 -1.4535 -0.6974 0.86597 -0.47515 -1.4679 -0.60103 -0.71432 -0.83307
4.8021 -4.1463 -1.9277 -1.8387 -2.3415 -1.2335 -0.035437 1.0645 -0.45935 -1.1449 -0.27268 -0.92341 -0.52807
5.0795 -4.3051 -1.9957 -1.7865 -2.4098 -0.85677 0.15829 1.2107 -0.55824 -1.0974 -0.40502 -0.80441 -0.8442
5.3852 -5.01 -2.4816 -2.1913 -2.8721 -1.3292 -0.29181 0.76422 -1.0725 -1.4265 -0.46976 -0.73353 -0.78939
5.5649 -4.9643 -2.1468 -2.0914 -2.4335 -1.233 -0.16374 0.85647 -1.2336 -1.399 -0.56131 -0.77653 -0.92559
5.6807 -4.9331 -2.0552 -2.0582 -2.0854 -0.81963 0.00044461 0.99554 -1.2369 -1.0991 -0.38429 -0.62623 -0.57187
5.7312 -4.7473 -2.2156 -2.0696 -2.0144 -0.89548 0.25208 0.79979 -1.3462 -1.2355 -0.2587 -0.45432 -0.4869
5.7625 -4.6797 -2.3008 -2.011 -2.2801 -0.9168 -0.025835 0.53752 -1.4958 -1.3859 -0.34368 -0.34504 -0.44588
5.8193 -5.3617 -2.9811 -2.4492 -2.2177 -0.74496 -0.12712 0.23281 -1.745 -1.5703 -0.46978 -0.18894 -0.39896
5.9273 -5.2624 -3.1081 -2.3738 -1.945 -0.59479 -0.27637 0.45024 -1.6266 -1.4002 -0.088082 -0.10746 -0.18217
5.8478 -5.1636 -3.4491 -2.2541 -1.7331 -0.38961 -0.23983 0.065538 -1.6114 -1.5697 -0.26396 -0.0061457 -0.24474
5.3075 -4.8112 -3.5262 -2.418 -1.8319 -0.70531 -0.48617 -0.60745 -1.5473 -1.6577 0.13792 0.006858 -0.069422
4.1381 -3.5584 -2.8211 -1.6209 -0.74718 -0.30542 0.25364 -0.9535 -1.5443 -1.5662 -0.13173 0.061079 -0.014591
2.0646 -3.6753 -0.89542 -1.9887 -0.49603 -0.054341 0.03466 -1.2106 -2.2939 -1.8989 -0.32767 -0.15532 -0.27781
2.0204 -5.9752 -2.9429 -1.2092 -0.331 0.8385 0.15249 -0.43229 -0.89682 -0.28088 0.16989 -0.27345 -0.13978
2.7765 -6.891 -3.7121 -0.96575 0.15293 0.38722 0.68499 -0.12242 -0.88242 -0.089832 0.56961 0.17229 0.50649
1.8469 -6.9417 -2.9522 -0.93597 -0.43053 0.90273 0.83455 -0.19059 -0.56984 0.21405 0.56695 0.63297 0.3937
2.1181 -6.4531 -2.4307 -0.48863 -0.83085 0.76561 0.81308 0.037765 -0.96628 -0.050527 0.22343 -0.20389 0.35992
2.3219 -7.3371 -3.0329 -0.55081 -0.75438 1.0323 0.18372 0.26954 -0.26515 0.2223 0.4826 0.80326 0.4933
2.1307 -8.1136 -2.3358 0.051289 -0.26759 1.1093 0.27313 -0.28091 -0.60258 0.35173 0.98871 0.60246 0.062751
2.6033 -8.198 -2.8183 -0.038817 -0.99408 0.97005 0.36206 -0.41696 -0.2359 0.066641 1.1738 0.76455 -0.14625
1.9424 -7.8111 -3.5223 -0.33536 -0.54518 0.79816 0.78723 0.12897 -0.73255 -0.199 0.46045 0.83137 0.20917
1.2526 -7.0005 -3.2697 -1.1276 -0.07853 1.3777 1.6424 0.32467 -0.019205 0.1712 0.57304 0.62309 -0.33125
1.3232 -6.6872 -2.5854 -1.1791 -0.17165 0.99671 1.0035 -0.49028 -0.92691 -0.14699 0.82399 0.6648 -0.16972
0.64964 -2.8517 -0.43878 -1.1491 -0.66444 -0.43006 -0.035727 -1.1185 -0.88705 -1.1566 -0.55526 -0.080793 -0.29586
2.8911 -2.9971 -1.3507 -2.0249 -1.5577 -1.0083 0.59842 -0.9813 -0.90102 -1.7779 -0.27744 -0.22461 0.43858
3.4987 -3.6883 -1.955 -2.0722 -1.6055 -1.4767 0.00079787 -0.30229 -0.9198 -1.6834 -0.17068 -0.40658 0.27492
3.5421 -4.0944 -1.8941 -2.0532 -1.7955 -1.4929 -0.35721 -0.14847 -0.88205 -1.8251 -0.3407 -0.20906 -0.30866
3.3832 -4.2916 -1.7718 -2.015 -2.0803 -1.7311 -0.44917 -0.40697 -1.0412 -1.5749 -0.37222 -0.9659 -0.37847
3.3087 -4.4876 -1.537 -1.9104 -2.129 -1.9412 -0.76275 0.032479 -0.62817 -1.4238 -0.27474 -0.60432 -0.20022
3.2786 -3.876 -0.96866 -1.9872 -1.8974 -1.9812 -0.77424 0.070228 -0.39623 -1.249 0.12867 -0.9268 -0.43208
3.2953 -3.7259 -0.93503 -2.2141 -1.8031 -2.8212 -1.0267 0.073602 -0.56257 -0.95803 0.0756 -0.81362 -0.34404
2.8699 -3.7378 0.18909 -1.454 -2.4399 -3.0397 -0.86172 -0.31275 -0.58307 -0.65228 0.45583 -1.2211 0.11477
0.97606 -2.8624 0.65632 -0.96318 -1.4367 -1.3182 -0.99129 -1.7246 0.53502 -0.75011 -0.75888 -0.22849 0.10029
