0.84765 0.09219 1.239 -1.2114 -1.3526 -0.73126 0.74468 -1.2454 -0.034696 -0.81558 0.35363 -0.25327 0.19745
1.8007 0.046643 1.181 -1.6018 -1.3205 -0.85005 0.61742 -1.0473 -0.91801 -0.65507 0.86149 0.17044 0.29992
2.0335 0.15511 1.1069 -1.3086 -1.6935 -0.72137 0.60722 -1.7011 -0.0044757 -0.7371 0.55687 0.36883 0.14974
2.0694 0.32648 0.61209 -1.3197 -1.5295 -0.79299 0.455 -1.6247 0.14226 -0.33092 0.53307 -0.038186 -0.29505
2.5217 0.27874 -0.097909 -1.4078 -1.3911 -0.35661 0.13269 -1.5857 0.041917 0.23778 0.55869 -0.48891 -0.83261
2.9689 -0.19414 -0.43602 -1.3789 -1.711 -0.36711 0.07563 -1.1383 0.40853 0.21916 0.29446 -1.3307 -0.56662
3.3855 -0.22232 -0.84766 -1.5611 -1.6082 -0.43236 -0.12231 -0.64569 0.8629 -0.11291 -0.27925 -1.448 -0.31846
3.6035 -0.56942 -1.1485 -1.4592 -1.6362 -0.074475 -0.38389 -0.31581 1.0751 -0.49316 -0.39707 -1.4321 -0.089042
3.8854 -1.2 -1.3087 -1.2754 -1.7125 -0.13247 -0.40144 -0.059609 0.89674 -0.39547 -0.78253 -1.5877 0.26463
4.0642 -1.396 -1.5745 -1.4634 -1.4982 -0.28968 -0.32149 -0.10506 0.70512 -0.29359 -1.1323 -1.3701 0.22953
4.1475 -1.0485 -1.895 -1.2626 -1.6808 -0.12033 -0.45592 -0.028516 0.93716 -0.59884 -1.0965 -1.4039 0.41204
4.2643 -1.2142 -2.029 -1.4349 -1.6121 -0.085911 -0.52917 0.092745 0.93715 -0.43864 -1.2771 -1.1876 0.36995
4.1209 -0.92939 -2.5788 -1.326 -1.3722 -0.29283 -0.24647 -0.14954 0.84712 -0.55115 -1.0869 -1.1909 0.41134
4.1177 -1.4517 -2.502 -1.1176 -1.4419 -0.21276 -0.27348 0.0033942 0.51633 -0.20765 -1.2654 -1.1797 0.43929
3.8572 -2.0362 -2.2501 -1.0217 -1.1787 -0.30713 -0.32352 0.53573 0.052962 0.20121 -1.4696 -0.58431 0.29332
2.1985 -1.8476 -1.2004 -1.3099 -0.69213 0.051462 0.50142 0.017058 0.24327 0.35375 -0.98704 -0.63977 0.12343
1.4157 -1.5512 -0.37612 -1.3633 -0.34455 -0.44729 0.27065 0.40578 0.41782 -0.22298 -0.77851 -0.32116 0.20912
1.2839 -2.9807 -0.48307 0.027795 -0.14307 -0.34101 0.61787 0.98309 0.1636 -0.69083 -1.1081 -0.18931 0.31871
1.9015 -2.7663 -0.79562 -0.021885 -0.29546 0.033346 1.5019 0.7309 -0.29125 -0.71501 -1.072 0.0046585 0.97363
0.69123 -2.8817 -0.17557 -0.16787 -0.34227 0.03525 1.1462 0.7303 -0.33205 -0.9618 -0.67764 -0.48977 0.26849
1.2858 -2.1697 0.33195 -0.32779 -0.39012 -0.55947 0.67521 0.78167 -0.50769 -0.9243 -0.61538 0.015907 0.0049342
1.8002 -1.3963 0.22288 -1.6013 -0.28821 -1.0566 0.26436 0.94223 -0.32201 -0.1539 -0.99042 -0.0037137 -0.089035
3.0764 -1.5323 -0.33013 -1.551 -0.68967 -0.87115 -0.3192 0.91903 0.1786 0.31021 -1.2581 0.15194 -0.15702
3.0487 -1.2418 -0.5952 -1.0123 -1.0605 -1.0398 -0.91001 0.25951 0.41225 0.1135 -0.76908 0.052163 -0.23844
2.8517 -0.8248 -0.06404 -0.98106 -1.432 -1.5839 -1.1557 -0.26487 0.37297 -0.22521 -0.64911 -0.030201 -0.16689
2.1052 -0.74613 0.55528 -0.48049 -0.99287 -1.4475 -1.3799 -0.93602 0.86117 -0.78517 -0.42109 0.34351 0.21117
0.39771 -1.0096 1.2541 0.14226 -0.21657 -1.3835 -0.71867 -1.2308 0.61594 -0.43448 -0.46359 0.041799 0.16578
-0.8796 -2.1501 1.3382 0.53834 -0.15789 -0.0016855 -0.10072 -1.1482 0.92137 -0.24243 -0.64894 -0.45697 -0.8233
-0.97849 -2.3012 1.1384 0.42288 -0.13748 -0.29926 -0.34958 -0.886 0.77747 -0.1662 -0.52921 -0.29586 -0.50752
