0.70213 0.18981
0.70406 0.1875
0.70213 0.1875
0.70213 0.18981
0.70019 0.18981
0.69632 0.1875
0.68859 0.18056
0.67311 0.1713
0.65571 0.16435
0.6383 0.16204
0.62089 0.15741
0.60348 0.15509
0.58607 0.15509
0.5706 0.15741
0.55319 0.16204
0.53772 0.17361
0.52418 0.18287
0.5087 0.19676
0.49516 0.20833
0.48162 0.21759
0.46228 0.22685
0.44487 0.24074
0.42747 0.25463
0.41393 0.27315
0.39845 0.29167
0.38878 0.31019
0.38104 0.3287
0.37524 0.34722
0.37331 0.36574
0.37911 0.38426
0.38685 0.40741
0.39458 0.43519
0.40232 0.46065
0.41199 0.48843
0.4236 0.51389
0.43907 0.53935
0.45261 0.56481
0.46615 0.58102
0.47776 0.59954
0.48549 0.61111
0.49323 0.62731
0.49903 0.6412
0.51257 0.65509
0.52031 0.66435
0.53578 0.67593
