2 -12 0 2 22 32
2 -12 0 2 22 13
2 -11 -1 2 22 10
2 -12 -1 2 23 6
2 -11 0 2 22 3
2 -11 0 2 22 6
2 -11 0 2 22 3
2 -11 0 2 22 3
2 -11 -1 2 22 3
2 -11 0 2 22 3
2 -11 0 2 22 640
2 -12 -1 2 23 496
2 -12 -1 2 22 1370
2 -12 -1 2 22 1827
2 -11 -1 2 22 2160
2 -12 -1 2 22 2288
2 -12 -1 2 22 2397
2 -11 -1 2 22 2403
2 -12 -1 2 22 2403
2047 761 -99 605 48 2464
2047 1039 -74 603 -63 2400
2047 1012 -60 602 -71 2400
2047 932 -53 602 -72 2394
2047 838 -49 601 -75 2400
2047 777 -47 602 -75 2400
2047 719 -45 602 -75 2400
2047 685 -44 602 -74 2397
2047 648 -43 602 -75 2403
2047 625 -42 602 -75 2403
2047 605 -42 602 -74 2400
2047 585 -41 602 -75 2400
2047 571 -40 602 -74 2400
2047 559 -40 602 -74 2403
3 -11 -1 3 24 429
2 -11 0 3 23 115
2 -11 -1 3 23 58
2 -11 0 3 23 38
2 -11 0 3 23 26
2 -11 -1 2 23 19
2 -11 0 2 23 16
2 -11 -1 2 23 13
2 -11 -1 2 23 10
2 -12 -1 3 23 598
2 -12 -1 3 23 787
2 -12 -1 3 23 1075
2 -12 0 3 23 1213
2 -12 0 3 23 1379
2 -12 -1 3 23 1382
1022 641 -58 552 54 1392
1158 785 -99 556 6 1389
1256 928 -107 548 -69 1392
1260 950 -108 550 -68 1389
1265 961 -109 550 -68 1389
1273 972 -111 550 -68 1389
1279 977 -111 550 -67 1389
1286 982 -112 550 -71 1392
1289 981 -112 549 -72 1392
1293 981 -113 550 -70 1392
1297 979 -113 550 -69 1389
1302 979 -113 550 -70 1392
1306 975 -114 550 -70 1395
1311 975 -114 550 -70 1395
1314 973 -115 550 -70 1392
1317 970 -115 549 -73 1392
1321 970 -115 550 -71 1395
1324 968 -115 550 -71 1392
1327 967 -116 550 -72 1392
1330 968 -116 550 -73 1389
1335 968 -116 550 -72 1389
1338 968 -116 550 -72 1382
1338 964 -116 550 -73 1389
1339 961 -116 551 -72 1395
1341 961 -117 550 -73 1389
1344 960 -116 551 -71 1392
1344 957 -117 550 -70 1389
1344 955 -117 550 -71 1389
1348 959 -117 550 -70 1389
1350 958 -117 550 -70 1386
1353 960 -117 550 -70 1386
1355 960 -117 550 -72 1389
1356 960 -118 550 -71 1386
1357 960 -118 550 -72 1389
1358 960 -118 549 -72 1386
1355 953 -118 550 -73 1392
1357 955 -118 550 -73 1392
1358 956 -118 550 -72 1389
1358 957 -118 550 -71 1389
1357 956 -118 550 -71 1392
1357 957 -118 550 -72 1389
1357 958 -118 550 -72 1389
1357 959 -118 550 -73 1392
1358 961 -118 550 -72 1389
1358 964 -118 551 -71 1389
1357 964 -119 551 -71 1386
1358 968 -119 550 -72 1386
1353 968 -119 550 -72 1386
1342 978 -119 550 -72 1386
1309 992 -118 549 -72 1389
1245 1014 -116 550 -71 1389
1196 1019 -114 550 -72 1392
1162 1010 -113 550 -71 1392
1151 1005 -113 550 -71 1395
1146 1000 -113 550 -71 1395
1144 997 -113 550 -71 1395
1144 995 -113 549 -74 1395
1144 994 -113 550 -72 1395
1145 994 -113 550 -72 1392
1146 993 -114 550 -72 1389
1145 991 -114 549 -73 1389
1145 989 -114 549 -74 1389
1145 987 -114 550 -71 1389
1145 986 -114 550 -71 1389
1145 984 -114 550 -71 1389
1146 982 -114 551 -71 1389
1145 980 -114 550 -72 1389
1145 979 -114 550 -74 1389
1146 978 -114 551 -71 1389
21 5 -2 5 21 1354
2 -11 0 2 22 426
2 -11 -1 2 21 400
2 -11 -1 3 22 390
2 -11 -1 2 21 390
2 -11 -1 2 21 390
2 -12 -1 2 21 390
2 -11 -1 2 21 390
2 -11 0 2 22 390
