1 -11 -1 -6 -18 74
1 -11 -1 -6 -18 26
1 -11 -1 -6 -18 13
1 -11 -1 -6 -18 6
1 -11 -1 -6 -18 6
1 -11 -1 -6 -18 3
1 -11 0 -6 -18 3
1 -11 0 -6 -18 3
1 -11 -1 -6 -18 3
1 -11 -1 -6 -18 3
1 -11 -1 -6 -18 662
1 -12 -1 -6 -18 502
1 -11 0 -6 -18 1373
1 -12 -1 -6 -17 1866
1 -12 -1 -6 -18 2144
1 -11 0 -6 -18 2230
1 -11 -1 -6 -18 2266
1 -12 0 -6 -18 2278
1 -11 -1 -6 -18 2333
1 -12 -1 -6 -18 2355
0 -12 -1 -6 -18 2400
1 -12 -1 -6 -18 2400
0 -11 -1 -6 -17 2400
2047 960 -52 607 29 2474
2047 1075 -57 601 -46 2419
2047 920 -56 601 -45 2403
2047 807 -53 602 -45 2403
2047 721 -51 602 -44 2403
2047 643 -48 602 -45 2400
2047 596 -47 602 -45 2400
2047 553 -45 602 -45 2397
2047 527 -44 603 -45 2397
2047 505 -43 603 -45 2397
2047 483 -42 603 -45 2394
2047 468 -42 603 -45 2394
2047 452 -41 603 -45 2390
35 -4 -1 -3 -17 2326
1 -11 -1 -6 -18 259
1 -11 0 -6 -18 83
1 -11 -1 -6 -18 51
1 -11 0 -6 -18 32
1 -11 -1 -6 -18 22
1 -11 0 -6 -18 16
1 -11 -1 -6 -18 13
1 -11 -1 -6 -17 10
1 -11 -1 -6 -18 10
1 -11 -1 -6 -18 614
0 -12 -1 -7 -20 797
1 -11 -1 -6 -18 1190
1 -11 -1 -5 -16 1242
1 -11 -1 -5 -16 1379
1 -11 0 -5 -16 1398
1 -11 0 -5 -16 1392
1088 734 -44 558 104 1382
1232 924 -74 547 -42 1395
1234 966 -83 549 -40 1392
1263 1025 -91 549 -42 1392
1268 1038 -92 550 -41 1389
1276 1049 -94 549 -44 1389
1281 1057 -94 550 -42 1389
1287 1061 -95 550 -42 1389
1290 1060 -95 550 -43 1389
1294 1058 -95 550 -42 1386
1297 1053 -96 550 -43 1389
1299 1049 -96 550 -42 1389
1302 1044 -96 550 -43 1389
1302 1038 -96 550 -43 1392
1304 1036 -96 550 -43 1392
1307 1033 -96 550 -44 1392
1309 1031 -96 550 -43 1392
1312 1029 -97 551 -43 1392
1314 1028 -97 551 -42 1392
1316 1027 -97 550 -43 1392
1318 1025 -98 551 -43 1392
1320 1024 -98 551 -43 1392
1322 1024 -98 551 -43 1389
1324 1024 -98 551 -43 1392
1326 1023 -98 551 -43 1392
1328 1023 -98 551 -42 1392
1330 1022 -98 551 -42 1392
1332 1022 -99 552 -42 1389
1333 1022 -99 552 -42 1392
1335 1022 -99 552 -42 1389
1337 1021 -99 552 -43 1389
1337 1020 -99 551 -43 1392
1339 1020 -99 552 -42 1389
1340 1020 -99 552 -42 1392
1339 1017 -99 550 -43 1389
1340 1017 -99 550 -43 1389
1340 1016 -99 550 -42 1392
1341 1016 -99 551 -42 1392
1342 1016 -99 551 -42 1392
1344 1017 -99 550 -44 1392
1340 1010 -99 550 -44 1398
1340 1010 -99 550 -44 1398
1345 1016 -99 550 -44 1395
1348 1017 -99 550 -44 1389
1348 1018 -99 550 -44 1389
1350 1018 -100 550 -44 1389
1350 1019 -100 550 -44 1389
1351 1020 -100 550 -44 1389
1352 1020 -100 550 -44 1389
1351 1020 -100 550 -44 1389
1352 1021 -100 550 -44 1389
1351 1021 -100 550 -44 1389
1351 1022 -100 550 -44 1389
1352 1022 -100 550 -44 1389
1351 1023 -100 550 -44 1389
1351 1023 -100 550 -44 1389
1347 1023 -100 550 -44 1389
1339 1025 -100 550 -44 1392
1316 1025 -98 550 -42 1392
1299 1037 -97 550 -44 1395
1270 1037 -96 550 -44 1398
1256 1042 -95 550 -44 1395
1241 1047 -94 550 -44 1392
1230 1050 -93 551 -43 1395
1212 1046 -92 551 -43 1395
1186 1032 -90 550 -43 1395
1178 1030 -89 550 -44 1395
1173 1028 -89 550 -44 1398
1172 1025 -88 550 -44 1398
1172 1024 -89 550 -44 1398
1173 1024 -89 550 -44 1392
1174 1023 -89 550 -44 1392
1174 1021 -89 550 -44 1392
1173 1020 -90 550 -44 1392
1173 1019 -90 550 -44 1392
1173 1018 -90 550 -44 1392
1174 1017 -90 550 -44 1392
1174 1017 -91 550 -44 1392
1175 1017 -91 550 -44 1392
1175 1017 -91 550 -43 1392
1175 1016 -91 550 -43 1389
1175 1016 -91 550 -44 1392
1175 1016 -91 550 -43 1392
1176 1016 -91 550 -44 1392
1175 1016 -92 550 -44 1392
4 -9 0 -4 -17 947
1 -11 -1 -5 -17 432
1 -11 -1 -6 -17 397
1 -11 0 -6 -17 394
1 -11 0 -6 -17 394
1 -11 -1 -6 -17 394
1 -11 -1 -6 -17 394
1 -11 -1 -6 -17 394
1 -11 -1 -6 -17 394
