1 -11 0 -6 -18 32
1 -11 0 -6 -18 13
1 -11 -1 -6 -17 6
1 -11 0 -6 -18 6
1 -11 0 -6 -18 3
1 -11 -1 -6 -18 3
1 -11 -1 -6 -18 3
1 -11 0 -6 -18 3
1 -11 -1 -6 -18 3
0 -11 -1 -6 -18 3
0 -11 0 -6 -18 669
1 -12 0 -6 -18 493
0 -12 0 -6 -18 1389
1 -11 0 -6 -18 1850
0 -11 0 -6 -18 2118
0 -11 0 -6 -18 2208
0 -12 0 -6 -18 2246
0 -12 -1 -6 -18 2262
1 -12 0 -6 -18 2310
1 -11 -1 -6 -18 2333
0 -11 0 -6 -18 2378
0 -12 -1 -6 -18 2403
0 -12 -1 -6 -18 2406
2047 996 -52 602 -32 2448
2047 1058 -56 602 -46 2416
2047 901 -56 602 -46 2403
2047 796 -53 603 -46 2403
2047 711 -51 603 -46 2403
2047 635 -48 603 -46 2403
2047 589 -47 603 -46 2403
2047 547 -45 604 -45 2400
2047 520 -44 602 -46 2400
2047 499 -43 602 -45 2400
2047 477 -42 602 -46 2400
2047 463 -41 603 -45 2400
2047 448 -40 603 -45 2397
34 -4 -1 -3 -18 2317
1 -11 0 -6 -18 253
1 -11 -1 -6 -18 83
1 -11 -1 -6 -18 51
1 -11 -1 -6 -18 29
0 -11 -1 -6 -18 22
0 -11 0 -6 -18 16
0 -11 -1 -6 -18 13
0 -11 0 -6 -18 10
0 -11 -1 -6 -18 10
0 -11 0 -6 -18 614
0 -11 0 -6 -18 816
0 -11 -1 -6 -18 1232
0 -12 -1 -7 -20 1357
0 -12 -1 -6 -19 1379
0 -12 0 -5 -16 1386
0 -12 -1 -5 -17 1386
1081 727 -44 559 105 1386
1238 934 -74 548 -40 1389
1235 969 -80 548 -42 1389
1266 1033 -92 549 -46 1392
1270 1044 -93 550 -44 1389
1274 1053 -94 551 -43 1392
1279 1059 -95 551 -41 1392
1285 1064 -95 552 -41 1392
1289 1063 -95 551 -43 1389
1294 1062 -95 552 -42 1389
1297 1057 -96 551 -43 1389
1300 1053 -96 551 -44 1389
1302 1048 -96 551 -43 1389
1305 1046 -96 551 -43 1389
1308 1044 -96 551 -43 1389
1311 1041 -97 551 -44 1389
1312 1039 -97 551 -44 1389
1315 1037 -97 552 -43 1389
1315 1033 -97 551 -43 1389
1315 1030 -97 551 -43 1392
1317 1028 -97 551 -42 1392
1318 1026 -97 551 -42 1395
1320 1025 -97 551 -42 1395
1321 1024 -97 551 -42 1395
1323 1024 -98 551 -42 1395
1325 1024 -98 552 -42 1392
1325 1021 -97 550 -42 1392
1326 1020 -98 550 -42 1392
1328 1020 -98 550 -42 1392
1329 1020 -98 551 -42 1392
1330 1019 -98 551 -42 1392
1332 1019 -98 551 -42 1395
1333 1019 -98 551 -42 1392
1337 1021 -98 550 -43 1395
1339 1022 -99 550 -43 1392
1340 1021 -99 550 -44 1392
1341 1021 -99 550 -44 1392
1342 1022 -99 550 -44 1392
1342 1020 -99 550 -44 1392
1342 1019 -99 550 -43 1392
1344 1020 -99 550 -44 1392
1344 1020 -99 550 -44 1395
1344 1019 -99 550 -44 1392
1344 1019 -99 550 -44 1392
1345 1019 -99 550 -43 1392
1346 1019 -99 551 -44 1392
1346 1019 -99 551 -43 1395
1347 1020 -99 551 -43 1395
1346 1020 -99 551 -43 1395
1347 1020 -99 551 -44 1395
1349 1024 -99 551 -44 1389
1350 1026 -100 551 -43 1389
1350 1026 -100 551 -43 1389
1350 1027 -100 551 -43 1389
1350 1028 -100 551 -43 1389
1349 1028 -100 551 -44 1389
1344 1028 -100 551 -44 1389
1330 1029 -100 550 -43 1389
1303 1028 -97 550 -42 1392
1284 1039 -97 550 -44 1395
1261 1042 -95 550 -43 1398
1248 1047 -94 550 -44 1398
1234 1053 -93 550 -44 1392
1220 1056 -93 550 -44 1395
1201 1048 -91 550 -44 1395
1178 1035 -89 551 -43 1395
1173 1034 -89 551 -43 1395
1169 1030 -89 550 -43 1395
1168 1027 -89 550 -44 1395
1168 1025 -89 550 -44 1395
1168 1023 -89 550 -44 1395
1168 1022 -90 550 -44 1395
1168 1020 -90 550 -44 1395
1171 1022 -90 551 -43 1392
1173 1023 -90 551 -44 1389
1173 1023 -91 550 -44 1389
1173 1021 -91 550 -44 1389
1173 1020 -91 551 -44 1389
1170 1017 -91 550 -44 1392
1168 1014 -91 550 -44 1395
1168 1014 -91 550 -44 1395
1168 1013 -91 551 -44 1395
1169 1014 -91 551 -44 1395
1168 1013 -91 551 -44 1395
1168 1013 -91 551 -44 1395
3 -9 0 -4 -18 960
1 -11 -1 -5 -18 419
1 -11 0 -6 -18 397
1 -11 -1 -5 -18 394
1 -11 0 -6 -18 394
1 -11 0 -6 -18 394
0 -11 0 -6 -18 394
1 -12 0 -6 -18 394
1 -11 0 -6 -18 394
