1 -11 0 -6 -17 42
1 -11 -1 -5 -17 13
1 -11 -1 -6 -17 6
1 -11 -1 -6 -17 6
1 -11 0 -6 -17 3
1 -11 0 -6 -17 3
1 -11 0 -6 -17 3
1 -11 0 -6 -17 3
1 -11 0 -6 -17 3
1 -11 0 -6 -17 3
1 -12 0 -6 -17 678
1 -11 -1 -6 -17 502
1 -11 -1 -6 -17 1507
1 -11 0 -6 -17 1853
1 -11 -1 -6 -17 2214
1 -11 -1 -6 -17 2230
1 -11 -1 -6 -17 2266
1 -11 -1 -6 -17 2304
1 -11 -2 -6 -17 2330
1 -11 -1 -6 -17 2368
1 -11 -1 -6 -17 2397
1 -11 -1 -6 -17 2403
389 91 -16 561 844 2400
2047 923 -48 605 16 2454
2047 989 -48 600 -44 2416
2047 874 -50 602 -44 2400
2047 774 -47 602 -45 2390
2047 673 -44 602 -45 2410
2047 620 -43 602 -44 2400
2047 571 -41 602 -45 2387
2047 538 -39 602 -45 2400
2047 511 -38 602 -45 2406
2047 490 -37 603 -44 2390
2047 472 -36 602 -45 2394
2047 451 -35 603 -45 2406
2047 440 -34 603 -45 2400
6 -10 -1 -4 -16 1792
1 -11 -1 -5 -16 186
1 -11 -1 -5 -16 83
1 -11 0 -5 -16 45
1 -11 -1 -5 -16 29
1 -11 -1 -5 -16 19
1 -11 0 -5 -16 16
1 -11 -1 -5 -16 13
1 -11 -1 -5 -16 10
1 -11 -1 -5 -16 10
1 -11 0 -5 -16 614
1 -11 -1 -5 -16 1027
1 -11 -1 -6 -16 1184
1 -11 -1 -6 -17 1338
1 -11 -1 -5 -16 1350
1 -11 0 -5 -15 1373
1 -11 -1 -5 -15 1386
561 406 50 485 325 1386
1136 777 -56 554 48 1386
1242 923 -75 546 -45 1389
1233 941 -80 547 -44 1389
1269 1009 -90 549 -43 1392
1275 1022 -91 550 -41 1389
1280 1032 -93 550 -41 1392
1286 1040 -93 550 -43 1392
1291 1044 -93 551 -42 1389
1294 1043 -94 551 -42 1389
1296 1042 -94 551 -43 1389
1299 1038 -94 551 -43 1389
1300 1033 -94 551 -43 1392
1302 1030 -94 551 -43 1392
1305 1028 -94 551 -43 1395
1308 1026 -95 551 -43 1392
1310 1024 -95 551 -43 1392
1312 1022 -95 551 -43 1392
1313 1020 -95 550 -43 1392
1315 1018 -95 550 -44 1389
1317 1018 -96 551 -43 1389
1317 1014 -96 550 -43 1389
1319 1013 -96 550 -43 1392
1322 1015 -96 551 -43 1389
1326 1016 -96 551 -42 1392
1327 1014 -97 551 -42 1392
1328 1014 -97 551 -42 1392
1330 1013 -97 551 -42 1392
1333 1015 -97 551 -43 1392
1335 1016 -97 551 -43 1392
1337 1015 -97 551 -43 1389
1338 1015 -98 551 -42 1389
1340 1014 -98 551 -43 1389
1338 1012 -98 550 -43 1389
1340 1012 -98 550 -43 1392
1341 1012 -98 550 -42 1389
1341 1011 -98 550 -43 1392
1341 1010 -98 550 -43 1392
1344 1011 -98 550 -43 1392
1344 1011 -98 550 -42 1392
1345 1011 -98 550 -42 1392
1346 1011 -98 550 -42 1392
1347 1011 -98 550 -43 1392
1347 1011 -98 551 -43 1392
1348 1010 -99 550 -43 1392
1348 1010 -98 551 -42 1392
1348 1011 -98 551 -42 1392
1348 1010 -99 551 -42 1395
1348 1010 -98 551 -42 1395
1348 1010 -98 551 -43 1398
1347 1009 -98 551 -42 1398
1347 1010 -98 551 -43 1395
1346 1010 -98 551 -43 1395
1347 1012 -99 551 -43 1395
1348 1013 -99 551 -42 1392
1348 1014 -99 551 -43 1395
1346 1016 -99 550 -43 1392
1340 1019 -99 550 -43 1392
1324 1024 -98 550 -44 1392
1289 1033 -95 550 -42 1389
1265 1039 -94 550 -44 1392
1244 1044 -93 550 -43 1392
1226 1043 -92 550 -43 1395
1194 1026 -90 550 -44 1395
1182 1022 -89 550 -43 1398
1175 1020 -88 550 -43 1398
1172 1018 -88 550 -43 1395
1171 1015 -88 550 -44 1398
1174 1017 -88 550 -44 1392
1176 1017 -89 550 -44 1389
1176 1016 -89 550 -44 1389
1176 1014 -89 550 -43 1389
1176 1012 -89 550 -44 1389
1174 1009 -89 550 -44 1389
1174 1008 -89 550 -44 1392
1174 1008 -89 550 -43 1392
1174 1007 -89 550 -44 1392
1174 1007 -89 550 -43 1392
1174 1007 -90 550 -44 1392
1174 1007 -90 550 -43 1392
1174 1006 -90 550 -44 1392
1174 1006 -90 550 -43 1392
1175 1007 -90 550 -44 1392
20 6 -1 -3 -17 1363
1 -11 -1 -5 -17 432
1 -11 -1 -5 -17 400
1 -11 0 -5 -17 394
1 -11 0 -6 -17 394
1 -11 -1 -6 -17 394
1 -11 0 -5 -17 394
1 -11 0 -6 -17 394
1 -11 -1 -5 -17 394
