1 -11 0 -6 -17 32
1 -11 -1 -6 -16 13
1 -11 -1 -6 -16 6
1 -11 -1 -6 -17 6
1 -11 0 -6 -17 3
1 -11 -1 -5 -17 3
1 -11 0 -6 -17 3
1 -11 -1 -6 -17 3
1 -11 -1 -6 -17 3
1 -11 0 -6 -17 3
1 -11 -1 -6 -17 678
0 -11 0 -6 -17 499
0 -11 -1 -6 -17 1536
1 -11 -1 -6 -17 1850
0 -11 0 -6 -17 2170
0 -11 -1 -6 -17 2240
0 -11 0 -6 -17 2262
0 -11 0 -6 -17 2291
1 -11 -1 -6 -17 2323
1 -11 -1 -6 -17 2349
0 -11 -1 -6 -17 2368
1 -11 -1 -6 -17 2400
0 -11 -1 -6 -17 2400
2047 720 -77 600 99 2438
2047 954 -46 604 -14 2461
2047 954 -50 601 -45 2403
2047 838 -50 602 -45 2403
2047 722 -47 602 -45 2403
2047 655 -45 603 -45 2400
2047 595 -43 603 -46 2397
2047 559 -42 603 -46 2400
2047 530 -40 603 -45 2397
2047 502 -39 603 -45 2397
2047 483 -38 603 -45 2397
2047 463 -37 603 -45 2400
2047 450 -36 603 -45 2400
2047 439 -35 604 -45 2397
2 -11 0 -4 -16 899
1 -11 0 -5 -16 144
1 -11 0 -5 -16 64
1 -11 0 -5 -16 38
1 -11 -1 -5 -16 29
1 -11 0 -5 -16 19
1 -11 -1 -5 -16 16
0 -11 -1 -5 -16 10
0 -11 -1 -5 -16 10
0 -11 -1 -6 -16 410
0 -11 -1 -5 -16 781
0 -11 -2 -6 -19 1014
0 -11 -1 -6 -17 1155
0 -11 0 -5 -15 1328
0 -11 0 -5 -15 1341
0 -11 -1 -5 -15 1370
0 -11 -1 -5 -15 1386
1 -11 0 -5 -15 1386
1010 681 -20 551 73 1389
1168 825 -66 554 34 1389
1226 924 -78 546 -42 1392
1221 938 -81 548 -42 1389
1268 1013 -90 552 -38 1392
1275 1024 -92 549 -45 1392
1280 1033 -92 549 -43 1392
1286 1041 -93 549 -44 1389
1291 1045 -93 549 -44 1392
1296 1045 -94 550 -44 1389
1297 1041 -94 550 -44 1392
1301 1040 -94 550 -44 1389
1304 1037 -94 550 -44 1389
1307 1035 -95 550 -44 1389
1309 1031 -95 550 -43 1389
1310 1028 -95 550 -44 1392
1313 1027 -95 550 -43 1392
1315 1025 -95 550 -43 1392
1318 1025 -96 551 -43 1392
1320 1022 -95 551 -43 1392
1322 1022 -96 551 -43 1392
1324 1021 -96 551 -43 1392
1326 1020 -96 551 -43 1392
1328 1020 -96 552 -43 1392
1326 1016 -96 551 -42 1389
1328 1015 -96 550 -43 1392
1329 1015 -96 550 -43 1389
1331 1015 -96 551 -43 1389
1332 1013 -96 550 -43 1389
1333 1012 -96 550 -43 1392
1334 1012 -97 551 -43 1389
1334 1010 -97 550 -43 1392
1336 1010 -97 551 -43 1392
1337 1010 -97 551 -43 1389
1338 1009 -97 551 -43 1392
1340 1010 -97 551 -43 1392
1341 1011 -97 551 -43 1389
1342 1010 -97 551 -43 1389
1344 1011 -97 551 -42 1389
1345 1012 -98 551 -43 1389
1346 1012 -98 551 -43 1389
1347 1012 -98 551 -43 1389
1349 1013 -98 551 -44 1389
1348 1012 -98 550 -45 1389
1349 1012 -98 551 -43 1389
1349 1011 -98 551 -43 1392
1349 1012 -98 551 -43 1389
1350 1012 -98 551 -43 1392
1348 1010 -98 550 -43 1392
1348 1011 -98 550 -43 1392
1346 1009 -98 550 -43 1392
1346 1010 -98 550 -43 1392
1345 1009 -98 550 -44 1395
1346 1010 -98 550 -44 1395
1346 1011 -98 550 -44 1395
1347 1013 -98 550 -44 1392
1346 1014 -99 550 -44 1392
1342 1019 -98 550 -44 1392
1328 1023 -97 549 -45 1392
1292 1029 -95 549 -42 1392
1266 1035 -94 549 -44 1392
1247 1037 -92 550 -44 1392
1229 1041 -92 550 -44 1395
1206 1034 -90 550 -44 1395
1186 1022 -88 550 -44 1398
1176 1018 -88 550 -44 1398
1172 1016 -87 550 -44 1398
1170 1013 -87 550 -44 1398
1168 1010 -87 550 -44 1395
1169 1008 -87 550 -44 1398
1169 1007 -87 549 -44 1395
1168 1004 -88 550 -44 1395
1169 1004 -88 550 -44 1395
1172 1006 -88 549 -45 1392
1172 1006 -88 549 -44 1392
1172 1005 -88 549 -44 1392
1172 1005 -88 549 -44 1392
1172 1004 -88 549 -44 1389
1173 1004 -88 550 -44 1389
1173 1004 -89 550 -45 1392
1173 1004 -88 550 -44 1392
1173 1004 -89 550 -44 1389
1173 1004 -89 550 -45 1392
175 136 -5 19 -17 1389
1 -11 0 -5 -17 483
1 -11 -1 -5 -17 410
1 -11 0 -5 -17 394
1 -11 0 -5 -17 394
1 -11 0 -6 -17 394
1 -11 0 -6 -17 394
1 -11 0 -5 -17 394
1 -11 0 -6 -17 394
