1 -11 -1 -6 -19 74
1 -11 0 -6 -19 26
1 -11 -1 -6 -18 10
0 -11 -1 -6 -18 6
1 -11 -1 -6 -19 3
1 -11 -1 -6 -19 3
1 -11 0 -6 -19 3
1 -11 -1 -6 -19 3
1 -12 -1 -6 -19 3
0 -11 -1 -6 -19 3
0 -11 0 -6 -19 650
0 -12 -2 -6 -18 486
0 -12 -1 -6 -19 1517
0 -11 -1 -6 -19 1846
0 -12 -1 -6 -19 2182
0 -12 0 -6 -19 2237
0 -11 -1 -6 -19 2285
0 -12 0 -6 -19 2301
0 -11 0 -6 -19 2342
0 -12 0 -6 -19 2378
0 -11 -1 -6 -19 2400
507 123 -19 558 719 2387
2047 920 -49 606 19 2477
2047 988 -56 601 -47 2422
2047 871 -56 602 -47 2410
2047 748 -53 602 -48 2403
2047 674 -52 603 -47 2403
2047 620 -50 603 -48 2403
2047 568 -48 603 -48 2400
2047 538 -47 603 -48 2397
2047 509 -45 603 -47 2397
2047 490 -44 603 -47 2394
2047 474 -44 604 -47 2394
2047 456 -42 602 -48 2394
2047 443 -42 603 -45 2394
34 -4 -1 -3 -19 2320
1 -11 0 -5 -19 186
1 -11 0 -6 -19 83
1 -11 0 -6 -19 45
0 -11 0 -6 -19 32
0 -11 -1 -6 -19 22
1 -11 0 -6 -19 16
1 -11 0 -6 -19 13
0 -11 0 -6 -19 10
0 -11 0 -6 -19 10
0 -11 -1 -6 -19 618
0 -11 0 -6 -20 1005
0 -11 0 -6 -20 1139
0 -12 -1 -5 -18 1254
0 -12 -1 -5 -17 1347
0 -11 -1 -5 -17 1382
0 -11 -1 -5 -17 1382
562 411 45 485 298 1386
1129 771 -54 554 50 1389
1242 933 -76 546 -46 1389
1229 952 -82 548 -44 1392
1258 1007 -91 554 -31 1392
1274 1033 -94 549 -43 1392
1278 1041 -95 548 -46 1389
1285 1052 -96 550 -45 1389
1290 1055 -95 550 -45 1389
1293 1054 -95 550 -45 1389
1296 1052 -95 550 -45 1392
1299 1050 -95 551 -44 1392
1301 1046 -95 551 -44 1392
1304 1042 -96 551 -45 1392
1306 1041 -96 551 -45 1392
1308 1038 -96 551 -44 1392
1311 1036 -96 551 -45 1392
1314 1036 -96 551 -45 1392
1314 1032 -97 550 -45 1389
1317 1031 -96 550 -44 1392
1318 1029 -96 550 -44 1392
1320 1028 -97 551 -44 1389
1322 1028 -97 551 -44 1392
1323 1026 -97 550 -44 1392
1325 1025 -97 551 -44 1389
1326 1025 -97 551 -44 1392
1328 1024 -97 551 -44 1392
1331 1025 -97 551 -44 1392
1332 1024 -98 551 -44 1389
1335 1025 -98 551 -44 1392
1336 1024 -98 551 -44 1392
1338 1025 -98 551 -44 1389
1340 1025 -98 551 -44 1389
1341 1025 -98 551 -44 1389
1342 1024 -99 551 -44 1389
1344 1024 -98 551 -44 1392
1344 1024 -99 551 -44 1392
1345 1023 -99 551 -44 1392
1346 1024 -99 551 -44 1392
1348 1025 -99 551 -44 1392
1349 1025 -99 551 -44 1392
1350 1025 -99 552 -44 1392
1350 1025 -99 551 -44 1392
1352 1026 -99 551 -44 1392
1351 1025 -99 551 -44 1392
1352 1025 -99 551 -44 1392
1352 1025 -99 551 -44 1392
1353 1027 -99 551 -44 1392
1350 1024 -99 550 -44 1392
1349 1024 -99 550 -44 1392
1349 1024 -99 550 -44 1395
1349 1024 -99 550 -44 1392
1349 1024 -99 551 -44 1392
1349 1024 -99 550 -44 1395
1349 1025 -99 550 -44 1395
1348 1025 -99 550 -44 1395
1345 1027 -99 550 -44 1395
1336 1028 -99 550 -45 1392
1310 1035 -97 550 -45 1395
1280 1041 -95 550 -45 1395
1254 1050 -94 550 -44 1395
1240 1054 -93 550 -46 1395
1218 1052 -92 550 -45 1395
1197 1042 -91 550 -45 1392
1181 1034 -90 550 -44 1395
1174 1031 -89 550 -45 1395
1171 1027 -89 550 -45 1398
1170 1024 -89 550 -45 1395
1170 1021 -89 550 -45 1398
1170 1020 -90 550 -45 1398
1170 1017 -90 550 -45 1395
1170 1016 -90 550 -45 1395
1170 1014 -90 550 -45 1395
1170 1013 -90 550 -45 1395
1170 1013 -90 550 -45 1395
1170 1012 -91 550 -45 1395
1170 1012 -91 550 -45 1395
1171 1012 -91 550 -45 1395
1174 1015 -91 550 -45 1392
1174 1015 -92 550 -45 1389
1175 1015 -92 550 -45 1389
1176 1015 -92 550 -45 1389
1175 1014 -92 550 -45 1392
3 -9 0 -5 -18 960
1 -11 0 -5 -18 432
1 -11 0 -6 -18 397
1 -11 0 -5 -18 394
1 -11 0 -6 -18 394
0 -11 0 -6 -18 394
0 -11 0 -6 -18 394
