2 -12 0 2 21 70
2 -12 0 2 22 26
2 -11 0 2 22 10
2 -11 0 2 22 6
2 -12 0 2 21 6
2 -11 0 2 21 3
2 -11 0 2 21 3
2 -11 -1 2 21 3
2 -11 0 2 21 3
2 -11 0 2 22 3
1 -12 0 2 21 621
2 -11 0 2 21 499
1 -12 0 2 21 1427
2 -12 0 2 22 1859
1 -11 -1 2 21 2192
2 -12 -1 2 22 2291
2 -12 -1 2 22 2371
2 -12 -1 2 22 2397
2 -11 0 2 21 2397
2047 779 -85 605 47 2464
2047 933 -57 602 -61 2397
2047 828 -43 601 -66 2400
2047 734 -39 602 -68 2400
2047 642 -35 602 -67 2397
2047 589 -33 603 -66 2397
2047 540 -32 603 -66 2397
2047 511 -31 604 -65 2400
2047 488 -30 603 -68 2403
2047 465 -29 603 -68 2400
2044 450 -29 604 -67 2400
2004 433 -28 603 -65 2403
1982 423 -28 602 -67 2403
1961 414 -28 603 -65 2403
3 -11 -1 3 21 429
2 -11 0 2 21 115
2 -11 -1 2 21 54
2 -11 -1 2 21 35
2 -11 -1 2 21 26
2 -12 0 2 21 19
2 -11 0 2 21 13
2 -11 0 2 21 10
2 -11 -1 2 21 10
2 -12 0 2 21 614
2 -12 0 2 22 774
1 -12 0 2 21 1085
2 -12 0 2 22 1222
2 -12 0 2 22 1331
2 -11 0 1 19 1386
2 -12 0 2 20 1389
2 -11 0 2 23 1392
993 625 -63 564 126 1386
1129 776 -97 548 -53 1386
1177 857 -103 547 -63 1389
1177 877 -103 549 -61 1389
1179 888 -103 549 -66 1392
1183 896 -104 550 -64 1392
1186 902 -104 550 -64 1392
1189 906 -104 551 -62 1389
1201 919 -106 551 -63 1389
1204 922 -106 550 -64 1392
1209 925 -107 551 -64 1389
1211 924 -107 552 -63 1389
1211 921 -106 550 -67 1392
1216 922 -107 550 -68 1392
1218 919 -107 550 -66 1389
1223 918 -108 550 -67 1389
1224 913 -108 550 -67 1386
1226 910 -108 550 -68 1389
1230 908 -108 550 -68 1389
1233 905 -108 550 -68 1389
1234 901 -108 550 -68 1392
1237 899 -108 550 -68 1389
1238 896 -108 551 -67 1392
1240 894 -108 550 -65 1389
1244 894 -109 550 -66 1386
1246 892 -109 550 -66 1386
1247 890 -109 550 -67 1386
1247 887 -109 550 -66 1386
1251 888 -109 550 -65 1386
1253 888 -109 551 -64 1389
1254 886 -109 551 -64 1386
1253 882 -109 551 -66 1392
1254 881 -109 551 -64 1392
1258 883 -109 552 -64 1389
1261 884 -110 551 -66 1386
1261 883 -110 551 -65 1389
1264 884 -110 550 -67 1382
1264 882 -110 550 -67 1389
1264 882 -110 550 -68 1389
1263 880 -110 550 -68 1389
1264 881 -110 550 -68 1389
1264 880 -110 550 -68 1389
1264 881 -110 550 -68 1386
1263 879 -110 550 -68 1395
1264 880 -110 550 -68 1389
1266 884 -110 550 -68 1386
1263 881 -110 551 -67 1392
1266 886 -110 551 -66 1386
1265 886 -110 551 -66 1386
1264 886 -110 551 -67 1386
1263 885 -110 551 -67 1389
1260 886 -110 551 -66 1392
1253 895 -110 550 -68 1389
1235 908 -109 550 -68 1392
1204 925 -108 551 -65 1389
1160 946 -108 550 -67 1389
1124 941 -107 550 -67 1382
1098 926 -106 551 -65 1389
1093 922 -106 551 -66 1392
1089 917 -106 550 -66 1392
1089 917 -106 550 -67 1392
1088 916 -106 551 -67 1389
1088 915 -106 551 -67 1389
1088 916 -106 551 -66 1389
1088 916 -106 552 -65 1389
1088 915 -106 551 -66 1392
1086 913 -106 551 -66 1392
1081 908 -105 550 -67 1398
1080 907 -104 551 -65 1395
1081 909 -104 552 -64 1395
1081 908 -105 550 -66 1392
1082 909 -105 550 -65 1389
1082 909 -105 550 -64 1389
1083 910 -105 550 -66 1389
1082 909 -105 550 -67 1389
19 4 -2 5 22 1363
2 -11 0 3 22 445
2 -11 -1 2 22 397
2 -11 -2 2 22 390
2 -12 0 2 22 394
2 -12 -1 2 21 390
2 -12 -1 2 21 390
2 -12 -1 2 21 394
2 -12 -1 2 22 390
