2 -12 0 2 23 3
2 -11 -1 2 23 3
2 -11 0 2 23 3
2 -11 0 2 23 3
2 -12 0 2 23 608
2 -12 0 3 24 496
2 -12 0 2 23 1558
2 -12 0 2 23 1866
1 -12 0 3 23 2256
2 -12 0 2 23 2285
1 -12 0 2 23 2365
2 -12 0 3 23 2397
2 -12 0 2 23 2397
2047 677 -68 600 -43 2461
2047 742 -51 600 -63 2400
2047 647 -37 601 -66 2397
2047 583 -33 601 -65 2400
2047 527 -30 601 -66 2397
2047 495 -29 602 -66 2400
2000 470 -28 602 -64 2400
1976 451 -27 602 -65 2397
1953 437 -27 603 -64 2403
1932 424 -26 603 -64 2400
1921 416 -26 603 -64 2397
1904 406 -26 604 -64 2400
1893 399 -25 604 -63 2400
32 -5 -1 5 23 2326
2 -11 0 3 23 256
2 -11 -1 3 23 96
2 -11 -1 2 23 51
2 -11 -1 2 23 32
2 -11 -1 2 23 22
2 -12 -1 2 23 16
2 -11 0 2 23 13
2 -12 0 2 23 10
2 -12 -1 2 20 10
2 -12 0 2 23 614
2 -12 0 3 24 784
2 -12 0 3 24 1136
1 -12 0 3 24 1334
1 -12 0 3 24 1382
2 -12 -1 2 20 1389
2 -12 0 2 22 1386
987 613 -62 556 120 1382
1168 803 -102 540 -62 1386
1182 836 -103 544 -63 1386
1186 852 -104 546 -63 1386
1190 860 -104 547 -64 1389
1197 871 -105 549 -64 1389
1203 881 -106 549 -63 1389
1208 886 -106 549 -63 1386
1211 890 -106 549 -64 1389
1214 893 -107 550 -62 1389
1218 895 -107 550 -63 1382
1223 895 -108 550 -62 1389
1223 891 -108 551 -61 1386
1227 889 -108 551 -61 1389
1229 887 -108 550 -63 1389
1229 883 -108 551 -61 1389
1232 880 -108 550 -64 1395
1234 879 -108 551 -62 1395
1237 878 -108 551 -62 1395
1242 879 -108 551 -62 1395
1244 878 -109 551 -62 1392
1247 877 -109 551 -62 1392
1247 874 -109 550 -64 1395
1248 872 -109 550 -62 1392
1251 873 -109 550 -62 1392
1251 871 -109 551 -62 1395
1256 872 -109 550 -63 1392
1258 872 -109 551 -63 1389
1260 871 -109 550 -63 1389
1261 870 -109 550 -64 1392
1262 869 -109 551 -62 1395
1263 869 -110 551 -63 1395
1265 869 -110 551 -63 1392
1263 865 -109 551 -63 1398
1265 866 -109 551 -63 1395
1268 866 -109 551 -62 1395
1271 868 -110 551 -63 1389
1272 867 -110 550 -64 1395
1273 867 -110 551 -64 1392
1274 868 -110 551 -64 1389
1274 868 -110 551 -63 1395
1276 869 -110 550 -64 1389
1277 870 -110 551 -63 1389
1276 869 -110 551 -63 1389
1279 872 -111 551 -63 1386
1277 870 -110 551 -64 1389
1277 871 -110 551 -64 1389
1278 872 -110 551 -64 1389
1276 872 -111 551 -64 1392
1277 873 -111 552 -63 1389
1277 874 -111 551 -64 1386
1274 873 -110 550 -66 1392
1271 875 -110 551 -64 1392
1257 884 -110 550 -64 1392
1229 897 -109 549 -64 1392
1188 914 -108 549 -65 1389
1134 919 -107 550 -64 1389
1109 911 -106 550 -64 1386
1091 895 -104 551 -62 1392
1093 898 -106 551 -63 1389
1091 895 -105 550 -63 1389
1090 893 -105 551 -61 1392
1090 892 -105 551 -62 1389
1089 892 -105 550 -63 1389
1091 893 -106 550 -64 1386
1090 893 -105 551 -62 1382
1088 890 -105 550 -61 1392
1087 889 -105 550 -62 1389
1086 888 -105 549 -64 1389
1086 888 -105 550 -62 1389
1086 888 -105 550 -62 1389
1086 888 -104 550 -60 1392
1085 887 -104 550 -62 1395
1087 890 -104 550 -62 1392
1087 890 -104 550 -62 1392
1088 890 -105 550 -62 1392
4 -9 -2 3 22 973
2 -11 -1 2 22 429
2 -11 -1 2 22 394
2 -12 -1 3 22 390
2 -12 0 2 22 390
2 -12 -1 2 22 390
2 -12 -1 2 22 390
2 -12 0 2 22 390
2 -12 -1 2 22 390
