2 -11 -1 2 21 51
2 -12 -1 2 22 19
2 -11 0 2 22 6
2 -11 0 2 22 6
1 -11 -1 2 21 3
2 -11 0 2 21 6
2 -12 -1 2 21 3
2 -11 -1 2 21 6
1 -11 -1 2 21 3
1 -12 0 2 21 3
1 -12 -1 2 22 627
1 -12 -1 2 21 496
1 -12 -1 2 21 1542
1 -12 -1 2 21 2234
1 -12 -1 2 21 2307
1 -12 -1 2 21 2362
1 -12 0 2 21 2400
1 -12 -1 2 21 2403
2047 845 -66 607 7 2422
2047 923 -52 601 -66 2394
2047 809 -42 601 -66 2400
2047 705 -36 603 -67 2394
2047 638 -34 602 -68 2397
2047 577 -32 603 -66 2394
2047 540 -31 603 -69 2400
2047 511 -31 603 -68 2403
2047 483 -29 603 -68 2400
2047 464 -29 603 -68 2400
2033 445 -28 602 -67 2400
2006 433 -28 603 -67 2397
1984 423 -28 603 -66 2400
33 -4 0 5 21 2326
2 -11 -1 2 21 253
2 -11 -1 2 21 83
2 -11 -1 2 21 48
2 -12 0 2 21 35
2 -11 -1 2 21 22
2 -12 0 2 21 16
2 -11 -1 2 21 13
2 -11 0 2 21 10
2 -11 -1 2 21 10
2 -12 0 2 21 605
1 -12 0 2 21 778
1 -12 0 2 21 1197
1 -12 0 2 21 1293
2 -12 0 2 21 1325
1 -12 -1 2 21 1373
1 -12 0 1 19 1386
564 398 7 483 271 1389
1025 656 -71 562 99 1386
1181 845 -101 549 -58 1386
1180 867 -101 550 -60 1389
1181 877 -102 549 -62 1392
1184 886 -103 548 -67 1389
1192 896 -103 550 -64 1395
1194 900 -104 550 -64 1389
1198 905 -104 552 -61 1392
1202 909 -105 552 -61 1392
1204 908 -105 550 -64 1392
1207 909 -105 550 -63 1395
1211 910 -105 550 -64 1392
1217 911 -106 550 -64 1386
1220 909 -106 550 -64 1389
1222 905 -106 550 -64 1389
1224 902 -106 551 -64 1389
1229 902 -107 550 -64 1386
1231 897 -107 550 -66 1386
1233 895 -107 551 -64 1389
1236 892 -107 551 -64 1386
1238 891 -107 551 -64 1389
1241 890 -108 549 -67 1389
1241 884 -107 551 -64 1392
1244 885 -107 551 -64 1389
1245 881 -108 550 -64 1389
1247 881 -108 550 -64 1389
1248 880 -108 550 -64 1389
1250 879 -108 550 -64 1389
1249 875 -108 550 -64 1395
1250 873 -108 551 -63 1395
1252 873 -108 550 -64 1392
1255 875 -108 550 -64 1392
1258 875 -108 551 -63 1389
1256 872 -108 550 -64 1392
1263 876 -108 550 -64 1392
1264 875 -108 550 -65 1392
1267 877 -109 551 -63 1392
1271 879 -109 551 -64 1386
1270 877 -109 551 -64 1389
1270 877 -109 551 -64 1392
1272 878 -109 551 -64 1392
1272 878 -109 551 -64 1386
1272 878 -110 551 -64 1389
1269 876 -109 551 -66 1392
1267 874 -109 551 -65 1395
1268 877 -109 551 -64 1395
1267 877 -109 551 -63 1395
1266 877 -109 551 -64 1395
1267 879 -109 551 -64 1392
1267 882 -109 551 -64 1395
1261 888 -109 551 -64 1392
1245 899 -109 550 -66 1389
1199 915 -108 550 -64 1389
1153 925 -107 551 -64 1392
1119 924 -106 550 -66 1392
1098 913 -106 550 -66 1392
1093 910 -105 551 -64 1395
1092 908 -105 550 -64 1395
1091 908 -105 551 -64 1392
1091 908 -105 551 -64 1392
1089 906 -105 550 -66 1392
1090 907 -105 550 -66 1389
1091 909 -106 550 -66 1389
1091 909 -106 550 -65 1389
1090 908 -106 550 -65 1389
1090 908 -106 551 -65 1392
1089 908 -105 551 -64 1392
1089 907 -105 550 -66 1392
1088 907 -105 550 -65 1395
1089 907 -105 551 -66 1392
1089 908 -105 550 -66 1392
1089 908 -105 551 -65 1389
1088 906 -105 550 -66 1395
160 120 -6 27 21 1392
2 -11 -1 3 21 483
2 -11 0 2 21 400
2 -11 0 2 21 390
2 -12 0 2 21 390
2 -12 0 2 21 390
2 -11 0 2 21 390
2 -12 0 2 21 390
2 -12 -1 2 21 390
