2 -12 -1 2 22 38
2 -11 -1 2 22 16
2 -11 0 2 22 6
2 -11 0 2 22 6
2 -12 0 2 22 3
2 -11 0 2 22 6
2 -11 -1 2 22 3
2 -11 0 2 22 3
2 -11 0 2 21 3
2 -11 -1 2 22 3
2 -12 0 2 22 630
1 -12 -1 2 21 499
1 -11 -1 2 21 1558
1 -12 -1 2 21 1875
1 -12 -1 2 22 2227
1 -12 -1 2 21 2330
2 -12 -1 2 21 2400
1 -12 -1 2 21 2400
2047 739 -79 608 83 2464
2047 874 -56 604 -39 2397
2047 812 -42 602 -64 2397
2047 723 -37 603 -64 2403
2047 633 -34 603 -66 2397
2047 580 -32 603 -66 2400
2047 539 -31 603 -66 2400
2047 502 -30 602 -68 2394
2047 478 -29 602 -68 2397
2038 455 -28 603 -65 2403
2004 440 -28 602 -70 2403
1970 426 -27 603 -67 2397
1936 412 -27 603 -66 2397
1960 411 -28 603 -67 2397
3 -11 -1 2 22 429
2 -11 0 2 21 115
2 -11 -1 2 21 61
2 -11 -1 2 21 38
2 -11 0 2 21 26
2 -11 -1 2 22 19
2 -11 0 2 22 16
2 -11 0 2 22 10
2 -12 0 2 22 10
2 -12 0 2 22 592
2 -11 -1 2 21 768
1 -12 -1 2 21 1091
2 -12 -1 2 21 1235
2 -12 0 2 21 1267
1 -12 -1 2 21 1315
1 -12 -1 2 21 1354
2 -12 -1 2 21 1386
2 -12 -2 2 20 1386
994 621 -64 563 127 1382
1172 861 -102 549 -59 1389
1171 889 -103 549 -60 1389
1170 901 -104 549 -60 1389
1178 916 -104 549 -60 1386
1185 926 -106 548 -64 1386
1187 930 -107 550 -64 1382
1190 933 -107 551 -62 1389
1195 938 -107 552 -60 1386
1202 941 -108 551 -59 1386
1203 938 -108 550 -62 1389
1204 932 -108 550 -62 1386
1206 929 -108 550 -63 1389
1211 926 -109 549 -64 1386
1213 922 -109 549 -64 1389
1213 917 -109 549 -64 1392
1216 913 -109 549 -64 1389
1221 911 -109 549 -64 1392
1225 912 -109 549 -64 1392
1229 909 -110 549 -64 1389
1231 907 -110 549 -64 1389
1233 903 -110 549 -64 1392
1236 903 -110 548 -68 1389
1239 912 -112 549 -64 1389
1240 911 -113 549 -64 1386
1241 909 -113 549 -64 1386
1242 907 -113 549 -64 1389
1247 909 -113 549 -64 1386
1247 907 -113 549 -64 1389
1247 904 -113 550 -64 1389
1252 908 -113 549 -64 1389
1252 906 -114 550 -64 1386
1253 905 -114 550 -64 1389
1254 904 -114 550 -64 1389
1254 903 -114 550 -64 1389
1256 903 -114 549 -66 1389
1257 903 -114 550 -64 1392
1256 901 -114 550 -64 1389
1257 900 -114 550 -64 1392
1259 903 -114 550 -64 1389
1260 904 -114 550 -64 1389
1261 905 -115 550 -64 1389
1262 906 -115 550 -64 1389
1260 904 -115 550 -64 1389
1260 904 -115 550 -64 1392
1261 905 -115 550 -64 1392
1259 905 -114 550 -64 1392
1257 905 -114 550 -64 1392
1256 905 -114 550 -64 1398
1256 908 -114 550 -64 1392
1256 908 -114 550 -64 1392
1199 946 -113 550 -64 1395
1153 965 -111 550 -64 1395
1116 968 -110 550 -64 1392
1101 961 -108 550 -64 1395
1093 954 -108 550 -64 1389
1093 953 -108 550 -64 1389
1094 953 -108 550 -64 1392
1090 946 -108 550 -64 1392
1092 948 -108 550 -64 1389
1090 945 -108 550 -64 1389
1092 945 -108 550 -64 1389
1092 945 -108 550 -64 1389
1091 942 -108 550 -64 1389
1093 943 -108 550 -66 1389
1093 941 -108 550 -64 1386
1094 942 -109 550 -64 1389
1094 940 -109 550 -65 1389
1097 942 -109 551 -64 1386
1098 942 -109 551 -64 1389
1097 940 -109 551 -64 1386
1098 940 -109 551 -64 1386
2 -11 -1 2 21 483
2 -11 -1 2 21 410
2 -11 -1 2 21 394
2 -11 -1 2 21 390
2 -11 -1 2 21 390
2 -11 -1 2 21 390
2 -11 0 2 21 390
2 -11 0 2 21 390
