2 -12 0 2 22 70
2 -12 0 2 21 19
2 -11 0 2 21 6
2 -11 0 2 22 3
2 -12 -1 2 21 3
2 -11 0 2 21 3
2 -12 0 2 21 3
2 -11 0 2 21 3
2 -11 0 2 21 714
2 -12 -1 2 21 371
1 -12 0 2 21 1402
2 -12 0 2 21 1840
2 -12 0 2 21 2195
2 -12 0 2 21 2294
2 -12 -1 2 21 2346
1 -12 -1 2 21 2387
1 -12 -1 2 21 2400
2047 718 -76 607 66 2435
2047 845 -55 603 -45 2403
2047 774 -40 600 -65 2400
2047 686 -35 601 -68 2397
2047 604 -32 602 -67 2400
2047 556 -31 602 -68 2403
2047 519 -30 603 -68 2403
2047 483 -29 602 -68 2406
2024 460 -28 601 -68 2403
1976 439 -27 602 -68 2400
1945 425 -27 603 -66 2400
1917 413 -27 603 -67 2400
1892 401 -26 602 -68 2397
269 45 0 28 22 2387
2 -11 0 2 21 419
2 -11 -1 2 22 96
2 -12 -1 2 21 58
2 -12 -1 2 21 32
2 -12 0 2 21 22
2 -11 0 2 21 19
2 -11 -1 2 21 13
2 -11 -1 2 21 13
2 -11 -1 2 21 10
1 -12 0 2 21 592
2 -12 -1 2 22 774
1 -12 -1 2 21 1149
2 -12 0 2 21 1267
1 -12 -1 2 20 1322
1 -12 0 1 20 1360
1 -12 0 2 23 1389
1 -12 0 2 23 1389
1003 632 -69 563 114 1386
1152 836 -99 549 -58 1389
1156 870 -100 551 -57 1389
1152 886 -105 547 -68 1386
1156 895 -106 549 -67 1389
1164 910 -105 550 -64 1389
1166 913 -105 551 -62 1389
1170 919 -106 551 -63 1389
1176 924 -106 551 -64 1382
1177 922 -107 551 -61 1389
1178 917 -107 549 -66 1392
1182 919 -107 550 -64 1389
1185 916 -107 550 -66 1392
1188 913 -108 550 -67 1392
1191 911 -108 550 -65 1389
1195 908 -108 550 -67 1389
1199 907 -109 552 -64 1389
1198 902 -108 549 -68 1389
1203 901 -109 549 -68 1392
1205 897 -109 549 -66 1389
1208 896 -109 549 -67 1389
1210 896 -109 549 -67 1386
1210 891 -109 549 -66 1389
1214 893 -109 550 -63 1386
1212 887 -110 549 -66 1386
1214 885 -110 549 -67 1389
1216 884 -110 549 -66 1395
1216 881 -110 549 -67 1392
1217 881 -110 550 -65 1392
1217 880 -110 550 -65 1392
1217 878 -110 550 -64 1389
1220 879 -110 551 -64 1386
1218 877 -110 550 -66 1386
1222 879 -110 550 -65 1389
1221 873 -110 549 -67 1395
1221 872 -110 550 -67 1392
1221 872 -110 550 -67 1395
1224 874 -111 550 -66 1389
1219 869 -110 549 -67 1392
1218 869 -110 549 -66 1392
1218 869 -110 550 -64 1395
1220 872 -110 549 -66 1392
1220 873 -110 549 -64 1389
1223 877 -110 549 -65 1386
1221 876 -110 549 -65 1389
1224 880 -111 549 -66 1389
1225 881 -111 550 -64 1389
1224 881 -111 549 -64 1389
1225 883 -111 550 -64 1392
1225 885 -111 551 -62 1386
1224 889 -111 550 -64 1389
1141 935 -107 549 -65 1392
1106 947 -106 549 -64 1392
1079 941 -104 549 -64 1389
1070 934 -103 550 -63 1386
1065 927 -103 549 -65 1389
1065 925 -103 550 -64 1389
1064 923 -103 551 -61 1389
1062 919 -103 549 -64 1389
1062 918 -103 549 -64 1389
1063 917 -103 549 -65 1389
1061 914 -103 549 -66 1389
1062 913 -103 549 -67 1389
1062 912 -103 550 -62 1389
1064 913 -103 549 -65 1389
1066 914 -103 549 -67 1386
1065 911 -103 549 -64 1382
1065 910 -103 551 -62 1386
1065 909 -103 550 -64 1386
1063 905 -103 549 -64 1389
1062 904 -103 549 -65 1392
1062 902 -103 550 -63 1392
19 4 -2 4 21 1360
2 -11 -1 2 21 429
2 -11 0 2 21 397
2 -12 0 2 22 390
2 -11 0 2 21 390
2 -12 0 2 21 390
2 -11 0 2 21 390
2 -12 -1 2 21 394
2 -11 0 2 21 390
