2 -12 0 1 21 29
2 -12 -1 2 21 13
2 -12 -1 2 21 6
2 -12 -1 2 21 6
2 -11 0 1 21 6
2 -11 -1 1 21 3
2 -12 0 1 21 3
2 -11 0 1 21 3
1 -11 -1 1 21 3
1 -12 0 1 21 634
1 -12 -1 2 21 486
2 -12 0 2 21 1552
1 -12 -1 1 21 1850
1 -12 0 2 21 2218
1 -12 0 1 21 2301
1 -12 0 1 21 2397
2 -11 -1 1 21 2400
2047 764 -83 606 64 2461
2047 958 -54 603 -56 2397
2047 854 -40 601 -64 2397
2047 756 -35 602 -64 2397
2047 656 -32 603 -64 2400
2047 602 -30 603 -64 2400
2047 552 -29 603 -64 2400
2047 521 -28 603 -64 2400
2047 499 -27 604 -63 2400
2047 473 -27 602 -64 2400
2047 457 -26 602 -64 2403
2040 440 -26 603 -63 2397
2010 428 -25 602 -64 2400
301 52 1 30 21 2390
2 -11 0 2 21 438
2 -11 -1 2 21 96
2 -11 -1 2 21 58
2 -12 -1 2 21 35
1 -11 -1 2 21 22
2 -11 -1 2 21 19
2 -12 -1 2 21 13
2 -12 0 2 21 13
2 -12 0 2 21 10
1 -12 -1 2 21 592
1 -12 0 2 21 765
1 -12 0 2 21 1117
1 -12 0 2 21 1299
1 -12 0 2 21 1344
1 -12 0 2 20 1389
1 -12 0 1 20 1392
1 -12 0 2 21 1392
1007 628 -64 564 138 1389
1192 881 -103 547 -60 1395
1193 913 -103 549 -57 1389
1196 929 -104 550 -58 1395
1199 938 -105 549 -60 1392
1201 944 -106 550 -59 1392
1214 958 -107 549 -62 1392
1217 961 -108 550 -61 1389
1216 958 -108 550 -61 1398
1222 960 -108 551 -59 1389
1228 960 -109 551 -59 1389
1233 958 -109 550 -61 1392
1236 955 -109 551 -59 1389
1237 948 -109 550 -60 1392
1240 945 -110 549 -62 1395
1242 942 -110 548 -63 1389
1249 942 -111 549 -62 1389
1248 934 -111 548 -64 1392
1252 933 -111 550 -63 1392
1255 930 -112 550 -62 1395
1256 927 -112 550 -63 1395
1262 929 -113 550 -63 1389
1264 928 -113 551 -61 1386
1266 936 -115 549 -65 1386
1263 932 -114 550 -62 1389
1267 933 -114 550 -64 1389
1269 932 -115 550 -63 1386
1269 930 -115 550 -63 1382
1270 929 -115 551 -61 1389
1270 927 -115 550 -62 1389
1269 924 -115 551 -61 1389
1272 925 -115 551 -62 1389
1276 927 -116 551 -61 1389
1273 922 -115 550 -62 1392
1271 917 -116 550 -62 1392
1270 915 -115 550 -63 1392
1273 918 -115 550 -63 1392
1276 920 -116 550 -63 1392
1279 924 -116 551 -61 1389
1277 921 -116 551 -62 1386
1278 923 -116 551 -62 1389
1277 921 -116 551 -62 1389
1277 922 -116 551 -62 1389
1278 924 -116 551 -64 1392
1276 922 -116 550 -64 1392
1275 922 -116 551 -63 1395
1273 921 -116 550 -64 1392
1274 923 -116 550 -64 1392
1276 926 -116 552 -62 1395
1274 926 -115 552 -62 1392
1274 930 -116 551 -63 1392
1264 933 -115 551 -63 1392
1236 940 -115 551 -64 1395
1195 960 -113 551 -62 1395
1149 977 -111 551 -64 1395
1121 978 -109 551 -63 1395
1108 977 -108 551 -63 1395
1104 973 -108 551 -64 1392
1102 968 -108 551 -63 1392
1100 964 -108 551 -61 1392
1100 963 -108 550 -63 1392
1100 961 -108 550 -63 1392
1101 961 -108 550 -64 1389
1101 960 -108 550 -64 1392
1103 960 -108 550 -64 1386
1101 955 -108 550 -63 1389
1102 954 -108 550 -64 1395
1102 953 -108 550 -64 1386
1104 954 -108 550 -64 1386
1103 952 -108 551 -62 1389
1102 949 -108 551 -62 1389
1102 947 -108 550 -63 1392
1103 947 -108 550 -62 1389
1103 946 -108 550 -63 1389
4 -9 -1 3 21 973
2 -11 0 2 21 432
1 -12 0 2 21 397
2 -11 -1 2 21 394
1 -12 0 2 21 394
2 -12 0 2 21 394
1 -12 0 2 21 390
2 -12 0 2 21 390
1 -12 -1 2 21 390
