1 -11 0 1 22 32
2 -12 0 2 22 16
1 -11 -1 2 22 6
2 -12 -1 2 22 6
1 -11 0 2 21 6
2 -12 -1 1 22 6
1 -12 0 2 22 3
1 -12 -1 2 21 6
2 -11 -1 2 21 3
2 -11 0 2 21 3
1 -12 0 2 22 464
1 -12 -1 2 22 483
1 -12 0 2 22 1696
2 -12 0 2 22 1872
1 -12 -1 2 22 2230
1 -12 0 2 22 2294
1 -12 0 2 22 2352
1 -12 0 2 22 2400
1 -12 0 2 22 2400
1 -12 -1 2 22 2397
2047 849 -62 609 50 2432
2047 944 -49 601 -59 2397
2047 811 -37 601 -64 2400
2047 722 -33 602 -63 2397
2047 652 -31 603 -63 2400
2047 592 -29 604 -62 2400
2047 553 -28 602 -64 2403
2047 516 -27 602 -62 2400
2047 495 -27 603 -63 2397
2047 476 -26 603 -63 2400
2047 457 -26 603 -62 2400
2047 444 -25 603 -61 2400
2039 432 -25 603 -62 2390
34 -4 -1 4 22 2320
2 -11 -1 2 22 256
2 -12 -1 2 22 83
2 -11 -1 2 22 51
2 -11 0 2 22 32
2 -12 -1 2 22 22
1 -11 -1 2 22 16
1 -12 -1 2 22 13
2 -11 -1 2 22 13
1 -12 0 2 22 10
1 -12 -1 2 22 605
1 -12 -1 2 22 963
1 -12 -1 2 22 1174
1 -12 -1 2 22 1350
1 -12 -1 2 22 1382
1 -12 0 2 20 1389
1 -11 -1 2 20 1389
1026 652 -70 565 121 1386
1184 875 -104 549 -54 1389
1190 917 -104 550 -56 1382
1190 928 -105 550 -58 1389
1194 939 -106 550 -57 1389
1197 945 -107 549 -64 1392
1199 948 -107 550 -60 1392
1204 955 -108 550 -59 1395
1208 958 -108 551 -57 1392
1211 958 -108 551 -58 1392
1218 960 -109 551 -59 1392
1222 960 -109 551 -58 1389
1225 956 -109 550 -61 1389
1232 957 -110 550 -60 1389
1235 955 -111 550 -62 1386
1237 949 -111 550 -62 1389
1237 944 -111 550 -63 1389
1239 939 -111 550 -63 1392
1241 937 -111 551 -61 1392
1243 934 -111 550 -63 1392
1247 933 -112 551 -62 1392
1248 930 -112 550 -63 1389
1249 927 -112 550 -62 1395
1248 924 -112 552 -60 1395
1249 921 -112 550 -61 1392
1249 918 -112 550 -62 1392
1252 919 -112 550 -61 1395
1256 921 -112 549 -64 1386
1258 919 -112 549 -63 1392
1261 921 -112 549 -62 1389
1262 920 -112 550 -62 1389
1260 917 -112 550 -62 1392
1263 919 -112 550 -62 1386
1261 912 -113 551 -61 1392
1265 915 -113 550 -61 1395
1264 912 -113 550 -62 1392
1265 913 -113 550 -62 1389
1267 914 -113 550 -63 1392
1269 916 -113 550 -62 1389
1267 913 -113 550 -62 1395
1269 915 -113 550 -61 1389
1269 917 -113 550 -63 1389
1268 916 -113 550 -62 1392
1270 917 -113 550 -63 1392
1271 918 -113 550 -62 1392
1271 920 -114 550 -63 1392
1268 919 -113 551 -60 1389
1268 918 -113 551 -61 1392
1270 921 -113 550 -62 1395
1269 922 -113 550 -62 1392
1268 926 -113 550 -63 1389
1260 929 -113 550 -62 1386
1222 925 -112 551 -59 1389
1189 941 -110 551 -60 1395
1149 954 -109 550 -62 1392
1125 961 -108 551 -60 1392
1105 962 -106 550 -61 1392
1099 960 -105 550 -61 1398
1100 960 -106 550 -60 1389
1096 955 -105 550 -60 1395
1097 954 -105 550 -60 1395
1099 955 -106 549 -62 1389
1100 955 -106 550 -61 1386
1098 951 -106 550 -61 1389
1099 951 -106 550 -61 1386
1098 949 -106 550 -61 1392
1096 945 -105 550 -61 1389
1097 945 -105 550 -62 1389
1096 941 -105 550 -62 1392
1093 938 -104 550 -61 1398
1096 940 -105 550 -61 1392
1098 941 -105 550 -60 1389
1097 940 -105 550 -60 1389
168 129 -7 28 21 1386
2 -11 -1 2 21 486
2 -11 0 2 21 406
2 -12 -1 2 21 394
2 -11 0 2 21 394
2 -12 -1 2 21 390
2 -11 -1 2 21 390
2 -12 -1 2 21 390
2 -12 -1 2 21 390
