2 -12 -1 2 21 29
2 -12 -1 2 22 13
2 -12 0 2 22 6
2 -12 -1 2 22 6
2 -12 0 2 22 6
2 -11 0 2 21 3
2 -11 -1 2 21 3
2 -12 -1 2 21 3
2 -11 0 2 21 3
2 -11 0 2 22 3
2 -12 -1 2 22 627
2 -12 -1 2 21 499
2 -12 0 2 21 1539
2 -12 -1 2 22 1875
2 -12 -1 2 21 2269
2 -12 -1 2 21 2342
2 -12 -1 2 21 2397
2 -12 -1 2 21 2400
2045 681 -99 600 95 2451
2047 974 -71 603 -54 2400
2047 932 -56 602 -71 2397
2047 851 -50 602 -72 2397
2047 759 -46 602 -72 2397
2047 699 -44 603 -70 2397
2047 643 -42 602 -72 2400
2047 609 -41 602 -74 2400
2047 581 -40 603 -72 2400
2047 554 -39 602 -72 2403
2047 536 -39 602 -74 2400
2047 518 -38 602 -72 2397
2047 505 -38 603 -73 2400
2047 494 -37 603 -72 2397
3 -11 -1 3 22 419
2 -11 0 2 21 115
2 -12 0 2 21 54
2 -11 0 2 21 35
2 -12 0 2 22 26
2 -11 0 2 21 19
2 -11 0 2 21 13
2 -11 0 2 22 10
2 -12 0 2 22 10
2 -12 -1 2 22 618
2 -12 0 2 22 771
2 -12 0 2 21 1066
2 -11 -1 2 21 1206
2 -12 -1 2 21 1357
2 -12 -1 2 21 1386
2 -12 -1 2 21 1389
996 621 -54 551 59 1386
1140 764 -96 552 -15 1386
1218 889 -106 547 -67 1389
1223 912 -106 549 -63 1389
1226 922 -107 550 -62 1389
1232 932 -108 550 -62 1389
1236 936 -108 551 -61 1392
1241 939 -109 550 -64 1389
1245 941 -109 550 -67 1389
1249 941 -110 550 -66 1389
1252 940 -110 551 -63 1389
1259 942 -111 552 -61 1389
1262 940 -111 550 -64 1389
1263 937 -111 550 -64 1386
1267 936 -111 550 -64 1389
1267 930 -111 550 -64 1392
1270 929 -111 549 -65 1395
1272 928 -111 550 -65 1392
1277 929 -112 549 -66 1389
1277 924 -112 549 -66 1392
1279 923 -112 550 -67 1389
1282 924 -112 549 -67 1389
1284 922 -112 549 -66 1392
1284 920 -112 550 -66 1389
1287 919 -113 548 -71 1392
1288 918 -112 550 -67 1392
1292 920 -113 550 -64 1392
1293 919 -113 550 -65 1392
1296 920 -113 550 -64 1389
1298 921 -113 550 -66 1389
1300 921 -113 550 -66 1389
1301 921 -114 550 -65 1389
1304 921 -114 550 -67 1386
1306 922 -114 550 -66 1386
1304 918 -114 550 -66 1389
1305 917 -114 550 -67 1389
1304 916 -114 550 -67 1389
1306 917 -114 550 -66 1395
1307 920 -114 550 -67 1392
1307 919 -114 550 -66 1386
1307 920 -114 551 -66 1389
1308 921 -115 551 -66 1382
1306 919 -114 550 -67 1392
1309 924 -115 550 -67 1389
1307 923 -115 550 -68 1386
1308 926 -115 551 -67 1386
1300 919 -114 551 -67 1386
1301 922 -114 551 -66 1386
1302 926 -114 551 -66 1386
1295 929 -114 551 -67 1382
1277 937 -114 550 -68 1389
1232 957 -112 550 -66 1386
1186 972 -110 550 -68 1389
1144 975 -109 550 -67 1389
1124 975 -109 550 -67 1389
1120 974 -109 551 -66 1389
1116 971 -109 550 -66 1386
1116 969 -109 550 -68 1389
1117 969 -109 550 -67 1389
1114 964 -109 550 -68 1392
1114 963 -109 550 -69 1389
1114 962 -109 550 -67 1389
1114 960 -109 551 -66 1389
1114 958 -109 550 -69 1389
1115 957 -109 551 -67 1389
1116 957 -109 550 -67 1386
1116 956 -109 551 -67 1386
1116 955 -109 550 -67 1386
1119 957 -110 551 -67 1382
1117 952 -110 551 -66 1389
1116 950 -110 550 -69 1389
1117 950 -110 550 -68 1389
3 -11 0 3 21 605
2 -11 0 2 22 413
2 -11 0 3 21 390
2 -11 0 2 21 390
2 -11 0 2 21 390
2 -12 0 2 21 390
2 -12 0 2 21 390
2 -12 -1 2 21 390
2 -12 -1 2 21 390
