1 -12 -1 2 21 38
1 -12 -1 2 22 16
1 -12 0 2 22 10
1 -11 0 2 22 6
1 -12 0 2 21 6
1 -12 -1 2 21 6
1 -11 -1 2 21 3
2 -11 -1 2 22 3
1 -12 -1 2 21 3
1 -12 -1 2 22 3
1 -12 -1 2 22 627
1 -12 -1 2 21 490
1 -12 -1 2 22 1565
1 -12 -1 2 21 1856
1 -12 -1 2 21 2163
1 -12 -1 2 21 2282
1 -12 0 2 21 2384
1 -12 0 2 21 2394
1 -12 -1 2 21 2400
2047 778 -78 608 70 2438
2047 953 -53 602 -63 2397
2047 854 -40 601 -63 2397
2047 734 -34 602 -64 2400
2047 663 -32 602 -64 2400
2047 607 -30 603 -64 2397
2047 558 -29 604 -62 2400
2047 529 -28 604 -63 2403
2047 500 -27 604 -64 2397
2047 480 -26 602 -64 2400
2047 465 -26 602 -64 2400
2047 448 -25 602 -64 2400
2047 437 -25 603 -63 2400
297 51 1 28 21 2387
2 -11 -1 2 21 429
2 -11 0 2 21 115
1 -12 -1 2 21 54
1 -12 -1 2 21 35
1 -12 0 2 21 26
1 -12 0 2 21 19
1 -11 -1 2 21 13
1 -12 0 2 21 13
1 -11 0 2 21 10
1 -12 0 2 21 592
1 -12 0 2 21 762
1 -12 0 2 21 1091
1 -12 -1 2 21 1242
1 -12 -1 2 21 1373
1 -12 0 2 21 1382
1 -12 0 2 21 1389
983 618 -52 558 100 1386
1168 845 -100 549 -45 1389
1181 892 -102 548 -60 1389
1184 913 -103 550 -59 1386
1190 927 -104 550 -60 1382
1193 933 -105 550 -58 1389
1197 941 -106 549 -63 1386
1203 947 -106 550 -61 1386
1206 949 -107 550 -60 1382
1213 954 -107 551 -59 1382
1213 949 -108 551 -59 1389
1217 946 -108 551 -59 1386
1221 944 -108 551 -60 1389
1224 940 -109 550 -61 1386
1225 933 -109 550 -63 1392
1230 941 -111 549 -63 1392
1232 938 -111 550 -62 1389
1236 936 -111 550 -62 1386
1240 934 -112 550 -62 1382
1240 928 -112 549 -64 1389
1240 926 -112 550 -63 1392
1242 924 -112 550 -62 1389
1246 924 -112 550 -62 1386
1248 921 -113 549 -64 1389
1247 918 -112 551 -61 1389
1249 917 -112 551 -62 1389
1250 914 -113 550 -63 1392
1254 916 -113 551 -62 1389
1257 917 -113 550 -63 1386
1259 917 -113 552 -60 1386
1257 914 -113 549 -63 1386
1260 914 -113 550 -62 1386
1257 910 -113 550 -62 1389
1260 912 -113 550 -61 1386
1261 912 -113 550 -63 1386
1263 913 -113 550 -61 1386
1261 909 -113 550 -61 1386
1261 908 -113 550 -61 1389
1262 909 -113 551 -60 1389
1264 910 -113 551 -60 1386
1263 909 -113 551 -60 1386
1263 909 -113 551 -60 1389
1262 908 -113 551 -59 1389
1263 910 -113 551 -60 1389
1262 911 -113 551 -60 1392
1261 911 -114 552 -59 1389
1260 910 -113 551 -60 1392
1260 911 -113 550 -61 1392
1259 915 -113 550 -61 1389
1252 918 -114 550 -63 1389
1225 928 -113 550 -61 1389
1188 943 -112 550 -62 1389
1142 957 -110 550 -62 1392
1117 962 -108 551 -61 1392
1105 963 -107 550 -61 1389
1098 960 -107 551 -60 1389
1098 958 -107 551 -60 1386
1096 954 -107 550 -62 1389
1095 952 -107 550 -61 1389
1095 951 -107 550 -62 1389
1096 951 -107 550 -61 1392
1097 951 -107 551 -60 1386
1099 951 -107 550 -62 1389
1098 949 -107 550 -62 1386
1097 946 -107 550 -62 1389
1099 948 -107 550 -62 1386
1100 948 -108 550 -63 1386
1098 945 -108 550 -62 1389
1097 943 -107 550 -62 1389
1098 942 -107 550 -62 1392
1102 947 -108 550 -62 1386
4 -9 -1 3 21 979
2 -11 0 2 21 429
2 -11 0 2 21 397
1 -12 0 2 22 394
1 -12 0 2 22 390
1 -12 0 2 21 394
1 -12 0 2 22 390
1 -12 -1 2 21 390
