2 -12 -1 2 21 32
2 -12 -1 2 22 13
2 -12 -1 2 22 6
1 -12 0 2 22 6
1 -11 0 2 21 3
1 -11 0 2 21 6
1 -12 -1 2 21 3
1 -12 0 1 21 3
1 -12 0 1 21 3
1 -11 -1 2 21 3
1 -12 0 2 21 630
1 -12 0 2 21 486
1 -12 0 2 21 1555
1 -12 0 2 21 1843
1 -12 0 2 21 2144
1 -12 0 1 21 2282
1 -12 0 2 21 2403
1 -12 0 2 21 2403
2047 786 -80 608 57 2461
2047 937 -55 603 -54 2400
2047 849 -40 601 -65 2394
2047 751 -35 603 -64 2394
2047 654 -31 602 -65 2397
2047 597 -30 603 -63 2397
2047 557 -29 603 -64 2397
2047 518 -28 604 -64 2397
2047 494 -27 602 -64 2397
2047 469 -27 603 -64 2400
2047 454 -26 602 -64 2400
2047 441 -26 602 -64 2397
2021 427 -25 602 -65 2400
289 49 0 28 21 2387
3 -11 0 2 21 426
2 -11 0 2 21 115
2 -12 -1 2 21 58
1 -11 0 2 21 38
2 -12 0 2 21 26
2 -12 0 2 21 19
2 -11 -1 2 21 13
1 -11 0 2 21 10
1 -12 0 2 21 10
1 -12 -1 2 21 592
1 -12 -1 2 21 762
1 -12 0 2 21 1139
1 -12 0 2 21 1210
1 -11 0 2 21 1344
1 -12 0 2 21 1386
1 -12 0 2 21 1389
980 613 -51 558 105 1386
1170 844 -100 549 -45 1389
1185 892 -103 547 -61 1389
1190 914 -104 550 -57 1389
1193 923 -105 550 -57 1392
1197 940 -107 550 -60 1389
1202 947 -108 551 -57 1389
1212 959 -109 549 -63 1386
1216 960 -110 550 -62 1386
1220 960 -110 551 -60 1386
1220 955 -110 551 -59 1389
1228 957 -111 552 -58 1389
1228 949 -111 550 -60 1389
1230 946 -111 550 -59 1386
1232 941 -111 550 -59 1392
1232 935 -112 550 -60 1389
1235 932 -112 550 -60 1389
1238 928 -112 550 -61 1392
1240 925 -112 549 -62 1389
1245 925 -113 549 -62 1389
1246 922 -113 549 -63 1389
1248 918 -113 550 -62 1392
1249 917 -113 549 -63 1386
1251 916 -113 550 -62 1389
1252 913 -114 550 -60 1389
1259 914 -114 550 -62 1386
1259 912 -115 550 -62 1386
1261 912 -115 550 -60 1386
1261 910 -114 550 -61 1389
1261 908 -114 550 -63 1392
1262 907 -114 550 -61 1392
1263 907 -115 550 -61 1389
1265 909 -115 551 -60 1386
1268 911 -115 550 -60 1382
1270 912 -115 550 -62 1386
1269 909 -115 550 -62 1389
1271 911 -115 550 -62 1386
1272 912 -115 551 -59 1382
1272 912 -115 551 -60 1386
1272 913 -115 551 -60 1382
1270 911 -115 550 -62 1386
1269 910 -115 550 -62 1389
1269 911 -115 551 -61 1389
1269 912 -115 551 -61 1389
1269 914 -115 550 -62 1389
1266 911 -115 551 -62 1389
1269 916 -115 551 -60 1389
1266 919 -115 551 -60 1389
1255 924 -115 551 -61 1389
1216 930 -113 550 -60 1392
1181 955 -112 550 -62 1392
1143 968 -111 550 -62 1392
1115 970 -109 550 -62 1395
1102 963 -108 550 -61 1392
1099 960 -108 551 -61 1395
1100 958 -108 551 -61 1389
1099 956 -109 550 -62 1386
1098 953 -108 551 -60 1395
1098 951 -108 550 -62 1389
1096 948 -108 550 -62 1392
1097 947 -108 551 -61 1395
1097 946 -108 550 -61 1395
1097 945 -108 551 -62 1392
1097 945 -108 550 -62 1392
1098 945 -108 551 -61 1392
1097 943 -108 551 -61 1389
1096 941 -108 552 -60 1392
1096 940 -108 551 -61 1395
1097 941 -108 551 -61 1395
161 124 -7 27 22 1395
2 -11 0 2 22 486
1 -12 0 2 22 400
1 -12 -1 2 22 394
2 -11 0 2 22 394
1 -12 0 2 21 390
1 -12 0 2 22 390
1 -12 -1 2 22 390
1 -12 0 2 22 390
