1 -12 0 2 22 70
1 -12 0 2 22 22
1 -12 0 2 22 13
1 -12 0 2 22 6
1 -12 0 2 22 6
1 -12 0 2 22 3
1 -12 0 2 22 3
1 -12 0 2 22 3
1 -12 0 2 22 3
1 -12 0 2 22 3
1 -12 0 2 22 618
1 -12 0 2 22 486
1 -12 0 2 22 1578
1 -12 0 2 22 1882
1 -12 0 2 22 2202
1 -12 0 2 21 2314
1 -12 -1 2 22 2394
1 -12 -1 2 22 2403
1 -12 -1 2 22 2403
2047 800 -68 612 82 2438
2047 943 -53 604 -54 2394
2047 817 -38 602 -64 2397
2047 720 -33 602 -64 2397
2047 649 -32 602 -65 2400
2047 581 -29 603 -64 2403
2047 543 -28 603 -64 2397
2047 510 -28 603 -65 2397
2047 490 -27 603 -66 2394
2047 471 -27 604 -64 2394
2047 449 -26 602 -64 2397
2037 436 -25 602 -64 2400
2008 423 -25 603 -63 2400
286 48 1 28 22 2397
2 -11 -1 2 22 64
2 -12 -1 2 22 42
1 -12 -1 2 22 29
2 -12 0 2 22 19
2 -12 0 2 21 16
1 -11 0 2 22 13
1 -11 0 2 22 10
1 -12 0 2 21 614
1 -12 0 2 22 768
1 -12 0 2 22 1069
1 -12 0 2 22 1238
1 -12 0 2 22 1379
1 -12 0 1 20 1389
871 578 -28 549 109 1395
1076 707 -81 560 68 1382
1190 897 -104 548 -59 1386
1192 918 -105 549 -59 1386
1196 933 -106 550 -59 1389
1199 940 -107 550 -58 1386
1202 945 -108 549 -62 1392
1205 950 -108 549 -63 1392
1209 953 -109 550 -60 1389
1214 956 -109 551 -59 1389
1218 956 -109 551 -58 1389
1222 954 -110 551 -59 1392
1225 951 -110 551 -59 1392
1228 948 -110 551 -59 1392
1231 944 -111 550 -62 1392
1233 940 -111 550 -63 1389
1237 937 -111 550 -64 1389
1241 937 -112 550 -63 1392
1245 935 -112 550 -64 1389
1248 933 -112 550 -64 1389
1249 929 -113 550 -64 1389
1249 925 -113 550 -64 1392
1253 925 -113 550 -64 1392
1253 921 -113 551 -62 1392
1256 920 -113 551 -62 1389
1256 918 -113 551 -62 1392
1260 918 -113 551 -62 1392
1259 915 -113 551 -62 1395
1257 910 -113 551 -62 1402
1261 913 -113 551 -62 1392
1263 912 -113 551 -62 1395
1264 912 -114 551 -62 1395
1264 911 -114 551 -63 1395
1267 913 -114 551 -63 1395
1272 916 -114 551 -63 1389
1272 916 -114 551 -63 1386
1271 913 -114 550 -63 1389
1270 912 -114 550 -63 1386
1273 915 -114 550 -63 1386
1272 912 -115 550 -63 1389
1273 914 -114 550 -63 1386
1272 913 -114 550 -63 1389
1270 910 -114 550 -63 1392
1269 910 -114 550 -63 1392
1272 913 -114 550 -63 1389
1268 909 -114 550 -62 1395
1269 912 -114 550 -63 1392
1268 912 -114 550 -63 1392
1269 915 -114 550 -63 1392
1269 917 -114 550 -62 1389
1267 918 -114 550 -63 1392
1253 921 -113 550 -62 1392
1221 924 -112 550 -62 1392
1187 943 -111 550 -63 1395
1142 958 -109 550 -62 1395
1115 966 -108 550 -62 1395
1103 963 -107 550 -62 1398
1102 963 -107 550 -62 1392
1098 957 -107 551 -62 1398
1098 955 -107 551 -61 1392
1098 954 -107 550 -62 1392
1096 950 -106 551 -62 1395
1095 948 -107 550 -62 1395
1097 949 -106 551 -62 1392
1096 946 -106 551 -62 1395
1097 946 -107 551 -61 1395
1096 945 -106 551 -62 1395
1097 944 -107 550 -63 1392
1097 943 -106 551 -62 1392
1097 943 -106 551 -60 1392
1093 937 -106 551 -60 1395
1096 938 -106 551 -61 1398
1099 942 -106 551 -61 1392
2 -11 0 3 22 608
2 -11 -1 2 22 416
2 -11 -1 2 22 394
2 -12 -1 2 21 390
1 -12 -1 2 21 390
1 -11 -1 2 22 390
2 -12 -1 2 22 390
2 -12 -1 2 22 390
2 -12 -1 2 22 390
