1 -11 -1 -4 -11 3
1 -11 -1 -4 -11 3
1 -11 -1 -4 -11 3
1 -11 0 -4 -11 3
1 -11 0 -4 -11 714
1 -11 0 -4 -11 474
1 -11 -1 -4 -11 1392
1 -11 0 -4 -11 1837
1 -11 0 -4 -11 2163
1 -11 0 -4 -11 2294
1 -11 -1 -4 -11 2378
1 -11 0 -4 -11 2397
1 -11 0 -4 -11 2400
282 58 -14 582 1039 2397
2047 640 -77 601 24 2400
2047 746 -39 603 -92 2394
2047 684 -30 603 -110 2397
2047 591 -23 602 -118 2400
2047 530 -21 602 -118 2400
1992 477 -20 603 -117 2400
1928 446 -19 603 -116 2400
1885 423 -18 603 -116 2394
1833 400 -18 602 -117 2397
1800 385 -17 602 -116 2400
1770 370 -17 602 -116 2397
1752 360 -17 603 -116 2397
1736 352 -17 603 -117 2400
2 -11 -1 -4 -11 432
1 -11 0 -4 -11 115
1 -11 -1 -4 -11 54
1 -11 0 -4 -11 35
1 -11 0 -4 -11 26
1 -11 -1 -4 -11 19
1 -11 0 -4 -11 13
1 -11 0 -4 -11 10
1 -11 0 -5 -14 10
1 -11 0 -5 -12 736
1 -11 0 -4 -10 797
1 -12 0 -4 -10 1114
1 -11 0 -4 -10 1261
1 -11 0 -4 -10 1373
1 -11 0 -5 -14 1389
1 -12 -1 -5 -13 1389
916 585 -47 557 22 1386
1072 719 -82 549 -103 1382
1072 736 -83 548 -115 1392
1073 748 -83 550 -115 1389
1076 758 -84 550 -116 1389
1080 765 -84 550 -115 1389
1082 768 -84 551 -115 1395
1086 773 -85 551 -114 1392
1090 777 -85 551 -114 1392
1095 781 -86 551 -115 1389
1098 783 -86 552 -115 1389
1100 783 -86 551 -114 1392
1101 781 -86 551 -114 1392
1104 780 -86 551 -114 1392
1108 779 -86 551 -114 1389
1107 774 -86 550 -115 1389
1111 773 -86 551 -114 1389
1113 771 -86 551 -113 1392
1113 768 -87 551 -115 1386
1116 764 -86 551 -114 1389
1120 760 -86 551 -115 1392
1123 761 -86 551 -114 1392
1124 759 -87 550 -115 1392
1128 759 -87 551 -114 1389
1129 758 -87 551 -115 1395
1131 756 -87 551 -114 1392
1133 756 -87 551 -114 1389
1135 756 -87 551 -115 1389
1134 754 -87 551 -115 1395
1136 754 -87 551 -115 1395
1140 755 -87 552 -114 1389
1139 754 -87 550 -114 1389
1141 754 -87 550 -115 1389
1141 753 -87 550 -115 1389
1144 754 -87 551 -114 1392
1146 755 -87 551 -114 1386
1147 754 -87 551 -114 1386
1147 754 -87 551 -114 1386
1148 754 -87 551 -113 1386
1151 756 -87 551 -114 1386
1149 754 -87 551 -114 1389
1150 755 -87 551 -114 1386
1151 756 -87 551 -113 1386
1149 753 -87 551 -114 1389
1150 754 -87 551 -114 1389
1149 754 -87 551 -114 1389
1152 756 -87 551 -114 1386
1151 756 -87 551 -114 1389
1149 755 -87 551 -114 1389
1149 755 -87 551 -115 1389
1149 756 -87 551 -115 1392
1148 756 -87 551 -115 1392
1146 758 -87 550 -116 1392
1141 765 -86 551 -116 1389
1124 775 -85 550 -116 1392
1083 791 -83 550 -115 1392
1043 797 -82 550 -115 1389
1004 789 -81 550 -116 1392
992 783 -80 551 -115 1392
987 779 -80 551 -115 1389
985 777 -81 551 -115 1389
984 776 -80 551 -114 1389
983 775 -81 551 -115 1392
984 777 -81 551 -116 1386
982 775 -81 551 -116 1392
983 776 -81 551 -116 1386
981 774 -80 551 -115 1392
980 773 -80 551 -115 1392
980 773 -80 551 -116 1392
980 773 -80 551 -116 1392
979 772 -80 551 -115 1392
978 771 -80 551 -115 1398
980 773 -80 551 -116 1389
979 772 -80 551 -116 1398
980 773 -80 549 -119 1392
979 773 -80 548 -121 1389
981 775 -80 550 -120 1395
17 2 -1 -2 -12 1363
1 -11 -1 -4 -12 448
1 -11 -1 -4 -12 400
1 -11 0 -4 -12 390
1 -11 0 -4 -11 390
1 -11 -1 -4 -12 390
1 -11 -1 -4 -12 394
1 -11 -1 -4 -12 390
1 -11 -1 -4 -12 390
