1 -11 -1 -5 -15 70
1 -11 0 -5 -15 26
1 -11 0 -5 -14 13
1 -11 0 -5 -14 6
1 -11 -1 -5 -15 6
1 -11 -1 -5 -15 6
1 -11 0 -5 -15 6
1 -11 0 -5 -15 3
1 -11 -1 -5 -15 6
1 -11 0 -5 -15 3
1 -11 -1 -5 -15 640
1 -11 0 -5 -15 515
1 -11 0 -5 -14 1539
1 -11 0 -5 -15 1840
1 -11 -1 -5 -15 2186
1 -11 -1 -5 -15 2246
1 -11 -1 -5 -15 2301
1 -11 -1 -5 -15 2333
1 -11 -1 -5 -15 2349
1 -11 -1 -5 -15 2394
1 -11 -1 -5 -15 2394
1 -11 -1 -5 -15 2390
2047 910 -77 603 -4 2448
2047 973 -47 603 -88 2406
2047 821 -33 602 -101 2403
2047 713 -29 602 -102 2400
2047 631 -27 603 -101 2400
2047 560 -25 603 -102 2400
2047 520 -24 603 -101 2403
2047 485 -23 603 -102 2400
2047 463 -23 603 -102 2400
2047 445 -22 603 -102 2400
2047 428 -22 603 -102 2397
2040 416 -21 603 -101 2397
2012 403 -21 604 -102 2397
34 -4 -1 -2 -14 2323
2 -11 -1 -4 -14 256
1 -11 -1 -5 -14 83
1 -11 -1 -5 -13 51
1 -11 -1 -5 -14 32
1 -11 -1 -5 -14 22
1 -11 0 -5 -14 19
1 -11 -1 -5 -14 13
1 -11 -1 -5 -14 10
1 -11 -1 -5 -14 10
1 -11 0 -5 -14 614
1 -11 -1 -5 -14 813
1 -11 -1 -6 -17 1181
1 -11 -1 -5 -16 1283
1 -11 0 -5 -13 1328
1 -11 0 -4 -13 1350
1 -11 -1 -4 -13 1376
1 -11 0 -5 -13 1386
561 397 20 484 274 1386
1128 750 -85 553 -18 1389
1197 841 -101 545 -105 1389
1203 857 -101 548 -105 1389
1212 870 -101 549 -104 1395
1217 879 -102 550 -104 1392
1224 887 -103 550 -105 1395
1228 894 -104 550 -104 1392
1230 897 -104 550 -105 1395
1233 901 -104 551 -104 1395
1236 902 -104 550 -104 1395
1242 904 -105 551 -105 1392
1246 904 -105 551 -105 1392
1252 907 -105 551 -106 1389
1257 905 -105 550 -106 1392
1260 904 -105 551 -106 1392
1267 905 -105 551 -106 1392
1270 904 -105 551 -106 1392
1273 902 -105 552 -104 1392
1275 899 -105 550 -105 1392
1280 899 -105 550 -106 1392
1284 899 -104 550 -106 1389
1287 898 -104 550 -105 1392
1292 900 -105 550 -105 1389
1294 897 -105 550 -105 1392
1297 897 -105 551 -104 1392
1298 895 -105 551 -104 1392
1302 897 -105 551 -104 1389
1304 896 -105 551 -104 1392
1309 897 -105 551 -104 1392
1311 898 -106 551 -104 1392
1313 897 -106 551 -104 1389
1316 898 -106 551 -104 1389
1317 897 -106 551 -104 1392
1318 896 -106 551 -104 1392
1318 895 -106 551 -104 1392
1320 895 -106 552 -104 1392
1320 894 -105 552 -104 1395
1320 895 -106 551 -104 1398
1318 893 -105 550 -104 1398
1318 892 -105 550 -104 1395
1319 894 -106 550 -104 1395
1320 895 -105 551 -104 1392
1320 895 -106 551 -104 1392
1318 894 -105 550 -103 1398
1319 895 -105 550 -104 1395
1318 895 -105 551 -104 1395
1317 896 -105 550 -103 1395
1315 896 -105 550 -104 1395
1312 902 -104 550 -104 1395
1294 914 -104 550 -105 1395
1244 927 -101 549 -104 1395
1165 932 -98 550 -104 1395
1121 916 -97 550 -104 1395
1104 904 -97 550 -104 1398
1101 900 -97 550 -104 1398
1099 897 -97 550 -103 1395
1099 895 -97 550 -104 1395
1097 892 -97 550 -104 1395
1095 889 -97 550 -104 1395
1093 887 -97 550 -104 1395
1093 887 -96 551 -105 1395
1094 887 -97 550 -104 1398
1093 885 -97 550 -105 1395
1093 885 -96 550 -104 1402
1092 884 -96 550 -105 1395
1092 884 -96 550 -105 1395
1092 884 -96 550 -104 1398
1092 884 -96 550 -104 1398
1093 885 -96 550 -104 1398
1093 885 -96 550 -104 1395
19 4 -2 -2 -15 1373
1 -11 0 -4 -15 429
1 -11 0 -5 -15 400
1 -11 -1 -5 -15 394
1 -11 -1 -5 -15 394
1 -11 0 -5 -15 394
1 -11 -1 -5 -15 394
1 -11 -1 -5 -15 394
1 -11 0 -5 -15 394
