1 -11 0 -5 -16 74
1 -11 0 -5 -16 19
1 -11 -1 -5 -16 10
1 -11 -1 -5 -16 6
1 -11 0 -5 -16 6
1 -11 0 -5 -16 6
1 -12 0 -5 -16 6
1 -11 0 -5 -16 3
1 -11 -1 -5 -16 3
1 -11 0 -5 -16 3
1 -11 0 -5 -16 646
1 -11 0 -5 -16 480
1 -11 0 -5 -16 1523
1 -11 0 -5 -16 1837
1 -11 0 -5 -16 2208
1 -12 -1 -5 -16 2285
1 -11 0 -5 -16 2397
1 -11 0 -5 -16 2400
2047 828 -64 605 40 2451
2047 944 -47 603 -51 2413
2047 860 -34 601 -59 2403
2047 739 -28 603 -59 2397
2047 664 -26 603 -59 2394
2047 596 -24 603 -60 2397
2047 557 -23 603 -59 2394
2047 526 -22 603 -60 2394
2047 495 -22 604 -58 2397
2047 474 -21 603 -59 2400
2047 453 -20 603 -59 2403
2047 440 -20 603 -59 2406
2047 428 -20 603 -59 2406
295 49 1 21 -15 2397
2 -11 -1 -4 -15 422
1 -11 0 -4 -15 96
1 -11 0 -4 -15 58
1 -11 0 -5 -15 38
1 -11 0 -5 -15 26
1 -11 0 -5 -15 19
1 -11 -1 -5 -15 16
1 -11 0 -5 -15 13
1 -11 0 -5 -15 10
1 -11 0 -5 -15 598
1 -11 0 -5 -15 803
1 -11 0 -5 -15 1162
1 -11 0 -5 -15 1194
1 -11 -1 -5 -15 1338
1 -11 0 -5 -15 1373
1 -11 -1 -6 -18 1386
1026 658 -64 556 83 1386
1182 880 -105 552 -15 1389
1208 944 -109 548 -53 1389
1213 960 -110 549 -53 1392
1220 976 -111 550 -53 1392
1224 983 -112 549 -58 1389
1227 990 -112 549 -56 1392
1232 996 -113 550 -55 1389
1242 1008 -112 550 -54 1392
1249 1012 -113 551 -54 1392
1252 1009 -113 550 -57 1392
1256 1010 -113 550 -56 1392
1260 1006 -113 550 -55 1389
1260 1000 -113 550 -56 1392
1264 996 -113 550 -57 1389
1266 992 -113 551 -56 1392
1268 988 -113 550 -56 1392
1271 985 -114 550 -56 1392
1273 983 -114 550 -57 1389
1276 980 -114 550 -57 1389
1277 977 -115 551 -56 1389
1279 976 -114 550 -57 1389
1281 972 -114 550 -58 1392
1282 970 -115 550 -57 1392
1284 969 -115 551 -57 1392
1286 967 -115 550 -56 1392
1288 967 -116 551 -57 1392
1288 964 -116 551 -56 1392
1290 963 -116 551 -56 1392
1292 961 -116 551 -57 1392
1293 961 -116 551 -57 1392
1294 961 -116 551 -56 1392
1296 960 -116 551 -56 1389
1296 960 -116 551 -56 1392
1297 958 -116 551 -56 1392
1297 956 -116 551 -56 1392
1299 957 -116 551 -56 1392
1300 957 -116 552 -56 1392
1299 954 -116 550 -56 1395
1300 955 -116 550 -56 1392
1300 954 -116 550 -56 1392
1302 956 -117 550 -56 1392
1302 955 -117 550 -56 1392
1303 955 -117 550 -56 1392
1303 955 -117 551 -56 1392
1303 955 -117 550 -56 1392
1302 956 -117 550 -56 1392
1303 957 -117 551 -56 1389
1304 958 -117 551 -56 1392
1304 960 -117 551 -56 1392
1304 959 -117 551 -56 1392
1304 960 -117 551 -56 1392
1304 960 -117 551 -56 1392
1302 960 -117 551 -56 1389
1300 962 -117 551 -56 1392
1292 965 -116 550 -57 1392
1267 970 -116 550 -57 1392
1234 977 -114 550 -56 1395
1190 979 -113 550 -56 1392
1157 985 -111 550 -57 1392
1144 991 -110 550 -57 1389
1139 993 -109 550 -58 1392
1135 989 -109 550 -57 1395
1134 986 -109 550 -57 1392
1133 983 -108 550 -57 1395
1133 982 -108 550 -57 1392
1132 979 -108 550 -57 1392
1132 977 -108 550 -57 1392
1133 977 -108 550 -57 1392
1133 977 -108 550 -57 1392
1132 975 -108 550 -57 1392
1132 974 -107 550 -57 1395
1134 977 -108 550 -57 1392
1133 975 -108 550 -57 1392
1132 973 -108 550 -56 1392
1134 975 -107 550 -57 1392
1134 976 -108 550 -57 1392
1135 976 -107 550 -57 1392
1136 977 -108 550 -57 1389
165 128 -7 19 -16 1386
1 -11 0 -5 -16 486
1 -11 0 -5 -17 410
1 -11 0 -5 -16 394
1 -11 0 -5 -16 394
1 -11 0 -5 -17 394
1 -11 0 -5 -16 394
1 -11 0 -5 -16 394
1 -11 0 -5 -17 394
