1 -11 -1 -5 -18 32
1 -11 -1 -5 -18 16
1 -11 -1 -5 -18 10
1 -11 -1 -5 -18 6
1 -11 -1 -5 -18 6
1 -11 0 -5 -18 6
1 -11 0 -5 -18 3
1 -11 0 -5 -17 3
1 -11 -1 -5 -17 6
1 -11 0 -5 -17 3
1 -11 -1 -5 -17 646
1 -11 -1 -5 -17 470
1 -11 0 -5 -18 1514
1 -12 0 -6 -18 1837
1 -11 0 -5 -18 2144
1 -11 -1 -5 -18 2240
1 -12 -1 -5 -17 2346
1 -11 0 -6 -17 2381
1 -12 0 -6 -18 2394
1 -12 0 -6 -18 2394
2047 880 -65 605 20 2448
2047 989 -47 602 -53 2410
2047 854 -32 602 -56 2403
2047 748 -28 602 -56 2406
2047 666 -25 602 -56 2403
2047 595 -24 603 -56 2400
2047 555 -23 603 -56 2400
2047 517 -22 603 -55 2400
2047 494 -21 603 -56 2400
2047 475 -21 603 -56 2400
2047 457 -20 604 -56 2397
2047 443 -20 603 -56 2394
2047 430 -20 603 -56 2394
294 49 1 21 -17 2387
2 -11 -1 -5 -17 419
1 -11 0 -5 -18 99
1 -11 0 -6 -18 58
1 -11 -1 -6 -18 35
1 -11 0 -5 -18 26
1 -11 -1 -5 -17 19
1 -11 -1 -5 -18 16
1 -11 0 -5 -17 13
1 -11 0 -5 -18 10
1 -12 0 -5 -17 592
1 -12 -1 -5 -17 813
1 -12 0 -5 -18 1082
1 -11 -1 -5 -18 1213
1 -12 -1 -5 -18 1296
1 -12 0 -5 -18 1325
1 -12 -1 -6 -20 1347
1 -12 -1 -6 -19 1382
1 -11 -1 -5 -16 1386
557 398 24 484 296 1389
1056 696 -71 557 71 1386
1213 900 -106 548 -48 1389
1214 924 -106 548 -53 1389
1220 938 -107 549 -54 1392
1227 952 -108 550 -52 1392
1231 960 -109 550 -51 1389
1236 968 -109 551 -50 1392
1241 976 -110 550 -52 1392
1242 976 -110 550 -52 1392
1247 980 -110 550 -52 1392
1250 980 -111 550 -52 1392
1253 979 -111 550 -53 1392
1257 978 -111 550 -52 1389
1260 976 -112 550 -52 1389
1264 975 -112 550 -52 1386
1266 972 -112 550 -52 1389
1270 971 -112 551 -52 1389
1273 968 -112 551 -52 1389
1276 968 -112 551 -53 1389
1279 966 -112 550 -53 1389
1281 965 -113 551 -52 1392
1281 962 -113 551 -52 1392
1284 960 -113 551 -52 1392
1285 960 -113 551 -52 1395
1288 959 -112 551 -52 1392
1291 959 -113 551 -52 1395
1294 960 -113 551 -52 1392
1298 960 -113 551 -52 1389
1300 960 -113 551 -52 1392
1301 960 -113 551 -52 1392
1303 958 -113 552 -52 1392
1301 955 -113 551 -52 1392
1304 955 -113 550 -53 1389
1305 955 -114 550 -53 1392
1307 954 -114 550 -53 1392
1307 953 -114 550 -53 1392
1309 954 -114 550 -53 1392
1310 953 -114 551 -52 1392
1310 953 -114 551 -52 1392
1313 955 -114 550 -52 1392
1314 956 -114 551 -52 1392
1315 956 -114 550 -53 1392
1317 958 -114 550 -52 1389
1316 958 -114 550 -53 1389
1316 957 -114 551 -52 1389
1315 957 -114 550 -53 1392
1315 957 -114 551 -53 1389
1315 958 -114 551 -52 1389
1314 958 -114 550 -53 1389
1314 960 -114 550 -52 1389
1314 961 -114 550 -53 1392
1313 961 -114 551 -52 1389
1312 961 -113 550 -53 1392
1308 965 -113 550 -53 1392
1288 978 -113 550 -54 1392
1248 989 -112 550 -52 1392
1206 999 -110 550 -53 1392
1165 992 -108 550 -53 1392
1151 985 -107 550 -53 1389
1142 976 -106 550 -53 1389
1139 972 -106 551 -52 1392
1137 968 -106 550 -53 1392
1137 966 -106 551 -53 1389
1137 964 -106 550 -53 1392
1136 962 -106 550 -53 1389
1136 961 -106 550 -53 1389
1136 961 -105 550 -53 1392
1136 961 -106 550 -53 1389
1136 960 -106 551 -53 1389
1136 960 -106 550 -53 1389
1136 959 -105 550 -53 1392
1136 960 -105 551 -53 1389
1136 959 -105 550 -53 1389
1135 958 -105 550 -53 1392
1135 958 -105 550 -53 1392
1135 958 -105 550 -53 1392
4 -9 -1 -4 -19 973
1 -11 -1 -5 -18 419
1 -11 0 -5 -18 397
1 -11 0 -5 -18 394
1 -11 0 -5 -18 394
1 -11 0 -5 -18 394
1 -11 -1 -6 -19 394
1 -12 -1 -5 -18 394
1 -12 -1 -5 -18 394
