1 -11 -1 -5 -18 70
1 -12 0 -5 -18 26
1 -11 -1 -5 -18 13
1 -12 -1 -5 -18 6
1 -12 0 -5 -18 6
1 -11 -1 -5 -18 6
1 -12 0 -5 -18 6
1 -12 -1 -5 -18 6
1 -11 -1 -5 -18 3
1 -11 0 -5 -18 3
1 -12 -1 -5 -18 634
1 -12 -1 -6 -18 490
1 -12 -1 -6 -18 1405
1 -12 -1 -6 -18 1856
1 -11 -1 -6 -18 2112
1 -12 -1 -6 -18 2234
1 -12 -1 -6 -18 2339
1 -12 -1 -6 -19 2355
1 -12 -1 -6 -18 2400
1 -12 -1 -6 -19 2400
2047 856 -65 607 33 2454
2047 962 -46 602 -49 2413
2047 864 -34 602 -49 2403
2047 725 -27 602 -49 2403
2047 644 -25 602 -50 2403
2047 574 -23 602 -50 2400
2047 534 -22 602 -50 2403
2047 504 -22 603 -50 2403
2047 476 -21 603 -50 2397
2047 458 -21 603 -50 2397
2047 440 -20 603 -50 2397
2037 427 -20 603 -50 2400
2016 416 -20 603 -51 2397
286 47 1 21 -18 2387
2 -11 -1 -5 -18 422
1 -11 -1 -5 -18 99
1 -12 -1 -5 -18 58
1 -12 0 -5 -18 38
1 -11 0 -5 -18 26
1 -11 0 -5 -18 19
1 -11 -1 -5 -18 13
1 -11 0 -5 -18 13
1 -11 0 -5 -18 10
1 -12 -1 -5 -18 592
1 -12 0 -5 -18 813
1 -12 0 -5 -18 1130
1 -12 0 -5 -18 1210
1 -12 0 -6 -21 1312
1 -12 -1 -5 -19 1341
1 -12 0 -5 -17 1370
1 -12 0 -5 -17 1382
1 -12 0 -5 -17 1386
1020 664 -62 556 84 1386
1209 896 -106 546 -49 1389
1208 914 -106 548 -48 1389
1213 928 -106 549 -48 1392
1218 937 -107 550 -46 1392
1220 942 -108 550 -46 1398
1227 952 -108 550 -48 1395
1231 958 -109 550 -47 1392
1238 966 -110 551 -48 1392
1242 969 -110 551 -48 1392
1246 970 -111 551 -48 1392
1250 971 -111 552 -48 1392
1252 969 -111 551 -48 1392
1257 970 -112 552 -49 1389
1257 965 -112 550 -48 1392
1261 964 -112 550 -48 1392
1263 961 -112 550 -49 1389
1266 960 -112 550 -49 1389
1268 957 -112 551 -48 1389
1272 958 -112 551 -48 1389
1274 957 -112 551 -48 1389
1277 957 -112 551 -48 1389
1277 953 -112 551 -48 1392
1280 953 -112 551 -48 1392
1282 952 -112 551 -48 1392
1285 953 -113 551 -48 1389
1286 951 -113 551 -48 1392
1288 950 -113 551 -48 1392
1288 949 -113 551 -48 1392
1292 950 -113 551 -48 1392
1294 952 -113 551 -48 1389
1296 951 -113 551 -48 1389
1299 953 -113 551 -48 1389
1300 952 -113 551 -48 1389
1301 952 -114 551 -49 1389
1303 952 -114 551 -49 1389
1305 953 -114 552 -48 1386
1303 949 -113 550 -49 1389
1304 949 -113 550 -49 1389
1304 949 -113 550 -49 1389
1304 949 -113 550 -48 1389
1305 950 -113 550 -49 1389
1303 948 -113 551 -48 1392
1300 945 -113 550 -49 1392
1303 949 -113 550 -48 1392
1301 947 -113 550 -49 1392
1301 948 -113 551 -49 1395
1301 948 -113 551 -48 1392
1301 950 -113 550 -49 1392
1302 951 -113 551 -48 1395
1301 951 -113 551 -48 1392
1298 951 -113 551 -48 1395
1296 956 -113 551 -48 1392
1276 966 -112 550 -49 1392
1242 981 -111 550 -47 1395
1201 993 -110 550 -49 1395
1159 986 -107 550 -49 1392
1142 976 -106 550 -49 1395
1136 972 -106 550 -49 1392
1133 967 -106 550 -49 1395
1132 963 -106 550 -49 1395
1131 960 -106 550 -49 1395
1130 958 -105 550 -49 1395
1129 955 -105 550 -49 1395
1128 953 -105 550 -49 1398
1128 953 -104 550 -49 1398
1131 956 -105 550 -49 1392
1130 955 -105 551 -49 1392
1131 955 -105 551 -49 1392
1132 955 -105 551 -49 1389
1132 955 -105 551 -49 1389
1130 953 -105 550 -49 1392
1129 951 -104 551 -49 1395
1129 951 -104 551 -49 1392
1129 952 -104 550 -49 1392
4 -9 0 -4 -19 986
1 -11 0 -5 -18 432
1 -11 0 -5 -19 400
1 -11 -1 -5 -19 394
1 -12 -1 -5 -19 394
1 -12 -1 -5 -19 394
1 -11 -1 -5 -19 394
1 -12 -1 -5 -19 394
1 -12 -1 -5 -19 394
