2 -12 0 2 21 70
2 -12 -1 2 21 19
2 -12 -1 2 21 10
2 -12 -1 2 21 6
2 -11 -1 2 21 6
2 -11 0 2 21 3
2 -12 -1 2 21 3
2 -12 -1 2 21 3
2 -11 -1 2 21 3
2 -12 -1 2 21 3
2 -12 0 2 21 624
2 -12 -1 2 21 499
2 -12 -1 2 21 1546
2 -12 -1 2 21 1862
1 -12 -1 2 21 2240
2 -11 0 2 21 2310
1 -12 -1 2 21 2397
1 -12 -1 2 21 2397
2047 848 -78 606 18 2448
2047 961 -62 602 -64 2394
2047 863 -49 602 -67 2397
2047 782 -45 602 -68 2397
2047 717 -43 602 -68 2397
2047 652 -40 602 -68 2397
2047 611 -39 602 -68 2397
2047 572 -38 602 -69 2400
2047 548 -37 602 -68 2397
2047 526 -36 603 -68 2400
2047 505 -36 602 -68 2400
2047 491 -35 603 -69 2397
2047 473 -34 603 -69 2397
35 -4 -1 5 21 2333
2 -11 0 2 21 253
2 -11 0 2 21 83
2 -12 0 2 21 48
2 -12 0 2 21 32
2 -11 0 2 21 22
2 -11 0 2 21 19
2 -11 0 2 21 13
2 -11 0 2 21 10
2 -12 -1 2 21 10
2 -12 0 2 21 608
1 -12 -1 2 21 765
2 -12 0 2 21 1235
1 -12 0 2 21 1373
1 -12 0 2 21 1386
1 -12 -1 1 18 1386
1050 663 -73 560 81 1382
1189 840 -102 549 -59 1386
1194 869 -103 549 -62 1389
1194 887 -104 549 -62 1392
1196 897 -104 549 -63 1386
1199 903 -105 549 -65 1389
1203 908 -105 548 -66 1389
1217 921 -106 550 -63 1392
1221 924 -107 551 -64 1389
1225 925 -107 551 -62 1389
1230 925 -108 551 -64 1389
1234 925 -108 551 -64 1386
1237 924 -109 551 -64 1389
1241 923 -109 551 -64 1389
1242 919 -109 551 -66 1389
1245 917 -109 551 -64 1389
1245 912 -109 551 -64 1392
1248 910 -109 551 -65 1395
1252 910 -109 551 -66 1395
1254 908 -110 552 -65 1389
1257 908 -110 552 -64 1392
1258 905 -110 551 -66 1389
1261 905 -110 550 -68 1389
1262 903 -110 551 -66 1389
1260 898 -110 550 -66 1389
1265 900 -111 551 -66 1392
1267 900 -111 550 -64 1395
1270 900 -111 551 -64 1392
1268 896 -111 550 -67 1389
1268 894 -110 550 -66 1392
1269 895 -110 551 -64 1392
1270 895 -111 551 -66 1389
1273 895 -111 551 -64 1389
1276 897 -111 550 -67 1389
1277 896 -111 550 -66 1395
1279 897 -112 550 -66 1389
1281 898 -112 550 -66 1389
1282 898 -112 550 -66 1389
1281 898 -112 551 -66 1389
1285 903 -112 551 -64 1386
1282 899 -112 550 -66 1389
1282 900 -112 550 -64 1389
1281 899 -112 550 -66 1389
1280 898 -112 550 -67 1392
1280 898 -112 550 -64 1395
1280 901 -112 550 -66 1392
1278 901 -112 550 -66 1392
1278 901 -112 550 -65 1389
1278 903 -112 550 -66 1395
1277 906 -112 550 -65 1389
1266 914 -112 550 -67 1389
1244 932 -111 549 -67 1392
1194 953 -109 550 -65 1395
1147 964 -108 550 -66 1392
1116 957 -107 550 -64 1392
1104 951 -107 550 -66 1392
1098 946 -107 550 -64 1389
1096 944 -107 550 -64 1395
1093 940 -106 550 -65 1395
1093 940 -107 550 -65 1389
1092 938 -107 550 -66 1392
1093 938 -107 550 -65 1389
1092 935 -107 550 -65 1395
1092 935 -107 550 -66 1392
1091 932 -107 550 -66 1392
1091 930 -107 549 -67 1395
1092 930 -107 550 -66 1392
1091 929 -107 551 -64 1392
1092 929 -107 550 -64 1389
1091 926 -107 550 -67 1392
1092 926 -107 550 -64 1395
1093 926 -107 550 -65 1395
1094 927 -107 550 -66 1389
19 4 -2 4 21 1360
2 -11 0 2 21 445
2 -11 0 2 21 400
2 -11 -1 3 21 390
2 -12 0 2 21 390
2 -11 -1 2 21 390
2 -12 -1 2 21 390
2 -12 0 2 21 390
2 -12 -1 2 21 390
