1 -11 0 -5 -18 42
1 -12 0 -5 -18 16
1 -11 0 -5 -18 10
1 -11 0 -5 -18 6
1 -12 0 -5 -18 6
1 -11 0 -5 -18 6
1 -11 -1 -5 -18 3
1 -11 0 -5 -18 3
1 -11 0 -5 -18 3
1 -11 0 -5 -18 3
1 -11 0 -5 -18 640
1 -11 0 -5 -18 477
1 -11 0 -5 -18 1392
1 -11 -1 -5 -18 1827
1 -11 -1 -5 -18 2109
1 -12 -1 -5 -18 2211
1 -12 -1 -5 -18 2301
1 -12 0 -5 -18 2342
1 -11 -1 -5 -18 2378
1 -11 -1 -5 -18 2403
1 -11 -1 -5 -18 2403
2047 837 -62 606 54 2442
2047 946 -46 603 -40 2419
2047 829 -31 602 -50 2406
2047 726 -27 602 -49 2403
2047 629 -25 602 -48 2406
2047 577 -24 602 -50 2400
2047 537 -23 603 -50 2403
2047 500 -22 603 -50 2400
2047 478 -21 603 -50 2400
2047 456 -20 603 -49 2400
2047 442 -20 603 -50 2397
2030 426 -20 604 -49 2400
2005 415 -19 602 -50 2400
282 47 1 21 -18 2390
1 -11 -1 -5 -18 256
1 -11 0 -5 -18 96
1 -11 -1 -5 -18 51
1 -11 -1 -5 -18 35
1 -12 0 -5 -18 26
1 -11 0 -5 -18 16
1 -11 0 -5 -18 13
1 -11 0 -5 -18 10
1 -11 -1 -5 -18 10
1 -12 -1 -5 -18 595
1 -12 -1 -5 -18 816
1 -11 0 -5 -18 1142
1 -12 0 -5 -18 1302
1 -12 -1 -5 -18 1350
1 -12 0 -6 -20 1379
1 -12 -1 -5 -18 1386
1 -12 -1 -5 -17 1386
1019 661 -62 555 84 1386
1212 897 -105 547 -44 1389
1213 917 -106 548 -45 1389
1218 932 -107 548 -50 1389
1225 943 -108 550 -48 1389
1231 953 -109 550 -47 1389
1236 961 -110 551 -46 1389
1241 968 -110 552 -45 1386
1243 970 -111 550 -47 1389
1247 973 -111 551 -46 1389
1247 969 -111 550 -47 1389
1251 969 -111 551 -47 1389
1254 968 -111 550 -48 1389
1258 967 -112 551 -47 1389
1260 965 -112 551 -47 1389
1265 964 -112 551 -48 1389
1268 962 -113 550 -49 1389
1271 961 -113 551 -47 1386
1272 958 -112 552 -47 1389
1274 956 -113 551 -47 1392
1277 955 -113 551 -48 1392
1279 954 -113 550 -46 1392
1279 951 -112 550 -46 1392
1280 949 -112 550 -48 1392
1281 947 -112 550 -48 1392
1284 947 -112 550 -47 1392
1285 945 -113 550 -47 1392
1287 945 -113 550 -47 1392
1289 944 -113 551 -46 1392
1290 943 -113 550 -47 1392
1290 941 -113 550 -47 1395
1292 941 -113 551 -46 1395
1294 942 -113 550 -47 1395
1296 942 -113 551 -47 1395
1296 940 -113 551 -47 1395
1298 940 -113 551 -47 1395
1300 941 -113 551 -47 1392
1301 941 -113 551 -47 1392
1305 944 -113 551 -47 1392
1305 943 -113 551 -48 1389
1308 945 -114 551 -48 1392
1308 945 -114 551 -48 1392
1307 944 -113 551 -48 1392
1306 942 -113 551 -48 1395
1306 943 -113 551 -48 1395
1307 944 -113 551 -47 1395
1307 944 -113 551 -47 1392
1307 944 -113 551 -48 1395
1308 946 -113 551 -48 1392
1308 946 -113 551 -47 1392
1307 947 -113 551 -47 1392
1307 947 -113 551 -48 1392
1306 948 -113 551 -47 1392
1301 954 -114 551 -48 1392
1281 964 -113 550 -49 1392
1228 980 -112 550 -47 1395
1192 997 -110 551 -49 1395
1159 987 -108 551 -48 1395
1144 980 -107 550 -49 1395
1137 973 -106 550 -49 1395
1134 967 -106 550 -48 1398
1134 965 -106 550 -48 1395
1132 962 -105 550 -49 1395
1131 960 -105 550 -48 1395
1131 958 -105 551 -49 1395
1131 957 -105 551 -49 1398
1131 956 -104 550 -49 1395
1132 956 -104 551 -48 1398
1133 957 -105 551 -48 1395
1133 956 -104 551 -48 1398
1133 956 -104 551 -48 1395
1133 956 -104 551 -48 1395
1134 956 -104 551 -48 1395
1132 955 -104 550 -48 1392
1132 955 -104 550 -49 1392
1133 956 -104 550 -49 1392
4 -9 -2 -4 -19 992
1 -11 -1 -5 -19 432
1 -12 -1 -5 -18 397
1 -12 -1 -5 -18 394
1 -11 -1 -5 -19 394
1 -12 -1 -5 -19 394
1 -11 -1 -5 -18 394
1 -12 0 -5 -18 394
1 -11 0 -5 -18 394
