2 -11 0 2 21 67
2 -12 -1 2 21 19
2 -12 0 2 21 10
2 -12 0 2 21 6
2 -11 0 2 21 6
2 -12 0 2 21 6
2 -12 -1 2 21 3
2 -12 0 2 21 3
2 -12 -1 2 21 3
2 -11 0 2 21 3
2 -12 0 2 21 621
2 -12 0 2 21 509
1 -12 0 2 21 1565
2 -12 0 2 21 1846
2 -12 0 2 21 2224
2 -12 0 2 21 2266
2 -12 -1 2 21 2320
2 -12 0 2 21 2368
2 -12 0 2 21 2400
2 -12 0 2 21 2400
2047 797 -79 609 53 2435
2047 961 -62 600 -68 2394
2047 878 -51 602 -68 2397
2047 774 -45 602 -70 2400
2047 704 -42 603 -69 2400
2047 654 -41 603 -71 2400
2047 605 -39 602 -71 2400
2047 575 -39 603 -70 2397
2047 545 -37 603 -71 2400
2047 525 -37 604 -69 2400
2047 510 -36 604 -69 2397
2047 483 -35 602 -70 2403
2047 470 -35 602 -73 2397
3 -11 -1 2 21 435
2 -11 0 2 21 115
2 -12 0 2 21 54
2 -12 -1 2 21 35
2 -12 0 2 21 26
2 -12 -1 2 21 19
2 -12 -1 2 21 13
2 -11 -1 2 21 10
2 -12 -1 2 21 10
2 -12 -1 2 21 618
2 -12 -1 2 21 771
2 -12 -1 2 21 1094
2 -12 -1 2 21 1213
2 -12 -2 1 19 1322
2 -12 -1 2 20 1376
2 -12 0 3 22 1389
1 -12 0 3 22 1386
1009 627 -64 563 129 1382
1177 825 -101 550 -43 1389
1204 873 -103 548 -62 1386
1206 896 -104 548 -68 1386
1209 908 -105 549 -66 1386
1211 914 -105 550 -64 1382
1214 917 -106 550 -64 1389
1216 918 -106 551 -64 1392
1220 921 -106 550 -65 1386
1224 922 -107 550 -65 1386
1226 918 -107 551 -64 1395
1229 918 -107 550 -66 1389
1234 919 -108 551 -66 1392
1242 922 -109 550 -67 1382
1244 920 -109 550 -68 1382
1248 918 -109 550 -68 1386
1251 916 -109 550 -68 1386
1250 910 -109 550 -69 1389
1253 909 -109 550 -70 1389
1255 906 -109 550 -69 1392
1260 906 -110 551 -66 1392
1261 904 -110 551 -67 1392
1264 904 -110 551 -67 1389
1265 901 -110 550 -68 1395
1267 901 -110 550 -68 1392
1270 900 -111 550 -69 1392
1273 902 -111 551 -67 1389
1274 900 -111 550 -68 1389
1277 900 -111 551 -67 1392
1278 900 -111 551 -68 1389
1280 901 -111 550 -68 1386
1280 898 -111 551 -67 1389
1282 898 -111 551 -67 1389
1284 899 -112 551 -68 1389
1284 897 -112 551 -68 1386
1285 898 -112 551 -68 1389
1285 896 -112 550 -69 1389
1282 890 -111 550 -70 1395
1284 892 -111 550 -68 1395
1285 895 -112 551 -68 1392
1285 895 -112 551 -68 1392
1285 896 -112 551 -67 1392
1284 896 -112 550 -67 1386
1284 897 -112 550 -67 1389
1285 898 -112 550 -68 1389
1284 898 -112 550 -67 1389
1283 900 -112 551 -67 1389
1281 899 -112 551 -67 1392
1281 900 -112 551 -67 1389
1280 901 -112 551 -67 1392
1277 904 -112 551 -67 1389
1263 921 -112 550 -67 1392
1232 939 -110 550 -67 1392
1189 954 -109 551 -66 1389
1139 956 -107 550 -66 1395
1117 952 -107 550 -67 1389
1101 943 -106 550 -66 1389
1096 940 -106 550 -66 1395
1093 936 -106 550 -66 1392
1091 933 -106 550 -66 1395
1091 932 -106 550 -67 1395
1092 934 -107 550 -67 1392
1092 933 -107 550 -67 1392
1095 935 -107 550 -67 1382
1092 931 -107 551 -66 1389
1093 930 -107 551 -66 1389
1093 929 -107 551 -66 1389
1092 928 -107 550 -67 1389
1092 927 -107 550 -68 1389
1093 927 -107 551 -66 1392
1093 925 -107 550 -67 1389
1092 924 -107 551 -66 1392
1092 924 -107 551 -66 1392
1092 922 -107 551 -66 1392
19 4 -2 5 21 1360
2 -11 -1 3 21 445
2 -11 0 2 21 397
2 -11 -1 2 21 390
2 -11 -1 2 21 390
2 -12 0 2 21 390
2 -11 0 2 21 390
2 -12 0 2 21 390
2 -12 0 2 21 390
