1 -11 -1 -5 -16 42
1 -11 0 -5 -16 19
1 -12 -1 -5 -16 10
1 -11 0 -5 -16 6
1 -11 -1 -5 -16 6
1 -11 0 -5 -16 6
1 -11 -1 -5 -16 3
1 -11 -1 -5 -16 3
1 -11 -1 -5 -16 3
1 -11 -1 -5 -16 3
1 -11 -1 -5 -16 650
1 -11 0 -5 -16 477
1 -11 0 -5 -16 1373
1 -11 -1 -5 -16 1840
1 -11 -1 -5 -16 2134
1 -12 0 -5 -17 2208
1 -11 -1 -5 -16 2246
1 -12 0 -5 -16 2259
1 -12 0 -5 -15 2310
1 -12 -1 -5 -16 2333
1 -11 -1 -5 -15 2365
1 -11 -1 -5 -15 2397
1 -11 -1 -5 -16 2397
377 88 -23 564 832 2394
2047 945 -59 607 -34 2448
2047 972 -38 603 -83 2406
2047 838 -30 603 -83 2406
2047 732 -26 603 -83 2403
2047 637 -24 604 -83 2403
2047 583 -23 602 -84 2403
2047 536 -22 602 -84 2400
2047 508 -21 603 -84 2400
2047 485 -20 603 -84 2397
2047 463 -20 603 -84 2400
2047 448 -20 603 -85 2400
2047 433 -20 603 -85 2397
2032 423 -19 603 -84 2397
33 -5 -1 -2 -16 2317
1 -11 0 -5 -16 186
1 -11 0 -5 -16 83
1 -11 0 -5 -16 45
1 -11 -1 -5 -16 32
1 -11 -1 -5 -16 22
1 -11 -1 -5 -16 16
1 -11 -1 -5 -16 13
1 -11 0 -5 -16 10
1 -11 0 -5 -16 10
1 -11 -1 -5 -16 614
1 -12 -1 -5 -16 1014
1 -11 -1 -6 -18 1184
1 -11 -1 -5 -16 1306
1 -11 -1 -4 -15 1331
1 -12 -1 -4 -15 1357
1 -11 -1 -4 -15 1382
1 -11 -1 -4 -15 1386
862 589 -23 543 88 1392
1110 743 -83 554 1 1389
1226 896 -103 546 -83 1389
1229 915 -104 548 -81 1389
1237 926 -105 549 -80 1389
1246 939 -106 549 -83 1392
1250 945 -106 549 -83 1392
1257 960 -110 550 -81 1392
1262 966 -109 549 -83 1392
1265 968 -109 549 -83 1392
1270 971 -110 549 -83 1392
1272 970 -110 550 -81 1392
1275 968 -110 550 -82 1392
1279 967 -111 550 -83 1392
1281 965 -111 550 -82 1392
1284 962 -111 550 -81 1392
1286 960 -111 551 -81 1395
1289 960 -111 551 -81 1392
1293 960 -112 551 -80 1389
1295 957 -112 551 -81 1389
1298 956 -112 552 -81 1389
1300 956 -112 551 -81 1389
1302 954 -112 552 -80 1389
1303 952 -112 551 -80 1389
1304 950 -112 550 -80 1389
1306 948 -112 550 -81 1389
1309 949 -113 550 -81 1389
1316 953 -113 550 -82 1389
1317 953 -114 550 -82 1389
1318 951 -114 550 -82 1389
1320 950 -114 551 -82 1392
1321 950 -114 551 -81 1392
1323 949 -114 550 -82 1392
1325 949 -114 550 -82 1392
1325 949 -114 550 -82 1392
1327 948 -114 550 -82 1392
1328 948 -114 551 -82 1392
1329 948 -114 550 -82 1392
1330 948 -114 550 -82 1389
1331 948 -114 551 -82 1392
1332 948 -114 551 -82 1392
1334 950 -114 551 -82 1389
1333 948 -114 551 -82 1392
1332 948 -114 551 -82 1392
1333 950 -114 551 -83 1389
1334 952 -114 551 -82 1389
1335 953 -114 551 -83 1389
1333 952 -114 551 -83 1389
1333 952 -114 551 -83 1389
1332 953 -114 551 -82 1389
1331 953 -114 551 -83 1392
1329 953 -114 551 -82 1392
1323 957 -114 551 -83 1392
1298 974 -113 551 -83 1392
1250 983 -112 550 -81 1392
1201 991 -110 550 -82 1389
1170 985 -109 551 -82 1392
1154 976 -108 550 -83 1392
1145 968 -107 551 -81 1392
1139 961 -107 551 -81 1392
1136 957 -107 550 -83 1392
1135 954 -106 550 -82 1392
1134 952 -106 550 -82 1392
1135 953 -107 550 -83 1392
1134 950 -107 550 -82 1392
1134 950 -107 550 -83 1392
1134 949 -106 550 -82 1392
1134 949 -107 551 -83 1392
1134 949 -106 551 -83 1389
1134 948 -106 551 -83 1392
1134 948 -106 551 -83 1389
1134 948 -106 551 -82 1389
1134 948 -106 551 -82 1392
1134 948 -106 551 -83 1389
1134 947 -106 550 -83 1389
1 -11 0 -5 -17 486
1 -11 0 -5 -17 410
1 -11 0 -5 -17 397
1 -11 -1 -5 -17 394
1 -12 -1 -5 -17 394
1 -11 -1 -5 -17 394
1 -12 0 -5 -17 394
1 -12 0 -5 -17 394
