2 -11 0 2 22 38
2 -11 0 2 22 16
2 -12 -1 2 22 10
2 -12 0 2 22 6
2 -12 -1 2 21 6
2 -12 0 2 21 3
1 -12 0 2 21 6
2 -11 0 2 21 3
2 -12 -1 2 21 3
2 -12 0 2 21 3
2 -12 -1 2 21 630
2 -12 0 2 21 499
1 -12 0 2 21 1526
2 -12 -1 2 21 1869
2 -12 -1 2 21 2205
2 -12 -1 2 21 2310
2 -12 0 2 21 2397
2 -12 0 2 21 2394
1 -12 -1 2 21 2400
1187 390 -67 568 509 2416
2047 968 -71 605 -22 2394
2047 942 -55 602 -75 2397
2047 829 -47 602 -77 2400
2047 753 -44 602 -78 2397
2047 691 -41 602 -78 2400
2047 633 -40 603 -77 2400
2047 598 -39 603 -78 2403
2047 564 -38 603 -79 2400
2047 543 -37 603 -79 2397
2047 524 -36 603 -80 2397
2047 505 -36 603 -80 2397
2047 492 -35 603 -79 2400
304 57 0 28 22 2394
3 -11 0 3 21 419
2 -11 -1 2 21 115
2 -12 0 2 21 54
2 -12 0 2 21 38
2 -11 0 2 21 26
2 -12 -1 2 21 19
2 -12 0 2 21 16
2 -11 -1 2 21 13
2 -11 0 2 21 10
2 -12 -1 2 21 595
2 -12 0 2 21 742
2 -12 0 2 21 1050
2 -12 -1 2 21 1197
2 -12 0 2 21 1331
1 -12 0 2 21 1382
1 -12 0 2 21 1389
2 -12 -1 1 19 1386
1023 639 -67 562 117 1389
1197 844 -104 551 -53 1392
1221 894 -106 549 -70 1392
1220 909 -106 550 -71 1392
1220 918 -107 549 -73 1395
1224 927 -108 549 -75 1392
1228 931 -108 550 -73 1395
1232 936 -108 550 -73 1389
1237 940 -109 551 -71 1386
1243 944 -110 550 -72 1386
1244 940 -110 550 -74 1389
1250 942 -110 551 -71 1386
1250 936 -110 551 -72 1389
1253 935 -110 551 -71 1389
1258 936 -111 551 -73 1389
1260 932 -111 550 -74 1389
1259 925 -111 550 -75 1389
1267 928 -111 550 -75 1386
1269 926 -111 550 -75 1386
1270 923 -112 550 -76 1389
1270 917 -111 550 -77 1392
1272 917 -112 550 -77 1389
1276 917 -112 548 -81 1389
1287 924 -113 550 -77 1386
1288 922 -113 549 -76 1386
1290 920 -113 550 -75 1389
1291 918 -113 550 -77 1389
1293 917 -113 550 -77 1389
1298 921 -113 550 -77 1386
1297 918 -114 550 -76 1386
1296 915 -113 551 -74 1392
1296 913 -113 550 -76 1392
1296 911 -113 550 -77 1395
1295 909 -113 550 -77 1392
1297 910 -114 550 -77 1389
1298 910 -113 550 -76 1392
1298 908 -113 550 -76 1395
1300 910 -113 550 -76 1395
1299 909 -113 551 -77 1392
1300 910 -114 551 -76 1389
1301 913 -114 551 -75 1389
1302 914 -114 551 -74 1386
1301 915 -114 551 -76 1389
1301 915 -114 551 -76 1386
1301 916 -114 551 -75 1386
1300 916 -114 551 -77 1386
1296 915 -114 550 -76 1389
1294 913 -114 551 -74 1389
1293 913 -113 550 -76 1389
1290 914 -113 549 -77 1389
1285 918 -113 550 -76 1389
1272 929 -113 550 -76 1389
1235 952 -112 549 -76 1389
1203 975 -111 550 -76 1389
1160 974 -109 549 -77 1392
1124 962 -108 550 -74 1389
1113 957 -108 550 -76 1389
1105 951 -108 551 -73 1389
1103 948 -108 551 -74 1389
1103 948 -109 551 -75 1389
1101 945 -108 551 -74 1389
1105 949 -109 550 -76 1392
1103 946 -109 551 -73 1392
1102 944 -109 550 -76 1392
1103 944 -109 550 -75 1389
1102 942 -109 550 -75 1392
1099 937 -108 551 -74 1392
1096 933 -108 551 -75 1392
1106 944 -109 551 -74 1392
1104 941 -109 550 -76 1392
1105 942 -109 550 -74 1392
1105 940 -109 551 -73 1392
1105 939 -109 550 -74 1395
1104 938 -109 551 -74 1392
162 123 -7 27 21 1386
2 -11 0 2 21 448
2 -11 -1 2 21 400
2 -12 0 2 22 390
2 -12 -1 2 21 390
2 -12 0 2 21 390
2 -12 -1 2 21 390
2 -12 -1 2 21 390
2 -12 -1 2 21 390
