1 -11 -1 -5 -18 70
1 -11 0 -5 -18 26
1 -11 0 -5 -18 10
1 -11 -1 -5 -18 6
1 -11 0 -5 -18 6
1 -11 0 -5 -18 6
1 -11 0 -5 -18 3
1 -11 -1 -5 -18 3
1 -11 -1 -5 -18 3
1 -11 0 -5 -18 3
1 -11 0 -5 -18 637
1 -11 0 -5 -18 480
1 -11 -1 -5 -18 1517
1 -12 0 -5 -18 1837
1 -12 -1 -5 -18 2166
1 -12 -1 -5 -18 2262
1 -12 -1 -5 -18 2320
1 -12 -1 -5 -18 2358
1 -11 -1 -5 -18 2387
1 -11 -1 -5 -18 2394
1 -11 -1 -5 -18 2394
2047 871 -55 607 -11 2438
2047 951 -39 602 -76 2410
2047 806 -28 603 -77 2406
2047 711 -25 603 -76 2403
2047 638 -23 602 -78 2403
2047 572 -22 603 -77 2400
2047 532 -20 603 -77 2403
2047 503 -20 603 -78 2400
2047 475 -20 603 -78 2397
2047 456 -19 602 -77 2397
2047 437 -19 602 -78 2400
2036 425 -18 603 -76 2397
2012 414 -18 602 -77 2394
34 -4 0 -3 -18 2326
1 -11 0 -5 -18 259
1 -11 0 -5 -18 83
1 -11 0 -5 -18 51
1 -11 -1 -5 -18 35
1 -11 0 -5 -18 22
1 -11 0 -5 -18 16
1 -11 0 -5 -18 13
1 -11 0 -5 -18 10
1 -11 -1 -5 -18 10
1 -11 -1 -5 -18 611
1 -11 0 -5 -18 797
1 -11 -1 -5 -18 1162
1 -11 0 -6 -21 1318
1 -11 0 -6 -19 1338
1 -12 -1 -5 -17 1363
1 -11 -1 -5 -17 1382
558 407 28 485 281 1386
1073 710 -71 557 60 1386
1228 938 -102 548 -69 1389
1236 992 -108 548 -75 1389
1242 1012 -109 549 -74 1389
1246 1023 -109 550 -73 1389
1251 1032 -110 550 -72 1389
1258 1040 -111 550 -74 1389
1260 1040 -111 550 -74 1392
1264 1037 -112 550 -74 1392
1267 1034 -112 551 -74 1392
1270 1031 -113 550 -75 1392
1273 1024 -113 551 -74 1392
1275 1019 -113 551 -74 1395
1280 1017 -113 551 -74 1392
1281 1014 -114 551 -74 1392
1284 1011 -114 551 -73 1392
1288 1009 -114 552 -73 1392
1291 1008 -114 552 -72 1392
1293 1005 -114 550 -75 1392
1297 1006 -114 551 -73 1389
1298 1004 -114 550 -74 1389
1300 1002 -114 550 -74 1392
1301 1000 -114 550 -73 1395
1304 1001 -115 551 -73 1392
1306 1000 -115 551 -72 1392
1308 1000 -115 551 -73 1392
1309 999 -115 551 -73 1389
1311 999 -115 551 -74 1389
1313 998 -115 551 -72 1389
1313 997 -115 551 -73 1389
1315 998 -116 551 -73 1389
1314 995 -116 550 -73 1389
1316 996 -116 550 -72 1389
1316 994 -116 550 -73 1389
1317 994 -116 550 -72 1392
1317 992 -116 551 -72 1392
1319 994 -116 551 -72 1392
1320 993 -116 550 -72 1392
1320 992 -116 550 -72 1392
1320 992 -116 550 -73 1395
1323 995 -116 550 -73 1392
1324 995 -116 551 -72 1389
1324 996 -116 551 -72 1392
1324 997 -116 551 -73 1389
1324 998 -117 551 -73 1389
1325 1000 -117 550 -73 1389
1325 1001 -117 550 -74 1389
1325 1001 -117 551 -72 1389
1325 1003 -117 550 -74 1389
1323 1001 -117 551 -73 1392
1324 1003 -117 551 -73 1389
1324 1006 -117 551 -73 1389
1318 1010 -116 550 -74 1389
1294 1023 -115 550 -74 1389
1253 1034 -113 550 -73 1392
1217 1043 -111 550 -74 1392
1179 1044 -108 550 -74 1392
1158 1037 -106 550 -74 1392
1149 1030 -105 550 -73 1395
1146 1025 -104 550 -74 1395
1146 1022 -104 550 -74 1392
1146 1019 -104 550 -74 1395
1145 1016 -104 550 -74 1395
1146 1014 -104 550 -74 1395
1146 1012 -104 550 -74 1392
1146 1011 -104 550 -74 1395
1145 1007 -104 550 -74 1395
1147 1008 -104 550 -74 1392
1148 1008 -104 550 -74 1392
1148 1008 -104 550 -74 1392
1149 1007 -104 550 -75 1389
1149 1007 -104 550 -74 1389
1149 1006 -104 550 -74 1389
1149 1005 -104 550 -74 1392
1150 1005 -104 550 -74 1392
1 -11 -2 -5 -19 608
1 -11 0 -5 -19 419
1 -11 -1 -5 -19 397
1 -11 -1 -5 -19 394
1 -11 0 -5 -19 394
1 -11 0 -5 -19 394
1 -11 -1 -5 -19 394
1 -11 -1 -5 -19 394
1 -11 -1 -6 -19 394
