1 -11 0 -5 -19 51
1 -11 -1 -5 -18 19
1 -11 -1 -5 -18 10
1 -11 -1 -5 -18 6
1 -11 0 -5 -18 6
1 -11 0 -5 -18 6
1 -11 0 -5 -18 6
1 -11 -1 -5 -18 3
1 -11 -1 -5 -18 3
1 -11 -1 -5 -18 3
1 -12 0 -5 -18 634
1 -12 0 -5 -18 480
1 -12 0 -5 -18 1517
1 -12 0 -5 -18 1824
1 -12 -1 -5 -18 2170
1 -12 -1 -5 -19 2214
1 -11 0 -5 -18 2275
1 -11 0 -5 -18 2310
1 -11 -1 -5 -19 2336
1 -11 0 -5 -18 2371
1 -11 0 -5 -19 2387
645 173 -38 553 519 2410
2047 885 -55 607 -14 2451
2047 967 -40 601 -75 2413
2047 818 -29 602 -76 2403
2047 721 -26 603 -75 2400
2047 627 -23 602 -76 2400
2047 576 -21 602 -76 2406
2047 537 -21 602 -76 2403
2047 500 -20 602 -76 2400
2047 477 -20 603 -76 2403
2047 455 -19 603 -75 2400
2047 440 -19 603 -76 2400
2040 427 -18 603 -77 2406
2010 413 -18 603 -76 2400
33 -5 -1 -3 -19 2323
1 -11 0 -5 -18 186
1 -11 -1 -5 -18 83
1 -11 -1 -5 -18 45
1 -11 -1 -5 -18 32
1 -11 -1 -5 -18 22
1 -11 -1 -5 -18 16
1 -11 -1 -5 -18 13
1 -11 -1 -5 -18 10
1 -11 -1 -5 -19 10
1 -11 -1 -5 -19 614
1 -12 0 -5 -19 1050
1 -12 0 -6 -19 1174
1 -11 -1 -6 -21 1306
1 -12 0 -6 -19 1331
1 -11 0 -5 -17 1357
1 -12 0 -5 -17 1382
1 -12 0 -5 -17 1382
1163 841 -95 556 8 1389
1227 966 -106 547 -74 1389
1234 999 -106 549 -72 1389
1238 1012 -106 550 -71 1389
1245 1026 -106 550 -71 1389
1251 1036 -107 549 -73 1389
1257 1042 -108 550 -73 1389
1262 1045 -109 550 -73 1389
1268 1046 -109 550 -73 1389
1272 1044 -110 550 -73 1386
1274 1037 -110 550 -73 1386
1276 1032 -110 550 -73 1389
1278 1026 -111 550 -74 1389
1280 1021 -111 550 -74 1389
1283 1019 -111 550 -74 1392
1286 1016 -111 550 -74 1389
1289 1013 -112 550 -74 1389
1291 1011 -112 550 -74 1389
1292 1008 -112 551 -73 1389
1294 1006 -112 551 -73 1392
1296 1004 -113 551 -73 1389
1297 1002 -113 551 -72 1392
1298 1001 -113 551 -72 1389
1301 1001 -114 551 -73 1392
1300 997 -113 550 -72 1389
1302 997 -114 550 -73 1389
1301 994 -114 550 -73 1392
1304 994 -114 550 -73 1392
1305 993 -114 550 -73 1389
1307 994 -114 550 -73 1389
1309 994 -115 550 -73 1389
1310 993 -115 550 -73 1389
1311 992 -115 550 -73 1392
1312 992 -115 550 -73 1389
1313 991 -115 550 -73 1392
1313 991 -115 550 -73 1392
1316 992 -115 550 -73 1389
1316 992 -115 551 -73 1389
1316 990 -115 550 -73 1392
1316 989 -115 551 -73 1392
1317 990 -115 551 -73 1395
1317 989 -115 550 -73 1395
1316 987 -115 551 -73 1395
1316 987 -115 550 -74 1398
1317 989 -115 550 -73 1395
1318 990 -115 551 -73 1395
1319 992 -115 550 -73 1395
1318 992 -116 550 -73 1392
1319 993 -116 550 -73 1392
1320 996 -116 551 -73 1392
1319 996 -116 550 -73 1392
1320 998 -116 551 -73 1389
1317 1000 -116 550 -74 1389
1308 1004 -114 550 -75 1389
1269 1010 -112 550 -74 1389
1233 1012 -110 550 -74 1392
1208 1017 -109 550 -74 1392
1194 1020 -108 550 -74 1392
1170 1012 -107 550 -74 1392
1150 1014 -104 550 -74 1395
1144 1017 -104 550 -75 1395
1141 1015 -103 550 -74 1392
1140 1011 -103 550 -74 1395
1139 1008 -103 550 -74 1395
1138 1005 -102 550 -74 1398
1138 1003 -102 550 -74 1395
1138 1001 -102 550 -74 1395
1138 1000 -102 550 -74 1395
1138 998 -102 550 -74 1392
1139 998 -102 550 -74 1398
1140 998 -102 550 -74 1395
1141 999 -102 550 -74 1392
1141 998 -102 550 -74 1392
1142 998 -102 550 -74 1389
1141 996 -102 550 -74 1389
1141 996 -102 550 -74 1392
1141 996 -102 550 -74 1392
19 5 -2 -3 -19 1357
1 -11 0 -5 -19 451
1 -11 0 -5 -19 400
1 -11 0 -5 -19 394
1 -12 -1 -5 -19 394
1 -11 0 -5 -19 394
1 -11 0 -5 -19 394
1 -11 0 -5 -19 394
1 -11 -1 -5 -19 394
