1 -11 0 -5 -18 70
1 -11 -1 -5 -18 26
1 -11 0 -5 -18 6
1 -11 0 -5 -18 6
1 -11 0 -5 -18 3
1 -11 0 -5 -18 3
1 -11 0 -5 -18 3
1 -11 -1 -5 -18 3
1 -11 0 -5 -18 742
1 -11 0 -5 -18 371
1 -11 0 -5 -18 1379
1 -12 0 -5 -18 1843
1 -12 0 -5 -18 2080
1 -12 0 -5 -18 2266
1 -12 0 -5 -18 2394
1 -12 -1 -5 -18 2394
2027 698 -84 600 96 2429
2047 916 -49 603 -22 2410
2047 884 -34 601 -47 2403
2047 773 -27 602 -47 2400
2047 664 -24 602 -47 2397
2047 602 -22 603 -47 2397
2047 557 -22 603 -47 2397
2047 515 -20 603 -47 2394
2047 490 -20 603 -47 2394
2047 463 -19 603 -47 2400
2047 446 -19 602 -47 2400
2047 432 -19 602 -47 2400
2022 416 -18 602 -46 2403
2000 406 -18 602 -47 2400
2 -11 -1 -5 -19 890
1 -11 0 -5 -18 144
1 -11 0 -5 -18 70
1 -11 0 -5 -18 42
1 -11 0 -5 -18 26
1 -11 0 -5 -18 19
1 -11 0 -5 -18 16
1 -12 -1 -5 -18 13
1 -11 -1 -5 -18 10
0 -11 -1 -5 -18 618
1 -11 -1 -5 -18 819
1 -11 -1 -5 -18 1072
1 -11 -1 -5 -18 1251
1 -11 -1 -5 -18 1350
1 -11 -1 -5 -18 1350
1 -12 0 -6 -20 1386
1 -11 -1 -6 -20 1386
980 646 -46 553 75 1389
1129 783 -90 553 3 1389
1216 920 -103 548 -43 1389
1218 937 -103 549 -44 1386
1220 946 -104 549 -44 1389
1227 957 -105 548 -48 1389
1229 963 -106 549 -47 1389
1234 970 -106 550 -46 1389
1238 976 -106 551 -44 1389
1241 977 -107 551 -44 1392
1244 977 -107 550 -46 1389
1248 977 -108 550 -46 1389
1251 975 -108 550 -46 1389
1255 974 -108 550 -46 1392
1258 973 -108 550 -46 1389
1259 969 -108 550 -46 1392
1263 968 -109 550 -46 1389
1267 967 -109 551 -46 1389
1269 965 -109 551 -45 1392
1271 964 -109 551 -45 1389
1275 964 -109 551 -45 1389
1276 961 -109 551 -45 1392
1280 961 -108 552 -44 1392
1280 959 -109 551 -45 1392
1283 960 -108 551 -45 1392
1285 958 -109 550 -45 1389
1286 957 -109 550 -45 1389
1287 955 -109 551 -45 1392
1288 954 -109 551 -45 1392
1291 955 -109 551 -44 1389
1294 956 -109 550 -46 1389
1296 956 -109 550 -46 1392
1297 954 -109 550 -46 1392
1297 953 -109 550 -46 1392
1299 953 -110 550 -46 1395
1300 952 -110 550 -46 1395
1303 955 -110 551 -46 1392
1304 955 -110 551 -46 1392
1305 955 -110 551 -46 1392
1305 954 -110 551 -45 1392
1305 952 -110 551 -46 1392
1306 954 -110 551 -46 1392
1307 955 -110 551 -46 1392
1307 955 -110 551 -46 1389
1308 957 -110 551 -46 1389
1309 957 -110 551 -46 1389
1308 957 -110 551 -46 1389
1309 960 -110 551 -46 1389
1308 959 -110 551 -45 1389
1309 960 -110 551 -46 1389
1308 960 -110 551 -46 1389
1308 962 -110 551 -45 1389
1305 963 -110 551 -46 1389
1296 970 -110 550 -48 1389
1250 979 -109 550 -45 1392
1207 995 -106 550 -46 1392
1165 993 -104 550 -47 1395
1150 989 -103 550 -47 1395
1141 985 -102 551 -45 1395
1134 977 -102 550 -47 1392
1133 974 -102 551 -46 1392
1132 970 -102 550 -46 1389
1132 969 -102 550 -47 1389
1131 966 -101 550 -47 1392
1129 963 -101 550 -47 1392
1129 962 -101 550 -46 1392
1130 961 -101 550 -47 1389
1130 961 -101 550 -47 1389
1130 960 -101 550 -47 1389
1129 960 -101 550 -47 1392
1129 959 -101 550 -47 1392
1129 958 -101 550 -47 1392
1127 956 -101 550 -47 1395
1126 954 -100 550 -47 1392
1127 955 -100 550 -46 1395
165 127 -6 19 -19 1392
1 -11 -1 -5 -19 451
1 -11 0 -5 -19 403
1 -11 0 -6 -19 394
1 -11 0 -5 -19 394
1 -11 0 -5 -19 394
1 -12 -1 -5 -19 394
1 -12 -1 -5 -19 394
1 -12 0 -6 -19 394
