1 -11 -1 -6 -19 32
1 -11 0 -5 -19 13
1 -11 -1 -5 -19 6
1 -11 -1 -5 -18 6
1 -11 0 -5 -19 6
1 -11 0 -5 -19 6
1 -11 0 -5 -19 3
1 -12 -1 -5 -19 3
1 -11 0 -5 -19 3
1 -11 0 -5 -19 3
1 -12 0 -5 -19 464
1 -12 0 -6 -19 2051
1 -12 0 -6 -19 2227
1 -11 0 -6 -19 2365
1 -12 0 -6 -19 2394
1 -12 0 -6 -19 2394
2047 881 -55 606 8 2442
2047 965 -42 602 -48 2406
2047 838 -30 602 -48 2403
2047 711 -25 603 -47 2403
2047 637 -23 602 -48 2403
2047 572 -22 602 -49 2400
2047 533 -21 602 -49 2403
2047 505 -20 603 -48 2400
2047 478 -20 602 -49 2400
2047 461 -19 603 -48 2400
2047 442 -19 603 -48 2400
2047 429 -19 603 -48 2403
2033 418 -18 603 -48 2400
33 -5 0 -3 -19 2323
2 -11 -1 -5 -19 256
1 -11 -1 -5 -19 83
1 -11 -1 -6 -19 51
1 -11 -1 -5 -19 32
1 -11 -1 -6 -19 22
1 -11 -1 -6 -19 16
1 -11 0 -5 -19 13
1 -11 -1 -5 -19 10
1 -11 -1 -5 -19 10
1 -11 0 -5 -19 614
1 -11 0 -5 -19 797
1 -12 0 -5 -19 1197
1 -11 0 -5 -19 1302
1 -11 -1 -5 -19 1325
1 -11 0 -5 -19 1360
1 -11 -1 -5 -19 1382
1 -12 -1 -6 -22 1386
536 384 32 484 336 1389
1056 698 -69 554 67 1386
1216 908 -102 546 -44 1389
1212 927 -102 548 -43 1389
1216 944 -103 549 -45 1389
1220 952 -104 549 -45 1389
1223 960 -105 548 -49 1392
1232 972 -106 550 -46 1389
1236 977 -106 550 -46 1392
1241 982 -107 551 -44 1389
1244 982 -107 552 -44 1389
1247 982 -108 550 -46 1389
1251 981 -108 551 -46 1389
1253 978 -108 551 -46 1389
1255 974 -108 551 -46 1392
1256 970 -108 551 -46 1395
1256 966 -108 551 -45 1402
1259 964 -108 551 -46 1395
1263 963 -108 551 -46 1395
1265 961 -108 551 -45 1392
1266 960 -108 550 -46 1392
1268 959 -108 550 -46 1392
1271 958 -108 550 -46 1392
1276 960 -108 550 -46 1389
1278 960 -109 551 -46 1386
1279 958 -109 551 -46 1386
1280 956 -109 551 -46 1389
1282 955 -109 550 -47 1389
1284 955 -109 551 -46 1389
1284 953 -109 551 -46 1389
1286 953 -109 551 -46 1389
1287 952 -109 551 -46 1389
1288 952 -109 551 -46 1392
1292 953 -109 550 -47 1389
1293 953 -109 551 -46 1392
1293 952 -109 551 -47 1392
1296 952 -109 551 -47 1392
1297 952 -110 551 -46 1389
1297 950 -110 551 -46 1392
1299 952 -110 552 -45 1392
1300 953 -110 552 -45 1389
1302 953 -110 551 -46 1389
1302 954 -110 550 -45 1386
1300 952 -110 550 -45 1389
1298 950 -109 550 -46 1392
1299 951 -109 550 -46 1392
1299 952 -109 550 -47 1389
1300 953 -109 551 -46 1392
1299 952 -109 550 -46 1392
1298 952 -109 550 -46 1392
1297 952 -109 550 -47 1392
1297 952 -109 550 -47 1392
1296 953 -109 550 -47 1392
1294 954 -109 550 -47 1395
1282 961 -108 550 -47 1395
1253 975 -108 550 -47 1392
1212 992 -106 550 -47 1395
1159 986 -103 550 -46 1392
1144 985 -102 550 -48 1395
1136 981 -102 550 -48 1392
1133 976 -101 550 -47 1392
1132 974 -101 550 -47 1392
1130 970 -101 549 -48 1392
1129 967 -101 549 -47 1392
1130 966 -101 549 -48 1392
1129 964 -100 550 -47 1392
1128 962 -100 550 -46 1392
1127 960 -100 550 -47 1392
1127 960 -100 550 -47 1395
1127 958 -100 550 -47 1395
1125 956 -100 551 -46 1398
1125 955 -99 551 -46 1398
1127 957 -100 551 -47 1395
1126 956 -100 550 -47 1395
1128 957 -100 551 -46 1395
1129 960 -100 551 -46 1392
1129 960 -100 551 -46 1392
1 -11 -1 -4 -19 490
1 -11 -1 -5 -19 410
1 -11 -1 -5 -19 397
1 -11 -1 -5 -19 394
1 -11 -1 -5 -19 394
1 -12 0 -5 -19 394
1 -12 -1 -5 -19 394
1 -12 0 -5 -19 394
