1 -11 -1 -5 -18 32
1 -11 0 -5 -18 13
1 -12 0 -5 -18 6
1 -11 -1 -5 -18 6
1 -11 0 -5 -18 6
1 -11 -1 -5 -18 6
1 -11 0 -5 -18 3
1 -11 -1 -5 -18 3
1 -11 -1 -5 -18 3
1 -11 0 -5 -18 3
1 -11 0 -5 -18 643
1 -12 -1 -5 -18 477
1 -11 0 -5 -18 1530
1 -12 0 -5 -18 1843
1 -11 0 -5 -18 2182
1 -12 0 -5 -18 2192
1 -11 -1 -5 -18 2243
1 -11 -1 -5 -18 2278
1 -12 -1 -5 -18 2310
1 -12 -1 -5 -18 2339
1 -12 -1 -5 -18 2362
1 -12 -1 -5 -18 2387
1 -12 -1 -5 -18 2406
2047 710 -85 600 95 2442
2047 953 -49 601 -39 2432
2047 911 -34 601 -46 2406
2047 768 -26 602 -46 2406
2047 679 -24 603 -46 2403
2047 613 -22 603 -46 2403
2047 556 -21 603 -46 2400
2047 523 -20 603 -46 2400
2047 492 -20 603 -46 2397
2047 473 -19 603 -47 2394
2047 456 -19 603 -46 2394
2047 438 -18 602 -46 2394
2047 426 -18 603 -46 2397
2026 413 -18 603 -46 2397
2 -11 0 -5 -18 906
1 -11 0 -5 -18 144
1 -11 0 -5 -18 64
1 -11 0 -5 -18 42
1 -11 0 -5 -18 26
1 -11 0 -5 -18 19
1 -11 0 -5 -18 16
1 -11 0 -5 -18 10
1 -11 0 -5 -18 10
1 -12 -1 -5 -18 435
1 -11 -1 -5 -18 794
1 -11 -1 -6 -20 1085
1 -12 0 -6 -19 1222
1 -11 0 -5 -17 1318
1 -11 0 -5 -17 1322
1 -12 0 -5 -17 1366
1 -12 -1 -5 -17 1379
1 -12 -1 -5 -17 1389
981 646 -46 550 69 1382
1136 788 -91 551 -7 1386
1214 918 -102 547 -44 1386
1217 936 -103 549 -42 1386
1222 949 -104 549 -42 1386
1227 957 -104 549 -44 1386
1230 964 -105 549 -44 1389
1233 969 -105 549 -44 1389
1236 973 -106 550 -43 1389
1240 977 -106 550 -43 1389
1243 978 -107 550 -43 1389
1245 976 -107 550 -44 1389
1248 975 -107 550 -44 1389
1250 973 -107 550 -44 1389
1254 971 -107 550 -44 1389
1256 969 -107 550 -43 1389
1260 967 -108 551 -44 1389
1262 966 -108 550 -45 1389
1265 965 -108 551 -44 1389
1266 962 -108 551 -43 1389
1269 961 -108 551 -43 1392
1273 962 -108 551 -44 1389
1276 961 -108 551 -43 1389
1276 959 -108 551 -44 1392
1278 958 -108 551 -43 1392
1280 958 -108 551 -43 1392
1282 957 -108 551 -44 1392
1284 957 -108 551 -43 1392
1284 954 -108 550 -44 1392
1286 955 -108 550 -43 1392
1287 953 -108 550 -43 1389
1288 953 -108 550 -43 1392
1290 953 -108 550 -43 1392
1291 953 -108 550 -43 1392
1292 951 -108 550 -43 1392
1294 952 -108 551 -43 1392
1295 952 -108 550 -43 1392
1296 952 -108 550 -43 1392
1297 952 -108 551 -43 1389
1297 950 -108 551 -43 1392
1298 950 -108 551 -43 1395
1298 950 -108 551 -43 1395
1300 952 -108 551 -43 1392
1300 953 -108 551 -43 1392
1301 954 -108 551 -43 1392
1301 954 -108 551 -43 1392
1301 954 -108 550 -44 1392
1301 955 -108 551 -43 1389
1301 956 -108 551 -43 1392
1302 958 -108 551 -44 1389
1302 958 -109 551 -44 1389
1301 958 -109 551 -43 1389
1299 958 -108 551 -43 1392
1295 962 -108 551 -44 1392
1274 974 -108 551 -44 1389
1232 982 -107 550 -43 1392
1194 994 -104 550 -44 1395
1160 991 -103 550 -45 1395
1147 988 -102 550 -45 1392
1137 981 -101 550 -45 1392
1133 976 -101 550 -44 1392
1130 971 -100 550 -45 1392
1130 969 -100 550 -45 1392
1129 966 -100 550 -45 1392
1128 963 -100 550 -44 1395
1127 961 -99 550 -45 1395
1128 961 -100 551 -44 1392
1129 962 -100 550 -44 1395
1129 961 -100 550 -44 1392
1128 960 -100 551 -44 1392
1129 960 -99 550 -45 1392
1128 959 -99 550 -45 1392
1128 958 -99 550 -44 1392
1128 958 -99 551 -44 1395
1128 957 -99 550 -45 1395
1127 957 -99 550 -45 1395
19 5 -2 -3 -18 1370
1 -11 0 -5 -18 448
1 -11 -1 -5 -18 403
1 -11 0 -5 -18 394
1 -11 -1 -5 -18 394
1 -12 -1 -5 -18 394
1 -11 -1 -5 -18 394
1 -12 -1 -5 -18 394
1 -12 0 -5 -18 394
