1 -11 0 -6 -19 32
1 -11 0 -5 -19 13
1 -11 -1 -5 -19 6
1 -11 0 -5 -19 6
1 -12 0 -6 -19 6
1 -11 -1 -6 -19 3
1 -11 0 -6 -19 3
1 -11 -1 -6 -19 3
1 -11 0 -6 -19 3
1 -11 0 -6 -19 3
1 -12 -1 -6 -19 458
1 -11 -1 -6 -19 480
1 -12 0 -6 -19 1533
1 -12 0 -6 -19 1869
1 -11 0 -6 -19 2189
1 -11 0 -5 -19 2221
1 -11 0 -5 -19 2256
1 -12 -1 -5 -19 2278
1 -12 0 -5 -18 2320
1 -12 0 -5 -19 2365
1 -11 0 -5 -19 2390
1 -12 0 -5 -19 2406
2047 916 -52 602 -24 2438
2047 900 -34 601 -48 2397
2047 785 -27 602 -48 2397
2047 671 -24 602 -48 2397
2047 606 -22 602 -48 2397
2047 549 -21 603 -47 2397
2047 516 -20 603 -47 2394
2047 490 -20 602 -48 2394
2047 465 -19 603 -47 2394
2047 449 -19 603 -47 2394
2047 436 -19 603 -48 2390
2021 419 -18 603 -49 2400
2001 409 -18 603 -48 2406
2 -11 0 -5 -19 899
1 -11 -1 -5 -18 144
1 -11 0 -5 -19 74
1 -12 -1 -5 -19 42
1 -11 -1 -6 -19 29
1 -11 0 -6 -19 19
1 -11 0 -6 -19 16
1 -11 0 -6 -19 13
1 -11 -1 -6 -19 10
1 -11 0 -5 -19 464
1 -11 -1 -6 -19 810
1 -12 -2 -6 -19 1043
1 -11 -1 -6 -19 1210
1 -11 -1 -6 -20 1226
1 -12 0 -6 -19 1245
1 -12 0 -5 -18 1283
1 -12 0 -5 -18 1290
1 -11 -1 -5 -18 1334
1 -11 -1 -5 -18 1357
1 -11 0 -6 -22 1382
1 -12 0 -6 -20 1386
1017 665 -60 555 89 1389
1185 867 -99 549 -33 1392
1216 932 -103 548 -44 1389
1216 946 -103 548 -46 1389
1222 957 -104 550 -46 1392
1229 970 -105 550 -45 1389
1232 976 -106 550 -45 1392
1236 981 -106 550 -45 1392
1241 987 -107 551 -45 1389
1244 988 -107 551 -45 1389
1247 988 -107 551 -43 1389
1250 987 -108 551 -45 1389
1253 986 -108 552 -45 1389
1253 980 -108 551 -45 1392
1255 978 -108 551 -44 1389
1258 976 -108 551 -44 1389
1261 974 -108 551 -44 1392
1263 972 -108 551 -44 1392
1266 971 -108 551 -44 1389
1265 967 -108 550 -44 1389
1268 966 -108 550 -44 1389
1269 963 -108 551 -44 1392
1271 962 -108 551 -44 1389
1274 962 -108 551 -43 1392
1274 960 -109 551 -44 1392
1277 960 -109 551 -44 1392
1279 959 -109 551 -44 1392
1281 959 -109 551 -44 1392
1284 960 -109 550 -44 1389
1284 958 -109 551 -44 1389
1285 956 -109 551 -43 1392
1287 956 -109 551 -44 1392
1288 955 -109 551 -44 1392
1289 954 -109 551 -44 1395
1290 954 -109 551 -44 1395
1293 955 -110 551 -44 1392
1292 953 -110 551 -44 1392
1294 953 -110 551 -44 1392
1296 954 -110 551 -45 1392
1296 954 -110 551 -44 1392
1297 955 -110 551 -44 1392
1298 955 -110 551 -44 1392
1300 956 -110 551 -45 1389
1300 956 -110 551 -45 1389
1299 955 -110 551 -45 1392
1300 956 -110 551 -45 1392
1299 956 -110 551 -45 1392
1300 956 -110 551 -45 1389
1299 956 -110 551 -45 1392
1299 957 -110 551 -45 1392
1299 957 -110 552 -44 1389
1298 958 -110 551 -45 1392
1297 959 -110 551 -44 1392
1290 960 -109 550 -45 1392
1273 966 -109 550 -45 1395
1231 981 -106 549 -44 1395
1197 992 -104 549 -45 1395
1172 995 -104 549 -46 1395
1145 984 -102 549 -46 1395
1137 982 -101 550 -46 1395
1133 978 -100 550 -46 1395
1132 974 -100 550 -45 1395
1133 974 -100 549 -46 1395
1131 969 -100 550 -45 1395
1132 970 -100 550 -46 1392
1133 969 -100 550 -46 1389
1134 969 -100 550 -46 1392
1133 968 -101 550 -46 1389
1132 966 -100 550 -46 1392
1132 966 -100 550 -46 1392
1132 965 -100 550 -46 1392
1133 965 -100 550 -46 1392
1133 965 -100 550 -46 1389
1133 966 -100 550 -45 1389
1133 965 -100 550 -46 1389
1133 965 -100 550 -46 1389
1132 964 -100 550 -45 1392
1132 964 -100 550 -45 1392
1 -11 -1 -5 -18 397
1 -11 -1 -5 -18 394
1 -12 -1 -5 -18 394
1 -11 -2 -5 -18 394
1 -11 0 -6 -18 394
1 -11 0 -5 -18 394
1 -12 -1 -5 -18 394
