1 -11 -1 -5 -18 70
1 -11 0 -5 -18 19
1 -12 0 -5 -18 10
1 -11 -1 -5 -18 6
1 -11 0 -5 -18 6
1 -11 -1 -5 -18 6
1 -11 0 -5 -18 3
1 -11 0 -5 -18 3
1 -11 0 -5 -18 3
1 -12 0 -5 -18 3
1 -12 0 -5 -18 630
1 -11 0 -5 -18 480
1 -11 0 -5 -18 1536
1 -11 0 -5 -18 1872
1 -11 0 -5 -18 2192
1 -12 0 -5 -18 2256
1 -12 -1 -5 -18 2288
1 -12 0 -5 -18 2326
1 -12 0 -5 -18 2365
1 -12 0 -5 -18 2394
1 -11 0 -5 -19 2394
553 133 -20 557 649 2394
2047 897 -55 606 8 2435
2047 982 -42 602 -47 2403
2047 823 -28 602 -48 2406
2047 721 -25 602 -48 2400
2047 645 -23 602 -48 2400
2047 577 -22 602 -48 2400
2047 538 -21 602 -48 2403
2047 503 -20 603 -48 2400
2047 481 -20 603 -48 2400
2047 461 -19 603 -48 2400
2047 447 -19 603 -48 2397
2047 435 -19 603 -48 2397
2044 422 -18 603 -48 2397
33 -4 0 -3 -18 2317
1 -11 -2 -5 -19 186
1 -11 -1 -5 -18 83
1 -11 -1 -6 -19 51
1 -11 -1 -6 -18 32
1 -11 -1 -6 -18 22
1 -11 -1 -5 -18 16
1 -11 0 -6 -18 13
1 -11 -1 -5 -19 10
1 -12 0 -5 -19 10
1 -11 -1 -5 -19 614
1 -12 0 -5 -19 800
1 -12 -1 -6 -21 1181
1 -11 -1 -6 -19 1293
1 -12 -1 -5 -17 1312
1 -12 -1 -5 -17 1334
1 -11 0 -5 -17 1363
1 -12 -1 -5 -17 1386
545 392 30 483 303 1386
1094 739 -78 553 37 1382
1208 904 -102 546 -46 1386
1210 932 -103 548 -44 1386
1213 941 -103 549 -42 1389
1216 948 -104 548 -46 1392
1222 959 -105 550 -45 1392
1226 965 -105 550 -45 1392
1231 972 -106 550 -45 1392
1234 975 -106 550 -45 1389
1237 976 -107 551 -45 1389
1240 975 -107 551 -44 1392
1243 974 -107 551 -45 1389
1248 973 -108 551 -45 1389
1250 971 -108 551 -45 1389
1252 968 -108 552 -45 1389
1253 965 -108 551 -45 1389
1255 962 -108 551 -45 1389
1258 960 -108 551 -44 1389
1259 957 -108 551 -44 1392
1262 957 -108 552 -43 1389
1264 954 -108 551 -44 1392
1263 951 -107 550 -44 1392
1266 951 -107 550 -44 1392
1269 950 -107 551 -44 1395
1272 950 -107 550 -44 1392
1275 951 -107 551 -44 1392
1279 952 -108 550 -45 1392
1281 952 -108 550 -45 1392
1284 953 -108 550 -44 1389
1286 953 -108 550 -44 1389
1288 952 -108 551 -44 1389
1288 951 -108 551 -44 1389
1289 950 -108 551 -44 1392
1290 949 -108 551 -44 1392
1291 948 -108 551 -44 1392
1293 949 -108 551 -44 1392
1292 946 -108 551 -45 1392
1294 947 -108 551 -45 1392
1293 945 -108 551 -45 1395
1294 945 -108 551 -44 1392
1295 945 -108 551 -45 1395
1295 945 -108 551 -44 1395
1296 945 -108 551 -45 1395
1296 947 -108 551 -45 1392
1298 949 -109 551 -44 1389
1299 950 -109 551 -45 1389
1298 950 -109 551 -45 1392
1298 950 -109 551 -45 1392
1297 949 -109 552 -45 1392
1296 949 -108 550 -45 1392
1295 949 -108 550 -45 1392
1293 948 -108 550 -45 1392
1292 951 -108 550 -45 1392
1278 957 -108 550 -45 1395
1244 963 -108 550 -44 1395
1192 979 -104 550 -45 1395
1159 978 -103 550 -45 1395
1142 979 -102 550 -45 1392
1133 974 -101 550 -45 1392
1130 970 -101 550 -45 1392
1128 966 -101 550 -45 1392
1124 961 -100 550 -45 1395
1122 957 -100 549 -46 1395
1123 957 -100 550 -46 1395
1122 953 -100 550 -45 1398
1121 951 -100 550 -46 1398
1120 950 -99 550 -45 1398
1121 950 -99 549 -46 1395
1120 949 -99 550 -46 1395
1120 948 -99 550 -46 1395
1121 949 -99 550 -46 1395
1123 951 -99 550 -46 1392
1122 950 -99 550 -46 1395
1123 951 -99 549 -46 1395
1124 953 -100 550 -45 1392
163 124 -6 19 -18 1389
1 -11 -1 -5 -18 486
1 -11 0 -5 -18 410
1 -12 0 -5 -18 394
1 -11 -1 -5 -18 394
1 -12 0 -5 -18 394
1 -12 0 -5 -18 394
1 -12 0 -5 -18 394
1 -11 0 -5 -18 394
