1 -11 -1 -6 -19 70
1 -11 0 -5 -19 19
1 -11 0 -5 -19 10
1 -11 0 -5 -19 6
1 -11 0 -6 -19 6
1 -11 -1 -6 -19 6
1 -11 0 -6 -19 3
1 -11 -1 -6 -19 3
1 -11 0 -6 -19 3
1 -11 -1 -6 -19 3
1 -11 -1 -6 -19 630
1 -12 0 -6 -19 477
1 -12 0 -6 -19 1533
1 -12 0 -5 -19 1856
1 -11 -1 -5 -19 2160
1 -12 -1 -6 -19 2374
1 -11 -1 -6 -19 2394
1 -12 0 -6 -19 2397
2047 846 -60 606 49 2438
2047 968 -44 601 -46 2410
2047 846 -30 602 -48 2400
2047 741 -25 602 -48 2400
2047 660 -23 602 -49 2400
2047 589 -22 602 -48 2400
2047 548 -21 602 -49 2403
2047 509 -20 603 -49 2406
2047 486 -20 603 -48 2403
2047 469 -19 603 -48 2400
2047 449 -19 603 -48 2400
2047 437 -18 603 -49 2397
2038 423 -18 603 -48 2397
289 48 2 21 -19 2397
2 -11 -1 -5 -19 426
1 -11 -1 -5 -19 96
1 -11 -1 -6 -19 54
1 -11 -1 -6 -19 35
1 -12 -1 -6 -19 22
1 -11 -1 -5 -19 19
1 -11 -1 -6 -19 13
1 -11 0 -6 -19 10
1 -11 0 -6 -19 10
1 -12 0 -5 -19 592
1 -12 -1 -5 -19 813
1 -11 0 -6 -19 1114
1 -11 -1 -5 -19 1235
1 -12 -1 -5 -20 1331
1 -12 0 -6 -20 1363
1 -11 0 -6 -21 1382
1 -12 -1 -5 -18 1386
1022 669 -59 556 82 1386
1179 858 -96 548 -44 1389
1224 941 -103 549 -44 1389
1219 948 -103 549 -43 1392
1222 959 -104 548 -49 1392
1227 968 -104 549 -49 1392
1233 978 -105 550 -47 1392
1237 984 -106 551 -45 1389
1242 989 -106 552 -44 1389
1243 989 -107 549 -47 1389
1246 990 -107 550 -46 1389
1249 988 -107 550 -45 1389
1255 990 -108 550 -45 1389
1256 986 -108 550 -45 1389
1258 983 -108 551 -45 1389
1260 980 -108 551 -45 1389
1263 977 -108 551 -46 1389
1264 975 -108 550 -46 1392
1266 973 -108 551 -45 1392
1270 973 -109 551 -45 1389
1272 970 -109 551 -45 1389
1274 969 -109 551 -47 1392
1278 970 -109 552 -45 1392
1280 969 -109 551 -45 1392
1281 968 -109 551 -45 1392
1284 968 -109 552 -44 1392
1285 967 -110 552 -44 1392
1285 964 -109 551 -45 1392
1287 964 -110 551 -45 1389
1288 963 -110 551 -45 1392
1290 963 -109 551 -45 1392
1293 964 -110 551 -44 1389
1293 963 -110 550 -46 1389
1296 963 -110 550 -46 1389
1297 963 -110 550 -46 1389
1297 962 -110 550 -46 1392
1299 962 -110 550 -46 1389
1299 961 -110 550 -46 1389
1301 961 -110 550 -46 1392
1302 962 -110 551 -46 1389
1302 961 -110 551 -45 1389
1302 961 -110 551 -46 1392
1302 960 -110 551 -46 1392
1302 960 -110 551 -46 1392
1302 961 -110 551 -46 1392
1302 961 -110 551 -46 1392
1302 961 -110 551 -46 1392
1302 962 -110 551 -46 1392
1303 964 -110 551 -46 1392
1303 964 -110 551 -46 1389
1302 964 -110 551 -46 1389
1301 965 -110 551 -46 1392
1299 967 -110 551 -46 1389
1284 973 -110 550 -47 1389
1253 983 -108 550 -45 1392
1208 998 -105 550 -46 1389
1180 1002 -104 551 -46 1389
1148 984 -103 551 -45 1392
1140 987 -101 551 -46 1392
1136 984 -101 551 -45 1392
1135 980 -100 551 -46 1392
1134 977 -100 550 -47 1392
1133 974 -100 550 -47 1395
1133 973 -100 551 -47 1392
1134 973 -100 551 -46 1392
1133 970 -100 551 -46 1392
1133 970 -100 550 -47 1392
1134 970 -100 550 -47 1392
1134 969 -100 550 -47 1392
1136 972 -100 551 -47 1386
1136 970 -100 551 -46 1389
1135 969 -100 551 -47 1392
1135 969 -100 551 -46 1392
1135 968 -100 551 -47 1389
1135 968 -100 551 -47 1392
1136 969 -99 551 -48 1389
4 -9 0 -4 -19 998
1 -11 -1 -5 -19 432
1 -11 -1 -5 -19 397
1 -11 0 -5 -19 394
1 -12 0 -5 -19 394
1 -11 -1 -5 -19 394
1 -12 0 -5 -19 394
1 -12 -1 -5 -19 394
1 -12 -1 -5 -19 394
