1 -11 -1 -5 -19 38
1 -11 0 -5 -19 13
1 -11 0 -5 -19 6
1 -11 0 -5 -18 6
1 -11 0 -5 -19 6
1 -11 0 -5 -19 3
1 -11 0 -5 -19 3
1 -11 -1 -5 -19 3
1 -11 -1 -5 -19 3
1 -11 -1 -5 -19 3
1 -12 -1 -5 -19 643
1 -12 -1 -5 -19 483
1 -11 -1 -5 -19 1520
1 -12 -1 -5 -19 1821
1 -12 -1 -6 -19 2147
1 -12 -1 -6 -19 2195
1 -12 -1 -6 -19 2390
1 -12 0 -6 -19 2394
2047 798 -74 605 55 2464
2047 966 -44 602 -48 2403
2047 873 -32 603 -47 2400
2047 735 -26 603 -46 2403
2047 655 -24 603 -47 2400
2047 596 -22 603 -48 2403
2047 543 -21 603 -47 2403
2047 511 -20 602 -47 2400
2047 483 -20 602 -47 2400
2047 464 -20 602 -48 2400
2047 450 -19 602 -48 2397
2047 433 -19 602 -48 2400
2029 420 -18 603 -47 2400
287 47 2 20 -19 2394
2 -11 -1 -5 -19 432
1 -11 -1 -5 -19 115
1 -11 -1 -5 -19 58
1 -11 -1 -5 -19 35
1 -11 -1 -5 -19 26
1 -11 -1 -5 -19 19
1 -11 -1 -6 -19 16
1 -11 -1 -5 -19 10
1 -11 -1 -6 -19 10
1 -12 -1 -5 -19 589
1 -12 -1 -5 -19 810
1 -12 -1 -5 -19 1078
1 -12 -1 -5 -19 1194
1 -12 -1 -5 -19 1360
1 -12 -1 -5 -19 1382
1 -12 0 -5 -19 1386
979 647 -44 550 62 1379
1180 855 -98 552 -13 1386
1212 920 -103 548 -45 1386
1216 939 -103 550 -43 1386
1219 950 -103 550 -44 1386
1225 960 -104 549 -46 1386
1230 968 -105 549 -47 1389
1234 975 -105 550 -45 1389
1235 976 -105 549 -47 1389
1236 976 -106 550 -46 1392
1240 977 -106 550 -46 1389
1245 978 -106 550 -46 1392
1248 976 -107 550 -46 1392
1251 975 -107 551 -46 1392
1255 974 -107 551 -46 1392
1257 972 -107 550 -47 1392
1261 972 -107 551 -46 1392
1264 970 -108 550 -46 1389
1264 967 -108 551 -45 1392
1268 967 -108 551 -46 1392
1271 967 -108 551 -46 1392
1274 967 -108 551 -46 1392
1276 966 -108 552 -46 1392
1277 964 -108 551 -46 1392
1280 964 -108 551 -46 1392
1280 961 -108 550 -45 1392
1281 960 -108 551 -45 1392
1284 961 -108 550 -46 1392
1285 960 -108 550 -46 1392
1287 960 -108 551 -45 1392
1289 960 -108 551 -45 1392
1291 960 -108 551 -45 1392
1292 960 -108 550 -45 1389
1293 960 -108 551 -45 1392
1294 959 -108 551 -45 1389
1296 960 -108 551 -45 1389
1296 958 -108 551 -45 1389
1296 958 -109 551 -46 1389
1297 958 -109 551 -46 1389
1299 958 -109 551 -46 1389
1300 959 -109 551 -46 1389
1300 960 -109 551 -46 1389
1300 959 -109 551 -46 1389
1298 957 -109 550 -45 1392
1297 957 -109 550 -46 1392
1297 957 -109 550 -45 1389
1299 960 -109 550 -45 1389
1297 958 -109 550 -45 1392
1297 958 -108 550 -45 1392
1296 958 -108 550 -45 1392
1296 958 -108 550 -45 1392
1295 960 -108 550 -46 1392
1294 961 -108 550 -45 1392
1284 966 -108 550 -46 1392
1259 972 -108 549 -46 1392
1208 982 -105 550 -46 1392
1172 981 -103 549 -47 1392
1151 981 -102 549 -47 1392
1137 980 -101 550 -46 1392
1133 977 -100 550 -46 1392
1128 970 -100 550 -46 1392
1127 967 -100 549 -47 1392
1126 964 -99 550 -46 1395
1125 962 -99 550 -47 1392
1125 960 -99 550 -46 1392
1126 960 -99 550 -46 1392
1126 960 -99 550 -46 1392
1125 957 -99 549 -47 1392
1125 957 -99 550 -46 1392
1125 956 -99 550 -46 1392
1125 956 -99 550 -46 1395
1125 955 -99 550 -47 1392
1125 955 -99 550 -46 1395
1126 956 -99 550 -45 1392
1125 955 -99 550 -46 1392
1125 955 -99 550 -46 1392
19 5 -2 -3 -19 1366
1 -11 -1 -5 -19 448
1 -11 -1 -5 -19 400
1 -12 0 -5 -19 394
1 -11 -1 -5 -19 394
1 -11 -2 -5 -19 394
1 -12 -1 -5 -19 394
1 -12 0 -5 -19 394
1 -11 0 -5 -19 394
