2 -11 -1 2 23 67
2 -12 0 2 23 22
2 -11 0 2 23 10
2 -11 0 2 23 6
2 -11 -1 2 22 6
2 -11 -1 2 23 3
2 -11 -1 2 23 3
2 -11 0 2 23 3
2 -11 0 2 23 3
2 -11 -1 2 23 3
2 -11 0 2 23 630
2 -12 -1 2 23 502
2 -11 -1 2 23 1565
2 -11 0 2 23 1850
2 -12 0 2 23 2189
2 -11 -1 2 23 2221
2 -11 -1 2 23 2294
2 -12 0 2 23 2355
2 -11 0 2 23 2397
2 -12 0 2 23 2400
1271 437 -64 569 572 2422
2047 983 -74 607 3 2387
2047 926 -52 602 -67 2400
2047 826 -46 603 -64 2397
2047 742 -42 603 -67 2403
2047 661 -40 602 -68 2400
2047 612 -38 602 -66 2400
2047 570 -37 603 -68 2400
2047 543 -36 603 -67 2400
2047 521 -35 604 -65 2397
2047 498 -35 603 -64 2394
2047 483 -34 602 -66 2397
2047 468 -33 602 -68 2403
297 54 0 28 24 2390
3 -11 0 3 24 419
2 -11 -1 3 24 96
2 -11 -1 3 24 54
2 -11 0 3 24 32
2 -11 0 2 24 22
2 -11 -1 2 24 16
2 -11 0 2 24 13
2 -11 -2 3 24 10
2 -12 0 3 24 10
2 -11 0 3 24 595
1 -11 0 3 24 762
2 -12 -1 3 24 1168
2 -12 -1 2 24 1251
2 -11 -1 2 21 1360
2 -12 -1 2 22 1382
2 -11 -1 3 25 1389
1021 639 -67 562 116 1382
1162 790 -101 549 -51 1389
1214 868 -106 552 -55 1389
1221 891 -107 549 -59 1389
1228 905 -109 549 -66 1389
1232 914 -109 549 -66 1389
1234 918 -109 550 -64 1389
1240 925 -110 551 -62 1389
1243 926 -110 550 -64 1392
1248 930 -111 550 -64 1389
1254 932 -111 550 -65 1395
1259 934 -111 550 -66 1392
1266 936 -112 550 -66 1389
1268 933 -112 551 -66 1386
1273 933 -113 550 -66 1386
1275 930 -113 550 -67 1382
1277 926 -113 549 -71 1386
1281 924 -113 550 -68 1389
1282 922 -113 550 -68 1389
1284 919 -113 549 -71 1389
1288 917 -114 550 -67 1389
1290 915 -114 551 -64 1389
1292 913 -114 550 -69 1389
1293 911 -114 550 -69 1392
1293 908 -114 550 -68 1389
1296 907 -114 550 -68 1389
1298 907 -114 550 -67 1392
1302 908 -114 549 -69 1389
1304 907 -114 550 -67 1389
1308 909 -115 550 -68 1386
1310 909 -115 550 -67 1382
1313 911 -116 549 -70 1386
1314 909 -115 551 -66 1386
1315 908 -115 550 -68 1386
1316 908 -115 552 -64 1386
1316 907 -115 551 -65 1389
1317 908 -115 551 -67 1386
1320 909 -116 551 -67 1386
1316 907 -115 550 -69 1386
1312 902 -115 550 -68 1389
1312 903 -115 551 -67 1395
1311 903 -115 549 -71 1389
1312 905 -115 550 -68 1389
1314 908 -115 550 -67 1389
1312 907 -115 550 -69 1386
1311 906 -115 549 -71 1392
1310 908 -115 549 -69 1389
1309 908 -115 549 -70 1389
1308 911 -115 550 -70 1395
1298 921 -115 549 -72 1389
1273 937 -114 550 -69 1392
1223 966 -114 550 -69 1392
1178 974 -113 550 -69 1392
1148 967 -112 550 -69 1398
1130 958 -112 550 -69 1395
1128 956 -112 551 -67 1392
1125 954 -112 552 -64 1392
1123 952 -112 549 -69 1392
1123 952 -112 550 -67 1392
1124 952 -112 548 -69 1389
1122 950 -112 549 -68 1389
1123 951 -113 551 -67 1392
1121 949 -112 550 -69 1392
1122 949 -112 550 -68 1392
1124 952 -113 550 -70 1389
1125 952 -113 551 -66 1389
1124 950 -112 551 -67 1392
1123 949 -112 551 -67 1392
1124 949 -112 551 -68 1392
1121 947 -112 550 -68 1395
1122 948 -112 550 -69 1389
2 -11 0 3 23 486
2 -11 -1 2 23 406
2 -11 -1 2 23 390
2 -11 0 2 23 390
2 -11 -1 2 22 390
2 -11 0 2 22 390
2 -11 0 2 22 390
2 -11 -1 2 22 390
