1 -12 0 -5 -19 32
1 -11 0 -5 -18 13
1 -11 -2 -5 -18 6
1 -11 -1 -5 -18 6
1 -11 0 -5 -18 3
1 -11 0 -5 -18 3
1 -11 0 -5 -18 3
1 -11 -1 -5 -18 3
1 -11 -1 -6 -18 3
1 -11 0 -5 -18 3
1 -12 0 -5 -18 640
1 -11 0 -5 -18 474
1 -11 0 -5 -18 1357
1 -12 0 -5 -18 1837
1 -11 0 -5 -18 2099
1 -11 0 -5 -18 2218
1 -12 0 -5 -18 2320
1 -12 -1 -5 -18 2336
1 -11 0 -5 -18 2387
1 -11 0 -6 -18 2400
1 -11 0 -6 -18 2406
2047 788 -57 608 79 2438
2047 921 -43 603 -37 2419
2047 827 -30 602 -47 2403
2047 728 -26 602 -47 2406
2047 637 -23 602 -47 2403
2047 583 -22 602 -48 2397
2047 543 -21 602 -48 2400
2047 504 -20 603 -47 2400
2047 481 -20 603 -47 2400
2047 458 -19 603 -48 2400
2047 442 -19 604 -45 2400
2041 428 -18 603 -48 2397
2012 415 -18 603 -47 2397
283 46 2 20 -18 2387
1 -11 0 -5 -18 256
1 -11 0 -5 -18 96
1 -11 0 -5 -18 54
1 -11 0 -5 -18 32
1 -11 0 -5 -18 22
1 -11 -1 -5 -18 16
1 -11 0 -5 -18 13
1 -11 0 -5 -18 10
1 -11 -1 -5 -18 10
1 -12 -1 -5 -18 595
1 -12 0 -5 -18 803
1 -12 -1 -5 -18 1082
1 -12 0 -5 -18 1203
1 -11 0 -5 -18 1290
1 -12 0 -6 -20 1306
1 -11 -1 -5 -19 1331
1 -12 0 -5 -17 1357
1 -11 -1 -5 -17 1382
1 -12 -1 -5 -17 1386
540 391 31 485 321 1389
1112 754 -80 552 28 1386
1219 940 -103 546 -46 1389
1219 969 -105 548 -45 1389
1224 985 -106 550 -45 1389
1228 996 -107 550 -43 1389
1233 1005 -108 550 -45 1392
1236 1008 -108 550 -45 1392
1239 1007 -108 550 -45 1395
1244 1007 -109 551 -44 1395
1248 1006 -109 550 -44 1395
1249 1001 -110 551 -44 1398
1253 999 -110 551 -44 1395
1252 992 -110 552 -44 1395
1259 992 -111 551 -45 1395
1262 991 -111 551 -45 1395
1265 987 -111 552 -45 1395
1265 984 -111 551 -45 1395
1263 978 -111 550 -45 1395
1266 977 -111 551 -44 1395
1269 977 -111 551 -44 1392
1272 976 -112 551 -45 1392
1272 973 -112 551 -44 1395
1273 972 -112 551 -45 1395
1275 971 -112 551 -44 1395
1276 969 -111 552 -45 1395
1275 966 -111 550 -44 1395
1278 968 -111 550 -44 1392
1284 972 -112 550 -45 1392
1283 970 -112 550 -45 1395
1284 969 -112 550 -45 1395
1285 968 -112 550 -45 1395
1287 968 -112 550 -45 1395
1288 969 -112 551 -45 1395
1290 970 -112 550 -44 1392
1296 975 -113 551 -44 1389
1298 976 -113 551 -45 1392
1298 975 -113 550 -45 1392
1299 975 -113 551 -45 1392
1299 974 -113 551 -45 1392
1301 975 -113 551 -45 1392
1300 974 -113 551 -45 1392
1301 975 -113 551 -45 1392
1301 974 -113 551 -45 1392
1302 976 -113 551 -45 1395
1302 977 -113 551 -45 1392
1302 978 -113 551 -45 1392
1301 977 -113 551 -45 1395
1301 978 -114 551 -45 1395
1300 977 -113 551 -45 1395
1302 981 -113 551 -45 1395
1301 982 -113 551 -45 1392
1300 984 -113 551 -45 1392
1292 987 -113 551 -46 1392
1265 1003 -112 550 -46 1392
1232 1021 -110 550 -46 1389
1192 1030 -108 550 -45 1392
1160 1029 -105 551 -45 1392
1137 1020 -103 550 -46 1392
1129 1013 -101 550 -46 1395
1128 1007 -101 550 -46 1395
1128 1003 -101 550 -46 1395
1128 1001 -101 550 -46 1392
1128 998 -101 550 -46 1392
1128 995 -101 550 -46 1392
1130 995 -101 550 -46 1392
1131 994 -101 550 -46 1392
1131 992 -101 550 -46 1392
1131 992 -101 551 -46 1392
1131 990 -101 551 -46 1392
1131 989 -101 551 -46 1392
1135 992 -101 551 -46 1389
1133 989 -101 551 -46 1389
1136 992 -101 551 -46 1389
1135 990 -101 551 -46 1389
1136 990 -101 551 -46 1389
1137 991 -101 551 -46 1389
1 -11 0 -5 -18 608
1 -11 -1 -5 -18 410
1 -11 -1 -5 -18 397
1 -12 -1 -5 -18 394
1 -11 -1 -5 -18 394
1 -12 0 -5 -18 394
1 -11 -1 -5 -18 394
1 -11 0 -5 -19 394
