2 -11 0 2 23 32
2 -11 -1 2 23 13
2 -11 0 2 24 6
2 -11 0 2 24 6
2 -11 -1 2 23 6
2 -11 0 2 23 6
2 -11 -1 2 23 3
2 -11 -1 2 24 3
2 -12 -1 2 24 3
2 -11 -1 2 24 3
2 -11 -1 2 24 464
1 -12 0 2 24 486
2 -12 0 2 24 1587
1 -12 -1 2 24 1856
1 -11 0 2 24 2240
1 -12 -1 2 24 2317
1 -12 0 2 24 2403
1 -12 0 2 24 2400
1656 581 -89 578 270 2432
2047 1009 -66 608 -20 2397
2047 961 -52 602 -65 2397
2047 836 -45 602 -65 2394
2047 751 -41 602 -65 2397
2047 671 -39 603 -66 2400
2047 627 -38 603 -66 2403
2047 592 -36 603 -66 2400
2047 553 -35 603 -66 2397
2047 533 -35 604 -64 2400
2047 516 -34 603 -66 2397
2047 498 -34 603 -66 2397
2047 477 -33 603 -64 2403
3 -11 -1 3 24 432
2 -11 -1 3 24 115
2 -11 0 3 24 58
2 -11 -1 3 24 35
2 -11 -1 3 24 26
2 -11 0 3 24 19
2 -11 0 3 24 13
2 -11 -1 3 24 10
2 -11 0 3 24 10
1 -11 -1 3 24 621
2 -12 -1 3 24 739
2 -11 0 3 24 1101
1 -12 0 3 24 1235
2 -12 -1 3 24 1296
2 -12 0 3 24 1347
1 -12 -1 3 24 1382
1 -11 0 2 24 1386
2 -12 0 2 21 1389
1014 636 -68 562 116 1386
1157 791 -102 548 -53 1392
1181 836 -105 552 -52 1386
1212 886 -108 550 -58 1392
1224 909 -109 551 -59 1392
1225 915 -109 550 -63 1392
1228 919 -110 549 -64 1392
1234 926 -110 550 -62 1392
1238 929 -110 551 -61 1389
1241 929 -111 551 -61 1392
1248 934 -111 551 -61 1392
1248 932 -111 550 -60 1392
1254 933 -111 549 -64 1392
1257 932 -111 550 -61 1392
1259 927 -111 550 -63 1392
1263 927 -112 550 -63 1389
1263 920 -112 549 -64 1395
1266 919 -112 549 -64 1395
1269 916 -112 549 -66 1395
1274 916 -112 550 -64 1395
1277 915 -112 550 -64 1389
1282 915 -113 550 -64 1389
1284 913 -113 548 -67 1392
1285 909 -113 550 -63 1392
1288 910 -113 550 -62 1389
1290 908 -113 550 -63 1392
1293 908 -113 551 -63 1389
1295 908 -113 550 -62 1389
1296 905 -114 550 -63 1389
1296 904 -113 550 -63 1389
1297 901 -113 550 -64 1395
1300 904 -114 550 -64 1389
1301 902 -114 550 -64 1389
1302 901 -113 550 -64 1392
1304 902 -114 550 -64 1389
1306 903 -114 550 -64 1389
1306 902 -114 550 -64 1392
1306 902 -114 551 -63 1392
1308 904 -114 551 -63 1389
1307 903 -114 550 -64 1389
1307 903 -114 550 -64 1389
1306 903 -114 551 -63 1392
1306 904 -114 550 -64 1392
1305 904 -114 550 -64 1392
1303 902 -114 551 -63 1395
1304 905 -114 550 -64 1395
1304 907 -115 551 -62 1392
1303 909 -115 551 -62 1392
1281 929 -114 551 -64 1389
1254 953 -114 550 -64 1389
1205 973 -113 550 -64 1389
1163 970 -112 550 -64 1389
1130 954 -111 551 -63 1392
1123 948 -111 550 -64 1392
1121 946 -111 550 -64 1392
1122 947 -111 551 -63 1389
1122 948 -112 551 -64 1382
1122 948 -112 551 -63 1386
1119 944 -111 550 -64 1392
1118 944 -111 551 -63 1392
1118 943 -111 551 -64 1392
1118 944 -111 551 -63 1392
1120 945 -112 551 -64 1389
1117 942 -111 551 -64 1392
1117 942 -111 551 -63 1392
1118 942 -111 550 -66 1392
1118 943 -111 551 -64 1389
1119 944 -112 550 -64 1389
1122 946 -112 550 -64 1382
164 124 -7 26 23 1386
2 -11 0 3 23 445
2 -11 0 3 23 400
2 -12 0 2 23 394
2 -12 0 2 23 390
2 -12 0 2 23 390
2 -11 0 2 23 390
2 -12 0 2 23 390
2 -11 0 2 23 390
