1 -11 0 -5 -19 38
1 -11 -2 -5 -19 16
1 -11 -1 -5 -19 6
1 -11 0 -5 -19 6
1 -11 0 -6 -19 6
1 -11 0 -5 -19 3
1 -11 -1 -5 -19 3
1 -12 0 -6 -19 3
1 -11 0 -6 -19 3
1 -11 0 -6 -19 3
1 -11 0 -5 -19 643
1 -11 0 -5 -19 483
1 -12 0 -5 -19 1542
1 -12 0 -5 -19 1834
1 -11 0 -5 -19 2112
1 -12 -1 -5 -19 2230
1 -11 0 -5 -19 2294
1 -12 -1 -6 -19 2333
1 -12 0 -5 -19 2355
1 -11 0 -5 -19 2378
1 -12 -1 -5 -19 2403
1 -12 0 -5 -19 2400
2047 828 -60 607 45 2442
2047 956 -41 601 -47 2406
2047 834 -29 602 -48 2403
2047 712 -24 602 -48 2400
2047 641 -23 602 -48 2394
2047 576 -21 602 -48 2394
2047 538 -20 603 -49 2394
2047 508 -20 603 -49 2397
2047 479 -20 603 -49 2394
2047 461 -19 603 -49 2394
2047 441 -19 603 -49 2394
2047 429 -18 604 -48 2394
2029 417 -18 602 -47 2390
33 -5 0 -3 -19 2320
1 -11 0 -5 -19 253
1 -11 0 -6 -19 83
1 -11 0 -6 -19 51
1 -11 -1 -6 -19 32
1 -11 0 -6 -19 22
1 -11 -1 -6 -19 16
1 -11 0 -6 -19 13
1 -11 0 -6 -19 10
1 -11 0 -5 -19 10
1 -11 0 -5 -19 614
1 -11 0 -6 -19 810
1 -11 0 -5 -19 1158
1 -12 0 -6 -19 1254
1 -11 -1 -6 -21 1325
1 -11 0 -5 -19 1366
1 -11 0 -5 -18 1389
544 393 31 484 303 1389
1054 689 -68 555 73 1386
1208 900 -102 547 -41 1389
1206 932 -104 547 -48 1389
1212 949 -104 549 -46 1389
1216 961 -105 549 -45 1389
1221 969 -106 550 -44 1386
1224 974 -106 550 -43 1389
1229 980 -107 550 -46 1389
1231 979 -107 550 -45 1392
1238 981 -108 550 -45 1389
1242 980 -108 550 -45 1389
1245 978 -108 551 -45 1389
1248 975 -109 551 -45 1389
1251 973 -109 551 -45 1389
1253 969 -109 551 -45 1386
1256 966 -110 551 -45 1389
1260 966 -110 551 -46 1389
1261 962 -110 551 -45 1389
1264 961 -110 551 -45 1392
1265 958 -109 550 -46 1392
1270 960 -109 551 -45 1389
1271 958 -109 551 -45 1389
1273 955 -109 551 -44 1392
1276 956 -109 551 -45 1389
1279 956 -109 550 -46 1389
1280 955 -110 551 -45 1389
1282 954 -110 550 -45 1389
1283 952 -109 551 -45 1392
1281 947 -109 551 -45 1392
1283 947 -109 551 -45 1395
1285 947 -110 551 -45 1392
1287 948 -110 551 -45 1392
1290 949 -110 551 -45 1389
1294 951 -110 551 -45 1389
1295 950 -111 551 -45 1389
1294 948 -111 551 -46 1389
1295 948 -110 551 -46 1392
1296 947 -111 551 -45 1392
1296 946 -111 551 -45 1392
1297 946 -111 551 -45 1395
1297 945 -111 551 -45 1392
1299 946 -111 551 -45 1392
1300 949 -111 551 -45 1392
1300 949 -111 551 -45 1392
1301 950 -111 551 -45 1392
1300 950 -111 551 -45 1392
1301 951 -111 551 -45 1392
1302 953 -111 552 -45 1389
1301 952 -111 551 -46 1389
1300 953 -111 551 -45 1392
1300 954 -111 551 -46 1392
1295 956 -111 551 -46 1392
1274 966 -110 550 -47 1392
1233 970 -108 551 -45 1392
1197 984 -106 551 -46 1395
1174 987 -105 550 -47 1395
1150 983 -103 551 -46 1395
1136 982 -102 551 -47 1395
1130 979 -101 550 -46 1395
1130 977 -101 551 -46 1392
1129 975 -101 551 -46 1392
1129 973 -101 551 -46 1392
1128 970 -100 551 -46 1392
1128 969 -101 551 -46 1392
1130 970 -101 551 -46 1389
1129 969 -101 551 -46 1389
1130 969 -101 552 -45 1389
1127 965 -100 550 -45 1389
1127 964 -100 550 -45 1392
1128 965 -100 550 -46 1389
1128 965 -100 550 -46 1389
1129 966 -100 551 -45 1389
1128 964 -100 550 -45 1389
1128 964 -100 551 -45 1389
1128 965 -100 550 -45 1389
4 -9 0 -4 -19 986
1 -11 -1 -5 -18 432
1 -11 0 -5 -18 397
1 -11 0 -5 -19 394
1 -11 -1 -5 -19 394
1 -11 -1 -5 -19 394
1 -11 0 -5 -19 394
1 -11 -1 -5 -19 394
1 -11 -1 -5 -19 394
