1 -11 0 -5 -18 51
1 -11 -1 -6 -19 19
1 -12 -1 -5 -18 10
1 -11 -1 -5 -18 6
1 -11 0 -5 -19 6
1 -12 0 -6 -19 3
1 -11 -1 -5 -18 3
1 -11 0 -5 -19 3
1 -11 -1 -6 -19 3
1 -11 0 -5 -19 3
1 -12 0 -6 -19 634
1 -12 0 -5 -19 493
1 -11 0 -5 -19 1542
1 -12 0 -5 -19 1856
1 -12 -1 -5 -19 2166
1 -12 0 -5 -19 2253
1 -12 0 -5 -18 2346
1 -12 -1 -6 -19 2384
1 -12 0 -6 -19 2394
1 -12 0 -6 -19 2394
2047 808 -57 608 66 2448
2047 946 -43 603 -40 2416
2047 843 -30 602 -48 2403
2047 744 -25 602 -48 2400
2047 649 -23 602 -48 2403
2047 595 -22 602 -48 2400
2047 554 -21 602 -48 2397
2047 515 -20 603 -48 2397
2047 491 -20 603 -48 2397
2047 466 -19 603 -49 2397
2047 450 -18 603 -49 2400
2047 435 -18 603 -47 2397
2037 421 -18 603 -48 2397
286 47 1 21 -19 2390
1 -11 -1 -5 -19 253
1 -11 -1 -5 -19 96
1 -11 -1 -5 -19 58
1 -11 0 -5 -19 35
1 -11 0 -5 -19 22
1 -11 0 -5 -19 16
1 -11 0 -5 -19 13
1 -11 0 -5 -19 10
1 -11 0 -5 -19 10
1 -11 0 -6 -19 595
1 -11 0 -5 -19 803
1 -11 0 -5 -19 1165
1 -11 0 -5 -19 1219
1 -12 0 -5 -19 1328
1 -11 0 -6 -21 1354
1 -11 0 -6 -19 1379
1 -11 0 -5 -18 1386
1 -11 -1 -5 -18 1386
1056 697 -67 558 90 1386
1216 930 -101 548 -41 1389
1216 967 -102 548 -47 1389
1224 984 -103 549 -47 1392
1228 995 -104 550 -46 1389
1235 1008 -105 551 -44 1389
1240 1014 -106 552 -43 1389
1243 1015 -106 550 -44 1389
1247 1015 -106 550 -44 1392
1249 1011 -107 550 -44 1392
1255 1010 -108 550 -46 1389
1258 1007 -108 550 -46 1389
1260 1001 -108 550 -46 1389
1261 997 -108 550 -46 1392
1264 994 -108 550 -46 1392
1269 995 -109 550 -46 1392
1272 993 -109 550 -45 1392
1274 990 -109 551 -45 1392
1276 988 -110 551 -46 1392
1277 986 -109 551 -46 1392
1280 985 -110 551 -45 1392
1280 984 -110 551 -45 1392
1283 983 -110 551 -45 1392
1286 983 -110 552 -44 1392
1285 981 -110 550 -44 1389
1288 980 -110 550 -44 1392
1290 981 -110 550 -44 1389
1291 978 -110 551 -44 1395
1292 977 -110 551 -44 1392
1292 976 -110 551 -44 1395
1293 974 -110 550 -46 1395
1294 974 -110 550 -46 1395
1296 974 -110 550 -46 1395
1297 974 -110 550 -46 1395
1298 974 -110 550 -46 1395
1300 975 -110 550 -45 1395
1301 975 -110 550 -45 1395
1303 976 -111 550 -46 1392
1304 976 -111 550 -45 1392
1305 976 -111 551 -45 1392
1309 980 -112 551 -45 1392
1310 980 -112 551 -45 1392
1310 980 -111 551 -45 1392
1310 980 -112 551 -45 1392
1309 979 -111 551 -45 1395
1309 980 -112 551 -45 1392
1309 980 -112 551 -45 1392
1309 981 -112 551 -45 1392
1309 981 -112 551 -45 1392
1308 981 -112 551 -45 1392
1309 982 -112 551 -45 1392
1308 982 -112 551 -45 1392
1306 985 -111 551 -45 1392
1299 991 -111 551 -46 1392
1281 1000 -110 551 -45 1392
1241 1016 -108 550 -46 1395
1209 1022 -106 551 -45 1395
1173 1023 -104 551 -45 1395
1152 1018 -102 551 -46 1395
1140 1010 -100 551 -46 1395
1135 1003 -100 550 -46 1395
1133 999 -100 551 -46 1395
1133 995 -99 551 -46 1395
1133 993 -99 551 -45 1395
1133 991 -99 551 -45 1395
1132 988 -99 551 -46 1392
1132 986 -99 551 -46 1392
1132 985 -99 551 -46 1392
1133 985 -99 551 -46 1392
1133 984 -99 551 -46 1389
1134 984 -99 551 -46 1389
1134 984 -99 551 -46 1389
1133 982 -99 551 -46 1392
1133 980 -99 551 -46 1392
1133 980 -99 551 -46 1392
1133 981 -99 551 -46 1392
1133 980 -99 551 -46 1392
1 -11 0 -5 -19 611
1 -11 0 -5 -19 419
1 -12 -1 -5 -19 397
1 -12 -1 -5 -18 394
1 -11 -1 -5 -19 394
1 -12 0 -5 -19 394
1 -12 -1 -5 -19 394
1 -11 -1 -5 -19 394
1 -11 -1 -5 -18 394
