1 -11 -1 -6 -19 51
1 -11 0 -5 -19 19
1 -11 -1 -5 -19 10
1 -11 -1 -5 -20 6
1 -11 -1 -6 -19 3
1 -12 -1 -6 -19 6
1 -11 0 -6 -19 3
1 -11 -1 -6 -20 3
1 -11 -1 -6 -20 3
1 -12 -1 -6 -19 3
1 -11 -1 -6 -19 637
1 -12 0 -5 -19 486
1 -11 0 -6 -19 1539
1 -12 0 -6 -19 1840
1 -12 -1 -6 -19 2144
1 -12 -1 -6 -20 2256
1 -11 0 -5 -19 2314
1 -12 -1 -6 -19 2349
1 -12 -1 -6 -20 2381
1 -12 -2 -6 -20 2390
1 -12 -1 -6 -19 2394
2047 825 -59 607 61 2438
2047 967 -42 602 -47 2403
2047 849 -30 602 -48 2403
2047 724 -24 603 -48 2400
2047 651 -23 603 -48 2397
2047 596 -21 603 -48 2397
2047 546 -20 603 -48 2397
2047 516 -20 604 -47 2394
2047 485 -19 602 -48 2397
2047 466 -19 603 -48 2394
2047 450 -18 602 -49 2397
2047 433 -18 602 -48 2400
2029 422 -17 603 -48 2397
33 -5 0 -3 -19 2323
1 -11 -1 -5 -19 256
1 -11 -1 -5 -19 96
1 -12 0 -5 -19 51
1 -11 0 -5 -19 35
1 -11 0 -5 -19 22
1 -11 0 -5 -19 16
1 -11 -1 -5 -19 13
1 -11 0 -5 -19 10
1 -12 0 -5 -20 10
1 -12 -1 -5 -19 592
1 -12 0 -5 -19 794
1 -12 -1 -5 -20 1158
1 -11 0 -6 -21 1328
1 -12 0 -6 -20 1341
1 -11 -1 -5 -18 1370
1 -11 -1 -5 -18 1386
1 -12 -1 -5 -18 1386
1059 705 -67 556 72 1386
1220 917 -100 548 -41 1389
1222 950 -101 548 -48 1389
1225 964 -102 549 -46 1389
1230 975 -103 550 -46 1389
1236 985 -104 551 -44 1389
1240 992 -104 551 -44 1392
1245 997 -104 550 -46 1392
1249 1000 -105 551 -44 1392
1252 999 -106 551 -45 1392
1257 999 -106 551 -45 1392
1260 998 -106 552 -45 1392
1260 991 -106 550 -45 1392
1263 989 -106 550 -45 1392
1266 988 -106 550 -46 1389
1270 987 -107 551 -45 1392
1274 986 -107 551 -45 1389
1276 984 -107 551 -45 1386
1278 981 -108 551 -46 1386
1279 979 -108 552 -44 1389
1280 976 -108 551 -45 1389
1282 975 -108 551 -45 1392
1284 974 -108 551 -45 1389
1285 972 -108 552 -45 1392
1283 968 -108 550 -45 1392
1285 967 -108 550 -45 1392
1288 967 -108 550 -45 1392
1288 965 -108 550 -45 1392
1290 965 -108 550 -45 1392
1293 965 -108 551 -45 1392
1294 965 -108 551 -45 1392
1296 966 -108 551 -45 1392
1299 967 -108 551 -45 1389
1300 967 -109 551 -45 1389
1301 966 -109 551 -45 1389
1304 968 -109 551 -45 1389
1304 967 -109 551 -45 1386
1305 966 -109 551 -45 1389
1306 965 -109 551 -45 1389
1307 965 -109 551 -45 1389
1308 965 -109 551 -45 1389
1309 965 -109 551 -45 1389
1310 966 -109 551 -46 1389
1309 965 -109 551 -46 1389
1311 967 -109 551 -45 1389
1312 968 -109 551 -45 1386
1312 968 -109 551 -46 1386
1312 968 -109 551 -45 1386
1311 967 -109 551 -45 1389
1311 968 -109 551 -45 1389
1310 967 -109 551 -45 1389
1310 968 -109 551 -45 1389
1309 967 -109 551 -45 1389
1309 968 -109 551 -46 1389
1308 968 -109 551 -46 1389
1306 971 -109 551 -46 1389
1297 974 -109 551 -46 1389
1272 986 -107 550 -45 1389
1234 995 -105 550 -46 1389
1197 1003 -104 551 -45 1392
1159 995 -101 551 -46 1392
1148 993 -100 551 -46 1392
1142 988 -100 551 -45 1392
1141 985 -100 551 -45 1392
1141 983 -100 551 -45 1392
1141 980 -100 551 -45 1389
1141 979 -100 551 -46 1389
1141 977 -100 551 -46 1389
1141 976 -100 551 -46 1389
1141 974 -100 551 -45 1392
1142 974 -99 551 -45 1389
1142 975 -100 551 -46 1389
1141 973 -99 551 -46 1389
1141 972 -99 551 -46 1389
1141 971 -99 551 -46 1389
1140 970 -99 551 -46 1389
1140 970 -99 551 -46 1389
1140 970 -99 551 -46 1392
1140 969 -99 551 -46 1392
1140 969 -99 551 -46 1392
1140 969 -98 551 -46 1392
167 128 -6 19 -19 1389
1 -11 -1 -5 -19 451
1 -11 0 -5 -19 403
1 -12 0 -5 -19 394
1 -12 -1 -5 -19 394
1 -12 -1 -5 -19 394
1 -11 -1 -5 -19 394
1 -12 0 -5 -19 394
1 -12 0 -5 -19 394
