1 -11 0 -6 -18 51
1 -11 0 -5 -18 19
1 -11 -1 -5 -18 10
1 -11 0 -5 -18 6
1 -11 0 -6 -19 3
1 -11 0 -6 -18 3
1 -11 0 -6 -19 3
1 -11 -1 -6 -18 3
1 -11 -1 -6 -18 3
1 -11 -1 -6 -18 3
1 -11 -1 -6 -18 464
1 -11 0 -6 -19 486
1 -11 -1 -6 -18 1520
1 -11 -1 -5 -18 1837
1 -11 -1 -6 -18 2195
1 -11 -1 -5 -18 2406
1 -11 -1 -5 -18 2403
1 -11 -1 -5 -18 2400
2047 880 -58 608 82 2454
2047 1104 -46 601 -45 2419
2047 946 -38 602 -46 2400
2047 821 -36 602 -47 2400
2047 706 -33 602 -47 2400
2047 641 -31 603 -47 2400
2047 593 -29 603 -47 2400
2047 550 -28 603 -47 2397
2047 523 -27 602 -47 2397
2047 495 -26 603 -47 2397
2047 477 -25 603 -47 2397
2047 461 -24 603 -47 2400
2047 445 -24 603 -47 2400
294 50 1 20 -18 2397
2 -11 -1 -5 -18 416
1 -11 0 -5 -18 96
1 -11 0 -5 -18 48
1 -11 -1 -5 -18 32
1 -11 -1 -5 -18 26
1 -11 0 -6 -19 19
1 -11 -1 -6 -18 13
1 -11 -1 -6 -18 10
1 -11 -1 -5 -18 10
1 -11 -1 -5 -18 595
1 -11 0 -6 -19 790
1 -11 -1 -5 -18 1110
1 -11 -1 -5 -18 1210
1 -11 -1 -5 -18 1312
0 -11 -1 -5 -18 1331
1 -11 -2 -6 -21 1357
1 -11 -1 -6 -20 1382
1 -11 -1 -5 -17 1386
563 411 40 485 291 1386
1066 710 -58 559 100 1389
1245 962 -95 548 -42 1389
1246 992 -96 548 -46 1392
1252 1009 -97 550 -46 1389
1258 1023 -98 550 -45 1392
1264 1031 -99 551 -43 1389
1269 1037 -100 552 -42 1392
1271 1035 -100 550 -44 1389
1275 1034 -100 550 -43 1389
1279 1030 -101 550 -44 1392
1281 1027 -101 550 -44 1389
1284 1023 -102 550 -44 1392
1286 1018 -102 550 -45 1392
1288 1014 -102 550 -45 1392
1292 1012 -103 551 -45 1389
1294 1010 -103 551 -45 1389
1296 1009 -103 550 -45 1389
1297 1005 -103 551 -45 1392
1299 1004 -103 551 -45 1392
1302 1003 -103 550 -46 1392
1305 1004 -103 551 -45 1389
1305 1002 -103 550 -45 1389
1308 1002 -104 551 -44 1389
1312 1003 -104 551 -45 1389
1313 1001 -104 551 -44 1389
1315 1002 -104 551 -44 1392
1317 1001 -104 551 -45 1389
1319 1001 -104 551 -44 1389
1320 1000 -104 551 -45 1392
1322 1000 -105 551 -44 1392
1324 1000 -105 551 -45 1389
1325 1000 -105 551 -44 1392
1325 998 -104 551 -45 1392
1326 997 -105 551 -44 1395
1326 996 -105 551 -44 1395
1329 998 -105 552 -45 1392
1328 996 -105 550 -45 1392
1328 996 -105 550 -44 1392
1329 995 -105 550 -44 1395
1329 994 -105 550 -44 1392
1331 996 -105 550 -44 1395
1332 996 -105 551 -44 1392
1332 995 -105 550 -44 1392
1333 995 -105 550 -44 1392
1333 995 -105 551 -44 1395
1334 995 -105 551 -44 1395
1335 996 -105 551 -43 1395
1335 996 -105 551 -44 1395
1336 997 -105 551 -44 1395
1335 996 -105 551 -44 1392
1334 997 -105 551 -44 1392
1335 998 -105 551 -44 1395
1336 1000 -105 551 -44 1392
1337 1002 -106 551 -44 1392
1336 1002 -105 551 -44 1392
1336 1003 -105 551 -44 1392
1327 1004 -105 551 -45 1392
1308 1007 -104 550 -46 1392
1269 1013 -101 550 -44 1389
1248 1021 -100 550 -45 1389
1224 1024 -99 551 -45 1392
1209 1028 -97 550 -45 1392
1190 1028 -96 550 -45 1392
1169 1024 -94 551 -45 1392
1157 1016 -92 550 -46 1392
1153 1012 -92 550 -46 1395
1154 1012 -92 550 -46 1392
1152 1007 -92 550 -46 1395
1153 1006 -92 550 -46 1395
1153 1004 -92 550 -46 1395
1159 1010 -92 550 -46 1392
1159 1008 -92 551 -46 1392
1162 1011 -92 551 -45 1392
1162 1009 -92 551 -45 1392
1163 1009 -92 551 -46 1392
1164 1009 -92 551 -46 1392
1164 1008 -92 551 -46 1392
1164 1008 -92 551 -45 1392
1161 1004 -92 551 -45 1392
1164 1006 -92 551 -46 1392
1164 1006 -92 551 -45 1392
1163 1005 -92 551 -46 1392
20 6 -2 -3 -19 1373
1 -11 0 -5 -19 432
1 -11 0 -5 -19 400
1 -11 -1 -6 -19 394
1 -11 -1 -5 -19 394
1 -11 -1 -5 -19 394
1 -11 -1 -5 -19 394
1 -11 -1 -5 -19 394
1 -11 0 -5 -19 394
