1 -11 0 -6 -20 32
1 -11 -1 -6 -19 13
1 -11 -1 -6 -19 6
1 -11 -1 -6 -19 6
1 -11 0 -6 -19 3
1 -11 -1 -6 -20 3
1 -11 -1 -6 -19 3
1 -11 -1 -6 -19 3
1 -11 -1 -6 -19 3
1 -11 -1 -6 -20 3
1 -11 -1 -6 -19 653
1 -11 -1 -6 -19 474
1 -11 -1 -6 -20 1536
1 -11 0 -6 -19 1840
1 -11 -1 -6 -19 2166
1 -11 0 -6 -20 2224
1 -11 -1 -6 -20 2275
1 -11 0 -6 -19 2307
1 -11 0 -6 -19 2346
1 -11 0 -6 -19 2374
1 -11 0 -6 -20 2394
596 155 -32 555 593 2397
2047 967 -52 609 45 2448
2047 1081 -41 601 -47 2406
2047 927 -37 602 -46 2403
2047 780 -35 602 -47 2400
2047 697 -32 602 -48 2400
2047 623 -31 603 -48 2403
2047 580 -29 603 -48 2400
2047 547 -28 603 -48 2403
2047 514 -26 603 -48 2403
2047 494 -26 604 -48 2400
2047 471 -25 602 -48 2400
2047 457 -24 602 -48 2403
2047 444 -24 602 -48 2403
6 -10 -1 -4 -19 1750
1 -11 0 -6 -20 186
1 -11 -1 -6 -20 70
1 -11 -1 -6 -20 45
1 -11 0 -6 -19 29
1 -11 0 -6 -19 19
1 -11 0 -6 -19 16
1 -11 -1 -6 -19 13
1 -11 -1 -6 -19 10
1 -11 -1 -6 -19 10
1 -11 0 -6 -19 707
1 -11 0 -6 -20 1011
1 -11 -1 -6 -20 1184
1 -11 0 -6 -20 1277
1 -11 0 -6 -21 1318
1 -11 -1 -6 -20 1350
1 -11 -1 -5 -18 1370
1 -11 -1 -5 -18 1382
856 608 -5 544 125 1389
1119 770 -69 556 53 1389
1245 980 -95 546 -48 1389
1246 1005 -96 548 -46 1389
1252 1024 -97 549 -46 1389
1258 1034 -98 550 -44 1389
1262 1041 -98 550 -44 1389
1270 1050 -100 550 -45 1389
1276 1052 -100 550 -45 1389
1278 1047 -100 550 -45 1389
1279 1042 -101 550 -45 1389
1281 1037 -101 551 -45 1392
1284 1032 -101 551 -45 1392
1289 1030 -102 551 -46 1392
1293 1029 -102 551 -45 1392
1295 1027 -102 551 -45 1392
1297 1024 -103 551 -45 1392
1298 1021 -103 551 -45 1392
1301 1019 -103 551 -45 1392
1300 1014 -103 550 -45 1392
1302 1014 -103 551 -44 1392
1304 1013 -103 550 -44 1392
1306 1012 -103 551 -44 1392
1309 1012 -104 551 -44 1392
1311 1012 -104 551 -44 1392
1312 1012 -104 551 -44 1392
1314 1011 -104 551 -44 1389
1316 1010 -104 551 -44 1389
1317 1010 -104 551 -44 1389
1322 1013 -104 550 -46 1389
1323 1013 -104 550 -46 1392
1325 1013 -104 550 -46 1392
1328 1014 -104 550 -46 1389
1328 1013 -104 550 -46 1389
1329 1013 -104 551 -45 1392
1330 1013 -104 551 -45 1389
1332 1013 -105 551 -45 1392
1333 1014 -105 551 -45 1389
1335 1015 -105 551 -45 1389
1336 1015 -105 551 -46 1389
1337 1015 -105 551 -45 1389
1337 1014 -105 551 -45 1392
1338 1015 -105 551 -45 1389
1340 1016 -105 551 -45 1389
1340 1017 -105 550 -47 1389
1340 1017 -105 551 -46 1389
1340 1016 -105 551 -46 1389
1340 1016 -105 551 -46 1392
1341 1018 -105 552 -45 1392
1340 1018 -105 551 -46 1389
1340 1019 -105 551 -46 1389
1341 1020 -105 551 -46 1389
1340 1020 -105 551 -46 1392
1340 1020 -105 551 -46 1392
1340 1021 -105 551 -46 1392
1338 1021 -105 551 -46 1389
1328 1023 -105 550 -47 1392
1308 1028 -104 550 -46 1389
1270 1034 -101 551 -46 1389
1249 1040 -100 550 -46 1389
1227 1041 -99 550 -47 1392
1212 1047 -97 550 -47 1392
1191 1043 -96 551 -46 1392
1167 1034 -93 551 -46 1389
1158 1029 -92 550 -46 1392
1158 1029 -92 551 -46 1392
1156 1025 -92 551 -46 1392
1157 1024 -92 551 -46 1392
1157 1021 -91 551 -46 1389
1156 1019 -92 551 -47 1389
1156 1017 -92 551 -46 1389
1157 1016 -91 551 -46 1392
1158 1016 -92 551 -46 1389
1159 1016 -91 551 -46 1389
1157 1013 -91 551 -46 1389
1158 1013 -92 551 -45 1389
1158 1012 -91 551 -46 1389
1157 1010 -91 551 -46 1389
1160 1013 -91 551 -46 1392
1159 1011 -91 550 -46 1389
1162 1013 -91 551 -46 1392
1160 1011 -91 550 -46 1392
1161 1012 -91 550 -46 1392
1 -11 -1 -5 -19 618
1 -11 -1 -5 -19 419
1 -11 0 -5 -19 397
1 -11 -1 -5 -19 394
1 -11 0 -6 -19 394
1 -11 -1 -6 -20 394
1 -11 -1 -6 -20 394
1 -11 -1 -6 -20 394
1 -11 0 -6 -20 394
