1 -11 -1 -6 -19 70
1 -11 -1 -6 -19 26
1 -11 0 -6 -19 10
1 -11 0 -6 -19 6
1 -11 -1 -6 -19 3
1 -11 -1 -5 -19 3
1 -11 -1 -6 -19 3
1 -11 -1 -6 -19 3
1 -11 -1 -6 -19 3
1 -11 -1 -6 -19 3
0 -11 -1 -6 -19 646
1 -11 0 -6 -19 499
1 -11 0 -6 -19 1533
1 -12 0 -6 -19 1827
0 -12 0 -6 -19 2173
1 -12 0 -6 -19 2186
0 -11 0 -6 -19 2237
0 -12 0 -6 -19 2269
1 -12 -1 -6 -19 2291
1 -11 -1 -6 -19 2339
0 -11 0 -6 -19 2365
0 -12 -1 -6 -19 2394
1 -12 -1 -6 -19 2403
822 227 -38 553 405 2397
2047 962 -47 606 -19 2464
2047 977 -43 602 -47 2416
2047 859 -40 602 -47 2406
2047 739 -38 602 -47 2403
2047 668 -36 602 -47 2400
2047 602 -33 603 -47 2397
2047 562 -32 603 -47 2397
2047 532 -30 603 -47 2394
2047 502 -29 603 -47 2397
2047 483 -28 603 -47 2397
2047 465 -27 603 -47 2397
2047 451 -27 603 -47 2394
2047 439 -26 603 -47 2394
6 -10 -1 -4 -18 1811
1 -11 0 -5 -19 189
1 -11 -1 -5 -19 70
1 -11 -1 -5 -19 45
1 -11 0 -5 -19 32
1 -11 0 -5 -19 19
1 -11 0 -5 -19 16
1 -11 0 -6 -19 13
1 -11 0 -5 -19 10
1 -11 0 -6 -19 10
1 -11 0 -6 -20 710
1 -12 -1 -6 -19 1050
1 -12 -1 -5 -17 1216
1 -11 -1 -5 -18 1325
1 -12 0 -5 -18 1328
1 -11 -1 -5 -17 1363
1 -11 -1 -7 -21 1382
1 -11 0 -6 -20 1389
805 572 6 531 165 1392
1127 773 -64 554 41 1389
1242 960 -90 547 -44 1389
1245 984 -93 548 -47 1389
1262 1021 -97 549 -45 1392
1263 1026 -97 549 -46 1392
1267 1034 -97 549 -46 1389
1272 1040 -98 549 -46 1392
1275 1040 -98 550 -46 1392
1280 1040 -99 550 -46 1392
1282 1037 -99 550 -46 1392
1285 1034 -99 550 -46 1392
1290 1032 -100 550 -46 1392
1293 1030 -100 550 -46 1389
1296 1026 -100 551 -45 1389
1299 1025 -101 551 -45 1389
1301 1023 -101 552 -43 1389
1308 1024 -102 551 -45 1389
1308 1021 -102 550 -45 1389
1310 1020 -102 551 -45 1389
1312 1019 -102 550 -45 1389
1315 1019 -102 550 -45 1386
1317 1018 -103 551 -45 1386
1319 1017 -103 551 -45 1389
1320 1014 -103 551 -45 1392
1322 1014 -103 551 -45 1389
1324 1014 -103 551 -45 1389
1326 1014 -103 551 -45 1389
1328 1015 -104 551 -45 1386
1330 1015 -103 551 -45 1386
1330 1012 -103 551 -45 1389
1330 1010 -104 551 -45 1389
1332 1010 -104 551 -45 1392
1332 1009 -104 551 -44 1392
1335 1010 -104 551 -45 1389
1336 1010 -104 552 -45 1392
1337 1009 -104 551 -45 1392
1337 1009 -104 551 -45 1392
1339 1009 -104 551 -45 1392
1338 1008 -104 550 -45 1392
1338 1006 -103 550 -46 1392
1338 1006 -104 550 -46 1389
1338 1006 -103 550 -46 1392
1340 1006 -103 550 -46 1392
1341 1006 -103 550 -46 1392
1340 1005 -103 550 -46 1392
1340 1004 -104 550 -46 1392
1340 1005 -103 550 -46 1395
1341 1006 -103 550 -46 1392
1340 1005 -103 550 -46 1395
1339 1004 -103 550 -46 1398
1342 1008 -104 550 -46 1392
1342 1008 -103 550 -46 1392
1344 1010 -104 550 -46 1392
1344 1011 -104 550 -46 1389
1341 1011 -104 550 -46 1389
1337 1012 -104 550 -46 1389
1314 1008 -103 550 -45 1392
1291 1014 -101 550 -46 1392
1264 1025 -100 550 -45 1392
1247 1029 -99 550 -46 1392
1232 1032 -98 550 -46 1392
1214 1036 -96 550 -46 1389
1202 1042 -96 550 -46 1389
1181 1034 -94 550 -46 1389
1176 1033 -93 550 -46 1392
1165 1021 -92 550 -45 1389
1173 1029 -93 551 -45 1389
1166 1019 -92 550 -45 1389
1171 1023 -92 551 -45 1389
1170 1020 -92 551 -45 1389
1171 1020 -92 551 -44 1392
1168 1015 -92 551 -45 1392
1169 1016 -92 551 -45 1392
1171 1016 -92 551 -45 1392
1172 1016 -92 551 -45 1392
1172 1016 -92 551 -44 1392
1173 1016 -92 551 -44 1389
1171 1014 -92 551 -45 1392
1171 1013 -92 551 -45 1392
1173 1016 -92 551 -45 1392
1175 1017 -92 551 -45 1389
1174 1016 -92 552 -45 1389
3 -9 0 -4 -19 979
1 -11 0 -5 -19 419
1 -11 -1 -5 -19 397
1 -11 0 -5 -19 394
1 -11 -1 -6 -19 394
1 -11 0 -5 -19 394
1 -11 -1 -5 -19 394
1 -11 0 -5 -19 394
1 -11 0 -6 -19 394
