1 -11 0 -6 -19 70
1 -11 0 -6 -20 26
1 -11 -1 -6 -19 10
1 -11 0 -6 -19 6
1 -11 0 -6 -19 3
1 -11 0 -5 -19 3
1 -11 0 -6 -19 3
1 -11 0 -6 -19 3
1 -11 0 -6 -19 3
1 -11 0 -6 -19 3
1 -11 0 -6 -19 640
1 -12 0 -6 -19 499
0 -11 0 -6 -19 1395
1 -12 -1 -6 -19 1853
1 -11 -1 -6 -19 2128
1 -11 -1 -6 -19 2198
1 -12 0 -6 -19 2240
1 -12 -1 -6 -19 2282
1 -12 -1 -6 -19 2314
1 -11 -1 -6 -19 2346
1 -12 -1 -6 -19 2381
0 -12 -1 -6 -19 2394
1 -11 0 -6 -19 2394
2047 901 -50 606 27 2461
2047 1004 -43 601 -47 2400
2047 854 -38 602 -47 2400
2047 755 -36 603 -48 2397
2047 678 -34 603 -48 2397
2047 608 -32 603 -48 2397
2047 566 -30 604 -46 2394
2047 523 -28 602 -47 2400
2047 498 -27 602 -47 2400
2047 479 -27 602 -47 2397
2047 458 -26 603 -45 2400
2047 444 -25 603 -47 2403
2047 429 -24 603 -47 2403
36 -4 -1 -3 -19 2333
1 -11 0 -5 -19 262
1 -11 -1 -5 -19 83
1 -11 -1 -5 -19 51
0 -11 -1 -6 -19 32
1 -11 0 -6 -19 22
1 -11 0 -5 -19 16
1 -11 0 -6 -19 13
1 -11 -1 -6 -19 10
1 -11 -1 -6 -19 10
1 -11 0 -5 -19 611
1 -11 0 -6 -22 813
1 -11 -1 -6 -20 1216
1 -11 -1 -5 -18 1338
1 -11 -1 -5 -18 1360
1 -11 -1 -5 -18 1382
1 -11 -1 -5 -18 1386
559 410 44 484 295 1389
1070 712 -55 557 91 1389
1228 925 -84 547 -44 1389
1246 990 -94 548 -45 1389
1251 1008 -95 550 -45 1389
1259 1024 -96 550 -44 1386
1263 1030 -97 550 -46 1389
1269 1037 -98 550 -46 1389
1272 1038 -98 550 -46 1389
1276 1039 -99 550 -46 1386
1281 1037 -100 551 -45 1386
1284 1034 -100 551 -45 1386
1285 1026 -100 551 -46 1389
1288 1024 -100 551 -45 1392
1290 1021 -100 551 -45 1389
1292 1018 -101 551 -45 1389
1295 1016 -101 551 -45 1389
1299 1015 -101 551 -46 1389
1301 1014 -102 552 -45 1389
1303 1013 -102 552 -45 1389
1301 1007 -102 550 -45 1392
1303 1005 -102 550 -45 1392
1306 1005 -102 550 -45 1392
1307 1005 -102 550 -46 1389
1311 1007 -102 550 -45 1389
1313 1006 -103 550 -45 1389
1314 1006 -103 551 -45 1389
1314 1003 -103 550 -45 1392
1316 1003 -103 551 -45 1389
1317 1002 -102 551 -45 1389
1318 1001 -103 551 -45 1389
1319 1000 -103 551 -46 1392
1321 1000 -103 551 -46 1392
1321 999 -103 551 -46 1392
1322 1000 -103 551 -45 1389
1324 1000 -103 551 -46 1389
1323 997 -103 551 -45 1389
1325 998 -103 551 -45 1389
1325 998 -103 551 -46 1389
1326 998 -103 551 -45 1392
1327 997 -103 551 -46 1392
1328 997 -103 551 -45 1392
1329 998 -103 551 -45 1392
1329 999 -103 551 -45 1392
1330 999 -103 551 -45 1392
1331 999 -103 551 -46 1392
1332 999 -103 552 -45 1392
1328 996 -103 550 -45 1392
1330 999 -103 550 -45 1389
1332 1002 -103 550 -45 1389
1332 1001 -103 550 -46 1389
1332 1003 -103 550 -45 1389
1333 1005 -103 550 -45 1386
1334 1006 -104 550 -45 1382
1334 1007 -103 550 -45 1386
1334 1009 -104 550 -45 1386
1330 1006 -103 550 -46 1386
1322 1009 -103 550 -46 1389
1304 1013 -102 550 -47 1389
1276 1019 -100 550 -47 1389
1249 1024 -98 549 -46 1392
1235 1031 -98 550 -46 1389
1217 1034 -96 550 -47 1389
1200 1035 -96 549 -47 1392
1181 1029 -94 550 -46 1392
1161 1019 -92 550 -46 1395
1158 1018 -91 550 -47 1392
1159 1018 -91 550 -46 1392
1159 1016 -91 550 -46 1392
1159 1014 -91 550 -46 1392
1155 1007 -90 550 -46 1395
1153 1003 -90 550 -46 1398
1153 1002 -90 550 -46 1395
1154 1003 -90 550 -46 1395
1154 1001 -90 550 -47 1395
1154 1000 -90 550 -46 1395
1153 998 -90 550 -47 1395
1153 998 -90 550 -46 1395
1153 998 -90 550 -46 1395
1153 997 -90 550 -46 1395
1153 996 -90 550 -46 1395
1151 994 -89 550 -47 1398
1153 996 -89 550 -46 1395
1153 996 -90 550 -46 1395
19 5 -1 -3 -19 1373
1 -11 0 -5 -19 432
1 -11 -1 -5 -19 400
1 -11 -1 -5 -19 394
1 -11 0 -6 -19 394
1 -11 -1 -5 -19 394
1 -11 0 -6 -19 394
1 -12 0 -6 -19 394
1 -11 0 -6 -19 394
