1 -11 0 -6 -19 3
1 -11 0 -6 -19 3
1 -11 0 -6 -19 3
1 -11 0 -6 -19 3
1 -11 0 -6 -19 3
1 -11 0 -6 -19 3
1 -11 0 -6 -19 381
1 -11 -1 -6 -19 1203
1 -12 0 -6 -18 1747
1 -11 0 -6 -18 2099
1 -12 0 -6 -18 2256
1 -12 -1 -6 -18 2288
0 -11 0 -5 -18 2320
1 -11 0 -6 -18 2365
1 -11 -1 -6 -19 2387
0 -11 0 -6 -18 2394
2047 745 -78 600 63 2438
2047 998 -47 603 -39 2413
2047 948 -43 602 -46 2406
2047 806 -40 602 -46 2400
2047 718 -38 602 -46 2400
2047 638 -36 602 -46 2400
2047 592 -34 603 -46 2394
2047 558 -33 603 -46 2394
2047 524 -32 603 -47 2390
2047 502 -31 603 -46 2390
2047 481 -29 603 -46 2394
2047 462 -28 603 -46 2397
2047 448 -28 603 -46 2394
2047 433 -27 603 -46 2397
2 -11 -1 -5 -18 435
1 -11 0 -5 -18 115
1 -11 0 -5 -18 54
1 -11 0 -5 -18 35
1 -11 0 -5 -18 22
1 -11 0 -5 -18 16
1 -11 0 -6 -18 13
1 -11 0 -6 -18 10
1 -11 0 -6 -18 10
1 -12 0 -5 -19 595
1 -11 -1 -6 -18 797
0 -11 -1 -6 -19 1069
1 -11 -1 -6 -19 1229
1 -11 -1 -6 -19 1328
1 -11 -1 -6 -18 1360
0 -11 -1 -6 -18 1382
1 -11 0 -5 -17 1386
1048 708 -45 553 67 1386
1210 917 -88 551 -8 1389
1240 992 -92 548 -44 1389
1244 1010 -93 549 -45 1389
1249 1024 -94 549 -46 1389
1254 1036 -95 550 -45 1392
1258 1042 -96 550 -45 1392
1261 1046 -96 550 -45 1392
1265 1047 -97 550 -45 1392
1269 1046 -97 550 -45 1392
1273 1042 -98 550 -45 1392
1276 1040 -98 551 -45 1392
1280 1036 -98 551 -45 1392
1285 1035 -99 551 -45 1392
1288 1032 -99 551 -45 1392
1290 1027 -100 551 -45 1395
1292 1024 -100 551 -44 1392
1294 1022 -100 551 -45 1392
1297 1021 -100 551 -44 1389
1300 1021 -100 551 -44 1389
1302 1018 -100 552 -44 1392
1301 1015 -100 550 -44 1392
1303 1013 -101 551 -44 1389
1305 1012 -101 551 -44 1389
1308 1012 -101 550 -44 1389
1308 1009 -101 551 -44 1392
1309 1007 -101 551 -44 1392
1310 1006 -101 551 -44 1392
1312 1006 -102 551 -44 1392
1314 1007 -102 551 -44 1389
1316 1006 -102 551 -44 1389
1318 1008 -102 551 -44 1389
1319 1006 -102 551 -44 1389
1318 1003 -102 551 -44 1389
1320 1003 -102 551 -44 1389
1320 1002 -102 551 -45 1389
1321 1001 -102 551 -44 1389
1321 999 -102 551 -45 1392
1322 999 -103 551 -45 1392
1323 998 -102 551 -45 1392
1324 998 -103 551 -44 1392
1324 998 -103 551 -45 1392
1325 997 -103 551 -45 1389
1325 996 -103 551 -44 1392
1325 995 -102 551 -44 1392
1327 996 -103 552 -44 1392
1325 994 -102 550 -44 1392
1324 993 -103 550 -44 1392
1325 993 -103 550 -44 1392
1324 992 -102 551 -44 1392
1325 993 -103 550 -44 1392
1325 992 -103 550 -44 1392
1324 991 -103 551 -45 1392
1324 992 -102 550 -45 1395
1323 991 -102 550 -45 1395
1321 988 -102 550 -45 1395
1320 988 -102 550 -45 1395
1318 989 -102 550 -45 1395
1310 986 -101 550 -46 1392
1297 985 -101 550 -46 1389
1276 980 -99 550 -44 1392
1259 981 -98 550 -45 1392
1233 978 -97 550 -46 1392
1212 981 -95 550 -46 1392
1196 982 -94 550 -46 1395
1176 975 -92 550 -45 1392
1166 981 -91 550 -45 1392
1163 988 -91 550 -46 1395
1162 993 -90 550 -45 1392
1161 997 -90 550 -46 1392
1160 998 -90 550 -46 1389
1160 999 -90 550 -46 1392
1159 1000 -90 550 -46 1392
1159 999 -90 550 -46 1392
1159 998 -90 550 -46 1392
1160 998 -90 550 -46 1389
1158 995 -90 550 -45 1392
1158 994 -90 550 -45 1395
1158 994 -89 550 -46 1395
1157 992 -89 550 -46 1395
1156 991 -89 550 -46 1395
1156 992 -89 550 -46 1398
1157 992 -89 550 -46 1395
1159 994 -90 550 -45 1395
1158 992 -89 550 -46 1395
1159 994 -89 550 -45 1392
3 -9 0 -5 -19 970
1 -11 -1 -5 -19 432
1 -11 -1 -5 -19 400
1 -11 -1 -5 -19 394
1 -11 -1 -6 -19 394
1 -11 -1 -6 -19 394
1 -11 0 -6 -19 394
0 -11 0 -6 -19 394
1 -11 0 -6 -19 394
