1 -11 0 -6 -19 38
1 -11 -1 -6 -19 16
1 -11 -1 -6 -19 10
1 -11 -1 -6 -19 6
1 -11 -1 -6 -19 3
1 -11 -1 -6 -19 3
1 -12 -1 -6 -19 3
1 -11 -1 -6 -19 3
1 -11 -1 -6 -19 3
0 -11 0 -6 -19 3
1 -11 0 -6 -19 653
1 -11 -1 -6 -18 499
1 -12 0 -5 -19 1530
1 -11 -1 -6 -19 1834
1 -11 -1 -5 -19 2128
1 -11 -1 -5 -19 2211
1 -12 0 -5 -19 2253
1 -12 0 -5 -19 2291
1 -12 0 -5 -19 2323
1 -12 0 -6 -19 2346
1 -11 -1 -6 -19 2384
1 -11 -1 -6 -19 2394
720 173 -19 551 500 2397
2047 900 -51 605 7 2432
2047 988 -47 602 -47 2406
2047 841 -44 603 -47 2403
2047 741 -43 603 -47 2403
2047 649 -40 603 -48 2403
2047 597 -38 603 -48 2400
2047 556 -36 603 -48 2403
2047 519 -34 604 -47 2400
2047 495 -33 603 -47 2400
2047 473 -32 603 -47 2397
2047 459 -31 603 -47 2397
2047 446 -31 603 -47 2400
2047 432 -30 603 -47 2397
34 -4 -1 -3 -19 2323
1 -11 0 -5 -19 182
1 -11 0 -5 -19 83
1 -11 -1 -5 -19 48
1 -11 0 -5 -19 29
1 -12 0 -5 -19 22
1 -11 0 -5 -19 16
1 -11 -1 -5 -19 13
1 -11 -1 -5 -19 10
1 -11 -1 -5 -19 10
1 -11 -1 -5 -19 614
1 -12 -1 -6 -19 1018
1 -12 -1 -5 -19 1187
1 -11 0 -6 -21 1286
1 -11 0 -5 -19 1331
1 -11 -1 -5 -18 1360
1 -11 -1 -5 -17 1382
1 -12 -1 -5 -17 1382
556 398 46 485 327 1386
1126 766 -63 552 29 1389
1207 882 -83 547 -45 1389
1198 900 -85 548 -44 1392
1202 914 -86 550 -43 1392
1204 921 -87 550 -43 1392
1209 930 -88 550 -46 1395
1213 937 -89 550 -45 1392
1219 942 -90 550 -45 1395
1221 944 -90 550 -45 1395
1224 944 -91 551 -45 1392
1228 944 -91 551 -46 1392
1232 944 -92 551 -45 1389
1236 944 -92 551 -45 1392
1237 941 -92 551 -45 1392
1239 939 -92 551 -46 1392
1241 937 -92 551 -46 1392
1243 936 -92 551 -46 1395
1246 935 -92 551 -47 1395
1248 934 -93 550 -46 1395
1251 934 -93 550 -46 1395
1256 935 -93 550 -46 1392
1259 936 -93 550 -45 1395
1260 934 -93 550 -45 1392
1264 935 -93 550 -45 1395
1266 936 -92 550 -45 1395
1268 935 -92 550 -46 1395
1272 936 -92 550 -46 1392
1274 936 -92 551 -46 1389
1279 939 -93 551 -45 1389
1280 937 -93 551 -46 1392
1280 936 -93 551 -46 1392
1284 937 -93 551 -46 1392
1286 937 -93 551 -45 1392
1287 937 -93 551 -45 1392
1290 938 -93 551 -45 1389
1292 938 -93 551 -45 1389
1293 938 -93 551 -45 1392
1297 940 -93 551 -46 1389
1297 940 -93 551 -46 1389
1298 940 -93 551 -47 1389
1297 938 -93 551 -47 1389
1300 939 -93 551 -46 1389
1301 939 -93 551 -46 1389
1301 939 -93 551 -46 1389
1304 940 -93 551 -46 1389
1303 940 -93 551 -46 1389
1301 938 -93 551 -46 1392
1301 939 -93 551 -47 1392
1302 940 -93 551 -47 1392
1302 940 -93 551 -46 1392
1301 940 -93 551 -46 1392
1298 937 -93 550 -46 1392
1299 939 -93 550 -46 1392
1299 940 -93 550 -46 1392
1299 940 -93 550 -46 1389
1297 940 -93 550 -46 1392
1294 940 -92 550 -46 1392
1276 938 -91 550 -47 1392
1240 933 -91 550 -45 1392
1196 929 -88 550 -46 1392
1163 936 -86 550 -47 1392
1148 944 -83 550 -47 1392
1127 943 -82 550 -46 1392
1115 937 -83 550 -47 1392
1112 935 -83 550 -47 1392
1110 932 -83 550 -47 1392
1109 929 -83 550 -47 1389
1109 928 -82 550 -47 1392
1110 927 -83 550 -47 1389
1109 926 -83 549 -47 1392
1110 925 -83 550 -47 1389
1109 924 -82 550 -47 1389
1108 922 -82 550 -47 1392
1108 921 -82 550 -47 1392
1107 920 -82 550 -47 1392
1108 921 -82 550 -47 1389
1107 920 -82 550 -47 1392
1106 919 -82 550 -47 1392
1106 919 -82 550 -47 1392
1106 918 -82 550 -47 1395
1105 919 -82 550 -46 1395
19 4 -1 -3 -19 1376
1 -11 0 -5 -19 432
1 -11 -1 -5 -19 400
1 -11 -1 -5 -19 394
1 -11 0 -6 -19 394
1 -11 0 -6 -19 397
1 -12 0 -6 -19 394
1 -11 0 -6 -19 394
1 -11 0 -6 -19 394
