1 -11 0 -6 -19 32
1 -11 0 -6 -19 13
1 -11 -1 -6 -19 6
1 -11 -1 -6 -19 6
1 -11 0 -6 -19 6
1 -11 0 -6 -19 3
1 -11 0 -6 -19 3
1 -11 0 -6 -19 3
1 -11 0 -6 -19 3
1 -11 -1 -5 -19 3
1 -12 0 -5 -19 653
0 -11 0 -5 -19 496
0 -11 -1 -6 -19 1517
0 -12 -1 -6 -18 1856
1 -11 -1 -6 -19 2141
1 -11 -1 -6 -19 2310
0 -12 0 -6 -19 2406
0 -11 -1 -6 -19 2403
2047 833 -71 605 55 2474
2047 988 -47 602 -40 2435
2047 913 -41 602 -47 2406
2047 799 -40 602 -47 2403
2047 692 -37 602 -47 2400
2047 630 -35 602 -47 2400
2047 583 -34 602 -47 2400
2047 539 -32 603 -47 2403
2047 512 -31 602 -48 2403
2047 486 -29 602 -47 2400
2047 469 -28 603 -48 2400
2047 455 -28 603 -47 2400
2047 439 -27 603 -48 2400
2047 428 -27 603 -48 2400
1 -11 -1 -5 -19 419
1 -11 -1 -6 -19 115
1 -11 -1 -6 -19 64
1 -11 -1 -6 -19 38
1 -11 0 -6 -19 26
1 -11 -1 -6 -19 19
1 -11 0 -6 -19 13
1 -11 -1 -6 -19 13
1 -11 0 -6 -19 10
0 -11 -1 -6 -19 621
0 -11 0 -6 -19 803
0 -12 -1 -6 -19 1069
0 -11 -1 -6 -19 1190
0 -11 -1 -6 -19 1341
0 -12 -1 -6 -19 1344
1 -11 -1 -6 -19 1386
1 -11 -1 -6 -19 1389
988 662 -27 548 60 1389
1191 853 -80 550 -18 1389
1201 890 -82 548 -41 1389
1204 911 -85 550 -43 1389
1208 921 -87 550 -43 1389
1212 929 -87 550 -43 1389
1217 938 -89 550 -46 1389
1221 943 -89 550 -46 1392
1224 943 -90 550 -45 1392
1225 942 -90 551 -44 1395
1228 941 -90 552 -42 1398
1232 940 -90 550 -44 1395
1234 939 -90 550 -44 1395
1237 937 -91 550 -44 1395
1238 934 -91 550 -44 1395
1240 933 -91 550 -44 1392
1240 930 -91 550 -44 1395
1244 931 -91 551 -43 1398
1247 930 -92 550 -45 1395
1252 933 -92 550 -45 1395
1255 934 -91 550 -45 1395
1260 936 -91 551 -45 1392
1262 936 -91 551 -45 1395
1263 934 -91 550 -46 1395
1266 935 -92 550 -45 1395
1269 936 -92 551 -46 1395
1272 936 -92 550 -45 1395
1274 936 -92 550 -45 1395
1276 935 -92 551 -45 1395
1278 936 -92 550 -46 1395
1280 935 -92 551 -45 1395
1282 936 -92 551 -45 1392
1284 936 -92 551 -45 1395
1286 936 -92 551 -46 1392
1288 936 -92 551 -45 1392
1290 937 -92 551 -45 1392
1292 936 -92 551 -45 1392
1294 937 -92 551 -45 1392
1294 936 -92 551 -45 1395
1296 937 -92 551 -45 1392
1300 940 -92 551 -45 1392
1300 939 -92 551 -45 1392
1305 942 -93 551 -45 1389
1307 943 -93 551 -45 1389
1306 941 -93 551 -45 1389
1308 942 -93 551 -45 1389
1305 940 -93 551 -45 1392
1305 940 -93 552 -45 1389
1306 941 -92 551 -45 1392
1306 941 -92 551 -45 1389
1307 942 -93 551 -45 1389
1306 942 -92 552 -45 1389
1305 942 -92 550 -45 1389
1304 941 -92 550 -45 1392
1303 940 -92 550 -45 1392
1303 941 -92 551 -42 1392
1302 941 -92 550 -45 1392
1299 941 -92 550 -46 1392
1286 941 -91 550 -46 1392
1258 940 -90 550 -44 1395
1213 934 -89 550 -46 1392
1176 939 -87 550 -46 1392
1159 946 -86 549 -46 1389
1141 951 -83 550 -46 1389
1124 944 -83 550 -46 1389
1117 940 -83 550 -46 1392
1114 936 -82 550 -47 1392
1114 935 -82 550 -47 1392
1114 934 -82 550 -46 1389
1112 930 -82 550 -46 1389
1112 928 -82 550 -46 1392
1111 927 -82 550 -46 1392
1111 926 -82 550 -46 1392
1112 925 -82 550 -46 1389
1112 925 -82 550 -46 1389
1112 925 -82 550 -46 1389
1111 924 -82 550 -46 1392
1110 923 -81 550 -46 1392
1110 923 -81 550 -46 1392
1110 922 -81 550 -46 1392
1110 923 -81 550 -46 1392
1111 924 -81 550 -46 1392
1109 921 -81 550 -46 1392
1 -11 0 -5 -19 486
1 -11 0 -5 -19 410
1 -11 0 -5 -19 397
1 -11 0 -5 -19 394
1 -11 -1 -6 -19 394
1 -11 -1 -5 -19 394
1 -12 -1 -6 -19 394
1 -11 -1 -6 -19 394
