1 -12 -1 -6 -19 38
1 -11 0 -6 -19 16
1 -12 -1 -6 -19 6
1 -12 -1 -6 -19 6
1 -11 0 -6 -19 6
1 -11 -1 -6 -19 3
1 -11 -1 -6 -19 3
1 -11 -1 -6 -19 3
1 -11 -1 -6 -19 3
1 -12 -1 -6 -19 3
1 -12 -1 -6 -19 656
1 -12 -1 -6 -19 493
0 -12 -1 -6 -19 1523
1 -12 -1 -6 -19 1821
0 -12 -1 -6 -19 2138
0 -12 -1 -6 -19 2224
1 -12 -1 -6 -19 2246
1 -12 0 -6 -19 2282
1 -12 -1 -6 -19 2314
1 -12 0 -6 -19 2349
1 -12 0 -6 -19 2384
1 -12 0 -6 -19 2400
758 210 -32 551 411 2403
2047 932 -49 605 2 2454
2047 977 -45 601 -46 2416
2047 858 -46 602 -46 2394
2047 731 -44 602 -47 2400
2047 657 -41 603 -47 2406
2047 606 -40 603 -48 2397
2047 565 -38 603 -47 2394
2047 524 -36 603 -47 2406
2047 501 -36 603 -48 2400
2047 477 -34 602 -47 2394
2047 462 -33 602 -47 2390
2047 448 -33 603 -47 2394
2047 432 -32 603 -47 2400
33 -4 0 -3 -19 2326
1 -11 -1 -5 -19 189
1 -11 -1 -5 -19 83
1 -11 -1 -6 -19 45
1 -11 -1 -6 -19 32
1 -11 -1 -5 -19 22
1 -11 -1 -6 -19 16
1 -11 -1 -6 -19 13
1 -11 -1 -6 -19 10
0 -12 -1 -6 -19 10
0 -12 -1 -6 -19 614
1 -11 -1 -6 -19 1008
0 -12 -1 -6 -19 1152
0 -11 -1 -6 -21 1331
1 -11 0 -6 -19 1360
0 -12 -1 -5 -18 1386
0 -12 0 -5 -18 1386
856 612 3 544 123 1389
1122 773 -61 555 48 1382
1222 936 -80 546 -46 1386
1225 966 -87 550 -39 1389
1244 1012 -93 549 -44 1392
1248 1023 -94 549 -43 1392
1252 1030 -95 550 -43 1392
1259 1037 -95 549 -45 1392
1262 1038 -96 550 -44 1392
1265 1036 -96 550 -44 1392
1269 1033 -97 550 -44 1392
1272 1030 -97 550 -44 1389
1275 1026 -98 550 -44 1389
1278 1024 -98 550 -44 1389
1286 1027 -99 550 -45 1386
1289 1023 -99 550 -45 1389
1290 1020 -99 550 -45 1389
1291 1016 -99 550 -45 1389
1292 1013 -99 550 -44 1389
1295 1012 -99 550 -45 1392
1297 1012 -100 551 -44 1389
1299 1010 -100 551 -44 1392
1301 1009 -100 551 -44 1392
1302 1008 -100 551 -44 1389
1304 1007 -100 551 -44 1392
1305 1005 -100 551 -44 1392
1305 1004 -100 551 -44 1392
1308 1003 -100 551 -44 1395
1308 1001 -100 551 -44 1392
1308 1000 -100 551 -44 1398
1310 1000 -100 551 -44 1395
1311 999 -101 551 -43 1395
1311 998 -100 551 -44 1395
1314 999 -101 551 -44 1395
1316 1001 -101 551 -44 1392
1318 1001 -101 551 -44 1392
1319 1001 -101 551 -44 1392
1320 1001 -101 551 -44 1392
1321 1001 -102 551 -44 1392
1322 1000 -102 551 -44 1392
1320 997 -101 550 -44 1395
1320 996 -101 550 -44 1395
1321 996 -101 550 -44 1392
1321 996 -101 550 -44 1392
1322 997 -102 551 -44 1395
1322 995 -101 551 -44 1395
1322 996 -101 551 -44 1395
1323 996 -101 551 -44 1398
1324 996 -101 551 -44 1395
1324 995 -102 550 -44 1395
1324 996 -101 551 -44 1395
1324 997 -101 551 -44 1395
1325 998 -102 551 -44 1395
1325 998 -101 551 -44 1395
1325 999 -102 551 -44 1392
1324 999 -102 551 -44 1395
1324 999 -102 551 -44 1392
1324 1000 -102 551 -44 1395
1323 1000 -102 551 -44 1395
1316 1001 -101 551 -45 1395
1305 1005 -101 550 -46 1395
1282 1009 -99 550 -45 1392
1250 1014 -97 550 -45 1392
1234 1017 -96 550 -46 1395
1216 1021 -95 550 -45 1392
1202 1024 -94 550 -46 1395
1177 1017 -92 550 -45 1392
1171 1023 -91 550 -45 1386
1164 1023 -91 550 -45 1389
1164 1024 -91 550 -45 1389
1164 1022 -91 550 -45 1389
1162 1018 -90 550 -46 1389
1162 1016 -90 550 -45 1389
1161 1014 -90 550 -46 1389
1160 1011 -90 550 -46 1392
1161 1010 -90 550 -46 1389
1161 1009 -90 550 -46 1389
1161 1009 -90 550 -45 1392
1162 1009 -90 550 -46 1389
1161 1007 -91 550 -46 1389
1161 1007 -90 550 -45 1392
1161 1006 -90 550 -45 1389
1160 1005 -90 551 -46 1389
1161 1006 -90 550 -46 1392
1161 1005 -91 550 -45 1389
1161 1005 -90 550 -45 1389
1161 1004 -90 550 -45 1392
170 133 -5 19 -19 1389
1 -11 0 -5 -19 451
1 -11 0 -5 -19 406
1 -11 -1 -5 -19 397
1 -12 -1 -5 -19 394
1 -11 -1 -5 -19 394
1 -11 0 -5 -19 394
1 -12 -1 -5 -19 394
1 -12 -1 -5 -19 394
