1 -11 0 -6 -20 32
1 -11 0 -6 -20 13
1 -11 0 -6 -19 6
1 -11 0 -6 -19 6
1 -11 -1 -6 -19 6
1 -11 -1 -6 -20 3
1 -11 0 -6 -20 3
1 -12 0 -6 -20 3
1 -12 -1 -6 -20 3
1 -11 0 -6 -20 3
0 -12 0 -6 -20 656
1 -12 0 -6 -20 477
0 -12 0 -6 -20 1510
0 -12 0 -6 -20 1843
0 -12 0 -6 -20 2211
1 -12 0 -6 -20 2240
0 -12 -1 -6 -20 2291
1 -12 0 -6 -20 2326
0 -12 -1 -6 -20 2365
0 -12 -1 -6 -19 2400
1 -12 -1 -6 -19 2400
754 206 -32 552 437 2394
2047 916 -48 605 7 2445
2047 997 -48 601 -45 2410
2047 844 -49 603 -45 2406
2047 746 -47 602 -47 2403
2047 654 -44 603 -46 2403
2047 599 -42 603 -45 2403
2047 559 -40 603 -45 2403
2047 521 -38 603 -45 2400
2047 497 -37 603 -45 2400
2047 474 -36 604 -44 2400
2047 456 -35 602 -45 2400
2047 442 -34 602 -46 2400
2047 428 -33 603 -45 2400
33 -5 -1 -3 -20 2317
1 -11 0 -6 -20 182
1 -11 0 -6 -20 83
1 -12 0 -6 -20 51
1 -11 0 -6 -20 32
1 -11 -1 -6 -20 22
1 -11 -1 -6 -20 16
0 -12 -1 -6 -20 13
1 -11 -2 -6 -20 10
0 -11 -1 -6 -20 10
1 -11 0 -6 -19 611
0 -11 -1 -6 -20 1043
0 -11 0 -6 -20 1216
1 -11 0 -6 -20 1325
0 -12 0 -7 -22 1357
1 -12 0 -6 -20 1382
0 -12 0 -5 -18 1386
564 415 45 483 292 1386
1075 719 -50 557 94 1386
1227 928 -79 547 -41 1386
1217 945 -82 548 -44 1389
1249 1013 -92 548 -45 1389
1256 1026 -94 550 -43 1389
1258 1032 -94 550 -42 1389
1263 1039 -95 551 -40 1389
1267 1041 -96 550 -42 1389
1272 1041 -96 551 -41 1392
1276 1038 -96 551 -42 1392
1277 1033 -97 551 -42 1392
1281 1030 -97 551 -42 1389
1284 1028 -97 550 -42 1389
1290 1029 -98 550 -43 1382
1291 1025 -98 550 -42 1386
1295 1024 -99 551 -42 1382
1297 1022 -99 550 -42 1386
1297 1018 -99 550 -43 1386
1300 1017 -100 550 -43 1386
1301 1015 -100 550 -44 1386
1304 1014 -100 550 -42 1386
1306 1013 -100 551 -42 1389
1307 1012 -100 550 -42 1386
1309 1011 -100 551 -41 1389
1309 1009 -100 551 -42 1389
1312 1009 -100 550 -45 1389
1314 1008 -100 550 -43 1389
1314 1006 -100 551 -42 1389
1316 1005 -100 551 -43 1392
1318 1006 -100 551 -43 1392
1319 1006 -100 551 -43 1392
1319 1004 -100 551 -42 1392
1320 1003 -100 551 -43 1392
1322 1003 -101 552 -42 1392
1320 1000 -100 550 -43 1392
1321 1000 -100 550 -43 1395
1323 1000 -100 551 -41 1395
1323 999 -100 550 -42 1395
1324 999 -100 550 -42 1395
1326 1001 -100 550 -42 1395
1327 1001 -100 550 -43 1392
1328 1001 -100 550 -42 1392
1328 1001 -100 550 -42 1392
1330 1002 -101 550 -42 1392
1332 1004 -101 550 -43 1392
1334 1006 -101 550 -44 1389
1334 1005 -101 550 -42 1392
1333 1004 -101 550 -42 1392
1334 1006 -101 550 -43 1392
1333 1006 -101 550 -43 1392
1334 1007 -101 550 -43 1389
1334 1007 -101 550 -43 1392
1334 1008 -102 550 -44 1392
1333 1008 -102 550 -44 1392
1333 1008 -102 550 -43 1392
1329 1008 -101 550 -44 1392
1316 1010 -101 550 -44 1392
1286 1008 -99 550 -43 1392
1261 1023 -97 550 -43 1392
1244 1025 -96 550 -44 1392
1229 1027 -95 549 -45 1392
1216 1034 -95 550 -44 1392
1197 1032 -93 550 -44 1392
1171 1021 -91 549 -46 1392
1164 1022 -90 550 -43 1389
1160 1021 -90 550 -44 1392
1158 1018 -90 550 -44 1392
1159 1018 -90 550 -44 1389
1159 1015 -90 550 -44 1389
1158 1013 -90 550 -43 1392
1158 1011 -90 550 -44 1389
1158 1010 -90 550 -44 1389
1157 1007 -90 550 -44 1392
1157 1006 -90 550 -44 1392
1157 1005 -90 550 -44 1392
1157 1005 -90 550 -44 1392
1157 1004 -90 550 -43 1392
1157 1004 -90 550 -44 1389
1157 1003 -90 550 -44 1389
1158 1004 -90 550 -44 1389
1157 1003 -90 550 -44 1389
1157 1002 -90 550 -46 1389
19 5 -2 -3 -19 1363
1 -11 0 -5 -19 432
1 -11 -1 -6 -19 400
1 -11 0 -5 -19 397
1 -11 -1 -6 -20 394
0 -12 -1 -6 -20 394
1 -12 -1 -6 -19 397
1 -12 0 -6 -19 394
1 -12 -1 -6 -19 394
