0.6499 0.7963
0.65184 0.7963
0.6499 0.79398
0.6499 0.79398
0.64797 0.79398
0.62476 0.78009
0.58414 0.76157
0.53965 0.74306
0.5029 0.73611
0.47002 0.73148
0.45648 0.73148
0.45841 0.72917
0.48162 0.71759
0.54159 0.68981
0.60155 0.66667
0.65377 0.64352
0.69246 0.61806
0.70793 0.61111
0.70406 0.61111
0.67698 0.6088
0.62282 0.60185
0.5706 0.59259
0.52805 0.56944
0.49903 0.55324
0.47195 0.54167
0.46228 0.54167
0.47969 0.53472
0.53965 0.5162
0.61122 0.48843
0.66731 0.46065
0.70213 0.43519
0.7176 0.4213
0.72147 0.42361
0.70019 0.41435
0.6499 0.38657
0.59574 0.35648
0.54545 0.32639
0.5029 0.29861
0.46809 0.28472
0.44487 0.27778
0.44681 0.27546
0.48162 0.26852
0.54352 0.24074
0.59768 0.20139
0.64023 0.16667
