-0.94241 -7.5272 0.37519 -1.2776 0.97277 0.62316 0.45356 0.75583 0.57154 0.35908 0.24891 0.65224 0.85
1.4106 -8.123 1.2308 -0.73619 1.1191 0.26341 0.70002 -0.47137 0.4482 0.54445 0.94101 0.54662 -0.10093
2.9566 -9.8943 0.68327 -0.97321 0.30355 -0.53388 1.0403 0.040297 0.40239 -0.00070047 1.0835 0.95056 0.34295
0.68173 -3.4015 1.7101 -0.096978 0.51172 -0.36691 -0.15536 -0.8221 0.2861 -0.11181 -0.23104 0.045301 -0.40372
2.8249 -1.8654 0.065848 0.26935 -0.42145 -2.0497 -0.57143 0.014588 0.017995 -0.55882 -0.050121 -0.074169 -0.29569
3.5388 -2.437 -0.7948 -0.31587 -1.2167 -2.1852 -0.40058 0.094794 0.28624 -0.22699 -0.20587 -0.151 -0.82937
4.1351 -3.544 -0.73906 -0.5218 -1.6293 -2.4384 -0.90242 -0.36435 0.27624 -0.18523 -0.40381 -0.23777 -1.6268
4.22 -3.3447 -0.66371 -0.36494 -1.575 -2.2855 -1.1782 -0.16898 0.44292 -0.086061 -0.2247 -0.1717 -1.5773
3.8133 -2.7406 -1.1161 -0.46705 -1.4535 -2.1755 -1.5535 -0.099819 0.46427 -0.37665 -0.65879 -0.20241 -0.71054
2.6431 -3.2594 -0.64374 -0.38347 -1.1933 -1.6915 -1.7133 -1.102 0.080628 -0.71941 -0.62442 -0.19045 -0.42299
0.55569 -2.8067 0.48455 0.028588 -0.092025 -0.28661 -0.77383 -1.7008 -0.20217 -0.37545 -0.6594 -0.54585 -0.69668
0.98145 -2.4168 0.70684 -0.52011 -0.6406 -1.1044 -0.96758 -1.4292 0.69787 -0.10216 -0.83329 -0.87455 -0.40551
1.4866 -2.8096 0.039938 -0.94677 -0.39854 -0.94032 -1.5627 -1.4911 0.16455 -0.11612 -0.66758 -0.12903 -0.036496
2.3216 -3.0661 -0.20697 -1.2056 -1.0089 -1.4568 -1.5744 -1.5711 0.67893 0.061454 -0.89704 -0.55511 -0.31184
3.0492 -2.455 -0.53926 -1.911 -1.0584 -1.9789 -0.94385 -1.0199 0.68126 0.10708 -0.65523 -0.93037 0.014315
3.4472 -1.7162 -0.62848 -2.1535 -0.97652 -1.7015 -0.82231 -0.86443 0.9728 0.33948 -0.40867 -1.117 0.074039
3.9741 -1.339 -1.1352 -2.5577 -1.1739 -1.8055 -0.64079 -1.015 0.77639 0.43312 -0.64202 -1.5798 0.019802
4.5257 -1.9184 -2.0178 -2.533 -1.2312 -2.1468 -0.6927 -0.75883 0.59974 0.17729 -0.97327 -1.8717 -0.45033
4.6359 -2.056 -2.3204 -2.5579 -1.2446 -1.7618 0.024436 -0.77849 0.58056 0.3549 -1.0843 -1.6648 -0.40992
4.4143 -2.2819 -2.2452 -2.392 -1.1991 -1.1045 0.19665 -0.80984 0.49659 0.58923 -1.188 -1.4636 -0.31776
4.0599 -2.334 -2.4856 -2.4013 -1.0739 -1.1316 0.086562 -0.83835 -0.061733 0.26853 -1.1295 -1.4148 -0.37465
3.6887 -2.7555 -2.3093 -2.0115 -0.6243 -0.90444 -0.21508 -1.1689 0.050962 0.62886 -1.1312 -1.493 -0.95439
3.3468 -2.3548 -1.8996 -2.1531 -0.31388 -0.98361 -0.23034 -0.71075 0.20158 0.076796 -0.74864 -1.0044 -0.81805
3.2638 -2.2583 -1.7935 -2.5375 -0.3963 -0.80456 -0.28322 -1.0589 0.27896 0.052565 -1.085 -0.75121 -0.93645
3.3344 -2.5848 -2.1403 -2.4056 -0.30374 -0.75742 -0.16414 -0.9029 -0.29696 0.16926 -0.81506 -1.0742 -0.86704
3.3062 -2.6346 -1.7765 -2.5989 -0.40573 -0.59123 -0.29044 -0.87138 -0.37292 -0.059392 -0.43617 -1.4547 -0.86101
3.3074 -2.1322 -1.3171 -2.7624 -0.68723 -0.11254 0.40521 -1.6514 -0.0024147 0.41885 -0.76114 -1.4251 -0.9862
3.4899 -2.3283 -1.5999 -2.9872 -0.52717 -0.21129 0.3375 -1.8882 -0.080122 0.49264 -1.1319 -1.389 -1.0912
3.6613 -2.5818 -1.9321 -2.8839 -0.12504 -0.47225 -0.28313 -1.2341 -0.40582 0.27819 -0.71504 -1.5515 -0.90385
3.3758 -2.4301 -1.9502 -2.9076 -0.11497 -0.87925 0.13725 -1.6375 -0.11946 0.37975 -1.2428 -1.1384 -1.1257
3.1707 -2.6007 -2.1815 -3.0413 -0.15191 -0.66067 -0.13414 -1.2316 -0.15311 0.077165 -0.76795 -1.2628 -1.1626
2.7319 -2.3212 -1.6201 -2.6744 0.15136 -0.14885 0.067601 -0.78186 -0.021131 0.38123 -0.51734 -1.1541 -0.67662
1.1902 -3.1814 -0.91645 -1.8924 -0.0076438 -0.33046 0.058574 -0.10215 -0.079668 0.48436 -0.41673 -1.2251 -0.36634
