0.14862 -1.6354 1.1006 0.0087508 -0.073259 -0.18217 -0.56057 -0.72517 1.1499 0.015207 -0.54312 -0.083543 -0.5228
3.296 -0.56537 0.3312 -0.93059 -0.54855 -0.80058 -0.47001 -0.94513 1.5745 0.22859 -0.30644 -0.13997 0.17626
4.4442 -1.1541 -0.96051 -1.5311 -0.70963 -1.1986 -0.50192 -0.52171 1.2895 0.49733 -0.9512 -0.097922 -0.21772
5.2452 -1.8558 -2.0567 -2.0813 -1.479 -0.70568 -0.88227 -0.33832 1.0118 -0.16921 -1.5772 -0.12007 -0.26301
5.4179 -1.8412 -2.1229 -2.1425 -1.1458 -0.71177 -0.34433 0.34553 0.74887 -0.17406 -1.6316 -0.14677 0.049002
5.3917 -1.3424 -2.2963 -2.0195 -1.1124 -0.82406 -0.026994 0.28916 1.1802 -0.45376 -1.533 -0.60596 0.27805
5.3681 -1.579 -1.9207 -2.2486 -1.3542 -0.69411 -0.25343 0.26577 0.91711 -0.17504 -1.7476 -0.48211 0.14609
5.2833 -1.7454 -2.0139 -2.2173 -1.348 -0.7654 -0.33108 0.20616 0.82919 -0.32905 -1.5033 -0.73545 0.14688
4.4489 -1.4971 -1.6388 -2.0724 -1.1027 -1.0106 -0.40993 -0.38569 0.87708 0.19264 -0.94867 -0.41401 0.19228
1.2238 -1.9773 0.26101 -0.74983 -0.21986 -0.45578 -0.20875 -0.96593 0.23243 0.082926 -0.48616 -0.43451 0.34268
0.30319 -2.3849 0.91501 0.16085 0.3013 -0.37195 -0.83314 -1.2045 0.28365 -0.21087 -0.6532 -0.24298 -0.51493
0.24227 -2.5153 0.87919 0.21618 -0.10749 -0.51018 -0.61156 -0.95839 0.4306 -0.0042894 -0.074832 0.003543 -0.34217
-0.31419 -2.3725 0.91496 0.016758 -0.25297 -0.23513 0.13406 -0.48964 0.15687 -0.61886 -0.73019 -0.56774 0.17257
-0.51481 -2.6891 0.70868 -0.010532 -0.71837 -0.54745 0.17676 -0.31552 0.072336 -0.56351 -0.3453 -0.80024 -0.098631
-0.36833 -2.8826 0.4423 -0.68907 -1.2871 -0.93163 0.59621 0.087857 -0.079218 -0.28858 0.25905 -1.0527 0.4792
-0.57712 -2.6267 0.68636 -0.174 -0.64842 -0.66324 0.29297 0.12966 0.18397 -0.41673 -0.26502 -0.80388 0.27513
2.5383 -1.126 -0.15784 -2.3132 -1.0857 -0.90141 -0.097481 -1.0063 1.1078 0.53915 0.033632 -1.0533 0.057119
3.944 -1.2974 -1.6198 -2.9674 -1.0314 -0.70075 0.43856 -0.26667 0.86447 0.23653 -0.63478 -1.4802 0.13482
4.2485 -1.2939 -1.86 -3.2845 -0.30543 -0.48841 0.10885 0.28762 0.4645 0.31809 -0.79095 -1.3896 0.24357
4.3196 -1.8764 -2.6433 -2.7576 -0.71886 0.025641 0.79128 -0.29614 0.99067 -0.1494 -1.0802 -1.0299 0.10945
4.2628 -1.9083 -2.7408 -2.7616 -0.51762 -0.15647 0.72077 -0.46278 0.52648 0.10286 -1.2922 -0.6327 0.25572
4.4997 -1.6234 -2.8641 -3.0225 -0.40457 -0.082908 0.79269 -0.53839 0.75092 -0.079668 -1.599 -0.48219 0.33198
4.6382 -1.9204 -2.7662 -3.2564 -0.69284 0.014824 0.47616 -0.4053 0.63029 -0.32701 -1.5488 -0.70982 0.23283
4.6054 -1.4091 -2.6551 -3.1858 -0.18005 -0.32172 0.45891 -0.10283 0.63117 -0.30622 -1.3112 -0.64863 0.30414
4.6807 -1.7941 -2.4001 -3.3672 -0.21957 0.11908 -0.019037 0.32746 0.39497 -0.32802 -1.4977 -0.72104 0.55994
4.5488 -1.4725 -2.2607 -3.416 -0.40762 0.25896 -0.072377 0.059358 0.73756 -0.52241 -1.2273 -0.55013 0.27414
4.5416 -2.1012 -1.9574 -3.0759 -0.657 0.45105 -0.24761 0.42558 0.26025 -0.63154 -1.177 -0.78686 0.26055
4.676 -2.0207 -1.7129 -3.5486 -0.9501 0.36075 -0.086899 0.46117 -0.12167 -0.46701 -1.1303 -0.77961 0.16051
4.3119 -1.8686 -1.2773 -3.2463 -1.0145 0.50376 0.18183 0.098268 0.38363 -0.46734 -1.1558 -0.64971 0.32465
4.1009 -1.9282 -0.38239 -3.5703 -1.4131 0.67005 0.071147 0.14649 0.10753 -0.085971 -1.0963 -0.84415 0.31835
4.2043 -2.2425 -0.73106 -3.0314 -1.7783 0.40824 0.38369 0.053281 0.13083 -0.3698 -0.95753 -0.89962 0.44069
4.2402 -2.3476 -0.52017 -3.115 -1.9458 0.49284 0.37623 0.20728 -0.2148 0.0068051 -0.87727 -1.3406 0.53481
3.831 -2.4501 -0.65088 -3.2138 -1.8699 -0.095951 0.47344 0.15003 -0.28227 -0.39438 -1.0209 -1.1844 0.48736
3.5469 -1.9608 -0.34818 -3.6257 -1.5177 -0.28901 0.50314 0.19945 -0.11867 -0.35423 -0.75835 -1.0604 0.52696
3.506 -2.2761 -0.60535 -3.508 -1.3415 -0.19262 -0.12679 0.1127 0.2789 0.18135 -1.1351 -1.1918 0.58686
3.4179 -2.9971 -1.0384 -3.2742 -0.80064 -0.35753 0.11043 0.68749 0.23395 0.069932 -1.2867 -0.75628 0.42742
1.9032 -2.8654 -0.85011 -2.3251 -0.49555 -0.55222 0.26537 0.21325 0.87701 -0.14726 -1.2465 -0.59415 0.39643
1.1682 -3.2094 -1.0339 -2.5926 -0.20109 -0.41727 0.33087 1.0462 0.26922 0.14223 -1.0551 -0.4449 0.72303
