-2.0706 -3.39 1.207 -0.41529 0.74636 -0.02707 0.67722 0.28592 0.87043 0.66279 0.49312 0.43985 0.22519
0.095596 -1.172 1.7677 0.10136 -0.33655 -0.46759 -0.10938 -0.68106 1.1933 0.0025869 -0.1316 0.053858 -0.045993
3.2732 -0.6062 0.56112 -1.8315 -0.68111 -1.1834 -0.78909 -0.36016 0.97398 0.49872 -0.25666 -0.087561 0.30512
3.8757 -1.3755 0.39375 -2.5848 -1.0579 -0.90964 -1.1128 0.049881 0.79913 0.5225 -1.3311 -0.12554 -0.14189
4.7144 -1.9242 -0.73385 -3.2212 -1.2573 -0.43389 -1.1785 0.29885 0.49165 0.017713 -1.5441 0.043888 -0.40738
4.9316 -1.6978 -1.1973 -2.6578 -1.3819 -0.39814 -0.28252 0.3587 0.54158 0.17475 -1.7488 0.14353 0.039875
5.0639 -1.6431 -1.7584 -2.6285 -1.0616 -0.74491 0.13268 0.54369 0.29364 0.16887 -1.9652 -0.02161 0.036118
5.0483 -1.2373 -2.1853 -2.2686 -1.3376 -1.0726 0.16715 0.14527 0.72233 -0.42895 -1.6876 -0.12072 -0.098305
5.0233 -0.94931 -2.134 -2.578 -1.0731 -1.4033 0.054802 0.079563 0.70477 -0.24516 -1.7506 -0.36536 -0.056041
4.1703 -0.57771 -1.1931 -2.9043 -0.93441 -1.2641 -0.80812 -0.30469 0.83787 0.044154 -0.8203 -0.3697 0.35859
0.83292 -1.3971 1.1891 -0.34811 -0.77264 -0.99213 -0.24688 -0.66671 0.83618 -0.56964 -0.36493 -0.16472 0.19043
0.97134 -1.998 1.0805 -0.61997 -0.94823 -0.87652 0.30935 -0.57996 0.671 -0.7377 -0.84035 -0.75039 0.26203
0.90447 -1.9719 1.5467 -0.43043 -1.2439 -1.4583 0.37579 0.0099971 0.88627 -0.66446 -0.73068 -1.3935 0.51286
0.12477 -2.6515 0.68626 -0.463 -0.54753 -0.75626 0.36869 0.1871 0.2113 -0.57569 -0.28423 -0.8584 -0.32211
0.48446 -2.2819 1.158 -0.34498 -0.81855 -0.85677 -0.074666 -0.75539 0.79216 -0.065766 -0.65925 -1.3242 0.051963
-0.16226 -2.8079 0.48335 -0.79282 -1.0864 -0.66529 0.80131 0.054669 0.15393 -0.48212 -0.17205 -1.2449 -0.026986
-0.51886 -2.5244 0.89032 0.10919 -0.74591 -0.46426 0.072993 -0.83121 -0.04448 -0.44589 0.28879 -0.15514 -0.17309
1.0766 -1.6978 0.36012 -0.98134 -0.83732 -0.78153 -0.39393 -1.233 0.68539 -0.071636 -0.18395 -0.58593 0.15234
3.3263 -1.7102 -1.0051 -2.6649 -1.0094 -0.53457 -0.18635 -0.10975 0.85862 0.30641 -0.86329 -1.1946 0.3413
3.614 -1.668 -1.2231 -3.1662 -1.2964 0.11321 0.064385 -0.19703 0.97422 0.10344 -1.0356 -1.191 0.20896
3.4804 -1.9347 -1.551 -3.2201 -0.71845 0.28761 0.42228 -0.23949 0.40262 -0.08507 -1.3997 -0.6765 0.50975
3.7924 -1.8551 -1.985 -3.3231 -0.69814 0.64415 1.0811 -0.63286 0.49204 -0.0092493 -1.3757 -0.64509 0.47224
3.949 -2.106 -2.4483 -3.3452 -0.42045 0.63635 0.94644 -0.79091 0.416 -0.088702 -1.5501 -0.0059309 0.35437
3.7348 -2.1103 -1.8978 -3.3245 -0.56868 1.0829 0.80408 -0.83553 0.47303 -0.12205 -1.4488 -0.21683 0.51375
3.7317 -1.8645 -2.2899 -3.0544 -0.24681 0.93456 0.71228 -0.54947 0.64135 -0.3711 -1.2064 -0.060403 0.0073992
3.8347 -2.243 -2.1405 -2.7782 -0.69944 0.93287 0.65141 -0.72838 0.62621 -0.26985 -1.5247 -0.054506 0.4662
4.1161 -2.2951 -1.8065 -2.9092 -1.6147 0.85156 0.75464 -0.93993 0.66453 -0.21482 -1.7065 -0.35002 0.36901
4.2996 -2.3067 -1.3369 -2.8114 -1.6163 1.0953 0.67423 -0.40128 0.5585 -0.45666 -1.6295 -0.62564 0.57327
4.1946 -2.2205 -1.0015 -2.5586 -1.7876 0.90498 0.6566 -0.1574 0.42793 -0.57277 -1.402 -0.35739 0.39607
4.3392 -2.1094 -0.62926 -2.9434 -2.4834 0.71526 0.86997 -0.098595 -0.19239 -0.32461 -1.4574 -0.7148 0.66802
4.3036 -1.9217 -0.58321 -3.3344 -1.9011 0.13233 0.78801 0.35333 -0.48339 -0.3848 -1.4215 -0.020493 0.56483
4.2688 -1.7561 -0.72252 -3.5625 -1.7975 0.68826 0.43837 0.096128 -0.47385 -0.1338 -1.596 -0.44785 0.69079
4.0544 -2.3103 -0.88541 -3.4326 -1.5681 0.1537 0.11156 0.12383 -0.3047 -0.2728 -1.3688 -0.21744 0.60209
3.805 -2.1562 -0.48644 -3.0315 -1.4664 0.26817 0.25141 0.23853 -0.19438 -0.32507 -1.2226 -0.069402 0.40797
3.7317 -2.2343 -0.48882 -3.1805 -1.669 0.17106 0.47029 0.18089 -0.29158 -0.14332 -1.3383 -0.16259 0.56155
3.2937 -1.9162 -0.15684 -2.8593 -1.7372 0.24388 0.50902 -0.14712 0.065159 -0.048105 -1.2748 -0.47653 0.48076
3.1798 -1.6463 -0.19449 -3.015 -1.7136 0.26319 0.63386 -0.11205 0.1992 -0.30414 -0.99547 -0.80609 0.62876
3.2299 -1.6403 -0.22348 -3.6737 -1.5032 0.01381 0.1217 0.13734 0.15684 -0.19499 -1.2662 -0.70993 0.33139
3.185 -2.3113 -0.25841 -3.425 -1.7254 -0.2201 0.35289 0.33654 0.10598 -0.19785 -1.5291 -0.70013 0.42911
2.5255 -2.6749 -0.46556 -3.0936 -1.4195 -0.64024 0.71527 0.60966 -0.29306 0.23094 -0.78597 -0.60395 0.14996
1.2094 -2.5114 -0.34579 -2.4572 -0.52034 -0.79248 0.71496 0.4841 0.51172 -0.66134 -0.98283 -0.89571 0.54396
