-0.88118 -6.4037 2.0412 -0.15316 1.3738 -0.64988 0.060481 0.49364 0.3213 0.57753 0.85426 -0.24656 0.75467
-0.64967 -9.0438 0.71075 -0.12766 1.7062 0.43651 0.65421 1.1352 0.65628 0.75281 0.83823 0.74265 0.65694
0.15227 -7.6921 1.7599 -1.2373 1.1039 -0.0035768 1.2669 0.39071 1.0611 0.62998 0.74023 0.13647 0.49207
0.91141 -7.8507 1.2941 -1.8085 1.6187 -0.78881 0.79421 1.0857 0.93004 0.63213 -0.02141 0.051021 0.7554
1.6503 -9.4653 0.53819 -1.9021 1.1071 0.12829 1.7491 1.1689 0.71525 -0.27392 0.19093 0.27938 0.49291
1.8892 -9.6508 0.53685 -1.9329 1.4024 -0.088475 1.1894 0.99422 1.0785 0.27638 0.46633 0.11137 -0.10028
2.6611 -9.5818 0.2997 -2.6833 1.1722 0.19937 1.3727 0.73204 0.91878 0.11976 0.31873 0.81851 0.26249
2.0963 -9.6555 0.181 -2.3281 1.2123 0.15717 1.0813 0.73203 0.54315 0.18881 0.52577 0.6467 0.50206
2.0574 -8.6605 1.1444 -2.0085 0.89824 -0.46948 1.2035 0.80139 0.5168 -0.020731 0.52161 0.29425 0.46669
-0.32409 -4.3023 2.0484 0.11504 0.89709 -0.3678 -1.0329 -0.2049 0.20571 -0.13733 -0.65977 -0.1198 -0.079579
1.6576 -1.4793 0.46123 -1.2194 -0.76094 -0.90088 -0.93042 -1.3503 0.9513 0.26689 -0.7446 -0.36386 0.2096
2.2211 -1.4162 -0.31521 -1.4986 -0.48721 -1.4852 -0.9279 -0.78689 0.69969 0.39912 -0.19396 -0.49597 0.098107
2.1652 -1.3999 0.016735 -1.7266 -0.78326 -1.0821 -0.64795 -0.97801 1.1893 0.085527 -0.10077 -0.64494 -0.025904
2.051 -1.5519 -0.30593 -1.4825 -0.75588 -1.2995 -0.91251 -0.89622 0.66868 0.11316 -0.099527 -0.59527 -0.050921
1.1484 -1.6883 0.27149 -1.1697 -0.80055 -1.0308 -0.51695 -1.4156 0.24924 -0.19123 -0.14141 -0.38873 -0.082385
-0.01723 -1.9739 1.4753 0.50714 -0.098263 -0.37307 -0.73684 -1.8667 0.38835 -0.45328 -0.13705 0.31511 -0.39981
-0.17029 -2.3181 1.3423 0.74993 -0.32601 -0.25276 -0.44408 -1.567 0.2293 -0.69803 -0.34204 0.074154 -0.13247
-0.11057 -2.4076 1.3564 0.58733 -0.56094 -0.26598 -0.17041 -1.567 -0.21603 -0.56065 0.3824 0.0755 -0.85367
-0.090245 -2.7573 1.2603 1.0972 0.21436 0.27584 -0.30257 -1.4709 -0.094738 -0.92812 -0.72749 -0.11327 -0.70532
-0.36889 -2.7977 0.92413 0.77509 0.20973 -0.010868 -0.77151 -1.6236 -0.044692 -0.72704 -0.51652 0.24922 -0.28315
-0.46856 -2.8912 1.1215 0.94428 0.13006 0.1737 -0.36083 -1.3531 -0.011436 -0.9021 -0.99173 -0.41116 -0.84362
-1.2622 -2.6871 0.88262 0.49573 0.52599 0.1704 -0.64601 -1.2926 -0.059855 -0.35295 -0.23927 0.43222 -0.7735
0.51049 -1.8725 0.44298 -1.3326 -0.80309 -0.64968 -0.093932 -1.1731 0.53861 -0.11753 -0.20101 -0.49122 -0.30889
2.2817 -1.2187 -0.51442 -1.9474 -0.91366 -0.98059 0.063845 -0.7888 0.30295 0.15342 0.52499 -1.1139 -0.11109
2.6326 -1.4315 -0.57979 -2.6435 -1.3414 -0.28808 0.29007 -0.95767 0.85948 -0.062714 0.26837 -1.1865 -0.29724
2.575 -1.8809 -1.0381 -2.6633 -0.87448 -0.55827 0.32447 -0.56499 0.33077 0.30201 -0.27571 -1.2683 0.17481
2.5707 -1.8962 -1.9457 -2.6856 -0.53922 -0.67912 0.42606 -0.79643 0.38181 -0.049952 -0.49452 -0.75336 0.067155
2.5213 -2.1966 -1.469 -2.7664 -0.59869 -0.032646 0.43542 -0.78082 0.50585 0.038225 -0.93512 -0.36466 0.29898
2.3837 -2.2429 -1.4868 -2.9897 -0.30289 -0.25671 0.40214 -0.77819 0.62768 -0.39835 -0.93716 -0.30534 -0.02365
2.2888 -2.6134 -1.3855 -2.758 -0.1701 -0.32453 0.34848 -0.11454 0.20957 -0.33355 -0.75498 -0.67547 0.098947
1.8416 -2.0071 -1.26 -2.4293 -0.10233 -0.12657 0.10999 -0.40142 0.52706 -0.44195 -0.72418 -0.28156 -0.23243
1.8722 -1.9961 -1.35 -2.267 0.035968 -0.44126 0.067282 -0.070399 0.41813 -0.47455 -0.64441 -0.37192 -0.14895
1.9143 -1.7728 -1.4321 -2.3208 0.047421 -0.46621 0.030135 -0.45329 0.47971 -0.30852 -0.84634 -0.27728 -0.51178
2.3063 -1.8811 -1.4558 -2.5232 -0.14611 -0.62967 0.26681 -0.70582 0.76137 -0.24967 -1.1002 -0.55053 -0.4741
2.2737 -2.0427 -1.0451 -2.8056 -0.43578 -0.10439 -0.040617 -0.77233 0.85306 -0.14266 -0.99104 -0.64476 -0.41161
2.1987 -1.7786 -1.2275 -2.409 -0.6215 -0.32602 -0.10781 -0.61412 0.90852 0.035366 -1.1115 -0.75404 0.13133
2.1828 -2.1315 -1.071 -2.7555 -0.15232 -0.85885 0.053634 -0.46307 0.47062 0.12893 -1.0015 -0.83004 0.052807
1.7636 -2.0548 -0.83316 -2.3578 -0.41136 -0.8861 -0.09706 -0.75565 0.7704 0.18138 -0.70082 -1.041 -0.058118
1.1128 -2.054 -0.8493 -1.9365 -0.5578 -0.91595 -0.047946 -0.29219 0.46247 0.077448 -0.35132 -0.64946 -0.0069538
1.0165 -2.9215 -0.65523 -2.3809 -0.23455 -0.89134 -0.27105 -0.18321 0.51014 0.48109 -0.52352 -0.6721 0.25716
