0.9807 -6.2695 2.1298 -1.1198 0.91778 0.070451 0.89871 -0.020853 0.5037 -0.24728 0.28882 0.06175 0.35296
0.43312 -8.5121 1.1777 -1.0645 1.2916 -0.04993 1.1649 0.96002 0.77695 0.57195 0.95714 0.28789 0.74704
1.936 -7.2251 1.2867 -2.3598 1.0999 0.2655 1.5524 -0.31515 1.3173 0.17437 0.30661 0.23476 0.1133
1.5724 -8.7173 0.83463 -1.3072 1.4054 0.73835 1.4534 0.074198 0.27918 -0.18132 -0.17363 -0.010678 0.32682
2.4816 -9.2968 0.82119 -1.0091 1.0785 0.016665 0.87222 0.27987 0.26151 -0.21517 0.28114 0.20059 0.38854
3.1676 -8.6157 1.2986 -1.4777 0.8745 -0.27208 0.8543 -0.12512 0.44789 -0.18833 0.62705 0.62548 0.10567
4.3853 -9.7348 0.50616 -2.5551 0.61188 -0.95874 0.64099 0.42615 1.2366 0.24542 -0.25031 0.49271 0.75413
4.7283 -7.6843 1.0916 -1.9031 0.35162 -0.60422 0.50187 -0.024503 0.49962 -0.061161 -0.054865 0.074592 0.33461
3.2837 -4.7171 1.6364 -0.5636 0.36601 -0.29711 0.92804 0.56275 0.58749 0.25819 -0.12063 0.0026841 0.15789
4.1344 -0.35783 1.3304 -0.41023 -0.50151 -0.74773 -0.75773 -1.0928 0.60076 -0.12227 -0.50708 0.0082752 0.2607
5.503 -0.3843 0.050779 -0.73536 -1.0606 -1.63 -1.0974 -1.2125 0.48416 0.47092 -0.30602 -0.37789 0.44824
5.9905 -0.96418 -0.054119 -0.95059 -0.96038 -1.8928 -2.2431 -0.51352 1.0216 0.3545 -0.37129 -0.56747 -0.34792
6.273 -1.3371 -0.99654 -2.0643 -1.2432 -2.3916 -1.6982 -0.81778 0.55618 0.072832 -0.99796 -0.7758 -0.5027
6.2568 -0.54235 -0.98 -1.894 -0.9516 -2.5201 -0.60854 -0.54703 0.56094 0.44946 -0.69531 -0.66962 -0.2568
6.1938 -0.6058 -0.99319 -1.7322 -0.91897 -2.564 -1.0029 -0.64258 0.50778 0.56858 -0.6795 -0.98724 0.044148
5.8485 -0.94712 -0.44686 -0.98921 -0.96205 -2.3933 -1.9297 -1.1022 0.86696 0.36972 -0.32531 -1.0336 -0.19789
5.0678 -0.45404 0.78365 -0.73402 -0.59192 -1.9131 -1.2838 -1.3223 0.56915 -0.18669 -0.5597 -0.32735 -0.1069
4.8923 -0.16543 0.68229 -0.658 -0.65642 -1.5816 -0.90762 -1.7135 0.33691 -0.44902 -0.31983 -0.66394 -0.14592
5.0472 -0.29816 0.57085 -0.57154 -0.37855 -1.9657 -1.1244 -1.6674 0.69061 -0.29558 -0.33428 -0.55698 -0.2898
5.5614 -0.82828 -0.33589 -0.77503 -0.55053 -2.3079 -1.647 -0.91742 0.99912 0.10841 -0.24543 -0.90064 -0.5913
6.2637 -1.5625 -1.3282 -0.97639 -1.3823 -2.2299 -1.5375 -0.63522 0.57054 0.25632 -0.4609 -1.3705 -0.30658
6.6312 -1.9055 -1.8421 -1.4108 -1.7504 -1.8084 -0.72527 -0.074724 0.073349 0.10413 -0.59296 -1.1552 -0.66774
6.8126 -2.5317 -1.7208 -1.2021 -1.775 -1.732 -0.43701 0.33479 -0.073696 0.23765 -0.6065 -1.4288 -0.91906
7.1361 -2.5871 -1.9852 -1.3999 -1.4845 -0.64753 0.5776 0.21893 -0.50813 0.35761 -0.86801 -1.3817 -0.18981
7.1558 -2.5662 -2.0547 -1.9323 -1.5211 -0.29745 0.69606 -0.27639 -0.90131 0.14427 -1.0746 -1.2932 -0.14449
7.1684 -2.6264 -2.0317 -2.1919 -1.7069 -0.26388 0.80063 -0.59789 -1.1342 0.018368 -1.1155 -1.1448 -0.38615
7.2236 -2.655 -2.3475 -2.198 -1.9773 -0.10602 0.63468 -0.7658 -1.2538 0.097676 -1.3024 -0.94005 -0.65297
7.1945 -2.6554 -2.1729 -2.1379 -1.6723 -0.070763 0.86067 -0.86456 -1.0981 0.080581 -1.2339 -0.72035 -0.7096
7.2545 -2.6219 -2.4129 -2.0304 -1.8165 0.18785 0.62841 -0.79227 -1.1285 0.15712 -1.3335 -0.59649 -0.62418
7.1605 -2.2597 -2.1416 -2.2505 -1.4914 0.0995 1.0665 -1.0593 -0.71889 0.13993 -1.2912 -0.48665 -0.66755
7.225 -2.5195 -2.6461 -2.2137 -2.2091 -0.014986 0.55217 -1.1192 -0.97779 0.082919 -1.4147 -0.952 -0.75417
7.2444 -2.5777 -2.6451 -2.1836 -1.9731 0.018418 0.43644 -0.94466 -0.70946 0.089267 -1.3853 -0.88307 -0.7112
7.18 -2.124 -2.8128 -2.0983 -2.0266 -0.061549 0.37429 -1.0719 -0.66935 0.0061352 -1.3632 -0.87687 -0.68062
7.1036 -2.095 -2.6296 -2.2838 -1.8634 -0.18458 0.49802 -1.143 -0.44768 -0.10472 -1.2126 -0.97955 -0.52525
7.0641 -2.4632 -2.4953 -2.6043 -2.1126 -0.051493 0.35946 -1.4817 -0.41258 -0.18824 -1.3338 -1.3773 -0.29966
6.9531 -2.2739 -2.3953 -2.5119 -1.8598 -0.077658 0.28051 -1.449 -0.40203 -0.19727 -1.1659 -1.4882 -0.39257
6.6779 -1.8525 -2.3306 -2.656 -1.8502 -0.32286 0.19841 -1.1474 -0.83408 0.23854 -1.1948 -1.7331 -0.3121
6.0717 -1.116 -1.6545 -3.863 -1.6156 -0.46958 0.11017 -1.2875 -0.67193 -0.11721 -0.97965 -1.9729 -0.011285
5.7487 -1.2167 -2.0243 -3.7251 -0.74445 0.094533 0.15191 -0.7603 -0.089114 0.0091457 -0.95471 -1.1436 0.065276
4.7867 -1.2912 -1.7652 -3.4171 -0.28233 -0.2552 -0.057735 -0.85466 0.33858 -0.34667 -1.144 -1.2427 -0.29203
2.8663 -2.1525 -0.6129 -2.7468 -0.36235 -0.86018 -0.25378 -0.38517 0.87158 0.4461 -1.2897 -0.98306 0.41739
1.2437 -2.5992 0.83027 -0.74922 -1.7967 -1.9617 -0.5151 -0.78467 0.31659 -0.81061 -0.88952 -1.3014 0.97497
