3.7901 -7.2503 1.4827 -1.7255 1.8081 -0.0067574 0.23919 -0.18668 0.387 0.33574 0.23182 0.59719 -0.49112
4.944 -8.7144 1.5421 -1.5925 1.4598 -0.26596 0.55718 0.32278 0.04638 -0.11811 0.34872 0.26745 -0.26005
4.7854 -9.4024 0.35308 -2.1199 1.404 -0.3684 0.46746 0.46747 0.2639 0.49485 0.72551 0.26455 -0.011524
6.4455 -8.5011 0.91423 -3.305 1.5577 -0.28287 0.71363 -0.015483 0.41025 0.082541 0.10551 0.5585 -0.35813
6.1693 -9.7283 0.20178 -3.4455 1.4673 -1.0928 -0.090057 0.6555 0.15792 0.075398 -0.14415 0.66502 -0.40222
5.8915 -10.63 -0.091376 -3.2504 1.1521 -0.2738 -0.13429 -0.048414 0.5668 0.54852 0.22644 0.71698 0.43405
5.7176 -9.3877 0.53319 -3.3016 0.95751 -0.17399 0.41842 0.59553 0.28092 0.13677 0.10516 1.2321 -0.11658
3.6806 -9.1736 0.51072 -1.4126 0.95473 -0.51497 0.24006 0.79459 -0.061094 0.65238 0.8943 0.33979 0.063918
2.5973 -5.4179 2.6447 -0.40794 1.4053 -0.42104 -0.36895 0.32786 -0.031748 0.16835 -0.10818 0.011736 -0.26721
3.6183 -1.7196 1.2293 -0.038519 -0.95686 -0.79195 -0.1328 -0.79471 0.024735 -0.52529 -0.23287 -0.092575 -0.51921
4.865 -2.1292 0.49157 -0.71392 -1.4146 -0.97309 -0.87557 -0.19917 0.50749 -0.50743 -0.22649 0.054188 -0.049166
5.6873 -2.6715 0.12078 -0.91381 -1.5448 -1.4162 -1.032 0.062224 0.47143 -0.0065357 -0.5413 0.035013 -0.0064837
6.3045 -3.0664 -0.25764 -1.0732 -1.7895 -1.016 -1.6182 0.28626 0.75941 -0.064483 -0.36165 -0.32574 0.1654
6.4391 -3.0664 -0.47626 -1.3946 -1.6194 -0.95957 -1.6534 0.51286 0.70114 0.23194 -0.63233 -0.5079 0.2482
6.1938 -2.7866 -0.51226 -1.4821 -1.2889 -1.0413 -1.457 0.25388 0.43768 0.21659 -0.50587 -0.6202 0.23715
5.8395 -2.5102 -0.41053 -1.8021 -1.1839 -1.3537 -1.7556 -0.1596 0.69599 0.13489 -0.20447 -0.62055 0.047089
4.2484 -2.095 -0.075617 -1.5769 -0.81594 -0.78205 -1.2768 -1.0035 0.52292 0.43991 0.25407 -0.58513 0.28017
1.4021 -2.7894 0.62684 0.17376 -0.077749 -0.13632 -0.18602 -0.77665 -0.2569 -0.35766 -0.042858 -0.19 -0.59803
1.1653 -3.0234 0.632 0.5471 0.63114 0.2376 -0.65628 -1.1305 -0.18676 -0.72082 -1.1559 -0.22929 -0.85441
1.2051 -3.1253 0.42665 0.30636 0.55066 0.0029399 -0.83173 -1.2175 -0.24431 -0.30725 -0.39812 -0.0043659 -1.1537
1.1346 -3.1334 0.3454 0.0053138 0.21927 -0.16845 -0.52341 -0.92537 -0.5102 -0.19164 0.13053 -0.061894 -1.0873
0.64055 -3.1054 0.41208 0.084122 0.31766 -0.13567 -0.79643 -1.2095 -0.59641 -0.46065 -0.31609 0.040203 -1.0205
0.91191 -3.2195 0.3966 -0.74225 -0.82967 -0.37153 -0.012228 -0.073433 -0.45641 -0.43948 0.01978 -1.0646 -0.35786
4.5099 -1.3585 -0.17952 -2.5354 -0.62426 -0.8698 -0.95995 -0.71488 1.0319 -0.010717 -0.10714 -0.4619 0.065028
5.5676 -2.1404 -0.67237 -1.9689 -0.71735 -1.1023 -1.2112 -0.52472 0.91139 1.0278 -1.0784 -0.7898 0.35704
5.7772 -2.3384 -0.6368 -2.1443 -0.64956 -1.3012 -0.80399 -0.27973 0.67293 0.94319 -1.163 -0.82538 0.42209
6.142 -2.7941 -1.0371 -2.2282 -0.87427 -0.98197 -0.91852 -0.072376 0.68018 0.52771 -1.2779 -0.49583 0.066246
6.3168 -2.855 -1.1806 -2.6058 -0.43068 -1.141 -0.682 0.17009 0.52316 0.69661 -1.4005 -0.62972 0.2982
6.2223 -2.4093 -1.348 -2.2545 -0.8649 -0.91603 -0.24 -0.16477 0.44591 0.31234 -1.2602 -0.77146 0.293
6.2202 -2.5848 -1.7675 -2.1909 -1.2355 -0.6142 -0.22544 -0.4908 0.60267 0.1834 -1.4892 -0.52604 0.21482
6.331 -2.8136 -1.6367 -2.0611 -1.0469 -0.57959 -0.2214 -0.51731 0.66681 0.29616 -1.4089 -0.83012 0.26922
6.4511 -2.8964 -1.6618 -2.1369 -1.3409 -0.47342 -0.36141 -0.59359 0.42751 0.55955 -1.2747 -0.9048 0.10615
6.4878 -2.8682 -1.3809 -2.0737 -1.4689 -0.29533 -0.21786 -0.74524 0.84593 0.74749 -1.3008 -1.1015 0.012106
6.3282 -2.6327 -1.2837 -2.6422 -0.65506 -0.61462 -0.30463 -0.37023 0.40196 0.70489 -1.3455 -0.85473 0.22617
6.0982 -2.2541 -1.3307 -2.7674 -0.47832 -0.67899 -0.29148 -0.32498 0.28244 0.70452 -1.334 -0.70654 0.11908
5.941 -2.1506 -1.3233 -2.9138 -0.35736 -0.66526 -0.42379 -0.47418 0.10907 0.67033 -1.4914 -0.69721 0.10027
5.7053 -2.3573 -1.2553 -2.748 -0.78173 -0.65504 -0.20004 -0.86649 0.24638 0.62125 -1.1519 -0.85225 0.067418
5.3835 -2.1704 -1.4775 -2.5494 -0.64743 -0.75852 0.047353 -0.52872 0.43409 0.4375 -1.1824 -0.80947 0.20353
4.1223 -2.1178 -0.097332 -2.0132 -0.70409 -0.63418 0.49932 -0.43 0.2824 0.12202 -0.58092 -1.4447 0.31297
4.4024 -1.7687 -0.85665 -2.3396 -0.73094 -1.262 0.04587 -0.1839 0.62943 -0.17265 -0.70768 -0.887 0.40629
3.0419 -2.5309 0.4302 -1.157 -1.2572 -1.0545 0.010563 -0.57306 0.50971 -0.21884 -0.44842 -1.1089 0.23632
2.2531 -2.8144 0.16621 -1.3124 -0.9965 -1.024 0.1987 0.03282 0.49672 -0.0023358 -0.24687 -1.2233 0.15566
2.3834 -2.795 0.10819 -1.4252 -1.0902 -1.0639 -0.17964 -0.89426 -0.2497 -0.41056 0.043255 -0.40607 0.030324
