0.31743 -0.88542 3.7835 0.40068 0.92087 0.25904 0.014286 0.1918 -0.14785 -0.2914 0.54281 0.45355 0.55838
0.63012 -1.7756 2.9965 0.15376 1.3073 0.57056 0.9535 0.96561 0.37885 -0.049504 0.34187 0.13266 0.57552
-0.06633 -2.0187 3.5446 1.7925 1.3291 -1.0725 0.011994 0.54187 1.0394 0.02869 -0.042997 -0.18488 0.15567
0.21067 -0.90611 3.3735 0.68323 0.91426 0.22218 0.66349 -0.056164 0.18082 0.15758 0.008774 0.48346 -0.21946
0.20436 -2.2235 3.1382 0.65972 1.1008 0.221 0.66433 0.50387 0.6439 0.86635 0.69613 0.5359 -0.9496
0.23324 -1.907 2.1682 0.29386 1.1359 -0.43182 0.080596 0.46112 0.33484 0.22143 -0.359 0.082971 0.22152
1.1512 -0.5569 1.6167 0.016537 1.1278 0.52682 0.50313 0.17303 0.43644 -0.54687 -0.46659 0.18374 0.16904
4.2737 3.7308 0.39422 0.58212 -0.47692 -1.2075 -0.82599 -0.2823 0.52824 0.032732 -0.73747 0.89928 -0.28513
7.5845 2.9883 0.21545 -0.24945 -1.1316 -1.5744 -1.3948 -0.059176 1.3216 -0.13913 -1.3566 0.86474 -0.49824
8.3641 1.9435 0.096996 -0.72077 -1.4695 -1.5019 -0.80268 0.61717 1.7506 -0.29847 -1.0705 0.43994 -0.25068
8.5752 1.5685 -0.39351 -1.2054 -1.5383 -1.5534 -0.7129 0.49032 1.631 -0.3835 -1.5844 0.35319 -0.12081
8.5265 1.643 -0.32125 -1.2781 -1.4983 -1.5633 -1.2769 0.45402 1.3327 0.35941 -1.7386 0.066804 0.054924
6.8651 3.1757 0.48395 -0.5812 -1.205 -0.85729 -1.2485 -0.08163 0.60737 1.2172 -1.286 -0.52382 0.030487
5.4228 4.9032 1.6437 1.0645 -0.87151 0.082856 -1.3585 -0.20458 0.060231 -0.031363 -1.7914 -0.33769 -0.15622
5.1267 4.8111 1.0653 1.0154 -0.23333 -0.1947 -1.2995 -0.094705 -0.49087 0.24086 -0.84584 -0.3678 -0.59431
5.1298 4.6984 0.24739 0.70057 -0.083742 -0.2527 -1.6018 -0.51061 -0.36743 0.71483 -1.1454 -0.74311 0.25238
7.2251 3.2388 -0.82928 -1.6762 -1.1499 -0.30095 -1.7169 -0.48161 0.0085249 1.3276 -1.1611 -0.68941 0.40023
8.4518 1.5599 -1.2423 -1.7951 -1.3094 -1.2275 -0.60635 -0.36947 0.66028 0.67189 -1.346 -0.73646 -0.013256
8.8096 1.3289 -1.0997 -1.9152 -1.5178 -0.10151 0.51259 0.029334 0.75803 0.29113 -1.4046 -0.51282 0.26046
8.8868 1.1474 -1.1459 -1.2925 -1.5939 -0.13323 0.77522 0.4545 0.7807 0.25553 -1.7069 -0.30868 0.15616
8.9079 1.0565 -1.3786 -1.0284 -0.94993 0.45678 0.81702 0.12862 0.17603 0.0053578 -1.5906 -0.73186 -0.012998
8.7869 0.5801 -1.329 -1.4634 -0.68782 0.66363 0.83197 -0.2633 0.084614 -0.62598 -1.2252 -0.77938 0.14749
8.7434 1.2564 -1.7413 -1.0818 -0.86205 0.83424 0.9803 -0.19959 0.084168 -0.67553 -1.1706 -0.64555 0.10714
8.7281 1.1537 -1.265 -1.543 -0.87364 0.89457 0.97124 -0.51977 0.087944 -0.52379 -1.2992 -0.75419 0.13924
8.6802 1.457 -1.491 -1.6999 -1.1278 1.0467 0.7614 -0.84312 0.11145 -0.5178 -1.2491 -0.74311 0.14688
8.6462 1.9023 -1.8584 -1.5281 -1.0585 1.0115 0.49492 -0.91975 0.23706 -0.76679 -1.327 -0.49901 0.2289
8.6137 1.5872 -1.709 -1.4189 -1.1381 0.95858 0.33699 -0.76495 0.24564 -0.55894 -1.5939 -0.59143 0.29277
8.442 1.8665 -1.5909 -1.3145 -1.2597 0.99221 0.0094152 -0.49473 -0.028717 -0.18073 -1.7709 -0.59177 0.4663
7.9917 1.7863 -1.6587 -1.5065 -0.73918 0.78132 -0.16609 -0.11334 -0.047796 -0.51757 -1.7529 0.050369 0.22412
7.0627 3.2028 -1.7852 -0.9375 -0.60434 0.67263 -0.4659 0.55951 -0.83466 -0.1108 -1.9504 0.80076 -0.28679
5.8408 4.7105 -0.72821 -1.0126 0.066867 0.61857 0.39378 0.16175 -0.559 -0.47554 -2.1166 0.73281 -0.45345
4.9462 4.2802 -0.23085 -0.74323 0.98107 1.0656 -0.64472 0.66744 -1.0329 0.15732 -2.5576 0.74878 -0.57532
3.9933 4.3297 -0.32414 -0.14966 0.95518 1.4705 0.3799 0.12731 -0.3252 -0.51482 -2.2791 -0.072451 -0.65929
2.5684 3.6876 -1.2628 -0.1876 0.30514 1.3214 0.59394 0.7101 -0.35763 -0.40949 -2.1144 0.063405 0.10789
1.2073 2.2027 -1.9697 -0.8885 0.43792 1.138 -0.2325 0.34324 -0.19348 0.29987 -0.83015 0.73039 0.97951
1.0811 3.1774 -1.6529 -0.7101 0.4497 1.0898 -0.45357 0.7194 -0.14833 0.53731 -0.6912 0.35147 0.2088
1.4516 2.7076 -1.7911 -0.5569 0.74836 1.7025 0.181 0.8739 0.12071 1.2516 -0.40773 -0.044843 0.16587
1.7098 2.2674 -1.29 0.4624 1.4198 2.8586 0.87761 1.3124 -0.059274 0.34235 -0.95428 -0.24992 0.69173
0.22288 1.8654 -1.575 -0.34361 1.1897 1.5152 0.49765 0.91478 0.044148 0.65271 -0.70991 0.075097 0.55283
-0.62799 2.0459 -1.0409 -0.61139 -0.46051 0.60537 0.10632 0.95515 -0.31524 0.14488 -1.0889 -0.07387 0.37588
