0.74847 0.5134 2.9678 -0.24195 0.52213 -0.5521 0.55031 0.69427 1.2707 0.027709 -0.071138 -0.019113 0.06
0.747 0.78568 3.268 0.18883 -0.31514 -0.84957 0.64969 0.23228 0.49442 0.070543 0.17711 0.14397 0.31031
0.75792 -0.0034768 2.8709 0.12927 -0.27793 -0.65237 0.30346 0.53671 0.91968 -0.19897 0.64886 0.65881 0.71517
0.45677 -0.43323 3.1465 0.6235 -0.42349 -1.4726 0.1066 -0.20488 0.34739 0.20097 0.021795 0.54801 0.49611
0.15251 -1.4114 1.8448 -0.67654 0.13358 -1.1498 -0.11473 0.031272 0.46512 -0.032896 1.1534 0.94006 0.090393
0.73883 -1.2 2.685 -0.1028 0.54199 -0.2668 0.52274 0.022207 0.66906 -0.26109 0.85953 1.0052 0.32913
0.49411 -1.2391 1.8428 0.31429 0.93374 0.013193 0.37061 -0.23566 0.26823 -0.10204 0.98696 0.30971 0.62275
0.77466 -1.2474 2.2575 0.57944 1.0796 -0.34972 0.4574 0.22801 0.95325 -0.13111 0.41621 0.1375 0.47618
0.5642 -2.0956 2.4287 0.15042 1.0813 -0.24892 0.26118 -0.25261 -0.39288 0.15043 0.84891 -0.083904 -0.36472
1.3526 -1.0475 2.5729 0.54208 0.6692 -0.72147 0.77247 0.71143 0.56255 -0.042822 -0.24581 0.18819 0.3921
1.0036 -0.94071 1.3019 0.031952 0.17382 0.060771 0.17386 0.16813 0.099513 0.23379 0.098697 -0.031161 0.066364
6.7664 2.363 0.94093 0.33664 -0.93203 -1.4893 -1.6415 -0.17402 0.53226 0.15911 -0.76741 0.80538 -0.25771
8.2854 1.8293 1.3149 -1.0499 -1.3917 -1.5904 -1.6231 0.61317 1.6918 -0.13728 -0.72447 0.73498 -0.25042
8.7565 1.4217 0.16098 -0.87837 -1.5304 -1.7161 -0.62887 1.1675 1.566 -0.23523 -1.1992 0.44064 -0.01881
8.7655 1.2356 -0.41874 -1.3093 -1.3907 -1.7099 -0.45839 0.64611 1.3543 -0.27206 -1.5186 0.26984 -0.034864
8.4849 1.705 -0.31862 -1.6878 -0.89273 -1.8029 -1.1184 0.083118 1.1667 0.41933 -1.4752 -0.014906 0.11843
6.3553 3.6261 0.2477 -0.3711 0.17347 -0.56474 -0.79917 -0.47664 0.076395 1.3563 -0.92164 -0.77531 0.23312
5.4358 4.7656 1.3976 0.52011 -0.19465 -0.084402 -1.2146 -0.065751 0.40132 0.29141 -2.0875 0.00022057 -0.45667
4.8527 4.0413 1.7164 1.0957 -0.42561 -0.23326 -1.1388 -0.12517 -0.33357 0.10053 -1.5426 -0.15824 -0.44601
4.3384 3.7062 0.19778 0.9066 0.67301 0.19307 -1.7395 -0.80045 -0.61559 0.37355 -1.2813 -0.16982 -0.2912
6.7461 2.6991 -0.074809 -1.4944 -0.61121 -0.31025 -0.92993 -0.57947 -0.029636 1.3334 -0.92678 -0.63858 0.46745
8.3505 2.0057 -1.28 -1.4074 -1.4558 -0.68584 -0.6352 -0.14879 0.53693 1.3027 -1.7366 -0.73588 0.169
8.6453 1.3914 -1.1711 -1.8478 -1.4806 0.0787 0.28592 -0.26938 0.9897 0.57276 -1.8844 -0.67949 0.43244
8.8619 0.38522 -0.70809 -1.2004 -1.2237 -0.048307 0.8908 0.28888 0.93551 0.49125 -1.7734 -0.65178 0.44152
8.9054 0.94993 -1.4264 -1.0181 -0.71812 0.17252 0.87151 -0.11487 0.63165 -0.18472 -1.4367 -0.68023 0.21078
8.8742 0.30737 -1.2673 -1.509 -0.63333 0.37885 0.51938 -0.5098 0.3182 -0.51355 -1.465 -0.65078 0.26689
8.878 0.84831 -1.5458 -1.3484 -0.65588 0.30846 0.29986 -0.40366 0.32643 -0.7203 -1.5022 -0.61266 0.33263
8.9121 1.1722 -1.9436 -1.0371 -0.84336 0.42597 0.18773 -0.17879 0.3298 -0.79213 -1.5357 -0.60743 0.36283
8.9259 1.0961 -1.7961 -1.0462 -0.79112 0.38203 0.097888 -0.12668 0.27727 -0.78377 -1.5893 -0.67825 0.45929
8.9048 0.79947 -1.2654 -1.2272 -0.69435 0.21388 0.36359 -0.17112 0.5346 -0.82674 -1.5244 -0.54839 0.46319
8.8021 1.3085 -1.547 -1.0245 -0.99076 0.013067 0.42763 -0.10173 0.22847 -0.45803 -1.7013 -0.5638 0.20235
8.6494 1.2702 -0.731 -1.3173 -1.1703 -0.028641 0.18753 -0.2352 0.61274 -0.57761 -1.8007 -0.38171 0.25365
8.3261 2.3321 -1.3007 -0.93433 -1.2732 -0.068226 -0.24112 0.23915 0.68681 -0.60991 -1.8891 0.15176 0.067724
7.6476 3.3508 -1.603 -0.81339 -1.1327 -0.074144 -0.56909 0.61286 0.036806 -0.27159 -2.2121 0.48501 -0.45752
6.6731 2.4713 -0.80917 -0.28338 -1.0396 -0.38214 -0.20638 0.57226 -0.13426 -0.45586 -2.1759 0.66677 -0.70523
5.6959 3.0563 -1.1864 0.084565 -0.33583 0.076181 -0.63628 0.44517 0.036764 0.012154 -2.3056 0.78793 -0.9333
4.7982 3.7856 0.04074 -0.23214 -0.53507 -0.019388 0.24189 0.69916 -0.32248 0.043771 -2.0739 0.7252 -1.1798
4.2326 4.6538 0.10468 -0.033131 0.19535 -0.01821 -0.90218 0.76134 -0.15647 0.14488 -1.9075 0.85249 -0.34164
3.8564 4.3734 0.43662 0.93678 0.85118 -0.37812 -1.3537 0.00083944 0.083711 0.33877 -2.0828 -0.19657 -0.022471
2.6524 3.62 0.13453 0.95205 0.91102 0.34505 -0.57139 -0.088834 -0.28897 0.16188 -1.7272 -0.46598 0.23644
1.6379 2.8741 -0.40858 0.51057 0.22741 0.83257 0.31014 1.2284 0.44222 0.23016 -2.0026 -0.44555 0.0255
1.3125 2.3953 -0.90372 0.013305 -0.50518 0.39744 0.25655 1.4906 1.0587 -0.31536 -2.4279 -0.25285 0.85621
0.85927 2.4132 -1.1224 0.2598 -0.27599 0.72396 0.54056 1.4717 0.97322 -0.25997 -1.7403 -0.17164 0.048189
0.88247 2.453 -0.23635 0.06639 -0.14202 0.21982 0.067322 1.8453 0.79428 0.50087 -0.74485 -0.053777 0.59347
0.18848 2.3212 -1.4085 -1.0141 -0.082332 0.34004 -0.54829 1.0543 1.163 0.57085 -0.22133 0.87152 0.85754
-0.22076 2.5576 -0.77114 -1.0077 0.1565 0.13709 0.0029173 0.44699 0.76929 0.57896 -0.83439 0.06918 0.47461
0.36436 2.283 -0.022352 -0.15503 0.82052 0.81921 -0.38933 -0.064796 1.5092 0.99212 -1.2015 0.20257 0.93683
