1.2253 -7.6452 1.7268 -1.8405 1.9764 -0.92432 0.33642 0.64916 0.76187 0.67407 1.1005 0.44289 1.0391
-2.5422 -4.8528 2.1863 -0.65366 1.263 0.067183 0.8396 0.21259 0.71958 0.22668 0.63555 0.27141 0.3548
-1.587 -7.4727 1.6871 -0.40092 0.24992 0.67023 1.7752 -0.011087 0.16484 0.22077 0.88475 0.59778 -0.059694
-1.784 -9.2181 0.90497 0.19273 0.61753 0.57826 1.1205 0.8878 0.43248 0.56083 0.94831 0.26977 0.63873
-2.8319 -7.1859 1.9848 0.21032 1.1858 0.23446 0.71242 0.66977 0.67208 0.39337 0.64085 0.52523 0.37155
-2.0107 -6.785 1.8379 -0.19805 1.2235 0.020782 0.36441 0.44722 0.42787 0.23941 0.40637 0.28787 0.2185
-1.3028 -9.6665 0.53596 -0.014183 1.5286 0.57231 0.58854 0.71356 0.87719 0.86032 0.59196 0.42877 0.43716
-1.1477 -7.624 1.2572 -0.71071 1.6491 0.63242 0.76403 0.32121 0.047652 0.29956 0.18711 0.79265 0.17252
-1.9406 -7.8016 1.5437 -0.32261 1.4642 0.38786 0.80058 0.40141 0.64422 0.53658 0.65877 0.73069 0.44519
-2.0142 -9.7817 0.50796 -0.11786 1.2873 0.6341 0.81203 0.95847 1.4409 0.44669 0.46852 1.3461 0.58715
0.56157 -9.4526 0.11239 -2.2325 1.009 0.055619 1.1123 0.73457 1.4756 1.1716 0.71945 0.65174 0.88724
-0.19033 -8.0613 0.92295 -1.2167 0.14842 -0.41413 0.36336 0.65714 1.2981 0.44914 0.062646 0.64252 0.68194
-0.18255 -6.7858 0.62913 -0.094044 -0.72912 -0.58759 0.19633 0.69492 0.61851 0.12511 -0.097449 -0.032703 0.27052
-0.27249 -2.3463 0.96478 0.33106 0.26166 0.015505 -0.18147 -0.88889 -0.0026146 -0.49605 -0.50015 -0.32339 -0.82408
2.8097 -1.2159 -0.51102 -0.76162 -0.66424 -1.6199 -0.7482 -0.32747 0.67636 -0.75479 -0.22337 -0.37685 -0.50021
3.6562 -1.375 -1.4517 -1.3139 -0.71389 -1.3439 -0.78173 -0.13342 0.49631 -0.86868 -0.84053 0.15948 -0.74174
4.2566 -1.5848 -1.9843 -1.5638 -0.799 -1.398 -0.67669 0.12797 0.38462 -0.97618 -1.1956 -0.035046 -0.59014
4.4964 -1.6149 -2.1735 -1.6805 -0.49936 -1.3291 -0.83341 0.36763 0.44477 -0.72722 -1.3511 -0.23004 -0.32085
4.349 -1.4921 -1.9886 -1.2561 -0.59088 -1.0856 -0.72085 0.13567 0.67012 -0.44441 -1.3878 -0.39839 0.0027371
4.265 -1.2578 -1.9957 -1.5878 -0.58927 -0.94478 -0.52744 -0.40296 0.98178 -0.37613 -1.235 -0.47753 -0.34231
3.5896 -1.0177 -1.0018 -1.8961 -0.60453 -1.2697 -0.26785 -0.66154 0.54147 0.40167 -0.60092 -0.95812 -0.21066
1.1109 -1.5921 -0.03398 -0.86216 -0.19357 -0.32415 -0.44488 -1.1465 0.40336 -0.31913 -0.73423 -0.43052 -0.54689
0.73221 -2.5921 0.81069 0.43935 0.11437 -0.096 -0.4849 -0.9009 0.37253 -0.24952 -0.69443 -0.2537 -0.3634
0.36856 -2.7154 0.79245 0.55346 0.27738 0.28036 -0.070449 -0.82006 0.017577 -0.6762 -0.91063 -0.46648 -0.6352
0.072412 -2.8525 0.64629 0.26683 0.16019 0.19697 0.22012 -0.026721 0.48061 -0.44114 -1.1586 -0.89045 -0.39664
-0.69354 -2.6796 0.74025 0.3952 0.11718 0.077796 0.0056783 -0.34226 0.28854 -0.39388 -0.8226 -0.57973 -0.28926
-1.6354 -2.817 0.70521 0.47135 0.52999 0.39541 0.21039 -0.062915 0.37241 -0.082801 -0.55884 -0.50729 -0.67998
0.95391 -1.3216 0.3297 -1.9195 -0.16534 0.08236 0.60265 -0.30712 0.8561 0.30113 -0.25246 -0.40029 -0.12687
4.318 -0.9985 -1.7072 -3.622 -1.12 0.49245 0.53079 -1.1767 0.57966 -0.24651 -0.38969 -0.56697 -1.0733
4.9731 -1.3644 -2.2467 -3.6948 -0.75385 0.84147 0.35232 -1.1037 0.50422 -0.33744 -0.87532 -0.52827 -0.89896
5.3196 -1.7453 -2.9859 -3.4599 -0.82573 0.98018 0.20681 -1.1928 -0.08179 0.032947 -1.1879 -0.71444 -0.94507
5.3245 -1.7163 -3.0586 -3.3162 -0.71204 1.3315 0.057712 -0.89315 -0.14416 0.14222 -0.93671 -0.50966 -0.95817
5.4801 -1.8194 -3.2062 -3.1936 -0.68944 1.3765 0.052276 -0.80055 -0.18418 0.15342 -0.91668 -0.45546 -1.0062
5.554 -1.8228 -3.2712 -3.5606 -1.0575 1.2375 -0.16917 -1.2511 -0.37692 -0.14697 -1.0454 -0.73281 -1.0917
5.4662 -1.5237 -2.8865 -3.5413 -0.99368 1.3327 -0.17893 -1.1193 -0.39037 0.080339 -1.0649 -0.60385 -0.99367
5.2558 -1.4205 -2.3785 -3.7819 -0.99365 1.3134 -0.14541 -1.2171 -0.037436 0.0080705 -0.94891 -0.69091 -0.86919
4.977 -1.425 -2.0096 -4.1309 -0.86824 1.2533 -0.38493 -0.78455 -0.043232 -0.37203 -0.9857 -0.88182 -0.87559
4.636 -1.3925 -1.825 -4.1196 -0.67766 1.2461 -0.21168 -0.94956 -0.03765 -0.28426 -1.0055 -0.54133 -0.97298
4.4057 -1.5156 -1.9572 -4.0686 -0.64108 0.60642 -0.13325 -1.0292 -0.5191 -0.26 -0.88202 -0.86487 -1.3679
3.9125 -1.3061 -1.4149 -4.2515 -0.49439 0.4932 -0.12064 -1.181 -0.21974 -0.20286 -1.0384 -0.87143 -1.0963
2.9552 -1.6065 -0.79982 -3.58 -0.042535 0.27635 0.028732 -1.0121 -0.063907 -0.08726 -1.0365 -0.49252 -0.63354
1.7125 -2.3237 -0.074356 -2.1262 -0.54034 -0.38004 0.59796 -0.63565 -0.25797 -0.29284 -0.39356 -1.1706 -0.46686
0.68606 -2.5992 0.32685 -1.1536 -0.43231 -0.11791 0.5988 -0.70519 -0.50353 -0.49499 -0.054948 -0.66926 -0.62239
