3.0201 -3.8888 -1.1341 -2.4293 -1.814 -2.6731 0.11991 0.6451 0.375 -0.50034 0.44761 -1.0282 0.11416
3.9183 -5.4957 -2.1537 -2.4652 -1.3439 -1.5809 0.82984 1.0705 0.15195 -0.97712 -0.19085 -1.3499 -0.62589
4.4263 -6.1137 -2.0491 -2.7012 -0.65701 -1.3964 0.75409 1.4045 -0.83275 -0.9769 0.35746 -0.42226 -0.013548
4.8871 -6.1925 -2.7462 -3.0235 -0.90823 -1.2327 0.93286 1.1472 -1.0754 -1.0178 -0.13499 -0.21545 -0.11017
5.0246 -6.1674 -2.9357 -3.1991 -0.95855 -1.4614 0.44206 0.95128 -1.1749 -1.3894 -0.34531 0.14869 -0.25339
4.3759 -5.5546 -2.5112 -3.2387 -1.0735 -1.4513 0.33099 1.1678 -0.60088 -1.0996 -0.38639 0.42242 -0.30905
2.6203 -4.4414 -1.9349 -2.4347 -1.2629 -1.4645 0.20275 0.40876 0.41473 -0.48893 0.34326 0.35707 -0.43939
-0.77959 -3.1144 0.35062 -0.64612 -1.6585 -1.0598 0.62358 0.021971 -0.09113 -0.48835 0.40721 -0.81228 0.73132
-2.177 -3.2941 -0.14095 -0.73151 -0.24861 -0.43461 0.0926 -0.036494 -0.49886 -0.15416 0.27686 -0.4809 -0.19806
-1.8287 -3.2294 -0.099625 -1.0058 -0.74369 -0.64829 0.50927 0.17975 -0.84976 -0.47657 0.48929 -0.57751 0.43174
-2.3 -3.1106 -0.0097499 -0.77809 -0.42852 -0.45346 0.39614 0.15944 -0.6406 -0.21761 0.54525 -0.41363 0.14109
-1.8064 -3.8907 -0.84 -1.2672 -0.218 -0.76595 -0.63032 0.058143 -0.070624 -0.070096 -0.49962 -0.024011 0.61553
1.5189 -4.4697 -1.5441 -1.7628 -0.68242 -1.0272 -0.060895 0.40882 0.74617 0.1607 -0.47695 -0.672 -0.3565
2.766 -4.7387 -2.822 -2.8566 -1.1924 -1.3411 -0.51508 0.21437 0.27502 -0.57931 -0.50149 0.38662 -0.1263
3.8442 -5.4675 -3.5595 -3.0708 -0.95152 -0.098157 -0.10326 0.28888 -0.092958 -0.77604 -0.9413 0.40089 -0.35568
4.3063 -6.1078 -4.4998 -2.1828 -0.39874 0.63462 -0.36084 -0.13957 -0.05556 -0.60923 0.091955 0.80257 -0.51938
4.722 -6.1713 -4.9175 -1.8971 -0.42904 1.0967 0.11564 -0.60745 0.068696 -0.56138 0.14037 0.95248 -0.53349
4.4049 -6.6302 -5.0423 -1.5967 -0.52499 0.83528 -0.36585 -0.68488 0.30435 -0.47808 0.069823 0.88434 -0.72927
4.2838 -6.3606 -4.7207 -1.3918 -0.3247 0.6789 -0.46924 -0.40853 0.11707 -0.31224 0.021134 0.74565 -1.009
4.3221 -6.4459 -4.6292 -0.95481 0.046786 0.57224 -0.59881 -0.57533 0.018359 -0.14588 0.29861 0.56225 -1.0777
4.6437 -6.3521 -5.3242 -1.0596 -0.43964 0.4095 -0.58219 -0.49276 0.10961 -0.37568 0.27064 0.53529 -0.9209
5.0037 -6.4293 -4.9569 -1.2936 -0.030724 0.77105 -0.75177 -0.5448 -0.38477 -0.64574 0.10161 0.48921 -1.1772
5.2413 -6.0033 -4.8185 -1.7994 -0.049435 0.64397 -0.69608 -0.28629 -0.73073 -0.33709 0.42019 0.7915 -1.1436
5.1436 -5.7897 -4.636 -2.4598 -0.15123 0.42788 -0.46799 -0.70128 -0.93172 -0.57769 0.1129 0.66523 -1.2497
5.082 -5.7607 -4.5268 -2.5133 -0.027707 0.49133 -0.55577 -0.29044 -0.64671 -0.71824 0.21566 0.42986 -1.3255
5.1046 -6.0768 -4.4709 -2.6661 -0.15949 0.32533 -0.83667 0.02329 -0.57482 -0.74607 -0.10226 0.36121 -0.7922
5.0162 -6.2704 -4.2605 -2.1914 -0.033562 0.45356 -0.85544 0.14246 -0.30213 -0.71999 0.019058 0.16581 -0.85615
4.9083 -6.2221 -4.2322 -2.2622 -0.11084 0.5246 -1.1854 0.24884 -0.42055 -0.46975 -0.22752 0.44049 -0.71259
4.7304 -6.0689 -4.2318 -2.271 -0.034725 0.16683 -1.3405 -0.16833 -0.4686 -0.90902 -0.19345 0.12962 -0.80959
4.5347 -5.8816 -3.9652 -2.0715 0.039472 0.10934 -1.2563 0.24675 -0.3726 -0.43294 -0.22928 0.48416 -0.48958
4.2462 -5.527 -3.8384 -2.2745 -0.040597 0.18641 -1.2773 0.21213 -0.61829 -0.47153 0.14778 0.31104 -0.32464
3.5728 -5.4385 -3.7072 -2.4767 -0.36916 -0.33642 -1.4934 -0.37776 -0.78638 -0.6406 0.38886 0.26775 -0.44274
3.013 -5.0992 -2.8647 -2.7156 -0.19398 -0.5304 -0.91618 -0.29859 -0.58075 -0.35699 0.70822 0.31708 -0.36143
2.0226 -4.8072 -1.5974 -1.396 -0.73706 -0.46352 -0.60678 0.16266 -0.38915 -0.66632 0.14747 0.086966 -0.23511
-0.030877 -3.8783 -0.66395 -1.2395 -0.75801 -0.89841 -0.52018 -0.65878 -0.77612 -0.58319 -0.19912 -0.62428 -0.0021469
