1.5384 -1.2762 1.397 -0.18379 -0.6929 -1.4453 -0.84833 -1.0052 0.89206 -0.40396 -0.34041 -0.11386 -0.083919
3.0943 -0.96667 0.7097 -1.4941 -0.67767 -1.6148 -1.015 -0.14357 0.65671 0.10692 -0.13986 -0.41969 0.084059
3.3812 -1.4162 0.36959 -2.0989 -0.72178 -1.1751 -1.1504 0.26987 0.53143 -0.54322 -0.515 -0.21658 -0.09552
3.8427 -1.6004 -0.42663 -2.1519 -1.2059 -0.93681 -1.0145 0.14393 0.4806 -0.3419 -0.82137 -0.59849 -0.14006
4.1278 -1.2978 -0.43377 -2.2549 -0.96202 -1.0236 -1.0659 0.12709 0.55136 0.034783 -0.82483 -0.82314 0.19068
3.7561 -1.1159 -0.51315 -1.6887 -0.8237 -1.2154 -1.3661 -0.76423 1.0597 0.019897 -0.48838 -0.69964 0.017362
2.0809 -1.3026 0.63609 -0.99858 -0.74599 -0.75898 -1.3032 -1.2182 0.92449 -0.048119 -0.25844 -0.5472 0.046816
1.0882 -1.6589 1.7072 0.45576 0.1314 -0.62089 -1.0104 -1.659 0.73635 -0.27708 -0.29765 -0.035877 -0.71303
1.2114 -1.8598 1.6338 0.44594 -0.38219 -0.65915 -0.74812 -1.7523 0.72856 -0.17889 -0.38663 -0.27428 -0.39826
1.7485 -1.545 1.5052 -0.46904 -0.74907 -0.86085 -0.31273 -1.6131 0.18938 -0.29097 0.080191 -0.56835 -0.35617
2.734 -0.91705 1.2332 -0.94325 -0.74527 -1.2072 -1.3499 -2.0797 0.69126 0.16331 0.032245 -0.76257 0.3646
4.1541 -0.50122 -0.64408 -2.4387 -1.4726 -1.201 -1.0749 -0.93221 1.1556 0.084929 -0.22195 -1.4201 0.51382
4.5591 -0.72332 -1.2695 -3.3564 -1.1667 -0.82472 -0.27684 -0.16538 0.49612 -0.27074 -0.71524 -1.3843 0.36413
4.9629 -1.4878 -2.3051 -3.6701 -1.1995 -0.42539 0.24473 -0.54902 -0.36935 -0.12111 -1.3001 -1.1731 0.35043
5.0303 -1.1244 -2.4193 -3.7477 -1.4573 0.21311 0.1825 -0.7431 -0.14945 -0.46806 -0.88681 -0.95091 0.51162
5.3097 -1.3313 -2.157 -3.7766 -1.9106 0.69269 0.57553 -0.8555 -0.20047 -0.48402 -0.98912 -0.74773 0.41417
5.3093 -1.513 -2.1558 -3.9481 -1.9093 0.80321 0.46478 -0.97081 -0.41161 -0.41421 -1.1718 -0.59486 0.37629
5.0486 -1.4343 -2.0983 -4.4832 -1.7675 0.34777 0.28034 -1.2075 -0.94649 -0.39003 -1.2878 -1.0737 0.21078
5.0925 -1.1524 -2.1806 -3.9492 -1.7649 0.43535 0.66444 -1.1758 -0.63708 -0.24704 -1.152 -0.85982 0.12468
4.9073 -0.94003 -1.7687 -3.8379 -1.3884 0.51038 0.8491 -1.0087 -0.80722 0.13175 -0.92879 -0.93176 0.29497
4.5586 -0.82762 -1.8578 -3.9047 -0.87632 0.23866 0.9225 -1.1382 -0.65326 -0.30096 -0.99513 -0.70181 -0.25745
4.1875 -1.1008 -1.9176 -3.4657 -0.93412 0.090999 0.44084 -0.94484 -0.45695 -0.56353 -0.44334 -1.0158 -0.24447
3.9816 -1.1206 -1.6851 -3.5551 -0.65532 0.02154 0.29305 -0.89864 -0.82813 -0.33512 -0.48613 -1.0215 -0.36996
3.672 -1.0184 -1.1856 -4.1288 -0.47657 -0.24982 -0.12114 -0.73749 -0.67491 -0.32977 -0.50952 -0.90353 -0.44705
3.339 -1.5717 -0.92196 -3.6054 -0.92394 -0.13881 -0.17521 -0.96013 -0.5709 -0.33667 -0.85782 -1.0173 -0.12547
3.0768 -1.6855 -0.88705 -3.6229 -0.51322 -0.28659 -0.30158 -0.81265 -0.33536 -0.30696 -0.94472 -1.0341 -0.2645
2.425 -2.031 -0.45989 -3.014 -0.5856 -0.19687 -0.037125 -1.2759 0.0096076 -0.52678 -1.0439 -0.76562 -0.0015378
1.654 -2.3483 -0.25955 -2.0832 -0.56805 -0.47531 0.069141 -1.1546 0.021705 -0.66271 -1.1189 -0.81644 -0.051309
0.69399 -2.8834 -0.019379 -0.82779 0.35799 -0.17404 -0.38154 -0.58433 -0.078254 -0.52934 -1.1721 -0.59134 -0.49513
