3.1946 -2.9674 -0.43955 -1.6501 -2.7933 -2.2917 0.072598 0.062621 -0.67536 -0.28351 -0.3364 -0.47529 0.15057
3.5236 -3.7899 -0.81432 -1.7474 -2.6342 -1.3304 0.081937 0.39793 -0.57531 -0.40804 -0.42269 -0.91569 -0.051501
4.1625 -4.6878 -1.3382 -2.3507 -2.6432 -1.5168 0.1518 0.48488 -0.89804 -0.50794 -0.69617 -1.2955 -0.31066
4.4899 -5.0654 -1.9178 -2.5099 -2.5527 -1.4694 0.24573 0.57175 -0.87239 -0.79266 -0.79683 -1.2698 -0.71626
4.5754 -4.9912 -2.5583 -2.2765 -2.6848 -1.1163 0.33963 0.73976 -0.89347 -0.84652 -0.73509 -1.3475 -0.72163
4.5254 -4.817 -2.4446 -2.2516 -2.4331 -0.93437 0.14807 0.77784 -0.88348 -0.78018 -0.39155 -1.1366 -0.46878
4.3171 -4.8529 -2.5309 -2.5564 -2.1908 -1.0614 0.22215 0.90968 -0.70104 -0.78756 -0.33383 -1.1364 -0.57115
3.8473 -4.0903 -2.1366 -2.4238 -2.0498 -1.3515 -0.073505 1.0617 -0.33802 -1.1262 -0.088938 -0.94022 -0.65788
2.3658 -2.8416 -0.86009 -2.0058 -1.7768 -1.8792 -0.45701 0.53762 0.17887 -1.1639 0.21143 -0.64555 -0.2057
0.56244 -2.5624 0.60464 -1.2492 -1.1692 -2.161 -0.27549 0.26818 -0.1701 -0.82117 0.014807 -0.47773 0.75473
-0.76141 -2.8285 0.5229 -0.33875 -0.68393 -0.85657 -0.077211 -0.38385 -0.16775 -0.50793 -0.19668 -0.88842 0.092265
-1.2828 -2.6922 1.0511 0.10937 -1.2952 -0.76731 0.49807 -0.26941 0.55297 -0.63764 -0.48098 -1.0048 0.53282
-1.8309 -2.6437 0.87146 0.17314 -0.8459 -0.52728 0.047364 -0.72985 0.25366 -0.45932 -0.36389 -0.74788 0.2171
-0.33327 -2.5527 0.51058 -0.8816 -0.97675 -1.2425 -0.30871 -0.37712 0.34524 -0.49977 -0.42665 -0.80039 -0.2638
2.068 -3.0413 -1.4016 -2.7966 -1.5591 -1.7315 -0.51976 0.046406 0.15909 -1.4093 -0.039983 -0.7846 -0.53038
3.4796 -3.4242 -2.4893 -2.8424 -1.2621 -0.83772 0.33789 0.73331 -0.26748 -1.3572 -0.40288 -0.22084 -0.6134
3.9831 -4.1038 -3.7657 -3.0213 -1.0091 -0.44457 -0.045022 0.20387 -0.99989 -1.4433 -0.067045 0.10694 -0.64559
4.5237 -4.4142 -4.0951 -2.8083 -0.49914 0.00080812 -0.57098 -0.13619 -1.2283 -0.81889 0.22604 0.25044 -1.122
4.3352 -5.1208 -4.145 -2.3339 -0.1269 -0.16128 -1.0588 -0.2658 -1.1412 -0.21213 0.18558 -0.14391 -0.82252
4.3691 -4.6724 -3.9934 -2.368 0.30824 -0.041447 -1.345 -0.1561 -0.81037 -0.050509 0.33774 -0.50633 -0.81434
4.1698 -3.9634 -3.8035 -2.3414 0.64702 0.18681 -1.1546 -0.36932 -0.6347 -0.14095 0.32494 -0.14694 -0.73127
3.7478 -4.2376 -3.5869 -2.2375 0.71088 0.29338 -1.5662 -0.23968 -0.64968 -0.16439 0.040126 0.060833 -0.81072
3.5438 -4.1111 -3.5207 -2.5888 0.97955 0.043461 -1.7982 0.11087 -0.57576 -0.37312 -0.12392 -0.1581 -0.92812
3.6306 -4.0156 -3.8403 -2.7475 0.9142 -0.051708 -1.7447 -0.031858 -0.34201 -0.51342 -0.13088 -0.085223 -0.89755
3.7341 -3.4108 -3.8759 -2.2429 1.0145 0.16258 -2.0375 0.29208 -0.13255 -0.36625 -0.0015813 0.090396 -0.8924
3.8747 -4.2163 -3.9177 -2.4955 1.0912 -0.021832 -2.0764 0.012744 -0.43023 -0.32666 0.052698 -0.21329 -0.86898
4.009 -4.6109 -4.073 -2.5108 0.79913 -0.020829 -2.0499 -0.17546 -0.67752 -0.12276 -0.033281 -0.41112 -0.93029
4.1674 -4.1324 -4.1435 -2.4403 0.72417 0.11149 -1.6522 -0.32664 -0.40804 0.34631 -0.060872 -0.13859 -0.70982
4.0633 -3.9818 -3.9717 -2.4851 0.46887 0.16474 -1.754 -0.39563 -0.43487 0.21973 -0.31257 -0.28138 -1.0285
3.591 -3.2696 -3.469 -2.76 0.34211 0.24928 -1.5875 -0.43347 -0.37598 0.44658 -0.22179 -0.17839 -0.80484
2.9209 -3.5606 -2.9884 -2.97 0.10508 0.12209 -1.3318 -0.67703 0.25518 0.42583 -0.092346 0.026149 -0.71779
2.1288 -3.8094 -2.2659 -2.6101 0.058461 0.12642 -1.048 -0.66408 0.20428 0.62318 -0.023379 -0.76465 -0.34905
1.4696 -3.7233 -1.5337 -2.5682 -0.095776 -0.75432 -1.1835 -0.68875 -0.2774 0.42282 0.29335 -0.71172 -0.44266
0.96711 -3.6049 -1.324 -2.1545 -0.56337 -1.1658 -0.91419 -0.95595 -0.1581 -0.1641 -0.60742 -0.2718 -0.073914
0.11688 -3.1374 -0.15362 -1.1548 -0.68662 -1.1327 -0.64478 -1.0512 0.20985 -0.0572 -0.22123 -0.64313 -0.015185
