-3.5031 -3.7162 1.1421 -0.32452 -0.03712 -0.1695 -0.20123 -0.67158 -0.53947 0.11227 1.1238 0.33885 -0.5138
-3.2429 -3.8378 1.0084 -0.058865 0.56446 0.090745 -0.14118 -0.418 -0.24364 -0.75161 -0.17255 -0.28663 -0.21886
-2.7904 -3.6196 1.2692 -0.035737 0.12688 -0.31997 0.0013074 -0.66812 -0.5715 0.20632 0.83433 0.31718 -0.30296
-2.8943 -4.7826 1.2762 -0.19458 0.28984 -0.16777 -0.40638 -0.68646 -0.32483 0.25269 0.80268 0.66081 -0.073217
-2.5958 -3.6913 1.1989 -0.15787 0.67246 0.33024 0.22774 0.34992 0.45526 0.19897 -0.14686 0.18762 0.16829
1.6713 -0.75629 0.099777 -1.2449 -1.5878 -2.1858 -0.25736 -0.68755 0.2862 -0.69962 0.22982 -0.67474 0.61515
3.532 -2.0552 -1.4525 -1.6058 -1.737 -1.9445 0.7563 -0.40346 0.013198 -1.2585 0.83957 -0.61855 0.16706
4.8066 -4.5325 -2.9864 -1.7686 -1.9802 -1.0426 0.77708 -0.45628 -0.32221 -1.7309 0.52062 -0.89176 0.0062137
5.4789 -5.1426 -3.4952 -2.0638 -1.7587 -0.87908 0.55162 -0.64003 -0.69998 -1.8688 0.48436 -0.86229 0.093679
5.5206 -5.0532 -3.9789 -2.206 -1.3778 -1.089 0.50422 -0.57957 -0.92773 -1.7567 0.54966 -0.94363 -0.066295
5.4251 -4.8419 -3.8784 -2.1458 -1.1531 -1.2376 0.33087 -0.73167 -0.98428 -1.8258 0.10847 -0.65722 -0.46045
5.5331 -4.8749 -3.8979 -2.5109 -1.2077 -1.4344 0.43193 -0.6511 -0.78861 -2.1323 -0.048432 -0.53954 -0.49796
5.4521 -4.6543 -3.9314 -2.772 -1.6215 -1.9207 0.2724 -0.15982 -0.57162 -2.2112 -0.4246 -0.11966 -0.36968
3.809 -3.1411 -2.7531 -2.5195 -1.3431 -1.8435 -0.39013 -0.13699 0.086959 -1.5586 -0.28308 0.13127 -0.51441
1.2125 -3.1846 -1.0805 -1.1904 -0.5216 -1.5143 -0.61836 -0.10558 0.12138 -1.0359 -0.33074 0.045349 -0.62137
0.79279 -2.9953 -0.061674 -1.4329 -0.65323 -1.0959 0.094061 -0.058945 -0.4695 -1.1971 -0.48088 -0.45848 0.00020648
0.51969 -2.7257 0.3113 -0.96563 -1.0025 -1.1524 0.30255 -0.20924 -0.45504 -1.4926 -0.25285 -0.32163 0.016406
-0.064719 -3.0212 0.12696 -0.76899 -0.38403 -0.53706 -0.087027 -0.99616 -0.86126 -1.2663 -0.32126 -0.19623 -0.10497
0.23745 -3.2379 0.093028 -0.86426 -1.0154 -1.3578 -0.54634 -0.79363 -0.11379 -0.99193 -0.58286 -0.40282 0.073718
1.83 -2.6882 -1.9623 -1.7834 -0.91379 -2.0006 -0.76148 -0.88641 0.3578 -0.64858 -0.55543 -0.5511 -0.33148
3.6173 -2.9483 -3.4091 -2.643 -0.98406 -1.8643 0.087583 -0.50055 0.19511 -1.2718 -0.88298 -0.33438 -0.28362
4.7595 -3.1707 -4.4969 -3.0372 -0.53656 -0.94822 0.31065 -0.68278 -1.0748 -1.3663 -0.84098 0.6579 -0.69429
5.2671 -3.3309 -5.1649 -2.6107 0.38748 -0.77076 0.39861 -1.2347 -0.92261 -1.009 -0.48511 0.68757 -0.73863
5.1105 -3.2631 -4.7941 -2.3476 1.0478 -0.81741 0.043868 -1.102 -0.57346 -0.7646 -0.6194 0.35069 -0.84619
5.2691 -3.7901 -5.127 -2.9951 1.007 -1.0595 -0.31564 -1.1616 -0.69116 -0.37075 -0.22353 0.44165 -0.81203
5.5205 -4.202 -5.2846 -2.9244 1.148 -0.86109 -0.22323 -1.3121 -0.25715 -0.47849 -0.2568 0.25108 -0.67522
5.8603 -4.0603 -5.0316 -2.5627 1.3734 -0.78859 -0.23282 -1.4215 -0.13288 -0.33667 -0.37278 0.54125 -0.84908
6.0402 -5.4095 -5.9913 -3.329 1.135 -1.1944 -0.39579 -1.4729 -0.028227 -0.17824 -0.012993 0.93774 -0.52826
5.957 -4.0055 -4.9836 -2.6058 1.143 -0.59008 -0.84498 -1.4047 -0.28267 -0.65504 -0.48077 0.2652 -1.1301
5.8915 -4.5882 -4.9904 -3.2406 1.2596 -0.50326 -0.79599 -1.3293 0.043258 -0.74418 -0.45532 0.62898 -0.83208
5.6224 -4.4216 -4.6179 -3.6971 1.3935 -0.39222 -0.8858 -1.0087 0.1634 -0.6887 -0.11051 0.77994 -0.59
5.4964 -4.3461 -4.6532 -3.4389 1.2993 -0.44369 -0.87559 -1.2653 -0.076631 -1.1415 -0.18697 0.56459 -0.74972
5.4635 -4.3878 -4.9296 -3.5554 1.1201 -0.8148 -0.88776 -1.3465 0.30737 -0.77362 0.55585 1.0006 -0.31737
5.4021 -4.116 -5.1155 -3.5998 0.89076 -0.7319 -0.70884 -1.0836 0.10823 -1.065 0.24281 0.7351 -0.26667
5.1422 -3.8039 -4.4975 -3.8107 1.0921 -0.89906 -0.85298 -1.1716 -0.35191 -1.5945 0.18476 0.46827 -0.40678
5.021 -4.4014 -4.7776 -4.026 1.332 -1.0437 -0.99977 -1.2015 -0.53471 -1.3103 0.60617 0.65406 0.18401
4.599 -3.5809 -3.9904 -3.9898 1.4353 -0.97371 -0.9164 -0.77391 -0.35948 -1.1636 0.75155 0.50502 0.37706
4.1616 -3.5648 -3.9254 -3.9648 0.81763 -1.0637 -1.2494 -1.0205 -0.67047 -1.2515 0.59053 0.36166 0.69199
3.4002 -3.5289 -2.843 -3.2888 0.78716 -0.38391 -1.6066 -0.64661 -0.47372 -1.3043 0.51111 0.97122 0.57948
2.3214 -3.7721 -2.7715 -3.0573 -0.2629 -0.71243 -1.5401 -1.1058 -0.90448 -0.51232 0.28112 0.24127 0.86615
1.5223 -3.8336 -1.5952 -2.1503 -0.49726 -0.48017 -1.1466 -1.1676 -0.42508 -0.50277 0.58907 0.83371 0.76979
0.8498 -3.6944 -0.57502 -1.316 -0.12296 -0.78666 -1.0473 -1.3649 -0.61449 -0.46656 0.31091 0.89278 0.78819
