-2.8392 -6.5332 1.8108 0.018656 0.95104 -0.00069678 0.43037 0.46804 0.87464 0.49316 0.2534 0.25896 0.34071
-1.1907 -8.2568 0.72241 -1.1634 0.49736 0.55264 1.1552 0.36351 0.17522 0.8072 0.91704 0.51738 0.24141
-0.24967 -2.3919 1.5488 -0.65515 -1.0899 -1.7927 -0.85424 -1.1013 -0.66985 -0.8818 -0.093845 -0.025767 0.041353
3.748 -2.115 -1.0161 -2.1523 -1.3318 -2.4814 -1.6496 -0.17588 -0.0043331 -1.635 0.46584 -0.24347 -1.5069
5.071 -2.3919 -2.3159 -2.7924 -1.9989 -2.1536 -0.24454 0.025866 -0.18048 -1.5218 -0.14681 -0.59414 -1.3374
4.9807 -2.9546 -2.5103 -2.4843 -2.3139 -1.2691 -0.40682 0.30382 -0.83583 -1.4902 -0.11941 0.036585 -1.345
5.2414 -3.313 -2.9939 -2.4944 -2.5147 -1.1373 -0.74368 0.13616 -1.0877 -1.573 -0.42351 0.45369 -1.196
5.368 -2.6684 -3.2617 -2.2871 -2.5882 -0.77543 -0.82716 0.090212 -0.93036 -1.3994 -0.74556 0.45595 -0.94524
5.3199 -2.7835 -4.2707 -2.7641 -2.8706 -1.1487 -1.7796 -0.40386 -0.66248 -1.242 -1.134 0.38643 -0.57103
4.1226 -0.91745 -2.794 -2.5652 -1.7935 -1.3092 -1.801 -0.85595 0.44691 -0.81531 -0.84793 -0.090274 -0.47397
1.3273 -1.0771 0.47014 -0.82664 -0.67214 -1.3409 -0.89842 -2.0532 -0.35801 -1.3617 -0.98113 -0.55108 -0.057599
1.2491 -1.1626 0.42696 -0.77785 -0.90256 -1.5027 -0.80516 -2.0886 -0.052545 -1.334 -0.93414 -1.0198 -0.95134
1.128 -1.76 1.272 -0.17147 -0.16933 -0.69866 -1.2246 -2.4488 -0.31085 -1.1361 -1.0593 -0.40546 -0.37186
0.95366 -1.4587 1.1271 -0.29931 -0.86543 -1.054 -0.57165 -1.6174 -0.10821 -1.5365 -1.0938 -0.51373 -0.529
0.91201 -2.0235 1.0717 0.11574 -0.16367 -0.79585 -0.89673 -1.9532 -0.15941 -1.7616 -1.547 -1.2515 -0.6912
0.96839 -1.4424 1.1119 -0.69362 -0.64945 -0.87161 -1.0261 -1.673 -0.31377 -1.5009 -1.3827 -0.77504 -0.23747
3.9313 -1.7322 -3.0743 -2.7323 -1.3879 -0.057921 -1.0332 -0.52423 0.62847 -0.91653 -0.64317 -0.29238 0.34636
5.5721 -2.7793 -5.253 -2.8987 -1.8497 0.30246 -1.6562 -0.86265 -0.54541 -1.5314 -0.71114 -0.10917 0.11146
6.5878 -1.6727 -4.4918 -2.3312 -1.3118 0.81892 -0.34053 -0.66882 -0.39564 -1.8555 0.038373 0.13332 0.13035
6.7373 -3.9491 -5.3207 -2.8953 -1.5215 0.34719 -1.2321 -0.72109 -1.0555 -2.1681 -0.46076 0.0032945 0.16517
6.5024 -2.8664 -5.059 -1.7489 -0.92669 1.3223 -1.6242 0.058869 -0.67344 -1.5597 -0.089361 0.30886 0.16833
6.4194 -2.9612 -5.0278 -1.7142 -0.57974 1.3094 -1.7914 0.013947 -0.65593 -1.4158 0.10466 0.45018 0.12543
6.3968 -4.5653 -6.0123 -2.5112 -1.0824 0.77409 -2.1993 -0.48073 -1.0832 -1.5379 0.075194 0.42802 0.35631
6.4523 -4.3124 -5.7187 -2.3181 -0.78932 0.77302 -2.3188 -0.45033 -1.1921 -1.3755 0.16642 0.2183 0.078046
6.5251 -4.5112 -5.6631 -2.4431 -0.89602 0.87849 -2.2944 -0.29494 -1.3332 -1.0506 0.38987 0.44487 0.31802
6.5515 -4.1165 -5.1647 -2.3948 -0.61449 0.76864 -2.0608 -0.36152 -1.2913 -1.1934 0.255 0.49306 0.24572
6.5508 -3.1456 -4.4595 -2.0932 -0.47025 0.93745 -1.7536 -0.16348 -1.2692 -1.1689 0.084502 0.48325 0.063355
6.5053 -3.3155 -4.4592 -2.339 -0.64103 0.74866 -1.4186 -0.18719 -1.1382 -1.0369 0.077407 0.94503 0.38521
6.4267 -2.9992 -3.7232 -2.4256 -1.1059 0.77296 -0.99416 -0.29217 -0.82494 -1.2715 -0.12955 1.2379 0.7691
6.3368 -3.1783 -3.4934 -3.4309 -1.4543 1.1539 -1.4113 -0.60714 -0.9576 -1.2271 -0.55509 1.2158 0.8641
5.9215 -3.4045 -4.1079 -3.6212 -1.1613 0.9183 -1.6252 -0.41355 -0.98724 -0.93922 -0.25448 1.1599 0.71172
5.3712 -3.1534 -4.0769 -3.0715 -1.2736 1.0157 -1.6001 -0.081878 -0.66377 -0.93407 -0.037756 1.0348 0.59336
4.6972 -2.5554 -3.3478 -2.9847 -0.59371 1.0915 -1.6164 -0.10899 -0.65146 -0.95556 0.065894 0.55068 0.44725
3.7192 -1.7912 -2.5946 -3.4008 -0.4849 0.59712 -1.3902 -0.062221 -0.87844 -1.3077 0.075551 0.68837 0.51407
2.6927 -2.4868 -2.4916 -3.2303 0.38273 0.95599 -1.1118 0.20256 -0.42738 -1.3508 -0.50156 0.47755 1.4263
0.26 -3.0567 -1.436 -2.7092 0.31184 0.62809 -0.19363 -0.16699 -1.1511 -1.3795 -0.07026 0.4372 1.2237
0.010815 -2.4889 -0.88912 -2.6677 0.4756 0.28608 -0.49736 -0.88266 -0.95082 -0.86839 0.11396 0.80034 1.1299
