-0.36987 -3.631 -1.0568 -2.6224 -0.20978 -0.29071 0.55077 0.20095 -0.091224 -0.32298 -0.15994 0.46617 1.4576
0.074491 -6.323 1.6693 -1.1621 1.3989 -0.039948 0.40391 0.44429 0.09658 0.3288 0.29276 -0.12277 0.24998
-0.27535 -8.8529 0.77786 -0.84346 0.97356 0.79678 0.8524 -0.26791 0.30058 0.77297 0.62057 0.40231 -0.039147
-0.60759 -8.9677 0.7929 -0.67688 1.0568 0.63136 0.97644 -0.16511 0.55021 0.29472 0.37824 0.66069 0.2455
-0.30533 -7.8342 1.5064 -0.35072 1.4734 0.033858 0.26773 0.29678 -0.81745 -0.23273 0.74859 0.71477 1.0259
0.40598 -10.125 -0.10148 -1.344 1.1424 0.74674 0.74841 0.2312 0.60328 0.57002 0.090779 0.31986 0.59145
0.1851 -9.0708 0.1729 -1.4111 1.0065 0.30158 0.71295 0.50315 0.092598 0.62542 0.60038 0.2122 0.65594
-0.58911 -5.4347 1.2136 -0.040455 0.28173 -1.1931 0.50794 0.23876 -0.55554 -0.36905 0.74252 0.44071 -0.18789
2.9921 -1.7371 -0.34094 -1.9897 -1.1522 -2.9424 -0.95548 -0.59628 0.085462 -0.81268 0.15017 0.3233 -0.81215
4.9159 -3.4291 -1.2657 -2.6722 -1.7107 -2.7098 -1.0351 -0.20522 0.092919 -0.96739 -0.07851 0.2096 -1.1628
5.3583 -3.7314 -2.1748 -2.9918 -2.0479 -1.8529 -0.73409 0.23768 -0.57801 -1.3642 -0.68566 -0.30012 -1.45
5.3875 -4.7873 -2.6027 -3.3065 -2.417 -1.9401 -1.1619 -0.18774 -1.1414 -1.5472 -0.87638 -0.29645 -1.3987
5.4727 -4.2442 -1.9231 -2.5058 -1.5144 -0.95197 -0.66516 0.2885 -0.57593 -1.0762 -0.76036 0.31502 -0.98456
5.4903 -4.3861 -2.8248 -2.8652 -1.9259 -0.95307 -1.4428 0.085568 -0.72391 -1.1761 -1.2316 0.16066 -1.1824
5.1896 -3.6023 -2.9635 -3.13 -2.078 -1.0433 -1.9386 -0.29049 -0.29527 -0.90556 -1.1271 -0.20504 -0.95499
4.108 -2.6858 -2.2512 -2.8574 -2.0193 -1.4529 -2.1588 -0.65143 0.048885 -0.32354 -0.89328 -0.68466 -0.29686
1.3237 -1.8197 -0.02418 -1.0925 -0.5096 -1.0759 -1.4328 -1.2206 0.44136 -0.83327 -1.2055 -0.47408 0.13612
1.4768 -1.6958 0.67438 -0.92124 -0.35215 -1.0011 -1.0586 -1.8616 -0.075295 -1.5669 -0.84009 -0.40607 -0.42734
1.1315 -2.4865 0.38635 -0.73785 -0.58732 -0.83679 -0.94033 -1.7987 -0.73406 -1.8957 -1.4834 -0.66674 -0.15687
0.95879 -2.6074 0.79245 -0.1392 -0.26148 -0.78379 -0.93429 -1.8555 -0.2822 -1.6846 -1.433 -0.67874 -0.23939
1.0146 -2.4373 0.97808 -0.37841 -0.89166 -1.0622 -0.63076 -2.2259 -0.46501 -1.6287 -1.0966 -0.56676 -0.36101
2.3696 -1.8969 -1.7396 -3.0126 -0.92579 -0.53276 -1.254 -1.2585 -0.4916 -0.96268 -1.3892 -0.83749 0.29092
4.8888 -2.1152 -3.3594 -3.4261 -1.5231 -0.24166 -1.436 -0.39578 -0.017896 -0.57159 -1.1369 -0.33633 0.088467
5.2029 -2.2317 -3.2801 -2.9468 -0.895 0.29336 -1.3064 -0.53938 -0.34123 -0.76412 -0.70888 0.14118 -0.1587
5.6772 -2.8498 -3.7472 -3.4575 -1.311 0.51715 -1.0825 -0.63201 -1.1246 -1.0812 -1.0454 0.13305 -0.043743
6.2013 -2.1742 -3.274 -3.1012 -1.2766 0.75987 -0.69993 -0.23135 -1.0634 -1.2329 -0.79887 0.27346 0.07259
6.4688 -3.6197 -4.1515 -3.2245 -1.4394 0.56937 -0.99905 -0.11672 -1.3603 -1.3693 -0.84497 0.52847 0.047175
6.4818 -3.2753 -3.74 -2.392 -0.77599 1.0044 -1.0392 0.18507 -0.92038 -1.1356 -0.63535 0.55003 -0.13496
6.4454 -4.6016 -4.6593 -3.189 -1.0531 0.73356 -1.6462 -0.10704 -1.217 -1.4956 -0.84416 0.43849 -0.24528
6.4127 -4.1056 -4.1611 -2.8298 -0.75959 0.62164 -1.6211 -0.16963 -1.1791 -1.3988 -0.63232 0.29817 -0.37129
6.3744 -4.6845 -4.661 -3.211 -0.89997 0.71177 -1.7544 -0.17045 -1.2581 -1.3695 -0.55526 0.48001 -0.11669
6.4121 -4.6099 -4.4014 -2.9926 -0.73324 0.8345 -1.6169 -0.16278 -1.1692 -1.1262 -0.345 0.6437 -0.085481
6.4206 -4.8813 -5.0389 -3.308 -1.1478 0.62664 -1.9278 -0.33604 -1.2431 -1.0711 -0.37839 0.74988 0.13077
6.3653 -4.9431 -4.4992 -3.4561 -0.99139 0.70035 -1.6168 -0.42873 -1.07 -1.0739 -0.38225 0.74318 0.24171
6.2615 -4.7017 -4.2413 -3.585 -1.1172 0.80496 -1.6014 -0.3341 -1.1015 -0.89343 -0.48824 0.98483 0.56071
6.1513 -4.4517 -3.6475 -3.5835 -0.97324 0.83992 -1.434 -0.26605 -0.92619 -0.65539 -0.24608 1.1157 0.7933
5.9966 -3.827 -2.6696 -3.5462 -0.9517 1.3399 -1.4307 -0.43813 -0.71342 -0.67345 -0.603 0.85815 0.77434
5.7495 -4.2564 -3.4799 -4.0265 -1.0499 0.81336 -2.0293 -0.38424 -1.0455 -1.1984 -0.54933 0.67349 0.10117
5.199 -3.6379 -3.7761 -4.4809 -0.92536 0.69207 -1.5727 -0.35256 -0.95765 -0.96333 -0.3294 0.8312 0.34452
4.1183 -2.9678 -2.8983 -3.7949 -0.58909 1.1155 -1.0324 0.14827 -0.79834 -0.6138 -0.27796 0.50379 0.33503
2.6348 -2.5544 -2.1756 -3.8951 -0.27485 0.57979 -1.1712 0.18914 -0.24877 -1.125 -0.22754 0.09558 0.5176
2.2388 -3.1566 -2.3343 -3.8563 -0.65269 -0.13754 -0.34326 0.79214 0.50128 -0.6872 -0.89031 0.10167 0.89085
-0.32825 -4.6261 -2.1031 -2.71 0.25492 0.38068 0.664 0.38605 -0.62757 -0.18531 -0.051824 0.75334 1.3043
-0.14788 -5.0452 -2.6271 -2.501 0.40509 0.031458 -0.96159 0.7931 -0.011974 0.59895 -0.28457 0.73224 1.0739
-2.5074 -3.7383 -0.77638 -1.8022 -0.70011 -0.36803 0.45413 -0.30248 -0.49788 0.11382 0.79496 0.36079 0.90017
-2.5573 -3.7083 -0.72965 -1.3973 0.1694 -0.47161 -0.10302 0.323 -0.50528 0.59369 1.4243 1.1354 0.99124
-1.9482 -3.2889 -0.49837 -1.6209 -0.37463 -0.42435 0.61931 0.050447 -1.0154 -0.28178 1.1602 0.36997 1.0181
0.21521 -2.4292 -1.596 -2.0193 -0.47414 -0.63763 -0.69927 -0.33171 0.077288 -1.1023 -0.11517 0.179 0.30401
-0.47136 -2.8418 -0.42006 -1.2888 0.20228 -0.23373 -0.10619 0.62886 -0.20535 -0.37967 -0.44907 -0.53209 0.49667
