-2.5037 -3.3648 1.5004 -0.0035456 -0.62013 -0.70927 -0.23945 -0.48595 0.35535 -0.0029583 -0.32225 -0.34455 -0.42439
0.0094835 -8.1638 0.99646 -0.51429 0.91682 0.32019 0.59049 0.94783 0.14962 0.13287 0.19632 0.60977 -0.10115
-0.69595 -7.5646 0.71529 -0.29881 0.69115 0.019562 0.095356 0.65447 0.98983 0.90979 0.46573 0.22013 -0.014842
-1.0778 -9.1317 0.81451 0.59183 1.0004 0.56019 0.33938 0.7585 0.36146 0.95034 0.86023 0.86109 0.6325
-2.2816 -6.2464 0.79043 -0.8244 1.2354 0.78827 0.83501 0.61571 0.001782 0.075461 0.64047 1.3915 0.40324
1.8816 -9.5024 1.0303 -1.5863 1.4759 1.3214 0.67554 -0.51943 0.52915 0.65927 -0.15364 1.2146 -0.71114
0.19529 -9.926 0.62528 -0.26388 0.94217 0.69051 -0.075644 0.29308 0.76954 0.64615 0.51666 1.2757 0.44874
-0.25021 -8.6627 0.84312 0.19408 0.66613 0.9345 0.76627 0.17997 0.3343 0.42476 0.022315 0.051786 0.34117
0.61878 -7.2361 -0.037705 -0.75411 -0.74959 0.018456 -0.12552 0.5517 0.097612 -0.061311 0.35105 0.106 0.14582
-1.3649 -5.5584 0.6501 -0.010796 0.099825 0.61423 0.80262 0.75452 0.47686 -0.02159 0.13622 -0.43897 -0.035528
0.67007 -1.0438 -0.62341 -1.3071 -1.6598 -1.5101 0.068135 -0.65724 0.070811 -0.80075 0.52453 -0.18426 0.44604
3.3761 -2.0095 -2.2432 -2.6289 -2.0403 -1.9526 -0.23874 -0.72308 -0.092138 -1.6685 -0.063889 -0.23236 -0.32746
3.7581 -2.9676 -2.3169 -3.2519 -1.533 -1.7664 -0.77863 -0.49616 -0.4685 -1.7139 -0.72273 0.2218 -0.54916
3.5762 -2.9183 -2.4675 -3.0035 -1.7077 -2.2357 -0.71467 -0.96335 -0.53923 -1.5751 -0.8976 0.12795 -0.65702
2.9959 -1.6602 -1.5925 -3.0175 -1.3926 -2.4974 -1.1331 -1.3507 0.0079855 -1.6426 -0.54862 -0.07689 -0.73126
1.1384 -0.89151 0.81624 -1.3838 -1.1019 -1.5535 -0.67614 -1.6181 0.45845 -1.0075 -0.4844 -0.46955 -0.49241
0.62708 -1.8441 1.2814 -0.23335 -0.78574 -0.95183 -0.54382 -2.1032 0.30202 -0.91881 -0.444 -0.4441 -0.76528
-0.041839 -2.5313 1.0956 0.1813 -0.35953 -0.50982 -0.66992 -1.7069 0.37579 -1.1431 -1.2676 -0.51827 -0.85651
-1.6906 -2.9058 0.61598 -0.20768 -1.2183 -0.88809 0.092038 -0.61246 -0.11533 -0.61427 -0.15065 -1.0113 0.13336
-2.5981 -2.9494 0.412 -0.2056 -0.36268 -0.41602 -0.039659 -0.51187 -0.3164 -0.027339 0.69086 0.069559 0.038265
-3.5928 -3.026 0.26426 -0.4926 -0.31358 -0.23369 0.4297 -0.018027 -0.69633 -0.072832 0.85559 0.02145 0.011256
-0.85948 -4.3002 1.3987 -0.13677 -0.6756 -0.40852 0.4263 -0.46019 -0.36693 0.64771 0.75206 0.76871 -0.20852
-0.99956 -1.5527 -0.57811 -1.4518 -0.1984 -0.29411 0.43466 -0.66352 -0.62784 -0.87004 -0.042426 -0.093137 -0.54632
3.5182 -1.1194 -3.1568 -2.8398 -0.64646 -0.69198 0.30618 -0.80395 -0.90275 -0.81795 -0.42032 0.23244 -0.8593
3.8447 -1.4441 -4.0607 -2.2446 0.13738 -0.5023 0.30289 -1.0932 -0.86189 -0.49004 -0.44931 0.44203 -0.70617
3.9702 -2.0044 -4.4543 -2.149 -0.11404 -0.37735 -0.36305 -1.8034 -0.87574 -0.47247 -0.69483 0.22136 -0.98269
3.4738 -2.5548 -4.4073 -2.1701 0.083982 -0.46772 -0.54293 -1.3753 -0.80972 -0.4014 -0.8036 -0.015169 -0.86929
3.1621 -2.0406 -3.6603 -1.7534 0.40811 -0.3045 -0.079242 -1.2346 -0.29066 -0.27171 -0.68093 -0.2689 -0.48753
2.7324 -2.2661 -3.3857 -1.7223 0.81044 -0.2902 -0.24186 -0.79022 -0.38939 0.1269 -0.89703 -0.081578 -0.32356
2.1361 -2.0822 -2.9619 -1.9026 0.77315 -0.76641 -0.16691 -0.68509 -0.25514 0.23871 -1.01 -0.068565 -0.32398
2.045 -2.4694 -3.0937 -1.7014 0.46201 -0.51147 -0.12594 -0.8783 -0.060191 0.1393 -0.88049 0.14902 -0.64142
1.8772 -2.5439 -3.0049 -1.6006 0.18153 -0.76416 -0.22053 -0.80533 -0.13808 -0.17684 -0.76113 -0.10102 -0.52699
1.6257 -2.4629 -2.5188 -1.6377 0.3161 -0.90998 -0.28942 -0.83475 -0.19819 -0.14845 -0.74209 -0.012993 -0.71062
1.7206 -2.0362 -3.0175 -1.6251 0.4462 -0.77643 -0.27535 -1.1071 -0.53148 0.075585 -0.71029 0.09173 -0.51328
