2.6516 -1.202 -0.26272 -1.4224 -1.0726 -1.238 -1.2897 0.33631 0.76475 -0.49686 -0.70366 -0.23381 0.14477
3.2125 -0.6955 -0.7476 -2.1263 -0.98097 -1.1782 -1.0841 0.4149 0.73617 -0.63252 -0.85782 -0.38979 -0.007409
3.686 -0.50002 -1.1592 -1.9341 -0.9295 -1.1861 -0.93286 0.73132 0.65778 -0.47993 -0.73508 -0.86748 0.34637
3.8304 -0.8639 -1.0079 -1.6757 -1.3485 -0.85022 -1.2598 0.32832 0.85409 -0.21315 -0.57169 -0.91916 0.38417
2.7492 -0.34775 -0.17444 -1.1105 -0.70324 -0.94279 -1.571 -0.60527 0.77754 0.028242 -0.40467 -0.80086 0.35496
0.059803 -1.1657 1.7477 0.52418 0.11563 -0.28316 -0.48297 -1.3868 0.89544 -0.3985 -0.60835 -0.14122 -0.0015807
-0.23574 -1.7135 1.8642 0.98074 0.52436 0.14367 -0.59438 -1.9839 0.56915 -0.2538 -0.27337 0.36417 -0.41212
-0.50009 -1.6061 2.0388 1.027 -0.28943 -0.2181 -0.19775 -1.5162 0.78709 -0.73876 -0.53054 0.047579 -0.23128
-0.63326 -2.219 1.7834 1.5857 0.70278 0.27953 -0.80478 -1.7596 0.67701 -0.50947 -0.93731 0.038816 -0.6815
0.57878 -0.62342 0.60097 -0.55063 -0.23947 -0.58294 -0.80312 -1.8015 0.68104 0.018041 -0.35591 -0.22248 0.027967
3.8852 -0.59932 -1.8438 -1.7216 -1.8585 -1.0215 -0.8764 -0.62901 1.3646 0.13434 -0.63827 -1.166 0.70899
4.95 -1.7705 -3.2062 -1.7666 -2.3808 0.23394 -0.29093 -0.56845 0.68373 -0.096124 -1.1972 -1.0793 0.49608
4.8141 -1.6955 -3.347 -1.6632 -2.0707 0.28931 0.54 -0.43882 0.26483 -0.27676 -1.0446 -1.1926 0.75757
4.8885 -0.94406 -3.5046 -2.2032 -1.5873 -0.29374 1.5138 -0.55929 -0.081293 -0.25365 -1.0475 -0.55048 0.01745
4.7369 -0.82273 -3.8424 -2.5524 -1.3384 -0.55616 1.1923 -0.74135 -0.65224 -0.58263 -0.9482 -0.58425 -0.28248
4.5335 -0.97537 -3.3407 -2.6241 -1.106 -0.00032157 0.97596 -0.52532 -0.60136 -0.52569 -0.6391 -0.70736 -0.25102
4.7141 -1.0018 -3.3686 -2.5819 -0.96763 0.21544 0.86079 -0.34931 -1.0581 -0.10517 -0.80259 -0.63063 -0.073832
4.8883 -0.93888 -3.0777 -2.7251 -1.2974 0.46574 0.64894 -0.60601 -0.91522 0.019025 -0.94896 -0.67496 0.09121
5.1154 -0.96093 -3.1732 -3.1659 -1.2684 0.0023277 0.63917 -0.76297 -1.2588 -0.077578 -1.0661 -0.9315 -0.058221
4.996 -0.65575 -3.0887 -3.1853 -1.3278 0.080711 0.52938 -0.97298 -0.97802 -0.12514 -1.1563 -0.82841 0.039428
5.1082 -0.5623 -2.5107 -3.2274 -1.3575 0.6202 0.78063 -0.82831 -0.6383 -0.13776 -0.66676 -1.1279 0.4789
4.8783 -1.0735 -2.1443 -3.6502 -1.5601 0.76486 0.40961 -0.86849 -0.87993 0.055708 -1.0263 -1.1514 0.40995
4.5716 -1.181 -2.0506 -3.7025 -1.6946 0.68928 0.28468 -1.0829 -0.62953 -0.092298 -1.2875 -1.0841 0.15303
4.2889 -1.3309 -1.7934 -3.694 -1.5783 0.83834 0.27533 -0.87463 -0.20415 -0.29531 -1.145 -0.72457 0.07891
3.9314 -1.5445 -1.4855 -3.5939 -1.7356 0.69699 0.49509 -0.35885 -0.59773 -0.27005 -0.902 -0.79028 0.54383
3.4342 -1.6998 -1.5186 -3.2554 -1.4838 0.33251 0.96547 -0.52666 0.060671 -0.50433 -1.0727 -0.39275 0.46718
2.343 -1.6008 -0.89856 -3.969 -1.7671 -0.19075 0.82012 -0.6846 -0.33326 -0.80318 -0.75647 -0.9089 -0.036124
2.0471 -0.55533 -0.77047 -3.4504 -0.73649 -0.42061 -0.21572 -0.6221 0.68809 -0.63983 -0.92441 -1.0779 0.38554
0.61507 -2.2225 -0.46747 -2.3193 -0.42391 -0.42555 -0.58186 -0.58444 -0.33777 -0.48774 -0.77938 -0.57047 0.25994
0.15859 -2.4721 -0.25422 -1.6092 -0.026286 0.44518 -0.34928 -0.61163 0.10343 -0.50959 -0.68552 -0.39242 -0.28756
