-0.91635 -3.0424 0.6902 0.61165 0.77164 -0.069953 -1.3782 -1.6607 0.069222 -0.21334 -0.53832 0.46031 -0.7741
-0.6826 -2.6451 0.71957 0.69579 0.98151 0.69766 0.076063 -0.12157 0.54073 -0.02709 -0.60521 0.068354 -0.34078
-1.9207 -2.7668 0.49243 0.39887 0.68819 0.55698 0.18027 0.14335 0.67669 0.098736 -0.48343 0.19538 0.014321
-1.2199 -2.6477 0.61521 0.51186 0.90014 0.71704 0.3242 0.3954 0.80419 0.16773 -0.58779 0.15615 0.13203
-1.5561 -2.5978 0.79756 0.70945 0.75865 0.66874 0.17963 -0.12624 0.6147 -0.057325 -0.47958 0.19321 -0.3005
-1.9686 -2.8616 0.28503 -0.07728 0.20115 0.016266 0.048181 -0.060146 0.068383 0.09053 0.21411 0.22773 0.17587
-3.1918 -2.528 0.57978 0.20714 0.51664 0.36422 0.4554 0.37574 0.40998 0.36072 0.39019 0.40132 0.44643
-3.776 -3.2463 0.94657 0.99465 0.6302 0.87779 1.0198 0.97993 0.84474 0.31728 0.49854 1.0231 0.99013
-3.0616 -2.6402 0.57283 0.023307 0.28012 0.73591 0.75106 -0.19606 0.90461 0.33414 0.011302 0.45142 0.27521
-3.8014 -2.7528 0.48678 -0.56467 0.64853 0.2238 0.33792 0.51604 0.3435 0.33405 0.22407 0.14124 0.26985
-2.6819 -7.2763 0.28994 0.64527 1.0854 0.60578 0.75325 0.45263 0.70758 0.65396 0.59944 0.40966 0.33499
-1.6128 -5.0432 0.7185 0.10456 -0.13324 0.37857 0.30957 0.42854 0.15629 0.44376 -0.22518 -0.055368 0.29387
0.744 -4.1867 -0.87922 -1.5984 0.40047 -0.20992 0.31766 1.0904 -0.24167 1.0329 0.49524 0.0099525 0.16619
1.5216 -0.8248 1.5836 -0.3485 -1.2714 -1.6046 -0.70293 -0.91464 0.60183 -0.62629 -0.36106 0.28865 0.055839
5.1395 -1.4422 -0.021958 -1.8798 -1.9516 -2.8374 -0.32604 0.29492 0.19547 -1.1687 -0.09462 0.39527 -0.56307
5.91 -3.0953 -1.0659 -2.7875 -2.0828 -2.3278 0.25217 1.0615 -0.56988 -1.7795 -0.27377 0.021273 -1.3268
6.2603 -3.7354 -1.5835 -2.6624 -1.6907 -1.9046 0.53751 0.74774 -1.1305 -2.1359 -0.14389 0.58749 -1.2304
6.6034 -3.5338 -1.9617 -2.686 -1.4113 -1.4815 0.67606 0.75567 -1.1839 -1.8383 -0.023371 0.49348 -1.0703
6.7344 -3.5053 -1.7488 -2.6943 -1.2744 -1.4818 0.86744 0.63479 -0.9515 -1.5125 0.058865 0.24111 -0.8275
6.6098 -3.5738 -1.6944 -2.8767 -1.3605 -1.7618 0.58119 0.68903 -1.0774 -1.3782 -0.10268 0.42722 -0.97521
6.2684 -3.4752 -1.3725 -3.1518 -1.412 -2.3462 -0.049659 0.29571 -0.80433 -1.598 -0.57091 0.59112 -1.6608
5.2699 -2.4292 -0.41777 -2.2862 -1.2937 -2.3561 -0.96753 0.065021 -0.31381 -0.80032 -0.34761 1.0282 -1.0698
1.9809 -1.864 1.1909 -0.4394 -0.7318 -1.1904 0.0099185 -0.26484 0.16791 -0.81132 0.11799 0.041288 -0.42856
1.394 -2.7714 0.7321 0.18188 -0.26671 -0.22491 0.063772 -0.86875 -0.54762 -1.5672 -0.81915 -0.44406 -0.9298
1.2086 -3.0157 0.60533 -0.16804 -1.1231 -0.73589 0.17417 -0.85583 -0.47257 -1.3247 -0.45475 -1.1111 -0.93805
0.60099 -3.1405 0.51984 -0.14446 -0.74391 -0.33587 0.20929 -0.73469 -0.45334 -1.2272 -0.92576 -1.1006 -0.6802
0.42546 -3.1001 0.73927 0.35902 -0.36644 -0.061285 -0.25263 -1.3356 -0.26225 -1.1981 -1.1528 -0.7343 -0.97485
1.0154 -2.5421 0.44263 -0.55292 -0.78954 -1.4576 -1.3681 -1.5361 0.30354 -0.7354 -0.88204 -0.56894 -0.67772
4.0912 -2.063 -0.94048 -2.1928 -0.85747 -1.8707 -0.85476 -0.1304 -0.022664 -0.5205 -1.266 -0.086855 -0.4907
5.4908 -2.7364 -2.1282 -2.6956 -0.91386 -1.2063 -0.5454 0.39833 -0.38036 -0.73645 -1.6914 0.44412 -0.40437
5.7309 -3.5214 -3.0009 -2.8211 -0.86759 -1.0635 -0.73182 0.12554 -1.1342 -1.2243 -1.6999 0.76313 -1.026
5.9627 -3.7573 -3.4861 -2.6449 -0.59422 -0.63114 -0.69036 -0.05881 -1.3264 -1.2587 -1.3389 0.74481 -0.97808
5.7469 -3.6594 -3.3304 -2.3961 0.042223 -0.23297 -0.48274 -0.00050967 -1.1685 -0.74756 -0.86047 0.84549 -0.73915
5.6011 -3.4434 -3.379 -2.5316 0.076519 0.049789 -0.84622 0.00044094 -1.108 -0.85452 -0.75711 0.61448 -1.0525
5.4958 -3.3274 -3.5661 -3.076 0.12271 -0.057953 -1.2599 -0.11797 -1.2399 -1.0897 -0.8592 0.31324 -1.1795
5.3303 -3.1802 -3.5675 -2.9338 0.26902 0.10097 -1.4556 -0.11319 -1.0852 -0.93379 -1.0334 0.18697 -1.0658
5.238 -2.9189 -3.5706 -2.7838 0.28877 0.23871 -1.5632 -0.097903 -0.90779 -0.92986 -0.85156 0.096777 -1.0496
5.1768 -3.1527 -3.2558 -2.837 0.53108 0.26759 -1.4698 0.050089 -1.1042 -0.63321 -0.86236 -0.11488 -0.77166
5.0977 -3.1863 -3.4099 -2.9271 0.61442 0.1782 -1.4861 -0.20389 -1.1197 -0.74239 -0.97453 -0.26595 -0.82271
5.0951 -2.8978 -3.4137 -2.9434 0.71756 0.38813 -1.4718 -0.16015 -1.2011 -0.75756 -0.83463 -0.22346 -0.73834
5.0612 -3.2731 -3.5857 -2.8669 0.70991 0.42454 -1.5358 -0.41306 -1.2144 -0.91765 -0.85703 -0.31393 -0.79718
4.8923 -3.1463 -3.3377 -2.9531 0.8659 0.016047 -1.8102 -0.26257 -1.3934 -0.82989 -0.77189 -0.46482 -0.55633
4.6667 -3.6951 -3.384 -2.7594 0.54664 0.0098828 -1.5591 -0.54785 -1.2555 -0.68891 -0.9802 -0.36674 -0.63761
4.4107 -3.0702 -3.0137 -2.3147 0.51258 0.2021 -1.5854 -0.296 -0.9398 -0.68317 -0.7202 -0.57647 -0.40296
4.2448 -3.0795 -3.3236 -2.5202 0.41897 -0.2677 -1.7242 -0.25027 -1.0343 -0.88771 -0.72683 -0.87598 -0.24622
4.2942 -3.3802 -3.0918 -2.9802 0.10012 0.2635 -1.7192 -0.057707 -0.93575 -1.1446 -0.49041 -0.21757 -0.45822
4.5962 -3.5507 -3.4391 -3.1026 -0.39001 0.2903 -1.0759 -0.49557 -1.3213 -0.86732 -0.38588 -0.20284 -0.26266
4.7261 -3.712 -3.9054 -3.5077 -0.55963 0.13732 -1.2951 -0.84494 -0.90837 -1.2313 -0.4633 -0.36618 0.039946
4.5495 -3.814 -3.768 -3.1952 -0.21507 0.22764 -1.2576 -0.52524 -0.6481 -1.1402 -0.33601 -0.36668 -0.090563
4.0644 -4.0872 -4.1098 -2.9332 -0.17508 -0.43138 -1.3831 -0.58412 -0.64875 -0.70643 0.18393 -0.13761 0.28209
3.5995 -4.1056 -3.7741 -3.1383 0.036819 -1.229 -1.3315 -0.36494 -0.90546 -0.2959 -0.34295 0.30268 0.86331
3.5542 -4.0314 -3.9396 -3.0144 0.53681 -0.77572 -1.3709 0.084226 -1.0558 -0.66338 0.054568 0.36919 0.58967
2.1204 -2.9722 -2.3657 -3.5249 -0.30716 -0.98857 -0.97536 -0.63253 -0.20594 -0.42827 -0.06159 0.53174 0.3635
1.4865 -2.6246 -1.5731 -3.0217 0.024791 -0.27044 -0.22445 -0.29529 -0.051725 -0.29453 0.24574 0.68304 0.064298
