0.19403 -2.7589 0.38928 0.12673 0.4761 0.20459 -0.0034623 -0.080267 0.24733 0.19136 0.11529 0.3081 -0.014195
1.2562 -3.1471 0.23274 -0.60367 -1.1178 -1.0041 0.017093 -0.50791 -0.50377 -0.66828 0.018472 -0.36772 0.76086
1.9366 -4.147 1.1714 -0.54698 -0.65952 -0.49579 -0.030266 -0.2631 -0.55225 -0.081257 -0.2322 -0.24671 -0.34874
2.2007 -3.4592 1.3222 -0.85576 -0.58644 -0.65373 -0.10401 -0.73764 -0.57575 -0.15943 -0.42149 0.13157 -0.19222
2.2052 -3.983 1.2165 -0.085625 0.33516 -0.3632 -0.23303 -0.027835 0.22008 0.10778 -0.39444 0.079769 -0.038128
3.6711 -4.869 2.2511 0.33731 1.287 0.88223 -0.32842 0.12576 0.37431 0.014413 -0.121 -0.065678 -0.013128
4.2991 -6.7672 1.1894 -1.5378 0.042455 0.22581 0.12092 0.27955 0.57332 0.15267 0.35701 -0.13655 -0.45516
5.5735 -6.5246 0.76193 -1.4168 -1.1847 -0.52829 1.1673 0.39197 -0.22978 0.088894 0.47341 0.16221 0.13819
4.2885 -5.3771 0.86503 0.13701 -0.17965 -1.4076 0.33938 0.52991 0.13366 0.22056 0.60755 -0.18051 0.027097
2.8835 -1.891 1.6411 0.89872 -0.82764 -0.38164 -0.081586 -1.3531 0.67962 -0.89581 -0.74572 -0.72599 -0.39962
5.2773 -1.0362 1.0218 -1.0687 -1.0723 -1.1007 -1.1441 -0.38508 0.30431 -0.44821 -0.30165 -1.1679 -1.2355
6.246 -1.6512 -0.4333 -2.1902 -1.6193 -1.2122 -1.2975 0.019068 0.48167 -0.77646 -0.80405 -0.34671 -0.95619
5.9123 -1.2762 0.016747 -1.8519 -1.9703 -1.575 -0.52531 -0.060572 0.0077129 -1.3338 -0.40394 -0.81627 -0.58643
5.5891 -1.6647 0.20767 -0.98861 -1.5727 -1.5695 -1.3414 0.3167 0.05177 -1.3773 -0.61708 -0.40717 -0.14069
5.4027 -1.222 0.99183 -1.6187 -1.6511 -1.5737 -1.0735 -0.1582 -0.11335 -0.92855 -0.47904 -0.9792 0.19243
5.4826 -0.86846 0.74483 -1.7093 -1.6607 -1.4913 -1.0559 -0.60413 -0.060447 -0.87335 -0.12545 -0.95807 -0.097952
5.0865 -1.0254 0.85758 -0.86604 -1.2101 -1.372 -0.93205 -1.4882 0.20997 -0.82778 -0.52313 -0.66663 0.085254
3.0798 -1.6782 1.5602 0.030511 -0.84259 -0.63896 -0.096449 -1.2846 0.40476 -0.57835 0.066365 -0.036927 -0.40298
2.1811 -2.3781 1.3234 0.94285 0.13783 -0.043001 -0.83794 -1.7135 0.5549 -0.52602 -0.85068 0.13215 -0.36609
1.7771 -2.8367 0.71847 0.56133 0.39354 0.16724 -0.49465 -1.045 -0.043975 -0.52186 -0.70609 -0.11519 -0.93405
1.428 -2.8724 0.79817 0.66809 0.35439 0.069857 -0.66589 -1.1294 0.17947 -0.5396 -1.0879 -0.33111 -0.91939
2.0547 -2.6178 0.85921 0.42388 0.20151 -0.30941 -0.72716 -1.3234 0.34758 -0.43372 -0.88993 -0.030005 -0.28717
5.0914 -0.1127 1.3031 -1.544 -1.5987 -0.97582 -0.28753 -1.8715 0.84702 0.10479 -0.015584 -1.1687 0.13341
5.5964 -0.64016 -0.22119 -2.4584 -1.6822 -1.3473 -0.31052 -1.1501 0.41161 -0.59185 -0.53016 -1.5269 0.094094
6.0192 -1.0708 -1.248 -2.9005 -1.116 -0.50671 -0.3233 -0.79766 0.14558 -0.89193 -0.86035 -0.83249 0.32504
6.1349 -1.4586 -1.4009 -3.042 -1.0926 -0.3359 -0.35501 -0.68785 -0.15261 -1.1989 -1.0414 -0.63091 0.39841
6.1802 -1.0823 -1.5824 -3.3817 -0.57677 -0.030006 -0.33413 -0.9517 0.031164 -0.59508 -1.5007 -0.52399 0.36559
6.1596 -0.81881 -1.2157 -3.2415 -0.46457 -0.024682 -0.18584 -1.2217 0.32481 -0.51301 -1.5458 -0.65602 0.27907
6.1157 -1.2178 -1.0671 -3.1686 -1.0431 0.080904 -0.16079 -1.4473 0.062503 -0.74723 -1.5157 -1.2219 0.5908
5.9495 -1.021 -0.86766 -3.0848 -1.015 -0.30831 0.28094 -1.0851 -0.2141 -1.183 -1.3324 -0.50259 0.033743
5.7988 -0.9754 -0.78129 -2.969 -0.83339 -0.20287 -0.070386 -0.77975 -0.23142 -1.006 -1.1092 -0.73033 0.34924
5.9128 -0.89797 -0.7433 -3.3542 -1.0038 -0.31864 0.033879 -0.81031 -0.38641 -1.052 -1.0392 -0.93871 0.38956
5.8311 -1.0429 -1.2403 -3.201 -0.80644 -0.85129 -0.043647 -0.81387 -0.63386 -1.4197 -1.1538 -0.89589 0.28476
5.766 -0.74655 -0.98491 -3.168 -0.42302 -0.59966 -0.098842 -0.73846 -0.33251 -1.1023 -1.0071 -0.54868 0.28507
5.7051 -0.89414 -0.9701 -2.9675 -0.86595 -0.88475 0.16222 -0.78579 -0.45223 -1.4212 -1.0986 -0.45494 0.19149
5.4815 -0.98286 -0.67243 -3.0032 -0.84585 -1.1701 0.25753 -0.56844 -0.83213 -1.5045 -0.99636 -0.52905 0.13886
5.346 -1.0794 -0.31768 -2.9366 -0.72847 -0.78845 0.13488 -0.54859 -0.56155 -1.3162 -0.83484 -0.63779 0.25941
5.4178 -1.2247 -0.66495 -2.9194 -1.4284 -0.91901 -0.10415 -0.63886 -0.36185 -1.7371 -0.27521 -1.3335 -0.1371
5.3204 -1.209 -0.28777 -2.9269 -1.6696 -1.1086 0.038821 -0.74518 -0.33951 -1.5821 -0.58423 -1.3403 -0.4204
5.1321 -0.85799 -0.064756 -2.7921 -1.05 -1.6559 0.11417 -0.177 -0.3778 -1.1042 -0.47243 -1.4167 0.023554
5.0325 -1.416 -0.19131 -2.7771 -1.4537 -1.0151 0.042636 -0.43582 0.35406 -0.85125 -0.76128 -1.0351 0.1423
4.3506 -1.9984 -0.16656 -1.6407 -1.7369 -1.7495 0.049332 -0.44378 0.18344 -1.1321 -0.043195 -1.152 -0.51834
3.0875 -2.6326 0.60925 -0.60527 -1.166 -1.1469 -0.40868 -1.3842 -0.58536 -0.88438 0.13439 -0.41472 -0.4407
2.0402 -2.4014 1.1716 0.60829 -0.42794 -0.26742 -0.26746 -1.1972 0.30154 -0.35415 0.027766 0.12554 -0.093337
-0.7551 -2.679 0.63391 0.39871 0.3939 0.44044 0.47857 0.14482 0.38973 -0.0283 -0.043954 0.31971 0.58502
