1.9725 -0.91399 0.18368 -2.2119 -1.8707 -1.9939 -0.51787 -0.67954 -0.011462 -1.1227 -0.038506 -0.22486 -0.13156
4.1496 -1.2535 -1.7961 -3.0836 -2.0197 -2.5073 -0.54 -0.13682 0.17863 -1.521 0.36144 -0.60312 -0.5552
4.1685 -1.6043 -1.6974 -3.3378 -1.6899 -1.7446 0.072611 -0.23632 -0.76491 -1.4467 -0.46197 -0.58259 -0.76669
4.6203 -1.6618 -2.1963 -3.415 -1.2816 -1.6512 -0.078298 0.18915 -1.0818 -1.6593 -0.40264 -0.59321 -0.64008
4.7025 -2.2795 -2.5889 -3.9117 -1.8639 -1.8 -0.71405 -0.033489 -1.3757 -2.2292 -0.88027 -0.87151 -1.1096
4.3635 -1.7716 -2.0702 -4.0279 -1.3812 -1.5978 -0.87182 0.31124 -0.94175 -1.8244 -0.73408 -1.084 -0.78765
3.1881 -1.1927 -1.012 -2.9206 -1.3516 -1.4675 -0.11986 -0.72972 0.0038711 -1.1578 -0.44241 -1.0293 0.1924
1.2716 -2.0885 0.79667 -0.72954 -1.0057 -1.0539 -0.53272 -1.5448 0.5149 -1.0132 -0.78663 -0.37017 -0.18042
0.96234 -2.5254 0.96413 -0.21244 -0.78928 -0.58104 -0.40607 -1.904 0.084986 -1.1444 -0.73036 -0.20674 -0.43878
1.194 -2.7666 0.54245 -0.9662 -1.194 -1.0505 -0.68982 -2.2173 -0.31895 -1.1471 -0.65555 -0.562 -0.55305
1.1328 -2.5484 0.7812 -0.70623 -0.9239 -0.66723 -0.28519 -2.0592 -0.24262 -1.3103 -0.56215 -0.086537 -0.43072
1.4425 -2.2996 1.2434 -0.58515 -1.7643 -1.4057 -0.028837 -1.5256 0.27503 -1.3065 -0.37128 -0.84153 -0.44744
1.7714 -1.9019 0.58284 -1.6875 -1.3723 -1.3466 0.12118 -1.4423 -0.30674 -0.97947 -0.12707 -1.1267 -0.5261
2.3227 -1.4846 -0.096336 -2.6944 -1.4601 -0.98982 0.20827 -1.1019 0.15321 -1.1468 -1.0076 -1.1231 0.10004
3.6051 -1.2196 -1.4163 -3.7262 -0.97008 -0.56917 0.5613 -0.83047 -0.81378 -1.0999 -0.97672 -1.052 0.28985
3.9003 -1.2108 -1.2521 -3.6421 -0.75176 -0.27834 0.85661 -1.4677 -1.4647 -0.92909 -0.82631 -0.26307 -0.43977
3.6433 -1.5805 -2.0992 -3.1256 -0.1155 -0.11723 0.16842 -1.5596 -1.2403 -1.2176 -0.70744 -0.48445 -0.47562
3.3642 -1.955 -2.2271 -3.3771 0.32054 0.078622 -0.47776 -1.5088 -0.86968 -1.344 -0.73855 -0.46618 -0.8388
3.1523 -2.3026 -1.9805 -3.0378 0.52652 0.45009 -0.30501 -1.2653 -0.9971 -1.1068 -0.80134 -0.16419 -0.64419
2.9376 -1.8641 -1.876 -2.9888 0.54864 0.43158 0.066704 -0.92628 -1.0855 -1.049 -0.48602 -0.12505 -0.84937
2.8927 -2.0683 -1.4165 -3.3828 0.2563 0.57232 -0.11011 -0.98528 -1.1147 -1.0968 -0.16599 -0.11856 -1.0754
2.6648 -1.8776 -1.4013 -3.1295 0.21103 0.3741 0.20577 -1.268 -0.91531 -1.1072 -0.74857 -0.19043 -0.98282
2.8553 -2.0466 -1.718 -3.0494 -0.0013581 -0.13804 -0.021805 -0.89404 -1.1719 -1.4073 -0.433 -0.26565 -0.91075
2.8297 -2.0941 -1.4792 -2.9755 0.14486 -0.25631 0.18759 -0.75064 -1.0335 -1.4296 -0.62866 -0.052211 -0.84813
2.8575 -2.0585 -1.0942 -2.7042 -0.9426 -0.72751 0.89341 -0.50455 -1.268 -1.3744 -0.44359 -0.69122 -0.39637
2.2272 -2.2439 -0.18173 -2.276 -1.5926 -1.268 0.6943 -0.38394 -0.96779 -1.6518 -0.07271 -1.3828 0.02927
0.89495 -2.0551 0.62156 -1.2149 -1.4804 -1.0882 0.41515 -0.86321 -0.2616 -1.2014 -0.40568 -0.77193 -0.53481
