4.3588 -3.2634 -1.8365 -1.3729 -1.9552 -2.3117 -0.051475 -0.22922 -0.040414 -1.1811 -0.10631 -0.21406 -1.141
5.4165 -4.4166 -2.6379 -1.6974 -1.7677 -1.8569 -0.29668 0.4765 0.085883 -1.2019 -0.28459 -0.18841 -1.0029
5.6301 -4.856 -2.615 -2.3813 -1.9191 -1.7997 -0.51734 0.1173 -0.5276 -1.5748 -0.5895 -0.25913 -0.98175
5.6656 -4.5038 -3.0331 -2.2543 -1.7602 -1.7891 -0.31008 -0.025163 -0.33218 -1.452 -0.83043 -0.068137 -1.0933
5.5454 -4.4331 -3.0226 -2.0129 -1.5699 -1.4433 -0.24784 0.32762 -0.16853 -1.1147 -0.96122 -0.22549 -0.93421
5.0386 -4.0066 -2.8975 -2.2062 -1.7283 -2.1409 -0.63301 0.052761 0.08939 -1.3189 -0.93715 -0.39483 -0.66846
3.0972 -3.4895 -1.2557 -1.5656 -1.4592 -1.9073 -1.2131 -0.62933 -0.12489 -0.64888 -0.37394 -0.21532 -0.25137
2.0717 -3.1656 0.62207 0.33036 -0.72483 -0.96183 -1.1367 -1.5893 -0.0092007 -0.87929 -0.93005 -0.65333 -0.39896
1.9724 -3.3425 0.54456 0.38971 -0.29023 -0.34774 -0.84524 -1.6935 -0.32275 -0.92335 -0.77931 -0.38585 -0.89204
1.8388 -3.5003 0.23987 -0.042659 -0.45102 -0.41424 -0.77171 -1.6407 -0.35423 -0.9897 -0.88619 -0.54317 -1.1538
1.6071 -3.9225 0.049448 -0.063781 -0.41693 -0.75632 -1.7227 -2.4422 -0.43067 -1.2704 -1.5907 -0.68459 -1.6622
1.6194 -3.4259 0.41661 0.017886 -0.5512 -0.49379 -0.71121 -1.6292 -0.58027 -0.73766 -0.3342 -0.43196 -1.3
1.9258 -3.6065 0.23425 0.15281 -0.11715 -0.36754 -0.93655 -1.3896 -0.2282 -1.0922 -1.5407 -0.70682 -0.77502
2.4618 -3.0563 -0.32778 -1.6986 -0.97157 -1.1239 -0.18416 -0.68841 -0.35704 -1.1644 -0.78393 -0.56208 -0.11837
5.4443 -3.363 -3.2722 -3.1069 -1.0521 -0.72284 -0.014184 -0.50726 0.25625 -1.0925 -1.0055 0.17863 -0.49323
6.425 -4.7566 -4.6906 -2.5 -0.8212 0.069019 -0.3968 -0.58552 -0.58043 -0.8648 -1.0169 0.17254 -1.0054
6.2409 -4.0079 -4.1294 -2.0832 0.095677 0.29577 -0.1755 -0.72162 -0.26652 -0.39344 -0.43853 0.27221 -0.77861
5.4647 -4.9403 -4.82 -3.2319 -0.33508 -0.84722 -1.0758 -1.3498 -1.0161 -0.38163 -1.0877 0.1408 -1.0164
5.6938 -4.5667 -4.5789 -2.248 0.40041 -0.35669 -1.1054 -1.0883 -1.251 -0.079287 -0.81841 0.15922 -0.46067
4.9592 -4.9133 -4.1455 -2.1554 0.035497 -0.050779 -0.85419 -1.082 -0.46634 0.053149 -0.71367 0.26402 -0.33977
5.902 -4.9384 -5.1152 -1.8882 -0.10436 -0.37575 -0.92149 -1.0178 -0.64458 -0.18584 -1.1107 0.22106 -1.0505
6.2247 -4.6507 -4.5156 -2.3244 0.35728 -0.21212 -0.8937 -1.2381 -1.012 -0.72044 -0.68576 0.16563 -0.69216
6.9144 -5.0498 -3.8787 -1.2591 0.87111 0.62464 -1.0475 -0.66175 -0.9039 -0.48901 -0.37367 0.28378 -0.59039
6.8877 -4.5297 -3.3891 -1.7358 0.49089 0.30192 -0.48791 -0.60334 -0.91256 -0.49137 -0.35284 0.47696 -0.89338
6.8878 -4.2305 -2.7255 -1.4956 0.58706 0.40967 -0.21009 -0.42573 -0.49672 -0.77174 -0.28387 0.87743 -0.86784
6.9901 -4.7073 -3.5564 -1.579 0.082455 0.066804 -0.63439 -0.40921 -0.23589 -1.0367 -0.61514 0.70726 -0.55918
6.9451 -4.6437 -3.2594 -1.7777 0.28842 0.30618 -0.45003 -0.3514 -0.12942 -0.71976 -0.2541 1.2256 -0.37008
6.586 -4.7028 -4.4285 -2.4049 -0.27885 0.074982 -0.54533 -0.27446 -0.45004 -1.048 -0.24154 0.7968 -0.11031
5.9769 -4.1956 -4.6209 -3.2017 -1.1651 -0.97114 -0.6205 -0.34948 -0.42566 -1.1249 -0.22474 0.97199 -0.46551
4.4263 -3.7151 -3.254 -3.9597 -1.0641 -1.0772 0.34734 -0.1264 0.043403 -0.2602 0.50352 0.85434 0.062226
4.3227 -4.0392 -2.6026 -3.7187 -1.4178 -1.057 0.747 0.72528 0.30993 -0.12716 0.24069 0.52653 0.49426
5.2628 -5.3795 -3.4893 -3.3999 -1.4218 -1.6804 1.5373 1.6736 0.5782 -1.6514 -0.98976 -0.7731 -0.069534
3.4449 -4.6246 -1.766 -2.6602 -1.8306 -2.6947 -0.25387 1.0459 1.0211 -0.33894 -0.33193 -1.6589 -0.61449
