3.856 -2.2192 -0.69057 -2.2826 -1.9545 -2.2593 0.14529 -0.42559 -0.66276 -0.62696 0.55711 -0.56237 0.19094
4.8027 -3.9289 -2.1513 -2.8351 -2.419 -1.4734 0.62998 -0.11731 -0.90256 -1.2664 0.39758 -0.53333 0.16615
5.3107 -3.9786 -2.4562 -2.3133 -1.6093 -0.21259 0.72731 -0.38484 -0.62697 -1.5914 -0.041935 -0.42224 0.019177
5.6698 -5.0977 -3.8173 -2.714 -1.971 -0.9034 -0.1483 -0.9072 -1.3327 -1.7328 -0.44906 -0.63055 -0.23282
5.6727 -5.0737 -3.5906 -2.5561 -1.2228 -0.77873 -0.12611 -0.64185 -1.2662 -1.5222 -0.45681 -0.43841 -0.41418
5.4973 -4.2171 -3.5209 -2.6878 -1.1812 -0.90164 0.21436 -0.89835 -0.96405 -1.6599 -0.44247 -0.26754 -0.52817
5.3664 -3.8572 -3.1444 -2.9055 -1.3426 -0.87877 0.04226 -0.84389 -1.0948 -1.4723 -0.55679 -0.22149 -0.29755
5.0067 -3.2148 -2.4782 -3.2147 -1.7978 -1.2931 0.076772 -0.68589 -0.8942 -1.2912 -0.52788 -0.15562 -0.017319
3.4899 -2.4131 -0.94112 -3.0623 -1.7559 -1.6189 -0.089775 -0.95238 -0.50035 -1.0756 -0.34142 -0.64585 0.29667
1.415 -2.9505 0.51234 -0.35876 -0.63732 -0.82135 -0.84101 -1.4052 0.15811 -0.42765 -0.58282 -0.30149 -0.31289
1.4279 -3.3426 0.48329 0.31476 -0.1517 -0.13926 -0.52073 -1.3615 -0.40019 -1.1734 -1.1316 -0.46084 -0.4394
1.2303 -3.5386 0.14257 -0.07198 -0.52233 -0.61781 -1.085 -1.8521 -0.46313 -0.96634 -0.85168 -0.46161 -0.90796
1.0717 -3.2958 0.4496 0.19899 -0.3192 -0.37226 -0.8263 -1.6281 -0.2343 -0.81831 -0.79025 -0.42087 -0.94901
0.54951 -3.2342 0.32038 0.029779 0.1394 -0.076719 -0.53668 -1.0388 -0.41409 -0.51314 -0.46591 -0.21239 -0.98492
-0.47094 -3.2421 0.13574 -0.15921 0.10412 -0.32962 -0.84565 -1.0625 -0.42883 -0.47108 -0.55838 -0.21868 -0.8128
-1.5859 -2.9463 0.72244 0.17068 0.19744 -0.27387 -0.63224 -1.1347 -0.60621 0.13128 0.97338 0.5034 -0.91137
1.9972 -2.0566 -0.69506 -2.1006 -1.1558 -1.0413 -0.13039 -0.61524 0.43998 -0.65264 -0.39143 -0.82854 -0.06915
4.345 -2.2426 -1.977 -3.5845 -0.7711 -1.0238 0.048302 -0.26693 -0.4942 -1.2345 -0.63938 -0.28212 -0.34049
5.0424 -3.0478 -3.0583 -3.7195 -0.54221 -0.44902 -0.45411 -1.2036 -0.67202 -1.17 -1.1266 0.14887 -0.47233
5.1693 -3.3914 -3.5119 -3.7017 -0.47283 -0.051807 -0.86741 -0.95057 -0.61086 -1.1176 -0.65907 -0.19696 -0.9494
5.2796 -3.0053 -3.6152 -2.876 -0.21308 0.15086 -0.29378 -1.1275 -0.29376 -0.65531 -0.51081 0.022571 -1.0024
5.2196 -3.437 -4.2329 -3.5578 0.2332 -0.35764 -0.85655 -1.2646 -0.40489 -1.0606 -0.98611 -0.058364 -0.95175
5.0613 -3.3597 -4.0315 -3.2396 0.34377 0.02952 -0.8968 -1.2471 -0.094647 -0.60961 -0.85381 0.20687 -0.67147
4.7874 -3.5568 -3.8894 -3.0553 -0.039381 0.13276 -1.0872 -1.1887 -0.35216 -0.32649 -0.74499 0.065075 -0.62017
4.568 -3.1928 -3.4828 -3.4325 -0.12122 0.3072 -1.4909 -1.3146 -0.35833 -0.4109 -0.66048 -0.038027 -0.79485
4.4129 -3.6601 -3.4999 -3.1054 0.28417 0.03521 -1.363 -0.99011 -0.33956 -0.46517 -0.9247 -0.089499 -1.0092
4.4283 -3.7728 -3.6619 -2.9899 -0.0077567 0.10308 -1.1977 -1.3574 -0.22676 -0.44132 -1.2415 0.065651 -0.78274
4.5156 -3.6979 -3.7406 -2.5235 -0.07211 0.019618 -0.96319 -1.1474 -0.30867 -0.30698 -0.96537 0.11254 -0.75633
4.7224 -3.716 -4.3902 -3.1999 -0.020436 -0.58949 -1.3287 -1.1274 -0.6849 -0.84388 -0.90414 -0.14328 -1.0879
4.7608 -3.5725 -4.2382 -3.1109 -0.02209 -0.31507 -1.0426 -1.1237 -0.70038 -0.56299 -0.93712 -0.14103 -0.84886
4.8841 -3.8856 -4.1364 -2.8989 -0.165 -0.27067 -0.83021 -1.1951 -0.32788 -0.43679 -0.86817 0.014203 -0.87265
4.7807 -4.0398 -4.1587 -2.9498 -0.12787 -0.46085 -0.80324 -1.2207 -0.41258 -0.53132 -0.80331 0.023503 -0.74131
4.5624 -3.9598 -3.7705 -2.7576 0.16412 -0.48081 -0.52654 -1.3153 -0.52892 -0.65108 -0.62128 0.062655 -0.61164
4.2402 -4.0369 -3.2713 -3.0689 -0.11532 -0.54585 -0.55707 -0.99568 -0.98187 -0.52278 -0.45696 -0.11743 -0.53004
3.749 -3.7575 -2.6968 -2.791 -0.39835 -0.57938 -0.35352 -0.84556 -1.4063 -0.20127 -0.56529 0.21203 -0.48504
3.1346 -4.3604 -2.4688 -2.1175 -0.8395 -0.6962 -0.31753 -0.85485 -0.92798 -0.88955 -0.70483 0.24666 -0.33421
2.8183 -4.6197 -2.5385 -2.1175 -0.47586 -1.2122 -1.1643 -1.181 -0.9291 -0.34159 -0.47132 -0.12452 -0.05338
2.379 -4.403 -2.0633 -2.0666 0.031834 -0.86674 -1.2586 -0.53138 -0.43913 -0.15697 -0.082561 0.86018 0.65569
1.4184 -4.6641 -1.2554 -1.3916 -0.39891 -1.0853 -1.0929 -0.61897 -0.72065 -0.40028 -0.38276 0.12684 0.92963
0.49955 -4.1109 -0.93261 -1.3701 -0.52823 -0.84029 -0.66863 -0.68826 -0.56294 0.048849 0.38308 0.43984 1.0386
