0.42994 -8.4974 0.88798 -1.4614 2.1967 0.20255 0.90823 1.0469 0.1336 0.4336 0.39727 0.078024 0.84395
1.409 -8.658 0.92173 -1.4677 0.9419 0.82947 1.6239 -0.27949 0.52037 0.052107 0.093875 0.055141 -0.34741
1.739 -9.3059 0.3828 -1.824 1.3394 -0.41381 0.63669 0.81321 0.34794 0.41155 1.0291 0.36367 0.4867
2.3149 -9.4183 0.31588 -1.9493 0.64908 0.54002 1.6779 0.16344 0.89181 0.46747 0.54005 0.094828 0.14755
2.3922 -8.628 0.92321 -1.7352 0.87186 -0.05612 0.9795 0.19149 1.0039 0.42391 0.59919 0.45977 0.022515
3.1524 -9.2332 0.59209 -2.0406 0.53944 -0.49582 1.0148 0.32165 1.0665 0.61175 0.86747 0.30459 0.94151
3.1988 -8.104 1.961 -0.94213 1.1606 -1.1587 0.48422 0.55008 0.90963 -0.24548 0.16592 -0.18432 0.37432
0.859 -8.0936 1.5171 -0.0052732 0.26777 -0.72475 0.16321 0.83088 0.25049 -0.49101 0.12408 0.45273 0.34062
-0.87492 -2.6954 1.0111 0.56816 0.35415 0.12281 -0.31314 -0.80008 0.31128 -0.35059 -0.73404 -0.34595 -0.81527
2.2628 -2.2658 1.2956 0.53531 -1.2976 -1.4199 -0.77726 -1.5823 0.2693 -0.49716 0.065216 -0.27859 -0.08786
2.8945 -2.0406 1.5068 -0.39245 -1.6227 -1.9669 -0.89714 -1.134 0.86004 -0.45569 -0.49883 -0.46816 0.10471
3.0941 -1.9025 0.73366 -1.0469 -1.3199 -2.1335 -1.1158 -1.227 1.1495 -0.63566 -0.82422 -0.44214 0.040513
3.1231 -1.9961 0.62265 -1.6931 -1.8513 -2.0354 -1.3198 -2.1206 0.78039 -0.61392 -0.94917 -1.0283 0.0040893
2.4692 -2.4136 0.73581 -0.87632 -1.3576 -1.7211 -1.2971 -2.0123 0.61429 -0.5132 -0.78476 -0.59449 -0.21524
0.82495 -2.7697 0.82449 0.31997 -0.35988 -0.53297 -1.0879 -2.0108 -0.067904 -0.69188 -0.72652 -0.24321 -0.61534
0.55184 -2.7018 1.2179 0.81218 -0.23718 -0.4045 -1.0639 -2.0504 0.26672 -0.39334 -0.29593 0.07967 -0.71701
0.26332 -2.8212 0.63934 0.13603 -0.33778 -0.26541 -0.23556 -0.98036 -0.28336 -0.55139 -0.23506 -0.35689 -0.68718
0.29853 -2.8155 0.69749 0.43831 0.11457 -0.096728 -0.53954 -1.0491 0.027697 -0.42245 -0.53187 -0.18124 -0.67079
0.098978 -2.7222 0.93839 0.70803 0.16883 0.024749 -0.61365 -1.3531 0.051675 -0.59395 -0.69332 -0.077087 -0.62274
0.17835 -2.8639 0.72019 0.57031 -0.16135 -0.2296 -0.67462 -1.4293 0.0053076 -0.49759 -0.50703 -0.19798 -0.72411
1.4908 -2.6187 0.42981 -0.026706 -0.11064 -0.71652 -1.2013 -1.3532 0.58507 0.10271 -0.022328 0.065511 -0.31851
2.7605 -1.8597 0.27611 -1.0285 -1.0459 -1.7716 -0.71343 -0.89602 1.0824 -0.053022 -0.55156 -1.0143 0.11192
3.2974 -1.2974 -0.25563 -2.1697 -1.2629 -1.6797 0.24659 -0.65396 0.45951 -0.46152 0.0045131 -1.3469 -0.024209
2.7006 -1.8397 -0.045192 -2.4154 -0.85704 -1.234 0.33786 -0.19813 0.38261 -0.22794 -0.2351 -1.3186 0.17508
2.3226 -2.1348 -0.20576 -2.2023 -0.87306 -0.97044 0.27017 -0.73545 0.20923 -0.14253 -0.15021 -1.0423 -0.16222
2.4863 -2.2221 -0.094704 -2.6935 -1.3549 -1.4475 0.4838 -0.28622 -0.13121 -0.69689 -0.25951 -1.5102 0.087768
2.2898 -2.3164 -0.41651 -2.778 -0.86128 -0.94634 0.60685 -0.61859 -0.2203 -0.087093 -0.20833 -1.1301 -0.18996
2.3054 -2.0982 -0.02405 -2.8013 -1.2968 -0.9694 0.99362 -0.43873 -0.5317 -0.77949 -0.14156 -1.8073 -0.15435
2.6983 -2.6758 -1.0744 -3.0467 -1.0485 -0.86038 0.17374 -0.90639 -0.49837 -0.58262 -0.52453 -1.1818 -0.56662
2.8119 -2.7787 -0.91567 -3.2006 -1.2011 -0.87217 -0.13949 -0.97741 -0.80536 -0.40136 -0.58607 -1.1851 -0.75441
2.9596 -2.1676 -0.37787 -2.7162 -1.3282 -1.0027 0.30467 -0.718 -0.17433 -0.45902 -0.31911 -1.3522 -0.16517
2.9288 -2.4788 -0.58952 -2.3631 -1.3581 -1.2157 0.26427 -0.70702 -0.32303 -0.42777 -0.29613 -1.3071 -0.29586
3.0266 -2.2997 -0.8311 -2.4167 -1.3209 -1.4034 -0.18016 -0.96524 0.025335 -0.40207 -0.57083 -1.2969 -0.18183
3.108 -1.8291 -0.85872 -2.951 -1.2188 -1.1536 0.15518 -1.1556 0.23308 -0.41813 -0.52812 -1.0431 -0.51018
3.0737 -2.0633 -1.0222 -2.4083 -0.91391 -1.2023 0.10997 -0.88516 0.048245 -0.090595 0.046323 -1.3207 -0.49662
2.7539 -2.2849 -0.52319 -2.6569 -1.1329 -1.174 0.06057 -0.81673 0.29663 0.088114 -0.1464 -1.43 -0.41675
2.0726 -2.7298 -0.29508 -2.8971 -1.0683 -1.5343 0.31245 0.11959 0.06531 -0.024876 0.028779 -1.5679 -0.2136
0.94666 -3.5504 -0.83764 -2.3546 -1.0285 -0.61255 0.22395 -0.48861 0.53647 0.26934 -0.10073 -0.46917 -0.22668
