-4.274 -2.8641 0.426 0.28487 0.69591 0.17352 -0.4532 -0.42179 0.48215 0.52881 0.32151 0.67927 -0.2307
-3.4737 -2.8555 0.33691 -0.01497 0.35368 0.34194 0.58233 0.60377 0.51233 0.08174 -0.25357 -0.1518 0.28589
-3.2421 -2.916 0.24899 0.17487 0.96799 0.75506 0.87782 1.0033 0.79549 0.20753 0.053453 0.040196 0.044868
-3.6698 -3.4436 0.51337 -0.073455 0.63071 0.99707 1.1357 0.17463 0.34321 0.4497 0.8777 0.73762 0.25535
-3.4939 -4.2766 1.0532 -0.6922 0.66652 0.24238 0.58431 0.22289 0.38912 0.32991 -0.17168 0.69412 0.42098
-2.4842 -6.6608 0.25767 0.22098 0.39299 0.093514 0.88998 0.026151 -0.010093 0.47882 0.31689 0.06626 0.17121
-0.49144 -7.1102 1.8854 -0.018716 0.17851 -0.46845 0.69662 -0.32872 0.33794 0.0649 1.2076 -0.19268 0.27657
0.57869 -8.8075 1.5481 -0.48436 0.83405 0.16648 0.86746 -0.31967 0.88733 0.19603 0.12645 0.12426 0.61345
0.57054 -8.1709 0.9373 -1.7419 0.40824 -0.096555 1.272 0.087788 0.82734 0.50635 0.50905 0.95808 0.50326
0.40668 -8.9386 0.86681 -0.95401 1.1376 0.1472 0.85192 0.18158 0.43442 0.80145 0.61916 0.87029 0.61062
0.82039 -9.331 0.083885 -1.0391 0.79177 0.213 1.2007 0.77343 0.71617 0.30823 0.75492 -0.81741 -0.55159
0.56703 -7.2918 1.6062 -0.83995 0.46131 -0.34734 0.94887 0.12276 0.63718 0.047429 0.65542 0.29554 0.16937
0.4599 -6.0621 0.30271 -0.23763 0.059779 -0.34887 0.81258 0.54457 0.53779 0.57321 0.44995 0.51002 0.49781
-0.8492 -2.3954 1.5296 0.077538 0.73917 -0.12131 0.47073 0.18117 -0.14439 -0.2319 0.051274 0.41523 -0.3006
2.4798 -0.37944 0.65053 -0.80297 -1.1486 -0.61476 -0.76187 -0.67814 0.92169 -0.36473 -0.38361 -0.18959 -0.12935
3.8166 -0.95865 -0.16241 -1.0909 -1.5249 -0.33005 -1.6846 -0.33768 1.5293 0.063083 -0.61057 -0.30285 -0.20086
3.841 -1.0029 -0.5123 -1.2558 -1.8596 -0.028244 -1.1318 -0.77654 1.4504 -0.14971 -0.92822 -0.45075 -0.23034
3.8927 -1.166 -1.2092 -1.4383 -1.6811 -0.0034628 -0.90356 -0.59021 1.0211 -0.22837 -0.95881 -0.86052 -0.33434
3.9256 -0.6216 -1.2672 -1.7972 -1.6932 -0.0857 -0.85816 -0.84631 1.0168 0.10608 -0.81506 -0.97525 -0.30824
3.039 -0.2775 -0.44891 -1.6918 -1.5694 -0.16832 -0.75596 -1.5129 0.669 0.21182 -0.19698 -1.2969 -0.088339
0.64581 -1.311 1.3012 -0.66949 -0.50091 -0.049851 -0.3244 -1.4216 0.58327 0.20661 -0.24189 -0.6379 -0.57357
-0.54658 -2.0427 0.95598 -0.26211 0.21863 -0.19995 0.00092709 -0.50155 0.35221 -0.36099 -0.56813 -0.42799 -0.61649
-0.90271 -2.4205 0.92214 -0.16487 -0.23554 -0.42063 -0.052751 -0.69088 0.56153 0.42193 0.23417 -0.74538 -0.84272
-1.1193 -2.2327 0.82833 -0.45461 -0.53225 -0.17033 0.57026 -0.49273 0.50419 0.067158 -0.089067 -0.74432 0.11978
0.088466 -1.9496 0.01157 -1.213 0.036056 -0.053444 0.13682 -0.95396 -0.34128 0.24888 0.49041 0.0025675 -0.54383
1.7677 -0.85645 0.17112 -2.0967 -0.97856 0.054412 -0.69474 -1.4686 0.16277 0.070382 0.11916 -0.627 -0.65026
3.1297 -0.36344 -0.87064 -1.9693 -1.3511 -0.32834 -0.27783 -0.97535 0.31419 0.60915 0.33279 -1.4229 -0.16262
4.1862 -0.69822 -1.8855 -2.2262 -1.7361 -0.00021367 0.014117 -0.75502 0.33559 0.39255 -0.088078 -1.6218 -0.25947
4.59 -1.4571 -2.7338 -2.3723 -1.8646 0.54628 0.096918 -0.71506 0.25018 0.061432 -0.56558 -1.7192 0.080493
4.5305 -1.6394 -2.669 -2.281 -1.8843 0.89001 0.14493 -0.76962 0.22604 0.079866 -0.93097 -1.4522 0.21334
4.6566 -1.8373 -2.7018 -2.3065 -1.9455 0.87092 0.09426 -0.64549 0.19034 -0.046308 -0.93522 -1.5483 0.24447
4.6162 -2.1538 -2.7721 -2.3894 -1.7849 0.80772 -0.032281 -0.1171 -0.30286 0.11021 -1.0636 -1.5301 0.45114
4.3874 -1.7474 -2.1859 -2.2787 -1.4079 0.80578 0.14346 0.11047 -0.32079 0.39149 -1.1084 -1.1436 0.58299
4.2955 -1.4654 -2.4272 -2.6739 -1.3761 0.24159 0.13098 -0.080722 -0.49673 0.357 -1.3596 -1.1416 0.45112
3.678 -1.1166 -1.9991 -2.6269 -1.1823 -0.089183 0.40834 -0.45295 -0.18852 0.21284 -1.5492 -0.8978 0.3523
3.0332 -0.6273 -1.3616 -2.7568 -0.66396 -0.046817 0.4268 -0.70744 0.39051 0.32923 -1.4802 -0.58246 0.15303
2.1 -0.62441 -0.91979 -2.6013 -0.49525 -0.15444 0.19631 -0.63951 0.63102 -0.070947 -1.0133 -0.7604 -0.2151
1.1398 -1.1403 0.087772 -2.063 -0.55937 -0.084558 0.64414 -0.71636 0.80157 -0.021954 -0.74576 -1.243 -0.69352
0.20351 -1.7113 -0.082799 -1.5765 0.18873 -0.052985 0.33493 -0.25277 0.31425 -0.61315 -1.1179 -0.80532 -0.74261
