0.11659 -0.60685 -2.2166
0.11659 -0.60685 -2.2166
0.11659 -0.60685 -2.2166
0.11659 -0.60685 -2.2166
0.11659 -0.60685 -2.2166
0.11659 -0.60685 -2.2166
0.11659 -0.60685 -2.2166
0.11659 -0.60685 -2.2166
0.11659 -0.60685 -2.2166
0.11659 -0.60685 -2.2166
0.11659 -0.60685 -2.2166
0.11659 -0.60685 -2.2166
0.11659 -0.60685 -2.2166
0.11659 -0.60685 -2.2166
0.11659 -0.60685 -2.2166
0.13089 -0.55928 -2.155
0.15495 -0.4792 -2.0513
0.17948 -0.39755 -1.9455
0.19575 -0.34343 -1.8753
0.20515 -0.31213 -1.8348
0.20515 -0.31213 -1.8348
0.20515 -0.31213 -1.8348
0.20515 -0.31213 -1.8348
0.20515 -0.31213 -1.8348
0.20515 -0.31213 -1.8348
0.20515 -0.31213 -1.8348
0.20515 -0.31213 -1.8348
0.20515 -0.31213 -1.8348
0.20515 -0.31213 -1.8348
0.20515 -0.31213 -1.8348
0.20515 -0.31213 -1.8348
0.20515 -0.31213 -1.8348
0.20515 -0.31213 -1.8348
0.20515 -0.31213 -1.8348
0.20515 -0.31213 -1.8348
0.20515 -0.31213 -1.8348
0.20515 -0.31213 -1.8348
0.20515 -0.31213 -1.8348
0.20515 -0.31213 -1.8348
0.20515 -0.31606 -1.8297
0.20515 -0.35173 -1.7835
0.20515 -0.41819 -1.6974
0.20515 -0.49985 -1.5916
0.20515 -0.58151 -1.4858
0.20515 -0.60318 -1.4577
0.20515 -0.60685 -1.453
0.20515 -0.60685 -1.453
0.20515 -0.60685 -1.3712
0.20515 -0.60685 -1.2243
0.20515 -0.60685 -1.0128
0.20515 -0.60685 -0.80116
0.2184 -0.60685 -0.70381
0.24125 -0.60685 -0.68928
0.26578 -0.60685 -0.68928
0.28315 -0.60685 -0.68928
0.2937 -0.60685 -0.68928
0.2937 -0.60685 -0.68928
0.2937 -0.60685 -0.68928
0.2937 -0.60685 -0.68928
0.2937 -0.60685 -0.68928
0.2937 -0.60685 -0.68928
0.2937 -0.60685 -0.66781
0.2937 -0.60685 -0.62119
0.2937 -0.60685 -0.51539
0.2937 -0.60685 -0.40959
0.2937 -0.60685 -0.3212
0.2937 -0.60685 -0.31026
0.2937 -0.60685 -0.30745
0.29661 -0.60685 -0.30745
0.30619 -0.60685 -0.30745
0.32867 -0.60685 -0.30745
0.35321 -0.60685 -0.30745
0.37774 -0.60685 -0.30745
0.40228 -0.60685 -0.30745
0.42682 -0.60685 -0.30745
0.45041 -0.60685 -0.30745
0.46564 -0.60685 -0.30745
0.47081 -0.60685 -0.30745
0.47081 -0.60685 -0.30745
0.47081 -0.60685 -0.30745
0.48752 -0.55122 -0.30745
0.51001 -0.47639 -0.30745
0.53455 -0.39473 -0.30745
0.55097 -0.34008 -0.27246
0.55936 -0.31213 -0.20287
0.55936 -0.31213 -0.097069
0.55936 -0.31213 0.0087273
0.55936 -0.31213 0.061809
0.55936 -0.31213 0.074394
0.55936 -0.31213 0.074394
0.55936 -0.31213 0.074394
0.55936 -0.31213 0.074394
0.55936 -0.31213 0.074394
0.55936 -0.31213 0.074394
0.55936 -0.31213 0.074394
0.55936 -0.31213 0.074394
0.55936 -0.31213 0.074394
0.56356 -0.31213 0.074394
0.5729 -0.31213 0.074394
0.59744 -0.31213 0.074394
0.62197 -0.31213 0.074394
0.64651 -0.31213 0.074394
0.67104 -0.31213 0.074394
0.69558 -0.31213 0.074394
0.71771 -0.30414 0.074394
0.73407 -0.27692 0.074394
0.73647 -0.20326 0.074394
0.73647 -0.1216 0.074394
0.73647 -0.039943 0.074394
0.75622 -0.024005 0.15954
0.77877 -0.017417 0.2568
0.80259 -0.017417 0.3626
0.81922 -0.017417 0.46839
0.82503 -0.017417 0.57419
0.82503 -0.017417 0.67999
0.82503 -0.017417 0.78578
0.84046 -0.017417 0.82504
0.86197 -0.017417 0.83807
0.88651 -0.017417 0.83807
0.90426 -0.017417 0.83807
0.91358 -0.017417 0.83807
0.91358 -0.017417 0.83807
0.91358 -0.017417 0.83807
0.92481 0.019954 0.83807
0.94516 0.087705 0.83807
0.9697 0.16936 0.83807
0.99424 0.23423 0.81632
1.0188 0.2773 0.76633
1.0433 0.2773 0.66053
1.0678 0.2773 0.55473
1.0852 0.30107 0.47973
1.0903 0.36583 0.45784
1.0907 0.44625 0.45623
1.0907 0.51649 0.45623
1.0907 0.57202 0.45623
1.0907 0.57202 0.45623
1.0907 0.57202 0.45623
1.0907 0.57202 0.45623
1.0907 0.57202 0.45623
1.0907 0.57202 0.45623
1.0907 0.57202 0.45623
1.0907 0.57202 0.45623
1.0907 0.57202 0.45623
1.0907 0.57202 0.45623
1.0907 0.57202 0.45623
1.1089 0.57202 0.53472
1.1307 0.57202 0.62891
1.1547 0.57202 0.7324
1.1728 0.57202 0.81023
1.1792 0.57202 0.83807
1.1792 0.57202 0.83807
1.1792 0.57202 0.83807
1.1651 0.61919 0.83807
1.1446 0.68746 0.83807
1.12 0.76912 0.83807
1.1009 0.83259 0.83807
1.0907 0.86673 0.83807
1.0907 0.86673 0.83807
1.0907 0.86673 0.83807
1.0702 0.86673 0.83807
1.032 0.86673 0.83807
0.98296 0.86673 0.83807
0.9379 0.86673 0.82073
0.8992 0.86673 0.77605
0.87466 0.86673 0.67026
0.85012 0.86673 0.56446
0.82559 0.86673 0.45866
0.80105 0.86673 0.35287
0.77652 0.86673 0.24707
0.75467 0.86673 0.15288
0.73647 0.86673 0.074394
0.73647 0.86673 0.074394
0.73647 0.86673 0.074394
0.74201 0.87595 0.062445
0.77755 0.93509 -0.014166
0.82277 1.0103 -0.11166
0.86889 1.0871 -0.2111
0.90724 1.1509 -0.29379
0.91358 1.1614 -0.30745
0.91358 1.1614 -0.30745
0.91358 1.1614 -0.30745
0.8969 1.1614 -0.23551
0.87579 1.1614 -0.14449
0.85125 1.1614 -0.040305
0.82672 1.1614 0.043602
0.80218 1.1614 0.074394
0.77765 1.1614 0.074394
0.75311 1.1614 0.074394
0.70269 1.1184 0.074394
0.63917 1.0535 0.074394
0.56557 0.97185 0.074394
0.5045 0.9041 0.074394
0.47081 0.86673 0.074394
0.47081 0.86673 0.074394
0.47081 0.86673 0.074394
0.4615 0.86673 0.034231
0.44374 0.86673 -0.042347
0.4192 0.86673 -0.14814
0.40071 0.86673 -0.25394
0.39438 0.86673 -0.35974
0.41892 0.86673 -0.46553
0.44345 0.86673 -0.57133
0.47379 0.88604 -0.65211
0.51497 0.94141 -0.68616
0.56331 1.0207 -0.68928
0.6104 1.1089 -0.67221
0.65469 1.2065 -0.63091
0.67922 1.3698 -0.41932
0.70376 1.5331 -0.20773
0.72829 1.6964 -0.00649
0.75283 1.8598 0.13457
0.77736 2.0231 0.25072
0.7998 2.1829 0.35652
0.81644 2.3331 0.46231
0.79908 2.4267 0.56811
0.77454 2.5083 0.67391
0.75001 2.59 0.7797
0.71028 2.6211 0.8855
0.6654 2.635 0.99129
0.61586 2.6342 1.0971
0.55946 2.622 1.2029
0.47701 2.5665 1.3087
0.37887 2.4849 1.4145
0.28073 2.4032 1.5203
0.17085 2.3215 1.5755
0.054269 2.2399 1.6017
-0.068409 2.1582 1.6017
-0.19109 2.0571 1.6017
-0.31377 1.8935 1.6017
-0.43644 1.6486 1.6017
-0.55912 1.4036 1.6017
-0.66501 1.2145 1.6017
-0.75484 1.0789 1.6017
-0.82845 0.9972 1.6017
-0.90206 0.91554 1.5929
-0.97566 0.83388 1.5592
-1.0493 0.75222 1.4534
-1.1229 0.67057 1.3476
-1.1913 0.60612 1.2418
-1.2497 0.57514 1.136
-1.2997 0.57202 1.0302
-1.3475 0.5634 0.93557
-1.3933 0.54198 0.85753
-1.4179 0.37867 0.96333
-1.4424 0.21535 1.0691
-1.4649 0.06573 1.166
-1.4745 0.0019057 1.2074
-1.4774 -0.017417 1.2199
-1.478 -0.019587 1.2199
-1.4806 -0.028034 1.2199
-1.5011 -0.096258 1.2199
-1.5256 -0.17792 1.2199
-1.5501 -0.25957 1.2199
-1.5747 -0.34123 1.2199
-1.5992 -0.42289 1.2199
-1.6236 -0.50413 1.2194
-1.6459 -0.57828 1.2096
-1.6545 -0.60685 1.1409
-1.6545 -0.60685 1.0351
-1.6545 -0.60685 0.92928
-1.665 -0.64198 0.77796
-1.6824 -0.69977 0.59729
-1.7069 -0.78143 0.3857
-1.7315 -0.85748 0.18864
-1.756 -0.90157 0.074394
-1.7805 -0.90157 0.074394
-1.8051 -0.90157 0.074394
-1.8221 -0.90157 0.04204
-1.8316 -0.90157 -0.02289
-1.8316 -0.90157 -0.12869
-1.8305 -0.90523 -0.22973
-1.824 -0.92691 -0.30745
-1.7994 -1.0086 -0.30745
-1.7749 -1.0902 -0.30745
-1.7549 -1.1567 -0.30745
-1.7442 -1.1924 -0.30745
-1.743 -1.1963 -0.30745
-1.7437 -1.1963 -0.30471
-1.7453 -1.1963 -0.29772
-1.7698 -1.1963 -0.19192
-1.7944 -1.1963 -0.086124
-1.8154 -1.2021 0.012175
-1.8129 -1.2471 0.0596
-1.7952 -1.3174 0.074394
-1.771 -1.3981 0.075599
-1.7475 -1.476 0.080463
-1.743 -1.491 0.16681
-1.743 -1.491 0.27261
-1.743 -1.491 0.37841
-1.743 -1.5319 0.43124
-1.743 -1.5942 0.45623
-1.743 -1.6758 0.45623
-1.7421 -1.7546 0.45623
-1.727 -1.7857 0.45623
-1.7024 -1.7857 0.45623
-1.6779 -1.7857 0.45623
-1.6628 -1.7857 0.45623
-1.6545 -1.7857 0.45623
-1.6545 -1.7857 0.45623
-1.654 -1.7857 0.45623
-1.6438 -1.7857 0.45623
-1.6192 -1.7857 0.45623
-1.5947 -1.7857 0.45623
-1.5702 -1.7636 0.48485
-1.5456 -1.7181 0.54379
-1.5211 -1.6365 0.64958
-1.4966 -1.5548 0.75538
-1.472 -1.4732 0.86118
-1.4475 -1.3915 0.96697
-1.4229 -1.3099 1.0728
-1.4024 -1.2415 1.1614
-1.3903 -1.2011 1.2137
-1.3888 -1.1963 1.2199
-1.3888 -1.1963 1.2199
-1.3888 -1.1963 1.2199
