1.549 0.58018 -0.49315
1.549 0.58018 -0.49315
1.549 0.58018 -0.49315
1.549 0.58018 -0.49315
1.549 0.58018 -0.49315
1.549 0.58018 -0.49315
1.549 0.58018 -0.49315
1.549 0.58018 -0.49315
1.549 0.58018 -0.49315
1.549 0.58018 -0.49315
1.549 0.58018 -0.49315
1.549 0.58018 -0.49315
1.549 0.58018 -0.49315
1.549 0.58018 -0.49315
1.549 0.58018 -0.49315
1.549 0.58018 -0.49315
1.549 0.58018 -0.49315
1.549 0.58018 -0.49315
1.549 0.58018 -0.49315
1.549 0.58018 -0.49315
1.549 0.58018 -0.49315
1.549 0.58018 -0.49315
1.549 0.58018 -0.49315
1.549 0.58018 -0.49315
1.549 0.58018 -0.49315
1.549 0.58018 -0.49315
1.549 0.58018 -0.49315
1.549 0.58018 -0.49315
1.549 0.58018 -0.49315
1.549 0.58018 -0.49315
1.549 0.58018 -0.49315
1.549 0.58018 -0.49315
1.549 0.58018 -0.49315
1.5481 0.58085 -0.49315
1.5433 0.58432 -0.49315
1.5385 0.58779 -0.49315
1.5011 0.61487 -0.49315
1.458 0.64609 -0.49315
1.4149 0.67732 -0.49315
1.3718 0.70854 -0.49315
1.3296 0.73908 -0.49315
1.2923 0.76613 -0.49315
1.2549 0.79319 -0.49315
1.2482 0.79804 -0.49315
1.2482 0.79804 -0.49315
1.2482 0.79804 -0.49315
1.2482 0.79804 -0.49315
1.2482 0.79804 -0.49315
1.2482 0.79804 -0.49315
1.2482 0.79804 -0.49315
1.2482 0.79804 -0.49315
1.2482 0.79804 -0.49315
1.2482 0.79804 -0.49315
1.2482 0.79804 -0.49315
1.2482 0.79804 -0.49315
1.2482 0.79804 -0.49315
1.2482 0.79804 -0.49315
1.2482 0.79804 -0.49315
1.2482 0.79804 -0.49315
1.2482 0.79804 -0.49315
1.2482 0.79804 -0.49315
1.2482 0.79804 -0.49315
1.2482 0.79804 -0.49315
1.2482 0.79804 -0.49315
1.2482 0.79804 -0.49315
1.2482 0.79804 -0.49315
1.2482 0.79804 -0.49315
1.2482 0.79804 -0.49315
1.2482 0.79804 -0.49315
1.2482 0.79804 -0.49315
1.2482 0.79804 -0.49315
1.2482 0.79804 -0.49315
1.2482 0.79804 -0.49315
1.2482 0.79804 -0.49315
1.2482 0.79804 -0.49315
1.2482 0.79804 -0.49315
1.2482 0.79804 -0.49315
1.2482 0.79804 -0.49315
1.2482 0.79804 -0.49315
1.2482 0.79804 -0.49315
1.2482 0.79804 -0.49315
1.2482 0.79804 -0.49315
1.2482 0.79804 -0.49315
1.2355 0.81239 -0.51869
1.2226 0.82696 -0.54462
1.1868 0.86725 -0.61632
1.1383 0.92189 -0.71356
1.0898 0.97653 -0.8108
1.0413 1.0312 -0.90803
0.99281 1.0858 -1.0053
0.94283 1.1383 -1.1025
0.89278 1.1907 -1.1997
0.84038 1.2397 -1.297
0.7865 1.2865 -1.3942
0.73261 1.3333 -1.4915
0.67873 1.3802 -1.5887
0.62484 1.427 -1.6859
0.56786 1.4693 -1.7738
0.51062 1.5113 -1.861
0.44906 1.547 -1.9352
0.3844 1.5782 -2
0.31974 1.6095 -2.0648
0.25508 1.6407 -2.1296
0.19042 1.6719 -2.1945
0.12897 1.6915 -2.2303
0.067902 1.7097 -2.2627
0.010801 1.7135 -2.2593
-0.043084 1.7057 -2.2269
-0.096968 1.6979 -2.1945
-0.15085 1.6901 -2.162
-0.20474 1.6823 -2.1296
-0.25365 1.6697 -2.0673
-0.30178 1.6563 -2.0003
-0.34448 1.6377 -1.9006
-0.3822 1.6143 -1.7709
-0.41991 1.5909 -1.6413
-0.45763 1.5675 -1.5116
-0.49535 1.5441 -1.382
-0.52797 1.5182 -1.2523
-0.55958 1.4918 -1.1227
-0.58624 1.4631 -0.99303
-0.60779 1.4318 -0.86338
-0.62935 1.4006 -0.73373
-0.6509 1.3694 -0.60407
-0.67245 1.3382 -0.47442
-0.69227 1.3044 -0.35522
-0.71167 1.2701 -0.23854
-0.72957 1.2336 -0.13085
-0.74574 1.1946 -0.033609
-0.7619 1.1555 0.063629
-0.77807 1.1165 0.16087
-0.79423 1.0775 0.25811
-0.81393 1.041 0.3341
-0.83464 1.0053 0.40397
-0.85805 0.9715 0.45762
-0.885 0.94027 0.49004
-0.91194 0.90905 0.52245
-0.93888 0.87783 0.55486
-0.96582 0.84661 0.58728
-0.99098 0.81797 0.61969
-1.0155 0.79022 0.6521
-1.0389 0.76422 0.68451
-1.0604 0.7408 0.71693
-1.082 0.71738 0.74934
-1.1035 0.69397 0.78175
-1.1251 0.67055 0.81416
-1.1466 0.64452 0.84658
-1.1682 0.61746 0.87899
-1.1897 0.58885 0.9114
-1.2113 0.55763 0.94382
-1.2329 0.52641 0.97623
-1.2544 0.49519 1.0086
-1.276 0.46396 1.0411
-1.2957 0.43536 1.0517
-1.3146 0.40796 1.0524
-1.3326 0.38192 1.0418
-1.3488 0.3585 1.0094
-1.3649 0.33509 0.97695
-1.3811 0.31167 0.94454
-1.3973 0.28825 0.91212
-1.408 0.2596 0.86883
-1.4159 0.2282 0.81985
-1.4213 0.19441 0.76591
-1.4213 0.15539 0.70108
-1.4213 0.11636 0.63625
-1.4213 0.077332 0.57143
-1.4213 0.038305 0.5066
-1.4177 0.0018868 0.45261
-1.412 -0.032978 0.40508
-1.4048 -0.066809 0.36183
-1.394 -0.098031 0.32941
-1.3832 -0.12925 0.297
-1.3725 -0.16048 0.26459
-1.3617 -0.1917 0.23218
-1.3527 -0.22033 0.18901
-1.3449 -0.24722 0.13859
-1.3377 -0.27322 0.084517
-1.3324 -0.29664 0.019692
-1.327 -0.32006 -0.045134
-1.3216 -0.34347 -0.10996
-1.3162 -0.36689 -0.17478
-1.309 -0.38775 -0.21837
-1.3005 -0.40665 -0.24574
-1.2915 -0.42482 -0.26698
-1.2807 -0.44043 -0.26698
-1.27 -0.45604 -0.26698
-1.2592 -0.47166 -0.26698
-1.2484 -0.48727 -0.26698
-1.2376 -0.50288 -0.25653
-1.2269 -0.51849 -0.23708
-1.2161 -0.5341 -0.21512
-1.2053 -0.54971 -0.18271
-1.1945 -0.56532 -0.1503
-1.1838 -0.58093 -0.11788
-1.173 -0.59654 -0.08547
-1.1605 -0.61215 -0.042822
-1.1464 -0.62777 0.0097582
-1.1319 -0.64338 0.064349
-1.1157 -0.65899 0.12917
-1.0996 -0.6746 0.194
-1.0834 -0.69021 0.25883
-1.0672 -0.70582 0.32365
-1.0511 -0.72143 0.40843
-1.0349 -0.73704 0.51503
-1.0188 -0.75265 0.62473
-1.0026 -0.76826 0.75438
-0.98642 -0.78388 0.88403
-0.97025 -0.79949 1.0137
-0.95409 -0.8151 1.1433
-0.93792 -0.83071 1.2633
-0.92176 -0.84632 1.3714
-0.90559 -0.86193 1.4783
-0.88943 -0.87754 1.5755
-0.87326 -0.89315 1.6727
-0.8571 -0.90876 1.77
-0.84093 -0.92437 1.8672
-0.82322 -0.94448 1.9271
-0.80334 -0.97084 1.9351
-0.78334 -0.99757 1.94
-0.76178 -1.0288 1.9076
-0.74023 -1.06 1.8751
-0.71867 -1.0912 1.8427
-0.69712 -1.1225 1.8103
-0.67705 -1.1451 1.76
-0.65933 -1.1541 1.6815
-0.64168 -1.1627 1.6022
-0.62551 -1.1627 1.5049
-0.60935 -1.1627 1.4077
-0.59318 -1.1627 1.3104
-0.57702 -1.1627 1.2132
-0.56085 -1.1607 1.0989
-0.54469 -1.1549 0.95416
-0.52852 -1.1492 0.80912
-0.51236 -1.1414 0.64706
-0.49619 -1.1336 0.48499
-0.48003 -1.1258 0.32293
-0.46386 -1.118 0.16087
-0.44636 -1.1121 0.0068447
-0.42612 -1.1102 -0.13073
-0.40589 -1.1083 -0.2683
-0.38435 -1.1082 -0.39807
-0.3628 -1.1082 -0.52772
-0.34124 -1.1082 -0.65738
-0.31969 -1.1082 -0.78703
-0.29814 -1.11 -0.88658
-0.27658 -1.1161 -0.91539
-0.25503 -1.1222 -0.9442
-0.23348 -1.1299 -0.94549
-0.21192 -1.1377 -0.94549
-0.19037 -1.1455 -0.94549
-0.16881 -1.1533 -0.94549
-0.14842 -1.1595 -0.94549
-0.13118 -1.161 -0.94549
-0.11393 -1.1626 -0.94549
-0.097686 -1.1627 -0.94549
-0.081521 -1.1627 -0.94549
-0.065356 -1.1627 -0.94549
-0.04919 -1.1627 -0.94549
-0.035141 -1.1627 -0.93276
-0.027837 -1.1627 -0.87946
-0.020532 -1.1627 -0.82616
-0.014944 -1.1627 -0.76254
-0.0095555 -1.1627 -0.69771
-0.004167 -1.1627 -0.63289
0.0012214 -1.1627 -0.56806
0.0066099 -1.1641 -0.49751
0.011998 -1.1707 -0.40532
0.017387 -1.1773 -0.31312
0.022775 -1.1849 -0.21656
0.028164 -1.1927 -0.11932
0.033552 -1.2005 -0.022085
0.03894 -1.2083 0.075154
0.043493 -1.2173 0.17742
0.044211 -1.2319 0.30275
0.044929 -1.2465 0.42808
0.045047 -1.2619 0.55702
0.045047 -1.2775 0.68667
0.045047 -1.2931 0.81633
0.045047 -1.3088 0.94598
0.044333 -1.3233 1.067
0.039543 -1.332 1.1391
0.034753 -1.3407 1.2111
0.029481 -1.3486 1.2773
0.024092 -1.3565 1.3421
0.018704 -1.3643 1.407
0.013315 -1.3721 1.4718
0.007927 -1.379 1.5331
0.0025386 -1.3797 1.5684
-0.0028498 -1.3804 1.6037
-0.0082383 -1.3806 1.6367
-0.013627 -1.3806 1.6691
-0.019015 -1.3806 1.7016
-0.024404 -1.3806 1.734
-0.029792 -1.3793 1.761
-0.03518 -1.3647 1.7329
-0.040569 -1.3501 1.7048
-0.045957 -1.3348 1.6735
-0.051346 -1.3192 1.6411
-0.056734 -1.3035 1.6086
-0.062123 -1.2879 1.5762
-0.067511 -1.2728 1.5438
-0.0729 -1.2646 1.5114
-0.078288 -1.2565 1.479
-0.083676 -1.2486 1.4466
-0.089065 -1.2408 1.4142
-0.094453 -1.233 1.3817
-0.099842 -1.2251 1.3493
-0.10554 -1.2176 1.316
-0.12147 -1.2174 1.2519
-0.1374 -1.2172 1.1878
-0.15349 -1.2172 1.1232
-0.16965 -1.2172 1.0583
-0.18582 -1.2172 0.99352
-0.20198 -1.2172 0.92869
-0.21815 -1.2172 0.86386
