76.6 33.3 89.6 78.3 70.8 21.7 29 16.4 81.3 80.6 133.2 25.9 -4.6 6.8 33 22.9 16.1 14.9 19.8 35.2 16.2 27.5 29.8 67.3 28.9 23.8 29.3 16.5
71.3 26.4 83.6 72.4 67.4 20.1 26.3 13.8 79.1 77.8 130.5 21.7 -6.5 5.5 31.4 21.1 14.5 13.3 18.5 37.1 17.7 28.9 31.1 68.5 29.5 24.9 30.8 17.6
68.5 19.1 75.3 63.4 60.6 18.6 23 9.5 74.9 73.2 125.6 13.9 -8.1 3.9 29 17.9 11.4 10 16.2 37.3 17.1 27.7 29.7 67.1 27.5 23.8 29.9 15.6
67.4 12.1 66.4 53.8 53.7 18.5 20.5 5.4 69.9 68.5 120.9 6.6 -8.4 2.6 26.5 14.6 8 6.1 14.4 35.9 14.4 24.2 26 63.5 23.9 20.9 27.7 12.2
67.5 7.4 61.2 48.5 50.4 19.5 20 3.8 67 66.3 118.6 3.1 -7.6 2.1 25.4 13.2 6.2 4 14.3 33.4 10.9 20.6 22.6 59.8 20.7 18.3 25.9 10.1
68.1 6.6 60.9 48.8 50.2 20.6 20.2 4 66.3 65.9 117.7 2.3 -7.1 1.5 25.5 12.6 5.4 3.3 14.3 30.1 7.6 17.8 20.2 57.1 18.6 16.5 24.2 9.5
66.2 5.7 59.3 48.7 47.5 20.8 18.8 2.7 64.7 63.6 115.2 0.9 -8.2 -0.7 24.3 10.5 3.6 1.5 12.6 27.6 5.5 15.9 18.7 55.3 17.1 15.3 22.6 9.1
61 -0.6 51.5 42.8 39.6 19.2 14.8 -2 60 58.3 110.4 -1.6 -10.8 -4.4 20.9 6.4 0 -1.8 9.9 27.6 5.1 15.4 17.9 54.6 16.3 15.3 22.1 9
57.4 -5 45.6 37 33 15.2 10.9 -6.1 56 53.9 106.9 -3.3 -13.8 -7.4 17.3 3.1 -3.2 -4.7 8.1 28.4 5.2 15.5 17.3 54.5 16.1 15.7 21.6 8.9
58.7 -0.6 48.8 38.9 33.6 9.8 9.6 -5.7 57 54.2 107.3 -2 -15.8 -7.9 16.1 3 -3.3 -5.1 8 28.1 4.8 15.4 16.6 54.7 15.9 15.4 20.2 8.5
61.8 7.6 55.7 45 38.6 5.3 10.6 -2.2 61.3 57.7 110.3 1.9 -15.8 -6.5 17.6 5.3 -1.1 -3.2 9.1 27.1 3.5 14.5 15.9 54.4 15.5 14.7 18.7 8.2
63.8 14.3 61.4 50.2 43 2.2 11.9 0.8 65.4 60.9 112.9 4.8 -15.2 -5.6 19.1 7.5 0.4 -1.7 9.7 25.7 1.5 12.8 14.7 53.2 14.3 13.5 16.8 7.2
64.9 18.7 67 54.5 45.8 -0.5 12.4 2.1 67.4 62.6 113.8 4.4 -15.4 -6.8 19.1 7.9 -0.3 -2.3 8.4 23 -1 10.3 12.9 50.8 12.2 11.4 13.7 4.2
65.3 22 72.4 58.1 47.5 -3.3 11.9 2.2 67.5 63 113 1.3 -16.8 -9.2 17.5 6.6 -2.3 -4.5 5.9 19.5 -3.5 7.9 11.2 48.6 9.9 9 10.4 0.3
64.5 24.9 75.2 59.9 47.6 -5.8 10.9 1.5 66.7 62.4 111.2 -2.4 -18.3 -11.3 15.6 5.2 -3.9 -6.4 3.8 17.1 -4.6 6.9 10.7 48.2 9.2 8 8.5 -1.7
63.2 25.3 74.4 59.1 45.9 -6.9 9.9 0.2 66 61.1 109.5 -5 -19 -12.2 14.6 4.5 -4.3 -6.7 3.3 16.6 -4.4 7 11.3 49.2 10.3 8.9 8.4 -1
63 24.1 73.9 58.3 44.8 -6.2 9.7 -0.5 65.8 60.1 108.6 -6.1 -19.5 -12.6 14.2 4.1 -4.6 -6.7 3.2 15.1 -5.4 5.8 10.4 48.5 9.9 8.8 6.6 -1
65.3 26.9 78.6 61.7 47 -3.8 10.9 1.1 67.2 61 109.2 -5.2 -20.3 -13.2 14 3.8 -5.1 -6.9 2.3 10.8 -9 2 7 45 6.7 6 1.3 -4.7
67.9 29.4 82.9 65.5 50.4 -0.7 12.6 3.4 68.6 62.8 111.2 -2.2 -20.2 -13.4 13.9 4.2 -5.1 -6.7 1.6 7.7 -12.1 -1.3 4.1 42.1 3.7 3.4 -3.2 -8.6
67.6 25.3 80.1 64.4 51 1 12.8 3.1 67.6 63 112.4 1.4 -19.7 -13.7 13.1 3.9 -5.3 -6.5 1.5 8.5 -12.7 -2.2 3.5 41.7 3.4 3.5 -3.9 -9.3
65.1 18.1 74.3 60.5 49.3 0.2 11.3 0.2 64.8 61.4 112 3.2 -19.8 -14.8 11.5 2.5 -6.2 -7.4 0.9 11 -11.8 -1.2 4.7 42.6 4.9 5.3 -2.3 -7.4
62.7 12.4 69.1 56.9 47.6 -0.8 9.4 -2.7 62.4 60 111.4 3.8 -19.1 -15.5 10.6 1.4 -6.6 -7.9 1.1 14.1 -9.7 0.7 6.8 44.4 7.3 7.9 0.6 -3.8
60.6 8 63.3 53.2 47.2 -0.2 8.3 -4.7 60.9 59.5 112.4 5.8 -16.8 -15 10.9 1.7 -5.6 -6.8 3.6 17.8 -7.3 2.7 8.9 46.4 9.5 10.7 4.3 0.1
58.6 3.1 56.9 48.9 48.9 1.1 8 -6.2 59.9 59.9 116.1 10.3 -14.3 -14.1 11.4 2.6 -4 -4.3 7.7 20.4 -6.2 3.4 9 46.8 10.2 12.2 7 1.9
57.2 -2.9 51.9 44.7 52.4 1.7 7.4 -7.6 58.8 60.5 120.4 14.8 -13.6 -14.6 10.9 2.9 -3.4 -2.5 10.7 19.9 -7.8 2 6.7 44.6 8 11.4 7.4 0.7
56 -7 49.4 41.3 54.8 0.6 5.2 -9.8 56.5 59.4 120.8 14 -15.9 -17 8.6 1.1 -5.4 -3.9 9.9 16.9 -11.1 -1.6 2.8 40.2 3.4 8.2 5.9 -2.1
53.2 -9.4 46.7 37.1 52.7 -2.2 1.8 -12.8 52.7 55.8 115.8 7.5 -19.5 -20.4 5 -2.5 -9.3 -8.2 6.2 15 -13.4 -4.5 -0.2 36.7 -0.6 5.5 5.2 -3.4
47.6 -14.9 39.7 30.3 45 -5.5 -2.1 -16.8 47.5 50.3 108.4 -0.3 -22.3 -22.8 1.8 -6.5 -13.3 -12.4 3 17 -12.5 -4.3 -0.3 36.3 -1.1 5.7 7.5 -1.2
42.5 -18.8 34 26.1 36.6 -8.4 -5.2 -20.3 43.7 45.3 101.9 -6.4 -24.1 -24.1 0 -9.8 -16.5 -15.5 0.9 19.1 -11 -2.9 0.2 36.6 -0.6 6.3 9.9 1.3
42 -14.9 36 28.6 33.2 -9.4 -5.8 -20.8 43.8 43.5 98.5 -10.6 -24.3 -23.9 -0.1 -11 -18 -17.1 -0.3 18.4 -10.8 -2.8 -0.6 35.5 -1.5 5.2 9.8 1.2
45.4 -7.4 41.9 34 34.1 -7.6 -3.7 -18.3 46.3 44.9 98.4 -12.4 -22.2 -21.8 1.3 -9.8 -17.4 -17.1 0.2 16.9 -11.1 -3.7 -2.2 33.7 -3.5 3.1 8.6 -0.1
49.6 -1.3 47.8 39 36.6 -4.2 -0.3 -14.9 48.9 47.7 100.3 -11.6 -19 -19.3 2.9 -7.8 -16.3 -16.3 1.3 16 -11.2 -4.7 -3.5 32 -5.3 1.2 7.1 -1.8
52.7 3.8 54.4 44.4 39.7 -0.7 2.7 -11.6 51.9 50.9 103.1 -8.8 -15.9 -17 4.4 -5.8 -15.4 -15.4 1.6 15.6 -10.4 -4.5 -3.4 31.4 -6 0.3 6 -3.1
54.2 8.7 60.8 49.5 42.2 1.8 4.5 -9.1 55.1 53.4 105.2 -6 -13.9 -14.9 6 -4.3 -14.7 -14.2 1.4 16.3 -8 -2.3 -1.6 32.6 -4.9 0.9 6.9 -2.9
54.5 12.9 64.7 51.6 42.2 2.3 5.1 -8.1 56.6 54.1 105.5 -5.1 -13.6 -13.7 7.2 -3.8 -14.7 -13.4 1.2 18.9 -4.1 1 1 34.8 -2.6 2.6 10.3 -0.9
54.4 14.2 65 50.6 40.3 1.3 5.4 -7.7 56.6 53.8 105.2 -5.4 -14.1 -12.8 8.4 -3.6 -14.4 -12.6 2.3 23.1 -0.2 4.2 3.5 37.3 0.1 5 14.7 1.8
55.4 15.3 65.9 51.1 39.9 1 6.6 -6.2 57.8 54.7 106.3 -4.7 -14 -11.1 10.4 -2.1 -12.8 -11 4.3 26 2.1 6.2 5.1 38.6 1.6 6.6 17 3.3
58.7 21.3 72.1 56.8 43.1 2.1 9.3 -2.4 62 58.4 109.2 -2.4 -13.4 -8.4 13.3 0.8 -9.9 -8.7 5.9 25.4 2 6.3 5.1 37.8 1.3 5.9 15.9 2.2
61.7 25.4 77.2 61.4 46.8 3.8 11.7 1.1 65.8 62 112.1 0.5 -12.5 -5.9 16 3.9 -7.4 -6.3 7.4 24.1 1.8 6.2 5.2 37.3 1.1 5 14.5 0.7
61 20.7 74.4 59 46.7 4.4 11.6 1 65.6 62.4 112.4 2.1 -11.9 -4.8 16.8 4.9 -6.5 -5.2 8.6 25.6 3.2 7.6 6.5 38.8 2 5.8 15.8 0.8
57.7 12.2 68.1 53.3 43.6 2.7 9.7 -1.5 62.7 60.2 110.5 1.8 -11.9 -5.1 16.1 3.6 -7.2 -5.7 8.6 29.2 5.8 10.1 8.6 41.6 3.7 7.4 18.4 1.7
53.9 4.6 61.8 47.4 39.3 -0.1 7.8 -4.3 59.2 57.1 108.6 1 -12.1 -5.8 15.1 1.4 -8.3 -7 7.6 32.5 8.2 12.7 10.6 44.1 5.1 8.8 20.7 2.4
49.4 -2.8 53.4 40 34.4 -3.3 5.8 -7.9 54.8 53.5 107.1 1.3 -12.3 -7 13.8 -1.1 -9.7 -8.6 6.2 33.9 8.6 13.4 10.8 44.5 5.2 9.2 21.6 2.1
45.8 -10.1 44.6 32.8 31.4 -5.3 4.4 -11.5 51 50.9 106.7 3.8 -11.6 -8.1 12.4 -2.8 -10.6 -9.4 5.5 33.4 7.5 12.2 9.7 43.5 4.3 8.8 21.6 1.2
45.3 -14.6 40.6 30.3 33.8 -4.2 5.8 -12 50.8 52 109.2 9.2 -8.3 -7 13.3 -1.4 -8.9 -7.3 7.2 33.3 7.1 11.6 9.8 43.3 4.7 9.2 22.6 1
46.8 -14 42.4 33 39.3 -1.3 8.7 -10 53.7 55.7 113.6 16.1 -5 -4.9 15.6 1.7 -6 -4 9.5 34 7.9 12.3 11.3 44.3 6.4 10 24.5 1.5
46.7 -12.5 43.6 34.5 41.4 0.2 9 -9.2 55 57.4 116.6 22.1 -5 -4.4 16.4 3 -5 -2.8 9.3 35.2 8.8 13.7 13.3 46 8.2 10.6 26.7 2.7
44 -16.1 38.5 30.2 37.2 -0.6 6.2 -11.2 52.3 55.3 116.5 24 -7.5 -5.3 15 1.7 -5.8 -3.7 7.4 38 10.5 16.3 16.1 48.8 10.5 11.8 30.3 5.6
42.5 -18.4 34 26.1 31.7 -1.9 3.9 -12.7 49.4 52.6 114.3 18.7 -9.8 -6.1 13.7 0.4 -6.4 -4.8 6.4 40.8 12.6 18.8 19 51.5 12.7 13.3 33.9 8.6
45.8 -12.8 37.3 28.7 31 -0.6 5.5 -10.1 50.8 52.9 112.3 7.6 -8.9 -4.4 15.4 2 -4.5 -4.2 8.5 42.6 14.7 20.8 21.3 53.7 14.4 14.7 36.3 10.2
51.8 -3.9 44.7 34.8 35.2 4.1 10.2 -5 55.7 56.4 112 -2.7 -4.3 -0.3 20 6.3 -0.7 -1.6 13.3 43.7 16.6 22.6 22.9 55.7 15.7 16.5 38.5 11.5
55.8 2.5 50.8 40.1 40 8.2 13.8 -1.6 60 59.9 112.6 -7.2 -0.9 2.2 23.2 9.7 1.7 0.4 16.5 42.8 16.7 23.1 22.8 56.3 15.7 16.8 39.4 11.3
55.3 4.7 54.5 43.5 41.2 7.3 13 -2.6 60.8 60 111.6 -7.3 -3.5 -0.6 21.6 9.1 0 -1.3 14.4 37.4 12.7 20.1 19.5 53.9 13.2 13.3 36.3 7.5
51.3 4.3 55.9 43.8 37.7 0.8 7.9 -7.3 57.6 56.1 107.6 -8 -11.5 -7.7 15.7 4 -5.2 -6.8 7.6 29.1 5.9 14.5 14.4 49.5 8.7 6.8 30 0.9
47.2 4.1 55.3 41.8 32.8 -6.5 2.1 -12.2 53.1 51.1 102.8 -10.6 -19.3 -14.3 9.6 -1.9 -10.5 -12.2 0.8 22.9 0.7 10.3 11.2 46.2 5.3 1.6 25.3 -4
45.8 4.3 54 39.8 30.4 -9.6 -0.6 -14 50.4 49 101 -11.6 -22.2 -16.8 7.1 -4.1 -12.1 -13.8 -1.8 22.2 -0.2 10.3 11.9 46.7 5.5 0.5 25.5 -4.2
48.3 6.3 55.5 41.1 32.2 -7.9 0.8 -11.9 51.6 50.7 103.4 -8.8 -21 -15.3 8.6 -2.1 -9.8 -11.5 -0.4 23.6 0.6 12.2 14 48.9 7.4 1.9 26.9 -2.6
53.9 13.7 63 47.4 37.1 -4 5.2 -7.1 56.4 55.2 108.1 -4.1 -18.9 -12.6 11.8 1.8 -6 -8.2 1.7 22.3 0.1 12.7 15 49.8 8 2.1 25 -3.3
58.9 19.6 69.8 53.4 41.9 -0.4 9.9 -2.8 61.6 59.7 112.2 0 -16.6 -9.7 15.2 5.9 -1.9 -5 4.1 20.9 0.1 13.3 16.4 50.8 8.7 2.4 23.1 -3.7
59.7 17.4 69.2 53.6 43.9 1.5 12.2 -1.2 63.9 62.2 114.4 2.4 -14.2 -7.2 18.1 9.2 1.6 -2.2 6.7 23.8 3 16.3 20.2 54.1 11.8 5.3 26.3 0
57.3 11.1 64.8 50.3 43.5 0.8 11.5 -2 63.5 62.5 115.3 3.7 -13 -5.8 19.6 10.8 3.4 -0.2 8.5 29.3 7.4 20.9 25.3 58.8 16.4 9.5 32.9 5.8
54.5 5.3 60.2 46.6 41.9 -0.6 9.7 -3.1 62 61.9 116.2 5.3 -12.5 -4.8 20.2 11.4 4.3 1.3 9.8 34.8 11.8 25.4 29.9 63.2 20.7 13.4 39.2 11.4
52.7 0.4 55.1 42.9 39.7 -0.7 8.5 -3.8 60.3 61.1 117.4 8 -11 -3.2 21 12.2 5.2 3 12.2 39.4 15.3 28.8 32.7 66.2 24 16.6 44.2 16
52.1 -4.2 50.5 40.5 37.9 0.7 8.8 -3.9 59 60.8 118.6 11 -8.5 -1.5 22.2 13.3 6.2 4.7 14.9 42 17.1 30.6 33.5 67.5 25.7 18.4 47.1 19
52 -8.3 47.8 40 37.7 2.5 9.6 -4.2 58.3 61 119.1 12.6 -7.1 -0.9 23 13.7 6.5 5.8 16.1 41.5 16.1 30 32 66.6 25.1 18.1 47 19.7
50.9 -10.8 46.6 39.7 38.6 2 8.6 -6 57 60 117.8 10.6 -8.7 -2.9 21.6 11.9 4.8 5 14.9 37.8 12.3 26.7 28.8 63.5 22.1 15.5 44 17.9
46.8 -14 42.5 35.5 38 -1.9 4.4 -10.4 53 56 113.7 3.9 -13 -7.2 17.4 7.3 0.4 1.3 11.9 33.6 8.2 22.2 25.3 59.7 18.4 12.5 40.4 15.3
40 -22.2 32.5 25.7 34.1 -7.4 -1.7 -16.6 45.9 49.4 107.3 -5 -17.3 -12 11.6 1.2 -5.2 -3.8 8.9 32.2 6.3 19.3 23 57.2 16.6 11.5 39.2 14.5
35.4 -27.9 25 18.1 30.4 -11.2 -5.6 -20.7 40.4 44.5 102.3 -11 -19.4 -15 7.6 -3 -8.6 -7.3 7.1 32.7 6.1 18.5 22.1 56.5 16.9 12.5 39.7 15.4
36.6 -23.9 27.3 18.9 30.4 -11 -4.7 -20.2 40.6 44.5 101.7 -11 -18.7 -14.8 7.5 -3 -8 -7.2 7.3 33 6.4 18.5 21.7 56.8 18 13.8 40.2 16.7
41.1 -16.3 33.9 23.9 32.8 -8.5 -1.1 -17 44 47.1 104.4 -7 -16.6 -12.8 9.7 -0.7 -5.7 -5 8.6 32.2 6.1 17.7 20.7 56.8 18.3 14.2 39.6 17.2
44.4 -11 39.2 28.6 34.7 -6.8 1.3 -14.6 46.4 48.8 106.7 -3.5 -15.8 -11.7 10.9 0.8 -4.9 -4.2 8.8 29.6 4.3 15.8 18.4 55.2 16.8 12.7 37.2 16.2
45.9 -7.2 44.2 33 35.4 -7.2 1.5 -13.8 47.4 49.3 107.1 -2.3 -16.9 -12.3 10.4 0.5 -5.8 -5 7.8 25.7 2 13.7 16 53.1 14.9 10.7 33.8 14.3
46.6 -2.3 49.4 37 35.2 -8.6 0.9 -13.3 47.9 49.9 106.2 -3.2 -18.4 -13.3 9.5 -0.9 -7.2 -6 6.6 22.8 1.1 12.9 15 52.3 14.5 10.2 31.5 13.4
47 3.3 53.1 39.3 34.5 -9.8 0.9 -12.8 48.5 50.6 105.1 -4.7 -19 -13.4 9.5 -2 -7.5 -6.1 6.1 23 2.5 14 16 53.7 16.3 11.8 32 14.9
47.1 6 54.1 40.1 34.4 -9 2.3 -12.1 49.8 51.3 105.2 -4.8 -17.6 -11.9 11.1 -1.7 -6.6 -5.1 6.8 26.3 5.9 16.8 18.6 56.6 19.6 14.6 35.1 18.3
48.6 7.8 56.3 42.4 36.9 -5.7 5.5 -10.1 52.8 53.3 107.3 -2.2 -14.5 -9.1 13.9 0.6 -4.4 -3.2 8.3 29.4 8.7 19.1 20.6 58.9 21.9 16.6 37.8 20.9
53.1 14.6 64.2 49.5 42.8 -0.4 10.3 -5.7 58.2 57.6 111.5 2.3 -10.5 -5.4 17.3 4.4 -1.6 -0.8 9.6 29.8 9.5 19.7 20.6 59.2 22.2 16.6 37.3 20.8
58 21.2 71.9 56.8 48.9 6.6 15.6 -0.7 63.4 62.9 116.7 7.1 -5.3 -1.1 21 8.8 2.1 2.4 12.1 31.1 11.1 20.7 21.3 60.1 23 17.4 37.1 21.3
60 19.7 72.2 58.1 51.1 13.6 19.2 2.1 65.2 65.9 120.2 9.9 -0.2 2.6 23.9 11.5 5.6 5.4 15.6 35.7 14.9 23.4 24.2 62.9 25.9 21 39.9 24.8
59.3 12.7 67.6 54.3 49.6 18.1 19.7 1.8 63.5 65.5 120.7 9.9 1.9 3.5 24.2 11 6.4 6.4 16.9 40.3 18.4 26.1 27.1 65.7 28.7 24.6 42.5 28.3
57.3 4.5 60.4 47.8 45.7 19 17.1 -1.4 59.6 62.4 118.6 9.2 0.7 1.7 21.8 7.9 4.3 4.7 15.3 42.3 19.3 26.8 27.3 66.3 29.1 25.5 42.3 28.9
54.4 -3.2 51.5 40 41.2 17.5 13.3 -5.8 54.8 58.3 115.5 9.1 -1 -0.6 18.6 4.3 1 1.9 12.9 42.7 17.9 25.3 25 64.6 27.3 24 39.9 27
52.4 -9.1 44.1 34.2 38.4 14.7 11 -8.5 51.8 56 113.8 9 -0.8 -1.1 17.1 2.5 -1.1 0.8 12.5 42.7 16.1 23.1 22.7 62.1 25.1 22 37.6 24.7
52.5 -12.6 41.4 32.1 38.6 11.2 11.3 -8.4 51.7 56.7 114.3 7.9 0.5 -0.2 17.8 3 -0.8 1.8 13.9 42.6 14.9 21.4 21.5 60.2 23.4 20.5 36 22.9
52.9 -13.1 42.3 32.8 40.2 6.3 11.4 -7.7 52.6 58.2 114.9 5.7 0 -0.3 18.6 3.6 0.1 2.3 14.6 40.9 13.3 19.9 20.5 58.3 21.6 18.5 33.8 21
50.1 -14.1 41 32.1 39.5 0.8 8.5 -9.6 51.1 56.8 113.2 2.3 -3.6 -3.1 16.8 2 -1.2 0.1 12.9 38.3 11.3 18.6 19.4 56.4 19.6 16.4 31.4 19.2
43.5 -20.4 32.8 26.2 35.1 -3.8 2.7 -15 46.4 52.1 109.5 -1.5 -8.7 -7.5 12.7 -1.5 -4.4 -4 10.2 36.6 9.7 18 19.2 55.6 18.6 15.7 30.8 18.5
38.8 -24.4 26.2 21.1 31.2 -6.6 -2.2 -19.5 42.9 48.4 106.9 -3.9 -13.2 -11.2 9.5 -4.1 -7.3 -7.1 7.9 35.9 8.8 17.9 19.6 55.8 18.4 15.9 30.4 18
41.3 -18.5 30.4 24.2 33.2 -5.9 -2 -18 45.4 50.2 109 -2.1 -14 -10.9 10.7 -2.3 -6.5 -6.3 7.9 36.1 9.4 18.6 20.9 56.8 19.2 16.6 29.3 17.4
48.7 -7 41.3 33.1 40.9 -1.3 3.7 -11.2 52.6 57.2 115.4 5 -9.7 -6.1 16.2 4 -1.1 -1.1 11.4 38.1 12.4 20.9 23.5 59.4 21.5 18.8 29 18
56 4 52.4 43.3 49.8 4.9 11.1 -3.2 60.6 65.3 122.5 14.4 -3.5 0.1 22.6 11.5 6.1 5.7 16.2 40.5 16 24.2 27.1 63 24.7 21.6 29.9 20
60.5 12.4 62 52.6 56.1 9.3 16 2.6 66.9 70.9 127.4 20.9 -0.1 3.9 26.7 16.9 11.5 10.1 18.9 40.6 17.8 26.7 30.3 66 27.5 23.7 30.6 22.3
61.5 17.3 68.2 57.9 57.6 9 16.3 4.1 69.6 72.1 127.8 19.6 -1.2 3.5 27.2 18 12.4 10 18.1 38.1 16.9 27.3 31.6 67.3 28.5 23.8 29.5 22.9
59 18.8 69.3 57.9 53.8 4.7 13 1.6 67.9 69.3 123.7 10.9 -5.2 0 24.6 15.4 9.2 6.1 14.9 34.7 14.8 26.1 30.8 66.8 27.3 22.2 27.2 21.7
55.6 17 66.8 54.7 47.7 0.6 9.7 -1.8 64.8 65.4 118.9 2 -8.8 -3.4 21.8 12.5 5.8 2.2 12.5 33.1 13.7 24.8 29.9 66.1 25.9 20.9 25.4 20.2
55 16 66.9 53.7 44.4 -0.2 9.5 -2.2 64.3 64.1 117.4 -1.4 -9.8 -4.2 21.7 12.5 5.3 1.6 12.4 32.5 13.3 24.1 29.3 65.4 25.2 20.3 23.7 18.3
58.8 21.3 73.6 58.2 46.6 2.1 12.4 1.2 67.7 66.4 119.2 -0.4 -9.1 -3.1 23.8 14.9 7.2 3.8 13.3 30.4 11.5 23 27.9 64 24.4 18.9 19.9 14.9
62.5 25.7 78.8 62.3 50.2 5.3 15.1 4.2 70.6 68.7 120.6 1.1 -7.8 -1.9 25.3 16.8 8.9 5.8 13.9 27.9 8.9 21.7 26.5 62.5 23.3 17.4 15.6 11.8
61.3 20.7 75.2 59.5 49.4 5.9 14.2 2.5 68.6 67 118.3 -0.1 -7.5 -2.9 23.8 15.6 7.5 4.9 12.9 26.6 6.8 20.4 25.3 61.1 21.9 16.3 12.9 10.3
55.8 10.8 67.1 52.5 44.7 2.7 10.1 -2.7 62.9 62.2 113.1 -3.4 -9.3 -6.3 19.9 11.6 3.5 1.2 9.8 25.7 5.3 18.6 24.1 59.6 20.2 15.4 11.1 9.4
50 2.6 59.3 45.4 40.2 -1.2 6 -7.2 57.7 58 109.2 -5.4 -11.8 -9.9 16.3 7.5 0.3 -1.9 7.6 25.7 4.8 17.3 23.3 58.9 19.4 15.2 10.3 8.9
46.9 -3.2 52.1 38.7 37.7 -2.6 4.1 -9.6 54.7 55.8 108.3 -4.4 -13.3 -12 14.1 5.1 -0.8 -3.1 8.1 27.2 4.7 16.9 22.8 58.9 19.6 15.9 10.7 8.7
46.5 -8.5 45.5 33 36.5 -1.4 3.5 -11 52.7 54.4 108.6 -1.9 -13.9 -13.2 12.5 3.9 -1.4 -3.3 9.4 28.1 2.9 15.6 21.1 57.6 19.1 16 10.3 7.3
47.5 -13.8 40.7 29.8 35.5 0.4 2.7 -12.3 50.8 52.6 108.4 -0.4 -14.4 -14.8 10.5 2.4 -3.1 -3.8 9.3 26 -1.4 11.8 17.3 53.8 16.2 13.7 7.3 3.9
47.9 -16.7 38.7 28.9 33.6 -0.1 0.8 -13.9 48.6 50.3 107 -1.6 -16.3 -17.5 7.8 -0.4 -6.1 -5.4 6.9 21.4 -6.8 5.9 12.4 48.6 11.6 9.5 1.7 -1.7
45.1 -19.2 35.8 26.1 29 -4.4 -2.9 -17.4 44.5 46.6 103.4 -6.1 -20.2 -22 3.5 -4.7 -10.4 -9 3 17.2 -11.2 0.4 8 44.3 7.2 5.5 -4.4 -7.5
38.7 -26 27.9 18.2 21.3 -10.9 -8.5 -23.3 38 40.9 97.5 -12.9 -25 -27.2 -2 -10 -15.5 -14.1 -0.9 15.8 -13.7 -2.8 4.8 41.8 4.4 3.4 -8.6 -11.6
33.4 -30.3 21.4 11.6 15.3 -15.5 -13.3 -28.2 33.2 36.6 92.7 -18.4 -28.8 -31.4 -6.5 -14.2 -19.5 -18.6 -4 15.6 -15.3 -4.6 2.4 40 2.3 1.8 -11.2 -14.7
34.1 -25.2 24 13.5 16.4 -15.2 -13.5 -27.7 34.5 37.7 93.1 -17.5 -29.4 -32.1 -6.9 -14.8 -19.6 -19.2 -4.7 14.7 -16.2 -5.6 0.8 38.5 0.8 0.4 -13.3 -17.6
39.6 -15.6 32.6 21.5 23.5 -10 -8.8 -22.4 40.7 43.9 99 -9.5 -26 -28.8 -3.3 -11.2 -15.8 -15.3 -2.5 13.8 -16 -5.6 0.8 38 0.8 0.5 -14.2 -19.3
46.1 -6.8 41.8 30.3 32.2 -3.4 -2.7 -15.7 47.7 51.1 106.3 0.3 -21.8 -24.3 1.4 -6.2 -11.2 -10.2 0.5 12.8 -15.6 -5.4 1.3 38.1 1.6 1.5 -14.5 -20.2
51 0.6 50.5 38.2 39.8 1.5 2.1 -10.4 53.3 56.6 112 7.4 -20 -21.6 4.6 -2.5 -8.6 -6.8 2.3 11.2 -15.7 -5.5 1.6 38 1.8 1.8 -15.5 -21.8
53.4 7.4 57.9 44.6 47 3.3 4.5 -7.6 57.3 60.1 116.7 12.3 -20.3 -21.1 6 -1 -7.7 -5.1 3.2 10.2 -15.5 -5.8 1.7 38.1 1.7 1.9 -16.7 -23.9
54.2 13.7 63 49.2 54.3 2.9 5.4 -6.3 60.2 62.8 121.5 16.3 -20.9 -21.3 6.4 -0.4 -7.1 -3.6 4.4 11 -13.9 -4.9 2.8 39.3 2.5 2.9 -16.8 -24.8
55.1 17 65.3 51.4 59.7 2.8 6.4 -4.9 62.1 65 125 17.4 -20 -20.2 7.2 0.5 -6.1 -2 6.2 13.5 -11.3 -2.8 4.4 41.3 4.1 4.3 -15.4 -24.3
57.1 18.2 67.3 52.9 61.3 3.9 8.7 -2.8 63.5 66.3 124.7 12.9 -18.5 -18.4 8.2 1.2 -5.6 -2.2 6.6 13.8 -10.8 -2.2 3.9 40.6 3.5 3.3 -15.3 -25.1
59.7 22.7 72.6 56.8 60.3 4.9 12.2 0.1 65.7 67 121.4 4.8 -17.5 -16.7 9 1.3 -6.1 -4.6 4.2 10 -13.4 -5 -0.1 36 -0.9 -1.5 -18.5 -29.5
60.7 27 77.4 61 58.6 6.1 16.1 3 68.4 67.9 118.9 -0.4 -15.3 -14.4 10.5 2.1 -6.2 -6.2 2.4 7.1 -14.9 -7.2 -3.3 31.9 -5 -5.1 -20.8 -33.3
58.9 25.1 76.7 62 56.1 7.3 18.2 4.2 69 67.8 118 -0.5 -12.1 -12 12.1 3.3 -5.8 -6.3 2.6 9.2 -12.7 -5.8 -2.9 31.2 -5.8 -4.6 -18.9 -33.4
56.8 18.9 72.5 59.8 51.8 5.9 16.1 2.3 66.5 65.3 115.8 -0.5 -11.4 -12.2 11.6 2.6 -7.5 -7.9 1.8 13 -9.6 -3.4 -1.6 31.3 -5.6 -3.7 -16.2 -33.1
55.3 11.1 66 54.5 44.4 1 9.9 -2.4 61.1 60 110.4 -4.3 -14.7 -15.4 8.6 -1.4 -12 -12.6 -1.5 14.5 -8.9 -3.1 -2.3 29.2 -7.7 -5.5 -15.8 -34.9
53.7 3.1 57.3 46.4 35.3 -4.2 3.6 -7.8 54.9 53.9 103.9 -10.8 -19 -18.5 5.3 -6.6 -16.8 -18 -5.2 14.4 -10.5 -4.6 -4.7 25.4 -11.3 -9 -16.7 -37.1
53 -3 50.2 39.5 30.1 -5.4 2 -10 51.4 50.6 100.2 -14.5 -20.2 -18.2 4.4 -8.9 -18.7 -20.5 -6.4 15.5 -11.2 -5.4 -6.4 22.8 -13.8 -11.4 -15.8 -37.1
54.6 -6.5 47.9 36.8 32.7 -1.9 5.4 -8 51.8 51.3 101.1 -12.9 -17.4 -14.8 6.5 -7.4 -17.5 -19.4 -4.9 18.1 -9.7 -4.5 -6.4 22.2 -14.6 -12.2 -12.6 -35
56.6 -7.2 49.2 37.4 38.8 2.3 9.1 -5.3 53.5 52.9 103.3 -9.5 -14 -11.4 9.1 -5 -16.1 -17.8 -3.8 20.3 -7.4 -3.3 -6 21.9 -15.3 -12.8 -9.7 -33.6
55.9 -8.2 48 36.2 40.5 3.4 9.1 -5.7 53 51.9 102.7 -9.1 -12.8 -10.5 9.6 -4.6 -16.9 -18.7 -4.6 21.9 -5.3 -2.2 -5.4 21.5 -16.3 -13.3 -7.7 -32.9
51.9 -14.1 40.2 29.9 34.6 1 5.5 -10 48.7 47.5 98.9 -12.1 -13.9 -12 7.7 -7.3 -19.6 -22.1 -6.6 24 -3.4 -1 -4.7 21.4 -17.1 -13 -5.5 -31.4
47.7 -19.5 32.8 23.4 26.4 -3 1.1 -15 43.2 42 94.4 -16 -16.9 -15 4.3 -11.7 -23.5 -26.6 -10.1 24.1 -3.6 -1.3 -5.5 20.6 -18.7 -14 -4.8 -30.7
46.9 -17.1 32.7 22.9 22.6 -5.3 -0.5 -16.9 40.9 39 92.7 -16.3 -19.9 -17.2 2.1 -14.5 -26.2 -29.1 -13.6 21.2 -5.8 -3.1 -7.7 19 -20.7 -16.9 -5.9 -31.7
49.2 -9.9 37.2 26.5 24 -3.4 1.9 -14.7 42.6 40.2 95 -11.9 -19.5 -16.2 3.2 -13.6 -25.8 -27.9 -14.1 19 -6.8 -3.8 -8.7 18.5 -21.5 -19 -5.8 -31.6
53.2 -2.4 43.5 31.4 27.6 1.2 6.1 -10.5 46.4 43.8 98.2 -7.8 -16.3 -12.9 6.5 -9.8 -23.2 -25.2 -12.4 19.2 -5.9 -2.7 -7.4 19.4 -20.7 -19 -3.6 -29.5
56.8 3.9 51.2 36.7 30.5 4.5 9.2 -6.8 50.3 47.1 99 -9 -13.7 -10.1 9.9 -6.5 -20.7 -23.9 -11.2 20 -4.1 -0.7 -4.9 21 -19.2 -17.9 -0.5 -26.4
57.8 8.4 57.6 40.5 31 3.6 9.4 -5.6 52.5 48 97.2 -14.4 -14.1 -9.8 11.2 -5.7 -20 -24.7 -11.9 20.3 -2.4 1.3 -2.8 22.7 -17.4 -16.6 2.5 -23
55.9 11.4 60 41 28.9 -0.2 7.5 -6.6 52.6 46.6 94.6 -19 -15.9 -11.2 10.3 -6.7 -20.5 -25.8 -13.2 20.9 -0.4 3.4 -1.1 25 -15.5 -15.2 5.8 -19.1
53.2 11.5 58.6 39.1 26 -2.9 5.7 -8 51.7 44.7 93.4 -19.6 -16.3 -11.8 9.3 -7.3 -20.6 -25.8 -13.3 22.8 2 5.3 1.1 28.2 -13.1 -13.3 9.6 -14.5
53.1 11.2 58.3 38.9 25.2 -2.4 6 -7.7 51.9 44.5 94.2 -16.3 -14.5 -10.7 9.8 -6.1 -19.2 -24.3 -12.1 24.1 3.3 6.2 3.1 30.8 -11 -11.6 12.2 -10.8
56.8 16.2 63.9 43.6 28.2 0.1 8.9 -4.4 54.7 47.6 97.1 -10.8 -12 -8.7 12 -3 -16.4 -21.6 -10.4 23.1 2.8 6.5 4 32 -9.6 -11 12.5 -9
61.1 20.6 69.8 48.6 32.7 2.7 12.5 -0.5 58.4 52.1 101.1 -5.3 -9.2 -6.1 15.3 0.9 -12.5 -17.6 -7.6 23.2 2.9 8.6 5.4 33.9 -7.3 -9.4 14.1 -6.5
61.3 16.9 68.2 47.9 34.2 3.7 13.5 0.3 59.2 54 103.3 -4 -7.1 -4.6 17.3 3.2 -9.4 -14.2 -4.5 26.1 4.7 12 8.4 37.5 -3.8 -6.2 18.1 -1.9
57.8 9.1 61.8 43 31.8 2.2 11.1 -2.6 57 52.4 102.4 -8.1 -7.7 -5.2 16.5 2.5 -8.7 -13.1 -2.8 29.7 6.8 14.2 11.6 41.2 -0.1 -2.8 22.5 2.9
53.7 2.7 54.7 37.5 27.3 0 7.8 -6.4 53.6 49.3 100.4 -13.5 -9.7 -6.8 14.5 0.4 -9.3 -13.2 -2.1 32.9 8.7 15.6 14.2 44.4 3.4 0.4 26.4 7.7
51.1 -2.1 47.6 31.9 22.8 -0.4 5.9 -9.1 50.8 46.9 99.5 -15.1 -10.3 -7.5 13.3 -0.7 -9.3 -12.6 -1.1 36.2 10.5 17.2 16.6 47.5 6.6 3.5 30.4 12.7
50.1 -6.2 42 27.7 21.3 1.4 6 -9.6 49.7 46.7 100.7 -12.1 -8.8 -7 13.6 0.1 -8.1 -10.7 0.6 38.7 11.5 18.4 18.5 49.9 9.1 6.1 34.2 17.2
50.7 -9.8 39.6 26.1 24 4.2 7.2 -8.2 50.3 48.9 103.4 -7.4 -6.5 -5.7 14.9 1.8 -5.8 -7.9 2.8 38.9 10.7 18.3 19.4 51.3 10.6 7.6 36.8 20.4
51.9 -10.6 40.8 27.1 28.1 6.2 8.6 -6.3 51.9 51.6 105.5 -5.1 -5.6 -4.9 16 3.4 -3.8 -6 4.4 37.6 9.1 17.2 19.3 52 11.3 8 38 22.4
51.1 -11.1 41 27 29.3 6.8 8.7 -6.2 51.7 51.9 105.4 -6.7 -6.7 -5.5 15.6 3.5 -3.6 -6.4 4.4 37.4 8.5 16.9 19.3 53 12.5 8.7 39.2 23.7
46.1 -17.1 35.2 21.8 25.8 6.3 6.4 -9.5 47.7 48.5 102.4 -11.5 -9.1 -8.1 12.9 1.3 -5.8 -9 3.1 39.5 9 17.6 19.8 54.4 13.9 9.8 40.7 24.7
40.8 -22.4 29.1 16.9 21.5 5.1 3.3 -13.8 43.2 44.4 98.5 -16.5 -12.3 -11.2 9.5 -1.7 -8.7 -12.2 0.9 40.5 8.7 17.6 19.3 54.6 13.9 9.2 39.8 23.8
41.3 -18.7 30.7 18.7 21.6 4.9 3 -14.3 43.9 44.3 97.6 -17.9 -13.9 -12.2 8.7 -2.3 -9.2 -12.8 -0.4 38.8 7.8 16.7 18.2 54.2 12.9 7.6 36.9 21.8
47.3 -9.7 38.1 25.5 26.3 6.4 6.3 -10.5 49.3 48.8 101 -14.5 -12.2 -9.9 11.7 0.4 -6.4 -9.8 1.1 36.3 7.3 16.3 18.5 54.7 13 7 35.9 21.4
54.2 -1.6 46.6 33 31.7 7.5 9.9 -5.3 55.3 54.3 105.7 -9.6 -9.5 -7.3 15.5 4 -2.8 -6.1 3.2 33.6 6.7 16.4 19.5 55.7 14 7.1 36.9 22.6
58.4 4.8 54.8 39.8 34.6 6.1 11.4 -1.5 59.2 57.7 108.3 -7 -9.4 -6.7 17.3 6.1 -0.9 -4.3 3.3 30 5.2 16.1 20 55.9 14.5 6.7 37.6 23.6
59.4 10.7 61 44.6 34.6 3.5 11.2 0.1 60.8 58.5 108.4 -7.2 -11.5 -7.3 17.2 6.6 -0.7 -4.3 1.7 27 4.2 16.1 20.6 56.3 15.1 6.5 38.2 24.8
58.9 15.8 63.9 46.3 34.1 1.3 10.2 0.1 61.3 58.5 108.1 -8.3 -13.3 -7.6 17 6.5 -0.6 -4.5 0.3 27 5.4 17.9 22.6 58.5 17 8.1 39.9 27.2
58.9 17.5 63.9 45.4 34.6 0.2 9.6 -0.4 61.4 58.7 108.4 -8.9 -13.6 -7.5 17.4 6.7 0.2 -4.5 0.1 29.1 7.9 20.3 25 61.4 19.7 10.7 42.1 30.1
61 18.2 65.1 45.6 36.7 0.8 10.6 0.7 62.3 59.9 109.4 -8.3 -12.7 -6.8 18.8 7.7 1.4 -4.2 0.6 29.9 8.8 21.1 25.5 62.7 20.6 11.7 42.9 31.4
65.1 23.7 71.8 50.5 41.6 3.7 15 4.6 65.7 63 111.7 -5.8 -10.5 -4.7 21.8 10.3 3.1 -3 1.3 28.1 7.7 20.3 24.6 61.9 19.6 10.4 41.9 30.9
67.6 28.7 77.8 55.5 46.9 8 20.7 9 69.4 66.5 114.8 -2 -7.4 -1.4 25.1 13.4 5.4 -0.9 2.6 27 7.5 20.1 24.6 61.5 19.4 9.6 41.9 31.4
66.2 25.4 76.4 55.3 49.2 11.4 23.6 10.6 70.2 68 116.9 0.7 -5.3 1 26.7 14.7 7 0.6 3.9 29.1 9.2 21.7 26.2 62.7 20.9 10.9 44.1 33.9
62.9 17.8 71.2 52.3 48.3 13.2 22.5 9.1 68 66.9 116.9 1.2 -5.5 1.1 26.1 13.8 6.5 0.4 4 32.7 11.5 24 28.2 64.3 22.7 12.8 46.5 36.7
59.5 10.8 64.9 48.5 44.8 13.8 18.9 5.6 64.5 63.9 115 -0.4 -6.9 -0.5 24.4 11.5 4.5 -1.5 3.4 35.9 13 25.5 29.3 65.2 23.5 13.8 48.4 38.6
56 3.9 56.8 42.6 39.6 13.1 14.8 0.9 60.3 59.9 111.6 -4 -7.6 -2.1 22.5 8.8 1.9 -3.9 2.7 38 13.1 25.6 28.6 64.5 22.8 13.7 50 39.9
53.6 -3 48.9 36.1 34.3 10.8 11.8 -2.7 57.3 56.6 107.8 -8.4 -7 -2.6 21.1 6.7 0.1 -5.5 2.5 38.4 12.2 24.4 26.6 62.5 21.2 12.6 50.9 40.5
54.2 -7.7 45.4 32.4 31.7 8.5 11.4 -3 56.8 55.9 106 -10.9 -5.5 -1.7 21 6.5 -0.3 -5.7 2.7 37.4 11.1 23.2 24.6 60.4 19.6 11.5 51 40.6
57.5 -7 47.2 32.9 32.8 7.7 13.1 -0.4 58.6 57.7 106.9 -10 -3.8 0.1 22.3 8.2 0.8 -4.7 3.4 36.8 11 23.1 24 60.1 19.2 11.4 51.6 41.5
59.5 -4.7 48.9 33.9 34.7 8 14.4 1.3 59.7 59.2 108.7 -7.7 -2.8 1.5 23.6 10.1 2 -3.6 4.2 38.4 12.9 24.8 25.7 62 20.7 13.3 54.3 44.5
56.6 -8.5 44.1 30.3 32.9 7.8 13.1 -0.6 57.4 57.8 108.8 -6.2 -3 1.6 23.7 10 2 -3.5 4.9 42.4 16 27.6 28.8 65.3 23.4 16.6 58.8 49.1
52.3 -12.8 38.7 26.1 29.2 6.7 11 -3.5 54.4 55.4 107.8 -5.8 -4.3 0.6 22.9 8.5 1.4 -4 4.9 45.5 18.1 30 31.3 67.7 25.3 19 61.6 52.2
52 -9.1 40.9 27.6 28.6 6.1 11.7 -3 55 56 108.3 -5 -4.6 1.1 23.9 8.8 2.3 -3.3 5.4 46.2 19 31.2 32.8 68.6 26.3 19.9 61.8 52.8
56 -0.8 48.2 33.2 31.9 7.8 15.4 0.9 59.1 59.6 111.4 -3.5 -2.3 4.3 27.3 12.5 5.6 -0.5 7.7 46.1 20.2 32.4 34 69.2 27.5 20.8 62.3 53
60.7 6.7 55.8 39.7 36.5 10.5 19.3 5.3 64 63.8 114.8 -2 0.9 8.1 30.9 17.2 9.4 2.8 10.5 45.8 21.4 33.8 35.2 70 29 22 63.2 53.3
63.3 12 62.4 46.1 40.1 11.4 20.8 7.8 67.2 66.4 116.3 -1 1.7 9.6 32.3 19.7 11.1 4.5 11.6 44 21.2 34.1 35.5 70.3 29.5 22 62.1 52.2
62.6 14.8 65.6 48.7 40.5 9.1 18.6 6.8 66.9 65.5 114.8 -1.6 -1.4 7.4 30.2 18 9.3 3.3 9.5 40.7 19 32.7 34.1 69.2 28.1 20.5 58 48.8
58.9 14.8 63.8 45.7 36.8 4.6 13.7 2.7 63.1 61.5 110.5 -4.7 -6.6 2.5 25.7 13.7 4.8 -0.6 4.9 37.4 16.2 30.3 31.6 67.3 25.9 18.2 53.2 45.1
55 12.1 59.6 40.4 31.5 1.1 9.7 -1.1 59 57.3 106 -7.8 -10.4 -1.2 22.3 10.4 1.1 -4.6 0.9 35.9 14.8 28.9 30 66.1 24.8 16.9 50.9 43.4
54.9 11.1 59.3 39.9 29.2 0.6 9.5 -1.5 58.6 56.4 105 -6.5 -11.1 -1.6 22.1 10.4 0.8 -5.8 -0.2 35.1 14.2 28.6 29.5 65.5 24.6 16.1 50.2 42.7
59.3 17 66.3 46.4 32.6 2.6 12.9 2 62.6 59.4 108.2 -1.2 -9.5 0.3 24.4 12.8 3.4 -4.1 0.5 32.7 12.9 27.9 28.6 64.2 23.7 14.4 48.1 40.1
63.9 22.8 73.2 52.9 38.5 5.6 16.5 5.7 67.4 63.3 112.3 3.1 -7.2 2.5 26.9 15.5 6.4 -1 2.3 31 12 27.4 28 63.5 22.8 13.4 46 37.5
64.1 20.4 72.4 52.9 41.1 7.5 17.3 6.1 68.6 64.3 113 0.6 -5.6 3.5 27.8 16.8 7.7 1.1 4.8 32.1 12.9 28.2 29.1 64.6 23.5 14.5 45.8 37.3
60.4 13.2 66.8 48.5 39.5 6.5 15.3 3.7 66.5 62.2 109.9 -7.7 -6.2 2.5 26.6 15.9 6.7 0.6 6.3 34.4 14.4 29.5 31.1 66.5 25 16.3 46.6 38.2
56 6.1 60.3 43 36.5 3.6 12.2 0.6 62.9 59.5 106.6 -15.3 -8 0.8 24.7 13.7 4.8 -0.8 6.8 36.2 15.3 30.3 32.6 67.8 26.4 18 47.3 38.3
53.2 0.3 54 38 35.2 2.2 10.6 -1.4 59.8 58.3 105.9 -16.9 -8.6 0.2 24 12.4 4.2 -0.8 8.1 38.7 16.1 31.2 33.8 68.8 27.6 19.9 48.2 38.2
54.1 -3.6 49.9 35.9 36.8 4.7 12.2 -0.9 59.7 59.7 108.4 -13 -5.9 2.1 25.8 13.9 6.3 1.9 11.3 41.7 17.8 32.7 35.6 70.4 29.3 22.5 49.7 39.1
57.8 -5.6 49.3 37.3 39.6 10 16.1 1.9 62.2 62.5 112.3 -7 -1.6 5.3 28.6 17.2 9.8 5.4 15 43.6 19 33.7 36.9 71.5 30.5 24.3 50.5 40.1
60.6 -5.5 50.6 39.1 40 13.7 18.3 4 63.6 63.9 114.6 -2.1 0.1 6.3 29 18.5 11 6.5 15.7 42.2 17.4 32 35.8 70.3 29.3 22.9 48.2 38.4
59.4 -6.5 49.3 36.8 36.2 12.9 16.7 2.6 61.7 62.3 114.1 1.9 -2.4 3.4 26 16.2 8.8 4.4 12.8 39.5 14.1 28.6 33 67.7 26.4 19.8 44.2 34.5
54.5 -12.2 43 30 30.7 8.9 12.7 -1.7 57.5 59.2 113.1 6.6 -6.2 -1.1 22 12.5 5.8 2.2 10.1 38.7 12.3 26.8 31.7 66.8 25.3 18.6 42.3 31.8
50.3 -16 38.1 25.3 28.1 4.8 9.3 -5.4 54.9 57.7 113.3 9.2 -9 -4.3 19.2 10.1 4.1 1.8 9.3 38.8 11.9 26.3 31.7 67.2 25.8 19.2 41.7 30.1
50.6 -11.7 40.2 27.1 29 3.1 9 -5.7 55.8 58.6 113.7 5.6 -10 -5 18.7 9.7 4.1 2.3 9.7 37.1 10.8 25.3 31.2 66.8 25.6 19.4 39.2 27.3
53.8 -4.1 45.4 32 30.3 4.8 11.1 -3.5 58.3 60 113 -2 -9.7 -4 19.3 10.2 4.6 2.2 10.6 33.5 8.3 23.1 29.7 64.8 23.6 18.4 33.9 22.7
57.3 2.1 50.7 37 31.8 7.8 13.7 -0.8 60.4 60.7 111.8 -7.3 -9.9 -3.5 19.6 10.7 4.7 1.4 11 28.5 4.7 19.8 26.9 61.9 20.7 16.2 26.5 16.9
59.7 6.7 56.8 42.3 34.9 8.9 15 1 61.6 61.3 111 -8.4 -11.9 -4.8 18.6 10.4 3.9 -0.3 9.6 23.1 0.7 16 23.1 59.1 17.7 13 18.3 10.4
58.8 9.2 61.7 46 38 5.9 13.7 0.4 60.8 60.6 109.6 -8.6 -16 -8.7 15.9 8.4 1.6 -3.4 5.7 18.3 -3.3 12.2 18.8 56.2 14.6 9.3 10.8 3.8
53.9 9.4 62 45.4 37.7 -0.5 9.6 -3.6 57.1 57.4 106.6 -11 -21.2 -14.1 11.4 4.1 -2.9 -8 0.2 15 -6.7 8.7 15 52.8 11.3 5.6 5.4 -1.9
48.6 7 58.6 41.7 35.2 -6 5.2 -8.2 53.1 53.6 103.7 -14.3 -25.3 -18.3 7 -0.5 -7.6 -12.1 -3.9 13.4 -8.8 6.5 12.8 49.9 8.7 3.1 2.7 -5.2
48.1 6.5 58 41.1 34.7 -6.6 4.1 -9 53.1 53 103.5 -15.4 -26 -18.8 5.7 -2.2 -9.2 -12.9 -4.3 12.5 -9.5 5.4 12 48 7.1 1.9 1.5 -6.9
53.1 12.7 64.3 47 38 -2.9 6.7 -5.3 57.5 56.2 106 -13.8 -23.9 -16.6 7.6 -0.8 -7.7 -11.1 -2.4 10.2 -10.6 3.5 11.4 46.3 5.4 0.9 -1.6 -9.5
57.7 17.7 70.3 52.8 41 0.8 9.5 -1.8 61.4 59.5 108.2 -11.7 -21.3 -14.5 9.6 1.3 -5.7 -9.1 -0.3 7.9 -12.2 1.2 10.1 44.5 3.9 0.2 -7.2 -13.7
57.1 13.5 68.2 51.7 39.4 1.7 9.1 -2.6 60.9 59.2 107.8 -11.1 -20.4 -14.6 9.3 1.2 -5.6 -8.9 0.4 6.8 -13.6 -0.3 8.2 43.3 2.9 0.2 -13.8 -18.7
52.4 4.9 60.9 45.9 35.4 -0.5 6 -7 56.9 56.2 105.4 -10.6 -22.4 -17 6.9 -1.5 -7.9 -10.7 -1.1 6.4 -14.9 -1.2 6.1 42.4 1.8 -0.2 -19.5 -23.4
46.7 -2.9 52.5 38.7 32.3 -3.9 2.2 -12.1 51.6 52.4 102.9 -8.7 -25.8 -20 3.8 -5.3 -11.3 -13.5 -3.8 6.7 -15.7 -2.2 4.8 41.4 0.3 -1.4 -22.5 -26.4
42.2 -9.7 43.9 31.3 30.7 -6.2 -0.5 -16.1 47.1 49.1 101.3 -6.7 -28.1 -21.8 1.9 -8 -14.1 -15.5 -5.6 8.6 -15.5 -2.9 4.3 40.3 -0.7 -2.5 -22.7 -27.3
42 -14.2 38.6 27.4 31.1 -4.6 0.2 -16.2 46.1 48.9 102.5 -5 -26.4 -20.6 3 -7.1 -13.8 -14.6 -4.1 12.2 -13 -1.9 5.4 40.6 0 -2 -20.4 -26.9
47.4 -15.2 39.8 29.5 35.3 1.3 5.4 -11.7 50 53 107.1 -2.7 -20.7 -15.8 7.6 -2.4 -9.7 -10.6 0.4 16.3 -8.9 1 7.9 42.7 2.2 0.2 -16.7 -25.9
53.4 -12.7 44.6 34.7 40.3 6.6 11.1 -6 54.8 57.6 111.1 -2 -15.7 -10.8 12.1 2.4 -5.4 -7.3 3.8 18.5 -6.2 3.6 9.8 44.2 3.8 2.1 -14.3 -25.5
53.4 -12.2 44.9 35 40.2 5.8 11.6 -5.1 55.1 57.2 109.7 -5.9 -16.1 -9.9 12.7 2.7 -5.4 -8.4 3 18.3 -6.2 4.1 9.5 43.3 3.1 2.2 -14.6 -26.5
47.1 -19.1 36.6 27.2 33.7 -0.5 6.1 -10.5 49.9 51.5 103.6 -12.8 -21.4 -13.1 9.1 -1.3 -9.9 -13.3 -0.4 17.9 -7.4 3 8.2 41.3 0.9 0.9 -16.2 -28.5
41.2 -25.4 28.7 19.7 27.5 -7.4 0.4 -16.7 44.8 46.2 98.2 -17.3 -26.9 -17.1 5.1 -5.6 -14.5 -17.8 -3.6 17.3 -8.3 1.6 6.7 39.5 -1.5 -1.2 -19 -32
41.8 -22.2 30.1 20.5 27.7 -9.7 -0.3 -17.4 44.7 46.6 98 -16.2 -28.6 -18.2 4.8 -6 -15 -18.5 -4.5 16.4 -8.3 1.3 6 38.5 -2.9 -3.1 -21.8 -35.5
46.9 -13.7 37.2 27 33.1 -7 3.5 -12.9 49 51.5 102.3 -11.5 -25.9 -15.7 8.2 -2.7 -11.8 -15.4 -2.4 16.2 -7.1 2.4 6.6 38.5 -2.5 -3.3 -21.8 -36.5
51.8 -6.3 45 34.2 39.8 -3 7.7 -7.6 54.2 56.7 107.2 -7.3 -22.2 -12 11.7 1.7 -8 -11.5 0.3 15.9 -5.8 3.5 7.3 38.6 -1.7 -2.8 -19.8 -35.6
54.8 -0.3 53.1 40.8 44.6 -1.1 9.9 -4 58.6 60 110.4 -5.3 -20.5 -9.8 13.5 5 -5.7 -9.4 1.2 14.5 -5.1 3.9 7.5 38.9 -1.5 -2.7 -18.4 -35.3
55.3 5.7 59.7 45.9 45.6 -1.5 9.9 -3.1 60.8 61 111.3 -4.9 -20.7 -9.6 13.8 6.2 -5.2 -9.5 0.3 13.4 -4.5 4.3 8 39.5 -1.4 -2.7 -17.9 -35.7
52.9 10.2 62 47.9 43.2 -2.8 8.3 -4.6 60.7 59.9 110 -5.2 -21.7 -10.7 13.3 5.2 -5.9 -10.7 -1.3 14.1 -3.4 5.4 9.2 40.6 -0.4 -1.8 -16.8 -35.3
48.5 9.4 59.8 46.8 40.6 -3.4 5.9 -7.4 58.9 58.1 108.1 -5.3 -22.8 -12.2 12.3 3.2 -7.2 -11.6 -2.6 15.8 -2.2 6.7 10 41.4 0.8 -0.8 -15.1 -34.1
44.6 6.4 58.6 46.8 42 -2 5.2 -8.5 57.9 58 108.3 -3.9 -24.1 -13.1 11.5 1.9 -7.9 -11.1 -3.2 15.8 -2.6 6.6 8.8 40.5 0.4 -1.8 -14.4 -34
44.7 9.3 64.1 52.4 48 2.3 8.4 -5.8 60.3 61.3 112.1 0.4 -24.3 -11.6 12.7 3.4 -6.4 -8.8 -2.6 14.2 -3.9 5.8 7.2 38.8 -0.9 -4.2 -14.4 -35.4
47.6 13.9 70.5 58.6 53 7.3 14.3 -1.6 64.3 65.5 116.8 5.2 -21.9 -7.9 15.9 7.2 -3.2 -5.3 0.1 15 -2.8 6.9 7.8 39.3 -0.5 -4.3 -12.1 -34.6
49.1 11.3 69.3 58 51.6 7.7 17 -1.1 64.5 65.9 117.6 4.7 -19 -5.6 17.5 8.8 -2.1 -3.7 2.4 18.6 0.4 8.9 9.5 41.1 0.8 -2.3 -7.9 -31.6
47.9 3.7 62.6 51.6 45 1.3 13.4 -5.2 60.2 61.8 113.3 -2 -18.8 -7.2 15.5 6.1 -4.7 -5.8 1.8 21.6 2.4 9.6 9.7 41.6 1.1 -1.1 -4.8 -29.2
46.2 -3.4 54.9 44 38.5 -7.2 6.8 -10.5 55 56.6 107.9 -9.3 -20.3 -10.1 11.9 1.7 -8.4 -9.1 0.1 23.6 3.1 9.5 9.4 40.9 0.9 -0.9 -2.6 -27.3
46.1 -9.1 47.6 37.3 34.7 -12.2 1.2 -14 51.2 53.1 104.7 -12.4 -20.8 -11.6 9.5 -1.1 -10.2 -10.9 0.1 25.8 3.9 9.6 9.6 40.4 1.3 -0.4 0.4 -24.5
47.7 -14.5 41.9 32.5 33.6 -11.9 -1.2 -15.3 49.1 51.7 104.1 -10.6 -19.8 -11.3 8.4 -2.2 -10.3 -11.1 1.4 27.1 3.8 8.9 9.1 39.2 1 0.1 2.9 -22.5
48.7 -19.7 38.9 30.6 34.1 -8.7 -0.6 -15.3 48 51.3 104.7 -6.1 -18.6 -10.7 7.8 -3 -10.4 -10.8 2.2 26.4 1.4 6.4 6.8 36.6 -1.3 -1.2 3 -22.9
47.7 -21.7 38.4 31 35.5 -6.4 1.1 -15.4 47.4 51.4 105.7 -2 -18 -11.3 7.2 -4.1 -11.2 -10.5 1.5 24.6 -1.9 3.4 3.5 33.6 -4.4 -3.5 1.8 -24.1
45.1 -21.6 37.6 31 36.6 -6.4 1.7 -16.6 46.6 51.6 106.5 -0.4 -17.8 -12.4 6.5 -5.3 -12.2 -10.2 1 24.2 -2.6 2.6 2.3 32.8 -5 -3.8 2.7 -22.8
41.1 -25.3 32.6 27.5 36 -7.6 0.2 -19.3 44.4 50.8 106.5 -2 -17.6 -13.2 5.4 -6.5 -12.9 -10.2 2 26.9 0.1 4.7 4.3 34.8 -2.5 -0.7 6.8 -18.1
37.6 -28.9 27.6 23.8 34.7 -9 -2.2 -21.9 42 49.1 105.5 -5.7 -18.5 -14.6 3.6 -8.3 -14 -11.3 2.6 28.9 1.9 6.2 6 36.1 -0.8 1.7 9.8 -14.7
37.1 -26.4 28.3 24.2 35 -10 -3.7 -22.3 41.1 48.1 104.5 -8.5 -20.4 -16.7 1.4 -10.3 -15.7 -13.4 1.3 26.3 -0.2 4.2 4.3 34 -2.6 0.2 8.8 -15.4
39 -21 32 27.3 36.5 -9.7 -3.7 -21.4 41.3 48.2 104 -8.6 -21.9 -18.5 -0.1 -11.5 -17.3 -15.3 -1.2 21.4 -4.6 0.2 0.4 30.2 -6.3 -3.7 6.1 -17.5
42 -15.8 36.7 31.4 38.5 -7.8 -2.2 -19.9 42.7 49.1 104.5 -5.8 -22.2 -18.8 -0.5 -11 -18 -15.8 -3.3 17.8 -8.2 -3 -3 27.5 -9 -6.5 4.5 -17.9
45.3 -10.4 43.6 36.8 41.3 -5.2 0.7 -17.6 45.8 51.5 107 0.2 -21.8 -18 0 -9.3 -17.5 -14.8 -4.4 16.1 -9.3 -3.9 -4.2 27.4 -9.4 -7.3 4.2 -16.3
47.4 -4.8 50.7 41.6 43.5 -4.4 2.9 -15.5 48.6 53.7 110.1 7.1 -22.2 -17.5 0.2 -8.3 -16.8 -13.7 -5 15.4 -9.1 -3.5 -3.7 28.6 -8.4 -7.2 4.3 -14.5
46.5 -0.7 53.8 43.1 42.5 -6.7 2.2 -15.6 48.9 53.6 110.5 8.9 -24.2 -18.6 -0.8 -9.6 -17.6 -14.5 -6.2 15 -9 -2.9 -2.9 29.8 -7.4 -7.1 4.7 -13.1
44.7 0.2 53 41.7 39.2 -9 0.4 -16.7 47.7 52 108.1 3.4 -25.8 -19.7 -1.7 -11.1 -18.8 -16.4 -6.9 15.6 -8.5 -1.8 -1.8 31.1 -6.4 -6.5 6.3 -11.4
46.7 1.6 54.3 42.5 38 -7.8 1.2 -15.2 48.7 52.5 106.1 -4.7 -24.8 -18.6 0.1 -9.9 -17.6 -16.5 -5.7 16.8 -7.5 -0.1 -0.2 32.4 -5.2 -5.4 9.2 -8.8
52.9 8.7 61.5 48.4 41 -3.8 5.1 -10.2 53.6 56.1 106.6 -10.2 -22.1 -15.7 4.6 -6.1 -13.9 -14.5 -3.3 16.4 -7.4 0.9 0.9 33 -4.6 -5 11.5 -6.7
57.3 14.2 67.5 53.4 44.1 -0.5 8.6 -6 57.9 59.3 107.5 -12 -19.7 -13.3 8.5 -2.6 -10.8 -12.5 -1.6 15.3 -7.7 1.4 1.7 33.7 -4.2 -5 13.9 -4.5
55.6 10.2 64.9 51.1 42.7 -0.3 8.2 -6.6 57.1 58.4 106.3 -12.1 -19.5 -13.6 8.5 -2.1 -11 -13 -1.9 15 -7.7 1.5 2.3 34.6 -3.8 -4.8 16.4 -1.5
49.7 1.1 57.5 43.9 37.5 -2.3 4.9 -10.5 52.4 54.2 102.9 -13.6 -21.8 -16.4 5.4 -4.7 -13.8 -16 -4.5 15.7 -7.5 1.6 3 35.1 -3.8 -4.7 18.2 0.5
43.9 -7.1 49.6 36 31.2 -3.7 1.6 -14.6 47.5 49.5 98.7 -17.7 -24 -19.3 2.5 -8 -16.5 -18.9 -7.6 17.5 -7.2 2.4 3.7 35.9 -3.4 -4.5 19.9 1.8
40.7 -13 42 29.2 25.9 -3.4 0.1 -16.9 44.8 46.6 95.7 -21.7 -23.5 -19.4 2.2 -9.1 -16.8 -19.4 -8.2 20.5 -5.9 4.2 5.2 38 -1.6 -3 23 4.6
41.2 -16.4 37.3 25.9 24 -0.9 1.7 -16 45.6 47.2 95.9 -21.8 -19.9 -16 4.9 -6.5 -13.6 -16.4 -5.2 24.1 -3.4 7.2 7.9 41.7 2.1 0.3 27.9 9.7
44.7 -17.5 37.4 26.8 26 2.1 5.2 -12.7 49.1 50.9 99.3 -17.6 -15.4 -11.5 9.1 -1.7 -9 -11.5 -0.7 26.7 -1 10 11 45.3 6.1 3.4 32.9 15.2
47.7 -17.1 39.5 28.7 28.4 2.4 6.9 -10.5 51.3 53.7 102.2 -14.1 -13.7 -9.6 11.5 1.7 -6.2 -8.7 1.1 26.5 -0.7 10.8 12.4 46.7 7.6 3.9 35.3 17.8
46.8 -18.9 37.3 26.1 27.2 -0.7 4.6 -12.4 49.1 52.6 101.4 -14.8 -15.6 -11.8 10.3 1 -7.2 -9.8 -1 25.5 -2.1 10.2 12.4 46.6 7.2 2.6 35.9 18.1
41.9 -26.5 28.5 17.9 22.2 -4.8 -0.4 -17.8 43.4 47.8 97.3 -18.9 -19.1 -15.6 6.9 -2.6 -10.3 -13 -4.4 26.3 -2.6 10.4 13 47 7.1 2.6 37.2 18.9
37.6 -31.6 21.8 11.9 18.4 -6.6 -3.9 -21.7 39.4 44.3 93.7 -23 -21.1 -17.6 4.5 -5.4 -12.2 -15 -6.2 28.1 -1.8 11.5 14.7 48.5 8.3 3.8 38.9 20.4
39.6 -25.7 25.6 15.5 21.7 -3.3 -1.5 -19.4 42.3 47 95.7 -22.2 -19 -14.9 6.5 -3 -9.1 -12.4 -4 30.3 0.9 14.1 18.1 51.9 11.6 6.2 41.1 22.8
47.2 -13.7 36.4 25.5 30.8 4.5 5.8 -11.9 50.4 55.1 103.5 -15.2 -12.5 -8.4 12.9 4.3 -1.4 -5.5 2.3 33.9 5.5 18.7 23 57.2 17 10.7 45.1 27.2
55.2 -3 47.4 36 39.9 11.8 13 -4.5 58.7 63.3 111.9 -6.6 -5.6 -2.2 19.7 11.9 6.4 1.7 8.8 37.3 9.9 23.4 27.4 62.4 22.2 15.4 49.2 32
59.1 3.6 55.9 43.9 44.6 14.1 15.6 -1.1 63.3 67.3 115.8 -2.1 -3.2 0 22.7 15 9.6 4.5 10.5 37.2 11.2 25.5 28.9 64.4 24 16.9 50.3 33.9
56.6 5.5 58.9 46.3 43.4 9.9 12.3 -3.8 62 65.4 113.2 -4.4 -6.8 -3.4 20.1 11.9 6.6 1.3 6.2 33.3 8.7 23.6 26.6 62.2 21.8 14 47.4 31.3
49.4 3.9 55.9 43.1 37.9 2.2 5.3 -10.5 56.4 59.6 107.1 -10.3 -13.1 -10.1 14.2 5.2 0.2 -4.9 -0.7 28.7 4.8 19.6 22.7 58.5 17.9 9.7 43.5 27.1
43.9 1.1 51.5 39.2 33.7 -2.9 0.2 -15.5 52 55.8 104 -12.6 -16.2 -14.3 10.2 0.9 -3.5 -8 -3.9 27.7 3.7 17.9 21.3 57.9 16.7 8.6 42.7 25.9
45 1.5 52.9 41.2 36 -2.3 0.7 -14.8 53.2 58.1 107.4 -8 -14.2 -13.4 11.2 2.2 -1.9 -5.7 -2 29.7 5.5 19.4 23.1 60.1 18.9 10.6 44.4 27.6
51 8.6 61.9 49.9 43.7 0.8 5 -9.9 58.7 64.3 114 -1.1 -10.5 -10.4 14.7 6.5 2.3 -1.3 0.7 30.1 6.5 20.6 24.3 61.4 21 11.8 44.6 28.3
55.2 13.6 68.8 56.7 50.1 2.5 7.9 -6.6 62.6 68.3 117.8 2.1 -8.7 -8.5 16.6 8.9 4.7 1.1 1.5 28.7 6 20.2 23.4 60.8 21.2 11.3 43 27.4
53.4 8.7 65.9 54.3 50.1 0.6 6.2 -8.4 60.7 66.5 116.1 -0.3 -10 -9.5 14.7 6.9 2.9 -0.2 0 27.6 4.6 18.4 21.4 59.2 19.6 9.9 41.4 26
47.9 -0.4 57.9 46.6 45.5 -3.4 1.7 -13.5 54.9 60.9 110.9 -6 -13.5 -13 10 1.9 -1.7 -4.4 -3.1 27.2 3.1 16.1 19.3 57.2 17.6 8.1 39.9 24.2
42.5 -7 50.1 39.2 39.4 -6 -2.1 -18.1 49.3 55.6 105.7 -12.4 -15.7 -16 5.6 -2.8 -5.7 -8.3 -5.4 28.2 2.6 14.8 18.4 55.9 16.5 7.2 39.4 23.1
39.4 -11.6 43.2 33.1 34.2 -5.4 -3.3 -20.8 45.7 52.6 102.8 -17.3 -14.9 -16.7 3.8 -4.9 -7.1 -9.8 -5.3 31.1 4 15.3 18.6 55.8 16.9 8.1 40.3 23.5
39.7 -15.1 38.9 29.3 33.3 -2.1 -2.2 -20.5 45.4 53 103.9 -17.8 -12.4 -15 4.9 -3.7 -5.7 -8.2 -2.3 34.7 6.2 16.9 19.5 57 18.3 10.4 41.9 24.8
43.3 -16.8 38.9 30.1 38.7 2.3 1 -17.2 48.2 56.4 109.1 -11.8 -9.9 -11.8 8 -0.2 -2.3 -4 2.7 37.1 7.6 17.8 20.5 58.4 19.5 12.5 43.4 26.2
48.1 -15 42.4 34.6 47.1 5.9 4.7 -12.9 52.1 60.7 115.4 -1.9 -8.5 -9.3 10.9 2.9 0.8 0 6.9 37.3 7.4 17.5 21 58.9 19.7 13.5 43.9 26.7
51 -12.5 44.8 37.8 51.1 7.8 7.4 -10.3 54.2 63 118.8 6.9 -7.7 -8.3 12.3 3.8 1.9 1.6 8.6 37.2 7.8 17.8 21.3 59.1 20.3 14.5 44.8 27.1
49.7 -15.4 41.3 35.5 46.2 7.6 7.6 -10.9 52.6 61.3 117.1 10.5 -7.1 -8.7 11.9 2.1 0.4 0 7.8 38.7 9.5 19.5 21.9 59.8 21.5 16 46.9 28.5
46.7 -19.3 36.7 31.1 36.5 5.8 5.9 -13.4 49.1 56.5 111.3 6.6 -7.1 -10.2 10 -1.3 -3.3 -3.9 4.8 39.6 10.1 19.8 21.7 58.9 20.9 15.7 47.7 28.7
46.9 -16.2 38.1 30.7 31.2 5.2 5.8 -13.9 48.4 53.3 106.4 -2 -7.3 -10.4 8.9 -2.8 -6 -7 2.3 39 9.4 18.5 20.3 56.7 18.7 13.8 46.7 27.2
51.8 -8.1 44.3 34.4 33.5 8.3 9.5 -10.2 51.7 54.8 106 -8.6 -6.3 -7.5 10.9 -0.6 -5.6 -6.9 3.2 39.3 9.7 18.1 19.4 55.1 17 12.8 46.6 26.2
58.6 0.7 52 40.1 39.4 13.2 15.1 -4.2 57.1 59.1 108.5 -10.5 -4.4 -3.4 14.9 3.4 -3.3 -5.3 5.7 40 10.7 18.1 18.7 54.4 16.2 12.3 47.1 25.6
63.6 8.3 59.9 46.7 44.4 16.5 19.3 0.9 61.7 62.4 110.1 -10 -3.3 -1.1 17.8 5.6 -2.3 -4.9 6.2 38.6 10.4 17 17.6 53.3 14.9 11.3 46.1 24
64.3 13.9 65.5 51.9 45.4 17.1 20.6 2.9 63.1 62.5 108.9 -10 -4.6 -2.1 17.5 4.8 -3.7 -6.7 4.1 35.4 8.4 14.9 16.1 51.7 12.8 9.7 42.9 21.5
61.1 16.8 66.5 52.9 42.5 15.7 19.6 1.7 61.4 60 105.8 -11.5 -7.9 -5.3 14.6 1.8 -6.6 -9.6 1 32.3 6.1 13.2 14.6 50.7 11.3 8.7 38.4 18.7
57.6 16.2 64.2 50 39.4 14.4 18 -0.6 59 57.6 103.7 -12.3 -10.9 -8.3 11.8 -1.1 -8.8 -11.5 -0.6 29.9 4.4 12.2 13.6 50.3 11 8.4 34.2 16.3
58.2 16 63.9 48.6 39.9 14 17.1 -1 58.9 57.7 104.5 -10.5 -12.6 -9.7 11.2 -1.9 -9.3 -11.5 -0.4 26.9 2.4 10.6 12.3 49.5 10.6 7.7 30.2 14.1
63.9 22.2 70.2 53 43.9 14 18.1 2.3 62.3 60.9 107.9 -5.6 -13.1 -9 12.8 -0.2 -8.1 -10.1 0.5 23 0.1 8.3 10.5 48 9.1 6.1 26.4 11.7
69.7 28.2 77.1 58.7 47.8 13.6 20.7 6.4 66.6 64.9 112.3 1.5 -12.1 -6.4 15.7 3.1 -5.8 -7.9 1.7 21.8 -0.6 7.8 10.1 47.6 8.5 6 25.4 11.4
70.4 25.6 76.4 58.4 48.2 11.7 21.9 6.9 67.6 65.8 114.8 7 -11.2 -4.4 17.1 5 -4.3 -6.5 2.5 23.9 0.5 9.1 11.3 48.5 9.9 7.8 27.7 13.8
66.3 18.2 70.6 53.4 45.3 7.7 20.4 3.8 65.1 63.7 113.9 6.8 -12.1 -5 16 3.9 -4.9 -7.3 1.7 26.4 1.9 10.6 12.4 49.5 11.5 9.3 30.4 16
59.4 10.9 63.6 47.3 41.3 3.4 18 0.4 61.1 60.4 110.7 1.2 -13.5 -6.7 13.9 1.4 -6.5 -9.2 0.4 28.2 3 11.7 13.3 50.5 12.3 10 31.9 17.1
51.1 4.1 56.6 41.5 38 1.6 17 -1.4 57.6 57.8 107.3 -5.4 -12.8 -7.2 13 -0.1 -7.5 -10.3 0.4 30.1 4.1 13 14.8 51.6 12.7 10.8 33.2 18.3
45.2 -2.1 51.5 37.6 36.6 3.2 18.2 -1.4 56.1 57 105.8 -8.9 -10.2 -6 13.9 0.3 -7.2 -9.7 1.8 31.1 4.6 13.8 16.5 52.1 13 11.3 34.4 19.6
45.8 -6.6 49.8 36.2 37.1 5.1 19.7 -1 56.4 57.7 106.5 -8.3 -8 -4.8 15.2 1.8 -6.2 -8.4 3 29.6 3.5 13.1 16.5 51.5 12.3 10.6 34.2 19.4
51.5 -7.5 50.2 36.2 38.3 4.3 18.8 -1.5 56.9 58.3 108.1 -5.5 -8.9 -5.3 15.1 2.7 -5.9 -7.9 3 25.7 1.2 11 14.5 49.7 10.4 8.8 32.6 17.6
56 -7.3 48.8 34.4 38.7 1.8 14.7 -3.6 55.9 57.7 108.6 -3.5 -13.1 -7.5 13.5 2.3 -6.6 -8.6 2.9 23.1 0.4 9.9 13.4 48.6 9.7 8 32.1 16.2
55.1 -11.4 42.5 29.3 36.2 0.1 9.4 -7.2 52.8 55.2 107 -5.1 -17.8 -9.4 11.8 1 -8 -9.6 3.6 25 2.6 11.8 15 50.1 11.5 9.7 34.6 17.7
51.4 -14.6 36.7 25.7 32.4 0.4 6.7 -9.6 50.1 52.1 103.7 -10 -20.2 -9.5 10.9 -0.5 -9.3 -10.9 4.2 29 5.6 14.9 17.3 52.6 13.5 11.8 37.3 20.1
50.4 -9.9 38.7 28.6 31.4 3.2 8.9 -8 51.2 51.7 101.5 -14.1 -18.5 -7 12.3 -0.1 -9 -11 4.3 31.8 7.6 17.3 18.7 54.1 14.2 12.4 38.1 21.1
53.9 -1.1 46.3 35.6 35 8.1 14.7 -3.2 55.6 55.1 103.1 -13.4 -13.3 -2.6 16.1 2.7 -6.4 -8.8 5.4 33.3 8.9 18.4 19.6 54.4 14.3 12.3 37.2 20.6
59.6 6.7 55.5 43.4 40.9 12.9 19.9 1.8 60.6 59.9 107.2 -9.1 -8.5 0.7 19.9 6.2 -3.3 -6.1 6.6 32.6 9 17.9 19.6 53.7 13.6 11.3 34 18.1
64.1 12.8 64.1 50.3 45.4 14.8 21.9 4.6 64.3 63.4 110.4 -5.9 -7.3 0.7 21.2 7.7 -2.2 -5.4 5.8 29.8 7.4 16.1 18.7 52.2 12.1 9 29.1 14.2
65.2 17.6 69.1 53.7 45.7 13.3 20.3 4.3 64.9 63.4 109.7 -7.1 -9.7 -2 19.7 6.7 -3.7 -7.4 2.4 26.9 5.6 14.2 17 50.5 10.3 6.6 24.5 10.3
63.3 20.7 69.7 52.5 42.6 10.1 16.7 2.1 62.8 60.5 105.6 -11.9 -13.1 -5 16.8 4.2 -6.6 -10.9 -1.5 25.9 5.4 13.8 15.6 49.6 9.2 5.5 22.3 8.1
61.1 20.7 67.9 49.5 40.1 7.9 14.4 0.2 60.8 57.6 102 -15.4 -14.3 -6.3 15.1 2.4 -8.5 -13 -3.3 27.1 7.4 14.8 15.7 50.1 9.3 6.1 22.8 8.6
61.1 20.1 68.1 49.4 41 7.5 14.6 0.1 61.2 57.2 101.4 -15.1 -13.8 -5.9 15.2 2.3 -8.7 -12.9 -3.1 27.4 8.5 14.8 15.6 49.8 8.6 6.1 22.4 9
64.2 24.3 73.4 54.1 44.3 7.5 16.3 1.5 63.8 59.3 103.5 -12 -13.3 -5.5 16.1 3 -7.9 -11.8 -2.8 24.3 6.1 12 13.4 46.9 5.5 3.4 18.2 6.2
67.3 28.1 78 58.6 46.2 7.9 17.9 3.2 66 61.6 106.3 -8.5 -12.7 -4.8 16.9 3.7 -7.3 -10.9 -2.4 21.2 2.7 8.8 10.6 43.7 2.5 0.4 13.8 2.6
66.9 24.4 75.8 57.2 44.3 8.1 17.3 2.7 65.1 61.3 106.7 -7 -12 -4.5 16.3 3.2 -7.9 -11.4 -2.1 21.2 1.2 7.3 9 42.2 1.6 -0.3 12.3 1.1
63.5 16.7 69.4 51.9 39.8 7.1 14.6 -0.1 61.5 58.4 103.8 -8.6 -12.5 -6 13.9 0.8 -10.3 -13.8 -3.6 22.9 1.1 7.1 8.4 41.6 1.7 0.1 12.3 0.8
59.1 9.5 62.2 45.3 35 5.1 11.3 -4 57.1 54.6 99.8 -11.3 -13.9 -8.7 10.5 -2.7 -13.5 -17.1 -6 24.5 1.6 7 8 41 1.5 0.3 12.2 0.4
55.8 3.8 55.2 39.3 31.5 4.3 9.6 -7 53.7 51.9 97.9 -12.2 -14.3 -10.4 8.3 -5.1 -15 -18.9 -6.5 26.6 2.6 7.1 7.8 40.8 1.5 1 13 0.7
56.6 0.6 51.7 37 31.6 7.2 11.3 -6.3 53.6 52.5 100.5 -9.8 -11.7 -8.8 9.2 -4.3 -13.1 -17.2 -3.5 29.8 4.7 7.9 8.7 42 2.8 3.1 15.3 2.6
60.9 -0.4 52.8 38.8 35.2 12.8 15.6 -2.8 56.4 55.6 105.5 -5.6 -7.3 -5.6 11.7 -1.1 -9.5 -13.5 0.7 31.9 5.9 8.3 9.2 42.9 4 4.9 16.9 4.1
63.9 -0.4 55 40.5 38.4 15.8 18.1 -0.9 58.2 57.3 108.1 -3.2 -5.2 -4.6 12 0 -8.6 -12 2 30.9 3.7 6 7.2 41.1 2.6 3.5 15.1 2.3
62.8 -1.6 53.4 38.8 38.6 14.6 16.8 -2.6 56.4 55.6 106.6 -3.7 -6.3 -6.8 9.2 -2.3 -11.1 -13.8 0.1 29.2 0.5 3 3.9 38.3 0.2 0.8 12 -0.7
59.2 -6.5 46.4 33.4 35.4 12.3 14 -6.1 52.6 51.9 103.4 -5.5 -7.5 -9.4 6 -5.6 -14 -16.1 -1.5 30.5 0 2 3 37.8 0.3 0.7 12.1 -0.7
57.4 -8.5 41.5 29.6 31.8 11.2 13 -7.8 50.6 49.8 101.4 -6.7 -7.5 -10.6 4.8 -7.3 -15.3 -17.2 -1.5 32.9 1.6 2.8 4.3 39.1 2 2.8 14.2 1.2
60.9 -1.8 45.2 32.4 32.1 12.8 16 -5.1 53.3 52.1 103 -4.8 -5.5 -9.2 6.8 -5.9 -13.9 -15.8 0.2 34.1 3.3 3.9 6 40.5 3.8 5.2 15.5 2.8
67.7 8.1 53.7 39.4 36.7 17 21.4 0.6 59 57.4 107.8 0 -2.1 -5.8 10.5 -2.2 -10.8 -12.5 3.4 34.7 4.3 4.9 6.8 41.3 4.8 6.9 16.3 3.9
73.3 14.8 61.2 46.4 41.8 20.6 25.5 5.2 63.7 61.5 111.5 3.7 0.1 -3.4 12.9 0.7 -8.7 -10.5 5.1 33.9 3.5 4.2 5.8 40.5 3.7 6.4 15.8 3.4
75.1 17.7 66.5 50.8 44.4 21 25.8 6.5 65.2 62.1 111.3 3 -1 -4.5 12 0.3 -9.9 -12.1 2.4 30.6 0.1 1 2.5 37.2 -0.3 2.5 12.5 0
72.3 18.4 68.6 51.6 43.6 17.7 22.4 4 63.2 58.9 107.2 -2.5 -4.9 -9.2 8 -3.5 -14.3 -17.2 -3.9 25.7 -4.7 -3.5 -2 32.3 -5.7 -3.1 7.1 -5
66.5 18.1 66.9 48.9 39.8 12.3 17.3 -1 58.7 53.5 101.2 -11.4 -9.6 -15 2.9 -9 -20 -23.4 -10.4 21.7 -8.8 -7.2 -5.7 28.1 -10.1 -7.7 2.3 -8.8
61 16.3 62.8 44.6 35 7.8 13.3 -5.6 53.8 48.2 95.6 -19.9 -12.8 -19.3 -1 -13.7 -24.7 -28.3 -14.5 19.3 -11 -9.4 -7.6 25.6 -12.5 -10.2 0 -10.3
59.8 16 61.9 43.8 33.8 6.5 12.7 -6.5 52.1 46.6 93.3 -22.7 -13.7 -20.4 -1.8 -15.3 -26.2 -30 -15.7 17.5 -12.2 -10.2 -8.2 24.7 -13.5 -11.2 -0.7 -11
64.4 22.1 69 50.5 39.6 9 16 -2.3 56 50.6 96.8 -15.6 -12.8 -18.3 0.9 -12.6 -23.7 -27.3 -14.2 15.5 -12.9 -10 -8.2 24.8 -13.8 -11.5 -1.4 -11.9
70.4 27.7 77.2 58.5 48 13.1 20.2 2.8 61.6 56.7 103.7 -2.2 -11.3 -15 4.9 -8.2 -19.2 -22.1 -11.2 14.6 -12.8 -9.1 -7.3 25.8 -13.1 -10.6 -1.2 -11.9
71.2 24.7 76.8 59.1 51.5 14.9 20.4 2.9 62.5 58.3 107 5.5 -12 -14.5 6 -6.7 -17.2 -19.5 -9.6 14.4 -12.9 -8.7 -6.4 26.2 -12.5 -9.6 -0.2 -10.9
66.5 16.9 69.8 53.4 48.7 12.4 16.1 -2.1 58.3 54.8 104.1 0.5 -16.3 -17.7 3.2 -9 -19.5 -22 -10.8 13.6 -13.6 -9.3 -6.6 25.1 -12.9 -9.8 0.4 -10.5
60.2 9.4 60.9 45.8 43.4 7.3 10.7 -7.9 52.5 49.6 98.3 -12.4 -21 -21.7 -0.7 -12.5 -23.1 -26.4 -12.7 13.2 -13.9 -9.5 -7.1 24.1 -13.8 -10.6 0.9 -10.4
55.1 2.3 52.2 38.2 38 2.2 7.1 -11.7 47.6 45.4 93.4 -23 -22.9 -23.8 -2.8 -15.1 -25.5 -29.1 -13.3 14.3 -13.6 -9.1 -7.6 23.7 -14.3 -11.2 2.1 -10.2
53.1 -3.7 46.2 33.2 34.8 0.2 6.3 -12.6 45.6 43.7 92.3 -25.2 -21.8 -23.3 -2.3 -15.6 -25.5 -28.8 -12.4 15.9 -13.5 -8.3 -7.4 23.8 -14.6 -11.1 3.8 -9.7
54.3 -7.7 44.9 32.7 34.6 2 7.7 -11.4 46.7 44.8 94.8 -20.2 -19.9 -21.5 -0.4 -13.9 -23.9 -26.6 -10.7 16 -14.2 -8.1 -7 23.6 -14.8 -11.1 4.6 -9.3
56.1 -8.2 46.8 34.5 35.2 4.4 8.9 -10 48.4 46.8 97.6 -13.9 -19.4 -20.3 0.7 -11.8 -22.6 -24.7 -9.6 14.4 -15.4 -8.6 -6.9 23.3 -14.9 -11.4 3.8 -9.9
56 -7.4 47.7 34.5 34.5 5.2 9.2 -9.8 48.8 47.7 98.9 -9.2 -19.6 -19.8 1 -10.6 -21.3 -23.5 -8.7 14.4 -14.4 -7.4 -5.4 25.2 -13.1 -10.2 4.2 -9
53 -10.9 43.8 30.6 31.8 4.8 8.6 -11 47.5 47.1 98.9 -5.8 -18.8 -18.8 1.3 -10.1 -19.4 -21.9 -7.1 18.5 -10.1 -3.1 -1.2 30 -8.7 -6.5 8.5 -4.8
49.6 -14.3 39.4 27.1 28.6 3.3 7.4 -12.7 45.6 45.6 97.8 -5.5 -18.8 -18.3 1.5 -10.4 -18.2 -21 -6.5 22.7 -6.6 0.8 2.4 33.8 -5.6 -3.7 12.8 -1.3
49.4 -11 40 28.3 27.8 2.6 6.9 -12.9 45.7 45.1 96.9 -8.5 -19.8 -18.1 2.1 -10.9 -18 -20.9 -7.2 22.9 -6.5 1.5 3 34 -5.8 -4.1 13.5 -1.6
52.3 -4.3 44.2 32.9 30.4 4.4 8.1 -10.9 48.1 46.8 97.5 -11.6 -19.8 -17 4.2 -10 -17.5 -20.1 -6.9 21 -7.6 0.6 2 32.6 -7 -5.4 12 -3.7
56.7 1.6 50 38.4 34.8 7.5 10.7 -7.7 51.7 49.9 99.7 -12.8 -18.4 -15 6.8 -7.3 -16 -18.2 -5.4 19.2 -7.9 -0.2 1.4 31.8 -7.2 -6.1 10.3 -5.6
60.6 7 57.1 43.2 37.5 9.1 13.3 -4.9 55 52.6 101.4 -13 -17.7 -13.6 8.4 -5 -14.6 -17 -4.6 17.7 -7.6 -0.4 0.8 31.8 -7.1 -6.9 8.5 -7.9
61.9 12.2 62.3 45.3 36.2 7.6 13.8 -4.2 55.9 53.2 100.8 -14 -19 -14 8 -5 -14.8 -17.9 -5.8 16.3 -7.3 0 0.2 31.9 -7.3 -8.1 6.4 -10.3
60.4 16 63.1 44.4 32.9 4.8 12.3 -5.5 54.5 52 98.9 -15.8 -20.8 -15.3 6.8 -6.7 -16 -19.2 -7.4 16.2 -6.1 1.2 0.7 32.9 -6.9 -8.4 5.7 -10.9
58.5 16.6 61.7 43.1 31.8 4.9 11.5 -6.5 53.4 51.3 98.7 -15.5 -20.6 -14.9 6.6 -7.6 -15.9 -18.5 -7.2 17.8 -3.4 3.4 3 35.3 -5 -6.8 7 -9
58.9 16.7 62.9 44.7 34.8 8.6 13 -5.3 54.7 52.7 101.3 -12.3 -18.4 -12.8 7.9 -6.3 -14.3 -15.9 -5.8 18.8 -1.5 5.1 4.7 37.3 -3.3 -5.5 7.7 -7.7
62.4 22.2 69.8 51.5 41.1 13.8 16.4 -1.6 59.2 56.2 105.6 -7.7 -15.4 -9.7 10.8 -2.9 -11.5 -12.8 -4.3 17.7 -1.3 5.7 4.6 37.6 -2.8 -5.5 6.7 -9
65.6 27.4 76.3 58.3 46.9 17.6 19.9 2.5 64.2 60.3 110 -3.3 -11.8 -6.3 14.4 0.9 -8 -9.4 -2 17.1 -0.7 6.7 5.2 38.2 -1.8 -4.8 7.2 -9.3
63.1 23.6 74.7 57.9 47.7 16.2 20.4 2.7 64.5 61.2 111.5 -1.5 -10.3 -5.1 15.6 1.8 -6.7 -8.2 -0.5 17.5 0.3 8 6.5 39.2 -0.8 -3.7 9.8 -7.7
56.2 14.1 67.4 51.2 44.2 9.4 17.3 -1.3 59.6 58.1 109.3 -3.6 -13.2 -7.5 12.9 -1.2 -9.1 -10.6 -1.6 17.6 0.5 8.3 7 39.4 -0.7 -4 12 -6.5
51.6 5.9 59.6 44 40.6 2.9 13.5 -6.2 54.1 54 105.9 -7.6 -16.7 -10.5 9.7 -4.8 -12.3 -13.6 -3.3 18.7 1.1 9 7.4 40 -0.3 -3.9 14 -5.4
52.7 1.3 52.9 38.6 39 1.9 12.1 -8.8 51.2 51.9 104 -10.2 -16.1 -10.4 9.4 -5.8 -13.1 -14 -2.9 22.6 3.6 11.4 9.4 42.2 1.9 -2 17.1 -3.2
57.6 -0.3 49.2 37 39.4 6.3 14.3 -7.8 52 53.1 105.1 -9.4 -10.8 -6.4 12.6 -3.2 -10.3 -11.1 -0.1 28 7.8 14.9 12.8 45.5 5.4 1.4 21.3 0.6
62.8 -0.9 50 39.5 41.3 12.3 18.8 -4.2 55.1 56.7 108.1 -6.5 -4.8 -1.3 17.1 1.3 -6 -7.4 3.3 31.9 11.3 17.8 15.8 48 7.9 4.2 25.7 4.6
64.6 -1 52.8 42.6 42.8 15.3 21.7 -1.4 57.2 58.8 109.9 -5 -3 1 19.1 3.7 -4 -5.8 4.4 32.6 11.6 18.1 16.5 48.2 7.8 4.4 28.4 7
61.6 -2.6 52 41.2 41.1 14.5 21 -1.8 55.6 57.4 109.1 -6 -5.5 -0.1 17.5 2.7 -5.3 -6.9 3.3 32.2 10.5 17.5 15.9 47.8 7 3.9 29.7 8.1
55.5 -9.5 44.3 33.9 35.8 11.7 17.5 -5.6 50.8 53.4 106.2 -8.1 -8.5 -2.8 14.2 -0.3 -7.9 -9.3 1.7 33.6 10.7 17.8 15.9 48.8 7.6 4.6 31.4 9.5
49.6 -15.4 36.4 27.1 31 8.5 14 -10.2 45.8 49.1 102.6 -10.7 -10.9 -6.1 10.5 -3.9 -10.9 -12.3 -0.6 34.4 10.6 17.4 15.4 48.9 7.9 4.6 31.6 9.8
47.7 -12.8 36.4 27.7 31.7 6.8 13.6 -11.9 44.7 48.1 101.6 -11.2 -12.3 -8 8.6 -6 -12.1 -13.9 -2.4 32.8 9 15.4 13.8 47.5 6.7 2.9 29.7 8.1
50.8 -4.8 43.3 34.5 38.2 8.5 16.9 -9 48.7 51.9 105.5 -6.6 -10.9 -6.4 10 -4.3 -9.7 -11.2 -0.8 31.5 8.1 14.3 13.4 47.1 6.7 2.6 29.2 7.9
57.1 3.6 52.9 43.3 46.4 12.2 21.4 -3.7 55.1 58 111.8 0.6 -7.9 -2.6 13.4 0.2 -5.2 -6.3 3 31.9 8.7 15.2 15 48.9 8.5 4.3 30.8 9.8
62.7 11.1 62 50.9 51.7 13.9 23.2 0.1 59.7 62.1 115 4.1 -6.7 -0.9 15.5 3.5 -2.5 -3.6 4.4 31.5 8.8 15.5 16.4 50.3 9.8 5.4 31.7 11.1
63.9 16.5 66.7 54 51.6 11.2 20.8 -0.6 59.9 61.3 112.6 0.9 -9.3 -3.6 14 2.6 -4 -5.6 2 29.2 6.8 13.7 15.4 49.1 8.7 4.4 29.8 10.2
60.6 18.2 65.9 52.3 47.3 5.7 15.5 -4.9 56.6 57 107.4 -5.8 -13.7 -8.9 9.8 -1.7 -8.2 -10 -1.8 26.7 4.3 11.2 12.7 47 6.8 2.7 27.3 8.7
56.6 15.6 62.7 49.2 43.3 1.1 11.1 -8.7 53.5 53.9 103.9 -10.2 -16.7 -13 6.2 -5.6 -11.6 -13.2 -3.8 25.5 2.8 9.9 10.7 46.3 6.2 2.3 26.8 8.5
55.2 13.5 62.5 49.3 43.4 -0.4 9.9 -9.4 53.1 54.1 104.1 -10.2 -17.5 -14.3 5.2 -6.8 -12.2 -13.7 -3.8 24.5 1.4 9.2 9.7 46.4 6.7 2.2 27.3 8.7
57.1 17.6 68.1 54.6 48.1 0.8 11.8 -7.1 55.8 57.1 107 -7.2 -17.2 -13.3 6.3 -5.3 -10.5 -12.1 -2.9 21.9 -1 7.6 8.7 45.7 6.6 1 26.5 8.1
59 21.6 73.2 59.6 54.8 2.6 14.1 -5.1 59 60.7 111.5 -1.5 -16.3 -11.9 7.6 -2.9 -8 -9.1 -1.1 19.4 -3.2 5.9 8.2 45.1 6.5 0.5 25 7.8
57.3 17.9 70.9 58.6 58.9 3 14 -6 59.2 62.4 115.3 5.7 -15.7 -12.2 7.4 -2 -6.7 -6.5 0.9 18.7 -4.3 4.8 8.4 45.6 7.3 1.9 24.2 8.2
52.8 10.4 64.5 53.6 57.7 0.8 11 -9.3 56.4 61.1 116.1 10 -17.1 -14.8 5.4 -3.5 -7.4 -6.1 1.4 19.1 -5 4.4 8.8 46.4 8.5 4.2 23.7 8.6
48.7 4 57.7 47.7 52.3 -2.5 6.8 -13.2 52.3 57.7 113.6 7.3 -20.2 -17.8 2.8 -6.2 -9.4 -7.6 0.8 19.8 -5.3 4.6 9.1 47.2 9.6 6.2 23.5 9.1
47.2 -1.5 51.1 41.5 46 -4.7 3.4 -16.1 48.9 54.2 109.6 -0.9 -22.7 -19.4 1.3 -8.4 -11 -9.4 1.1 20.6 -5.2 5.2 9.6 48 10.7 7.9 24.1 10.4
49.2 -6.2 46.8 37.5 42.4 -4.4 2.3 -16.9 47.8 52.7 106.8 -8.1 -22.9 -19.4 1.8 -8.6 -10.9 -9.6 3.1 20.9 -5.1 5.8 10.1 48.6 11.7 9.5 25.9 12.6
52.9 -9 46.4 37.7 42.4 -1.7 3.4 -15.8 48.8 53.6 106.5 -9.2 -21.3 -18.5 3.3 -6.8 -9.5 -8.5 5.6 19.8 -6.4 5.3 9.8 48.2 11.6 9.6 27.3 13.7
55.5 -8.6 48.2 39.8 43.4 1 5.1 -14.5 50 54.9 107.7 -5.6 -19.8 -18.3 4 -5.1 -8.6 -7.5 6.8 17.7 -8.7 3.5 8.3 46.9 10.5 8.2 26.7 12.6
55 -8.1 47.8 39.8 42.6 1.5 5.4 -14.3 49.7 54.9 108.5 -0.8 -19.1 -18.6 3.7 -4.9 -8.8 -7.3 6.6 17.7 -9.3 2.8 7.9 46.8 10.3 7.7 26.5 11.9
51.3 -13.2 42.3 35.3 39.2 -0.1 3.3 -16.2 47 53 108.5 4.9 -19.4 -19.4 2.5 -6.3 -9.5 -7.5 5.7 20.8 -6.9 4.4 9.5 48.3 11.9 9.6 28.5 13.4
46.9 -18.9 36.7 30.4 35.8 -3 -0.2 -19.5 43.8 50.6 108.3 10.9 -22 -21.6 0.4 -8.4 -10.7 -8.4 3.5 23.1 -5.1 5.4 10.4 49 13 11 29.7 14.2
45.8 -17.6 37.4 30.2 35.7 -4.5 -1.5 -20.8 43.2 50 108.5 12.7 -25 -23.1 -0.9 -8.9 -11.2 -8.9 1.9 22.8 -5.5 4.7 9.6 48 12.6 10.8 28.8 13.1
48.4 -11.3 42.4 33.6 38.3 -2.6 1 -18.7 45.8 51.9 108.9 6.7 -25 -21.9 0.3 -6.9 -10 -7.8 3.3 22.1 -6.3 3.9 8.8 47.4 12.3 10.5 27.9 12.3
52.6 -4.2 49.1 38.5 41.6 1.1 5.1 -14.2 50 55 109 -3.5 -22.4 -18.8 3.4 -3.7 -7.8 -5.8 6.6 21.7 -6.7 3.6 8.5 47.6 12.6 10.7 27.7 12.3
56.2 2.7 56.7 44.3 44.2 3.4 8.1 -9.7 54.1 57.9 109.5 -10.1 -20.1 -16.6 6.2 -1.3 -6 -4.2 8.8 20.5 -6.4 3.9 8.8 48 13.3 10.9 27.1 12.3
56.8 8 61.9 47.9 44.6 2.2 8.2 -8.4 56 58.4 109.6 -10.9 -20.1 -16.7 6.6 -1.2 -5.9 -4.4 8.2 18.5 -6.1 4.4 8.9 47.9 13.4 10.4 25.8 11.9
54.2 10.5 61.9 47.2 42.5 -2.1 5.5 -10.8 54.5 56.3 108.3 -9 -22.5 -18.9 4.2 -3.6 -8 -6.4 5.4 17.3 -5.6 5 8.9 47.3 13 9.6 24.9 11.2
51.6 9.8 59.1 44.9 39.8 -5.5 3.2 -13.6 52.1 54.1 107.1 -6.4 -24.7 -20.6 2.1 -5.7 -9.9 -8.2 3.4 17.8 -4.5 6.1 9.2 47.5 12.9 9.5 25.6 11.4
53.1 10.1 59.6 45.9 39.9 -4.5 4.3 -12.8 52.5 54.9 107.7 -4.2 -24.3 -19.5 3.3 -5.1 -9.4 -8.3 3.2 18.7 -3.4 7.3 9.8 47.9 12.9 9.4 26.3 12
59.2 16.6 66.6 52 43.8 0.2 8.7 -8 56.8 58.7 109.9 -3.1 -21.5 -16.2 7.4 -1.6 -7 -6.9 3.8 18.5 -3.1 7.8 10.1 47.7 12 8.2 25.3 11.3
65.1 23 73.5 57.7 48.3 5.6 13.3 -2.8 61.9 62.7 112.6 -1.6 -17.7 -12.3 12.1 2.7 -3.9 -4.8 5.2 19.1 -2.2 8.8 11.1 48 11.6 7.7 24.9 10.9
65.1 21 72.6 57.2 48.5 8.2 14.4 -1.8 63 63 113.1 -0.3 -15.8 -10.3 13.8 4.4 -2.7 -4 6.3 21.2 -0.5 10.2 12.2 48.7 12 8.4 26.5 11.6
59.2 12.5 65.3 51.2 44 5.9 11.1 -6.1 58.7 58.5 109.5 -2 -17.8 -12.5 10.9 1.3 -5.7 -6.7 4.3 22 0.1 10 11.5 47.8 11 7.6 27.6 11
51.4 2.5 55.3 42.5 37.4 0.1 5.1 -13.3 51.2 51.7 103.3 -6.7 -22.2 -17.6 5.3 -4.9 -11.4 -12 -0.4 20.5 -1.5 7.9 8.6 44.9 8 4.6 26.6 8.1
45.9 -6 45.4 33.7 32 -4.9 0.2 -19.2 44.6 46.5 98.9 -10.2 -25.3 -21.5 1.2 -9.9 -15.9 -16.2 -3.8 19.4 -3.2 6.2 6.4 42.4 5.4 2.2 25.5 5.7
45.9 -11 40.1 29.3 31.7 -4.8 0 -20 42.8 46.4 99.9 -8.7 -24.3 -20.6 1.6 -10.1 -15.6 -16 -3.1 21.1 -2.7 6.7 7 42.4 5.3 2.5 26.8 6.1
50.4 -12.8 41.2 31.2 36.6 0.4 4 -16.3 46.1 50.4 104.8 -3.8 -20.3 -16.1 5.2 -6.4 -11.7 -12.5 0.5 24.1 -0.8 8.1 9.3 43.9 6.7 4.1 29.4 8.1
54 -11.9 44.3 35.7 41.6 5.2 7.7 -12.7 49.9 53.5 108.3 -0.3 -17.4 -12.7 7.9 -3.5 -8.7 -9.8 3.5 25.6 0 8.4 10.4 44.3 7.2 4.6 30.6 9.1
53.1 -11.5 43.6 36.8 42 5.3 7.7 -12.7 50.4 53 107.8 -0.5 -17.1 -12.4 7.9 -3.4 -8.3 -9.5 4.5 26.5 0.4 8.5 11 44.4 7.5 4.9 31.5 10
48 -16.4 37.2 31.7 37.6 0.8 4.3 -16.1 47.2 49.8 104.6 -3.3 -18 -14.4 6.2 -5.4 -10 -10.9 4.4 28.3 1.7 9.7 12.4 45.6 8.8 6.6 33.8 12
42.6 -21.9 30.9 25.4 32.2 -5.7 -0.2 -20.5 42.9 45.9 100.8 -7.3 -20.2 -17.5 3.6 -8.3 -12.7 -13.3 3 28.6 1.9 10 12.6 46 9.2 7.5 34.9 12.6
41.2 -21 30.8 24.2 30.4 -9.1 -2.4 -22.3 41.1 44.3 98.9 -9.2 -22.3 -19.6 1.7 -10.1 -14.8 -14.9 1.1 26.5 0.1 8.4 11.2 44.7 8.1 6.7 33.1 10.7
44.8 -15.8 35.6 28 33.2 -5.9 -0.8 -20.2 42.8 46 100.5 -7.3 -22 -18.8 2.1 -9.3 -14.5 -14.1 0.8 24.5 -1.7 6.7 9.8 43.2 7.1 5.8 30.8 8.7
50.5 -10.3 42.4 33.7 37.8 0.4 2.4 -16.1 46.2 49.5 104.2 -3.7 -19.7 -16.5 3.9 -7.2 -12.7 -12.1 1.6 23.1 -3.1 5.4 8.8 42.2 6.5 5 29 7.7
54.2 -5.1 49.6 39.4 40.9 4.1 5 -13.2 49.2 52.3 106.7 -1.5 -18.2 -15.4 5 -6 -11.3 -11.2 1.8 21 -4.7 4 7.6 41.3 5.4 4 27.2 6.8
53 -1.1 53.8 42.6 41.3 2.5 4.8 -13.7 49.7 52.1 106.2 -1.7 -19.3 -17.1 3.6 -6.9 -12.2 -12.7 0.6 18.3 -6.8 2.3 5.7 40.1 4 3 25.2 5.6
47.8 0.7 53.2 41.7 40.3 -2.7 1.4 -17.2 47 49 103.5 -3.2 -22.6 -20.8 -0.2 -9.9 -15 -15.8 -1.2 16.6 -8.4 1 4.1 39.4 3.4 2.9 23.7 5.1
43 -0.3 50.1 39 40.5 -6.7 -1.9 -20.4 44.1 46.4 102.1 -2.5 -25.1 -23.5 -3.2 -12.5 -17.3 -17.4 -2.3 17 -8.5 1 3.9 40 4.1 4.3 24.2 6.5
42.8 -0.6 50.3 39.7 42.7 -6.9 -1.9 -20.4 44.2 47.3 104.2 2.2 -25.1 -23.5 -3.3 -12.4 -17.1 -16.1 -2.1 17.8 -8.1 1.2 4.3 40.5 5.1 5.7 25.7 8.5
47.1 4.5 55.9 45 45.1 -5.2 0.5 -17.6 46.9 50.2 107.7 6.4 -23.8 -22.5 -2.1 -10.9 -16 -14.2 -2.2 16.1 -9.9 -0.8 3 38.8 4.1 4.9 24.9 8.4
50.4 8.1 60 48.4 43.8 -5 1.8 -16.3 48.2 51 107.9 5.3 -23.3 -22.9 -2.2 -10.9 -16.5 -14.7 -3.4 12.5 -13.9 -5 -0.4 35.2 1.3 2.2 21.6 6.1
48.7 3.1 56.4 45 37.1 -7.8 -0.2 -19.2 44.9 47.3 103.1 -2.5 -24.8 -25.9 -5.5 -14.5 -19.9 -18.1 -5.7 9.6 -18.3 -9.6 -4.4 31.3 -2.1 -0.5 18.3 3.4
43.5 -6 48.2 37.3 29 -12.8 -5.1 -24.8 38.4 41.2 95.8 -12.7 -28.7 -30.7 -10.9 -20.4 -24.9 -23.2 -8.9 7.5 -21.9 -13.1 -7.5 28 -5.2 -2.7 16 1.5
37.5 -13.5 39.8 29.6 24.4 -17.2 -10 -30.2 32.3 35.6 90.2 -19.5 -32.5 -34.9 -15.6 -25.6 -28.9 -27.2 -11.4 6.7 -23.6 -14.5 -8.9 26.6 -6.8 -3.6 15.5 1.3
32.8 -19.2 32.2 22.9 23.7 -18.9 -12.9 -33.2 28.9 32.5 88 -20.5 -34 -36.8 -17.4 -27.8 -30.4 -28.6 -12 7.8 -23.5 -14.2 -8.9 27 -6.4 -3 16.7 2.8
31.1 -24.3 27 19 25.4 -16.8 -12.6 -33.3 28.4 32.5 89.2 -15.9 -33.1 -36.5 -16.7 -26.8 -29.7 -27.4 -10.6 9.6 -22.9 -13.5 -8.5 28.1 -5.3 -1.9 18.2 4.6
33.4 -27.7 26.2 19.4 28.4 -11.5 -9.9 -31.2 30.7 35.2 92.8 -8.3 -31 -34.8 -14.6 -24 -27.7 -24.3 -7.3 10.4 -23.2 -14 -8.6 28.4 -5 -1 18.4 4.9
37.7 -27.2 28.8 22.1 30.8 -5.8 -6.8 -29 33.7 38.5 96.6 -3 -28.8 -33 -12.6 -21.4 -25.5 -21.3 -3.5 9.7 -24.3 -15.6 -9.1 27.6 -5.7 -0.5 16.9 3.5
40 -25.4 29.7 23.2 30.3 -3.8 -5.7 -28.6 35 39.8 98.7 -2.1 -27.8 -32.7 -12 -20.5 -24.2 -19.8 -1 9.5 -24.9 -16.4 -8.9 27.4 -5.8 0.3 15.6 2.1
37.4 -29 25 20.5 25.2 -6.4 -8.2 -31 32.9 38.1 98.1 -3.4 -28.7 -34.3 -13.6 -22 -24.9 -20.2 -0.8 10.8 -24.5 -15.7 -8 28.4 -4.5 1.8 15.9 1.9
30.8 -34.6 19 16.3 16.6 -12.2 -13 -35.3 28.4 34 94.2 -7 -31.9 -37.9 -17.1 -25.7 -28 -23.3 -3.5 10.4 -25.7 -16.3 -8.8 27.9 -4.8 1.6 15 0.6
23.7 -35.6 17.7 14.2 9.2 -17.6 -16.7 -38.6 24.6 29.9 88.4 -14.4 -36.3 -42 -21 -29.6 -32.3 -28.1 -7.9 6.1 -29.5 -19.8 -12.6 24.3 -8.2 -1.8 11.1 -3.6
20 -33.5 20.2 14 7.3 -19.9 -17.1 -39.2 23.6 27.9 84 -23.2 -38.7 -44 -23.2 -31.7 -35.4 -31.5 -11.1 0.3 -33.7 -24 -17.3 19.7 -12.7 -6.4 6.4 -8.6
22.4 -30 24.4 15.6 10.2 -19.5 -15.4 -37.8 24.8 28.1 81.9 -29.9 -39.1 -43.9 -23.9 -32.2 -36.6 -33.1 -12.6 -4.8 -36.7 -27.6 -21 16 -16.8 -11 2.5 -13
29 -24.7 30 19.1 13.5 -19 -14.3 -36.6 26.5 28.7 80.5 -33.4 -39 -43.7 -24.3 -32.2 -37.2 -34.3 -14.3 -8.7 -38.6 -30.4 -23.5 13.2 -20.3 -15.4 -1.3 -17.4
34 -18.2 34.7 22.8 15 -19.8 -15.3 -36.8 27.5 28.6 79 -34.5 -39.5 -44.3 -24.8 -32.6 -37.9 -35.9 -16.7 -10.3 -38.7 -31.3 -24.3 12.1 -22.2 -17.9 -4.1 -20.9
34.5 -13.5 36.5 24.6 15.5 -21.4 -17.4 -37.8 27.6 28.4 78.8 -33.2 -40.4 -45.1 -25 -32.9 -38.1 -36.5 -18.4 -8.6 -36.3 -29.4 -22.7 13.5 -21.3 -17.1 -4.6 -21.6
32.7 -12.8 36 24.4 16.1 -22.3 -18.5 -38.3 27.7 29.1 81 -28.9 -40.8 -44.7 -24.6 -32.4 -37.2 -35.3 -18.2 -5.4 -32.8 -26 -19.5 16.2 -18.3 -14.5 -3.4 -20.2
33.3 -12.3 37.3 25.9 17.9 -21.1 -17.3 -36.5 29.7 31.7 84.8 -22.4 -39.9 -43 -23 -30.5 -35.2 -32.6 -17.2 -4 -31 -24.1 -17.5 17.8 -16.2 -13.4 -2.9 -20
38.6 -6 44.1 32.5 22.2 -17.7 -13.6 -31.8 34.8 36.3 89.1 -16 -37.8 -40 -19.9 -27.1 -31.9 -29.3 -16 -5.5 -31.3 -24.1 -17.4 18 -16 -14.6 -4.3 -22.2
44.5 0.5 51.5 39.6 27.6 -13.2 -9.1 -26.5 40.5 41.2 93 -12.5 -34.8 -36 -15.4 -22.9 -27.7 -25.7 -14.2 -6.5 -31 -23.7 -17 18.6 -15.9 -15.3 -5.1 -23.8
45.2 -0.5 52 40 29.9 -10.4 -7 -24.7 42 43 94.5 -14.4 -33.3 -33.2 -12.5 -20.8 -25.2 -24.2 -12.8 -5.2 -29.3 -22.5 -15.7 19.9 -15.4 -14.7 -4.4 -23.9
40.9 -6.6 46.5 34.5 28.1 -11.9 -9 -27.2 38.9 40.5 92.5 -20 -35.4 -33.9 -13.4 -22 -26.3 -26.1 -13.6 -2.9 -27.8 -21.4 -14.8 20.6 -15.3 -14.4 -4.2 -24.3
34.9 -13.5 38.3 27 23.9 -16.1 -13.6 -32.2 33.8 35.6 88.3 -25 -39.7 -36.8 -16.7 -25.2 -29.4 -29.3 -15.6 -0.8 -26.9 -20.5 -14.5 20.6 -15.3 -14.5 -4.7 -25.2
30 -20.8 29.6 20 19.8 -19.3 -17.5 -36.7 29.2 31.5 84.9 -26.9 -42.7 -39.3 -19.7 -28 -32.1 -31.3 -16.7 1.1 -26.4 -19.4 -14.1 20.6 -15 -14.2 -4.7 -25.5
29 -27.1 24.5 16.6 18.6 -18.5 -17.5 -37.5 27.4 31.1 84.9 -25 -41.9 -38.9 -19.7 -28.1 -32.3 -30.8 -15.9 3.1 -25.2 -17.9 -13.2 21.5 -14.1 -13.2 -3.6 -25.1
31.6 -30.5 24.8 18 20.6 -14.3 -13.8 -34.8 28.9 34.1 88.1 -20.9 -37.6 -35.7 -16.7 -25.9 -30.3 -28.5 -13.7 4.8 -23.7 -16.9 -12.6 22.3 -13.7 -12.5 -2.6 -25
34.8 -29.7 27.5 21 22.8 -10.4 -9.9 -31.7 31.2 37 90.8 -18.5 -33 -32.4 -13.8 -23.9 -28.5 -26.8 -12.3 5.5 -22.9 -16.9 -13 22 -14.5 -13.3 -2.8 -25.8
34.8 -28.9 27 20.7 22.6 -9.9 -9.4 -31.4 31.2 36.9 90.4 -19.8 -31 -31.2 -12.9 -23.9 -28.7 -27.1 -12.7 6.4 -21.8 -16.5 -12.9 21.8 -14.9 -13.9 -3 -26.2
31.1 -34.3 20.7 14.5 20 -12.3 -12.7 -34.5 28.2 33.6 87.4 -23.5 -32.5 -32.1 -14.2 -25.6 -30.7 -28.8 -14.3 8.9 -19.6 -14.4 -11.5 22.9 -13.8 -12.8 -2.1 -24.9
27.2 -39.5 14.5 8.4 18.4 -15.4 -16.9 -38.1 25 30.2 84.6 -26.9 -36.2 -33.9 -16.3 -27.4 -32.6 -30.8 -15.8 10.9 -17.7 -12.2 -9.9 24.3 -12.4 -11.8 -1 -23.5
27.4 -36.3 15.4 9.2 20.6 -16.2 -17.4 -37.8 25.6 30.6 85 -27.3 -37.9 -33.7 -16 -26.9 -31.9 -30.5 -15.6 11.6 -16.8 -10.5 -8.8 25.5 -11.1 -11.6 -0.3 -23.1
32.2 -28.1 22.4 16 26.2 -12.7 -13 -33 30.3 35.1 89.4 -23.6 -34.8 -29.9 -11.9 -23 -28 -26.9 -12.7 12.5 -15.2 -8.3 -6.9 27.5 -9 -10.3 1.1 -22.4
39 -19.9 32.2 25.1 32.8 -6.5 -6.1 -25.9 37.2 41.8 95.7 -17.5 -29 -24.2 -5.7 -17.5 -22.6 -21.6 -8.9 13.7 -12.8 -5.6 -3.9 30.3 -6.2 -7.9 2.9 -20.9
44.5 -12.7 42.6 34.1 38.3 -1.6 -0.7 -19.3 43.6 47.7 100.9 -12.8 -24.8 -19.8 -0.7 -12.8 -18.1 -17.6 -6.6 13.9 -10.8 -3.7 -1.2 32.7 -4.1 -6 3.3 -19.6
45.5 -6.7 49.5 39.5 40 -1.3 0.4 -16.2 46.7 50.1 102.1 -12 -24.8 -18.9 0.7 -11.1 -16.6 -16.7 -7.2 12.9 -10 -2.7 0 34 -3.3 -5.7 2.4 -19.8
42.4 -3.1 50.4 39.6 37 -4.4 -2 -17.4 45.7 48.4 99.4 -14.9 -27.9 -21.1 -1.1 -12.5 -18 -18.6 -9.8 11.7 -9.8 -2.1 0.1 34.3 -3.1 -6.2 1.7 -20.3
39.2 -3 47.8 37.4 32.8 -6.5 -4 -19.6 43.5 45.6 96.3 -17.8 -30.5 -23.3 -2.9 -14.7 -19.7 -20.5 -11.7 11.9 -9.6 -1.3 0.6 34.6 -2.5 -6.1 2.6 -19.9
39.9 -2.9 47.6 37.7 31.8 -5 -3 -19.5 43.3 45.1 95.9 -18.1 -30.7 -23.5 -2.6 -15.1 -19.8 -20.8 -11.7 12 -9.9 -1.2 1 34.4 -2.5 -6.2 3.7 -19.3
44.7 2.6 53.5 42.9 35.2 -1.5 1 -16.1 46.4 48.1 98.4 -15.3 -29 -21.8 -0.4 -13.1 -18.3 -19.2 -10.5 9.8 -11.3 -2.3 0.6 33.7 -3.5 -7.5 2.7 -19.8
49.8 9 60.6 49 40.1 1.7 6.1 -11.8 50.8 52.5 102.5 -10.5 -26 -18.7 2.7 -9.6 -15.5 -16.1 -8.1 8.1 -11.8 -2.6 0.6 34.3 -3.3 -7.5 1.5 -19.9
51.6 8.8 62 50.4 42.4 3.1 9.2 -9.9 52.7 54.5 105.1 -6.4 -23.4 -16.4 4.8 -7.2 -13.6 -13.8 -5.8 9.3 -10.7 -1.5 1.5 36.7 -1.1 -5.2 2 -18.1
49.7 3.7 57.7 47 41.1 1.3 7.9 -11.8 50.5 52.4 104.4 -5.5 -24.2 -17.6 3.7 -8.5 -14.4 -14.2 -5.7 11.2 -10.4 -1.2 2.1 38 0.6 -3.1 3.1 -16
45.4 -2.7 50 40.5 38 -3.4 2.6 -16.4 45.7 48 101.5 -7.2 -28.2 -22 -0.4 -12.8 -17.4 -16.9 -7.2 11.7 -11.5 -2.2 1.6 37.3 0.8 -2.7 3.7 -14.7
41.5 -9.5 41 33.2 35.2 -7.2 -2.9 -21.2 40.9 44.5 99.3 -8.6 -31.5 -26.1 -4.4 -16.6 -19.8 -19 -8.1 12.3 -12.6 -3.1 0.9 36.4 0.6 -2.6 5.3 -13
41.4 -14.7 35.8 29.4 34.7 -6.6 -4.5 -22.7 39.3 44.2 100.1 -6.9 -30.8 -26.5 -5 -16.7 -19 -18.2 -6.3 13.9 -12.3 -2.5 1.4 37.2 1.4 -1.3 8.5 -9.8
45.4 -16.8 36.8 30.9 37.1 -2.2 -1.9 -20.4 41.9 47.1 103.8 -2.2 -27.1 -24 -2.1 -13.6 -15.9 -14.9 -2.6 15.3 -11.6 -1.5 2.5 38.7 2.5 0.7 11.6 -6.4
48.1 -16.7 39.9 33.6 39.9 0.4 0.6 -18.1 44.4 49.6 106.9 2 -25.2 -23 0 -11.2 -14.1 -12.6 -0.1 14.3 -12.3 -2.4 2.1 38.7 2.1 1 12.5 -5
45.3 -18.8 38.4 32 39.7 -1.8 -0.5 -19.9 42.6 48.7 106.5 2 -27.4 -25.7 -1.7 -12.5 -15.8 -13.9 -0.7 12.4 -14.1 -4.4 0.2 37.2 0.6 -0.1 12 -5.4
38.1 -27 30 24.8 34.7 -6.5 -5.3 -26 36.3 44.1 102.6 -2.8 -31.6 -30.6 -6.7 -17.1 -20.3 -18.1 -3.3 11.4 -15.7 -6.1 -1.8 35.7 -0.8 -1.1 11.7 -5.9
31.5 -34.3 21.6 18.1 27.1 -10.3 -10.7 -32.6 29.5 38.1 96.8 -9.9 -36 -35.6 -12.6 -22.8 -25.4 -23.2 -7.1 9.7 -18.2 -8.3 -4.2 33.3 -3.1 -2.7 10.9 -6.7
29.8 -33 20.7 17.8 22.8 -11.6 -12.8 -35 27.1 34.9 92.6 -14.7 -38.1 -38.1 -16.2 -26.1 -28.2 -26.2 -10.3 7 -21.2 -10.8 -6.4 30.3 -5.8 -5 10 -7.3
32.9 -26.4 26.1 22.8 25.3 -11.1 -11.1 -32.3 29.5 36.2 92.6 -15.3 -36.9 -37 -15.6 -24.8 -27.4 -25.6 -10.7 5.5 -22.4 -11.7 -7.3 28.8 -6.8 -6 10.6 -6.4
37.5 -19.3 33.9 29.6 32 -11 -8 -27.6 34.4 40.3 95.4 -14 -34.5 -34.6 -12.5 -20.9 -24.6 -22.8 -9 5.1 -22.3 -11.3 -7.4 29.2 -6.3 -5.8 11.4 -4.7
41.7 -12.3 42.2 36.6 38.1 -11.5 -6 -24 39.2 44.3 97.8 -13.1 -33.5 -33 -9.8 -17.6 -22.2 -20.6 -7.5 4.4 -22 -11.2 -7.3 30.2 -5.5 -5.5 10.8 -3.8
42.9 -6.2 47.7 40.7 39.6 -12.9 -6.3 -23.3 41.3 45.2 97.2 -14.2 -34.4 -33.4 -9.7 -17.6 -21.9 -20.9 -8.2 3.2 -22.2 -11.6 -7.6 30.6 -5.3 -5.7 9.1 -4.2
39.7 -3.2 48.2 39.9 36 -15.3 -8.8 -25.7 39.4 42.5 93.7 -17.5 -36.7 -35.4 -12.3 -20.8 -24.2 -24.1 -11.1 2.4 -22.4 -12.2 -7.8 30.2 -5.7 -6.3 8.2 -4.6
34.9 -4.7 45.6 36.5 31.3 -17.3 -10.9 -28.7 36.2 39.3 90.2 -20.6 -38.4 -36.9 -15 -24 -26.9 -27.3 -13.6 2.3 -22 -12.4 -7.9 29.9 -5.8 -6.4 9 -3.8
33.7 -6.4 45.3 35.9 30.4 -16.8 -10.6 -29.6 35.2 39 90.1 -20.7 -38.7 -36.9 -15.5 -24.8 -27.9 -27.7 -14.2 1.6 -22.3 -13.2 -8.9 29.3 -6.5 -7 9.6 -3.2
37.8 -2.5 50.5 40.7 34.5 -14 -8.2 -27.4 37.7 42.1 93.5 -17.4 -37.5 -35.8 -14 -23.2 -27.1 -25.8 -13.6 -0.8 -24 -14.9 -11.2 27.6 -8.2 -8.7 8.4 -4.2
42.8 1.6 55.6 45.8 39.5 -10.9 -5.6 -24.7 40.9 45.9 97.7 -12.1 -35.4 -34.5 -12.3 -21.1 -25.5 -23.7 -12.9 -2.4 -25.2 -16.1 -12.9 26.2 -9.2 -9.9 7.1 -5.9
43.5 -1.4 54.2 45 40.2 -10.1 -6.2 -25 40.4 46 99 -7.9 -34.5 -34.7 -12.6 -21.5 -25.5 -23.8 -13.3 -2 -25.6 -16.6 -13.5 25.5 -9.6 -10.3 6.8 -6.5
39.5 -7.8 48.3 39.6 36.7 -12.4 -9.8 -28.5 36.6 42.5 96.7 -6.9 -35.8 -36.6 -15 -25 -27.6 -25.9 -14.9 -0.9 -25.6 -17 -13.6 25 -10 -10.5 7.2 -6.1
33.7 -13.8 41.1 32.3 31.8 -16 -13.9 -33.2 31.7 37.9 92.5 -9.1 -37.6 -39.2 -18.1 -29.2 -30.5 -28.4 -16.5 0.8 -25.4 -17.4 -13.9 24.7 -10.5 -10.5 8 -5.3
28.7 -20.4 33.2 24.5 27.2 -18.3 -16.7 -37.4 27.4 33.7 88.1 -13.5 -37.9 -41 -21 -32.5 -33.3 -31.1 -17.8 2.3 -25.5 -18.3 -14.8 23.8 -11.7 -10.9 8.2 -5.9
27 -27.3 27.3 19.1 24.6 -16.8 -17.2 -39.5 25 31.5 85.4 -18.2 -36.5 -40.8 -22.3 -33.7 -35 -32.9 -18 2.7 -25.9 -19.7 -16.4 22.1 -13.8 -11.8 6.8 -8.2
29.1 -31.7 26.2 18.6 26 -12.1 -15.3 -38.7 25.6 31.9 86.1 -20.8 -34 -38.6 -21.3 -33 -34.5 -32.9 -16.7 1.7 -26.7 -20.8 -18.3 20.2 -16.3 -13 4.1 -10.9
32.4 -31.4 28.5 21.4 30 -8.1 -13 -36.7 27.4 33.6 88.6 -20.7 -32.3 -36.6 -19.7 -32 -33.4 -32 -14.9 -0.2 -27.5 -21.5 -20 18.7 -18.2 -14.3 1.8 -12.8
33.4 -30.2 28.9 22.9 32.7 -7.5 -12.5 -36 27.4 34.4 90 -19.6 -32.4 -36.1 -19.2 -31.8 -33.2 -31.6 -14 -0.4 -27 -21.2 -20.1 18.7 -18.1 -14.5 2.1 -12.5
30.8 -34.2 24.1 19.9 31.9 -10.2 -14 -37.7 25.1 33.3 89.4 -18.2 -33.9 -36.5 -20 -32.3 -33.7 -31.9 -14.2 2.9 -24.4 -18.9 -17.9 20.8 -15.5 -12.7 5.7 -9.5
27.7 -38.3 19.6 16.4 30.5 -13.5 -15.3 -39.5 23.2 32.1 89 -14.6 -35.8 -36.9 -20.5 -32.5 -33.8 -32.3 -15 7.3 -21.6 -16.1 -15 23.5 -12.3 -10.4 9.8 -6
28.1 -34.5 21.7 17.5 31.2 -13.8 -13.8 -38.1 25 33.6 91.3 -7.8 -36.1 -35.6 -19 -30.8 -32.3 -31.1 -15.2 9.7 -19.6 -14.3 -12.9 25.4 -10.2 -8.7 12.2 -3.7
32.3 -26.4 28.3 22.2 32.9 -9.9 -9.6 -33.5 29.7 37.4 95.2 -1.5 -33.3 -32.3 -15.5 -27.2 -29.5 -28.5 -13.5 10 -18.6 -13.7 -11.7 26.3 -9.4 -7.8 13 -2.7
37.7 -18.9 36.2 28.6 35.4 -4.6 -4.5 -28 34.8 41.2 97.6 -1.5 -29 -28.4 -11.6 -23.4 -26.9 -26.3 -11.4 9.5 -18.4 -13.7 -11.6 26.2 -9.5 -7.4 12.7 -2.9
41.7 -12.6 44.1 35.2 39.1 -1.5 -1.2 -23.7 38.8 43.4 97.3 -9 -26 -26.3 -9.1 -21.2 -25.6 -25.7 -10.5 8.7 -18.9 -13.8 -12.1 25.4 -10.3 -8 11.3 -4.2
42.3 -7.3 49.5 39.4 41.9 -1.9 -0.8 -22 40.7 43.5 95.1 -18.5 -25.7 -26.4 -8.7 -21.1 -25.8 -26.4 -11 8.4 -19 -13.4 -12.1 24.8 -10.8 -8.6 10 -5.1
40.2 -3.8 50.6 40.2 41.5 -4.1 -1.8 -22.4 40.8 42.5 93.2 -23.5 -26.6 -27.2 -9.3 -21.7 -26.4 -26.9 -11.5 9.8 -17.2 -11.5 -10.5 26.1 -9.3 -7.6 10.8 -3.8
38.4 -2.8 49.8 39.8 39.4 -5.5 -1.4 -22.7 40.9 42 92.9 -22.6 -26.3 -26.8 -8.8 -21.2 -26 -26.3 -11 13.1 -13.8 -8.2 -7.6 29 -6.3 -5.2 13.5 -0.9
39.8 -1.5 51.4 41.5 38.7 -5 1 -21.2 42.2 43.2 94.1 -19.3 -25 -25.2 -6.9 -19.3 -24.9 -25.2 -10.2 15.4 -11.8 -6.7 -6 30.6 -4.8 -4 14.5 0.7
44.3 4.2 57.5 46.5 40.5 -3.7 4.3 -18.1 44.9 46 96.1 -16.4 -24 -23.5 -4.5 -16.8 -23.5 -24.2 -10.2 14.3 -12.7 -8.2 -7 29.6 -6.2 -5.6 12.3 -0.6
48.3 9.2 63.1 50.6 42.5 -3 6.5 -15.2 47.8 49 98.5 -13.9 -23.6 -21.9 -2.5 -14.9 -21.6 -22.5 -9.8 12 -14.2 -9.8 -8.4 28.2 -7.9 -7.7 10.1 -2.1
48.4 6.4 62 48.8 41.4 -4 5.1 -15.4 47.6 49.1 99.1 -12.6 -24.2 -22.1 -2.5 -14.6 -21.1 -21.7 -9.4 10.7 -15 -10 -9.1 27.8 -8.4 -8.3 9.7 -2.3
44.2 -1.2 55.4 42.8 37.1 -7.1 -0.4 -19.1 44 45.7 96.4 -14.2 -26.9 -24.9 -5.4 -16.9 -23.4 -23.2 -10.7 9.8 -15.9 -10.1 -9.7 27.4 -8.8 -8.3 9.7 -2.5
38.5 -8.3 47.3 36 32.1 -10.3 -6.4 -24 39.4 41.2 92.5 -17.2 -29.8 -28.2 -9.4 -20.6 -26.5 -25.6 -12.6 9.6 -16.4 -10.3 -9.4 27.2 -9 -7.9 10.1 -2.6
34 -14.9 39.3 29.5 28.1 -11.4 -9.6 -27.7 35.5 37.9 90.2 -19.5 -31 -30 -12.1 -23.7 -28.4 -27.1 -13.3 10.7 -16 -10.4 -8.5 27.1 -9 -7.2 11.3 -1.8
31.8 -21.1 33.8 24.9 26.1 -10 -9.3 -29.2 33.2 36.8 89.8 -20 -30.3 -30.4 -12.6 -24.9 -29.1 -27.3 -12.8 11.6 -16.1 -11.1 -8.4 26.5 -9.3 -7.2 12.2 -1.4
31.3 -24.8 32.9 24 27 -6.7 -6.3 -28 33.4 38 91 -18.6 -28.3 -29.4 -11 -23.8 -28.3 -26.3 -11.3 11.2 -17.2 -12.4 -9.6 25.4 -10.3 -7.8 12.2 -1.8
31.1 -23.7 34.7 26 29 -3.6 -2.8 -25.5 35.3 39.8 93 -16.2 -26.3 -27.7 -8.8 -21.7 -26.7 -24.6 -9.4 10 -18.6 -13.4 -10.6 24.7 -11 -8.1 12 -2
31.5 -21.8 34.6 26.7 28.8 -2.7 -1.4 -24.5 36.5 40.2 94.2 -14.9 -25.3 -26.4 -7.9 -20.6 -25.3 -23.4 -8.1 10.8 -18.2 -12.4 -9.8 25.4 -10.1 -6.8 13.2 -0.3
33 -25.6 29.8 23.1 25.2 -4.3 -2.9 -26.4 34.9 38.2 93.3 -15.5 -25.1 -26.6 -8.7 -21.3 -25.3 -23.6 -7.7 14.5 -15.8 -9.7 -7.5 27.6 -7.7 -3.8 16.2 2.9
34.3 -31 24.1 18.1 20.9 -8.4 -6.4 -30.1 31 35.1 90.4 -18.2 -26.4 -28.9 -11.2 -23.9 -27.4 -25.9 -9.2 16.7 -14.7 -8.5 -6.6 28 -7.1 -2.6 17.3 3.8
35.1 -31.2 22.6 16.4 19.3 -12.9 -9.6 -32.9 28.3 32.8 87.8 -21 -28.6 -32 -14.1 -26.4 -30.4 -28.9 -12.2 14.5 -17 -10.7 -8.9 25.1 -9.9 -5.2 14.1 0.5
35.9 -28 24.5 17.9 19.6 -15.4 -11.2 -33.4 28.3 32.4 87.1 -22 -30.2 -33.8 -15.8 -27.7 -32.4 -30.5 -14.5 9.6 -21 -15.1 -13 20.8 -14.3 -10 9.3 -4.3
37.4 -23.8 29 21.9 21 -15.4 -11.1 -31.7 30.6 33.8 88.1 -21 -30.7 -33.6 -15.7 -27 -32.6 -30.3 -15.7 5.5 -24 -18.5 -16.3 17.5 -17.6 -13.7 5.9 -7.6
40.2 -16.5 37.2 29 24.7 -13.8 -9.2 -27.9 35.3 37.7 90.5 -18.4 -30.2 -31.6 -13.5 -24.1 -30.7 -28.3 -15.1 4.3 -24.1 -18.5 -16.6 17.3 -17.4 -14.5 5.4 -7.8
42.7 -7.2 45.9 36 30.3 -11.9 -6.6 -23.7 40.5 42.7 94.3 -13.9 -29.2 -29 -10.5 -20.8 -27.3 -25.2 -12.8 5.9 -21.9 -15.5 -13.6 20.2 -14.3 -12 7.6 -5.1
42.5 -0.3 50.2 38.7 35.2 -11.3 -5.1 -21.3 43.5 46 98.3 -8.4 -28.2 -27.5 -8.3 -19.1 -24.4 -22.5 -9.9 8.6 -18.6 -11.8 -9.4 24.4 -10.3 -7.7 10.6 -1.6
41.1 1.5 50.3 38.4 38.5 -11.1 -4.3 -20.4 44.3 47.4 101.6 -3.7 -27.1 -26.9 -6.9 -18.2 -22.7 -21 -7.9 11 -15.5 -8.9 -6.5 27.8 -7.4 -4.1 12.3 0.2
41.9 2.3 51.9 40.5 41.3 -9.2 -2 -18.6 46 48.7 104.5 -1.1 -25.1 -25.8 -5.2 -16.5 -21.7 -20.2 -7.1 11.2 -14.2 -8.4 -6.2 28.5 -7.3 -3.4 11.8 -1.2
46.1 8.3 58.7 48 45 -5.5 2.2 -14.5 50.4 52 107.5 0.1 -22.2 -23.6 -2.7 -13.6 -20.3 -18.8 -6.5 9 -15.2 -9.9 -7.5 26.6 -9.4 -5.2 9.5 -4.5
50.7 14.2 65.5 56.1 48.6 -1.9 6.1 -10.1 55.5 56.2 110.1 1.1 -19.5 -21 -0.2 -10.5 -18.1 -16.3 -4.7 7.2 -16.3 -11.1 -8.4 25 -10.8 -6.5 7.9 -6.3
51.3 11.8 65.7 57.7 48.9 -1.7 6 -9.3 56 57.3 109.6 0 -19.8 -20.7 -0.1 -10.2 -18 -15.7 -3.8 7.1 -16.7 -11.6 -9 23.9 -11.2 -6.9 7.4 -6.8
