69.4 13.2 63.4 53.8 32.5 24.1 17 8.6 69.8 67.3 105.5 -9.1 3.6 1.3 20.9 17.5 1.2 -6 2.3 27.1 13.8 19.3 17.2 48.6 16.8 3.2 5.2 -19.9
64.1 2.1 54.1 46.3 28.2 21.7 13.7 4.7 66 64.4 103.7 -10.5 2.4 0.3 18.9 16.2 0.4 -6.4 2.6 30.6 16 21.2 19.9 50.8 18.8 6.5 9.3 -16.9
59.2 -7.8 45.6 38.8 23.3 19.1 10.7 0.9 62 61 101.5 -13 1 -1.2 17.1 14.1 -1 -7.4 2.2 33.6 18.1 23.2 21.6 52.7 20.4 8.8 12.9 -14.5
57 -12.2 38.5 32.6 19.9 19.1 10.1 -0.7 59.4 58.7 100.9 -14.3 1.3 -1.6 16.8 13.1 -1.6 -7.4 2.4 35.9 19.3 24.5 22.1 53.5 21.2 9.8 16.3 -12.2
57.5 -12 32.5 28.6 18.9 22.1 11.7 0.1 58.6 58.9 102.4 -12.9 3.9 0.2 18.3 13.7 -0.5 -5.9 4.3 38.2 19.7 25 22.5 53.4 21.4 10.2 20.2 -9.5
59.5 -11.3 29 27.3 19.7 26.3 14.7 2.1 59.2 60.7 104.7 -9.5 7.2 2.9 20.5 15.5 1.4 -3.4 7.1 40.3 19.9 24.8 23.1 53.1 21.4 10.3 23.9 -7.2
61.1 -11.6 29.1 28.2 20.4 28.8 16.5 3.2 59.6 61.4 105.8 -7.5 8.8 3.9 21.4 16.3 2.1 -2.5 8 40.6 19.3 23.6 22.9 52.4 20.6 9 25 -7.2
59.8 -14.5 27.8 26.9 18.7 27.9 15.4 1.5 57.9 59.5 104.3 -8.5 8.4 2.6 20.1 15.2 1.2 -3.8 6.5 40.5 18.8 23.1 22.5 52.3 19.9 7.7 25.1 -7.3
55.4 -21.1 20 20.2 14.5 25.6 12.4 -2.7 54.2 55.9 101.5 -10.4 8.1 1.3 18.3 13.5 0.5 -4.9 6 43.1 20.4 25.5 24.3 54.7 21.8 9.7 28 -3.4
53.1 -23.7 15.2 16 12.4 24.5 10.8 -4.7 52.8 54.6 100.5 -10.6 8.5 1.5 18.1 13.3 1.3 -4.4 7 46 23.1 29.2 27.8 58.5 25.3 13.4 32.1 2.7
57 -16 21.7 21.5 15.7 26.3 13 -1.3 56.3 58.2 103.2 -8.4 9.8 3.8 20.5 15.8 4.3 -1.8 8.5 46.5 24.9 31.6 30.5 61.2 27.9 15.6 34.4 6.8
64.2 -3.5 33.2 31.5 21.9 30.9 18.3 5.1 62.3 64.7 108.1 -4.5 12.8 7.5 24.7 20.3 8.6 2.3 10.8 45.8 26 32.5 31.7 62.3 29.3 16.1 35.3 8.6
69.9 6.8 42.4 39.4 27.1 34.7 23 10.2 67.3 69.7 112.1 -1.5 15.6 10.5 28.4 24.4 11.8 5.7 12.6 45.3 26.6 32.8 31.7 62.5 30.1 16.2 35.4 8.9
72.3 11.4 49.1 44.7 29.6 35 24.8 12.2 70.3 71.5 113.3 -1.3 16.2 11 29.7 26.1 12.6 6.8 12.5 44.6 27.1 32.9 32 63.1 31 16.4 34.8 9.1
71.9 12 54.9 48.6 29.6 32.1 23.4 11.9 71.5 71.2 112 -4 14.1 9.1 28.6 25.6 11.7 5.9 10.2 43.2 27 32.6 32.8 63.9 31.8 16.5 33.7 10.1
70.2 12 58.7 50.6 28.1 28.1 20.6 10.4 71.3 69.9 109.4 -7.9 10.9 6.6 26.4 23.8 10.1 3.6 7 41.6 26.4 32.2 33.4 64.4 32.2 16.1 33.2 12
68.6 12 58.8 50 27 26.1 18.9 9.2 70.5 68.9 107.6 -10.3 9.2 5.9 25.3 22.4 9.2 1.8 5 41.8 26.2 32.8 34.1 65.1 32.9 15.9 34.4 15
69.7 14.1 59.6 50.7 28.7 27.4 20.2 10.5 71.4 69.9 108.5 -9.9 10.1 7.5 26.5 23 9.9 1.9 5 42.6 26.4 33.5 34.3 65.8 33.4 15.8 36.4 18
74.7 21.1 67 57.3 34.1 30.5 24.1 14.7 75.9 73.4 111.9 -7.7 12 10 29.1 25.5 11.9 3.4 5.6 40.8 25.4 32.8 33.2 65.5 32.6 14.7 35.8 18.9
78.6 25.3 72.6 62.7 38.4 32.9 27.1 18 79.7 76.6 115 -5.4 13.6 11.5 30.8 27.7 13.8 5 6.6 38.5 24.3 31.5 31.9 65.1 31.9 14.2 33.9 19.5
76.4 19.4 67.6 59.2 36.7 32.7 26.1 16.1 78.1 75.7 114.6 -4.7 13.8 11 30.1 27.3 13.7 4.6 7.7 38.9 24.3 31.6 32.1 66 32.7 16.3 33.6 22.2
70 7.6 57.5 51.1 30.8 29.7 22.1 11.1 73 71.4 110.9 -6.5 12.1 8.8 27.2 24.6 11.3 2.7 7.9 41.4 25.4 33 33.6 67.5 34.8 19.3 34.9 26.2
63.9 -3 48.9 43.7 25 26 18.1 6.4 68.3 66.3 106.5 -9.6 10.3 6.4 23.9 21.4 8.5 0.9 7.2 43.9 26.4 34.4 34.3 68.1 36.2 20.8 36.2 28.4
59.9 -9.3 41 36.7 21 23.7 15.1 3 64.6 62.3 103.5 -11.9 9.6 4.9 21.5 18.7 6.4 -0.2 6.4 45 26.2 33.9 32.8 66.8 35.6 20.2 36.8 28
57.7 -12.1 33.2 30.4 19.4 23.8 13.8 1 61.8 60.7 103.1 -11.3 10.3 4.9 20.9 17.4 6.1 0.1 7.1 44.7 24.9 32.1 30.6 65.3 34.6 19.6 37.6 28.5
57.3 -13.9 27.6 27.1 19.7 25.5 13.8 0.8 60.4 61.5 105.1 -7.8 11.4 5.9 22 17.7 7.4 2 9.6 43.6 23.2 30.6 29.5 64.6 34.4 20.2 38.5 31.3
57.9 -14.7 26.6 27.7 20.6 26 13.8 1 59.7 62.5 106.9 -4 10.3 5.9 22.3 17.8 7.9 3 10.9 41.5 21.1 29.1 28.7 64 33.9 20.5 37.9 33.5
57.1 -16.3 25.7 27.4 19.7 24.5 12.4 -0.2 58 61.5 106.4 -2.9 7.5 4.5 20.5 16.6 6.3 1.7 10.2 40.4 19.8 28 28.2 63.5 33.4 20.3 37.2 33.6
53.2 -22 18.7 21 15.8 22.3 9.9 -3.4 54.1 58 103.5 -5.4 6.3 3 18.1 14.4 4 -0.7 9.1 43.1 21 28.8 29.1 64.5 34.4 21.2 38.9 33.6
50.1 -25.1 13.6 15.2 12.2 20.3 8.1 -5.8 51.3 55.1 100.5 -10.3 6 1.7 16.9 12.5 2.3 -3.2 7.8 45.9 22.9 30 29.6 65.6 35.4 21.8 40.4 33.7
52 -19.2 18.7 18.6 13.3 20.1 9.3 -4.4 53.3 55.8 100.1 -13.6 5.8 1.8 17.6 12.7 2.2 -3.9 7 45.1 23 29.8 28.6 65.3 35.1 20.9 39 33.4
57.3 -7.7 28.5 27.3 17.9 22.4 12.5 -0.4 57.9 59.1 102.5 -12.6 6.4 3.4 19.6 15 3.8 -2.1 8.1 41.8 20.8 27.7 26.5 63.6 33.7 19.3 36 33.3
61.7 1.7 36.2 34.6 22 24.3 14.5 2.2 61.3 61.7 104.6 -9.5 6.5 3.9 20.3 16.2 4.8 -0.5 9.1 37.1 16.8 24.1 23.7 60.9 31.2 17.8 32.2 32.5
63.1 5.1 41.6 39.2 23.2 23 13.7 1.8 62.2 62 104.1 -8.3 3.9 1.3 18.6 14.9 3.3 -1.7 7.4 31.7 12.6 20.6 20.8 58.1 28.6 16.2 27.6 30.9
62 4.2 45.9 41.8 21.7 19.2 10.9 -0.5 61 60 101 -10.8 -0.9 -3.4 15.2 12.2 -0.5 -5.4 3 27.2 9.9 18.1 18 56 26.7 14.4 22.9 28.8
59.1 2.3 47.9 41.5 18.6 14.3 7.1 -3.7 58.2 56.2 96.5 -15.4 -6.3 -8.5 10.9 8.6 -5.4 -10.2 -2.4 23.5 7.9 15.8 14.9 54 24.5 11.8 18.6 25.7
55.8 0 45.9 38.1 15.4 10.4 3.9 -6.5 54.8 52.4 93.2 -18.4 -10 -12.2 7.2 5 -9.2 -13.6 -5.8 21.2 5.9 13.6 12.1 51.7 22.1 9.3 15.7 22.2
55.5 0.3 45.2 36.9 15.7 8.9 3.4 -6.7 54 51.5 93.3 -17 -10.9 -13 6.1 3.5 -10 -14.2 -6.1 19.5 4 11.4 10.3 49.4 20.1 7.4 14.3 19.7
60 6.9 52.4 43.5 21 9.8 5.8 -3.2 57.8 54.9 96.7 -12.3 -9.9 -11.5 7.9 4.6 -8.1 -12.7 -4.5 16.7 2.1 9.1 9 47.6 18.4 5.8 13 18.3
64.3 12.2 59.1 50.2 25.9 11.7 8.3 0.1 61.8 58.6 100.3 -8.1 -8 -9.4 10.6 6.5 -5.6 -10.6 -2.3 15.5 1.6 8.8 8.9 47.4 18.1 5.9 13.9 19.5
63 8.1 55.4 47.9 24.7 12.1 7.9 -1.1 61 58 100.1 -8.5 -6.9 -8.7 11 6.6 -5.4 -10.2 -1 18 3 10.6 10.3 48.4 19.4 7.8 17.7 22.9
57.3 -2.6 45.6 39.8 18.8 9.4 4.6 -5.7 56.3 53.6 96 -13.9 -7.9 -10.4 8.3 4.1 -8 -12.6 -2.2 21.3 5 12.4 11.8 49 20.4 9.5 21.1 25.3
51.8 -12.8 36.5 31.9 13.1 6 1.1 -9.9 51.5 49.2 92 -19.4 -10.2 -12.9 4.8 0.9 -11 -15.6 -4.2 23.1 6.1 12.9 12.5 48.9 20.6 10.2 21.5 25.8
49.2 -17.8 29.4 26.1 10.5 4.5 -0.6 -12 48.7 47.2 91.1 -20.3 -11.3 -14.2 3 -1 -12.4 -16.5 -3.9 24.1 5.8 12.1 12 48.5 20 10.5 19.8 25.1
49.3 -18.3 23.8 22.3 11.1 6 0.1 -12 47.9 47.6 93.1 -16.3 -9.8 -13.6 3.7 -0.8 -12 -14.9 -0.7 25.3 4.9 10.4 10.6 47.9 19.1 10.7 18.1 23.9
50.7 -18.2 20.1 20.5 12.9 9 1.8 -10.9 47.8 48.8 95.8 -10.7 -6.9 -12.2 5 0.2 -11 -12.5 2.8 26.4 3.8 8.4 8.9 46.8 17.9 10.1 17.4 21.6
51.9 -18.6 19.7 20.8 14.4 10.7 2.4 -10.4 47.4 49.2 96.9 -7.9 -5.9 -12.1 4.8 0.3 -11 -11.7 3.6 25.7 2.1 6.5 6.9 44.8 16.1 8.2 16.9 18.4
51.1 -20.9 18.8 19.7 13.6 9.9 0.4 -12 45.5 47.7 95.9 -9.3 -7.2 -13.3 3 -1.2 -12.4 -13 2.3 25.4 1.5 5.8 5.7 43.8 15.2 7 17.4 17.1
47.1 -27.4 11.6 13.4 9.3 7.7 -3.5 -16.1 41.5 44.1 93.2 -12.9 -8.6 -15 0.7 -3.4 -14.3 -15.1 1.2 28.3 3.6 7.5 6.5 45.1 16.6 8.6 20.9 19.8
43.6 -30.9 6 8.7 5.5 5.4 -6.7 -19.2 38.7 40.9 90.6 -16.2 -9.6 -16.8 -0.9 -5.5 -16 -17.3 -0.3 30.4 5.6 8.9 7.4 46.3 17.7 9.8 24 22.7
45 -25 10.9 12.5 7.2 4.7 -6.5 -17.9 40.6 41.4 90.4 -17.5 -9.8 -17.6 -0.9 -6.3 -16.4 -18.6 -2.2 28.2 4.6 7.8 6.2 44.9 16.2 8.1 22.7 22
50 -13.7 21 20.8 12.7 6.5 -3.2 -13.8 45.4 45.1 92.8 -15.9 -8.6 -16.5 0.6 -5.1 -15.3 -18 -2.5 23.8 1.5 4.7 3.3 41.9 13.2 5 17.8 18.2
54.3 -4.4 29.5 28 17.3 8.7 0 -10.4 49.5 49.1 95.6 -12.7 -7.1 -14.9 1.9 -3.2 -13.9 -16.5 -1.7 20.2 -1.1 1.8 0.6 39 10.6 2.6 12.4 13.8
55.9 -0.6 35.9 32.9 19 8.4 0.8 -9.4 51.8 51.1 96.6 -10.6 -7.4 -14.6 1.7 -2.3 -13.8 -16.1 -2.1 17.8 -2.1 0.4 -0.9 37.5 9.1 1 9.1 11.1
54.6 -1 40.5 35.4 18.2 4.6 -1.5 -10.9 51.5 50.1 94.9 -12.2 -10.8 -17 -0.6 -4 -15.9 -18.4 -5.6 15.6 -2.8 -0.4 -1.7 36.4 7.6 -1.1 7.6 9.1
51.4 -2.9 42.3 35.4 15.8 -0.7 -5.5 -13.9 48.8 46.7 90.9 -17.4 -15.9 -21.2 -3.9 -7.6 -19.6 -23 -11 13.5 -4 -1.4 -2.7 34.9 5.5 -4 6.4 6.7
48.5 -5.1 40.7 33.5 13.3 -3.6 -8.2 -15.9 46.2 43.8 87.3 -22.4 -18.9 -23.7 -5.4 -10.3 -22.3 -26.5 -14.5 13 -4.4 -1.7 -3 34.1 4 -6 6.7 5.6
49.5 -3.7 41.8 34.6 14 -1.8 -6.7 -14.3 47.3 44.6 87.5 -23.4 -17.9 -22 -3.6 -9.4 -21.6 -26.4 -14.5 13.9 -3.2 -0.7 -2.3 34.6 3.8 -6.5 8 5.6
56.1 5.3 51.9 43.3 20.1 3.4 -1.1 -8.3 53.6 50.1 91.8 -19.7 -14.1 -17.1 1.1 -4.6 -17.4 -22.9 -12.2 14.2 -1 1.3 -1.1 35.9 4.2 -6.4 8.2 5
62.7 12.9 61 51.3 26.7 9 5 -2.2 60.1 56.1 97.1 -14.1 -8.9 -11.7 6.4 1.1 -12.8 -18.4 -9 15.6 2.6 4.8 1.2 38 5.8 -5 9.2 5.6
63.3 9.9 58.1 49.6 27.4 11.7 7 -1.1 60.8 57.5 98.9 -10.9 -5.1 -8.8 9.1 3.6 -10.8 -15.9 -6.5 19.8 7 9 4.7 40.9 8.7 -1.9 13 8.9
59.2 0.2 48.7 41.9 23.3 10.4 5.2 -4 57.2 54.8 96.9 -11.7 -4.7 -9 8.6 2.8 -11.6 -16.4 -6 24.6 10.6 12.5 8.1 43.4 11.6 1.2 17.6 12.8
54.8 -9.2 40.4 34.4 18.7 7.9 2.6 -7.3 53.3 51.2 93.9 -14.6 -6 -10.2 6.7 1.2 -13.2 -18.3 -6.4 27.6 12.4 14.6 10.1 44.7 13 2.8 20 14.6
52 -14.2 33.5 28.7 16 7.4 1.4 -9 50.8 49.2 92.5 -16 -6.5 -10.3 5.7 0.3 -14 -19.6 -6.7 28.7 12.5 14.8 10.1 44.1 12.2 2.4 20 13.7
51.8 -15.1 28.1 25.3 16.1 10.1 2.2 -8.7 50.4 49.9 94.2 -13 -4.5 -8.3 7 1.5 -12.6 -18.4 -5.2 29.6 12.6 14.9 10 43.3 11.2 1.9 20.1 13.1
54.4 -13.5 26.2 25.8 19.1 14.9 5.3 -5.9 52.8 53.3 98.8 -6.3 -0.2 -4 11 5.3 -8.9 -14.4 -1.7 31.7 14.3 16.6 11.6 44.2 12.2 3 21.7 15.2
58.3 -10.3 28.8 29.7 22.8 18.9 9.1 -2.1 56.6 57 103.1 -1.1 3.6 0 15.3 9.6 -5.2 -10.5 1 33.8 16.6 18.9 14.4 45.8 14.3 4.4 23.7 17.8
59.6 -9.7 30 31 23.4 19.7 10.5 -0.5 58.1 57.9 103.4 -2.2 4.8 1.3 16.9 11.3 -3.9 -9.8 1.4 35.7 18.6 20.8 17.2 47.3 15.7 5.5 25.6 19.5
56.7 -15 23.7 25.3 19.3 18.6 9.2 -2.6 55.7 55.5 100.3 -7.6 4.8 0.9 16.4 10.8 -4.4 -11 1.3 39.2 21.7 23.5 20.5 49.8 17.8 8.1 29 22.7
54.3 -18.2 18.9 20.6 15.5 17.9 8 -4.6 53.5 53.7 97.7 -12.4 4.7 0.5 16 10.4 -4.8 -11.9 1.5 42.4 24.4 26.1 23.3 52.3 19.6 10.7 31.2 25.6
56.8 -12.4 24.5 24.4 17.1 18.9 9.1 -2.9 55 55.2 97.7 -14.4 4.4 0.8 16.6 11 -4.3 -12.1 1.1 41.6 23.8 26 22.9 51.8 18.5 9.8 28.3 23.3
62.2 -1.8 34.5 32.1 22.1 21.1 11.9 1.1 58.4 58.3 99.9 -13.7 4.4 1.8 18 12.3 -3.7 -12.2 0.1 37.7 20.7 23 19.5 48.3 14.4 5.2 22 16.1
66.1 7.8 42.6 39 26.5 22.5 14.2 4.4 61.6 61.1 102.1 -11.8 4.5 2.8 19.2 13.3 -3.2 -12.2 -1.3 33.7 17.7 19.9 15.8 44.8 10.5 0.1 17.1 8.6
67.4 13 49 44.6 28.5 22.1 15.1 5.8 64.3 62.7 102.9 -10.6 3.8 3.1 19.7 13.9 -2.8 -12.1 -2.9 31.3 17.1 19.2 14.7 43.9 9.3 -2.1 16.7 5.3
67 14 54.6 48.6 28.6 19.7 14.3 5.5 65.9 62.8 101.9 -11.8 1.8 2.1 19 13.7 -3 -12.4 -4.8 30.3 18.2 20.4 15.5 45.4 10.6 -1.8 18.4 5.9
65.7 13.4 57.6 49.8 27 16 11.9 3.6 65.5 61.1 99.4 -14.9 -1.1 -0.8 17 12.2 -4.5 -14 -6.8 29.5 18.4 21.1 16.3 46.8 11.8 -1.1 17.6 6.7
64.1 11.7 56.2 47.7 24.4 13.1 9.1 1.4 63.6 58.7 97.1 -17.7 -3.4 -3.9 14.6 10.4 -6.3 -15.8 -7.8 28.4 16.7 20.2 15.6 46.6 11.9 -0.9 13.5 5.8
63.9 11.5 55.5 47.1 23.6 12.2 7.9 1.1 62.9 57.9 96.1 -18.9 -4.6 -5.7 13.1 9.1 -7.4 -16.8 -8.4 25.7 13.6 17.1 13.2 44.3 10.1 -2.5 8.1 3
66.8 16.5 62.1 52.8 27.2 13.5 9.6 4 65.8 60.3 97.5 -18 -4.9 -6 13.3 9.3 -7.2 -16.7 -8.9 20.7 9.6 12.9 10.2 41.1 7.1 -6.1 3 -1.1
70.8 21.3 68.5 58.8 32 16.6 13.4 7.8 69.9 64.3 100.9 -14.9 -3 -4.4 15.3 11.5 -5.2 -14.7 -7.9 18.5 7.9 11.6 9.6 40.5 6.2 -7.6 1.1 -3.4
71.5 18.7 65.7 57.4 32.9 19.7 16.6 8.9 71 66.1 103.5 -11.2 0.6 -1.8 17.5 14 -2.6 -12.1 -5.2 22.2 10.4 14.9 12.9 43.6 9.2 -4.6 3.5 -2.2
68.8 10.4 57.8 51.3 29.6 20.3 16.7 7.1 68.9 64.6 103.3 -9.6 3.1 -0.6 17.9 14.4 -1.8 -10.8 -3.8 28.2 14.8 19.8 17.4 47.9 13.6 0.4 8 0.9
65.8 2.1 50.7 45 25.3 19 14.5 4.6 65.7 61.8 101.5 -10.2 3.3 -1.2 16.8 12.9 -2.5 -11.3 -3.9 32.4 17.7 22.9 20.4 50.6 16.1 3.8 12 3.9
64.5 -1.9 44.8 39.9 22.2 19.2 12.8 3 63.1 59.9 100.4 -10.6 3.3 -1.8 15.9 11.6 -3.1 -11.8 -3.3 34.2 18.2 23.2 21.2 51 16.4 4.8 14.4 4.9
65.2 -2.5 39.3 35.8 21.3 22.3 13.4 2.7 61.8 59.9 101.2 -9.8 5 -0.9 16.4 12.1 -2.2 -10.7 -0.6 35.1 17.8 22.5 20.7 50.5 16.1 4.9 16 4.5
66.2 -3.7 34.8 32.4 21.4 26.1 15.2 2.8 61.4 60.4 102.5 -9 7.9 0.9 18 13.6 -0.6 -8.6 2.8 35.5 17.1 21.4 19.9 50.2 16.3 5.2 17.3 4.1
66.7 -5.1 33.4 30.8 21 27.7 16.1 3 61 60 102.5 -10.2 9.3 1.8 18.9 14.1 0 -7.6 3.7 35.1 16.1 20.2 18.9 49.8 16.5 4.7 17.4 3.7
66 -6.8 32.2 29.6 19.2 27.6 15.8 2.7 60.1 58.6 101.2 -12.3 9.4 1.8 19.2 13.8 -0.2 -8.1 2.8 36.3 16.4 20.7 19.3 50.6 17.5 5.5 18.5 5
62.9 -11.7 25.7 24.6 16 27 14.3 0.7 57.3 56.5 99.6 -13.8 9.3 1.6 18.7 13.1 -0.5 -8.9 2.8 40.5 18.9 23.5 21.9 53.4 20.3 8.8 22.5 9.1
60.2 -14.6 20.7 20.3 13.6 25.7 12.6 -1.3 54.5 54.8 98.2 -14.7 8.7 0.4 17.1 11.9 -1.2 -9.8 2.9 42.9 20.3 25.1 23.4 55.2 21.9 10.9 24.9 11.2
61.4 -9.9 24.6 23.1 14.8 24.9 12.4 -1 54.9 55 97.9 -15.1 7.9 -0.9 15.7 11.1 -2 -10.2 1.8 40 17.9 23 21.2 53.6 20.2 8.8 21.7 8
65 -1.4 32.2 29.5 18 25.4 13.7 0.8 57.4 56.4 98.8 -14.3 7.6 -1.2 15.4 11 -2.5 -9.8 0.5 34.5 13.3 18.7 16.9 49.6 16.7 4.7 16 2.6
68.1 5.9 38.3 35.1 20.8 26.4 15 2.4 59.7 57.9 100 -13 7.4 -1.1 15.6 11.4 -2.7 -9 -0.3 30.1 9.7 15 13.7 46.4 14.5 1.9 12.1 -0.9
70.5 10.3 45.1 40.5 23.6 27 16.3 4.3 62.5 60.2 101.6 -11.9 6.8 -0.6 16.6 12.5 -1.5 -7.9 -0.4 28.3 9.1 14.3 13.8 46.6 15.5 2.3 11.4 -1.2
72.6 13.2 53.4 46.2 26.8 26.7 17.8 6.8 65.7 63.3 103.5 -11.6 6.1 0.1 17.8 13.9 0.6 -6.8 -0.1 28.6 11.1 16.3 16.6 49.7 18.4 4.7 12.6 0.2
73.1 15.3 59.2 49.8 28.5 25.4 18 8.3 67.5 64.8 104 -12.4 4.8 0.1 18 14.4 1.3 -6.6 -0.3 29.4 13.6 18.6 19.4 52.7 20.7 6.5 13.4 0.9
71.3 14.7 58.8 49.4 27.5 23.8 16.5 7.4 66.8 63.6 102.9 -13.3 3.3 -0.7 16.8 13.5 0.4 -7.1 -0.6 29.3 14.4 19.4 20.3 53.9 21.1 6.8 12.9 0.1
69.5 13.4 57.2 48.6 25.8 23 14.6 5.9 65.5 61.9 101.7 -13.5 1.4 -2 14.9 12.1 -1 -7.8 -1.5 26.8 12.4 17.5 18.4 52.3 19.3 5 10.6 -2.7
70.5 16 61.9 52.5 26.9 22.8 13.9 6.2 66.1 62.1 101.4 -13.4 -0.9 -3.6 13.5 11.3 -2.2 -8.9 -4.1 21.6 7.8 13.5 13.9 48 15.4 0.5 6.5 -7.3
71.7 17.4 65.6 55.6 29.1 23 14 7 66.8 63 102.2 -12.7 -1.5 -4.5 13.3 11.4 -2.6 -9.5 -6.2 18.2 4.7 11.2 10.9 44.9 12.9 -2.6 5.4 -9.5
68.9 11.3 60 51.3 28 22.3 13 5.1 64.7 62 102.3 -12.3 -0.9 -4.9 13.3 11.3 -2.9 -9.5 -5.9 19.8 5.5 12.6 12 45.8 14.2 -1 9.9 -6
62.9 0.4 49.5 42.7 23.5 19.1 9.5 0.1 60.1 58.4 100.4 -13.8 -1.8 -6.7 12 9.3 -4.3 -10.3 -5 23.2 7.6 15.3 15 48.9 17.2 2.8 15.2 -0.7
56.7 -9.5 40 34.3 18.2 14.9 4.7 -5.4 55.2 54.2 97.2 -16.9 -4.2 -9 10 6.2 -6.5 -12.1 -5 25.5 8.6 16.4 16.7 51 18.8 5.3 16.4 1.5
53.1 -14.4 32.4 27.9 14.6 13.1 1.9 -8.6 51.9 51.7 95.6 -18.7 -4.7 -9.1 9.2 4.6 -7.3 -12.7 -4.1 27.6 9.4 16.7 17.1 51.8 19 6.2 15.6 1.3
53.3 -14.5 27.1 24 14.4 15.7 3.1 -7.8 51.8 52.9 97.7 -16.8 -0.8 -5.3 11.6 6.9 -4.4 -9.9 -0.2 31.7 12.2 19.1 18.9 53.9 21 8.6 18.8 4.4
56.3 -13.3 25.2 23.6 17.1 20.9 7 -4.4 54.5 56.8 102.4 -11.8 5.6 0.4 16.5 11.9 1.3 -4.4 5.6 37.1 16.6 23.2 23 58 25.3 13.3 26.3 11.5
59.1 -12.2 27 25.7 19.9 24.3 10 -1.5 57.3 60 105.8 -7.7 9.5 3.8 20 15.6 5.6 0 9.1 39.9 19.4 25.7 26.1 60.8 28.6 16.5 31.3 16.2
58 -14 26.8 25.5 19.6 23.9 9.7 -1.7 56.9 59.7 105.4 -7.1 9.4 3.1 19.8 15.6 5.8 0.7 9 40.7 20.6 26 27.1 61.4 29.6 16.8 32.2 15.6
53 -20.4 19.2 19.6 15.4 21.7 6.9 -5.1 52.9 56.9 103 -7.8 8.6 1.1 17.8 13.6 4 -0.5 8.5 43.5 22.8 27.5 28.2 62.5 30.9 17.7 34.4 15.4
49.7 -23.7 13.7 15.2 12.4 20.1 4.8 -7.4 50.3 55.3 102.1 -7.5 8.8 0.5 17.1 12.6 3.1 -1.1 8.5 47.2 25.7 30.6 30 64.6 32.9 19.7 38.2 18.3
52.4 -17.1 19.4 19.3 14.5 20.8 6.3 -5.1 52.8 57.5 104.1 -6.2 10.1 2.1 19 13.9 4.5 0.3 9.1 47.9 27 32.6 30.7 66.2 33.8 20.4 39.9 21.1
58.1 -5.8 29.8 27 19.1 23.6 10.2 -0.3 57.9 61.3 107 -5.5 12.1 4.9 22.3 16.6 6.8 2.5 10 46 25.9 32.2 29.6 65.8 33.3 19.4 38.5 21.7
61.9 2.3 37.4 32.9 22.3 25.7 13 2.8 61.3 63.5 108.1 -7.1 12.7 6.4 24 18.3 7.5 3 9.9 43 23.2 29.8 27.4 63.7 31.8 17.4 35.5 20.2
63 5 42.9 37.2 23.5 25 13.3 3.4 63 63.7 107.6 -10 11.1 5.6 23.2 18.6 6.8 1.6 8.1 40.3 21.6 28 25.8 62.1 30.7 16.2 33.3 19.2
62.8 5.7 48.2 41.2 23.4 22.6 12.3 3.1 64.2 63.3 106.5 -12.2 9.3 4.2 21.8 18.1 6 0 6.1 39.2 22.3 28.2 26.2 62.5 30.6 16.3 33.7 20.3
62 7 52.3 43.8 22.5 20.2 11.2 2.4 64.6 62.7 105 -13.3 8.1 3.4 20.6 16.9 5.4 -1.1 4.4 39.8 24 29.6 27.4 64 31 16.6 36 22.5
60.4 7 52.1 43.1 20.5 18.8 10.4 1.3 63.4 61.8 103.4 -13.9 7.3 3.1 19.6 15.5 4.6 -1.8 3 40.7 25 30.6 27.9 64.7 31.5 16.6 38.6 24.5
59.8 7 50.8 42.2 19.3 18.3 10 0.7 61.8 61.2 102.2 -14.7 6.2 2.3 18.3 14.3 3.3 -2.7 1.3 39.1 23.6 29.2 26.2 62.9 30.2 15 37.7 23.6
62.4 10.8 55.2 46.1 21.3 18.6 10.7 2.3 62.6 62.1 102.3 -15.4 4.7 0.9 17.1 13.5 1.9 -4 -0.9 33.6 19.2 24.7 22.2 58.4 26.1 11.1 31.2 18.2
65.4 13.3 59.1 49.7 24.1 19.7 11.8 4.3 64.3 63.6 103.5 -15 4.5 0.5 17 13.3 1.5 -4.2 -1.3 29.6 15.8 21 19.2 55 22.9 8.7 25.7 14.3
64.5 8.4 54.6 46.3 23.2 20.4 11.7 3.8 63.6 63.1 104.1 -14 6.1 1.4 17.7 13.4 2 -3.4 1 32.1 17.1 21.6 20.3 56.1 24 10.9 28.2 17.3
60.2 -0.5 46.4 39.2 19 19.4 10.3 1.1 60.9 61 102.9 -14.1 7.6 2.3 18.1 13.4 2.6 -3.3 3.5 38.4 22 25.6 24.2 60.2 28.1 15.5 35.5 24
56.1 -8.3 39.6 33 14.7 17.8 8.9 -1.7 58 58.7 101 -15 8.2 2.3 17.8 13.3 2.6 -4 4.3 43.5 26 29.2 27.1 63.5 31.3 18.5 40.6 28.6
53.7 -12.7 33 27.8 12 17.5 8.2 -3.5 55.2 57.1 99.8 -15 8.3 2.1 17.1 12.8 2.2 -4.5 4.3 45.8 26.6 29.9 27 63.8 31.7 19 41.3 29.6
53.3 -14.4 26.1 23.1 11.2 19.7 8.9 -3.8 53.3 56.5 100.4 -13 9.9 2.9 17.4 12.6 2.3 -3.5 5.5 46.7 25.2 28.8 25.5 62.4 30.9 18.9 40.8 29.7
54.7 -15.3 21.3 20.6 12 23.8 10.9 -2.3 53.1 57.4 102.7 -8.8 13.1 5 19.2 13.3 3.7 -0.9 7.9 47.5 24.1 27.6 24.7 61 30.3 19 41.5 30.4
56.6 -15.1 21.3 21.8 13.6 27.2 13 -0.1 54.5 59 104.9 -4.7 15.5 6.8 21 14.5 5.1 1.2 9.3 47.6 23.9 26.9 24.3 60.4 29.6 18.4 41.9 30.4
56.3 -16.3 21.5 22.2 13.3 28 13.5 0.3 54.9 59.2 105.3 -3.4 15.7 7 21.1 15.1 5.1 1.4 9.2 48 25 27.3 24.4 60.8 29.5 18.1 41.3 30.1
52.6 -21.6 15.4 16.8 9.6 26.2 11.5 -2.6 52.1 56.8 102.9 -6.7 14.8 5.8 19.5 14.1 3.4 -0.1 8.8 50.3 27.1 29.1 25.6 62.5 30.9 19.9 41.7 31.5
49.8 -24.6 10.9 11.7 6.2 23.9 9.2 -5.4 49.2 54.2 99.1 -13.4 13.3 4.2 17.7 12.1 1.2 -2.6 7.9 51.5 27.5 29.8 26.3 63.6 31.8 21.2 42 33.1
52 -19 16.3 14.7 8 23.3 9.6 -4.2 50.6 54.8 97.8 -18.3 12.3 4.1 17.6 11.5 1 -3.8 7.1 49.2 25.5 28.5 25.2 62.5 30.7 19.8 40.2 32.5
57.7 -7.9 26.3 23 13.9 25.7 12.9 0.2 55.6 58.7 100.5 -17.1 13.6 6.3 20.2 13.6 3.6 -2 8.1 45.9 23.3 26.4 23.3 60.6 29.1 17.5 37.9 30.8
63.2 2.3 35 31.8 20 29.2 16.8 4.8 61 63.3 105.3 -11.6 16 9.1 23.3 17 6.8 0.9 10.1 44 22.3 24.9 22.5 59.7 28.4 16.4 36.5 29.1
66 7.5 42.1 39.3 23.6 30.6 18.9 7.3 64.5 65.8 108.2 -7.5 16.5 9.7 24.5 18.9 7.9 2 10.1 42.7 22.3 24.5 22.7 59.7 28.3 16.1 35.6 27.3
64.8 7.5 47.4 43.4 23.4 27.7 17.4 6.5 65.2 64.8 107 -7.8 13.6 7.1 22.5 17.2 5.3 -0.4 7.1 40 21.5 23.6 22.4 58.7 27.5 14.8 33.5 25.1
61 5.4 49.7 43.5 20.6 22.3 13.4 3.7 63.4 61.7 103.1 -10.9 8.8 2.9 19 13.3 1.1 -4.3 3 36.5 19.9 22.3 21 56.9 26 12.8 31.1 23.2
57.6 3.2 48.4 40.9 18.2 18.7 10.5 1.6 61.2 59.7 100.7 -12.3 6 0.5 17.1 11.2 -1 -6.1 1.6 35.6 19.7 22.4 20.8 56.6 25.8 12.5 31.6 23.9
56.9 3.4 48 40.1 18.5 18.4 10.1 1.9 60.5 60 101.1 -11.3 5.5 0.4 17.1 11.5 -0.5 -5.7 2.5 35.7 19.7 22.8 20.8 56.7 25.6 12.8 33.4 25.6
59.3 8.1 53.3 44.5 21.6 18.9 10.7 3.5 61.9 61.7 102.6 -10.4 4.4 0.2 16.8 12 0.2 -5.7 2.3 32.4 16.3 19.8 18.1 54.4 22.7 10.2 30.4 23.8
61.2 10.4 56.9 48 24.1 19.2 10.7 4.3 63.2 62.9 103.7 -9.9 3.4 -0.6 16.3 12.2 0.3 -5.6 2.1 28.1 11.9 15.9 15 51.5 19.8 7.9 24.5 20.3
59.9 4.6 51.7 44.3 23 19.2 9.6 3.1 62 62.4 104.2 -9.3 3.9 -1 16 12.4 0.5 -4.5 3.7 28.3 11.5 15.9 15.4 52.1 21 10.1 22.3 20.1
56.4 -5.8 42.8 37.2 19.4 18.1 8.1 0.7 59.3 60.5 103.7 -8.8 4.7 -0.9 15.8 12.4 0.9 -3 6.2 32.3 15.2 20.2 19.3 56 25.5 15.6 25.6 24.1
52.7 -14.8 35.1 31.1 15.5 16.7 6.6 -2 56.6 58.4 102.6 -8.6 5.2 -0.6 15.7 12 1.1 -2.3 8.2 37 19.4 25 23.5 60.1 29.8 20.3 31.6 28.9
50 -19 28.5 25.8 12.5 16.6 5.8 -4.1 54.3 56.9 101.7 -8.3 6.1 0.1 16.2 11.8 1.4 -2.1 10.2 40.1 21.5 27.4 25.6 61.7 31.5 22.2 36.4 31.8
49.1 -19.3 22.6 21 11.4 18.3 6.5 -4.5 53.1 56.8 102.6 -6.8 8.2 1.6 17.5 12.7 2.6 -1.2 12.9 41.6 21.6 27.7 26 61.6 31.6 22.7 39 33.3
50 -18.9 19.1 18.4 12.5 21.5 8.6 -3.3 53.5 58.1 105.2 -3.8 10.7 3.6 19.6 14.6 4.9 0.8 15.8 42.2 21.4 27.7 26.3 61.4 31.5 23.1 40.1 34.4
52.2 -17.7 20.1 19.4 14.9 24.1 10.7 -1.5 55.1 59.5 107.6 -1 11.9 4.9 21.5 16.4 6.7 2.5 17.1 41.9 21.3 27.6 26.7 61.3 31.2 23.1 39.9 34.3
53.1 -17.9 21.3 20.8 16.4 24.8 11.3 -0.7 56.1 60.1 108.3 0 11.5 5.4 22.4 17.5 7 3.2 17.5 42.8 22.5 28.5 27.9 62.3 32.1 24.5 40.3 34.4
50.6 -22.7 15.8 17.2 14.8 23.6 10.1 -2.4 53.9 59 107.1 -0.5 10.7 5.6 22 17.7 6.3 3.1 18.9 46.4 25.5 31.1 30.6 65.2 35.3 28.5 43.1 37.8
47.8 -26.1 10.9 13.4 12.5 21.2 8.3 -4 51.2 57.4 105.2 -2.1 9.2 5.1 20.7 17.1 5.2 2.1 19.6 49 27.3 33.1 32 67.5 37.8 31.1 44.8 40.8
49.4 -20.7 15.8 17.1 13.9 20.3 9.3 -2.3 52.6 58 104.5 -3.2 8.4 5 20.6 17 5 1.1 18.4 47.5 26.3 32 30.5 66.7 36.6 28.9 42.6 38.9
55.1 -8.8 26.2 26 19 23.3 13.5 2.6 57.7 61.4 106.7 -1.8 10.3 7.5 23.1 18.8 6.7 1.6 17.6 44.9 24.7 29.8 28.9 63.9 33.3 24.6 40 34.5
61 2.7 35.9 34.6 24.5 27.6 18.3 7.5 63 65.6 110 1 13.1 10.8 26.5 21.9 9 3.1 17.5 43.5 24.7 29.1 28.8 61.7 31.2 21.9 40.1 32.3
64.5 8.9 43.7 40.9 27.9 28.9 20.6 10.4 66.3 68.1 111.8 1.9 13.5 12.2 28.3 24 9.9 3.7 16.8 42.9 26 30.4 29.6 61.5 31.5 21.6 41.3 32.9
65.2 10 49.9 44.9 28.6 26.4 20.2 10.7 67.6 68.2 111 -0.4 11.4 11.4 27.8 23.3 8.9 2.6 14.5 41.7 27 31.8 29.8 62.4 32.4 22.2 40.7 33.4
63.9 9.5 53.9 46.7 27.4 22.7 18.4 9.6 68 66.7 108.8 -4 8.9 9.7 26.3 21 7.1 0.4 11.7 40.2 27.3 32.3 29.4 62.9 32.5 22.1 38.1 32.3
62.3 9.1 54.5 46.8 26.6 21.3 17.5 9 68.4 65.9 107.7 -5.6 8.5 9.6 25.9 20.2 6.5 -0.6 10.8 40.6 28.2 33.1 29.7 63.6 32.7 22.4 36.8 31.2
63.2 11.2 56 48.9 28.8 23.3 18.9 10.6 70.2 67.7 109.1 -4.2 10.6 11.7 27.6 21.7 8 0.6 11.9 41.9 29.1 34.1 30.5 64 32.9 22.5 37.3 30.4
67.4 17.6 63.4 56 34.1 26.1 22.1 14.1 74 71.7 111.8 -1.6 12.3 14.1 29.9 23.8 9.7 2.5 12.5 40.6 27.7 33.2 29.5 62.6 31.2 20.5 36.2 28
70.2 20.6 68.1 60.7 37.6 27.4 24.1 16.1 75.9 74.2 113.7 0 12.6 15.2 30.8 24.7 10.3 3.7 12.5 38.6 25.8 31.7 27.9 61 29.2 18.6 34.5 26.3
67.6 14.3 62.6 56.5 36 26.9 23.5 14.5 73.6 73 113.5 0 12.3 15.3 30.2 24.2 9.6 4 13.1 40.2 27.1 32.5 28.7 62 29.8 20 35.6 28.5
62.5 3.7 53.2 48.6 32.2 25.9 21.6 11.6 69.9 70.1 112.3 -0.8 12.6 15.4 29.5 23.4 9.2 3.9 14.2 45.1 31.5 36.1 32.1 65.7 33.3 24.3 39.5 33.5
59 -4.7 46.1 42.9 29.9 26.1 20.4 9.9 67.8 68.6 112.3 -0.6 14.2 16.5 29.8 23.3 10.3 4.7 16 50.5 36.3 40.1 36.4 70.3 37.6 28.9 44.4 38.7
58.4 -8.2 40.8 39 29.5 28.1 20.5 9.7 67.2 68.8 113.4 1.3 17.1 18.4 31.1 23.9 12.3 6.3 18.3 54.7 38.9 42.1 39 72.9 40 31.1 47.7 41.2
59.3 -8.7 35.6 35.5 29.6 31.4 21.6 10.4 67.2 69.9 115.2 4 20.6 20.3 32.5 24.9 14.2 8.2 20.7 57.1 39.5 41.7 39.3 72.7 40.2 31.1 48.7 40.6
61 -8.5 32.1 33.6 30.3 35.4 23.8 11.5 67.8 71.5 117.3 6.7 24.1 22.2 34.2 26.5 16.1 10.7 23.4 58.2 39.6 40.8 38.4 71.8 40.1 30.5 48.9 39.6
63.1 -7.9 32.4 34.7 31.6 38.2 25.9 12.6 69 73.2 119.1 8.4 25.9 23.4 35.7 28.2 17.6 12.9 25.2 58.4 39.6 40.7 38 72 40.5 30.5 49.2 39.6
63.6 -8.5 32.7 35.2 31.9 38.9 26.5 12.4 68.9 73.5 119.5 8.5 25.6 23.6 36 28.8 18.2 13.7 25.9 59.1 40 41.7 39.1 73.7 41.6 31.6 50.2 40.9
60.9 -13.3 26.9 30.4 29.6 38.1 24.9 10 66.1 71.5 118.3 7.8 24.6 23.1 35.2 27.8 17.7 13.4 26.1 62.1 42.1 43.9 41.7 76.2 43.6 33.8 53 43.1
58.2 -15.6 22.7 26.8 27.7 36.2 23 7.9 63.5 69.6 116.9 7 22.9 21.9 33.7 26.1 16.6 12.3 25.2 63.6 43.5 45.2 43.4 76.9 44.5 34.6 54.2 43.4
60.4 -8.3 29.2 32.2 30.8 35 24.1 9.9 65.8 71.4 118.3 7.8 22.2 21.4 33.9 26.6 16.9 12.5 24.3 61.3 42.3 45 42.9 75.9 44 33.5 52.3 41.1
68.1 5.7 42 43.4 38.5 37.4 29.4 16.2 73.2 77.5 123.7 11.7 25.1 23.9 37.6 30.9 20.5 16.1 26.3 58.8 41 44.8 42.4 76 44.5 33.3 50.1 39.1
76.9 19.5 54.3 54.2 47.1 42.5 36.1 24 81.6 84.9 130.3 17.1 29.8 28.4 43 36.8 25.8 21.3 30.2 58.2 41.4 45.8 43.4 78.1 46.5 35.1 50.1 39.2
81.9 26.4 63.6 61.8 52.1 45.5 39.7 28.5 86.7 89.3 133.8 19.9 31.5 30.3 45.4 39.9 28.4 23.6 31.6 57.6 41.8 46 44.7 79.6 47.8 36.4 50.6 39.7
80.6 25.4 68.5 64.4 50.8 42.7 37.3 26.7 86 87.5 131.2 16.6 27.5 26.2 41.6 36.6 25.4 20.2 27.8 53.7 38.7 43 42.8 77.7 45.7 33.8 48.5 37.5
75.4 20.6 68.4 62.1 45.1 35.2 30.8 20.5 80.5 80.9 124 8.9 19.5 17.8 34 28.7 18.3 12.8 20.4 46.9 32.2 37.1 37.5 72.6 40.5 28.1 43.4 32.1
70 15.3 64 57.1 39 28.4 24.1 14.3 73.5 73.8 116.9 2.2 12.2 10 26.7 20.9 10.7 5.5 13.8 40.5 25.4 31.1 31.2 66.8 34.6 22.3 36.9 25.4
66.8 12.8 60.3 54 35.6 24.5 19.6 10.4 68.6 68.6 112.2 -1.7 6.9 4.4 21.2 15.6 4.7 -0.1 8.9 33.5 18.6 24.6 24.6 60.4 28.1 16.4 28.2 17.2
67.6 16.7 63.9 57.4 36.3 22.9 18.2 9.7 68.6 66.9 110.5 -3.2 3.3 0.8 18.1 13.4 1.3 -3.3 5.4 25.1 11.6 17.6 18 53.8 21.4 10.4 18.4 8.4
70.4 21 68.4 61.8 38.9 23.6 19.6 11 71.2 68.6 111.4 -1.7 3.1 0.6 18.6 14.6 1.9 -2.7 5.4 21.3 8.5 14.5 15.5 51.2 19.1 8.6 14.3 5.2
70.7 18 65.1 59.7 39.2 25.4 20.9 11.5 72.1 70.3 113.1 1 5.4 2.6 21.1 17.1 4.6 0.2 8.6 25.1 11 17.4 18.5 54.3 22.8 12.5 18.1 9.2
67.9 9.3 57.6 53.4 36.6 25.5 20.2 9.9 70.1 69.8 113.1 1.9 6.5 3.7 22.1 18 6 1.7 11.1 31.6 15.7 22.6 23.2 59.2 28.3 17.9 24.3 14.7
64.2 0.4 50.7 47.2 33.1 24.1 17.9 7.1 67.2 67.3 111.6 0.6 6 2.9 20.9 16.6 5.1 0.9 11.6 35.9 18.7 25.6 25.8 62 31.2 20.7 28.2 16.8
61.1 -5.6 43.4 40.8 29.4 23 15.3 3.9 63.6 64.1 109.3 -1.4 5.3 0.7 18.4 13.7 2.9 -1.3 11.1 36.4 18.2 24.5 24.5 60.5 29.6 20.1 28.3 15.1
58.6 -9.6 34.5 33.5 25.4 22.7 13.1 0.4 58.9 60.5 106.8 -3.4 4.6 -2 15 10.1 0 -4.2 9.8 34.4 14.5 20.3 19.8 55.8 25.1 17 26 11.8
55.8 -14 25.9 26.7 21.2 22 10.5 -3.5 53.4 56.2 103.6 -5.7 3.3 -4.9 11.1 6.2 -3.7 -7.4 7.4 31.2 9.3 15 13.6 50 19.4 12.2 23 8.1
52.4 -18 20.5 22.1 17.1 19.8 6.9 -8.1 48.1 51 99.2 -9.5 0.6 -8.3 6.8 1.5 -8.6 -11.8 3.1 26.6 3.8 9.6 7.4 44.3 13.4 6.3 19.6 3.5
48 -22.5 15.9 17.6 12.5 16.3 2.4 -13.3 42.9 45.6 94.1 -14 -2.7 -12.1 2.5 -3.7 -13.8 -16.3 -1.6 23 0.1 5.4 3.3 40.2 9.3 1.8 16.8 -0.4
42.7 -29.9 7.4 9.9 7.1 13.6 -1.7 -18.3 37.7 41.1 90 -17.6 -4.6 -14.9 -0.8 -7.7 -17.3 -18.9 -3.3 23.5 0.2 4.6 3.1 39.8 9.3 1.6 15.8 -1.2
40.2 -33 2.9 5.8 4.8 13 -2.9 -19.8 35.9 40.2 89 -19 -4.8 -15.7 -2 -8.6 -17.7 -18.8 -2.4 25.7 2.3 6.1 5.1 42 11.5 3.9 14.4 -1.3
43.8 -26.2 10.2 11.8 8.9 15.1 0.1 -16.2 40 43.8 91.8 -17.5 -3.5 -13.9 -0.2 -5.7 -15.3 -16.3 -0.8 26.2 3.3 7.4 6.5 43.8 13.2 5.4 11.4 -3.1
50.9 -14.1 22.6 22.3 16.6 19.3 5.4 -10.3 46.5 49.3 96.6 -13.7 -0.8 -10.2 3.7 -1.1 -11.5 -12.8 1 25.3 3 7.7 6.9 44 13.7 5.3 9.9 -4.1
57.3 -3.2 33 31.3 23.7 23.3 10.1 -5.1 52.2 54.5 101.2 -9.3 1.8 -6.4 7.9 3.1 -7.8 -9.4 2.9 24.6 3.1 7.9 7.5 44.1 14.7 5.5 11.4 -2.4
61.4 3.2 41.3 38.6 28.7 24.7 12.5 -1.6 56.8 58.5 104.4 -6.2 2.5 -3.9 10.8 6 -5 -7.2 4.1 24.2 4.8 9.3 9.3 45.9 16.9 7.2 14.1 0.8
62.4 5.5 48.2 44.2 30.8 22.9 12.2 -0.3 59.6 60.4 105.4 -5.5 0.8 -3.9 11.1 6.5 -4 -7 3.7 23.2 6.5 10.9 11.1 48.1 18.9 8.5 15.1 2.6
61.5 6.5 52.8 47.2 30.9 19.8 10.9 -0.3 60.6 60.4 104.6 -6.9 -1.3 -5.2 9.8 5.6 -4.6 -7.9 2.1 22.7 7.6 12.1 12.1 49.6 20.1 8.9 15.4 3.2
61 7.6 54.2 47.9 30.8 19.1 11.2 0.4 61.3 60.7 104.8 -7.3 -0.5 -4.8 10.1 5.8 -4.2 -7.3 2.5 24.9 9.6 14.3 14.1 51.4 22.1 10.3 18 5.6
62.8 10.2 55.9 49.8 32.2 21.2 13 2.2 63.2 62.3 106.6 -5.6 2.1 -2.9 12.1 7.5 -2.7 -5.4 4.2 26.5 10.8 15.4 15.8 52.6 23.5 11.4 19.3 7.6
66.1 15.7 62.3 56.1 35.6 22.8 14.7 4.3 66.4 64.4 108.6 -3.7 2.1 -2.6 13.1 8.5 -2.1 -4.9 3.7 22.9 8 12.3 13.9 50.6 21.3 8.9 14 4.2
67.2 17.6 65.7 59.7 37.4 22.3 14.3 4.4 67.3 65.1 109.2 -3.3 -0.4 -4.2 11.9 7.9 -2.9 -6.2 1.7 17.8 3.6 7.8 10.1 47.1 17.5 5.4 6.4 -1.3
63.9 11.2 59.8 54.9 34.8 20.3 11.6 1.7 64.3 63.2 107.9 -5.3 -2.3 -6 9.7 6.5 -4.1 -7.8 0.8 17.3 2.6 6.4 8.7 46.4 16.8 5.5 4.3 -1.9
59.1 1.4 50.8 47 29.9 17.7 8.8 -1.6 60.1 60.2 105.2 -9.1 -2.7 -6.8 8 5.2 -5 -8.9 0.7 21 5.8 9.3 11.1 49.1 19.6 8.9 8.3 3.1
55.9 -6.1 44.4 41.1 26.2 16.8 7.5 -3.7 57.3 57.9 102.6 -12.8 -1.4 -6.3 7.8 4.4 -5.3 -9.1 1.1 26 10.1 13.6 14.7 52.7 22.8 12.4 14.2 9.2
54.8 -9.4 39.2 36.7 24.2 18.1 7.7 -4.8 55.6 56.7 101.3 -13.8 0.8 -5.3 8.6 4 -5.1 -8.5 2.4 30 12.1 15.9 16.3 54.1 23.8 14 18.4 12.5
55.2 -10.1 33.6 32.9 23.7 20.8 8.8 -5 54.5 56.8 102 -11.5 3.3 -4.2 10.1 4.6 -4.2 -6.9 5.2 32.4 12 15.7 15.9 53.9 23.7 14.5 20.7 13.6
56.3 -10.4 29.4 30.7 24.3 23.6 10.3 -4.4 54.5 58.1 104.7 -7 5.7 -2.6 11.9 6.5 -2.3 -4.5 9.1 34 11.9 15.2 15.7 54 24.6 15.6 22.8 15.1
57.2 -10.7 28.8 30.8 25.2 24.6 10.9 -3.8 55.4 59.2 107 -3.5 6.7 -1.7 12.8 8.2 -0.7 -2.4 11.8 34.3 12 15.2 15.8 54.6 26 16.8 24.9 17.4
55.6 -13 27.2 29.3 23.7 22.9 9.1 -5.5 54.5 58 106.5 -3 5.7 -2.7 11.7 7.5 -1.1 -2.1 12.1 34 12 15.5 16.1 55.3 27 18 26.8 20.2
50 -20.4 18.3 21.9 18.2 19.3 4.5 -10.7 49.4 53.5 102.8 -5.1 3 -5.9 8.2 3.6 -3.9 -4.1 10.8 34.4 12 15.6 16.3 55.6 27.7 19.5 28.2 23.2
44.2 -26.6 10 14.9 12.7 14.9 -0.7 -16.3 43.1 48.2 98.2 -8.9 -1.3 -10.3 3.1 -1.6 -8.2 -7.9 7.8 32.7 10.3 13.7 14.5 53.8 26.2 18.8 26.1 23
43.3 -23.7 12.5 16.1 12 12 -2.8 -18.1 41.1 46.6 96.1 -11.8 -5.3 -13.4 -0.3 -4.6 -11.1 -10.8 4.5 27.7 6.6 9.7 10.5 49.8 22.4 15.6 20.1 19.2
47.3 -14 21.6 22.6 15.2 13 -1.1 -15.6 44 49.1 97.5 -11.8 -6.1 -13.4 0 -4.1 -10.9 -10.7 3.4 22.9 3.2 6.2 6.8 45.9 18.9 12.6 14.8 15.4
52.7 -4.3 30.4 29.3 19.2 16.2 2.2 -11.7 48.4 52.8 100.4 -10.1 -4.3 -11.7 2.6 -1.7 -8.8 -8.8 4.1 20.9 1.9 5 5.1 44.2 17.8 11.5 13.4 14.3
56.3 0.6 37.8 35 21.7 17.5 4.7 -9.2 51.6 55.1 101.9 -9.2 -3.2 -10.8 4.6 0 -7.6 -7.7 4.2 20.7 2.2 5.7 5.3 44.8 18.6 11.7 14.7 15
56.7 1.6 43.7 39.1 22.2 14.9 4.5 -9.3 52.4 54.8 100.6 -10.5 -5 -12.1 4.2 -0.5 -9.2 -9.2 2.4 19.8 2.8 6.5 5.6 45.7 18.9 11.4 14.8 14.8
54.7 1.8 47.3 41.2 21.2 10.6 2.5 -10.6 51.5 53 97.9 -12.7 -8.4 -14.5 2.1 -2.5 -12 -12.1 0 18.3 3 6.6 5.5 46.1 18.3 10.7 12.7 13.5
53 1.8 47.6 41.3 20.6 9 1.4 -10.8 50.8 52.2 96.7 -13.1 -9.6 -15 1.2 -3.2 -12.8 -13.2 -0.2 18.8 4.1 7.5 6.3 46.9 18.4 11.6 11.8 14.1
54.1 3.5 48.8 42.9 22.5 11.4 2.7 -8.6 52.6 53.7 98.4 -10.8 -7.7 -13 2.9 -1.5 -10.8 -11.6 1.6 20 5.2 8.3 7.4 47.5 19 13 12.8 16.4
58.1 9.5 55.8 49.2 27.1 14.5 5.8 -4.4 57 57 101.2 -7.7 -5.3 -10.8 5.5 1 -8.4 -9.5 2.7 18.2 4 6.9 6.5 46 18 12 12.7 16.5
61 12.8 60.4 52.9 29.8 16.3 8 -2.1 59.8 58.8 102.6 -6.1 -3.6 -9.5 6.7 2.2 -7.6 -8.6 3.1 15.9 2.2 4.8 4.8 43.8 16.4 10.3 11.8 15.3
58.6 6.5 54.1 47.5 26.6 16.1 6.8 -4.5 57.2 56.4 100.7 -7.9 -3.1 -9.9 5.5 0.9 -9.1 -10 3 16.9 2.1 4.4 4.2 43.1 16.2 10.3 12.2 15.3
53.1 -5.5 42.9 37.9 19.8 14.2 3.1 -9.4 51.6 51.3 96.3 -12.5 -4.3 -11.6 2.7 -2.3 -12.2 -13.4 1.5 20 3.9 5.7 4.7 43.8 16.9 11.4 13.2 16.1
48.5 -15.5 34.2 30.4 14.3 12.7 0.3 -13.2 47.1 47.4 92.4 -16.8 -5.4 -12.8 0.7 -5.2 -14.8 -16.3 -0.2 23.3 6.5 7.5 5.8 45 17.7 12.3 14.7 17
46.6 -19.2 28.4 25.9 12.2 13.6 0.3 -14.5 44.8 46.5 91.2 -17.8 -3.9 -11.5 1.3 -5.8 -15.1 -16.3 0.3 26.7 9.2 9.4 7 46.4 18.5 13.2 17 18.3
46.9 -18.7 23.6 23 12.6 17 2.3 -13.3 44.4 47.6 92.8 -15.1 0.1 -8.1 4.4 -4 -12.9 -13.6 3.5 30.4 11.2 11.6 8.4 47.7 19.4 14.5 20 20.2
47.9 -18.2 20.1 21.7 14.1 20.7 4.4 -11.6 45.1 48.8 95.6 -10.5 3.7 -4.8 7.4 -1.4 -10.2 -10.8 6.8 33 11.6 13.1 9.3 48.3 20.1 15.4 22.3 22.2
48.7 -18.3 19.9 22.3 15.7 22.1 5.4 -10.8 46.2 49.6 97.8 -6 5 -3.4 8.4 0.4 -8.9 -9.8 7.7 33.4 10.8 13.4 9.4 47.9 20.2 15.2 22.7 23.2
48.2 -19.4 19.6 21.9 15.7 21.5 5 -11.6 46.1 49.7 98.5 -2.7 4.8 -3.4 7.6 0.5 -9.2 -10.3 6.6 34 11.5 14 10.3 47.8 20.5 15.2 23.3 24.2
44.8 -24.8 12.7 15.8 11.8 20 2.6 -14.6 42.6 47.2 96.8 -2.6 4.1 -4.5 5.7 -1.3 -11.1 -12.1 5.1 36.8 14.4 15.7 12.3 48.8 20.9 15.9 25.9 26.3
41.1 -29.2 6.1 9.5 7.5 17.7 -0.6 -17.9 38.2 43.1 92.8 -7.2 2 -7.1 3 -4.9 -14.1 -15.7 2.3 37.6 15.5 15.6 12.2 48 19 14.5 26.5 25.8
41.6 -25.6 9.1 10.9 7.2 16.3 -1.7 -18.3 37.7 41.4 89.8 -14 -0.5 -9.3 1.5 -7.1 -16.3 -18.9 -0.4 33.9 12.8 12.8 9.1 44.8 14.7 10.4 22.8 21.5
46.4 -15.4 18.4 17.8 10.9 18.2 1.1 -14.8 41.5 43.7 90.2 -18.3 0 -8.1 3.1 -5.8 -15.7 -18.6 -0.3 29.7 9.7 10.4 6.5 41.8 11.7 7.3 19.4 17.6
52.6 -4.8 27.8 25.5 15.4 22.2 6.1 -9.8 46.7 48 92.7 -19.3 2.8 -4.6 6.8 -2 -13.2 -15.9 1.8 28.6 9 10.5 6.2 41.2 11.7 6.7 19.7 17
56.7 0.5 35.7 32.1 18.5 23.7 8.8 -6.6 50.4 51 94.5 -18.4 3.9 -2.8 8.9 0.7 -11.4 -14.4 2.1 29.2 9.7 11.9 6.8 42 12.7 7 21.3 17.1
56.8 0.5 41.2 36.3 19 20.5 7.4 -6.7 51.6 50.8 94 -17.7 1.4 -4.5 7.6 0.3 -12.1 -15.6 -0.6 28.2 9.6 12.2 6.8 42.3 12.3 6 20.5 15.5
54.7 -0.1 44.4 38.2 18.2 15.4 4.7 -8.2 51.5 49.3 92.7 -17.4 -2.4 -7.3 5.4 -1.5 -13.7 -17.6 -3.3 26.5 9 12 7 42.5 11.7 4.9 18.2 13.5
53.8 0.7 45.2 38.7 18.1 13.4 4.2 -8.1 52 49.4 93.4 -16.1 -3.7 -7.9 5.6 -1.3 -13.2 -17.4 -2.8 27.1 10.2 13.4 9.1 44 13.2 6.2 17.9 14.2
55.8 4 47.1 40.5 20.1 15 6.4 -5.5 54.1 52.2 96.1 -13.4 -2.4 -6.5 7.6 1.1 -11 -15.1 -0.1 28.3 11.6 15.1 11 45.4 15 7.9 17.8 15.5
60.6 10.7 54.3 46.7 24.7 17.6 9.7 -1.3 58 56.3 99.1 -11.2 -1.2 -5.1 9.6 3.6 -9 -13.3 0.9 26.2 10.2 14.1 9.8 44.4 14.2 6.6 14.5 13.5
64.2 13.7 59.2 50.7 28 19.6 11.8 1.4 60.4 59 100.9 -10.1 -0.3 -4.4 10.9 5.1 -8 -12.3 0.7 24.6 8.7 12.6 7.9 43.1 12.9 4.8 12.8 12
62.8 7.8 54.2 46.4 26.6 19.9 11.1 0.1 58.7 58.4 100.6 -10.4 0.6 -4.5 11 5.4 -7.7 -11.9 1 27.7 10.4 13.9 8.9 44.5 14.3 6.5 17.3 15.4
58.2 -2 45 38.7 22.4 18.5 8.4 -3.4 55.1 55.7 99.1 -11.3 0.9 -5.2 10.3 4.8 -7.7 -11.7 2.4 33.2 14.7 17.6 12.6 48.6 18.4 11.4 25 21.9
54 -10.1 37.8 32.9 19 17 6.3 -6 52.7 53.5 98.6 -11.4 1 -5.6 10 4.2 -7.5 -10.8 4.5 37.7 18.6 21.3 16.8 52.8 22.7 16.4 31.6 27.5
51.9 -14.2 32 28.5 17.1 17 5.5 -6.8 51.6 52.6 99.2 -10.3 1.9 -5.1 10.5 3.9 -6.9 -9.5 7 40 19.8 22.9 18.7 54.8 24.5 18.6 34.6 29.4
52 -15.2 26.3 24.2 16.4 18.4 5.4 -6.7 51.4 53 100.4 -8.4 3.9 -4.3 11.4 4.1 -5.9 -8 9.3 40.3 18.9 22.3 18.1 54.1 23.4 17.9 34 27.9
53.6 -14.9 22.7 21.4 16.9 20.6 6.4 -5.9 51.9 54.8 102.1 -5.7 6.3 -2.9 12.7 5.5 -4.2 -6.1 11.8 39.6 17.5 21.2 16.9 52.7 21.7 16.7 31.9 25.9
55.7 -13.5 23.6 22.1 18.9 22.4 7.9 -4.6 53.2 57.1 103.6 -2.9 7.2 -1.5 14.1 7.5 -2.3 -4.4 13.3 38.4 16.5 20.4 16.4 52.1 21.4 16.5 30.1 24.9
55.2 -14 23.9 22.9 19.6 22.2 7.8 -4.7 53.3 57.3 103.5 -1.8 5.8 -1.5 14.4 8.3 -1.8 -4 13.4 38 16.4 20.5 17.1 52.9 22.5 17.4 29.7 25.1
50.4 -19.9 17.1 18.1 16.5 20.4 5 -8 50.3 54.3 101.3 -3.3 3.9 -3.1 12.9 7.1 -2.9 -4.8 13 40.2 18.1 21.8 18.7 54.6 24.4 19.2 31.6 26.5
46.8 -23.5 12.3 14.2 13.3 18.7 2.8 -10.5 47.9 51.6 99.6 -5.7 3 -4.2 11.2 6 -3.7 -5.9 12.3 42.4 20 23.4 20 55.8 25.9 20.3 33.7 26.9
50 -16.6 19.3 19.5 15.6 19.6 5.1 -7.4 51.2 53.9 101.5 -5.4 4.7 -2.4 12.5 7.6 -2.2 -4.8 12.8 42.3 20.9 24.2 20.7 56.3 26.5 20.3 33.9 25.8
57.5 -3 31.8 30.2 22.4 23.2 10.9 -0.5 58.1 60 106.5 -1.2 9.1 2 17 12 1.6 -1.1 15.3 41.5 21 24.9 21.5 57 26.9 20.4 33 24.7
63.4 8.6 41.7 39.1 28.8 26.6 16 5.3 63.8 65.4 110.8 3.3 12.8 5.9 21.2 16.2 5 2.6 17.8 40.5 20.8 25.6 21.9 57.8 27.3 20.5 31.8 23.7
65.3 12.8 48.5 44.6 31.8 26.8 17.8 7.7 66.6 67.9 112.3 4.7 12.5 6.8 22.8 17.9 6.2 3.9 17.9 38.7 20.7 26 22 58.2 27.7 20.1 30.4 22.7
64.4 11.6 53.6 47.7 31.3 23.9 16.3 7.4 67 67.4 111 2.5 8.5 4.9 21.6 16.5 5.2 2.4 15.6 36.5 20.4 25.7 21.8 57.4 27.5 19.2 28.6 21.3
62.4 9.8 56.4 48.6 28.8 19.9 13.6 5.5 65.7 65 108.2 -1.5 3.8 2 19.1 13.5 2.7 -0.9 12.2 35.2 20 24.9 21.3 55.9 26.2 17.6 26.7 19
60.9 8.8 55.5 47.2 26.2 18.2 12 3.7 63.7 62.6 105.8 -4.3 2.3 0.8 17.4 11.5 0.2 -3.6 9.8 35.8 20.3 24.6 21 55 24.8 16.2 26.1 17
61.8 10.1 55.1 47.2 26.1 20 13 3.6 63.2 62.2 105.3 -4.8 4 1.7 17.6 11.5 -0.7 -4.5 8.9 36.1 20.4 24.1 20.3 54.3 23.2 14.4 25.7 14.9
65.9 15.5 60.9 52.2 29.5 23.4 15.7 5.9 65.8 64.3 106.3 -4.2 6.1 3.6 19.1 12.4 -0.5 -4.4 7.8 33.4 18.6 21.9 17.7 52.2 20.2 11.1 22.4 11
69.1 18.1 65.1 55.8 32.3 26.4 17.4 7.7 67.8 66.1 107.5 -3.3 7.2 4.9 20.2 12.9 -0.2 -4.3 6.8 31.1 17.1 19.6 15 49.9 17.5 8.8 19.2 7.7
67.5 12.2 59.7 51.8 30.3 27.4 16.7 6.2 65.8 64.8 107.2 -3 7.5 5.2 19.8 12.1 -1 -5 6.9 33 18.4 19.8 15.1 49.8 17.5 9.7 20.1 8.3
62.7 2.1 50.1 44.3 25.2 26.2 14.6 2.7 61.9 61.4 105.3 -3.6 7.2 4.6 18.4 10.7 -2.6 -6.5 7.7 37.3 21.9 23.1 17.9 52.5 19.9 13 24.2 11.9
58.5 -6.3 42.3 38.1 20.7 24.9 13 -0.2 58.8 58 102.9 -4.5 7.1 4.1 17.3 9.4 -3.5 -7.5 8.6 40.6 24.9 26.5 21 55.1 22.3 16 28.6 15.6
56.4 -9.9 35.9 33 18.3 25.8 12.8 -1.4 57 56 101.8 -4.9 8.4 4.9 17.4 8.9 -3.2 -7.1 9.4 42.6 26.1 27.9 22.2 55.5 23.1 17.1 31.5 17.7
57.2 -9.6 30.8 29.2 18.8 29.6 14.5 -0.2 57 56.5 103.3 -3.1 12 7.8 19.7 10.7 -1.1 -4.9 11.5 45.1 26.8 28.5 22.9 55.1 23.4 17.3 33.5 19.2
60.4 -8.6 28.6 28.2 21.7 34.4 17.8 3.1 59 59.5 107 0.9 16.9 11.9 23.2 14.2 2 -1.6 14.9 48.2 28 29.8 24.2 55.5 24.1 18.2 35.7 20.7
63.9 -7 30.9 30.9 25.7 36.7 21 6.6 61.7 63.2 110.7 4.8 20.1 14.9 26.1 17.4 4.5 1 17.6 50.3 29.5 31.5 25.5 56.8 25.3 19.6 37.8 22.2
64.3 -7 32.3 32.6 27.4 35.5 21.8 7.4 62.4 65 111.9 6.7 20.6 15.7 26.8 18.4 5.4 2.2 18.8 52.2 31.3 33.4 27.1 59 27.3 21.2 40.9 24
59.4 -12.8 25.3 26.9 23.2 31.3 18.3 3.4 58.3 62.2 109 5.1 18.8 13.4 24.2 16.1 3.7 0.8 18 54.3 32.4 34.2 28 60.2 28.6 22.2 43.8 25.2
53.4 -18.2 17.4 19.7 16.8 25.6 12.6 -2.3 52.6 56.8 103.7 0.5 14.8 8 19 11.3 -0.5 -3.8 13.9 52.5 29.6 31.4 25.6 57.4 26 19.6 41.1 21.2
53 -14.6 20 21 15.3 22.6 9.8 -3.8 51.7 54.4 101.1 -2.4 11 3.4 15.4 7.9 -3.8 -7.8 9.1 46.6 24.1 25.9 20.4 51.8 20.3 13.9 32.2 12.4
58 -4.3 29.5 28.5 19.5 24.2 11.8 -0.6 55.7 56.7 103.3 -0.8 10.3 2.7 15.7 8.6 -3.7 -7.9 7.4 40.9 19.7 21.3 16.2 47.5 15.6 9.2 23.9 4.4
63.4 5 38.3 35.6 24.9 27.3 15.1 3.1 60.3 60.4 106.7 1.6 11.1 3.8 17.3 11.1 -2 -5.6 8.2 37.1 17.5 19.2 14.5 46 13.8 7.1 20.6 1
65.9 8.8 44.9 40.8 27.9 27.8 16.5 4.7 63 62.5 107.4 0.6 10.7 3.6 17.7 12.6 -1.1 -4.3 8.7 34.8 16.7 18.8 14.8 46.1 14.3 6.9 21.4 1.7
65.3 8.5 50.2 44.7 28.3 25.1 15.1 3.8 63.5 62.2 105.2 -3.6 7.6 1.2 16.5 11.9 -2 -5.7 7.1 33.4 16.7 18.9 15.5 46.8 15.5 7.1 22.4 3.3
62.9 7.8 52.8 46.5 27.1 20.9 12 1.5 62.3 60 102 -8.4 2.6 -2.4 13.9 9.3 -4.5 -8.8 3.9 31.9 16 18.1 14.8 46.9 15.6 6.6 20.3 2.5
60.3 7.1 51.7 45.3 25.4 17.9 9.1 -0.8 60 58 99.6 -11.1 -1.3 -5.1 11.7 6.5 -7 -11.4 1.6 30.5 14.4 16.7 12.9 45.9 14.8 5.8 16.8 -0.1
60.3 8.2 51.5 45.1 25.4 17.5 8.5 -1.1 59 58 99.3 -11.1 -2.7 -5.8 11 5.5 -8.1 -12.4 0.5 28.6 11.8 14.8 10.8 44 13.1 4.2 14.5 -2.6
64.3 14 58.1 50.3 28.8 18.6 10.8 2 61.2 60.8 100.9 -9.7 -2.4 -5 11.8 6.7 -7.5 -11.9 -0.5 25.1 8.5 12.2 8.6 41.6 10.6 1.2 13 -5.2
68.5 17.8 63.8 55.1 32.5 20.5 13.9 5.9 64 63.7 103.5 -7.7 -0.5 -3.4 13.4 8.9 -5.5 -10.1 0.1 23.5 7.1 11 7.6 41.1 9.8 -0.2 13.1 -5.5
67.8 12.7 59.3 52.5 31.7 21.6 14.7 6.3 63.7 63.5 104.6 -6.4 1.4 -2.2 14.1 9.8 -3.9 -8.4 2.3 26.1 8.9 12.4 9 43.2 11.9 2.2 15.2 -2.6
63.1 1.9 49.5 45.3 27 20.6 12.4 3.3 60.5 60.5 103.2 -7.1 1.6 -2.9 12.9 8.7 -4.1 -8.2 4 30.3 12 15.1 11.7 46.2 15.5 6.8 16.9 0.9
58.6 -7.8 41.2 38.2 22 18.8 9.4 -0.3 57 57.2 101 -8.7 1.1 -4.1 11.1 6.8 -5.6 -8.8 4.9 33.9 14.6 17.2 14.2 48.5 18.4 10.5 17.6 3.1
56.5 -12.1 34.5 32.5 19.1 18.5 7.9 -2.5 54.4 55.2 100.1 -9 1.9 -4.1 10.3 5.7 -6.6 -8.9 5.9 36.5 16.1 17.9 15.1 49.1 19.5 12.1 18.8 4.2
56.6 -12.2 28.4 28.2 18.6 20.9 8.6 -3.2 53.1 54.9 100.9 -7.4 4.7 -2.4 11.2 6.3 -6.2 -8.1 7.8 38.5 16.6 17.7 14.7 48.9 19.5 12.6 21.3 5.9
57.9 -12.2 24 25.9 19.3 24.7 10.7 -2.9 53.2 55.8 102.6 -5 8.2 0.2 12.9 8.1 -4.4 -6.4 10.2 39.4 16.5 17.4 14 48.8 19.4 13.2 24.3 8.5
58.9 -12.5 23.6 26.2 20.5 27.2 12.3 -2.1 54.2 56.9 103.6 -3.8 10.1 2 13.9 9 -3 -5.3 11.6 38.7 16 16.9 13.5 48.3 19.1 13.2 26.1 10.7
57.6 -14.2 23.5 26.1 20.2 27.4 12.1 -2.6 53.8 56.7 103.3 -3.7 10.2 2.1 13.4 8 -3.1 -5.5 11.9 38.6 16.2 16.6 13.9 48.4 19.2 13.6 26.9 12.2
52.9 -19.5 17.3 20.9 17.1 26.1 9.6 -5.8 50.3 54.2 101.6 -4 9.8 0.6 11.6 5.7 -4.8 -6.8 12.1 41.2 17.7 17.6 15.5 49.5 20.7 15.6 28.1 13.5
48.5 -23 12 16.4 14 23.8 6.6 -9.5 47 51.2 99.5 -5.3 8.8 -1.7 9.1 3.1 -6.9 -8.7 11 42.8 18.2 18.1 15.7 49.5 21.1 17 27.5 13
49 -18.6 16.2 19.7 15.2 22.3 5.7 -10.1 47.6 51.1 99.1 -6.3 7.4 -3 7.9 2 -7.7 -9.6 9 40.3 16.1 16.5 13.2 47.5 19 15.6 24.9 10.8
53.5 -9 25.4 27.4 19.9 23.5 7.9 -7.1 51.2 53.9 101.4 -5 7.5 -2.1 9.1 3.3 -6.3 -8.3 8.6 36.5 13.1 13.8 10.2 45.2 16.3 13 23 9.4
58 -0.3 33.1 34.1 24.6 25.8 10.5 -3.9 54.6 57.1 104 -2.6 8.5 -0.8 10.8 5.3 -4.9 -6.7 9.1 33.7 10.6 11.3 8.1 43.5 14.4 10.8 22.6 9.2
59.6 3.2 38.9 38.6 26.9 25.8 10.8 -3 56.2 58.2 104.3 -2.2 7.9 -2 10.6 5.4 -5.5 -7.2 8.2 31.7 8.7 9.2 6.8 42.5 13.4 8.8 21.2 8
57.8 2.1 43.7 41 26.1 22.3 8.3 -4.8 55.9 56.6 101.7 -5.1 4.6 -6 7.6 3 -8.7 -10.3 4.6 28.9 6.4 6.8 5.4 41.2 12.1 6.3 17 4.5
54.5 -0.1 46.1 41.2 23.2 17.3 4.5 -7.8 54.1 53.2 97.8 -10.1 -0.2 -10.8 3.3 -0.5 -12.9 -14.5 -0.2 25.5 3.8 4.1 3.2 39.1 10.2 3.6 12.3 0.5
52 -1.6 44.7 39.1 20.3 14 2.1 -10.2 52.1 50.4 95.2 -13.8 -3 -13.4 0.5 -2.7 -15.3 -17 -2.9 23.3 2.3 2.6 1.7 38 9.2 2.8 11.2 0.2
52.7 -0.4 44.2 39.1 20.1 14.5 3 -10.3 52.1 50.4 95.1 -14.5 -2.6 -12.8 0.9 -2.2 -14.7 -16.7 -2.6 22.3 2.2 2.2 1.7 38.3 9.3 3.4 12.9 3.2
57.7 6.2 51.1 45.5 23.8 17.9 6.9 -6.6 55.5 53.7 97.4 -12.8 -0.7 -10.7 3.2 0.4 -12.6 -14.8 -1.3 20.6 1.7 1.4 1.8 38.7 9.1 3.1 13.5 5.1
62.5 10.6 57.1 51.2 27.3 22 10.5 -2.4 58.8 56.9 99.8 -10.4 1.7 -8.5 5.5 3.2 -10.7 -12.9 0.4 20.7 1.7 1.4 2.2 39.2 9 2.8 13.8 6.1
62.1 6.1 52.8 48.4 25.8 23.9 11 -2.2 58.3 56.3 99.9 -9.4 3.7 -7.6 6.3 4.2 -10.3 -12.2 2 24.3 3.7 3.6 3.8 40.9 10.7 4.8 16.5 8.9
57.6 -3.7 43 40.5 21 22.7 8.9 -5.5 54.7 53.1 98.1 -10.1 3.9 -8.4 5.6 3.3 -11 -12.7 3 29 6.6 7.1 6.5 43.6 14.1 8.5 20.4 13.6
53 -13.1 34.5 33.2 17 20.5 6.5 -9.2 50.8 50.4 96.5 -11 3.4 -9.5 4.2 1.7 -11.5 -13.3 3.7 32.1 8.6 10 9.4 46.4 17.6 12.3 23.9 18.4
49.9 -18.6 27.4 27.2 15.1 19.6 5 -11.7 47.6 49.1 96.4 -10.7 3.5 -10 3 0.1 -11.4 -13.1 4.8 33.5 8.6 10.5 11 47.4 19.4 14.5 26 21.5
48.4 -20.1 20.8 22.2 14.8 21.3 4.8 -12.9 45.5 48.8 97.4 -8.9 5.4 -9.3 2.9 -0.6 -10.8 -12 6.8 34.3 7.4 9.4 10.8 46.6 19.5 15.1 26.9 22.8
48.4 -20.6 15.9 18.9 15.5 24 5.7 -13.2 45 49.1 98.8 -6.2 7.9 -7.8 3.9 0 -9.9 -10.1 9 34.7 6.5 8.4 9.4 45.6 19 15.2 27 23.2
48.7 -21.3 14.7 18.2 15.7 24.9 5.8 -13.3 45.4 49.3 99.3 -4.3 8.4 -7.5 4.2 0.4 -9.4 -9 9.8 33.8 5.5 7.7 7.6 45 18.4 14.8 25.7 22.8
47.4 -23.9 13.8 17.1 14.3 23.1 4 -14.4 44.9 48.3 98.7 -3.7 6.8 -8.7 3.5 0.1 -9.5 -8.9 9.7 33.4 5.5 7.9 7.3 46 19 15.6 25.5 24.2
43.2 -30 7.5 11.4 10.6 20.6 0.7 -16.9 42.2 46.3 97.6 -4.5 5.1 -10 2.5 -0.4 -10 -9.4 10.5 35.7 7.6 10.4 9.7 49 21.6 18.9 29 28.7
40 -33.4 3.2 7.3 7.9 18.5 -1.6 -18.5 39.9 45.2 96.9 -6.8 3.8 -10.9 1.8 -0.9 -10.5 -10.4 11.2 37.3 9.1 12.5 11.8 51.1 23.7 21.6 32.1 31.9
41.7 -27.8 8.6 11.3 9.7 17.8 -0.8 -16.8 41.6 46.8 97.3 -9 2.9 -11.2 2 -0.6 -10.5 -11 10.8 35 8 11.8 11.1 50.2 22.9 20.8 30 30.2
46.7 -16.5 18.5 19.8 15 19.3 2.4 -12.8 45.8 50 99.1 -8.4 3.3 -10.2 3.5 1.1 -9.3 -9.9 10.9 31.1 5.6 9.8 9.2 47.6 20.7 18.3 25.4 26.9
52 -5.8 27.4 28.1 20.7 22.1 6.1 -8.6 50.4 54 102.1 -5 4.6 -8.1 6 4.2 -6.7 -7 12.2 29.1 4.9 9.1 8.8 46.9 20.2 17.9 23.4 26.9
55.6 0.2 35.5 35.5 25 23.8 9 -4.8 55 57.8 105 -1.8 5.6 -5.7 8.7 7.6 -3.9 -3.8 13.9 29.7 7 11.1 11.2 49.5 22.6 20 25.4 30.4
56.3 1 42.3 40.8 26.2 22.1 9.2 -2.9 58 59.5 105.3 -2.2 5 -5.2 9.6 8.8 -2.9 -3.1 13.4 30.7 9.6 13.5 13.8 52.5 25 21.6 27.7 33.3
54 -0.2 45.3 42.1 23.8 17.7 6.5 -4 57.7 58.1 102.4 -6.2 2.4 -7.2 8 7 -4.9 -6 10 30.2 10.2 14.2 14.3 52.8 24.5 20.4 27.6 32.7
50.7 -2.1 43.7 39.3 20 13.9 3.5 -6.2 55.6 55.6 99.1 -9.7 0.1 -9.2 6 4.5 -7.5 -9.4 6.7 29.8 9.8 14 13.4 51.1 22.6 17.8 26.3 30
50.1 -2 43.1 37.7 18.5 13.1 2.9 -6.5 55.6 54.9 98.1 -10 -0.2 -9 6.2 4.4 -8.1 -10.5 5.5 29.7 9.8 13.8 12.5 49.3 20.8 15.5 25.2 27.5
53.7 3.3 49.7 42.9 21.1 14.9 5.4 -3.4 59.3 57.2 99.6 -8 0.7 -7.1 8.8 6.8 -6.7 -9.4 5.7 28.4 9.3 13.1 11.7 47.8 19.1 13.2 23.5 25.3
57 7.5 55.4 48.4 24.3 17.9 8.4 -0.1 62.9 60 101.7 -5.6 2.6 -4.5 11.8 9.8 -4.5 -7.4 7.1 28.3 9.6 13.2 12.1 47.7 18.8 12.7 23.3 25.3
55.6 3.1 50.9 45.9 23 19.1 8.6 -0.3 61.9 59.7 101.6 -5.2 4.1 -3 12.8 10.4 -3.5 -6.9 8.4 31.5 11.8 15.5 14 49 20.3 14.3 26 27.3
49.9 -8 40.5 37.4 17.7 16.4 5.5 -4.3 57 56 98.6 -8.3 2.9 -3.9 11.2 7.7 -5.2 -9 7.2 35.3 14.5 18.2 15.6 50.5 21.9 15.8 28.7 28.5
43.7 -19.4 30.7 28.4 12 11.7 1.6 -9 51.7 51.6 94.8 -12.3 0 -6.2 8.7 4 -7.9 -12.1 4.7 37 16 19.6 15.8 51.2 22 15.6 30 28.2
39.7 -25.2 22.6 21.3 8.6 9.2 -0.7 -12.1 48 48.6 92.6 -13.9 -1.7 -7.3 7.5 2 -9.2 -13.6 3.8 36.8 15.7 19.5 14.9 51 20.9 14.7 29.9 27.5
40.1 -24.4 17.5 17.5 9.1 11.8 0.7 -11.6 47.9 49.4 94.1 -11.3 0.3 -5.3 9.6 3.7 -7 -11.4 6.8 37.5 15.6 20 15.1 51.5 20.8 15.7 29.8 28
45 -20.3 17.3 18.9 13.5 18.9 6 -7.1 51.7 54.1 99.4 -5.3 6.3 0.2 15 9 -1.5 -5.6 12.8 41.3 18.5 23.4 18.4 54.5 23.8 19.6 31.7 31
51.2 -15.9 21.9 24.1 19 25.8 11.7 -1.3 57.3 59.6 105.3 0.7 12.4 5.9 20.7 14.7 3.7 0 18 45.9 23.1 28.2 23.1 58.5 28.1 23.6 35.4 35.4
53.4 -15.3 24 26.8 20.8 28.5 13.7 1 59.6 61.3 107.6 3.3 14.7 8.5 23.2 17 5.6 2 19.8 49.4 27.1 31.7 27 61.7 31.5 26.1 39.6 39.3
49.1 -21.3 16.7 21.2 16.7 26.5 10.8 -2.5 55.8 57.9 105.7 2 13.3 7.2 21.6 15.2 3.7 0.4 19 52.2 29.5 33.2 29.1 63.5 33.2 27.4 43.4 42
43.6 -26.3 9 14.7 12.2 22.1 6.5 -7.5 50.3 53.3 102.1 -1.5 9.7 3.8 17.9 11.5 0.4 -2.8 16.2 52 28.9 31.9 28.3 62.7 32.2 26.5 43.2 41
43.8 -22.6 12.6 17.1 13.7 19.9 6.1 -7.4 49.7 53 101.2 -3.3 7 2.2 16.3 10 -1 -4.4 13.6 48.1 26 29.2 25.6 60 29.1 23.4 39 36.3
49.3 -12.3 23.2 25.8 20 21.9 9.9 -2.4 54.2 57.1 104.1 -1.3 7.9 4.3 18.2 12.3 0.8 -3 13.7 44.2 23.8 27.5 23.6 57.8 26.6 20.7 34.8 32
55.2 -2.1 33.1 34.4 26.3 25.4 14.2 2.9 60 61.9 108.1 2 10.5 7.8 21.7 16.1 3.6 -0.4 15.3 42.5 23.3 27.8 23.4 57.3 26 19.8 33 30.5
58.6 3.4 41 41.1 29.9 26.7 16.2 5.8 64.8 65.4 110.5 3.3 11.5 9.5 24.2 18.8 5.4 1.1 15.9 42.2 24.6 29.4 24.3 58.6 27.4 20.4 33.1 31
59.8 5.3 48.1 46.2 31 25 15.8 6.7 67.6 66.8 110.6 1.8 10 8.9 24.6 19.5 5.7 0.8 14.4 42 26.4 31.2 25.4 60.5 28.9 20.8 33.2 31.5
59.8 7 53.3 49.5 30.7 22.3 14.6 6.8 68.5 66.6 109.3 -0.5 7.9 7.6 23.7 18.7 5.2 -0.6 11.9 42.1 27.8 32.6 26.3 61.5 29.6 20.3 32.4 30.9
60 8.3 54.6 50.1 30.6 21.4 14.3 7.4 68.7 66.4 108.9 -1.4 7.7 7.6 23.3 18.4 5.3 -1.1 10.9 43.5 29.4 34.1 28 61.9 30.2 20.3 32.7 30.4
62 10.7 56.3 51.6 32.4 23 16.2 9.8 70.5 68.4 110.6 -0.1 9.5 9.5 24.9 20.2 6.6 0.1 11.8 45.2 30.8 35.6 29.8 62.3 30.9 20.6 33.9 30.5
66.7 17.1 64.3 58.7 37.3 25.8 19.7 14.3 75.2 72.8 113.7 2.6 11.4 12.3 27.9 23.4 8.7 2.2 12.8 44.6 30.8 35.6 30.4 62.1 30.3 19.5 33.7 29.3
70 21.5 70.3 64.4 40.9 27.7 22.2 17.6 79.1 76.2 116.1 5.8 12.8 14.9 30.7 25.8 10.7 4.2 13.9 43.8 30.5 35 30.5 62.2 29.8 18.4 33.7 28.7
67.3 16.5 64.8 60.3 38.5 26.8 21 16.1 77.6 74.9 115.5 7.2 12.8 15.1 30.9 25.2 10.8 4.2 14.4 45.5 31.4 35 31 62.9 30.5 19.2 35.9 30.3
60.8 4.4 53.2 50.3 32.1 23.1 16.6 10.6 71.6 69.6 111.8 5.7 10.7 12.3 27.8 21.7 8.3 1.3 13.3 48 32.7 35.6 31.4 63.5 31.3 20.6 38.2 32.4
55.2 -6.8 43.4 41.9 26.5 19.9 12.4 5 65.5 64.3 107.8 3.1 8.4 9.1 24.2 18.2 5.2 -2.4 11.8 49.8 33.8 36.3 31.4 63.8 31.4 21.5 38.9 33.1
52.9 -11.6 36.5 36.4 23.7 20.2 11.2 2.1 62 61.7 106.2 2.3 8.7 8.5 22.9 16.6 3.9 -3.8 12.2 51 34.1 36.8 30.7 63.6 30.7 21.5 37.9 32
53.2 -11.2 31.1 32.6 23.7 23.8 12.6 2.5 61.4 61.8 107.4 3.4 12.3 10.7 24.3 17.2 4.9 -2 14.5 52.3 34 36.7 29.7 62.8 29.9 21.1 35.7 29.3
54.9 -10.3 28 30.6 25.5 27.7 15.1 4.8 62.7 63.5 109.2 4.9 16.8 13.8 26.7 19.2 6.8 1.1 17.4 53.8 34 36.3 29.2 62 29.7 21.3 34.6 27
56.1 -10 28.3 30.5 27.1 29 16 6.4 63.7 64.5 109.5 4.4 18.8 14.9 27.6 20.5 7.4 2.1 18.2 54.1 33.7 35.3 28.9 61 29.1 21 35 26.1
54.5 -11.6 27.3 29.1 26 26.9 14 4.5 62.1 62.9 107.5 2.3 17.7 13.2 25.7 19.1 5.9 0.3 16.8 54 33.2 34.3 28.6 60.3 28.4 20.4 36.4 26.8
49.9 -17.4 19.5 22.9 21.3 23.8 10.1 -0.5 57.5 59 104.7 0.7 16.1 10.7 22.7 15.8 3.7 -2.3 15.8 56.1 34.2 35 29.5 61.2 29.1 21.5 39.4 29.4
46.6 -21 13.6 18.6 17.4 21.7 7.5 -4.1 54.4 56 102.7 0 14.9 9 20.6 13 1.8 -4.3 15 58.1 35.3 36.1 30.3 62 29.8 21.9 41.1 30
48.7 -16 18.9 22.8 18.5 21.5 8.3 -3 56 56.6 103 -0.1 14.1 8.6 20.5 12.7 1.2 -5 13.9 56.7 34.4 35.3 29 60.5 28.3 19.3 38.8 26.1
54.4 -4.8 29.7 31.3 23.3 23.7 11.9 1.6 60.4 60 105.6 0.6 14.9 10 22.6 14.9 2.5 -3.5 14 54 32.4 33.4 26.9 57.9 25.8 16.2 36.2 21.2
60.1 6 38.9 39.2 28.6 27.1 15.9 6.6 65.1 64.1 109 2 17.2 12.5 25.6 17.9 4.9 -0.9 15.4 52.7 31.5 32.3 26.3 56.6 24.8 15.2 36.6 19.8
63.6 11.1 46.2 45.7 32.6 28.6 17.6 9.8 68.3 67.3 111.1 2.9 18.3 13.7 27 19.8 6.6 0.5 15.8 52.1 31.9 32.3 27.1 57.1 25.5 15.7 38.4 20.8
63.8 11.4 52.4 50.7 34.2 25.9 15.9 10.2 69.5 68.3 110.8 2.1 15.9 11.9 25.6 19.1 5.8 -0.7 14.2 50.3 31.9 31.8 27.3 57.7 26 15.8 37.6 20.4
61.5 11.1 56.4 53.1 33.6 21.1 12.8 8.4 69 67.4 109.1 0.1 11.8 8.4 22.8 16.9 3.4 -3.1 11.5 47.8 30.7 30.7 26.1 57.7 25.5 15.2 33.1 17.5
59.5 11.3 56.4 52.6 32.4 18.5 11.4 6.8 68.3 66.5 108.2 -0.8 9.8 6.6 21.6 15.6 2.2 -3.8 10.5 46.7 29.5 30.2 25.2 57.7 25.2 15 28.6 14.6
60.3 13 57.2 53.1 33.2 19.7 12.6 7.1 69.3 67.4 109.3 0.4 10.2 7.1 22.5 16.2 2.9 -3 10.8 45.5 28 29.9 24.5 57.3 24.8 14.4 25.9 12.2
64.6 18.2 64.6 59 37 22.2 15.5 9.9 72.8 70.3 111.6 2.3 10.5 7.8 24 17.6 4.2 -2.1 10.5 41.6 25.2 27.9 22.7 55.4 23 11.6 23.5 9.4
68.8 22.1 71.2 64.5 41.2 24.7 18.6 13 76.3 73.2 114.3 4.3 11.3 8.8 25.9 19.7 5.9 -0.9 11 39.2 23.8 26.7 22 54.5 22.5 10.3 23.8 9.3
69.1 19 68.3 62.6 42.1 26.8 20.5 14 77 73.8 115.9 6.1 13.6 10.5 27.6 21.8 8 1 13.7 42.6 26.5 29.1 24.7 56.8 25.4 13.5 28.8 13.8
66.1 10.6 59.8 56.2 39.2 27.4 20.2 12.8 75 71.8 115.3 6.1 15.3 11.5 27.9 22.3 8.9 1.7 16 48.8 31.1 33.5 29.1 60.8 29.4 18.1 34.7 18.9
62.5 2 52 49.8 34.6 26.4 18.3 10.3 71.4 68.7 113 4.6 15.1 11 26.5 20.8 8 0.7 16.2 52.7 33.6 36.1 31.9 63.1 31.1 20 37.2 20.5
60.3 -2.5 45.3 44.3 30.8 25.9 16.9 8.3 68 66.4 111.2 3.7 14.6 10.5 25 19.4 6.9 -0.2 16.1 53.4 33.5 36 31.6 62.8 30.3 19.5 36.9 19.2
60.3 -2.9 39.8 40 29.6 28.3 17.6 8.2 66.8 66.3 111.7 5.5 16.2 11.9 25.8 20.1 7.6 1.2 17.7 53.8 32.9 35.1 30.4 62 29.4 19.2 37.6 18.6
62.1 -2.1 36.6 38 30.9 32.5 20 9.6 67.8 67.8 113.5 8.9 19.3 14.4 28.2 22.1 9.7 4 20.2 54.6 32.5 34.4 29.6 61.7 29.1 19.6 39.4 19.1
63.9 -1.3 37.1 38.8 32.9 34.7 22 11.1 69.2 69.3 114.6 10.5 20.8 15.1 29.6 22.9 10.4 5.2 20.9 53.8 31 33.2 28.4 60.8 28.3 19.3 38.5 18
63.3 -2.2 37 38.6 32.9 33.9 21.9 10.8 68.9 69.1 114 9.3 20.2 13.8 28.8 22.1 9.4 4.3 20.2 53.1 29.9 32.7 27.7 60.2 27.9 19.2 36.5 16.9
58.9 -8.1 30.2 32.8 29.1 31.5 19.1 7.6 65.3 66.4 111.6 6.2 19.3 11.9 26.5 20.3 7.5 2.8 19.9 54.8 31 33.8 28.6 61.4 29.4 21.2 37.3 18.5
54.6 -12.9 24.6 27.7 25 28.5 15.4 4.4 61.8 63.2 109 2.4 17.5 9.9 23.9 18 5.6 1 19 55.2 31.5 33.8 29.1 62.2 30.1 22.4 38.1 19.3
55.7 -8.5 29.4 31.4 25.6 26.6 14.1 5 62.8 63 108.4 0.5 15 8.2 22.5 16.9 4.6 -0.3 17.3 51.5 28.8 30.9 27.3 60.1 27.9 20.4 35 16.2
60.9 2.7 39.5 40 30.1 26.8 16.3 8.8 67 66.1 110.4 1.8 13.5 7.9 23.2 17.9 5.2 0.2 16.4 46.5 24.5 27 23.8 56.6 24.3 16.7 29.7 11.4
65.5 13.3 47.8 47.3 34.8 27.7 19.3 12.4 71 69.6 113 4.5 12.9 8.4 24.7 19.8 6.5 1.6 16.4 42.8 21 24.3 21.1 53.8 21.7 13.9 25.6 8.1
67.2 18.3 54 52.7 37.3 26.7 20.6 13.9 73.4 71.5 113.8 6 11.8 8.2 25.3 20.7 6.8 1.9 15.7 40.3 19.3 23.4 20.3 53 21.1 12.9 24 7.2
66.4 18.3 59.5 56.7 37.5 22.9 19 13.4 74 70.9 112.3 4.3 9.1 6.2 23.8 19.4 5.2 -0.1 12.7 37.6 18.6 23 20.3 52.8 20.8 11.8 22.7 6.2
64.7 16.9 62.9 58.4 36.1 18.5 15.7 11.6 73.1 68.9 109.3 0.3 5.5 2.9 21 16.6 2.2 -3.5 8.8 34.9 17.6 21.9 19.3 51.8 19.7 10 20.5 3.7
63.5 15.8 62.4 57.4 34.7 16.9 13.5 10.2 72 67.4 107.2 -2.4 3.7 0.9 19.3 15 0.4 -5.7 6.9 33.6 17.1 21.1 18.1 51 18.9 9.2 19 2.1
64.7 17.3 63.1 57.6 35.7 18.8 14.4 11.3 73 68.1 107.5 -2 4.3 1.4 19.8 15.6 0.7 -5.7 7 33.3 16.7 20.5 17.2 50.4 18.5 9.1 18.5 2
69.4 24 71 63.6 39.8 22 18.3 15.3 77 71.3 110.2 0.1 6.1 3.5 22 17.7 2.3 -4.4 7.5 31.9 15.5 19.4 16 49.4 17.2 8.1 17.7 1.5
73.6 29 77.7 69 43.4 25.3 22.6 19.2 80.5 74.5 113.2 2.3 8.6 6.1 24.5 19.7 4.3 -2.3 8.8 31.9 15.3 19.3 15.7 49.4 16.8 7.9 18.3 2.2
72.5 24.5 73.1 65.6 41.8 26.6 23.2 18.7 79.1 74.1 113.5 2.5 10.4 7.2 24.7 19.7 4.7 -1.4 10.4 35 17.1 21.1 17.2 51.4 18.5 9.9 21.5 5.4
67 13 61.9 56.5 36 24.7 19.8 14.2 73.8 70.1 110.3 0.1 9.7 5.8 22 17 2.4 -3.3 10 38.6 19.5 23.2 19.2 53.7 20.7 12 24.8 9.5
61.4 2.1 52.2 48.2 30.1 21.5 15.4 9 68.6 65.4 106.5 -2.7 8.1 3.6 18.6 13.6 -0.7 -5.9 8.4 40.6 20.8 24.1 20.5 54.5 21.8 13.2 26.6 12.5
58.1 -3.8 44.6 41.7 26.2 19.7 12.7 5.4 64.9 62.1 104.3 -3.6 7.4 2.2 16.7 11.3 -2.4 -7.1 7.6 40.7 20.4 23.2 20 53.4 21.4 13.2 27.4 14
57 -5.9 37.6 36.2 24.6 20.6 12.3 3.8 62.4 60.3 104.2 -2.3 8.5 2.2 16.4 10.5 -2.4 -6.6 8.5 40.6 19.2 21.5 18.1 51.6 20 12.6 27.7 14.7
57.7 -6.5 32.9 33 25.1 23.4 13.8 3.7 60.9 60.5 105.7 0.4 10.8 3.3 17.1 11.1 -1.3 -5.3 10.9 41.1 18.2 20.1 16.3 50.6 19 12.5 27.5 15.2
59 -5.8 32.8 33.3 26.5 25.7 15.4 4 60.6 61.8 107.2 2.3 12.2 4.1 17.6 11.6 -0.4 -4.5 12.7 41.3 17.4 19.1 15.3 50.4 18.7 13.2 26.4 15.8
58.8 -6.3 32.7 33.1 26.4 26.1 15.4 3.4 60 62 107.5 2.4 12.4 4 17.5 11.2 -0.4 -4.1 13.4 42 17.6 19.4 16.1 51.5 20.2 15.4 25.9 18
55.6 -11.4 26.2 27.6 22.9 25 13.4 0.7 57.3 59.5 106.2 1.5 12.3 3.5 16.8 10.2 -1 -3.9 14.3 45 20 21.9 18.9 54.2 23.7 19.4 28.4 23
52.4 -15.6 20.4 22.6 19.3 23 10.7 -2 54.6 56.1 103.9 -0.2 11 2.3 15.5 8.9 -2.4 -4.7 13.9 46.3 21.2 23.4 20.4 55.7 25.4 21.4 30 26.3
52.9 -12.3 24.2 25.2 19.8 21.1 9.2 -2.1 54.6 55 102.1 -2 8.1 -0.1 13.6 7.6 -4.6 -7 11 42.2 17.8 20.4 17.3 53.2 22.3 17.9 26 23.3
56.2 -3.2 32.9 32 23.4 20.9 9.7 -0.3 56.5 56.5 102.3 -2.2 5.5 -2 12.3 7.1 -6.3 -9 8 35.8 12.2 14.6 12.1 48.1 17 11.9 19.5 17.1
59.2 4.7 39.8 37.7 26.6 21.5 10.8 1.3 58.4 58.8 103.7 -0.9 4.3 -3.2 11.9 7.1 -6.9 -9.7 6.8 31.1 7.9 9.8 8.4 44.3 13.7 8.2 15.3 13.5
59.9 7 44.4 41.3 27.4 20 10.2 1 59.2 59.5 103.8 -0.6 2.4 -5.2 10.8 6 -7.6 -10.6 5.5 27.9 5.9 7.5 6.6 42.7 12.9 7.3 13.3 13.2
57.8 5.4 47.8 43.2 25.5 15.3 6.9 -1.5 58.1 57.4 100.7 -3.6 -2.2 -9.3 7.4 2.7 -10 -13.8 1.6 24 4 5.6 4.8 41.7 12.1 6.2 10.9 12.6
54.6 4.4 49.5 43.9 22.6 9.8 2.7 -4.7 56 53.8 96.1 -8.2 -7.3 -14.1 3.2 -1.2 -13.2 -18.1 -3.3 20.1 1.5 3.5 3 40.4 10.6 4 7.3 9.9
53.1 5 49.1 43.6 21.5 7.6 0.8 -6.1 54.9 52 94 -10.3 -9 -16 1.6 -2.2 -14.3 -20.1 -5.1 19.2 0.4 3 3 40.5 10.6 3.3 4.7 7.9
55.3 8.2 51.3 45.9 23.7 9.7 2.9 -3.6 57 53.9 96.3 -8.5 -7 -13.8 3.6 0.9 -12.2 -18.4 -2.8 20.1 0.7 4.2 4.4 42.1 12.1 4.6 3.7 8.1
61.1 15.5 60.5 53.6 29 13.7 7.6 1.9 62.6 58.8 101 -5.4 -4.2 -10.1 7.3 5.1 -8.9 -15 0.3 19 0.3 4.5 4.9 42.8 12.8 5.3 2 8.7
65.6 20.2 67.4 59.1 32.6 16.7 11.4 5.6 67 62.3 104.4 -3.3 -2.1 -7.4 10 7.7 -6.7 -11.8 2.6 17.8 0 4 4.4 43 12.9 6 0.8 9.6
64.2 15.3 62.2 54.9 30.3 16.5 11.3 3.9 65.7 61.3 103.9 -3.8 -1.8 -7.5 9.9 7.2 -6.8 -10.6 3.9 19 1 4.2 4.8 44 14.3 8.2 2.2 11.9
58.5 3.4 51 45 24.2 12.9 7.3 -1.2 60.3 57 100.3 -6.7 -3.9 -10.2 6.9 4.1 -9.2 -12.1 3.2 20.8 2.4 4.9 5.8 45.4 16.3 10.7 4.5 13.9
53.2 -7.7 41.9 36.3 18.7 8.7 2.9 -5.7 55 52.8 96.2 -10.1 -6.7 -13.3 3.5 0.4 -11.9 -14.9 1.4 21.9 2.8 5.2 6 45.9 17.4 11.8 5.5 13.9
50.6 -12.5 35.4 30.7 15.8 7.7 0.9 -8 51.8 50.7 94.3 -11 -7.2 -14.3 1.9 -1.4 -12.9 -16.5 1.1 23 2.4 5.1 5.4 45.5 17.3 11.8 5.5 13
51.2 -11.7 30.3 27.9 16 11.3 2.7 -7.5 51.1 51.1 95.8 -8.3 -4.2 -12 3.6 0.1 -10.9 -14.9 4.1 25.4 2.7 5.7 5.7 45.8 17.5 12.5 6.5 14
54 -9.6 27.8 28 18.6 17 7.2 -4.7 52.6 53.7 99.7 -3.6 0.6 -7.6 7.6 3.8 -7.1 -10.5 8.9 28.3 4.2 7.3 7.2 47.2 18.9 14.6 9.1 17.3
57.1 -7.8 29.4 30.6 21.8 20.8 10.9 -1.7 54.9 56.5 103 -0.1 3.7 -4.3 10.6 6.8 -4.5 -7 11.9 29.7 5.7 8.6 8.6 48.5 20.4 16.4 11.5 20.7
57.3 -8.7 29.8 30.9 22.8 20.8 11.4 -1.5 55.2 57.2 103.6 0.3 3.9 -3.6 10.8 7.3 -4.6 -6.4 12.1 30.9 6.9 9.8 9.6 49.3 21.3 18 14 23.6
53.1 -14.9 22.3 24 19.3 17.6 8.4 -5.3 51.5 54 101.2 -1.9 2.4 -5.3 8.6 5.2 -6.6 -8.2 11 33.8 8.9 11.7 10.7 50.5 22.6 20.1 18 26.5
48.9 -19.2 15.6 17.4 15.3 13.9 5.1 -9.2 47.7 49.9 97.8 -5.2 0.3 -7.8 6 2.1 -9.1 -11.1 9.1 35.4 9.8 12.3 10.4 50.6 22.5 20.2 20 26.1
50.5 -13 20.8 21.2 16.6 13.8 5.8 -7.8 49.5 50.2 97.5 -6.1 -0.5 -8.1 6 1.7 -9.3 -11.8 7.7 33.6 9.2 11.5 9.3 49.6 20.7 17.8 17.7 22.4
56.9 0.2 33.1 32.1 22.7 18.2 10.9 -1.7 55.8 55.4 101.4 -2.9 1.5 -5.1 9.9 5.4 -6.1 -9 9.2 31.5 8.6 11.4 9.1 49.1 19.5 15.9 14.2 19.4
62.8 11.1 43.3 41.5 28.5 22.3 15.8 3.9 61.4 61.1 106 1.4 3.8 -1.8 13.8 9.5 -2.6 -5.6 11.4 30.3 8.1 11.8 9.9 49.1 19.5 15.3 12 18.7
64.8 14.5 49.6 46.4 30.7 22.1 16.9 5.8 63.4 63.3 107.5 2.6 3 -1.6 14.5 10.9 -1.8 -5.1 11.1 28.7 7.6 12 10.7 49.1 19.8 14.7 11.1 18.8
63.7 12.8 53.6 48.1 29.5 17.7 14.3 4.6 62.7 61.8 105.4 -0.4 -0.7 -4.5 12.2 9.2 -3.9 -7.5 7.9 25.9 6.8 11.7 10.4 48.8 19.5 13.4 9.8 18
61.5 11.6 55.6 48.2 26.8 12.6 10.8 2.3 61.4 59.1 102 -5 -4.6 -7.7 9.6 6.7 -6.8 -10.3 4.3 23.5 6.1 11.5 9.7 48.6 19 12.1 8.8 16.7
60.2 12.3 55.2 47.6 25 11 9.4 1 61.1 57.8 100.5 -6.8 -5.5 -8 9.4 6.2 -7.3 -10.6 3.4 24.3 7.1 12.8 10.9 49.8 19.9 12.8 10.7 17.5
61.9 15.2 57 49.8 26.3 13.4 11.3 2.6 63.4 59.9 102.3 -4.7 -3.4 -5.4 12 8.7 -4.5 -8 5.2 26.7 9.2 15.1 13.8 51.9 21.5 14.4 14.6 19.8
67.5 21.8 66 57.7 31.8 17.4 15.4 7.8 68.9 64.9 106.4 -1.6 -0.5 -2.1 16 13.1 -0.4 -4.8 7.5 26.8 10.2 16.6 15.8 53 22.3 14.8 16.2 20.1
72.6 26 73.6 64.2 37 20.9 19.2 13 73.8 69.7 110.4 0.6 2.2 1 19.9 17.3 2.9 -2.1 9.9 26.7 10.9 18.6 17.2 54.3 23.4 15.1 16.6 20
71.6 21.6 70 61.4 36.6 22.2 19.8 13.5 73.7 70.2 111.2 0.9 3.9 2.9 22 18.8 4 -0.8 11.8 29.5 13.1 22 19.5 57.1 26 17.4 18.2 22
65.4 11 59.6 52.8 31 20.1 17.1 9.6 69.5 66.7 108.5 -1 3.6 2.8 21.6 17.2 2.7 -1.5 11.8 33.5 16.3 25.4 22.4 60 28.6 20.5 20.6 25
59.7 1.4 50.1 45.1 25.2 17.2 14.2 5.6 65.1 62.8 105.1 -3.8 2.9 2 20.5 14.9 1.3 -3 10.8 37.1 19.4 28 24.6 61.6 30.5 22.7 23.7 27.9
58.3 -2.4 43.6 40.1 22.5 17.5 13.6 4.4 62.8 61.4 103.9 -4.7 4.8 2.8 20.9 14.5 1.5 -3.3 11 40.8 22 30 26.1 62.3 31.5 23.9 27.9 30.7
60.1 -2.7 38.7 36.6 23 21.2 15.5 5.4 62.2 62.3 105 -2.7 9.1 5.4 22.8 16 3.1 -2 13 44.5 23.7 31.5 26.7 62.4 31.8 24.3 31.8 32.9
62 -3.8 35.2 34.3 24.5 25.4 17.7 6.2 62.3 63.3 106.9 0.8 13.1 7.8 24.4 17.5 4.7 -0.1 15.4 46.9 24.1 32 26.8 61.6 31 23.9 33.9 33.5
62.5 -5.1 34.7 34.3 25.6 27 18.4 6.2 62.5 63.2 107.4 3.3 14.2 8.7 24.5 17.9 4.8 0.5 16.2 47 23.5 31.4 26.3 60.1 29.2 22.3 34.4 32.6
60.9 -6.6 34 33.9 24.8 26.2 17.3 4.9 61.7 61.6 106.4 4.2 13.5 8.8 23.6 17.2 3.9 -0.1 15.8 47.6 24.2 31.2 26.5 59.7 28.5 21.5 35.3 32.4
57.6 -10.6 27.8 29 21.8 25 15.5 2.5 58.9 59 105.3 4 13.4 8.7 23.1 16.5 3 -0.8 16 51.8 27.8 33.4 28.9 61.9 30.5 23.6 38.9 35.1
56.1 -11.9 24.4 25.8 20.5 24.9 15.1 1.7 57.5 58.3 105.5 3.2 14.4 9.1 23.7 16.6 3.1 -0.8 16.7 55.9 31.8 36.4 31.9 64.9 33.2 26.4 42.5 38.5
59.2 -5.1 31.1 30.6 23.7 26.1 17.3 4.6 60.7 60.9 107.4 2 15.1 10 25.5 17.9 4.5 0.1 17 55.5 32.6 37.2 32.6 65.4 33.8 26.7 42.9 38.9
64 6 41.4 38.6 28.3 27.9 20.4 8.5 65.5 64.3 109.3 0.8 15.3 11.2 27 19.6 6.3 1.5 16.7 51.3 29.8 34.9 30.4 63 31.8 24.3 40.8 35.9
67.5 15.3 48.9 45 31.2 29.2 22.5 10.9 68.7 66.4 109.9 -0.2 14.6 11.8 27.6 20.6 7.3 2.1 16 46.6 26.4 31.9 27.7 60.1 29.5 21.6 38.2 31.9
69.2 19.2 54.8 50.1 32.8 28.8 22.9 11.9 70.6 67.9 110.1 -0.7 13.2 11.5 27.4 20.9 7.4 1.9 14.9 43.6 25 30.6 26.6 59.3 29 20.5 36.2 28.9
69.1 18.5 60.7 54.1 33.6 25.9 21.3 11.8 71.3 68.5 110.3 -1.2 10.6 9.6 26 20.3 6.3 0.7 13.2 41.8 24.7 30.5 26.3 60 29.2 20.3 34 27
67 16.3 63.8 55 32.6 20.7 17.5 9.6 69.7 67 109.4 -2.6 6.1 5.5 22.7 17.7 3.9 -1.9 10.9 39.6 23.5 29.7 25 59.9 28.5 19.5 31.5 25.8
63.6 13.9 61.5 52.3 30.6 15.8 13.5 6 66.5 64.3 107.5 -4 1.4 1.3 18.7 14.1 1.1 -4.5 9.3 37.2 21.1 27.8 23.2 58.7 27.2 18.3 30.9 26.1
62.4 13.9 59.7 51.4 30.5 13.7 12.1 4.3 65.1 63.6 106.7 -4 -1 -0.8 16.7 11.9 0 -5 8.9 34.5 18.6 25.4 21.3 57 25.9 17.1 31.7 26.9
65.5 19 65.7 57.4 34.6 14.5 14.3 6.5 68.4 66.2 108.1 -2.3 -0.9 -0.5 17.2 12.3 0.9 -3.5 8.9 30.7 15.9 22.4 18.9 54.7 23.8 15.4 31.4 26.3
68.2 22.2 70.9 63.3 38.9 16.4 16.5 8.6 71.4 68.8 110 0.2 0.4 0.2 17.7 13.7 2.1 -1.7 9.4 28.6 14.1 19.9 17.3 52.8 22 14.4 30.6 25.6
66.3 17.4 66 60.9 38.6 17.3 15.6 7.1 69.6 68 110.3 2 1.6 0 16.4 13.9 1.6 -1.4 10.5 30.5 14.6 19.8 17.8 52.8 22.3 15.5 30.9 26.1
62.2 8.2 57.1 54.5 35.2 17.1 13.2 4 65.6 65.1 109.4 2.4 2.2 -0.7 14.8 12.9 0.3 -2.4 11.3 35 17.7 22.8 20.2 55.2 24.6 18.1 32.9 27.1
59.6 0.3 50.6 49.3 32.4 17.2 11.9 2.3 63.1 63 108.9 2.1 3.1 -0.6 14.7 11.5 -0.3 -3 12.1 39.6 21.2 26.5 22.5 57.9 27.1 20.5 35.7 27.8
58.7 -3.6 45.2 44.6 30.7 18.3 11.6 0.9 61.6 61.9 108.9 1.7 4.7 0.1 15.3 10.2 -0.3 -2.8 13 42.3 22.3 27.6 22.4 58.2 27.3 21 36.4 26.7
58.3 -5 38.7 39.3 29.9 20 11.3 -1.2 59.9 60.9 109 2.5 6.5 0.8 15.7 9.6 -0.6 -2.2 14.5 42.8 20.9 25.8 20.2 56 25.4 20.2 34.1 24
58.4 -6 33.4 35.5 30 22.1 11.3 -3 58.6 60.1 109.1 4.6 8 1.2 15.7 9.9 -0.7 -1.5 16.6 42 18.9 22.9 18 53.1 23.5 19.3 31.9 21.6
59.1 -6.7 32.2 35.1 30.3 23.2 11.4 -3.8 57.8 59.2 108.5 5.6 8 0.4 14.8 9.9 -1.4 -2 17 40 16.7 20 16.4 50.3 21.7 17.8 30.6 19.8
58.2 -9 31.2 34.1 28.7 22.4 10.6 -5.1 55.8 57.1 106.8 4.3 6.8 -1.2 12.9 8.3 -3.2 -4.1 15.2 38.9 15.5 18.4 15.4 48.7 20.1 16.3 30.9 18.5
54.2 -15.1 24.2 28 24.4 20.8 8.4 -7.8 51.5 53.8 104.7 3 5.8 -2.7 10.5 5.7 -5.4 -6.2 13.3 41 17.2 19.2 15.7 49.5 20.4 16.6 33.8 19.2
51 -18.4 19.4 23.6 21.6 19.3 7 -9.4 49.1 52.5 103.9 2.9 5 -3.4 9.1 3.8 -6.6 -7.1 12.2 43.3 19.3 20.5 16.5 51 21.6 17.6 35.9 20.3
53.1 -12.9 25.4 27.9 24.2 19 8.5 -7 51.8 55.2 105.2 3.2 4.4 -3.3 9.7 4.2 -6.1 -6.7 11.6 41.8 18.8 19.8 15.8 50.6 21.3 16.8 33.6 18.6
58.7 -2 36.2 36.5 29.6 20.6 12.1 -2.8 56.6 59.3 107.5 3.3 4.7 -2.5 11.5 6.6 -4.7 -5.5 12 38.1 15.8 17.6 13.6 48.2 19.3 14 28.5 14.7
63.8 8.1 44.9 44.1 34.3 23 15.5 0.7 60.6 62.6 109.7 3.4 6.1 -1 13.3 9.6 -2.9 -3.8 12.8 35.1 13.3 16 11.8 46 17.2 11.4 24.6 11
66.6 13.7 52.2 50.5 38.1 24.6 17.7 3.4 64.1 65.3 111.7 4.4 7.6 0.7 14.7 12.1 -0.9 -1.9 13.5 34.6 13.7 16.9 12.4 46.1 17.1 10.8 23.6 9.6
67 15.3 58.9 56.6 40.6 23.6 18.1 5.4 67 67.2 113.1 5.4 7.4 1.2 15.3 12.9 0.1 -1.1 12.9 35.1 15.9 19.1 14.5 47.7 18.3 11.2 24.1 9.8
65.3 15.3 62.8 60.2 40.9 20.5 16.5 5.5 67.9 66.8 112.4 4.9 4.9 -0.4 14.3 11.4 -1 -2.6 10.5 34.9 17 20.1 15.7 48.4 18.5 10.6 24 9.4
63.1 13.9 61.8 59.2 39 17.5 14.1 4.2 66.4 64.7 110.5 3.7 1.7 -2.7 12.4 9.1 -3.5 -5.4 7.7 34.3 16.3 19.4 14.9 47.6 17 9.1 23.1 7.8
62.7 13.4 60.8 58 37.9 16.3 13 3.4 65 63.5 109.4 3.5 -0.5 -4.2 11.3 8 -5.3 -7.3 5.7 33.1 14 17.5 12.6 45.5 14.4 6.8 21.2 4.8
65.8 17.6 67.1 62.5 40.2 17.3 14.2 5 67 65.2 110.6 5.5 -1.4 -4.1 11.7 8.8 -5.3 -7.5 4.7 30 10.8 14.5 9.6 42.7 11.4 3.7 18 0.9
68.9 20.9 72.8 67 43.2 19.6 16.1 7 69.8 67.7 113.1 9.1 -0.6 -2.9 12.9 10 -4.1 -6.4 5.2 28.1 9.1 12.3 8.5 41 9.9 2 16.7 -1
67.1 16.3 67.5 63.2 42.2 20.6 15.4 5.7 68.6 67 113.6 10.7 0.4 -2.7 12.8 9.2 -3.9 -6.4 6.1 29.9 10 12.3 9.6 41.4 10.2 2.8 18.9 0.2
61.5 5.9 56 54.5 37.2 18.6 11.9 1.3 64 63 110.7 7.4 0.1 -4.5 10.6 6.5 -5.7 -8.4 5.3 33.1 12.5 13.9 11.5 42.7 11.3 4.1 22.4 2.3
56.8 -3.5 46.9 46.5 32.3 16.4 8.6 -2.7 59.6 59 106.4 0.7 0 -6.2 8.6 3.9 -7.8 -10.9 3.8 35.8 14.9 15.8 12.8 43.7 12.2 4.6 25.1 3.4
55.4 -7.6 41.3 40.7 29.7 17.2 8.1 -4 57.4 57.1 103.7 -4.7 2.3 -5.5 8.6 3.1 -8.5 -11.7 3.7 38.4 16.5 17.2 13 44 12.4 4.6 26.9 3.7
56.8 -7.2 37.1 37 29.9 21.7 10.5 -2.5 57.5 57.8 104.5 -4.8 7.2 -2.1 11.1 4.8 -7.1 -9.5 6.3 42.2 17.9 18.5 13.3 44.5 12.7 5.5 29.7 5.1
59.2 -5.9 34.5 36.1 31.7 27.5 14 0.5 59 60.2 108 0.1 12.5 2.6 14.8 8 -4.5 -5.7 10.4 46.4 19.9 20.5 14.6 45.8 13.9 7.2 33.6 7.7
61.1 -4.7 35.1 38.1 33.8 31.2 16.5 3.2 60.7 62.4 111.4 5.6 15.4 5.9 17.6 10.7 -2.3 -2.9 13.2 49 22 22.4 16.4 47.2 15.6 8.5 36.4 9.9
61 -5.9 35 38.4 33.9 31.8 16.8 3.6 60.9 62.8 112.6 8 15.9 7 18.8 11.9 -1.3 -2 14.4 51 24.5 24.6 18.7 49.3 17.8 10.1 38.3 12.2
57.3 -11.9 28.1 32.4 30 30.4 15.2 0.6 58.1 60.3 111 6.8 15.1 6.6 18.4 10.9 -1.5 -2.7 15 54.8 27.6 27.2 21.8 52.4 20.8 13 41.3 16.2
53.6 -15.7 22.5 26.9 25.6 28.5 13.4 -2.7 55.3 57.4 108.3 3.9 13.6 5.2 17 8.9 -2.7 -4.8 14.1 56.7 28.9 28.4 23.3 54.1 22.1 14.4 42.6 18.4
55.6 -9.5 27.8 30.5 26.5 28.8 14.7 -1.4 56.7 58 107.8 2.3 13.2 4.8 16.6 8.6 -3.1 -6.1 12.1 54.3 27.5 27 22.5 52.8 20.4 12.2 39.5 15.9
62.9 3.5 39 40 32.3 32.8 19.7 3.9 62 62.1 110.7 4 15.8 7.1 18.4 11.4 -1.4 -4.9 11.4 51.1 25.5 25 20.5 50.2 17.6 8.6 35.1 11.5
69.7 14.6 47.9 48.2 37.6 36.5 24.7 8.9 66.9 66.1 114 6.8 18.9 10 20.5 14.6 0.5 -2.9 11.8 49.3 24.2 23.2 18.3 48.2 15.8 6.2 31.6 8.4
72.2 18.2 53.3 52.7 38.9 35.7 25.8 10.3 68.5 66.8 114.5 7.3 18.7 10 20.1 14.6 0 -3 10.6 47.5 22.9 21.3 16.2 46.8 14.9 4.9 28.2 6.4
70.6 16.1 56.9 54.1 36.6 30.5 22.8 8 67 64.3 111.7 4.7 14.6 6.1 17 11.1 -3.1 -6.1 6.9 44 20.5 18.7 13.5 45.3 13.8 3.2 24.3 4.1
66.9 12.9 58.4 53.2 33 24.1 18.3 4.2 63.9 60.4 107.4 0.4 9.1 0.9 12.7 6.5 -7.3 -10.6 2.2 39.8 17.6 15.7 10.6 43.2 11.7 1 20.5 1.6
63.5 10.4 56.3 50.3 30.3 20.3 15.1 1.2 60.9 57.5 103.9 -2.9 6.1 -2.3 9.7 3.6 -10.2 -13.5 -0.6 37.7 16.1 13.5 8.6 41.4 9.9 -0.5 18.8 0.4
63.1 10.9 56 50.2 31.1 20.6 15.4 1.5 60.9 57.9 103.5 -3.2 6.8 -1.8 9.7 3.6 -10.1 -13.4 -0.6 37.3 15.8 12.7 7.8 40.7 9.6 -0.8 18.8 0.3
67 16.7 63.6 57.4 36.4 23.5 18.6 5.4 65.5 62.2 106.2 -0.9 8.7 0.3 12.1 5.8 -7.8 -11.4 0.8 35.6 14.7 11.9 6.9 40 9.3 -1.4 17.5 -0.5
70.1 20.4 69.5 63.6 40.8 26.5 21 8.5 69.8 66.1 109.3 1.8 10.1 1.7 14.1 8.2 -5.6 -9.4 2.5 33.8 13.4 11.2 6.3 39.8 9 -1.5 16.1 -0.5
67.7 15.3 63.9 60.2 39.1 27.1 19.7 6.8 68.7 65.3 109.7 2.9 10.3 1.4 14 8.6 -5.4 -8.7 3.7 34.9 13.7 11.8 7 40.7 10.3 0.4 17.1 2.2
61.8 4.2 52.9 51.4 33.6 25 15.7 2.4 64 61.4 107.6 2 9 -0.4 12.2 6.7 -6.9 -9.5 3.8 37.6 15.6 13.6 8.7 42.7 12.9 3.7 19.5 6.3
56.9 -5.7 44.2 43.7 29.1 21.8 12.4 -1.2 59.8 57.9 105.3 0.7 7.4 -2.3 10.4 4.5 -8.3 -10.5 3.5 39.4 17.3 14.9 10.2 44.2 14.8 6.4 21.1 9.3
55.1 -9.6 38.4 38.5 27.5 20.7 11.8 -2.6 57.6 56.6 104.9 0.9 7.4 -2.6 9.8 3.7 -8.4 -10.2 4.6 40.3 17.6 15.2 10.5 44.8 15.6 8.1 21.6 10.4
56.7 -8.1 34.4 35.9 28.7 23.5 14 -1.3 57.8 58.2 107.2 3.7 10.3 -0.2 11.8 5.7 -5.9 -7.5 8.4 42.1 17.9 16.2 11.1 45.7 16.7 10.2 23 11.8
60.1 -5.9 32.3 35.5 31.4 28.1 17 1.4 59.6 61.2 111.2 7.7 14.3 3.5 14.9 9.2 -2 -3.9 13.4 44.3 18.7 17.6 12.7 47.2 18.4 12.6 25.1 14.1
62.4 -5.6 32.9 36.4 33.1 30.1 17.9 2.7 60.9 63 113.3 9.5 15.5 4.9 16 11 -0.3 -2.8 15.7 44 18.4 17.3 13.1 47.3 18.8 13.1 24.9 15.2
61.4 -8.5 31.9 35.3 31.6 28.6 16.2 1.1 59.8 62.2 111.9 8.2 13.7 3.5 14.8 10 -1.6 -4.3 15 42.6 17.5 16.3 12.8 47.2 18.5 12.6 23 15.5
57.4 -14.5 25.2 29.2 27.3 26.2 14 -1.9 56.7 59.8 109.5 6.3 12.4 2.4 13.6 8.4 -2.9 -5 14.8 44.7 19 17.8 14.5 49.5 20.7 14.9 23.6 18.1
55.4 -16.2 21.6 26 25.2 25.4 14 -2.6 56.1 59 109.4 5.9 12.8 3.2 14.2 8.5 -1.9 -3.3 16.2 48 21.7 21 17.7 53.3 24.7 18.7 25.5 21.5
59 -8.9 29.1 32.2 28.6 26.6 16.8 1 60.3 61.7 112.1 7.6 13.8 5.1 16.4 11 1 -0.2 17.7 47.5 22.1 22.2 19.2 55.2 26.7 20.1 24.6 22.3
65 2.3 40.2 41.6 34.1 28.8 20.2 5.8 65.6 65.8 115.5 10.3 14.5 6.2 18.6 14.2 3.5 2.1 18.4 43 19.6 20.1 17.5 53.6 25.4 18.3 20.5 19.9
68.9 10.6 47.6 47.7 37.5 30.1 22 8.1 68.3 68.5 117.3 11.8 14.2 5.8 19.1 16 3.9 2.3 17.6 38 16.3 16.8 14.4 50.1 22.4 15.3 15.6 15.9
69.6 13.2 52.5 51.5 38.3 29.3 21.4 8 68.7 69.1 117 11.1 12.4 4.4 18.1 15.5 2.6 0.6 15.5 34.6 14.1 14.7 12.6 47.8 20.2 13.5 12.4 12.9
67.5 11.6 56.5 54.5 37.3 25.4 18.5 6.2 67.8 67.5 114.7 8.1 8.4 1.5 15.5 12.7 -0.1 -2.3 12.1 31.8 12.6 13.4 11.7 47.2 19.2 12.6 9.8 11.1
63.5 9.4 58.4 55.3 35.1 19.5 14.3 3.7 65.4 64.4 110.9 3.8 3 -2.8 11.9 8.6 -3.7 -6.1 8.1 28.8 10.6 11.7 10.4 46.8 18.3 11.7 6.6 10.2
59.7 7.9 56.5 53.3 33.1 15.1 11.1 1.8 63 61.9 108.2 0.9 -0.4 -5.9 9.1 5.8 -6.2 -8.6 5.8 27 9 10.3 9.5 46.5 17.7 11 4.6 10.3
59.7 9.4 56.2 52.9 33.7 14.9 11.3 2.8 63.4 62.3 108.7 1.2 -0.3 -5.9 9.2 6.4 -5.9 -8.6 6 26.2 8.2 9.5 9.1 46.1 17.3 10.3 4 10.7
64.8 16.2 64.2 59.5 38.5 17.6 15 7.2 68 66.5 112.1 4 1.5 -4 11.6 9.5 -3.4 -6.5 7 23.6 6.9 8.1 8.2 45 16.4 8.8 2.2 9.1
69.7 21.7 71.7 66.3 43.5 20.9 19 11 73 71 116.2 7.4 3.1 -1.8 14.2 12.4 -0.5 -3.8 8.7 21.1 6 7.2 7.9 44.7 16.5 8.8 0.2 8
