0.44681 0.69907
0.44101 0.7037
0.43907 0.7037
0.43714 0.70139
0.44101 0.68519
0.45068 0.6412
0.45841 0.5787
0.47002 0.50463
0.47582 0.42361
0.48743 0.34491
0.4971 0.27778
0.4913 0.22685
0.48936 0.1875
0.48936 0.15972
0.4913 0.15509
0.49323 0.15972
0.49323 0.18519
0.4971 0.24074
0.50677 0.30556
0.4971 0.38194
0.47776 0.46296
0.46422 0.54398
0.45841 0.62269
0.46615 0.68056
0.45841 0.72685
0.45068 0.74537
0.44874 0.75231
0.45648 0.75694
0.44681 0.75926
0.43907 0.72685
0.4294 0.66204
0.41973 0.59028
0.41973 0.5162
0.4236 0.44444
0.41973 0.37269
0.41586 0.31019
0.41393 0.26157
0.41006 0.23148
0.41006 0.2037
0.41006 0.18056
0.41199 0.1713
0.41779 0.17593
0.42166 0.20139
0.43327 0.24769
0.44681 0.31713
