94.2 28.6 74.2 72 78.5 48.8 44.5 28.3 90.4 94.6 135.3 16.5 34.3 39.2 56.7 37.2 33.7 26.3 32.2 61.7 43 53.5 48.9 83 51.6 44.3 61.6 51.6
97.4 29.1 75.4 74.4 80.7 51.1 48.7 32.4 94.1 99.2 139.8 19.4 39.2 45 62.2 42.8 39.5 32.7 39.9 71 52.1 62.6 57.9 92.6 61.2 54.4 71 62.4
97.2 26.8 73.5 73.9 81.2 49.8 49.5 33 95 100.6 141.8 21.4 41.1 48 64.6 45.5 42.3 36.5 45.1 79.2 59 69.4 64.2 99.7 68.6 61.8 80.1 71.2
95.4 26 73.1 73.8 80.5 47.9 48.8 32.4 95.2 100.2 141.6 22.8 41.2 48.9 65.1 46.4 43.1 37.4 46.4 83.6 61.8 72 65.9 101.6 71.2 63.6 85.3 75.1
93.2 24.9 74.7 74.6 78.2 46.9 47.3 31.1 95 98.7 139.8 23.2 40.3 47.3 63.9 45.1 41.7 35.3 43.8 81.6 59.8 69.4 62.3 98 68.2 60 83.6 72.9
90 21.2 75.7 74.2 73.6 44 42.7 27.1 92.1 94.7 135.3 20.8 35.6 41.4 58.6 39.5 36 29.5 36.9 70.9 50.9 59.9 52.9 88.7 59.5 51.4 73.7 64.3
87 18.5 75.8 73.1 69.1 38.9 35.3 21.1 87 89.1 129.2 15.8 27.1 31.9 49.8 31 27.3 21.5 28.1 55.3 38.1 46.9 41.1 77.4 48.6 41.2 58.9 52.7
84.3 17.6 73.6 70.5 65.3 33.7 27.4 15.2 81.3 83.5 123.5 10 18.3 22.7 41.2 23.3 19.1 14.4 21.1 43.1 27.9 37.1 32.7 69.4 41 34.1 46.6 43.6
80.4 15.4 69.1 66.3 60.6 29.7 21.2 10.2 76.2 78.5 118.5 4.3 12.4 16.7 35.2 18.1 13.7 9.3 16.6 39.6 24.6 34.2 29.9 67.1 38.5 31.6 42.6 40.5
76.6 13 66.5 63.6 55.6 28.3 19.5 7.9 73.9 75.5 114.9 0.1 11.2 15.7 33.2 16.4 11.8 6.8 13.9 43 27.3 36.8 31.1 68.7 39.1 31.9 47.5 42.8
75.4 14.8 68.5 64.3 53.6 29.9 22.2 9.4 75.3 75.6 113.8 -1.2 14 18.4 34.7 17.3 12.9 6.5 12.9 47.1 30.8 40.2 32.5 70.2 39.7 32 54.7 46.5
77.4 21.5 73.7 67.5 56.8 32.8 26.6 13.1 79.1 78.5 116.1 0.9 17.9 21.7 37.4 19.3 15 8 13.7 47.7 31.7 40.7 32.4 69.7 39.5 31.3 58.3 48.2
80.4 27.4 78.9 71.7 64.3 36 30.1 16.9 83.2 82.7 120.5 5.7 21.3 24.2 39.8 21.4 17.3 10.5 16.2 46.4 31.1 39.4 32 69 39.5 31.3 58 48.2
79.2 27.4 79.2 73.3 69.9 37.8 30.6 17.3 84.4 84.1 122.7 9.6 22.3 24.6 40.2 21.7 17.6 11.6 18.1 45.2 29.8 37.5 31.1 68 39 31.4 55.3 46.7
73.2 23.3 74 70 69.4 36.7 28.4 13.7 81.1 80.9 120.7 9.7 20.5 22.3 37.9 19.4 15.1 9.7 17.4 44.8 28.6 35.6 29.3 66.5 37.4 30.6 51.7 43.9
68.1 18.8 66.6 63.9 65.3 34 25.8 9.6 76.2 76.9 117.6 7.8 18.8 20.3 35.7 16.8 12.5 7.4 16.2 46.9 29.5 36 28.8 66.3 37.3 31.2 51.3 43
68.3 14.5 60 57.8 62.3 32.4 24.7 7.5 72.8 75 116.6 6.8 19.4 20.6 35.1 15.6 12.2 7.2 16.9 51.4 32.4 38.7 30.4 68.2 39.4 33.6 54.5 44.7
73 11.8 57.4 55.3 62.7 32.9 25.5 8.1 72.3 75.9 118 7.7 21.4 22 36 16.1 13.4 8.5 18.4 54.2 33.7 40.4 31.6 69.2 40.9 35.1 56.9 45.8
78.7 13.1 59 57.2 65.5 35.1 27.5 10.6 73.8 78.2 120.6 10.1 23.2 23.5 37.1 17.3 14.8 10.1 19.7 52.8 31.8 38.9 30.6 67.9 40 33.9 55.5 44.6
82.5 16.5 61.4 60.3 68.6 37.9 30 13.6 76.4 80.6 123.7 13.8 25.2 25.2 38.7 19.2 16.4 12.2 21.6 50.4 29.6 37 30.1 66.9 39.3 33.1 54.1 45
83.6 16.6 62 61.6 70.3 40.2 31.9 15.5 78.6 82.7 126.8 18.5 27.5 27.1 40.9 21.4 18.6 15 24.4 51.2 30.7 38.3 32.5 69.2 41.5 35.7 57 49.9
80.5 10 58.1 58.2 67.7 39.3 30.7 13.5 77 81.5 126.7 21.2 27 26.2 40.4 20.9 18.1 15.3 24.8 53.2 32.1 40 34.5 71.7 43.5 38.5 59.9 54.4
73.4 0.7 49.5 49.9 60.5 33.7 24.3 6.4 70 75.3 121.4 18.3 20.9 20.5 34.7 15.4 12.9 10.6 20.2 51.2 29.1 37.4 31.6 69.4 41.2 36.8 56.8 52.4
67.4 -4.2 43.4 43.5 54.2 27.6 17.5 -0.7 63.1 68.6 114.8 11.2 12.8 13.5 28.1 8.8 6.8 4 14 45.1 22.8 31.4 25.6 63.8 36.1 31.9 48.9 46.3
66.8 -3.5 44.2 43.8 53 25.3 15 -2.5 61.4 66.7 111.6 4.2 9.2 10.3 25.3 6.1 4.2 0.6 10.9 39 18 26.8 21.3 59.3 32.1 27.6 41.9 40.5
71.6 1.2 51.4 49.5 56.2 27.2 16.9 0.9 64.7 69.5 112.3 0.7 11.5 11.8 26.6 7.7 5.4 0.7 10.9 35.9 16.3 24.7 19.6 56.7 29.1 23.8 37.4 34
78.4 9 61.2 57.3 61.2 31.3 21.1 6.4 70.3 74.1 115.6 1.9 16.8 16 30.1 11.6 8.5 3 11.9 36.2 17.5 25.4 19.8 56.3 27.6 20.9 35.7 27.1
82.3 16.2 67.8 63.1 65.4 35.5 25.5 10.6 74.8 77.8 119.4 6 21.8 20.3 34 15.5 11.9 6.1 13.9 40 21.5 29.2 22.8 59.1 30 22.3 38.1 25.7
81.4 17.6 68.4 64.6 66.7 37.5 27.6 11.9 76.2 79.1 121.6 9.9 23.5 22.4 36.4 17.8 14.1 8.6 16.5 45 26.6 34.7 28.1 64.6 35.9 28.1 43.3 31.6
79 14.9 67 63.9 66.7 36.8 27.7 11.5 75.9 79.2 122.4 12.3 21.8 22.1 36.8 18.3 14.7 9.7 18.1 47.5 29.8 38.5 32.3 69.5 41.1 33.7 46.8 39
79.3 15.9 68.8 65.2 68.2 36.8 28.6 12.6 77.2 80.7 123.8 14.6 20.5 22.2 37.6 19.2 15.7 11 19.1 47.5 30.6 39.7 33.8 71.9 43.1 35.7 47.7 43
84.2 24.2 75.8 70.7 72.5 40.3 32.8 17.1 82.1 84.9 127.2 17.6 23.3 25.5 41.1 22.7 19.1 14.2 20.8 47.6 31.4 40.4 34.6 72.9 43.6 36.1 48.1 44.3
91.5 33.5 84.4 77.8 77.5 46.1 38.9 23.4 88.5 90.4 131.3 20.2 29.4 31 46.4 27.6 23.5 18.6 23.5 49.3 33.7 41.7 36.1 73.8 44.4 37 48.9 44.6
95.6 35.9 87.2 80.3 79 49.4 42.2 26.6 91.3 92.4 132.7 19.8 33.4 34.1 49.2 29.7 25 20.2 24.9 51.2 35.2 42.1 36.7 73.8 44.5 37.4 48.7 43.2
93.9 32.8 82.8 76.7 75.9 48.5 41 24.8 88.7 89.9 130.5 16.4 32.6 32.8 47.7 27.5 22.7 18.2 23.7 52.2 35 41.6 35.8 72.6 43.6 36.7 47.9 41
89 27.9 74.5 70.2 71.3 45.5 37.4 20.3 83.5 85.6 127.1 12.8 29.4 29.6 44.2 23.8 19.2 15.2 22 53.3 34.8 41.6 35.3 72.1 43.5 36.5 48.6 40.7
83.8 21.5 65.5 63.5 67.5 42.6 34 15.9 78.6 81.9 124.4 10.4 26.4 26.9 41.1 20.6 16.6 13.4 21.3 55 34.7 42 35.3 72.1 43.8 37.3 49.9 42
79.8 14.8 59.3 58.9 64.8 40 31.4 12.9 75.4 79.4 122.2 8.2 23.8 24.7 38.4 18.2 14.8 12.1 20.5 54 32.3 39.8 33.3 69.7 41.4 36 47.7 40.5
77.6 11.8 56.7 56.4 62 37.6 29.1 10.5 73.2 77.4 119.7 5.8 20.6 21.7 35.1 15.6 12.6 9.7 18.2 48.2 26.2 33.4 27.7 63.5 34.9 30.5 40.5 33.8
77.2 12.4 55.5 54.6 58.4 35.6 26.4 8.2 71 75.5 117.3 4.6 17.6 18.6 31.9 13 10.3 6.7 15.4 41.2 19.8 26.9 22.4 57.4 28.4 24.1 33.7 26.4
78 11.8 54.5 53.5 56 34.8 24.6 7.1 69.4 74.6 116.9 5.8 16.7 17.3 30.9 12.1 9.6 5.4 14.5 39.3 18.3 25.9 21.9 56.7 27.3 22.6 33.6 24.8
77.4 7.2 52.4 52.3 55.7 34.5 24 6.8 68.5 74.4 117.8 7.6 17.5 17.9 31.9 12.8 10.4 6.6 15.7 43.2 21.8 30 25.5 60.4 30.9 25.6 39 28.6
74 2 48.6 49.3 55.4 33.4 23.3 5.2 67.1 72.9 116.9 6.8 18.1 18.4 32 12.7 10.4 7.5 16.2 47.4 25.2 33.6 27.9 62.6 33.3 27.8 41.9 31
71.4 1.2 47.3 47.9 55.6 33.6 23.8 4.1 67 72 115.2 4.5 18.5 19 32 12.7 9.9 7.4 14.9 48.3 26 34.3 28 62 32.6 26.8 39 29
73.6 4.8 52.1 51.7 58.5 37.2 28.1 6.8 70.7 74.5 116 3.5 20.4 21.5 34.8 15.4 11.5 8.1 14.5 47.5 26.2 34.8 28.4 61.4 31.6 25.3 34.6 25.6
80.9 11.5 62.6 60.9 64.9 42.6 34.8 13.5 77.7 80.4 120.1 4.8 23.8 25.7 40 21.1 15.6 10.7 15.9 46.8 27.3 36.2 30 62.2 31.9 24.8 32.9 23.6
89.5 20.5 74.7 71.9 72.9 45.6 40.1 20.8 85.1 86.7 124.9 7.2 27 29.2 45 26.9 20.2 13.8 17.7 46.5 29 37.9 32.2 63.9 33.2 24.7 33.8 23.3
93.7 26.9 81 77.8 77.5 43.5 40.1 23.7 88.6 89.5 127 9.3 27.8 30 47 29.5 22.4 15.3 17.8 47.1 30.9 39.6 34.1 65.3 34.7 24.9 35.2 23.9
92.1 26.6 79.7 76.4 76 38 35.6 21.5 87.6 88.1 126.1 10.2 25.5 28.1 45.6 28.3 21.6 14.5 15.9 48.9 32.8 41.7 35.7 66.4 36.3 25.8 36.5 25
89 23.3 76.7 73 71.4 34.4 31.9 18.8 85.2 85.6 124.6 9.8 22.7 26.5 43.7 26.4 19.9 12.8 13.8 51 34.5 43.8 37 67.2 37.1 26.8 37.8 25.5
88.7 24.3 76.8 72.5 68.2 35.7 32.4 19.1 84.8 84.8 124.1 8.4 22 26.8 43.8 25.9 19.3 11.6 13 51.5 34.8 44.3 37.2 66.8 36.2 26.4 37.5 23.6
91.9 30.9 81.5 76.2 68.8 40.6 36.3 22.6 87.2 86.7 125 7.9 23.6 28.8 45.9 27.1 20.3 11.8 13.7 49.9 34 43.1 36.4 65.4 34.1 25 35.2 19.7
95.6 36.4 87.5 81.3 72.2 45.4 40.6 26.4 90.9 89.5 126.1 10 25.9 30.8 48.4 28.9 21.9 13 14.7 47.9 33.3 41.9 35.5 64.1 32.4 23.8 32.2 15.8
94.9 34.1 86.9 80.8 72.3 46.1 40.2 25.1 90.3 88.4 124.3 11.7 24.4 29.4 47.2 27.4 20.6 11.7 12.8 45.1 31 39.1 32.4 61.4 29.6 21.1 28.2 11
88.5 26.3 77.4 72.2 66.1 41.4 34.3 17.7 83.7 82 118.8 8.9 17.9 23.4 41.2 21.1 14.9 6.5 7.3 41.2 26.3 34 26.7 56.5 24.8 16.3 22.7 4.7
80.6 18.2 64.7 60.6 57.1 35.4 27.8 9.2 75.5 74.5 113 2.2 11.7 17.3 34.7 14.8 8.9 1.3 3.1 39.3 23.3 30.5 22.9 53.2 21.7 13.4 19.1 0.4
75.7 11.3 55.2 52.3 50.9 31.9 24.7 4.9 70.6 70.7 110.9 -3.5 10.6 15.6 32.2 12.8 6.7 0.1 4.2 41.6 24.6 31.5 24 54.3 22.8 14.9 20.3 1
75.5 8.1 52.9 51 51.7 32.3 25.7 6.3 70.9 72.1 113 -4.1 14.2 18.5 34.2 15.1 8.9 2.6 8.8 45.5 27.8 34.6 27.4 57.3 25.5 17.9 23.7 3.4
78.4 10.4 56.1 54.8 58.5 34.7 28.6 10.4 74.2 76.3 117.5 0.1 18.7 22.3 37.5 18.4 12.4 5.9 12.7 46.5 28.8 35.5 28.3 57.6 25.9 18.1 24.5 2.2
80.1 13.7 58.3 57.7 65.4 35.9 29.8 12.4 76.1 78.7 121 5 20.8 23.9 38.9 19.7 13.8 7.3 13.7 44.7 27.2 33.7 26.3 54.9 23.6 15 21.3 -2.8
79.4 13 57 57.4 67.6 35.6 29.2 12 75.7 78.7 122.2 7.3 21.3 24.1 38.8 19.4 13.5 7.6 13.5 44.6 26.9 33.1 25.4 54 22.9 13.3 19 -6.4
78 8.3 53.7 54.4 65.2 35.3 28.6 11.3 74.5 78 122 6.7 22.4 24.7 39.3 19.6 13.8 8.6 14.8 48.4 30 35.9 28.2 57.4 25.9 15.9 21.1 -5
76 3.4 49.2 49.6 59.6 34.2 27.1 9.8 72.1 76.2 120 3.4 22.7 24.6 39 19.1 13.3 8.6 15.7 52.2 32.6 38.6 31 60.6 28.5 18.7 24.2 -2.7
74 1.6 46.6 46.7 54.7 32.5 24.7 7.3 69.1 73.6 116.9 -0.5 21.1 22.7 36.7 16.9 11.2 6.4 13.5 51.8 31.5 37.6 29.9 59.7 27.2 17.5 24 -4
73.8 2.1 48.6 49.2 54.6 32.2 23.6 6 68.1 72.8 115.5 -1.2 19.5 21 34.3 15.2 9.5 4.2 10.1 48.3 28.5 34.3 26.6 56.1 23.5 13.8 21.2 -8
76.7 5.1 55.4 56.4 59.1 34.7 25.4 7.8 70.6 75 117.1 2 19.8 21.1 33.9 15.6 9.8 4.4 8.4 44.7 26 31.6 24.1 53.2 20.6 10.5 18.6 -11.7
81 10.9 64.4 64.2 64.1 37.9 28.7 11.2 74.8 77.9 119.8 6 21.4 22.4 35.3 17.3 11.3 6 8.4 41.9 24.7 30.6 23.4 52.3 19.6 8.6 17.2 -13.8
82.3 14.9 68.7 66.9 65.3 39 29.9 12.2 76.5 78.3 120.6 6.8 21.5 22.4 36 17.6 11.4 6.4 8.1 40.4 24.3 30.9 23.4 52.7 20.1 8 17.7 -14.4
79.4 13.4 66.3 63.8 61.9 37.2 27.8 9.8 74.3 75.7 118.6 4.2 19.8 20.8 34.9 15.9 9.6 4.6 6.8 41.1 25.3 32.6 23.9 54 21.6 8.5 20.1 -13.2
76.8 10.1 63.4 61 58.5 35.5 26 7.6 72 73.4 116.5 1.4 18.8 20.2 34.1 14.8 8.2 3 5.7 43.6 27.8 35.1 25.4 56 23.3 9.5 23.7 -10.9
77.9 11.2 64.3 62.1 58.1 36.3 26.8 8.2 72.3 73.5 115.7 0.5 19.6 21.8 34.7 15.4 8.5 2.6 5.4 45.6 29.7 36.6 26.6 56.9 23.5 9.2 26.2 -9.5
81.6 17.3 68.6 65.9 60.6 39 29.4 10.6 74.5 75 116.5 1.5 21.2 24.4 36 16.7 9.6 3.4 5.5 45.1 29.4 35.7 26.1 55.9 22 7.4 26.5 -9.9
85.4 22.6 73.3 69.8 64 42.2 32.2 12.8 76.9 77 118.3 3.9 23 26.6 37.7 17.9 11 5 6.4 43.2 28.7 34.2 25.2 55 20.9 6.7 25.7 -9.8
86.1 22.1 72.9 69.4 64.3 43.5 32.5 12.2 76.6 77 119 5.7 23.4 26.6 37.9 17.7 10.9 5.5 7 41.9 28.3 33.2 24 54.9 20.9 7.3 25 -8.7
83 17.3 66.5 63.8 60.7 41.6 29.4 8.4 72.8 74.1 117.8 6 21.3 23.7 35.5 15.3 8.6 4 6.2 41.6 28.1 32.6 23 54.9 21.4 8 24.8 -7
77.6 10.5 56.8 55.3 55.7 37.4 25 3.2 67.3 69.9 115.8 6.1 18.3 19.8 32.1 11.7 5.8 1.9 4.6 43 28.3 32.7 23 55.5 22.4 9.1 25.8 -5.2
70.5 1.8 46.5 46 50.1 32.8 20.7 -2.2 61.4 65.1 112.9 5.3 16.1 16.3 28.8 7.8 3 -0.6 2.3 44.6 28 32.1 22.9 55.6 22.7 9.5 26.7 -4.4
64.2 -4.8 40.7 40.8 46.6 30 18.6 -5.3 57.7 61.8 110.5 3.7 15.7 15 27.3 5.5 1.5 -2.4 1 44.5 26.2 30.5 21.7 54.5 21.8 8.6 26.4 -4.6
63.3 -4 42 42.6 48.4 30.3 20 -4.3 58.5 62.6 111 3.4 17.2 16.5 28.4 6.7 3 -1.4 2.7 43.2 24 29.1 20.6 53.6 21.2 8.2 26.3 -3.7
67.6 0.6 45.1 46.6 53.1 31.1 22.2 -1.7 61.2 65.9 113.6 4.7 18.6 18.4 30.1 9.6 6.1 1.8 6.4 42 22.6 28.7 20.7 54 22.2 9.1 27.8 -0.7
72.3 1.5 45.5 47.4 56.2 29.2 22.1 -0.7 62.9 68.3 116 6.5 18.8 18.9 31 11.7 8.6 5.1 10.2 42.9 23.5 30.3 22.9 56.9 25.5 12.3 31.5 5.1
73.1 -3.8 42.1 44.5 56.4 24.6 19 -2.3 62.3 68.7 116.9 7.3 17.7 17.6 30.5 12 9.7 7.2 12.8 45.7 26.1 33.3 26.5 61.6 30.2 17 36.4 12.2
69.5 -9.8 36.8 40.5 54.1 19.2 13.7 -5.9 59.5 67 115.8 4.9 15.2 14.8 28.6 10.6 9.3 7.1 13.3 47.7 27.5 35.5 29.1 64.9 33.5 20.9 39.4 17.2
65.9 -11.3 34.9 39.7 52.5 16.6 10.6 -7.8 57.9 65.9 115.1 1.6 13.3 12.9 27.3 9.7 9 6.7 13.1 47.7 27.2 36 30.1 66.3 34.9 22.8 39.9 19.4
65.9 -9.5 39 43.2 52.7 18.3 12.4 -6 59.5 67.3 116 1 13.8 13.9 28.3 10.8 10.2 7.5 13.6 46.3 26.1 35.3 30.1 66.5 35.4 23.3 39.4 20.4
68.6 -6.5 46.6 48.4 52.7 21.5 16.4 -3 62.4 69.1 116.4 2.2 15.3 15 29.8 12.1 11 8.2 13.6 42.5 23.5 32.7 28 65.1 34.4 21.7 37.6 20.3
70.5 -1.9 54 52.9 51.2 23.1 18.4 -1.6 64.5 69.6 115.2 2.4 15.3 14.1 29.7 12.1 10.6 7.7 12.1 36.9 19.8 29.4 24.6 62.9 32.4 19 35.1 20
69.5 2.1 56.9 53.9 48.8 22.1 17.2 -2.6 65 68.8 114 1.7 13.5 11.7 28.1 11.3 10.1 7.2 10.6 33.3 17.3 27.9 23.5 62.5 32.4 18.5 35 22.3
66.7 1.9 55.2 52 47.3 20 14.3 -4.7 64.3 67.9 113.7 1.1 11.5 9.8 26.5 10.7 10.2 7.3 10.6 33.8 18.1 30 26.3 65.2 35.9 21.8 38.7 28.1
65.6 -0.2 53.8 50.9 48.1 19 12.9 -5.1 64.2 68.3 114.4 0.9 10.5 10 26.8 11.2 11.4 8.3 12.5 37 21 33.7 30.6 69.7 40.8 26.8 43.4 34.4
67.8 1.5 55.6 52.8 51.6 20.5 14.6 -3.1 65.7 70.6 116.1 1.4 10.6 11.6 28.7 12.7 13.2 10.1 14.8 39.6 22.9 35.5 32.6 72.1 43.6 29.9 45.2 37.7
72.9 8.5 61.4 58.4 57.6 24 18.9 1.1 69.2 74.7 119.1 3.4 12 14.1 31.7 15.1 15.3 12.7 17 40.6 23.2 34.8 32.1 71.8 43.8 30.5 44.6 38.6
78.3 15.1 68.8 65.4 64.2 28.3 23.6 6 73.8 79.2 122.8 7.2 15 17.2 34.9 18.3 17.6 15.5 18.8 41.3 23.5 34.1 31.5 71.4 43.6 30.8 44.8 39.9
79.5 15.4 70.6 67.1 66 29.7 24.8 7.3 75 80 123.6 9.1 16.9 18 35.3 19.7 18 15.6 18.7 41.7 23.6 33.6 30.8 71.2 43.1 30.9 46 41.7
75.8 11.3 64.6 61.8 61.4 27.3 21.8 4 71.1 76.1 120.2 7.2 16 15.8 32.2 17.5 15.5 12.5 16.2 41.8 22.7 32.7 29.5 70.4 42.1 30.4 47.3 43.5
70.5 6 55.1 53.3 54.6 24.3 18.1 -0.4 65.7 71.2 115.6 3.9 14.2 13.7 28.7 13.8 12.3 8.9 14.1 43.2 22.7 32.9 29.3 70 42.4 30.8 49.2 46.1
66.2 -0.7 46 45.3 49.4 22.9 15.8 -3.9 61.2 67.7 112.7 1.8 13.1 12.9 26.9 10.6 10 6.9 13.9 45.4 23.5 33.8 30 70.2 43.4 32.1 50.9 48.7
64.4 -6.4 40.9 40.9 46.8 22.9 14.6 -6.2 58.5 65.4 111.3 1.2 12.4 12.4 25.9 8.4 8.4 5.5 14.2 45.3 22.6 32.9 28.9 68.8 42.5 32 50.4 48.9
65.2 -7.5 40.2 40.6 46.1 23.7 14.2 -7.3 57.7 63.9 110.6 1.3 11.6 11.5 24.7 6.7 6.7 4.2 13.3 41.7 19 29 24.8 64.7 38.8 29.4 47.5 47.2
65.6 -6.9 39.5 40.4 44.9 23.4 12.9 -8.5 56.6 62.2 109.7 1.5 10.2 9.6 22.6 4.2 4.6 2.4 11.2 37 14.3 23.6 19.5 59.7 34.1 25.6 44.4 45.5
63 -10.3 35.8 37 41.8 20.6 9.8 -11 53.6 59.2 107.6 1 8.2 6.5 19.2 0.2 1.6 -0.2 8.9 34.3 11.2 19.6 15.8 56.5 30.9 23.2 42.5 45.1
58 -18 29.1 30.4 37.3 16.2 5.6 -15.3 48.4 54.7 104.3 -0.5 5.9 3.1 15.4 -4.5 -2 -3.3 6.5 34.4 10.5 18 13.9 55.2 29.6 22.7 41.8 44.9
52.8 -24.5 22.2 23.5 33 12.4 1.7 -19.9 42.6 49.9 100.3 -3.9 3.7 0.1 12.1 -8.3 -6 -6.7 3.9 35.9 10.7 17.4 12.7 54.4 28.9 22.7 41.6 43.9
51.5 -24.7 20.8 22.2 32.6 11.9 1.4 -21.2 40.7 48.1 98.3 -7.6 3.6 -0.3 11.3 -8.6 -7.8 -8.4 2.6 37.5 11.6 17.9 12.9 54.4 28.8 22.9 42.7 44
55.3 -19.8 26.6 27.9 37.1 15.8 5.4 -17.7 44.5 51 99.8 -8.8 6.5 2.6 13.8 -5.4 -5.9 -6.9 3.6 38.6 13.3 19.2 14.3 55.6 29.8 23.7 45 46.3
62 -12.5 36.6 37.4 44 21.2 10.9 -11.7 51.2 56.3 103.7 -7.1 10.3 6.7 17.7 -1 -1.9 -3.6 5.8 38.4 14.3 20 14.8 56.7 30.7 24.1 45.9 48.1
68.7 -3.5 47.8 47.2 50.6 25.7 15.7 -5.8 57.9 61.9 108.3 -3 13.6 10.2 21.5 3.2 2.3 0.2 8.7 37.8 15.2 21.1 15.1 58.1 32.2 25.4 45.8 49.4
72.3 2.9 54.9 52.9 54.5 27.4 18.3 -2.1 61.8 65.8 111.7 1 15.7 12.2 24.2 6 5.4 3.4 11.8 39.7 17.6 24 17.1 61.1 35.6 29 47.8 51.9
71 2.4 55.3 52.5 54.1 25.9 17.7 -2.3 61.8 66.3 112.3 2.1 15.9 12.2 24.5 5.9 6.2 4.6 13.7 43 20.7 27.4 20.5 65 39.9 33.8 51.5 54.9
67.4 -2.1 52.6 49.3 51.8 22.9 15.2 -4.8 59.7 64.7 110.9 0.9 14.5 11 23.1 4.1 5.2 3.9 13.6 44.6 22.5 29.3 22.6 67.2 42.3 36.8 54.5 56.6
65.7 -3.3 51.4 47.7 51.2 21 13.7 -6.8 58.5 63.4 110 -0.3 12.7 9.7 22 2.6 4.3 2.8 12.6 43.1 21.3 28.4 21.7 66.1 41.5 36.1 54.9 56.2
67.5 1.1 53.7 49.5 54.1 21 14.2 -6.3 59.3 64.2 111.4 0.4 11.7 9 22.2 2.5 4.6 3 12.2 39.6 18 25.5 19.1 63 38.8 33.1 53 54.3
70.5 6.3 58.5 53.8 59.4 22.7 16.1 -3.4 62.1 67.2 114.9 3.5 12.2 9.8 23.6 4.3 6.1 5.3 13.4 36.6 15.5 23.2 17.6 60.7 37.2 31.1 50.7 52.7
70.3 7.3 60.4 55.9 62.7 24 16.9 -1.6 63.6 69.2 117.5 6.5 12.9 10.3 24.4 6.4 6.9 7.2 15 35.7 14.9 22.5 17.9 60.2 37.4 31.4 49.5 52.4
66.4 5 56.7 53.5 61 23.3 15.7 -2.7 62.3 68.5 117.1 6.9 13.1 9.7 23.6 6.7 6.3 6.9 15.1 37.1 16 23.2 18.9 60.6 38.3 32.6 50.4 52.9
62.8 2.3 49.7 48.7 55.6 22.3 14.7 -4.7 60.4 67 116.1 7.7 14.2 9.6 23.3 6.2 6 6.5 15.2 41.5 19.4 26.1 21.1 62.9 40.3 34.9 53.4 54.2
62.5 -1.4 43 43.5 49.3 23.2 15.1 -5.8 59.4 66.8 116.8 12.8 17.1 10.8 24.2 6.4 7.1 7.5 16.6 47.3 23.9 30.2 24 66.4 43.3 38.1 57.1 55.7
65.2 -5.5 39.7 40.3 45.3 25.3 15.7 -6.2 58.6 66.7 117.9 19.7 19.4 11.4 24.8 6.8 7.8 8.3 17.2 49.7 25 31.2 23.8 67.4 43.9 38.6 57.4 54.6
67.3 -7.7 39.2 39.3 44.9 26.2 14.6 -7 56.8 65.1 116.5 20.8 18.6 9.8 23 5.2 6.3 6.4 15.2 45.4 20.2 26.5 18.7 63 39.2 34 52.5 49.1
66.4 -8.7 37.3 38.1 45.4 24.6 11.5 -9.5 53.8 61.7 111.9 12.6 14.1 6.3 19.2 1.6 2.7 2.5 12.1 38.2 12.8 19.1 12.3 55.9 32.2 27.6 46.2 42.9
62.5 -12.2 32.9 35.3 44.2 21.1 7.8 -13.2 50.5 57.7 106.2 -0.5 8.3 2.6 15.4 -2.1 -0.7 -1.1 10.3 33.8 8.1 14.6 9 51.7 28.3 24.3 43.5 40.6
57 -19.7 26.3 29.8 40.4 16.3 4 -17.5 47 53.6 101.4 -11.8 3.4 -0.6 12.1 -5.3 -3.6 -3.8 9.6 33.6 7.2 14 8.7 51.3 28.1 24.6 44.7 41.8
51.8 -26 19.8 23.2 35.8 11.8 0.2 -21.3 43.5 50.1 98.5 -17.3 0.3 -3.3 9.3 -7.9 -6 -5.9 8.7 35.2 7.4 14.7 8.9 51.9 28.6 25.6 45.7 42.2
50.1 -25.7 19.2 21.4 35.4 10.2 -0.4 -21.7 42.9 50 98.9 -16.2 -0.4 -3.7 9 -8.1 -6.3 -6.3 8.5 36.3 7.9 15.8 9.7 52.9 29.3 26.3 44.9 40.9
53 -20.9 25.8 26.7 40.7 12.1 3.1 -17.8 46.5 54 102.4 -10.3 0.7 -1.5 11.9 -5.2 -4 -4 9.8 35.7 8.3 16.6 10.9 53.9 30.1 26.7 42.7 39.1
58.6 -15 36 36 48.5 14.6 8 -13 51.9 59 107.2 -2.7 1.9 0.7 15 -1.6 -1.3 -1.1 11.1 32.1 6.4 15.5 10.3 53.2 29.4 25.6 38.7 36.4
64.5 -8 46 45.3 55.5 16 11.8 -9 57.1 63 112.3 4.9 2.5 1.6 16.9 1 0.5 0.8 11.6 27.3 3.5 13.1 8.7 51.1 27.4 23.9 34.2 33.5
68.7 -1.5 52.6 51.8 60.3 17.3 14.2 -5.8 61.2 66.4 117.7 11.5 3.6 2.6 18.4 3.2 2.7 3 12.7 26.3 3.8 13.8 10.2 51.9 28.4 25.1 33.8 33.7
70.9 1.8 55.8 55.6 62.8 19.2 15.7 -2.9 64.8 70 121.9 15.6 5.9 5 21 6.1 6 6.2 15.3 30.9 9.4 19.4 16 57.6 34 30.4 39.2 38.3
72.4 2.2 57.7 58.1 62.8 21.1 16.9 -0.7 67.8 72.8 122.9 15.9 7.9 7.9 23.9 8.9 8.8 8.4 17.6 36 15.6 25.4 21.7 63.3 39.4 35.5 45.1 42.4
74 3.7 59.3 59.2 60.4 22.4 17.7 0.1 69.2 73.2 120.6 14 8.2 8.9 25 9.7 9.1 7.5 16.8 35.8 16.4 26.2 21.8 63 38.9 35 44.5 40.8
76.6 9.1 62.5 60.4 58.5 24.5 18.6 0.7 70.2 72.7 118.4 12 7.2 8.1 24.9 9.3 7.9 5.1 14.3 31.1 12.3 22.4 17.5 58 34 30.3 37.6 34.8
80 15.5 68.2 63.6 60.5 28.4 20.8 3.4 72.6 73.9 118.9 10.6 7.3 8.5 25.7 10.4 8 4.7 13.1 27.1 8.9 19.3 14.4 54.2 30.1 26.6 31.4 30.4
80.9 17.4 71 65.4 63.2 31 23.3 5.7 73.9 74.8 119.4 7.8 8.2 9.6 26.6 11.5 8.5 5.1 12.8 26.4 8.1 18.6 14.3 53.1 28.3 24.7 29.4 29.2
77.6 13.8 66.6 61.6 60.8 28.7 22.5 4 70.9 71.8 115.6 0.6 7.6 9.1 25.2 9.9 6.7 3 11.1 27.4 8.5 18.7 14.8 52.4 26.7 22.8 30.4 28.6
71.4 6.4 56.2 52.3 52.2 22.1 17.7 -1.6 64.3 65.3 107.7 -9.6 4.5 6.5 21.9 6.1 3.2 -1.4 8.3 28.7 9.1 19 15.1 51.9 25.5 21.5 32.3 28.2
65.8 -2.2 45 41.9 42.4 15.6 12.1 -7 58.3 59 100 -17.8 1 3.7 18.9 2.6 -0.1 -5.3 6.6 29.6 9.7 19.6 15.5 52 25.3 21.8 34.2 28.5
65 -6.9 39.9 37.2 37.8 13.9 10.4 -8.3 56.6 57.1 97.2 -19.2 -0.1 3.2 18.9 2.2 -0.7 -5.8 7.2 29.8 9.8 20.2 15.8 52.2 25.5 22.9 35.4 28.3
69 -4.5 42.2 39.3 39.7 17.4 13.1 -5 59.4 60.3 100.4 -13.7 2 5.6 21.9 5 1.6 -3 9.9 29.1 9.3 20.2 15.5 51.8 25.1 23 35.1 26.5
73.2 0.7 46.1 43.2 43.6 22.2 16.7 -1.4 62.9 64.5 105.3 -6.9 5.3 8.7 25.4 8.8 4.7 0.2 12.7 29.1 9 20.1 15.3 51.3 24.5 22 34.4 24.5
73.9 1.9 47.2 44.6 45.3 25.1 18.5 0 64.8 66.6 108.2 -3.6 7.7 10.9 27.6 11.4 6.6 2 14.3 31.4 10.8 21.6 16.8 52.2 25.3 22 35.2 24.5
70.6 -2.6 44.1 42.5 43.4 25.3 17.9 -1 64.2 65.7 107.8 -4.2 8.2 11.5 28 11.7 6.6 1.6 14.3 35 13.7 24.3 19.3 53.7 27.1 23.1 37.2 25.9
66 -7.9 38.8 38.1 39.2 24 15.8 -3.3 61.4 62.7 105 -6.9 6.9 10.4 26.4 9.7 4.4 -0.6 12 37.1 15.3 25.5 20.3 54 27.2 22.9 37.5 25.6
64.3 -8.8 37.7 36.7 37.6 24.5 15.1 -3.8 60.2 61.1 103.3 -8.3 5.7 9.7 25.3 8.4 2.8 -2.3 9 37.4 15.7 25.6 20.2 53.5 26 21.1 36.6 24.1
67.9 -4.8 43.7 41.8 41.8 28 18.2 -0.1 63.9 64.2 105.9 -6.1 7.5 12.2 27.7 11 5 -0.5 9.2 37.8 16.9 26.4 21.5 54.4 25.8 20.4 37.5 24.3
75.4 3.2 55.3 52.3 50.8 32.7 24.2 6.7 71.7 71.2 112.2 -0.8 11.9 17.2 33.3 17 10.5 4.5 13 38.9 18.9 28.8 24.6 57.2 27.6 21.8 40.4 26.6
82.7 12.9 67.4 63.2 59.8 35.1 29.8 13.2 79.8 78.2 118.1 4.5 15.9 21.8 38.6 23.2 15.7 9.4 17.1 39.8 21.2 31.4 27.8 59.9 30.4 24.1 43.2 28.7
85.5 18.7 73.5 68.4 63.6 33.7 31.6 15.7 83.3 81.1 119.9 6.6 17 23.1 40.7 25.9 17.4 10.9 18.3 40.3 23.1 33.5 29.7 61.2 32.8 25.7 44.3 28.5
83.3 16.9 72.1 66.7 61.7 29.2 29.3 13.6 81.3 79.2 117.5 4.4 14.9 21.1 39.5 24.3 15.5 8.6 16 41.1 24.7 35 30.5 61.7 33.6 25.3 44.1 26.4
79.6 12 68.4 62.5 58.3 24.7 25.9 10.3 77.6 75.7 114.3 0.7 12.1 18.4 37.4 21.3 12.8 5.1 12.1 41.9 25.7 36.1 30.5 61.7 32.9 23.3 43.4 23.7
78.6 12 68 61.4 58.1 23.1 24.8 9.4 76.5 74.7 113.8 -0.8 10.9 17.2 36.6 20.3 12.2 3.5 9.8 41.9 25.3 36.4 29.9 61.3 31.5 20.9 42 21.4
82.4 19.5 73.4 66.4 62.7 25.8 27.6 12.8 80.1 78.6 117.8 2 12.7 19.1 38.5 22.9 15 5.7 11.3 41.4 24.9 36.6 30 61.5 31.2 20.5 40.4 20.4
89.1 28 82.2 75.2 69.2 31.5 33.3 19 86.6 85.4 124.5 7.6 17 23.6 42.5 27.8 19.8 10.6 15.3 42 25.9 37.6 32 63.4 32.9 22.5 40.1 20.5
92.9 30.5 86.1 79.8 71.6 35.5 37.1 22.3 90.2 88.8 128.4 11.7 19.9 26.3 44.8 30.4 22.1 13.5 17.2 42.5 26.8 38 33.2 64.5 33.3 23.3 39.6 18.1
90.7 27.6 81.8 76.6 68.4 35.2 35.5 20.2 87.9 86.7 127 12.7 18.8 24.8 43.1 28.1 20 12 14.5 41.8 26.1 36.7 31.9 62.8 30.9 20.4 37.4 11.6
85.2 22.6 72.4 69 63.5 32.7 31 15.4 82.9 82.4 123.9 13.5 16 21.5 39.7 24 16.4 9 10.4 41.8 25.5 35.9 30.6 61.1 28.8 17.2 36 5.9
80.8 17.4 63.5 62.1 60.8 31.8 28.1 11.9 79 79.6 122.2 15.7 14.9 20.2 37.6 22 15 7.7 8.8 44.2 26.8 37.3 31.4 62.1 29.5 17.1 37.4 5
80.8 14.6 60.3 59.8 62.3 34.6 29.6 12.2 78.9 80 123 17.2 16.8 22 38.6 23.4 16.9 8.9 10.5 47.2 28.6 39.3 33 64.2 31.5 18.7 40 7
84.1 16.8 63.4 62.8 67.3 40.5 34.5 16.2 82.5 83.5 126.1 17 21.1 25.9 42.4 27.2 20.7 12 14.4 48.6 29.4 40.1 33.5 65.4 32.9 20 41.1 8.2
86.2 20.9 67.5 66.6 72.2 46.1 39.2 20.5 86.8 87.5 129.8 16.2 25.3 29.4 46.3 30.7 24.5 16 18.6 48.9 29.4 39.7 33.5 65.6 33.9 21 40.2 7
85.2 20.6 68.1 67.5 73.5 47.9 40.5 21.6 88 89 131.5 15.4 26.4 30.1 47.4 31.4 25.8 18.5 21 48.9 29.5 39.2 33.9 65.9 34.9 22.1 38.3 4.8
83.5 14.9 63.9 64 70.7 45.4 37.8 18.7 84.9 87.2 130.2 14.4 23.5 27.2 45 28.7 24 17.6 20.2 48 29 38.4 34.1 66 35.3 22.3 36 2.5
82.8 9.4 57.5 58.7 66.4 41.4 33.4 14 79.8 83.5 126.8 12.6 18.9 22.7 40.9 24.4 20.1 13.8 17 45.8 27.2 36.9 33.2 65.1 34.1 20.9 33.6 0
84.1 8.8 55.6 57 65.3 39.5 31.4 12 77.7 81.9 124.6 11.6 16.7 20.6 38.7 22.5 18.1 11.3 14.4 43.8 25.9 35.5 32 64.5 32.5 19.4 32 -1.8
87 12.5 60.6 61.5 69.2 40.5 33.1 14.4 80.7 84.4 126.3 13.5 18.7 22.5 40.5 24.7 19.8 12.6 14.4 43.3 25.9 35.3 31.9 65 32.2 19.2 32 -2.2
91 19 70.4 70.5 76.1 43.3 36.4 19.4 86.7 89.7 131.2 18.4 22.3 26.2 44.6 29.2 23.8 16.4 16.6 43.4 26.3 35.5 32.4 65.5 32.8 19.6 32.1 -2.7
95.1 27.3 81.4 80.4 83.1 46.4 39.8 24.7 93.3 95.6 136.7 24.2 25.4 29.8 48.7 33.7 27.9 20.7 19.5 43.9 27.1 36.6 33.5 66.5 34.2 20.8 32.1 -3.2
97.2 33.1 87.6 85.8 86.4 48.4 42.2 27.7 97.6 99.2 139.8 26.2 27.6 32.1 51.2 36.6 30.9 23.7 22.2 45.8 29.5 39.3 36.2 69.2 37.3 23.5 33.8 -2.2
96.2 32.2 86.9 84.7 84.6 47.5 42.4 27.4 97.9 98.9 138.8 21.9 27.8 32.4 51.4 37.2 31.9 24.7 23.4 48.3 33 42.9 40 73.3 41.1 26.9 37.2 0.5
93.6 27.1 83.5 80.8 80 43.4 40.5 24.6 95.4 96 135.3 14.7 25 30.2 49.5 35.5 30.6 23.4 22.2 48.2 34.1 44.4 41.9 75.6 43.1 28.5 38.1 1.8
91.3 24.6 81.4 77.9 75.8 38.4 37.7 21.6 92.6 93.1 131.9 9.1 19.6 26.4 46.5 32.7 28 20.8 19.7 44.2 30.5 41.6 39.6 73.8 41.3 26.6 33.3 -1.3
91.6 28.4 83.5 78.9 74.9 35.8 36.8 21.4 91.9 92.6 131 7.7 15.6 23.9 45.2 31.7 26.8 19.3 18.4 39.6 25.6 37.1 35.7 70.4 38.4 23.7 26.1 -6.4
94.9 34 89 83.4 77.9 36.6 39.1 24.6 94.6 95.3 133.6 11 16.4 24.8 47.3 33.9 29 21.2 20.4 38.5 24.3 35.5 34.3 69.5 38.2 23.5 22.4 -9
97 35.6 91 85.6 80.2 37.5 40.8 26.7 96.5 97.3 136.4 15 19.9 26.8 49.8 35.7 31.6 23.7 23.3 40.1 25.5 36.2 34.8 70.8 39.6 25.1 22.3 -8.5
95 33 86.1 82 78.6 35.7 39.1 24.4 94.5 95.8 136.4 16.2 21 26.5 49 34.5 31.3 24 23.9 41.8 26.6 36.9 35.3 72.2 40.7 26.2 23.2 -6.8
90.7 28.4 77.4 75.1 74.8 33.2 36.3 20.4 90.4 92.7 135.3 16.3 20 25 46.5 32.1 29.5 23.3 23.9 44.5 28.2 38.7 37.1 74.3 42.7 28.3 25.8 -3.4
86.8 21.9 69.1 68.7 72.1 32.3 35 17.5 87 90.7 135.2 17.7 19.3 24.8 45 31 28.7 23.5 25.4 48.2 30.5 41.6 40 77.1 45.8 31.8 30.4 1.7
84.3 15.5 64 65.3 70.7 31.9 33.8 15.7 84.5 89.4 134.5 19 18.2 24.1 43.7 29.7 27.8 23 25.9 48.6 29.8 41.7 39.7 76.8 46 32.6 32.4 3.5
82.6 12.9 61.9 64.3 69.5 31.6 31.5 13.9 82.2 87.6 132.7 19.3 15.6 21.4 41.1 27.2 25.3 20.4 23.4 44 24.7 36.7 34.5 71.7 41.2 28 28.7 -0.5
81 13.7 60.9 63.6 68.3 31.6 29 12.3 80.6 86.3 131.8 20.1 13.1 18.4 38.6 25.1 22.9 18.1 20.3 39 19.3 31 28.8 66.4 35.8 22.5 23.7 -5.4
79 12.5 59.7 62.2 68.1 31.9 27.6 11.1 80.3 86.2 133.1 21.5 12.5 17.3 38 24.8 22.2 18.3 19.3 38.1 18.4 29.9 27.3 65.9 35.4 22 23.6 -4.5
76.2 7.6 56.9 59.8 68.3 31.6 27.3 9.8 80 85.9 133.8 20.7 13.3 17.9 38.5 25.5 22.9 19.4 20.3 41.3 21.8 33.3 30.2 69.5 39.6 26.2 29.4 2.7
73.7 4.2 53.5 57.3 67.7 30.9 27.1 8.5 79 84.3 131.7 15.8 14.4 18.8 39.1 25.7 23.3 18.9 21.6 45.8 25.8 37.4 34.1 72.8 43.7 30.6 37 11
75.3 6.4 54.5 57.8 68.4 31.4 28.1 9.5 80 84.1 128.8 10.1 16.3 20.3 40.2 26.2 23.8 17.8 22.7 49 28.6 39.9 36.7 74.3 45.3 33 41.3 15.8
81 11.3 61.1 62.8 72 34.4 30.7 13.4 84 87.3 128.8 8.5 19.4 22.8 42.3 28.4 25.5 18.3 24 49.6 29.6 40.5 37.8 74.5 45 33.4 40.2 16.1
87.9 16.3 70.6 70.9 77.5 38.7 33.8 18.3 89 92 131.7 11.3 22 24.5 44.4 31 27.4 19.9 24.2 46.5 27.9 38.6 36.9 73.3 43.3 31.8 35.1 13.6
93.8 22.2 79.7 79.1 82.3 41.1 35.7 22.1 92.9 95.6 134.9 14.7 22.4 24.8 45.4 32.5 28.1 20.8 23 41.8 25.1 35.8 35.2 72 41.6 29.5 30.3 12.2
96.4 26.3 83.6 82.3 82.9 39.2 34.6 22.9 94.2 95.8 135.9 15.3 20.2 23.6 44.9 32.3 27.3 20.5 21.6 39.2 23.8 35.1 34.5 72.5 42.2 29.4 28.8 15
93.5 24 80.5 79 78 33.1 29.7 19.5 91.6 92 133.3 12.5 15.5 20.5 42.4 29.9 25 18.4 19.9 38.8 24 36.3 34.7 74.1 44 31.2 29.2 20
87.7 19 75.5 73.8 71.8 27.5 25.3 15.1 87.7 87.4 129.3 9.3 11.6 17.5 39.4 26.7 22.8 15.7 18 39.3 24.6 37.7 35.1 75.3 45.2 32.5 30.9 24.6
84.7 20.4 75.1 73.1 70.5 27.4 27 15 87.2 86.8 128 9.3 12.7 18.3 40 26.8 23.6 15.3 17.3 41.8 26.6 39.6 36.4 76.3 46.2 33.3 35.4 29.3
87.7 29.4 81.9 79.3 75.7 33.5 35.5 20.7 92.3 92 131.2 12.9 19.1 23.8 45.2 31.6 28.1 18.9 19.3 46.6 30.9 42.9 39.5 78.6 48.5 35.1 42.2 35.1
93.6 37.5 91.1 87.5 82.4 41.2 44.3 27.8 98.9 98.8 136.1 16.8 26 30.4 51.3 37.8 33.1 23.8 22.4 50.9 35.1 46.4 42.9 81.4 51.7 37.5 47.7 40.2
95.8 37.6 93.3 89.3 83.3 43.7 46.3 29.4 100.2 100.1 137.5 17 27.3 32.2 52.3 39.5 34.1 25.3 23.1 51.6 35.6 46.5 43.4 82 52.5 38 49 41.8
93.1 32.8 86.8 83 77.5 40.8 41.5 25.2 95.5 95.4 134.3 13.4 23.6 29.3 48.2 36 31.4 23 21.3 50.3 33.8 44.3 41.6 80.7 51.3 37.2 48.2 41.5
89.5 28 77.1 73.9 70.5 38.2 36 20.2 90.1 90.4 130.5 9.5 20.9 26.4 44.8 32.3 29.3 21.1 20.8 51 34.1 44.4 41.8 81.3 52.1 38.8 50.2 44.1
87.3 22.9 68.4 66.2 66 37.8 33.3 17.4 86.8 87.8 128.6 7.6 21.6 26.1 44.6 30.9 29.2 21.1 22.6 54.1 36.7 47.5 44.4 84 54.9 42.4 54.8 49.2
87.1 19 64 63.1 64.8 38.1 33.4 16.9 85.9 87 128 7.3 23.6 27.2 45.7 30.9 29.7 21.6 24.2 55.7 37.9 49.3 45.7 85.3 55.7 43.7 57.6 52.2
88.5 19.2 64.1 64.4 66.3 38.8 35 18.1 86.6 87.3 128.4 8.9 25.1 28.5 46.9 31.7 30.1 22.1 24.5 54.6 36 48 44.3 83.8 53.5 41.7 57.3 52.4
89.1 20.6 64.7 65.8 67.9 39.5 35.8 19 86.4 87.7 129.3 11.2 24.9 28.9 47.1 32 30.3 22.5 24.2 52.7 33.1 45.2 42.2 81.5 51.1 39.4 56 52.7
86.4 16.9 61.6 63.6 66.5 38.8 34 17.3 83.4 86.4 129.1 11.1 23.1 27.7 45.7 30.4 29.2 21.6 23.4 52.1 31.6 43.6 41.2 80.5 50.7 38.9 55.7 54.4
79.8 7.3 53.8 56.7 60.9 35.3 29.3 12 77.4 82.1 125.6 6.8 20.1 24.4 42 26.5 25.8 18.2 21.3 52.8 31.7 42.9 40.6 80 50.9 39.1 55.7 55.7
72.3 -1.2 44.5 48.5 54.4 30.6 23.7 5.5 71.3 76.5 119.7 1.1 17 20.4 37.3 21.7 21.4 13.7 18.4 53.3 32.1 42.3 39.3 79 49.9 38.5 55.2 55.4
69.8 -2.2 42.6 46.1 53.7 29.3 22.3 3.8 70.3 75.4 118.1 0.5 16.9 20.1 36.3 20.3 20.4 12.8 17.9 54.3 33.6 43.1 39.3 79.2 49.8 38.6 55.6 55.4
74.5 2.7 50.4 52.3 60.6 33.3 26.8 9 76 80.4 123.6 7.1 20.9 24.8 40.4 24.1 24.5 17.2 21.3 56.2 36.6 45.6 41.7 81.5 51.7 40.2 57.8 57.1
81.9 9.4 61.8 62.1 69.6 38.7 32.8 15.7 83 86.5 130.7 14.5 25.6 30.1 45.4 29.4 29.2 22.1 25 56.9 38.4 47.4 43.3 82.7 52.9 40.8 58.9 58.1
86.7 15.5 70.3 69.2 74.1 41.7 35.6 18.6 86.3 88.8 132.8 16.4 27.5 31.7 46.9 31.6 30.2 23.1 25.1 55.2 37.4 46.6 42.1 80.9 51.4 38.9 57.4 56.8
85.9 17.6 71.6 69.8 71.7 40.6 34 16.4 84.5 86.1 129.3 12.9 25.9 29.1 44.4 29.5 27.1 20.4 22.2 53 35.6 44.8 39.9 78.4 49.3 36.8 55.5 55.4
81.1 13.6 67.2 65.1 65.5 36.5 29.5 11.7 79.7 81.2 124.4 7.8 22.2 24.7 40.4 25.1 22.8 16.6 19 51.8 35.1 43.7 39.2 77.6 49.1 36.8 55.3 55.7
76.7 7.9 62.9 60.2 60.7 32.8 25.8 8.1 76 77.6 121.6 4.7 19.3 21.4 37.4 21.6 19.8 14.2 17.2 51 35.4 43.2 39.3 78.1 49.8 37.8 55.6 56.7
75.6 7.2 62.1 58.5 60.3 31.9 24.8 7.2 74.8 76.8 121.3 4.6 18.5 20.4 36.1 20.2 18.8 13.6 16.5 49.7 34.8 42.1 38.4 77.6 49.2 37.5 54.3 56
78.3 12.8 65.6 61.7 64.8 34.4 27 9.2 76.6 78.8 123.3 7.4 19.9 21.6 37.1 21.2 20.1 15 16.6 48.5 33.5 41 36.9 76.5 47.8 36.3 52.5 54.6
82.8 19 71.3 67.8 72.3 38.7 30.5 12.6 80 82.6 127.1 12 22.2 24.1 39.5 23.5 22.8 17.9 17.7 48.2 32.9 40.8 36.7 76.1 47.6 35.9 52.2 54.6
84.1 19.5 71.9 69.5 75.6 41 31.3 12.9 80.3 83.6 128.5 14.4 22.5 24.3 39.6 23.7 23.3 18.5 17.8 47.4 31.7 39.8 36.2 75.2 47 35.5 52 54.5
80.4 15.6 65.2 64.1 69.9 39.8 28.3 8.7 75.5 79.4 125 12.1 20 21.3 36.1 20 20 15.3 15.6 46.1 29.7 37.4 34 72.8 44.8 34 50.3 52.8
75.2 9.6 55.2 55.5 57.5 37.5 24.5 3.2 69 72.9 119.2 7.5 17.7 17.9 32 15.5 15.9 11.1 13.1 46.9 29.4 36.4 32.4 71.6 43.8 33.4 49.4 51.8
71.4 2.1 45.9 47.2 44.6 35.3 21.9 -0.8 63.7 67.5 114.5 4.3 17.4 16.4 29.8 12.6 13.2 8.6 12.4 49.7 30.9 37.4 31.9 72.2 44.7 34.4 50.2 52.6
70.6 -3.5 41.2 42.3 38.1 32.9 21.1 -2 61.7 65.2 112.6 3.4 18.4 16.5 29.7 11.5 12 8 13.2 50.5 31.3 37.6 30.9 72 44.8 34.8 50.5 53.1
72.1 -3.5 41.6 41.6 39 30.9 22 -0.9 62.5 65.7 112.9 2.9 19.5 17.2 30.8 11.6 11.9 8.2 14.7 48.3 29.4 35.3 28.7 69.3 42.7 33.4 48.9 51.3
72.2 -1.3 42.4 42.3 42.5 29.6 22.8 -0.2 63.2 66.4 112.8 1 19.4 17.7 31.5 11.9 12 8.2 15.3 45.9 26.8 32.5 26.8 65.9 39.8 31.2 47.1 48.8
68.9 -3.3 40.4 41.3 44.1 28.4 22.1 -1.5 62.2 65.6 111.1 -1.2 18.1 17.3 31.1 11.6 11.7 7.2 14.2 46.3 26.3 31.8 26.8 64.8 38.3 29.9 46.8 47.8
63.8 -10.4 35.2 37.1 42.9 27.4 20 -4.3 59.2 63.3 108.9 -2 16.6 16 29.6 10.2 10.4 5.5 12.1 49.4 27.9 33.5 28.3 66 38.3 29.9 48.1 48.2
60.3 -16 29.2 31.6 40.5 27.4 17.8 -6.9 56.1 60.7 106.6 -3.5 15.9 14.8 27.8 8.7 8.6 3.8 10.1 52.3 29.6 35.3 29.4 67.2 38.6 29.9 49.3 48.1
62.6 -14.7 28.8 30.8 39.9 30.1 17.8 -6.4 56.6 60.7 105.9 -6.8 16.9 15.5 28.2 9.3 8.8 3.8 10.3 53.3 30.6 36.6 29.9 68.3 39.4 30.1 50.1 47.3
69.8 -9.3 35.7 36.2 42.2 34.7 19.8 -2.5 61.1 63.9 107.8 -9.1 19.1 17.9 31.1 12.5 11.2 5.9 12.6 51.3 30.5 37.3 30.3 69 40.4 30.4 50 46.3
76.8 -3.1 46.3 45 46.8 38.3 22.7 2.4 66.4 68.1 111.4 -7.7 20.1 19.5 34.2 16 13.8 8 14.4 46.7 28.3 36.2 29.8 68.1 40.1 29.8 47.7 44.2
79.7 4.1 56.2 53.8 52.2 39.3 25.8 6.6 70.8 72 114.9 -4.1 19.8 20.1 36.3 18.4 15.5 8.9 14.7 42.4 25.7 34.5 28.4 66.2 38.3 28.1 44 41
78.5 10.1 61.5 58.9 56.5 38.2 28.4 9.4 73.8 74.7 117.1 -0.9 19.8 20.9 37.5 19.7 16.6 9.6 14.5 42 26.1 34.9 28.5 66 37.7 27.9 42.7 39.2
76.2 11.3 62.7 60 58.7 36.5 30 10.9 75.4 76 118.6 1.1 19.8 22.1 38.3 20.6 17.4 10.4 14.9 45.6 30 38.3 31.4 69 40.2 30.5 45 40.6
75.8 9.5 63.1 60.4 59.1 35.3 31.1 11.1 76.2 76.4 119.2 2.7 18.8 22.5 38.5 20.9 17.4 10.6 14.7 48.8 33.3 41.5 34.3 72 42.8 33.1 47.1 42.3
77.5 10.4 64.1 61.7 57.8 34.6 31.1 10.4 76 75.7 118.2 3.4 17 20.9 37.2 19.6 15.8 8.9 12.6 47.4 31.9 40.2 33 70.4 41 31.6 44.8 40.1
81.5 16.1 67.7 65.3 57.7 34.9 31.7 10.6 76.8 75.8 117.2 3.6 16.5 19.4 36.3 18.6 14.3 6.9 10.1 43.4 27.7 36.1 28.9 66 36.3 27.3 39.8 35.5
88.1 22.9 74.1 71.1 61.5 37.8 34.8 13.9 80.7 79 119.3 5.2 19.1 20.7 38.2 20.3 15.5 7.7 10.1 41.7 26.2 34.1 27.2 63.6 33.9 25.1 37.7 33.8
92.5 24.8 76.9 72.8 64.9 40.4 37.4 16.6 83.6 81.4 121.2 5.6 21.9 22.5 39.9 22.4 17.1 8.8 11.4 42.8 27 34 27.8 63.4 33.8 25.3 38.3 34.8
90.6 21.7 71.8 66.8 63.3 39.1 35.6 14.9 81.1 79.2 118.9 2 20.8 20.7 38 21.4 15.6 6.7 10.6 43.7 27 33.2 27.2 62.4 32.8 24.8 38.2 34.7
84.6 15.7 61.3 57.3 58.4 34.9 30.7 10 75 74.1 114.3 -3.1 16.8 16.5 33.9 17.6 11.6 2.5 8.1 44.2 26 31.9 25.9 60.9 30.9 23.8 36.8 32.8
79.8 9.1 51.3 49.7 54.3 31.9 26.7 5.8 70.4 70.2 111.7 -5.6 14.1 13.5 31.3 14 8.3 -0.4 6.5 45.2 25.3 31.6 25.7 60.5 29.8 23.6 36.1 31.1
79.5 5.7 47.9 48 54.2 32.3 26.8 5.7 70 70.3 113 -4.7 14.5 13.9 31.8 13.4 8.3 -0.1 7.2 45.9 25.1 31.7 26.5 60.9 29.8 24 36.9 31
82.9 7.9 50.8 51.2 57.1 35.1 29.9 8.9 72.8 73.1 115.8 -2.9 16.9 16.5 34.2 16 10.8 2.2 9 45.2 24.4 31.2 26.3 60.6 29.6 23.6 37.6 31.5
85.8 12 54.1 53.9 59.1 37.8 32.4 11.8 75.1 75.3 116.9 -2.5 18.9 18.5 36.2 18.8 13 3.8 10.4 44.2 23.2 30.2 25.5 59.6 28.8 22.4 37.8 31.5
86 11.5 54.2 53.5 59.1 38.5 32.4 12 75.3 75.5 116.2 -2.7 19 18.7 36.6 19.8 13.5 3.6 10.8 44.5 23.2 30.3 25.8 59.5 29 21.8 38.7 31.1
83.1 5.4 50.5 50.2 58 37 30.2 9.5 73.3 74 114.9 -2.5 17.3 17.4 34.9 18.5 12.5 2.1 10.4 45.7 24.3 31.7 27 60.2 29.6 22.2 39.7 29.8
78.4 -0.8 44.7 45.8 56.1 33.7 26.3 5.2 69.5 71 112.8 -3.1 14.4 14.6 31.4 15 9.7 -0.4 8.9 45.6 24.5 32 26.5 59.6 28.7 21.9 38.1 26.9
76.3 -1.5 42.8 44.8 54.1 31.8 24.2 2.9 67.5 69.1 111.2 -4 12.9 12.9 29.2 12.1 7.4 -1.9 7.4 44.3 23.8 31 24.9 58.2 27.3 21 35.3 24.3
79.6 3.1 48.2 49.4 53.9 34.6 26.6 5.5 70.4 70.7 112.4 -3.4 14.7 15.1 31.2 13.4 8.4 -0.1 8.3 44.1 24.1 31 24.6 58.5 27.7 21.1 34.9 24.6
87.2 10.7 59 58.1 56.8 41.1 32.4 11.9 77.1 75.2 116.5 -1.1 18.8 20 36.3 18.4 12.5 4.3 11.2 45.1 25.7 32.2 26.1 60.1 29.4 22 36.6 26.3
95.2 20.1 70.9 67.8 62.8 47.4 38.5 19 84.3 80.9 121.9 1.8 23.1 24.9 41.7 24.2 17.2 9 14.4 46.3 28.2 34.1 28.2 62 31.3 22.9 38.1 26.9
98.3 26 77.5 73 67.6 49.9 41.5 22.5 87.7 84.6 125.4 3.3 25.5 27.3 44.3 27.6 19.8 11.6 16 47.7 31 36.4 30.6 64.2 33.2 24.2 39.2 26.7
94.2 23.3 75.7 70.9 66.7 47 39.1 20.2 85.6 83.3 124.1 1.5 24.1 25.7 42.4 25.9 18.3 10.2 14.4 48.6 32.4 37.8 31.5 65.7 34.4 24.9 39.9 26
87.3 16.7 70.7 65.7 62.2 41.9 34.1 15.6 80.9 79.4 120.2 -1.4 20.5 21.5 37.9 21 14.4 6.5 10.7 47.7 31.3 37.1 29.9 65.1 33.8 23.9 39 23.7
83.3 15.7 69.3 64.3 59.9 40.6 32 13.6 78.6 77.8 118.6 -0.9 18.7 18.9 35.2 17.7 12.5 4.8 7.9 45.6 28.8 34.9 27.2 62.7 31.7 21.5 37.1 19.9
84.6 21.9 73.5 68.8 62.1 45.1 34.8 15.8 80.9 80 120.6 3.9 20.2 19.9 36.1 18.4 14.2 6.6 7.7 43.8 26.6 32.8 25.7 60.5 29.8 19.4 35.5 16.9
89.7 28.1 80.1 75.6 66.5 52 39.7 20 85.7 83.9 124.3 9 22.7 23.1 38.9 21.5 17.9 10.1 9.3 43.3 26 32.1 26.1 60.2 29.6 19.1 35.4 15.7
93.2 28.4 81.8 77.2 68.3 55.6 41.6 21.8 87.8 85.5 125.5 9 22.8 24.6 40.3 23.4 19.5 11.9 10.5 43.5 26 31.8 26.4 60.7 29.9 19.5 36 15
91.7 24.9 76.3 71.4 65.1 53 38.4 18.7 84.9 82.9 122.7 3.4 19.7 22 38.5 21.7 17 10.6 10.1 43.5 25.2 30.9 25.5 60.6 29.5 19.1 35.9 13.6
86.7 19.8 66.6 62.4 58.9 46.8 32.5 13 79.5 78.3 118.6 -2.9 15.7 17.7 35.2 17.9 13.4 8.2 9.1 44.2 24.8 30.5 24.8 60.8 29.4 18.9 36.2 12.8
81.8 12.7 57.2 54.6 53.2 41 27.8 8.1 74.9 74.5 116.2 -5.2 13.3 14.5 32.4 14.7 11.4 7.2 8.9 45 24.6 30.6 25 61.5 30.1 19.4 37.5 12.8
79.6 6.6 52.2 51.4 51.2 37 25.6 5.7 72.8 73 116.7 -2.5 12.1 13.1 30.4 13.3 11.2 7.4 9 43.7 22.5 28.8 24.2 60.8 29.7 18.4 37.5 11.2
79.6 5.6 51.8 52.4 52.7 33.4 25 5.1 72.9 73.5 118.7 2.3 10.7 12 28.8 12.9 11.6 7.9 8.4 39.4 18 24.5 20.6 57.2 26.6 14.3 34.1 6.5
79.5 7.5 52.2 53 54.8 28.6 23.7 4.4 73 74 119.5 5.1 8.9 10.4 27.4 12.6 11.5 7.6 7.1 35 13.6 20.3 16.5 52.9 22.5 9.5 29.9 1.2
78.3 6.6 51.1 51.6 55.5 23.4 21.4 3.6 72.2 73.6 118.6 4.4 7.5 8.7 26.6 12.4 11 7.1 6 33.9 12.4 19.5 15.5 51.5 21.1 7.8 28.8 -0.8
75.8 1.8 47.9 48.9 54.7 20 19.1 2.7 70.7 72.9 117.3 2.1 6.8 7.7 26.4 12.2 10.5 6.5 5.9 36.3 14.3 22 17.9 53.8 22.9 9.5 31.4 1.5
72.8 -1.9 43.8 46.1 53.8 19.4 17.4 1.5 68.8 72.1 117 1.8 6.3 7.5 26.4 11.9 10.3 6.2 6 39.2 17.1 25.1 21.1 57.2 25.7 12.1 34.9 5.1
73 -0.9 44.2 47 55.7 22 18.6 2.4 69.5 73.3 119.5 6.7 7.3 9 27.9 13 11.8 7.4 6.8 40.9 19.6 27.5 24.1 60 28.2 13.9 37.2 7.6
76.7 2.1 50.7 52.5 60.1 26.2 22.9 5.8 73.4 76.6 123.9 14.6 9.9 11.9 30.6 15.6 14.6 9.9 8.3 40.1 20.5 28.6 25.4 61 29.2 14.4 36.8 7.3
81.2 6.3 59.6 60.1 64.7 29.2 27.3 9.4 77.8 79.9 126.7 18.1 12.1 13.7 32.4 17.6 16.4 11.6 9.3 36.6 18.7 27 24 59.1 27.6 12.5 33.2 3.7
84.3 12.6 67.9 67.4 68.2 30.4 29.5 11.9 81.2 82 126.8 14.6 12.5 13.9 32.8 18.4 16.5 11.6 8.9 32.4 15.6 24.4 21.5 56.5 24.6 9.3 28.8 -0.8
84.9 17.6 71.9 70.8 69.5 29.7 28.9 12.2 82.4 82.2 125 7.5 10.9 12.9 32.3 18.2 15.5 10.6 7.6 30.4 13.9 23.2 20.6 55.5 23 7.7 26.9 -3
83.2 17.4 71.4 69.5 68.5 27.7 26.5 10.7 81.3 80.8 122.8 1.1 8.5 11.5 31.5 17.3 14.3 9 6.2 31.4 14.7 24.5 22 56.9 24.1 8.7 28.2 -1.8
82.7 15.3 70.9 68.1 68.1 27 25.3 10.4 81.1 80.4 122.5 -1.3 7.6 11.4 32 17.1 14.5 8.8 6.1 34 17.8 27.4 24.6 59.8 27 11.3 30.9 1.3
84.8 17.1 72.9 69.5 69.7 28.6 27.1 12.5 83.2 82.1 124.3 -0.6 9.1 13 33.8 18.5 16.2 10.1 7.7 35.7 20.1 29.4 25.9 61.4 29 13.1 31.8 3.3
88.4 23.5 77.6 73.6 72.6 31.6 30.4 15.9 86.6 85.3 126.6 0.6 11.3 14.8 35.8 20.8 17.9 11.7 9.5 34.8 20 29.1 25 60.7 28.8 13 30.2 2.6
92.1 29.7 83.9 79.2 77.2 35 34.2 19.6 90.5 89.2 129.4 2.4 13.4 17 38 23.8 19.9 13.5 11.1 33.1 19.3 28.4 24.2 60.1 28.3 12.8 28.7 1.2
93.5 31.5 86.2 82 81.5 36.9 36.2 21.4 92.2 91.7 131.7 5.1 15 18.6 39.3 25.7 21.4 15.1 12.5 33 19.8 28.5 24.4 60.9 28.8 13.6 29 1.2
91 29.2 81.5 78.5 80.3 35.8 34.7 19.7 89.8 90.2 131.2 6.3 15 18.1 38.3 24.6 20.6 14.9 12.7 34.8 20.7 29.1 25 61.9 30 14.9 30.3 2.5
85.9 23.9 71.9 70.1 71.4 32.6 30.8 15.4 84.6 85.3 127.5 4.6 13.4 15.7 35.6 21.3 17.8 12.7 11.8 37.5 21.8 30.3 26 63 31.5 16.6 32.5 5.4
81 16.2 62 61 60.4 30.4 27.3 11.2 79.6 80 122.9 1.3 11.7 13.8 33.4 18.5 15.2 10.2 11.1 40.4 23.3 32.4 27.5 64.4 32.9 18.6 35.3 9.3
79.5 11 57.3 56.7 55.3 31.6 27 9.6 77.8 77.7 120.2 -0.1 12 14.3 33.7 18 14.8 8.9 11.3 42.5 24.6 33.9 28.2 64.9 33.5 19.5 38.3 12.4
81.6 12.1 58.3 58.3 57.9 35.8 30.1 11.4 79.1 79 120.7 2 14.7 16.9 36.2 19.8 16.4 9.3 12.3 43.2 24.4 33.4 27.5 64 32.6 18.8 41.1 14.1
83.8 15.4 59.6 60.3 62 39.1 33 13.4 80.4 80.3 121.6 4.7 16.8 18.9 38 20.9 17.3 9.8 12.9 42.7 22.8 31.2 26 61.8 30.6 17 43 14.1
83.1 13.7 57.4 58.6 61.5 38.7 32.6 12.4 79.1 78.4 119.6 3.7 15.8 18.3 37.1 19.5 15.6 8.4 11.6 41.9 21.4 29 25.1 59.5 28.8 15.5 43 13.3
79.8 6.3 51.5 52.6 55.2 35.3 29.1 8.3 74.9 73.3 114.4 -0.9 12.5 15.5 33.6 15.8 11.8 4.7 8.5 41.6 21.1 28.1 24.7 58.1 27.6 14.7 40.7 12.5
75 -1.5 43.8 44.3 46.7 31.1 24.1 2.7 68.5 66.6 107.8 -6.9 8.8 11 28.9 10.6 6.6 -1 4.1 41.1 20.2 27 22.8 56.5 25.7 13.4 35.6 10.9
71.7 -4.9 40.4 39.6 41.6 28.9 21.3 -0.5 64.1 62.2 103 -11.1 7.3 8 25.8 6.7 2.7 -5.9 0.3 39.8 18.4 25.3 20.1 54.4 23.3 12 30.1 8.5
71.9 -3.6 44.4 42.2 42.9 30.3 22.8 1 65.5 62.6 102.2 -11.2 9.6 9 26.6 7.1 2.5 -7.1 -0.3 38.8 17.9 24.7 18.9 53.5 22 11.6 28.2 7.7
74.8 1.5 53.5 50.1 48.4 33.7 26.8 5.4 70.9 66.6 105 -7.3 13.8 12.6 30 10.8 5.2 -5.1 1.5 38.2 18.2 25 19.2 53.5 21.9 11.5 29.8 8.9
78.7 9.8 63.4 59.1 55.3 36.6 30.2 9.6 76.7 71.4 109.4 -1.5 16.4 15.9 33.4 14.9 8.1 -2.3 3.7 37.1 18.5 25.3 20.1 54 22.6 11.4 31.9 11
81.5 16.2 68.9 64.5 60.5 37.4 31.4 11.4 80 74.6 113.1 3.6 16.2 17.2 35 17.3 10.2 -0.5 5.1 36.6 19.4 26.3 22.1 55.9 24.8 13.1 33.9 14.1
81.8 16.3 69 65.1 62 35.6 30 10.7 80.1 74.8 114.4 5.7 14.2 16.6 34.5 17.5 10.9 -0.4 5.5 37.5 21.6 29.1 24.9 59.3 28.3 16.6 36.3 17.9
81.1 13.2 67.7 63.8 61.1 33.4 27.8 9 78.6 73.6 113.6 3.9 12.4 15.5 33.3 16.4 10.6 -1.8 4.8 39.1 23.9 31.9 27 62.3 30.7 19.3 38.2 21.1
81.3 13.7 68.2 63.9 60.4 33 27.1 8.6 77.7 72.9 112.2 0.2 12.3 15 32.9 15.5 9.8 -3.3 3.5 39.4 24.1 32.4 26.7 62.4 30.1 19.3 37.9 22.4
83.7 19.4 71.9 67.1 61.7 34.8 29.1 10.5 79.3 74.3 112.3 -1.7 14.1 16.1 34.3 16.3 9.9 -3.3 3.2 38.1 22.9 31.1 25 60.7 27.9 17.8 36.1 22
87.7 25.1 77.6 72.5 64.8 37.7 32.7 14.2 82.8 77.6 114.6 0 16.4 18.1 36.9 18.8 11.5 -1.5 4.4 36.6 22.2 30.3 24.3 59.6 26.8 16.8 35.1 21.6
89 25.3 79.1 73.9 65.7 38.1 33.7 15.4 83.8 79 116.4 1.9 16.4 18.4 37.5 19.8 11.7 -0.8 4.8 35.7 21.7 29.5 23.8 58.9 26.2 15.9 35 21.2
84.9 20.7 73.2 68 62.7 33.9 30.4 11.7 79.8 76.1 114.9 0.6 13.4 15.4 34.5 16.9 9.1 -3.1 3.1 35.2 20.2 28 22.2 57.5 25.2 14.6 34.7 20.9
78 13.8 62.7 58 57.7 27.4 25 5.4 73.3 71.1 111.4 -2.5 9.8 11.5 30 12.3 5.6 -6.2 1.4 36.3 19.2 27.4 21.2 56.9 25.4 14.7 35.1 21.9
72.2 5.9 52.1 48.8 53.8 22.4 20.4 -0.2 67.9 67.1 108.1 -5.2 7.3 8.6 26.4 8.6 3.4 -7.7 1.5 37.7 19 27.4 21.3 57.2 26.5 16.2 35.9 23.9
70.4 0.7 46.6 45.2 52.8 20.8 18.3 -2.8 65.7 65.7 106.6 -6.6 6 7.1 24.9 7.1 2.9 -7.4 2.6 36.9 17.4 25.8 20.3 56.5 25.9 16.6 34.7 24.2
72.6 1.8 47.5 48 54.7 23.3 19.2 -1.9 67.2 66.9 107.8 -6.1 6.3 7.2 25.5 8.1 3.9 -5.6 4.1 34 14.4 22.5 17.8 54.2 23.4 15.1 31.5 22.1
75.6 6.2 50.3 52.3 56.6 27.9 21.3 0.3 69.6 68.9 110.2 -4.2 8 8.4 27.1 10.3 5.3 -4 5.4 31.6 12.1 19.8 16.1 52 21.3 13.7 29 20
76 6.3 50.4 52.6 55.3 30.5 21.9 0.8 70.1 69 110.9 -3.4 9.2 9 27.8 11.1 5.2 -3.8 5.4 31.5 12 19.5 16.2 51.4 21 13.4 28.4 19.2
73 -0.1 45.9 47 50 29.5 19.6 -1.8 67.3 65.6 108 -5.8 8.7 7.7 25.9 8.6 2.6 -5.6 3.6 32.7 12.7 20.3 16.5 51.7 21.3 13.5 29.2 18.9
68.8 -6.8 39 38.8 43.3 27.4 15.4 -6.2 62.3 60.5 103.3 -9.8 6.9 5.2 22.4 4.1 -1 -8.4 1.1 33.6 12.5 20.2 16 51.5 20.7 13.1 29.8 18.5
68.1 -7.5 37 36.2 40.9 29.6 13.9 -7.8 60.4 58.9 101.8 -11.4 6.4 4.6 20.9 2.1 -2 -9 0.6 34 12.6 20.5 15.7 51.5 20.7 13.4 30.8 19.3
71.6 -3.7 42.6 41.5 44.3 36.5 17.4 -4.7 63.7 62.3 105.3 -8.7 8.1 6.9 23.1 4.4 0.7 -6 3.1 34.1 13.2 21.6 16.3 52.4 21.9 14.6 32.8 21.7
76.6 1.6 52.2 50.6 50.6 42.1 23.2 0.2 69.4 67.8 110.5 -4.1 9.5 9.7 26.7 8.2 4.8 -1.8 6.2 32.6 12.8 21.7 16.7 53.1 22.9 15.4 34.2 23.3
81.4 8.6 62.2 59.5 56.3 41.8 27.9 4.7 74.8 72.6 114.6 -0.1 10 11.5 29.7 11.7 8.6 2.1 8.5 30.5 12.1 21.5 17.2 53.8 24 16.3 34.3 24.1
83.7 14 67.8 63.8 58.6 35.3 28.4 6.4 77.4 74.7 116.2 1.9 9.4 11.6 30.9 13.5 10.5 4.3 9.7 29.5 12.6 22.2 18.4 55.6 26.7 18.5 33.1 24.8
81.7 13.3 67 62.2 56.6 25.8 24.1 4.1 75.7 73.4 115.3 1.2 6.7 9.1 28.9 12.1 9.5 4.1 9.6 29.4 13.7 23 19.7 57.8 29.9 21.1 30.7 24.6
78.3 9.4 64.1 59.3 53.8 18.5 19 0.5 72.5 71.2 114.1 -0.6 3.7 5.9 25.8 9.3 7.1 2.6 8.6 29.2 14 23.2 20.4 59.3 31.8 22.7 28.2 23.5
77.2 9.2 63.7 59.1 53.8 17.1 17 -0.6 71.5 71 114.5 -1.3 2.5 4.4 24.3 8.1 6.1 2.3 7.9 28.4 13 22.4 20.2 59.3 32 22.3 26.8 22.7
78.4 14 67.5 63.3 57.8 20.9 19.1 1.7 73.9 73.7 117 0 4.2 5.7 25.4 9.5 7.7 4.4 8.9 27.4 11.4 21.5 19.5 58.7 31.4 21.4 26.5 22.7
79.6 19.2 74.4 70 63.9 26.3 24.4 6.3 78.6 78.4 121.1 3.1 8.3 8.9 28.6 12.9 11.7 8.5 11.7 27.6 11.5 21.8 19.5 59.2 32.3 22.1 27.3 23.6
78.5 20.4 77.5 73.3 66.9 29.2 28.4 8.4 81 80.9 123.3 5.3 12.3 11.2 30.6 15.1 14.6 11.5 14 28.8 12.5 22.3 19.6 60.1 33.7 23.7 28.3 24.1
76.2 17.9 72.6 69.3 63.9 27.9 27.4 5.2 77.9 78.4 121.6 4.1 13 10 28.9 13.3 13.7 10.9 13.6 29.7 12.7 21.9 18.8 60 34.4 24.7 28.1 23.9
74.9 13.1 62.8 60.7 58.2 24.3 22.8 -0.5 72.2 74 119.2 1.9 11 6.8 25.3 9.7 11.2 9.2 12.5 31.2 13.2 22 18.8 60.6 35.6 26.4 28.4 25.4
75.4 7.5 54.2 53.5 54.5 22 18.8 -3.7 68.8 72.1 119.5 2.8 9.1 5.1 23.5 8.1 10.7 9.9 13.8 34.2 15.1 24 20.9 63.4 38.7 29.7 30.8 29.5
77 4.2 51.3 51.8 55.2 22.4 17.8 -2.9 69.5 73.6 122.5 7.1 8.7 5.9 24.5 9.4 12.8 13 16.7 36.4 16.7 25.8 23.4 66 41.2 32.4 33.4 32.7
78 4.8 52.7 54 58.7 24.3 19.1 -0.8 71.5 75.7 124.8 10.6 9 7.4 26.3 11.5 14.7 15.5 18.4 35.7 15.4 24.9 23.3 65.5 40.5 31.7 33.5 32.2
77 5.9 52.8 54.7 61.1 25.4 19.8 -0.6 71.4 75.4 124 10.1 8.1 7.2 26.4 12 14.4 15.3 17.8 33.1 12.1 21.9 21 62.6 37.7 29.1 31.5 30
73.9 2.5 49.3 51.7 59.8 24.3 17.9 -3.1 68.6 72.8 120.8 7.3 5.6 5.1 24.5 10.2 12.4 13.3 16.1 30.8 9.4 19.4 18.9 60.4 35.5 27.5 29.8 29.4
69.4 -5.4 42.4 45.4 55.4 21.5 13.5 -7.5 63.8 68.8 117.1 4.1 2.5 2 20.9 6.6 9.4 10.4 14.2 29.8 8.3 18.4 17.9 59.7 34.7 27.1 29 30
64.6 -12.3 34.6 38.1 50.4 18.3 9 -11.8 58.9 64.6 113.5 0 -0.5 -1 17 2.3 5.9 6.7 11.5 29.7 7.9 17.7 16.7 59 33.6 26.2 28.2 29.7
63.3 -13.1 33 36.3 48.9 17.2 8.3 -12.5 58 63.5 112 -3.6 -0.7 -1.4 16 0.9 4.5 4.4 9.3 30.2 8.4 18 16.4 58.9 33 25.7 27.9 29.2
67.1 -8.7 40 42.4 52.7 20.1 12.9 -8.5 62.4 66.7 113.4 -4.4 2.8 1.8 19.1 3.7 6.4 5.4 9.3 31.1 9.8 19.6 17.9 59.9 33.7 26.3 29 30.2
73.8 -1.7 51.4 53 59.6 25.3 20.2 -2.3 68.9 71.7 116.6 -1.7 7.6 6.3 24 8.5 9.7 8.1 10.8 31.2 10.6 20.3 19.4 60.4 34 26.2 29.9 31.4
80.3 7.1 62.3 62.8 65.9 30.4 26.5 3.4 74.6 76.3 120.4 3.5 11.1 10 28.4 12.9 12.9 10.9 12.4 30.7 11.1 20.2 20.2 60.7 34.1 25.5 30.3 32.1
83.3 13.1 67.8 67.3 67.7 32.8 29 6.2 77.4 78.8 122.8 7.9 12.4 11.9 30.7 15.4 14.7 12.6 13.3 31.8 12.9 21.4 21.5 62.4 35.5 26.3 31.6 33.6
81.5 11.7 66.5 65.4 63.7 31.5 27.1 5.3 76.3 78 121.9 7.6 11.4 11.2 30.1 14.7 13.9 11.8 12.9 34.6 15.7 24.1 23.6 64.9 38 28.5 34.2 36.2
78.3 6.6 62.7 61.4 57.8 28.9 23.6 2.7 73.4 75.2 118.5 2 9.3 9.5 28.1 12.2 11.8 9.3 11.6 36.6 17.9 26.1 24.9 66.1 39.4 29.9 36 37.9
77.1 5.5 61.1 59.4 55.1 27.9 22.1 1.2 71.6 73.2 115.6 -5 8.5 9 26.5 10.4 10.3 7 10.3 36.5 18 25.9 24.2 64.8 38.3 28.8 35.4 36.7
79.5 10.9 64.2 62 57.5 30.4 24.3 2.9 73 74.1 115.8 -7.7 10 10.7 27.2 11.6 10.9 7 9.9 35.4 17.3 25.1 23 62.9 36.2 26.4 33.7 33.6
84.1 17.6 70.7 68 62.5 35.6 29.1 7.2 77.3 77.5 118.9 -4.1 13.2 14.2 30 15.3 13.2 9.3 10.7 35.3 17.6 25.5 23.1 62.5 35.1 24.8 32.9 31.2
86.5 19.5 73.3 70.2 64.1 39.1 31.6 9.5 79.6 79.2 120.8 0.8 15.5 16.3 32 17.3 14.2 10.6 10.6 36.1 18.1 25.7 23.5 62.3 34.3 23.8 32.8 29.9
84.6 17.2 68.3 65.4 60.8 38.3 30.1 7.4 77.5 77.1 119 1.7 15.2 15.6 31.5 15.6 12.7 9.3 9.3 37.3 18.4 25.6 23.7 61.5 33.4 22.9 33.3 29.5
80.4 12.6 59.3 57.2 56.2 35.4 27 3.7 73.3 73.6 116.3 0.2 14.2 14.1 30.4 13 11.3 7.5 8.6 40.1 20.7 27.3 25.4 62.2 34.4 23.8 35.8 31.5
76.4 5.6 50.4 49.6 53.2 33 24.6 0.5 69.7 70.7 115.2 -0.3 13.8 13.3 29.5 11.5 11 6.7 9.1 43.8 23.7 30.2 27.5 63.8 36.3 25.5 38.8 33.8
74.2 -0.6 45 45.7 52.2 31.8 23.1 -1.3 67.6 68.8 115.2 -1 13.4 12.9 28.4 10.6 10.5 6 9.2 44.5 23.8 30.4 27 63.1 35.1 24.6 38.6 32.3
74.6 -1.5 44 45.8 53.1 32.1 22.7 -1.3 67.5 68.3 115 -3.1 13.3 13 27.5 9.8 9.5 5.1 8.2 41.6 20.3 26.9 23.6 59.3 30.5 20.8 35 27.1
76.4 1.3 44.8 47.1 54.7 33.7 23.7 -0.1 68.1 69.1 114.9 -5.5 14.3 14 27.7 9.9 8.9 4.7 7.7 39.3 17.7 23.9 21 56.1 26.7 17.6 32.8 23.2
77.5 1.4 45.1 47.1 55.4 35.3 25.3 0.9 68.3 70.3 115.3 -6.7 16.4 15.7 28.9 11.1 9.4 5.1 8.4 40.8 19.4 24.8 21.8 56.6 26.7 17.8 34.5 23.1
76 -3.4 42.7 44.4 54.1 35.5 25.5 0.4 66.7 70.3 115.3 -7.1 17.6 16.6 29.7 11.6 9.9 5.2 9.4 44.9 23.5 28.1 24.9 59.6 29 20.1 38.4 25.4
72.8 -8.2 38.1 40.2 51.3 34.1 24.3 -1.5 64.4 69.1 114.7 -6.4 17.5 16.5 29.5 11.1 9.6 4.7 9.3 48.6 27 31 27.5 62.3 31.2 22 41.7 27.9
72.2 -7.8 37.5 40.2 50.6 34.3 25 -1.1 65.2 69.8 115.9 -3.8 18 18 30.7 12 10.5 5.7 9.1 50.6 29.4 33.8 29.9 64.7 33 23 44.1 29.8
75.9 -3.2 43.9 46.2 53.2 37.6 28.7 3 69.8 73.6 119.5 -0.3 20.2 21.4 33.9 15.4 13.4 8.5 9.8 50.7 30.9 36.2 31.8 66.3 34.3 23.2 45 30.1
81.5 3.3 54.3 55 57.3 42.3 33.6 8.3 75.5 78.4 122.8 1.5 22.2 24.5 37.2 19 16.4 10.9 10.6 48.5 30.7 36.6 31.9 65.8 33.6 21.7 43.5 28
86.5 10.8 64 63.1 60.5 46.3 37.4 12.6 80 82 124.2 0.6 23.3 26.4 39.1 21.6 18.5 11.6 10.7 46.1 29.9 35.8 31.1 64 31.8 19.5 41.5 25.6
88.2 15.2 68.2 65.9 60.9 47.8 38.2 13.9 81.2 82.7 123.2 -2.3 23.5 27.1 39.6 22.3 19.1 10.8 9.9 46.2 30.5 36 31.1 63.3 31.3 18.7 41.3 24.9
86.5 13.3 66.9 63.7 58.7 46.5 36.6 12.4 79.4 81.1 121.3 -5.1 23 26.4 38.9 21.5 18.5 9.3 8.7 48.5 32.9 38.1 32.7 65.2 33.2 19.8 43.5 26.3
85.1 9.8 65.9 62.1 57.9 44.9 35.7 11.2 78.2 80.4 121.2 -4.9 22.6 25.9 38.7 21.2 18.3 9 8.2 51.1 35.9 41.1 35.4 68.9 36.1 21.7 46.7 28.4
86.4 11.2 67.6 64.3 59.6 45 36.5 11.7 79.3 81.7 122.8 -1.7 23 26.1 39.7 22 19.2 10 8.6 51.7 37 42.5 37.1 71 37.1 22.1 48 28.9
89.8 18.7 71.8 70 62.7 46.6 38.4 13.8 82.8 84.4 125.6 2.8 24 27.4 41.5 24.2 21.2 11.9 9.9 50.3 36.4 42 37.2 70.5 36.1 20.6 46.5 27.3
95.3 27.3 78.6 77.8 67.9 49.3 41.9 18.3 88.7 89.3 130.6 8.8 26.6 30.8 45.3 29 25.6 16.1 13.3 49.6 37.1 42.8 38.4 71 36.6 20.8 44.8 26.5
99.4 30.7 82.6 81.3 72.2 50.7 44.7 22.4 93 93.5 135.3 13.8 28.7 34 48.7 33.4 29.7 20 16.7 50.5 38.7 44.7 40.5 72.8 38.8 22.8 43.9 26.6
97.7 27.4 78.7 76.6 71.3 47.5 43 21.3 91.1 92.3 134.9 13.8 27.3 33 47.7 32.7 29 19.1 16.1 50.8 38.1 44.5 40.4 72.9 39 23 42.5 25
90.4 19.3 67.9 66.2 66.1 40.5 37.2 15 84 86.1 129.9 11.1 22.8 28.2 42.7 27.2 24 14 11.7 50.5 35.8 42.5 38 70.9 36.9 21 41.4 22.5
83 9.9 56.5 56.4 62.7 34.4 31.8 8.7 77.3 81 126.7 11.6 18.9 23.6 38.1 22 19.6 9.7 7.9 50.5 33.9 41 35.7 69.2 34.9 19.1 42 21.1
81.9 6.1 51.8 53.2 66.3 33.5 30.3 7.3 76.1 81.4 129.4 17.8 18 22.3 37.6 21.2 19.1 9.8 7.8 50.3 33.1 40.5 34.8 68.5 34 18.1 42.8 20.5
87.2 10.7 54.7 56.4 73.5 38.6 33.2 11.1 80.2 85.7 135 24.1 20.3 24.9 41.1 24.3 22.1 13 10 49.7 32.7 39.9 34.4 68.2 33.2 17.3 42.9 19.7
92.9 17.4 58.8 59.9 75.8 46.3 38.7 16.2 84.6 88.6 136.5 22.7 24.2 29 45.4 27.8 25 15.2 11.7 50.1 33.1 39.8 34.6 68 32.2 16.5 43.8 19.4
94.7 18.8 60.2 60.5 71.4 52.8 43.6 19.3 85.7 87.5 131.8 12.9 27.3 32.2 47.6 29.2 25.7 14 11.5 52.1 35 41.3 36.3 68.6 32.3 16.5 46.6 21
92.4 14.1 57.4 57.7 64.5 55.3 45.2 18.9 83.2 83.5 124.1 -0.3 27.4 32.7 46.9 27.9 23.3 9.9 9.4 54.8 37.3 43.4 38.1 69.3 32.9 17 49.3 22.7
87 8.2 51.1 52.3 58.6 52.9 42.7 15.4 78.2 78.2 116.5 -11.2 24 29.7 43.6 24.3 18.7 4.4 5.8 55.1 36.8 43.1 37.4 68.2 31.5 15.8 48.4 21.1
83.8 6.7 48.5 50.2 57.3 48.9 40.3 13.2 76.1 76 113.5 -14.3 21.3 27.1 41.4 22.1 15.8 1.8 4 53.2 34.8 41.3 35.4 66.7 29.9 14.6 45.7 17.5
87 10.7 54.3 55.3 61.8 47.7 41.9 16.5 80.1 79.5 117.3 -8.3 22.5 28.4 43.4 24.5 18.1 5.1 6.7 52 34.4 41.3 35.4 67.4 31.1 16 45.5 16.6
94.6 18 65.6 65 69 49.3 46.1 23.2 87.3 86 124.4 0.6 25.4 31.8 47.5 29.4 23.1 10.7 11 51.1 34.8 42.1 36.4 68.9 34 18.3 46.8 18.1
100.6 25.7 75.9 73.7 74.1 50.6 48.7 28.2 92.6 90.7 129.4 5.8 26.3 33.2 49.8 32.7 26.2 13.8 12.8 48.9 33.8 41.6 36.6 69.1 35.7 19.1 47 19.7
100.2 28.6 79.5 75.9 74.2 48.4 47 28.1 93.1 90.7 129.5 6.2 23.9 31.2 48.9 32.2 25.8 13.2 11.7 46.4 32.2 40.2 36.2 68.8 36 19 46.7 20.5
94.7 24.8 76.6 72.3 70.1 42.8 43 24.2 90.1 87.9 126.7 4.8 20.1 27.7 46.2 29 23.6 11.4 10 45.7 32.4 40 36.8 69.9 37 20.1 47.5 21.1
90.8 20 74 69.2 66.9 37.9 41.1 21.6 88 86.6 125.7 4.9 18.1 26.1 44.7 26.9 22.7 11.6 10.4 47.1 34.4 41.8 38.8 73 39.7 23.1 49 22.2
91.8 20.6 75 69.8 67.2 36.7 42 22 88.4 88.1 127.8 6.6 18.7 26.9 45.1 27.4 23.8 14 12.4 48.1 35.5 43.1 40.2 75.6 42.1 25.7 49.4 23.4
95.6 26.5 78.6 73.6 70.1 39.3 44 24.2 90.7 91 131.3 8.4 20.9 28.6 46.3 29.3 25.8 16.8 14.4 47.1 34.4 42.7 39.4 75.7 42.8 26.7 48.2 23.9
100 32.6 83.8 78.9 74.2 43.8 46.5 27.5 94.4 94.5 134.8 10.2 23.5 30.3 47.9 31.6 28.4 19.4 16.5 45.3 33.1 41.9 38.1 75 43.1 27.5 46.8 24.7
101.5 34.1 85.9 80.8 76.1 46.4 47.5 29.3 95.9 95.9 136.2 11.1 24.7 30.6 48.6 32.5 29.7 20.6 18.2 44.4 32.5 41.3 37.4 74.7 43.9 28.9 46.3 26
98.1 31.2 81.2 76.7 73.2 44.3 45.2 27.1 92.7 93.3 133.7 9.5 22.4 28.5 46.8 30.7 28.1 19 18 44.7 32 40.5 36.9 74.6 44.7 30.1 47 27.9
91.5 25.2 71.3 68.1 66.6 39.1 40.9 21.8 86.9 88.2 128.6 5.5 18.4 25 43.7 27.3 24.9 16.4 16.6 46.5 32.3 40.4 37 75.3 45.6 31.2 49.8 30.9
86.4 17.9 61.1 59.6 60.3 34.9 37.6 16.7 82.6 83.7 124.2 1.6 16.6 23.3 41.5 24.7 22.7 15 15.7 49.6 33.7 41.5 38.3 76.6 46.7 32.8 53.8 34.7
86.4 14.1 56.8 56.2 58 34.9 37.3 15.4 82.1 82.1 122.9 0.4 18.6 24.5 41.6 24.2 22.8 16 16.1 51.6 34.6 42.1 38.9 77 47.2 33.6 55.4 36.4
90.5 15.9 58.4 57.9 60.2 38.7 39.4 17.8 84 83.4 124.6 2.4 22.4 27.1 43.3 25.1 24.4 18.1 17.6 50.9 33.5 40.9 37.3 75.5 46.1 32.9 52.8 35
93.6 18.5 59.9 59.6 62.5 42.4 41 19.6 84.6 84.6 126.1 4.9 25 28.1 44.1 25 24.9 18.8 18.9 49 31.2 38.5 34.3 73 44.1 31.5 49 32.8
92.1 15.5 57.4 57.2 61.1 42.7 39.4 17.9 81.8 83 124.9 4.7 24.5 26.1 42.1 22.8 23 17.1 18.6 47.8 29.4 36.6 31.9 71.4 42.6 30.6 47.9 33
85.5 5.9 50 49.6 55.1 38.6 33.7 12 75.3 77.5 120.2 0.8 20.4 21.2 37 17.7 18.2 13.3 16 47 27.8 34.4 29.9 70.1 41.3 29.5 49 34.6
76.3 -4.2 39.3 39.3 46.4 32 25.6 3.6 67 69.5 113.5 -5.1 14.5 14.8 30.4 11.1 12.1 8.5 11.8 45.9 25 31.3 27.1 67.6 39.4 27.7 49.3 34.8
71.7 -7.2 34.1 34.8 42.1 28.5 21.3 -0.6 63.1 65.4 110.4 -8.1 11.8 11.8 27.1 7.9 9.3 6.5 10 45.5 23.6 30.1 25.8 66.3 38.9 27.1 49.1 34.3
74.8 -3.4 39.1 39.6 45.7 30.4 23.7 2.2 66.2 68.3 113.6 -5.5 13.9 14 29.2 10.3 11.5 9.3 12.3 45.8 24.5 31.4 26.9 67.2 40.4 28.7 48.8 34.4
81.2 2.7 49.5 48.6 52.5 33.9 28.5 7.5 71.5 73.5 118.5 -0.9 16.4 17.1 32.6 14.2 14.7 12.8 14.8 43.8 24.3 31.5 27.3 67.3 40.9 29.2 46.8 33
85.2 8.7 58.6 55.9 57.2 35.8 31.2 10.8 75 76.4 120.9 1.8 16.8 18 34.3 16.1 15.7 13.9 14.8 40.1 22.4 29.5 26.2 65.9 39.8 27.9 43.6 30.5
85.1 11.7 61.8 58.5 57.7 35.7 30.8 11.2 75.9 76.2 120.6 2.6 16.1 17.5 34.3 16.1 15.4 13.4 13.9 38.9 22.1 28.9 26.1 65.9 39.8 27.8 42.7 30.2
81.9 8.8 59.5 56.7 55 34.4 28.5 9.2 74.4 74.1 118.7 2.7 15.2 16.2 33.2 15.1 14.4 12.6 13.1 40.9 24.4 31 27.7 68.4 42 30 44.7 32.8
78.4 3.9 56.7 54.1 52.4 33.2 26 7 72.5 72.1 117.3 4 14.3 14.7 31.6 13.9 13.3 11.8 12.3 43.5 26.7 33.7 29 71.3 44.2 32.1 47.1 35.4
77.3 3.6 56.2 53.4 52.5 33.1 24.8 6.4 71.7 71.9 117.5 7.7 13.6 13.8 30.4 13.1 12.8 11.4 11.3 44 26.7 34.2 28.1 71.7 44.1 32.2 47.6 35.9
79.4 8.7 59.4 55.8 55.8 34.5 25.9 8 72.8 73.8 119.6 12 13.6 13.8 30.3 13.5 13.5 11.6 10.5 42 24.7 32.3 26 69.7 42.3 30.7 45.7 34.6
83.5 14.3 65.3 60.9 60.8 37.1 28.9 10.8 75.6 76.6 122.5 12.7 14.7 14.8 31.7 15.4 15 12.7 11 39.3 22.7 29.9 24.8 67.4 40.7 29.4 42.8 33
85.2 15.4 67.4 62.9 62.5 38.7 30.3 11.5 76.5 77.1 122.8 6.9 15.4 14.8 32.5 16 15.2 12.7 11.7 37.1 21 27.9 24.2 65.5 39.5 28.3 39.3 31.1
82.5 12.3 61.8 57.5 58.3 37.5 27.8 8.2 73.3 73.5 119 -2.8 13.6 12.5 30.5 13.4 12.7 10 11.1 36.2 19.4 26.7 23 63.8 38.1 26.9 36.2 29.1
77.3 6.7 51.4 47.5 51 34.4 23 2.8 67.6 68.1 113.2 -11.2 10.7 9.5 27 9.4 9.2 6.4 10.1 37.2 19.2 27.3 22.3 63.5 37.7 26.9 36.1 28.9
72.5 -1.1 41.4 38.4 45 31.1 18.9 -2 62.6 63.9 108.8 -15.3 9 7.8 24.4 6.4 6.7 3.8 9.8 39.5 19.7 28.4 22.6 64.2 38.3 28.1 38.9 31.5
70.4 -6.7 36.4 34.7 43.4 29.4 17.4 -4 60.3 62.4 107.1 -15 8.7 7.4 23.4 5 5.5 2.9 9.8 40.1 18.5 27.2 22 63.3 37.4 27.9 40.9 33.4
71.6 -5.8 37.2 36.7 45.2 30.2 18.5 -3.1 60.7 63.3 107.6 -11.4 9.7 7.6 23.8 5.2 5.5 3.3 9.6 38.2 15.6 23.6 19.2 60 34.3 25.2 39.5 32.1
73.6 -1.5 39.4 39.9 47.2 32.2 20.2 -1.2 62 64.6 108.9 -7.6 11.4 8.1 24.4 6.2 5.9 4 9.5 36.5 13.1 20 16.3 56.8 31.3 22.1 36.2 28.4
73.3 -1.3 39.3 40.8 47.2 33.1 20.3 -1 62.4 64.6 109.2 -6.6 12.8 7.9 24.1 6 5.4 3.8 8.8 35.9 12.3 18.3 15.3 55.5 30 20.6 33.9 25.6
69.8 -7.5 35 37.3 44.7 31.2 17.4 -3.9 60 62.1 107.4 -9.6 12 5.7 21.7 3.2 2.8 1.5 7 35.5 12 17.6 15.3 55 29.7 20.2 32.7 25
65.4 -13.7 28.1 30.8 40.2 27.5 12.9 -8.3 55.7 58.3 104.1 -14.6 9 2.1 18.3 -1 -0.8 -1.9 4.5 34.9 11 16.6 15 54.1 29.1 19.9 31.7 25.7
65.2 -14 26.6 27.9 37.9 25 11 -9.4 54.2 57 102.7 -17.1 6.7 0.6 17.2 -2.6 -2.2 -3.2 3.8 34.6 10.4 16.3 14.8 53.9 29.1 20.1 31.6 26.7
69.9 -9 33.6 32.4 40.5 25.3 14.1 -5.8 57.9 59.7 104.7 -15 6.7 2.3 19.4 -0.2 -0.2 -1.3 5.6 34.4 10.7 16.9 15.2 54.4 29.6 20.5 32.1 27.2
75.9 -2 44.7 41.3 46.4 27.1 19.7 -0.1 64 64.3 108.6 -10.5 7.2 4.8 22.3 3.5 2.9 1.2 7.5 32.6 9.9 16.3 14.6 53.8 28.7 19.7 31.1 25.9
79.8 4.6 54.4 49.7 51.8 28.9 24 4.2 68.7 68 111.6 -6.9 7 6.3 24 6 4.7 2 7.3 29.6 7.7 14.5 12.8 52.2 26.6 17.8 28.4 23.5
79.8 7.8 58.4 53.4 53.6 29.6 25 5.4 70.2 69.4 112.7 -5.4 7.1 6.6 24.2 6.8 4.9 1.4 6 28.1 7 14.4 12.5 52.4 26.4 17.5 27 23
77.2 6.3 57.4 52.7 52.6 28.6 23.4 4.2 69.5 69.3 112.4 -4.7 7.2 6 23.6 6.7 4.6 0.8 5.1 29.3 9 17.1 15 55.4 29.1 19.8 28.6 25.6
75.4 4 56.6 51.9 52.1 27.4 21.5 3.2 69 69.6 112.6 -4.1 6.7 5.3 23.3 6.6 4.9 1 5.1 31.3 11.8 20.2 18.4 58.7 32.2 22.3 31 28.9
75.4 5.4 58.5 53.3 53.9 27.6 21.2 4.1 69.8 70.7 113.9 -4.4 6 5.3 23.6 7.2 5.8 1.7 5.6 31.8 12.4 20.7 19.5 59.4 32.3 22.3 31.4 29.3
76.1 11.2 63.1 57.8 57.3 29.6 23.3 6.8 72.3 72.6 115.7 -5 6.5 6.8 24.9 8.6 7.1 2.6 6.2 30.6 11.1 19 18.3 57.6 29.8 20 29.7 26.8
79.1 17.9 69.9 64.5 61.2 33.3 27.4 11 76.7 75.5 117.8 -3.7 9.2 9.9 27.8 11.1 9.3 3.9 7.5 30.1 10.9 18.2 17.1 56.2 27.8 18.4 29 25
83.2 20.8 72.8 67.4 62 36.2 29.9 12.9 79.3 76.6 118.1 -2.4 11.6 12.1 29.7 12.2 10.2 4.1 8.3 30.6 11.5 18.5 16.6 55.4 27.1 18.1 29.9 25.1
84.2 17.9 67.2 62 57.3 34.4 27.2 9.3 76.2 73.2 114.6 -4.3 10.4 10.1 27.4 9.4 7.2 0.9 6.5 30.5 10.6 17.6 15.1 53.7 25.8 17.1 29.9 24.7
80.1 10 55.6 51.1 49.8 28.1 20.8 2 69.1 66.6 108.8 -8.7 6 5.1 22 4 1.7 -4.2 2.6 29.8 8.6 15.8 13.2 51.8 24.1 15.7 28.4 23.5
74.5 0.7 44.7 41.5 43.9 22.1 15.4 -4.1 62.6 61.1 104.4 -11.6 2 0.6 17.7 0.1 -2.5 -7.9 -0.4 29.5 7.5 15.1 12.2 50.9 23 15.1 27.5 22.8
72.5 -3.7 40.9 38.6 43.1 21.2 14.7 -5.3 60.9 60.1 104 -10.4 1 -0.3 17.2 0 -3.1 -8.5 -0.8 29.1 7.2 15.3 12 50.9 22.2 14.6 27.8 22.6
74.8 -1 43.4 41.5 46.2 24.8 17.9 -2.5 63.4 62.8 106.6 -6.9 3 2 19.7 2.3 -1.2 -7.4 0.1 27.7 6.5 14.8 10.8 49.7 20.4 12.8 27.5 20.7
76.7 2.8 45.8 44.2 48.6 28 20.2 -0.2 65.3 64.9 108.5 -4.8 5 4 21.3 3.4 -0.1 -7.1 -0.1 25.3 4.8 12.8 8.5 46.9 17.4 9.5 25.3 17.2
74.6 1.3 44.4 43.4 47.3 27.7 18.9 -1.3 64.1 63.7 107 -6.9 4.7 3.6 20.4 2 -1.2 -8.9 -2 23.9 3.6 11.4 7.5 45 15.2 6.9 24.2 15.4
69.3 -5.6 39.4 39.1 42.4 24.9 15.1 -5.1 60.5 59.8 102.2 -12.9 2.4 1.7 18.1 -0.4 -4.1 -11.9 -4.6 25.1 4.4 12.2 8.8 45.4 14.9 6.4 26.2 16.7
63.7 -11.8 33 33.1 36.9 22.1 11.2 -9.4 56.2 55.7 97.1 -20.2 0.1 -0.3 16 -2.8 -7 -14.9 -6.9 27.8 6.3 14.2 10.3 46.9 15.5 6.8 29.2 18.3
62.9 -11.7 32 32 36.2 22 11.1 -9.6 56 55.8 96.4 -23.1 0.8 0.2 16.4 -2.6 -6.7 -15.3 -7 30.7 8.8 16.4 11.5 48.8 16.9 7.7 31.3 18.6
68.5 -5.9 39.8 38.8 42.1 26.2 16 -4.3 61.6 61.3 101.5 -19 5.5 4.5 20.7 1.8 -2 -11.7 -4.2 32.9 11.6 18.9 13.3 51.2 19.4 9.2 33.1 19
76.9 3 52.3 49.5 50.8 32.6 22.6 3.4 69.6 68.6 108.7 -11.4 11.1 10.1 26.6 8 4.1 -6.4 -0.2 33.1 13.4 20.5 15.1 52.8 21.4 10.4 33.5 19.1
83.9 12.8 64.1 59.3 57.9 38 27.9 9.7 76.6 74.2 114.2 -5.1 14.8 14.4 31.4 13.2 8.7 -2 2.8 32.3 14.3 21.5 16.7 53.8 22.7 11.4 32.6 18.8
87 18.7 70.2 64.6 61 40.6 30.4 12.8 80.4 76.9 116.8 -1.8 16 16.4 34 15.7 10.9 0.4 4.2 33.4 16.2 23.8 19.5 56.3 24.8 13.2 32.9 19.3
85.5 16.4 69.4 64.4 59.9 38.9 29.7 12.2 80.4 76.6 116 -1.7 14.5 15.9 33.8 15.1 10.5 0.2 3.2 36.1 19 27 22.5 59.6 27.4 15.2 34 20.2
82.2 10.5 66.3 61.9 57.3 34.7 27.2 9.8 78.2 74.9 113.8 -3 11.5 14 31.8 13 8.6 -1.4 0.8 37 20.4 28.4 23.5 61 28.7 15.7 33.6 19.3
80.6 9.5 65.7 60.8 56.8 31.9 25.9 9.2 77.2 74.5 113.5 -3.3 9.7 13 30.4 12.2 7.8 -1.8 -0.6 35.7 19.9 27.7 22.5 60.1 28.6 14.8 31.8 16.8
83.1 15.5 69.9 63.7 60.2 33.1 27.9 12 79.8 77.4 116.6 -1.9 11 14.7 32 14.5 10 0.7 1.1 34.2 19.2 27.1 21.6 59.3 28.6 14.4 30.6 15
88.1 23.2 77.5 70 66.3 36.8 32.2 16.9 85.4 82.7 121.6 0.5 14.9 18.5 36.2 19.2 14.6 5.5 5.6 33.9 19.9 28.1 22.2 60.7 30.2 15.7 31.5 16
90.4 26.4 81 73.7 70.2 38.7 34.6 18.9 88.4 85.7 124.9 2.5 17.7 20.6 38.9 22.2 18 9.5 9.8 34.5 20.8 29.1 23.4 62.6 32.1 17.6 33 18.2
87.3 24.4 76.3 71.1 69.4 36.9 32.6 16.2 86.1 84.3 124.9 3 17.1 19.3 38.1 21.3 18 10.6 11.6 36.1 21.4 29.3 24.2 63.8 33.5 19.5 33.4 19.7
81.8 18.8 66.8 64.5 66.3 33.2 28.7 11.7 81.2 81.2 124.1 4.1 15.1 17 35.8 18.8 16.3 10.5 12 39 22.9 30.5 25.9 65.6 35.7 22.5 34.4 21.4
77 10.5 57.3 57 63.8 29.9 25 7.5 76.3 79.1 124.6 8.2 13.3 15.1 33.4 16.3 14.9 10.4 11.8 41.6 24.3 31.8 27.3 67.4 37.6 25.4 35.6 23
73.7 3.3 50.9 51.4 63.3 27.6 21.5 3.9 72.4 77.5 125.3 13.3 11.2 12.5 30.3 13.4 13 9.2 9.7 40.1 21.8 29.4 24.6 65.4 35.8 24 33.8 20.7
71.8 0.8 47.8 49.1 63.9 27.8 18.9 0.8 69.7 75.6 124.4 14.7 9.5 9.5 26.7 9.9 10.5 6.7 6.5 35 15.6 23.2 18.3 59.5 30 17.9 28.6 14.2
71 0.8 45.8 48.2 63.9 30.6 17.8 -1.4 68 73.3 122.2 11.3 8.7 7.5 24.1 7.3 7.9 4.3 4.4 30.7 10.3 17.7 12.8 53.9 24.6 12.2 23.9 7.8
69.7 -1.2 44 47.2 62.2 33.3 17.8 -2.5 66.8 71.6 120.8 8.3 8.8 7.1 23.1 6.2 6.8 3.5 4.3 30.4 9.6 16.9 11.7 52.7 23.7 11.2 22.9 6.2
67.2 -5.4 41.6 45.3 60.2 34.2 18.1 -2.8 65.8 70.8 121.5 10 9.8 7.8 23.5 6.4 7.7 4.6 5.8 33.8 12.8 20.3 14.7 55.9 27.3 14.6 25.9 9.8
64.5 -8.2 38.5 42.4 59.1 33.2 18.5 -2.9 64.6 70.9 123.2 13.5 11.6 8.7 24.3 6.8 9.7 6.8 7.8 38.3 17 24.6 18.7 60.6 32.3 19.2 30.5 15.4
64.7 -7.4 38.6 42.2 60.6 32.3 19.7 -1.7 65 72 124.2 12.9 13.7 10 25.4 8 11.6 8.9 9.4 41.3 20 27.7 21.6 64.1 35.7 22.3 33.9 19.1
68.5 -4.6 43.5 46.2 63.6 32.7 21.9 0.7 67.1 73.7 123.2 6.3 15.1 11.3 26.7 9.5 12.5 9.6 9.9 40.7 20.3 27.8 21.9 64.8 35.8 22.2 34 19
73.4 -0.5 51.2 52.3 66.3 34.1 24.1 2.9 69.8 75 120.7 -2.6 15.2 12 27.3 10.3 12.2 8.7 9.3 36.5 17.4 24.8 19.3 62.1 32.9 18.8 30.4 14.9
77 5.3 58.7 57.4 67.9 34.9 25.5 4.2 72.3 75.6 118.6 -9.2 14.4 11.8 27.3 10.7 11.6 7.4 8.3 31.9 13.7 21.2 16.1 58.8 29.6 15.1 25.5 10
78 9 62.3 58.7 66.8 33.7 25.5 4.2 73.3 75.2 117.2 -12.3 13.1 11.1 26.8 10.6 10.9 6.4 7.4 30.2 12.6 20.4 15.5 58.5 28.9 14.2 23.2 8.6
77 7.4 61.9 57.2 61.8 31 24 3.1 72.4 73.7 115.3 -13.4 11.7 10 25.9 9.8 10 5.3 6.6 31.7 14.3 22.8 18.3 61.3 31 16.7 24.7 11.2
76.6 3.8 61 56.2 54.8 29 22.4 2 70.9 72 113.4 -12.8 10.7 8.9 24.9 8.6 8.8 4.2 5.6 33.7 16.4 25.3 21.4 64 33.6 19.7 27.2 14.3
78.2 4.4 61.5 56.8 49.3 29.1 21.4 1.9 70.2 71.1 113.1 -10.3 10.5 8.2 24.3 7.9 8 3.9 4.9 33.8 16.3 25.4 21.6 64 34.1 20.4 27.7 14.4
81.2 10.3 64.3 59.6 49.3 31 21.9 3.5 71.5 72.6 115.6 -5.6 11 8.8 25.3 8.7 8.8 5.4 5.6 32.3 14.9 23.8 19.5 62.4 33.1 19.4 26.9 12.5
83.4 16.1 69.3 64.2 55 33.1 24.2 6.2 74.7 76.1 119.9 -0.5 11.5 10.5 27.8 11.3 11.5 8.3 7.9 30.6 13.8 22.6 18.1 62 33 19.3 27.2 12.1
82.2 16.6 70.8 65.8 59.5 32.8 24.8 6.7 75.8 77.7 121.8 1.2 10.7 11.2 28.9 12.7 13.1 9.7 9.5 29.8 13.1 22.1 17.8 62.2 33.8 19.7 29.2 14.3
77.3 12.5 65.4 61.1 57.2 30.4 21.9 3.1 72.4 74.5 118.7 -2.4 8.5 9.1 26.4 10.2 11.4 7.5 8.6 30 12.2 21 17.5 61.4 34.3 19.4 31.4 17.4
70.4 5.3 54.6 51.3 49.4 27 16.1 -3.2 65.7 67.6 111.7 -9.9 5.6 5 21.4 4.5 6.6 2.6 5.4 30.4 11.1 19 16.3 59.5 33.4 18.4 32.7 19
63.3 -4.5 42.6 40.1 40.9 23 9.6 -9.9 58 60 104.1 -18.2 2.6 0.2 16 -1.7 0.7 -3.2 1.3 30.2 9.2 16.1 13.7 56.8 30.6 16.9 32 18.1
59.3 -11.2 35.4 33.4 36.9 19.9 5.4 -14 53 55.5 99.4 -23.2 0.3 -2.8 12.5 -5.3 -3.3 -7 -1.7 28.6 6.6 13.3 10.5 53.7 26.8 14.8 30.2 15.7
60.6 -10.3 34.8 33.5 38.5 20.3 5.9 -14 52.7 55.8 99.8 -21.9 0.6 -2.5 12.6 -5 -3.8 -6.9 -1.7 27.1 4.4 11.3 8.1 51.1 23.7 12.8 29.1 14
64.5 -5.4 36.6 36.4 41.8 23.4 8.9 -12.1 54.8 58.5 102.8 -16.3 3.2 -0.1 14.9 -2.9 -2 -4.7 0.3 27.1 4.1 10.8 7.5 50.3 22.5 11.9 30 14.6
67.4 -4.1 37.5 38 43.3 26 11 -10.4 56.4 60.4 105 -11.2 5.9 2 16.7 -1.6 -0.4 -3.6 2 29.2 5.9 12.3 9.3 51.4 23.5 12.7 32.6 17.1
66.9 -8.5 35.2 35.9 41.5 26.2 10.5 -10.5 55.8 59.8 104.6 -10 6.8 2.2 17 -2 -0.9 -4.6 2.1 32.6 8.7 14.9 11.8 53.3 25.7 14.6 36.1 20.2
63.5 -14.3 29.7 30.3 37.3 23.8 8.1 -13.1 52.7 56.7 102 -12.3 5.8 0.5 15.5 -4.3 -3.3 -7.3 0.6 35.3 10.2 16.3 12.5 53.6 26.7 15.5 38.1 21.9
61.1 -17.1 26.8 26.7 34.6 21 6.3 -15.4 50.2 54 99.5 -14.7 4.3 -1.6 13.6 -6.6 -5.5 -9.6 -2 35.2 9.6 15.9 10.8 52.1 25.5 14.3 37.3 21.1
62 -16.7 30.2 29 35.9 20.7 6.8 -15 50.6 53.9 98.9 -15.2 3.8 -2.7 12.9 -7.4 -6.3 -10.3 -3.9 32.3 7.7 14.2 7.6 49.6 22.4 11.7 34.2 18.7
64.9 -13.5 37.3 35.1 39.3 22 8.2 -13 52.6 55.1 99.4 -15.8 3.5 -3.1 12.7 -7.5 -6.9 -10.6 -5.1 27.4 4.2 10.9 3.7 45.9 18 7.9 29.6 15.1
67 -8.5 44 40.9 41.6 22.2 8.2 -12.1 53.8 55.5 99.3 -18.3 2.2 -4.4 11.7 -8.1 -8.5 -12.1 -6.6 22.1 -0.1 6.8 -0.1 41.7 13.1 3.6 24.9 11
66.2 -5.7 45.8 42.3 40.4 19.7 5.6 -14 52.7 53.9 97.7 -21.5 -0.5 -6.9 9.4 -10.1 -11.3 -15 -8.9 18.8 -2.9 4.2 -2.4 38.7 10 0.7 22.5 8.3
63 -7.9 43.4 39.8 36.7 15.8 2.3 -17.2 50.3 51.1 95.1 -23.9 -3.4 -9.5 6.8 -12.6 -14.2 -18 -11.4 18.6 -2.6 4.7 -2 38.2 10 0.5 23.3 8.3
61.2 -10.5 42.1 38.5 34.8 13.8 1.4 -18.6 49.3 49.9 93.8 -24.3 -4.4 -10.2 6 -13.4 -15.2 -19.3 -12.8 20.6 -0.2 7.1 0.1 39.7 11.9 2.3 25.8 10.5
63.1 -7.7 44.6 41.3 37.7 15.7 3.9 -16.6 51.2 51.9 95.3 -21.1 -2.7 -8.1 7.9 -11.5 -13.4 -18.2 -12.3 22.6 2.2 9.2 2.2 41.6 13.7 4 28.1 13.5
68.7 0.9 51.4 47.7 44.4 20.9 9 -11.5 56.1 57.1 100.1 -13.6 1.4 -3.9 11.9 -7.3 -9.1 -14.3 -9.3 23.9 4.1 10.7 3.9 43.3 14.9 5 29.3 15.7
76.2 9.3 60.9 55.7 52.2 27.5 15.6 -4.6 63.2 64.3 107.4 -3.9 6.9 1.3 17.2 -1.4 -3.4 -8.3 -4.5 25.2 6.4 13 6.1 46 17.3 6.7 30.1 17.2
80.9 11.8 65.8 59.6 56.3 31.7 19.8 0 67.9 69.2 113.5 3 10.6 4.6 20.8 3.1 1.2 -3.5 -0.2 27.1 8.6 15.4 8.1 48.8 20.2 9.1 31.1 18.7
79.3 9.1 61.6 56 54.9 31.4 19.5 -0.5 66.9 68.9 114.8 3.1 10.1 4.3 20.9 3.7 2.1 -2.6 1.5 29.1 10 16.7 9.1 50.2 22.3 11.1 32.5 20.4
73.1 2.8 51.2 47 50.4 27.9 15.9 -4.7 61.8 64.8 111.5 -3 7.3 1.9 18.7 1 0.1 -4.8 0.5 31.3 11 17.3 9.9 50.5 23.5 12.4 34.2 21.9
66.4 -5.8 40 37 46.1 23.7 11.2 -10.1 56.1 59.8 106.6 -10.7 5 -0.6 15.7 -2.9 -3.3 -7.9 -2.1 33.1 10.9 16.8 9.9 50.1 23.2 12.1 34.7 22.1
63 -12.1 33.5 31.5 44.7 21.3 8.1 -14 52.6 56.8 103.8 -14.5 4.1 -2.3 13.2 -5.7 -5.8 -10 -4.8 33.1 8.9 14.7 8.2 48.1 20.6 9.3 32.8 20.1
64.4 -11.4 33.3 32.4 46.1 22.4 8.3 -14.7 52.4 56.7 104.3 -13 4.1 -2.2 12.5 -6.2 -6.3 -10.4 -5.9 31.6 5.9 11.7 5.5 44.9 16.6 5.5 29.6 16.5
67.4 -7.4 34.9 35.5 47.3 25.3 10.1 -13.7 53.3 57.6 105.3 -10 4.6 -1.3 12.8 -5.6 -6 -10.1 -5.6 30.3 3.9 9.7 3.3 42.1 13.6 3.1 26.5 13.2
68.1 -7.2 34.5 35.9 46.3 26.3 10.4 -13.4 52.9 57 104.1 -10.5 4.7 -1.3 12.8 -5.7 -6.5 -10.8 -5.5 30.2 3.5 9.6 2.5 41 12.7 2.8 24.8 12
65.2 -12.3 30 31.7 43.7 24.2 7.8 -15.2 50 54.5 100.9 -14.7 4 -2.9 11.2 -7.4 -8.2 -12.7 -6.5 30.7 4.3 10.5 2.6 41.3 13.1 3.6 25.1 13.2
60.5 -17.7 23.1 24.8 41.4 20.8 3.9 -18.4 46 51.4 98.3 -19.2 2.7 -5.3 8.6 -9.6 -10.1 -14.7 -7.9 31.3 5.2 11 2.7 42.2 13.8 4.1 26.3 15.3
58.6 -18.2 21.4 22.5 42.3 19 2.3 -19.2 45.3 51.2 99.2 -20.1 2.1 -6 7.8 -10.2 -10 -14.6 -8.1 31 5.6 11.1 3 43.3 14.6 4.4 27 16.7
61.4 -14.2 27.7 28.3 45.2 19.9 4.8 -15.9 49.3 54.7 103.2 -16.9 3.2 -4.2 10 -8.4 -7.2 -11.9 -6.3 29.1 5.1 11 3.5 44 15.5 4.9 26.7 17
67.1 -7.5 38.6 38.4 46.9 22.6 9.3 -11 54.8 59 107 -13.2 5.5 -1.6 13.4 -5.4 -4 -8.5 -4.3 26.2 3.8 10.2 3.3 43.6 15.4 5 25.1 16
73 0.5 48.7 47.2 46.9 25.2 13 -6.8 58.9 62.1 108.7 -11.2 7.8 0.3 16.2 -2.6 -2.3 -6.3 -3.2 23.8 2.9 9.6 2.9 43.1 15.1 5 23.3 15
76.1 5.7 53.8 51.2 46.9 26.4 14.6 -5.1 60.8 63.5 108.9 -9.6 9.7 1.3 17.3 -1.1 -1.8 -5.4 -2.6 24.1 4.1 10.8 4.2 44.5 16.7 6.5 23.9 16.8
76.5 5.3 54.7 51.4 47.7 25.9 14.5 -4.9 61.3 64.1 109.2 -4.7 10.5 2.3 17.5 -0.8 -1.2 -4.3 -1.8 27.4 7.6 14.2 8 48.7 21.2 10.2 27.6 21.7
76.5 2.9 55.7 51.6 49.8 25.2 14.4 -4.1 62.2 65.3 110.9 2.8 9.7 3.1 18.1 -0.3 0.1 -2.4 -0.6 31.3 11.5 18.1 12 53.4 26.1 14.1 30.8 25.7
77.3 3.6 57.7 52.6 51.6 25.1 14.5 -3.3 62.9 66.5 112.4 6.3 7.1 2.7 18.4 -0.1 1.1 -1.3 0.4 32.3 12.4 19.1 12.5 54.9 27.3 15.4 29.7 25.1
78 7.5 60.1 54 52.6 25.5 14.9 -3.2 63 66.5 112 1.4 4 1.2 18 -0.5 0.4 -2.6 0.7 29.7 9.5 16.2 8.9 52.2 24.3 13.6 25 21
78.5 10.6 63 56 53.3 26.4 15.8 -2.9 63.3 66 110.1 -8.1 2.2 0.1 17.3 -1 -0.8 -4.5 0.6 25.7 5.5 12 5 48.3 20.4 11.1 20.7 17.8
77.4 9.9 62.5 55.5 52 26.7 15.6 -3.6 62.9 64.4 107.2 -16.1 1.5 -0.4 16 -2.1 -2 -5.7 0.1 22.7 2.6 8.9 3.1 45.6 18.1 9.4 18.9 16.9
73.7 6.5 56.3 50.4 48.2 25.7 13.2 -6.6 60.4 61.4 103.9 -20 0.9 -1.5 13.6 -4.1 -3.6 -6.9 -0.5 22 1.6 7.7 3.4 45 17.7 9.3 19.2 17.1
69.6 2 47.6 43.1 44.9 24.5 10.2 -10.2 57 58.8 102.2 -19.7 1.3 -2.7 11.7 -5.7 -4.7 -7.7 -0.4 23.7 2.8 9.7 5.5 46.9 19.8 11.4 20.7 18.2
67.8 -3.5 40.2 37 43.2 23.9 8.1 -12.3 54.1 57.8 102.8 -16.6 2.8 -3.4 11.2 -6.3 -4.9 -7.9 0.9 26.2 5 12.6 7.6 49.8 22.9 14.1 22.6 19.9
68.4 -6.9 36.6 34.1 42.8 23.1 7.2 -12.8 52.6 57.4 104 -13.7 3.3 -4 11.2 -7.1 -5.2 -8.3 1.6 25.8 4.7 12.3 6.8 49.6 23 14.1 21.8 19.4
69.4 -5.7 36.3 33.9 43.8 21.8 8.1 -12.6 52.7 57.3 104.9 -12.2 2 -4.5 11.1 -7.8 -5.6 -8.6 0.9 22.3 0.8 8.2 3.2 46 19.2 10.5 17.9 15.2
69.4 -3.2 36.1 34 45.5 20.6 9.7 -12.4 53.4 57.3 105.3 -11.9 0.3 -4.6 10.8 -7.6 -5.9 -8.1 -0.2 19.1 -3.2 4.4 0.1 42.4 15.3 7 14.6 11.2
