89.9 9.7 52.8 55.4 56.5 32.9 21.6 12.7 68.7 67.7 111.1 5 7.3 12.3 28.6 14.1 14.5 -1 5.9 21.4 16.3 21.6 14.1 48.4 23 15.1 27.5 7.9
93.9 16.3 59.4 61.2 61.5 35.7 24.5 15.6 72.2 70.8 114.5 10.3 9.6 13.5 30 16.5 16.1 1.4 6.6 19.2 14.5 19.7 12.7 47.2 22 13.9 23.2 7.3
96.9 21 66.2 66.7 63.8 37.1 26.3 17.3 74.6 72.8 115.2 10.2 10.5 13.8 30.4 17.7 16.7 2.1 7 17.1 13.3 18.1 12.2 46.9 21.5 13.8 19.5 8.4
98.9 25.7 72.6 71.9 64.7 37.7 27.2 18.4 76.6 73.8 114.3 5.4 10.5 14.2 30.8 18.3 16.8 1.5 7.5 16.3 14.4 18.4 13.2 48.3 22 15.2 18.3 10.6
99.4 29.9 76.3 74.5 65.1 37.1 27 18.9 77.5 73.7 112.6 -1.5 10 14.4 30.8 17.8 16 0.1 7.6 16.6 16.5 19.6 14.7 49.9 22.8 16.3 19.3 11.3
97.4 29.8 75.4 72.8 64.1 35 25.4 17.5 75.6 71.8 110.1 -8 8.3 13 29.3 15.6 14 -2.6 6.5 16.4 17.1 20 14.7 49.4 22.4 15.5 20.6 9.6
95.7 28.2 74.5 71.2 63.4 33.4 24.5 16.4 73.8 70.5 108.8 -10.1 6.8 11.6 28 14.1 12.7 -4.3 5.9 14.9 15.7 19.3 13.4 47.8 21.3 14.1 21.4 8
98.5 33.1 80.2 75.9 66.3 35.1 26.9 18.9 76.5 73 111.1 -6.2 7.1 12.6 29.4 15.9 14.6 -2.5 6.7 13.1 14.3 18.8 12.7 47.2 21 13.8 21.3 8
102.9 37.8 85.4 81.2 70.2 38.3 30.3 22 80.8 76.6 114.9 0 8.3 15 32.3 19.1 18 0.9 8 12.9 14.3 19.5 13.4 48.3 22.4 15 21.4 9.4
102.5 32.8 81.7 79 69.7 38 29.7 20.9 80.5 76.1 115.7 2.6 7.4 15.2 32.5 19.2 18.7 1.7 7.7 13.9 14.6 20 14.1 49.5 23.9 16.2 22 10.5
97.5 21.9 73.8 72.2 65.3 33.2 25 16.4 75.9 72.1 113 0.4 3.7 12.2 29.3 15.8 15.9 -0.8 6 14.4 14.3 19.8 13.8 49.7 24.3 17.1 21.8 10.4
91.7 12 66.2 64.6 59.7 27.7 19.9 11.9 70.6 67.7 108.8 -4.4 0.3 8.6 25.3 11.8 12.7 -3.6 5 14.5 13.8 19.4 13.2 49.7 24.3 18.3 21.2 10.4
87.5 6.2 58.7 57.6 54.8 25.3 16.7 8.3 66.2 64.2 104.8 -8.3 -0.9 6.4 22.7 8.9 10.7 -5.2 5.4 14.9 12.9 18.6 12.5 49.5 24.2 19.4 21.3 11.1
86.9 4.5 53.6 54.1 53.4 28 16.7 7.2 64.8 63.1 104.1 -7.2 0.7 6.9 23.1 8.6 11.3 -4.5 7 16 12.7 18.5 12.4 49.3 24.2 19.9 22.8 11.6
90.6 5.4 53.3 55.3 56.9 34.9 20.3 10 67.2 65.9 108.4 -1 5.4 10.6 27 12 14.6 -0.9 9.9 19.5 14.8 20.7 13.8 50.3 25.2 20.3 26.5 12.7
95.7 8.1 56.7 58.8 61.9 41.6 25 14.5 71.2 70.5 113.8 4.6 10.5 15.4 31.8 16.9 18.3 3.2 12.8 24 18.6 24.4 16.7 52.4 27.1 20.9 31.2 15.2
97.2 8.8 57.7 58.8 62.7 43 26.8 16.4 72.4 72.1 114.9 4.2 12.7 17.6 33.7 19.6 19.8 4.8 14.3 27.2 21.9 27.4 19.7 54.9 29.3 21.9 35 19.4
93 2.5 51.3 52 58.1 38.5 24.3 13.4 68.7 69.2 111.2 -1.8 11.2 16.2 31.8 18 18.5 3.5 14.5 28.3 23.3 28.4 21.5 56.9 31.1 23.5 37.5 23.5
88.1 -2.6 45.3 45.6 54.1 31.9 20.4 9.4 64.3 65.4 107.2 -8.4 7.6 12.9 28.3 14.5 16.2 1.2 13.6 26.6 22.1 26.8 21 56.9 31.3 24.4 37.4 24.2
88.2 1.8 47.5 47.1 55.9 29 19.5 9 64.3 65.3 107.3 -9.8 5.3 11.3 26.8 12.9 15.5 0.9 13.7 23.1 19.8 24.4 19.2 55.7 30.7 24.6 34.9 21.5
92 11.4 54 53.8 62.4 31.3 22.2 12.1 67.9 68.8 111.5 -4.7 6.8 12.8 28.3 14.7 17.5 3.8 16.2 20.6 17.6 22.8 17.9 54.5 30.6 25.1 32.1 18.8
95.8 19.9 60.9 61.4 69.1 35.4 26.5 16 72.4 73.2 116.7 2.5 10 15.1 30.8 17.7 20.2 7.3 19 19.3 16 21.8 17 53.9 30.5 25.2 30 17.7
97.2 24.7 67.8 68.5 72.3 37.5 29.8 18.7 75.7 76 119.5 7.8 11.2 16 31.9 19.6 21.3 8.6 19.3 18.1 15.3 21.3 16.3 53.6 29.7 24 28.8 17.8
96 26.6 72.8 72.2 69.5 36.5 30.5 19.1 76.5 75.6 118.2 9.7 9 14.4 30.7 19 20 6.9 16.8 16.6 15.1 21.2 15.7 53.2 28.2 21.8 28.4 17.6
94.8 28.4 74.9 72.2 63.3 33.7 29 18.3 75.2 73.2 114.7 8.6 5.4 12 28.5 17 17.4 3.9 13.3 15.8 15.2 21.6 15.5 52.9 27.2 20.1 28.4 16.3
95.5 29.5 74.7 70.6 58.9 32.3 27.8 17.8 73.7 71.1 112 5.4 4.1 11 27.8 15.3 16 1.6 10.9 16.8 16.1 22.5 16 53.4 27.4 19.6 28.9 14.9
98.3 31 75.3 71.3 59.1 33.6 27.7 18.2 74 70.8 110.8 1.6 5.6 12.1 28.9 15 16.3 0.7 10 17.8 16.5 22.5 16 53.3 27.5 19.3 28.7 14.1
103 36 80.5 76.9 63.4 37 28.8 20.1 77 72.9 111.3 -0.9 7.9 14 30.6 16.3 17.6 1.3 9.6 16.6 15 20.7 14.6 51.8 26.5 17.9 26.9 13
105.9 37.7 83.7 80.5 66.5 40.2 29.4 21 79 74.7 112.1 -2 9.8 15 31.2 17.5 18.1 1.7 9.2 15 13 18.6 12.9 50 25 15.9 24.9 11.7
102.9 29.7 78.1 75.5 63.4 39.5 26.7 17.8 75.7 72.1 109.8 -4.6 9.6 13 28.6 15.1 15.4 -0.3 7.1 14.3 11.2 16.3 11.1 47.9 22.7 13.4 23 9.8
95.9 18.2 68.7 66.4 56.4 34.4 21.4 12.1 69.4 66.2 104.4 -8.9 6.9 8.4 23.8 10 10.5 -4.7 3.4 13.7 10.1 14.2 9.3 45.8 20.1 10.9 21.2 7.5
88.6 8.8 59.6 57.6 49.7 28 16.1 6.3 63.1 60.3 99.2 -12.3 3.2 3.8 19.5 5.1 6.1 -8.9 0.6 13.4 9.5 13 8 44.1 18.3 9.3 20.5 5.6
82.6 1.9 50.5 49.6 44.6 23.5 11.9 1.2 57.8 55.5 96.1 -13.3 -0.6 0.7 16.6 1.5 3.6 -11.4 -0.2 13.4 8.5 12.1 6.5 42.2 17.1 8.4 20.4 3.5
79.3 -2.6 43.3 44.4 42 22.2 9.6 -2.3 54.5 52.9 95.4 -11.8 -3.6 -0.2 15.5 -0.3 2.9 -11.9 0.7 13.4 7.1 11 5.2 40.6 16.1 8.1 20.1 2
78.9 -5.4 40.1 43.3 42.7 23.5 9.7 -2.8 54 53.1 96.9 -8.8 -4.4 0.9 15.9 0.1 3.6 -10.7 2.3 13.1 5.8 10 4.6 39.9 15.6 8.3 19.5 1.8
79.8 -6 40.8 44.9 45.4 24.6 10.9 -1.5 55.2 54.8 99.1 -6.7 -3.5 2.3 16.4 1.5 4.4 -9.6 3 11.9 4.3 8.9 4.4 39.8 15.3 8.1 18.5 1.2
79.3 -7.4 40.9 44.7 46.9 23.4 11.1 -1.1 55.3 55.5 100.4 -6 -2.3 2.5 16 2.1 4.6 -9.3 3.2 11.5 4.2 9.1 4.7 40.7 15.9 8.7 18.2 0.3
76.5 -13.1 35.9 39.9 46.3 21.3 9.8 -2.7 53.2 54.3 100.7 -4.9 -1.9 1.8 15.1 2 4.7 -8.8 4.5 14.6 7 11.6 6.6 43.6 18.5 11.6 19.6 1.2
75.2 -14.5 33.5 37.9 48 20.9 9.5 -3.2 53.1 54.7 102.7 0.1 -1.2 2.2 15.9 3 6.5 -6.7 7 18.8 11 15.1 9.8 47.1 21.9 15.4 21.5 3.6
79 -5.1 40.4 44.9 55.5 24 12.7 0.9 58.5 60.1 109.1 10.6 1.4 5.4 19.7 6.7 11.1 -1.7 10.4 21.1 14.3 18.1 12.9 50.1 25.1 18.3 22.9 6
85.4 7.2 50.5 55.5 65.1 29.4 18 7.3 66.1 67.8 117.6 21.7 5.7 10.2 25 11.8 16.9 4.6 14.3 21.5 16 19.9 15.1 52.1 27.4 20.1 23.9 7.6
90.8 16.3 59.2 64.4 71.5 34.3 22.4 12.3 72 73.8 123.4 25.5 8.9 13.9 29 16 20.8 8.8 17 20.2 15.9 20 15.6 52.7 28.3 20.3 22.9 6.7
94.1 21.9 66.8 71.2 73.6 36.4 24.7 14.9 75.4 76.2 124.3 19.9 9.5 15 30.6 18.1 21.7 9.2 17.3 17.9 14.6 19.6 15.4 52.2 27.9 19 20.2 4
94.6 24.6 72 74.5 71.6 35 24.3 14.7 75.6 74.8 120 8 7.9 13.8 29.7 17.2 19.4 5.8 14.1 15.7 13.3 18.7 14.2 50.8 26 16.2 17.6 1.2
92.4 25.5 73.3 73.7 67.4 30.8 21.7 12.4 73 70.7 113.1 -4.2 4.9 10.6 26.7 13.5 15.2 0.6 8.8 13.9 12.1 17.2 11.9 48.6 23 13.1 14.4 -1.4
89.6 24.4 71.3 71 63.5 27.1 18.8 10.1 69.7 67 108 -10.9 2 7.3 23.4 9.8 11.8 -3 4.9 12 10.7 15.3 9.6 46.7 20.6 11.4 9.3 -4.4
89.2 24.6 70.8 71 62.3 26.5 17.8 9.8 68.8 65.9 106.9 -11.3 0.4 5.5 21.8 8.2 10.6 -3.5 4 9.3 8.5 13 8.1 45.2 19.2 10.9 2.6 -8.1
93.1 30.8 77.1 76.6 65.3 28.9 20.3 12.6 72.3 68.7 109.7 -8 0.7 6 22.7 9.8 12.1 -1.5 5.2 6.1 6.1 10.9 7.1 44.1 18.7 10.3 -2.1 -10.9
97.7 35.2 83.2 81.6 69.8 32.1 23.8 16.1 76.9 73 114 -3.4 2.9 8.1 25 13.2 15.3 1.8 8.3 4.8 5.4 10.7 7.5 44.6 20 11.2 -1.9 -10.5
98.2 30.4 81 79.8 71.1 32.6 24.3 16.4 77.5 74.5 116.1 0 4.3 9.1 25.9 14.6 17.3 3.6 11.4 5.6 6.2 11.7 8.9 46.5 22.5 13.7 1.6 -7.6
94.6 20.3 74 74.1 68.5 29.2 21.3 13.2 74.1 72.2 114.7 0.8 2.7 7.3 24.3 12.5 16.2 2.5 12.2 6.7 6.9 12.4 9.9 48.1 24.3 16.4 3.9 -4.8
89 10 65.5 66.8 63.2 24.5 16.8 8.5 68.9 67.7 111.5 -0.1 -0.3 4.2 21.2 8.6 13.1 -0.1 11.5 7.5 7 12.5 9.9 48.4 24.8 18.1 4.2 -4
83.6 2.4 56.3 58.7 57.1 21.4 12.7 3.8 63.8 63.3 108.8 -1.1 -1.9 1.8 18.4 5 10.4 -1.9 11 8.3 6.6 11.7 8.8 47.4 24.2 18.3 3.5 -5.1
80.9 -1.5 49.1 52.8 52.9 21.2 10.9 0.8 60.7 61.2 108.1 -0.9 -1.6 1.3 16.9 3.5 9.7 -1.7 11.5 8.7 5.6 10.2 7.2 46.1 23 17.7 3.2 -6.7
81.3 -3.6 46.2 51.5 52.7 23.3 11.7 0.2 60.1 61.6 109 0.9 -0.3 2.1 16.9 4.2 10.7 -0.1 12.7 8.7 4.3 8.8 5.8 45.1 22.3 17.3 3.4 -7.2
82.7 -3.6 47 53.9 55.5 25.2 13 1 61 63 110.5 3.9 0.4 2.4 17.3 5.3 11.9 1.7 13.8 7.9 2.8 7.5 5 44.1 22.2 17.4 3 -6.8
82.2 -4 47 54.9 57.4 24.9 12.5 0.9 61.2 63.6 112.1 7.1 -0.5 1.7 16.9 5.5 12.3 2.6 14.9 7.5 2.3 7.2 5.7 44.3 23.5 18.7 3.2 -5.5
78.6 -8.8 41.6 50.1 56 22.4 9.9 -1.2 59.1 62.7 112.9 8.8 -2.5 0.9 16.1 4.7 11.9 2.9 16.6 9.3 3.7 9 8 46.4 26.4 21.6 6.3 -2.6
76.5 -10.9 38.4 46 54.6 19.9 8.1 -2.5 57.8 62.1 113.2 8.3 -4.8 0.5 16.1 4.7 11.7 3.4 17.2 11.1 5.7 11.6 10.4 49 28.7 24.1 10.1 0.1
79.3 -4.1 43.7 49.4 56.3 20 9.7 -0.1 60.5 64 114.7 7.9 -5.1 1.6 18 6.9 13.5 4.9 17 11.2 6.8 13.2 11.3 50.6 29.4 24.6 11.5 1.1
84.7 6.2 52.2 57 59.7 23.5 13.7 4.4 65.2 67.4 117.4 9.6 -2.8 4 20.6 10 16.2 6.8 17.6 10.5 6.7 13.3 10.8 50.6 28.7 23.6 10.2 0.4
89.7 14.9 59.8 64.7 63.8 28.2 17.6 8.5 69.1 70.8 120.4 13.6 0.1 6.4 22.7 12.4 18.2 8.2 18.7 9.5 6.2 12.7 10 49.6 27.7 22.2 7.6 -0.8
92.6 20.1 66.7 71.5 67.5 31.5 19.9 10.9 71.7 73.5 122.4 17.3 1.6 7.5 23.7 13.3 18.7 8.6 18.8 8.1 5.7 12.3 9.7 48.7 27 20.9 5.5 -1.7
92.1 20.8 70.8 74.5 67.5 31.2 18.9 10.2 71.5 73.2 121.3 17.2 0.5 5.9 22.3 11.5 16.9 6.6 16.4 6 4.8 11.5 8.6 47.5 25.7 18.8 4.7 -2.6
88 19.3 70.3 72.5 63.6 27.8 15.1 6.5 68 69.3 117.1 12.8 -2.4 1.9 18.4 7.3 12.9 2.2 11.8 3.8 3.2 10 6.6 45.8 23.2 16.1 5.6 -3.7
83.1 16.3 66.9 67.8 59.3 23.9 11.3 2.7 63.8 64.5 112.5 7.4 -4.4 -1.7 14.8 3.4 8.9 -2.1 7.7 3.3 2.2 8.5 4.4 44 21 14 8.3 -4
81.4 14.9 65.6 65.6 58.2 21.2 10 1.1 61.9 62.5 110.1 3.2 -4.6 -3.3 13.4 1.9 6.9 -4.3 6.1 3 1.1 7.2 2.4 42.2 19.3 12.6 10.8 -3.7
84 19.3 70.7 69.6 61 19.4 10.8 2.4 63.5 64.1 110.2 0.5 -5 -3.7 13.6 2.7 7.1 -4.2 6.3 0.4 -1.2 5.2 0.2 40.1 17.7 11.1 10.1 -4.6
86.5 22.3 74.2 73.3 63.4 17.9 11 3.1 65.1 65.6 110.7 -1.4 -6.5 -3.9 13.5 3.2 7.8 -3.1 7.9 -2.6 -3.5 3.3 -1.1 38.8 16.7 10.5 7.8 -5.9
84.8 16.9 69.3 70.1 61.1 16 8.2 0.6 63.2 64.1 109.4 -3.5 -9 -5.3 11.8 1.8 7.3 -3.1 9.3 -3.4 -4.4 2.3 -0.9 39.1 16.9 11.6 7 -6.3
81 8 61.7 64.1 56.3 13.4 3.9 -3.2 59.8 61.2 107 -6.1 -11.9 -7.5 9.6 -0.5 6 -4.4 9.4 -2.1 -3.5 2.9 0.7 41 18.7 14.1 8.8 -4.6
78 0.2 55.6 58.8 52.5 11.5 0.9 -5.6 57.2 59.6 105.8 -7.7 -13.2 -8.7 8.6 -1.6 5.6 -4.9 9.5 0.9 -1.1 5.4 3.4 44.2 21.7 17.6 13.4 0.1
75.7 -5.6 49.3 53.6 50.5 11.6 0.4 -7 55.3 58.8 106 -6.6 -12.2 -8.1 9.1 -1.4 6.4 -3.8 10.9 4.6 1.5 8.4 5.8 47 24.4 20.7 19.2 5.9
73.7 -10.1 42.8 48.9 49.6 13.8 1.3 -8.4 53.2 57.6 106.2 -2.8 -10.1 -6.8 9.8 -1.1 6.9 -2.7 11.8 6.6 2 9.2 6 47.2 24.7 21.5 22.5 8.9
72 -15.1 36.8 44.5 48.8 15.8 1.5 -10.9 49.9 55.3 104.9 0.7 -9.2 -7.1 8.5 -2.4 5.2 -3.8 10.1 4.9 -1.1 6.2 2.6 43.4 21.2 18.5 20 6
69.8 -19.8 32.3 39.9 46.9 14.6 -0.7 -14.8 45.7 52 101.8 0.1 -11.3 -10.5 4.5 -6.1 1.2 -7.7 5.4 0 -7.1 0.3 -3.5 37 15 12 12.2 -2.4
65.6 -24.4 27.3 34.1 43.3 10.5 -5 -19.5 41.1 47.8 97.8 -4.8 -15.1 -15.5 -0.5 -10.9 -3.2 -12.3 0.4 -4.6 -12 -4.9 -8.2 32 10 5.7 5.2 -10.3
59.6 -31.1 19.6 26.8 38.9 6 -9.8 -24.2 36.7 43.6 93.9 -12 -18 -19.3 -3.9 -14.8 -6.2 -15.2 -2 -4.7 -12.5 -5.9 -8.5 31.4 9.1 3.7 4.7 -11.9
56.2 -32.7 16.1 23.8 37 3.2 -12.3 -26.1 35.3 41.7 91.9 -18.3 -18.9 -20.1 -4.4 -15.9 -6.6 -15.6 -2.4 -2.5 -10.1 -3.4 -6 33.5 11 4.7 9.3 -8.4
58.9 -23.7 22.5 29.6 40.4 3.4 -9.9 -22.9 39.2 45 93.7 -19.5 -17.3 -17.1 -1.5 -13.2 -3.7 -13.4 -1.4 -0.3 -7.2 0.2 -2.6 36 13.5 6.3 14.7 -4.2
66.9 -9.7 34 40.3 47.6 8.5 -2.8 -15 46.9 52.9 99.8 -13.7 -11.7 -10.4 5.1 -6.3 2.7 -7.9 2.8 3.6 -3.2 4.6 2 39.7 17 9.2 20.6 0.1
76.9 3.6 46.3 52.3 55.7 17.2 6.6 -4.8 56.4 62.5 108.2 -4 -3.6 -1.8 13.7 3.1 11 -0.4 9.5 9.7 2.7 10.8 8.3 45.7 22.1 14.5 27.6 5.3
84.9 12.3 57.8 62.7 61.5 24.7 14 3.5 64.5 69.6 114.9 4.5 2 4.8 20.7 10.8 17.3 5.8 14.9 14.9 8.6 16.9 14 51.7 27.3 20.1 33.9 10.4
86.6 14.5 64.3 67.3 62.8 25.7 15.2 5.6 67.5 70.8 116.6 9.1 1.5 5.7 22.4 12.5 18.5 7.3 15.7 15.3 10.9 19.4 16.1 53.9 29.6 22.5 35.9 12.6
82.6 13.1 64.1 66.1 59.7 20.7 10.9 2 65.5 67.1 114.3 9.5 -3.5 1.5 19.1 8.8 15.3 4.3 12.5 11.6 8.8 17.7 14.2 52.1 28.5 21.1 32.8 11.8
77.9 10.8 60.4 62.4 55 15.5 6.2 -2.4 61.8 63 111.4 7.5 -7.7 -2.8 15 4.4 11.4 0.6 9.1 7.8 5.5 14.6 11.3 49.5 26.3 18.9 27.7 10.2
77.9 11.4 59.8 61.4 53.3 14.9 5.6 -2.8 60.6 62.4 110.5 5.2 -7.8 -3.3 14.2 3.2 10.1 -0.8 8.3 6.2 4.2 12.9 9.8 48.2 24.9 17.9 23.4 9.8
83.3 17.9 66.9 66.5 57.1 19.1 9.6 1.8 64 66.3 112 3.9 -4.5 0.3 17.4 6.2 12.3 1.1 10.7 6.1 5.2 13.2 10.3 49 25 18.2 21.9 11.9
87.3 20.7 71.9 69.9 60.8 23.5 13.6 5.7 67.2 69.4 112.7 2.6 -0.6 4.4 20.7 9.3 15.3 3.5 13.7 7.6 7.3 14.5 11.4 50.6 26.1 19.3 24.6 16.2
83.6 12 65.8 64.4 57.9 22.7 12 3.3 64.3 66.2 109.3 -1.3 -0.1 4.1 19.3 7.5 14.3 1.9 13.2 8.1 7.3 14.2 10.7 50.2 26 19.8 27.1 18.5
75.9 -1 54.8 54.9 51.6 17.3 6.6 -2.9 57.5 59.6 103.8 -6.9 -2.9 -0.3 14.4 2.3 9.6 -3 8.9 6.4 5.5 12.3 8.4 48.1 24.5 19 25.8 16
70 -10.6 45.8 47.4 47 12.7 2.4 -8 51.7 54.7 100.1 -10.9 -4.3 -3.7 10.7 -1.7 5.2 -6.5 5.6 5.9 5 11.8 7 47 23.6 18.5 23.8 11.6
66.4 -16.2 37.9 41.9 44.9 11.5 0.3 -11.2 47.9 51.8 98.5 -12 -3.1 -4.3 9.2 -3.8 2.8 -7.7 4.9 7.4 5.7 12.1 6.7 46.4 23 18.2 23.2 8.4
64.5 -20 31.1 37.3 45.2 12.7 -0.2 -13.2 45.8 50.5 98.6 -10.2 -1.5 -3.2 8.9 -4.7 2.5 -7.6 6 8.7 5.5 11.6 6 45 21.7 17.6 23.6 7.7
65 -22.6 27.9 35 47.7 15.6 1.6 -13 45.7 51.3 100.3 -6.7 -0.7 -1.4 10.3 -3.9 3.9 -6.6 8 9.8 4.9 10.8 5.4 43.6 20.7 17.2 25.1 9.7
67 -21.7 29.4 36 50.3 19.1 5.1 -10.9 47.4 53.5 102 -5.8 -0.5 0.6 12.9 -1.7 5.8 -5.4 9.6 11.2 5.4 11.3 5.6 43.6 20.7 17.7 26.8 12.4
67.9 -20.2 30.8 37.1 49.5 21.5 7.4 -9 49.1 54.7 101.8 -9 -0.1 2.3 15.5 0.2 6.8 -4.9 10.3 13.9 7.9 13.6 7.4 45.6 22.2 19.7 28.3 15.4
66.1 -23.8 26.8 33.9 44.9 21.9 6.8 -9.4 48.5 53.5 99.6 -13 0.5 3.5 16.6 0.5 6.9 -5 11.2 18.4 11.7 16.8 10.6 49 25.3 23.4 29.8 18.9
65.2 -25.3 24.5 31.8 41 21.8 5.8 -9.8 48.1 52.5 98.5 -13.9 0.7 4.4 17.1 0.4 7.2 -4.7 12.6 21.4 14.4 19.1 13.4 51.9 28.1 26.5 30.7 21.7
68.8 -18.1 30.3 36 41.5 24 7.5 -7 50.9 54.6 100.4 -11.4 1.2 6.2 18.8 2 8.9 -3.2 14 21 15 19.6 14.5 52.9 28.8 27 31.5 22.8
73.9 -8.7 37.3 41.6 42.7 28.3 10.2 -3.5 54.4 57.3 102.6 -9.1 2 7.7 20.4 4.1 10 -2.3 13.7 17.7 13.1 18.1 12.8 50.9 26.5 23.6 31.5 21.9
76.3 -2.8 41.1 44.8 41.8 31.5 10.5 -2.5 55.4 57.3 101.6 -10 1.2 6.6 19.5 3.9 8 -4.7 9.9 11.8 8.5 14.3 8.4 45.9 21.4 16.8 28.5 18.5
75.5 -0.7 43.8 46.8 39.7 30.9 8 -4 54.2 54.5 97.7 -13.6 -2 2.7 16.1 1.2 3.7 -9.5 3.7 4.3 2.8 9.5 3.2 40.4 15.7 9.2 22.9 13.2
71.8 -2 45.5 47 37 25.2 3.5 -7.9 50.9 49.9 92.3 -18.7 -7.3 -2.9 11.1 -3.6 -1.6 -15.5 -3.1 -2.6 -2.4 4.9 -1.4 35.5 10.5 3.1 17.2 7
65.8 -5.3 43.9 43.7 32.6 15.7 -2.7 -13.8 45.5 43.8 85.9 -24.9 -13.9 -9.2 4.8 -9.7 -7.6 -22 -9.6 -7.7 -6.6 0.8 -5.7 31.3 5.8 -1.8 13.5 1.2
60.2 -9.6 39.2 38.3 27.4 7.2 -8.1 -19.1 40.1 38.2 80.9 -29.5 -18.8 -14.3 -0.4 -15 -12.8 -27.3 -14.7 -9.7 -9 -1.8 -8.7 28.2 2.1 -5.1 12.2 -1.9
59.1 -10.4 37.5 36.7 25.7 4.3 -9.1 -19.7 38.7 37.4 80.3 -29.2 -19.6 -15.6 -1.8 -16.5 -14.3 -29.3 -16.9 -8.9 -9.4 -2.9 -9.9 27 0.1 -6.6 12.1 -1.9
63 -3.8 44.5 43.2 30.5 6.6 -5 -15.2 43.2 42.1 84.2 -23.8 -16.5 -12.7 1.1 -14 -11.6 -27.4 -16.2 -7.7 -8.5 -2.7 -9.7 27.2 -0.3 -7.2 11.7 -0.6
66.1 0.4 51 49.6 35.8 9.4 -0.9 -11.4 48.2 46.6 88.1 -17.8 -13 -9 4.6 -10.7 -8.1 -23.7 -13.4 -6.5 -7.1 -1.8 -8.9 28.1 0.5 -6.2 11.6 1.9
63.7 -6 47.3 47.3 34.1 8.4 -2 -13.3 47.2 45.4 87.7 -17.2 -13.2 -8.9 4.6 -10.7 -7.9 -22.2 -11 -5.8 -6.6 -1.3 -8.5 28.6 1.5 -4.2 11.7 4.2
58.7 -17 38.7 40.1 27.8 3.7 -6.8 -18.4 42.1 40.9 84.4 -21.9 -17.6 -12.3 1.6 -13.4 -10.6 -23.7 -10.7 -6.6 -7.1 -1.5 -8.7 28.4 2.2 -2.2 11.6 5
56 -24.5 31.9 34.2 24.1 0.3 -10 -21.2 38.5 38.5 83.1 -25.2 -20.8 -14.7 -0.2 -15.1 -11.7 -24.5 -10.1 -6.1 -6 0.1 -7.1 29.8 4.4 0.4 13.7 6
57.1 -26.2 27.9 30.8 25.9 1.4 -8.7 -19.7 38.9 40.4 85.9 -22.6 -18.8 -12.5 2.2 -13.2 -8.8 -21.7 -7 -2 -1.8 4.2 -3 33.7 8.5 4.4 19.2 9.2
60.9 -24.9 26 29.9 30.7 5.9 -4.3 -15.6 41.8 44.7 91.2 -16.3 -12.6 -6.9 7.3 -9.1 -3.5 -16.9 -2.5 4 3.1 8.5 1.5 37.8 12.8 8.8 25.5 13.2
64.7 -24.7 24.9 30.3 34.2 10.6 -0.2 -12 44.6 47.8 94.9 -11.5 -6.5 -1.7 11.6 -5.6 0.6 -13.4 1.2 8.1 5.4 10.3 3.6 39.5 14.7 11.8 29 15.1
66 -25.1 24.5 31.2 35.1 13 1 -10.9 45.7 48.3 94.8 -11.7 -4 0 12.8 -4.5 1.5 -12.9 2.7 8.7 4.8 9.1 2.8 38.5 14.1 12.4 28.1 13.9
63.5 -27 22.1 29.3 33.6 12.1 -1 -12.9 44 46.4 92.1 -13.8 -5.2 -1.9 11.1 -6.1 -0.4 -14.7 2.3 8.1 3.8 7.4 1 36.9 13 12 25.5 11.9
57.1 -34.8 13.9 21.3 29.8 8.9 -5.4 -18.4 38.6 41.9 88.7 -13.3 -8.4 -5.8 7.2 -10 -4.3 -18 -0.2 8.5 3.4 6.2 -0.9 35.7 11.9 10.6 24.9 10.9
50.6 -41.9 6.3 13.7 26.3 5.1 -10.1 -24.2 32.6 37.2 86.2 -9.8 -12.7 -10.5 2.3 -15 -9.2 -21.9 -4.9 7.4 1.1 3.7 -4.1 33.1 9 6.5 24.3 8.6
48.9 -39.8 6.9 13.6 26.6 2.9 -12.1 -25.8 30.7 35.7 86.6 -6.1 -16.2 -13.8 -1 -18.4 -12.5 -24.2 -9.1 3 -3.4 -0.5 -8.2 29 4.5 1.4 21.3 4.2
51.8 -31.5 12.9 19 29.9 4.5 -10.2 -23 33.3 37.9 89.7 -4.8 -16.4 -13.7 -0.7 -17.9 -12.2 -23.2 -9.1 -1.3 -6.8 -3.6 -10.8 26.4 1.7 -1 17.2 0.6
56.3 -22.7 20.4 26.2 33.4 8.1 -6.6 -18.8 37.8 41.2 92.5 -7.6 -14.1 -11.3 1.6 -14.9 -9.9 -21 -6.9 -3.6 -7.5 -4.5 -11.6 26.1 1.3 -0.8 13.6 -1.5
59.4 -16.5 28 32.9 35.2 10.5 -3.8 -15.8 41.5 43.3 92 -13.8 -12.1 -9.1 3.4 -12.7 -8.6 -20.1 -6.1 -4.3 -6.6 -4.5 -11.6 26.6 2 -0.4 11.3 -3.1
61.1 -12.5 34.3 37.8 35.7 10.9 -2.5 -14.2 43.5 44 89.6 -19.4 -11.2 -7.9 4.4 -11.7 -8.6 -20.5 -7.2 -3.5 -4.6 -3.3 -10.4 27.8 3.6 0 11.7 -3.2
62.6 -8.9 38.7 40.5 35.2 10.6 -2 -13.2 44.5 44.5 88.1 -21.4 -10.8 -7.2 5.1 -11 -8.3 -20.6 -8.1 -1.1 -1.7 -0.4 -7.7 29.9 6.2 1.3 14.5 -1.3
64.1 -7.7 40.1 40.9 33.9 11 -1.6 -12.4 44.9 44.7 88.2 -20.5 -10.4 -6.8 5.6 -10.4 -7.7 -20.5 -7.6 1.5 0.7 2.4 -5 31.7 8.2 2.6 17.4 1
66 -6.8 40.9 41.5 33.1 12.3 -0.5 -11.3 45.5 44.7 88.5 -20.7 -10.5 -7 5.3 -10.4 -7.8 -21 -7.5 1.5 0.1 2.2 -4.9 31.1 7.4 1.6 16.6 0.5
68.7 -2.1 45.8 45.3 34.4 13.6 1.2 -9.7 47.2 44.9 87.8 -23.7 -11.5 -7.9 4.5 -10.9 -9 -22.3 -9 -2.9 -4.1 -1.9 -8.6 27.6 3.5 -2.6 9.9 -5.3
68.6 -0.9 48.1 46.9 35.1 13.4 0.9 -10.2 47.2 43.6 85.7 -28 -13.6 -10.2 2.6 -12.8 -11.2 -24.1 -11.6 -8.5 -9.5 -7.3 -13.8 23.5 -0.9 -7.3 0.8 -13
64 -9 41.6 41.2 32.3 10.8 -3.1 -14.5 43.1 39.4 81.9 -31.7 -16.9 -13.8 -1 -16.5 -14.4 -26.6 -14.8 -12.5 -13.2 -11.2 -17.5 20.9 -3.4 -9.8 -4.8 -17.4
58.7 -20 32.6 32.3 27.4 6.7 -8.2 -19.8 37.7 35.1 78.2 -34.2 -20.2 -17.3 -4.5 -20.1 -17.2 -29.6 -18.2 -14 -14.1 -12.2 -18.2 21 -3.4 -9.7 -5.6 -17.4
55.6 -28.1 25.6 25.1 22.2 3 -11.2 -23 34.1 33.1 76.9 -34.3 -21.7 -18.9 -6.4 -21.8 -17.8 -31 -19.1 -13.1 -13.2 -10.9 -16.5 22.9 -1.5 -7.9 -3.4 -14.7
54.6 -32.1 20.1 20.6 18.3 1.9 -11.2 -23.9 32.8 33.5 78.3 -31.6 -20.6 -18.5 -6.2 -21.6 -16.4 -29.3 -15.9 -10.5 -11.6 -8.9 -14.2 24.8 1.4 -5.2 -0.4 -11.2
55.3 -33 16.3 18.9 17.6 4 -8.8 -22.9 33.6 35.3 81.5 -27.2 -17.7 -16.4 -4.1 -19.3 -13.5 -25.2 -10 -6.9 -9.6 -6.9 -12.2 26.7 4.4 -2.1 2.7 -8.1
56.5 -33.2 15.1 19.4 19.4 7.2 -6 -21 35.3 37.5 84.8 -22.7 -14.7 -13.8 -1.1 -16 -11 -21.2 -5.2 -3.9 -8.1 -5.6 -11.4 28 5.9 0 4.6 -7
57.2 -32.7 16 21.1 22.4 8.4 -5.1 -19.6 36.3 38.7 86.7 -19.2 -13.8 -12.6 0.2 -14.4 -10.5 -19.6 -4 -3.6 -8.8 -6.2 -12.3 27.6 4.9 -0.5 3.2 -9.4
56.2 -33.6 15.4 21.7 24.8 7.2 -6.1 -20 35.4 38.5 87.5 -16.7 -14.4 -13.1 -0.8 -15.1 -11.6 -20.3 -5.6 -4.3 -10 -7 -13.6 26.7 3.6 -1.8 0.1 -13.1
53.2 -39.1 9.3 17.8 23.4 5.4 -8.5 -22.8 32.6 36.6 87 -15.3 -14.9 -14.4 -2.7 -17.4 -13 -22 -7.8 -3 -9.5 -5.9 -13.1 27.2 4.1 -1.4 -1.1 -14.3
51.9 -41.6 5.3 14.3 20 4.8 -10 -25 30.7 34.7 85.5 -16.6 -14.9 -15.5 -4 -19.5 -13.9 -24.3 -10.2 -1.7 -8.1 -4.7 -12.1 27.9 4.4 -1 -2.1 -14.1
56.2 -34.2 10.6 17.3 19.6 7.3 -8.4 -22.6 33.1 35.7 84.6 -19.9 -13.7 -14.6 -2.6 -18.9 -13.4 -25.5 -11.4 -1.8 -7 -4.4 -11.6 28 3.8 -1.7 -4.5 -14.1
63.6 -22.4 20.3 24.6 23.2 12.9 -4.1 -16.9 38.4 39.5 85.8 -21.8 -10.7 -10.9 1.3 -15.1 -10.7 -24 -10.1 -2 -6.3 -4.5 -11 28 3.4 -2.1 -6.4 -13.7
69.2 -13.2 29 33 29.2 18.2 0.3 -11.9 43.5 43.6 88.1 -22.1 -8.2 -7.6 4.7 -11.1 -7.8 -21.7 -9 -3.1 -6.6 -4.8 -10.6 27.3 2.7 -2.6 -7.9 -14.8
70.5 -8.8 36 39.9 34.3 19.6 2.6 -9.8 46.3 45.8 89 -23.5 -8.4 -7.2 5.3 -9.7 -7.3 -21.4 -10.3 -6.3 -8.4 -5.9 -11.6 25.2 0.6 -4.6 -10.7 -19.4
69 -7.4 40.8 43.2 36.5 17.2 2.5 -10.1 46.8 45.6 88.1 -27.3 -10.9 -9.4 3.6 -10.9 -9.2 -23.6 -13.1 -9.6 -10.3 -7.2 -13.2 22.9 -1.7 -7.3 -14.9 -26.1
66.6 -5.8 43.5 43.4 36.4 13.4 1.7 -10.7 46.4 44.7 87.3 -31.3 -14 -12 1.7 -12.7 -11.3 -25.9 -14.4 -11.1 -11 -7.6 -13.6 22.7 -1.9 -8.5 -18.3 -30
64.3 -5.1 44.1 42.6 36.5 10.8 1.4 -11 46.3 44.9 88.2 -31.5 -16.1 -13.4 1.2 -13.3 -11.2 -25.8 -12.5 -11.1 -10.6 -6.9 -12.6 24.7 0.3 -7.1 -19.6 -29
63.8 -4.7 45.2 44 38.7 9.6 1.6 -10.9 47.4 46.8 90.4 -28.4 -17.3 -13.7 1.6 -12.6 -9.6 -23.9 -9.8 -13 -11.5 -7.5 -12.8 25.5 1.4 -6 -21.9 -28
66.2 -0.9 50.1 49.2 42.2 9.6 2.2 -9.6 49.8 49.5 91.9 -25.8 -18.2 -14.2 1.9 -11.8 -8.7 -22.9 -9.5 -18.1 -14.9 -10.9 -15.6 22.6 -1.1 -8.5 -27.6 -32.2
68.1 0.2 52.1 51 41.7 11.1 1.8 -9.3 50.3 49.6 90.7 -26.2 -19.1 -15.2 1.1 -12.4 -9.9 -24.5 -11.8 -22.2 -18.4 -14.8 -19 18.5 -5.7 -13 -32.4 -38.4
65.9 -7 45.7 44.8 35.5 12.2 -1.1 -12.5 46.6 45.4 86.2 -29.7 -20.8 -17.3 -1.3 -14.8 -13.1 -28.3 -15.7 -21.9 -19.4 -16.7 -21 16 -9.3 -16.4 -33.9 -42.5
61.5 -16.6 37.4 37.2 28.8 10.7 -4.8 -17 41.9 40.5 81.6 -32.7 -23 -19.7 -3.4 -17.3 -16.1 -31.9 -19.8 -18.5 -18 -15.7 -21 16.3 -10.2 -17.3 -32.8 -43.6
58.8 -22.8 32.2 32.9 25.7 8.1 -6.8 -18.9 39.9 38.8 80.3 -30.8 -23.2 -20 -3.3 -17.9 -16.4 -32.1 -21.4 -13.9 -14.7 -12.5 -18.6 19.1 -8.1 -15.2 -29.1 -41.1
58.6 -25.2 28.2 30.4 24.8 6.1 -6.8 -18.2 40 39.9 82.2 -25.7 -21.3 -18.2 -1.9 -17 -14.5 -29.6 -19.5 -10.1 -11.8 -9.6 -16 22 -5 -12 -24.1 -37.1
58.9 -27 23.5 27.2 23.1 5.4 -6.9 -17.9 39.7 40.3 83.4 -24.2 -19.9 -17.1 -1.7 -16.9 -13.7 -28.3 -17.3 -9.1 -12 -9.7 -16.2 22.1 -4.4 -11.2 -21.8 -35.7
58.3 -30.4 18.6 23.8 20.2 6 -7.6 -19.3 37.9 38.3 81.1 -29.4 -20.4 -18.4 -3.9 -18.7 -15.7 -30.6 -17.5 -11.6 -15.8 -13.3 -19.9 18.3 -7.8 -14.4 -23.8 -38.5
58.1 -31.6 17.2 23 18.5 7.6 -7.5 -20.3 36.4 36 77.8 -36.2 -21.6 -20.7 -6.7 -20.7 -18.5 -33.8 -19.1 -15.5 -20.1 -17.7 -24 13.7 -12.1 -18.7 -26.7 -42.6
58.4 -31 17.7 23.3 18.7 9.4 -6.5 -20 36.6 35.8 77.4 -37.3 -21.4 -21.9 -7.8 -21 -18.9 -34.3 -18.9 -17.2 -21.2 -18.8 -24.4 12.6 -12.8 -19.3 -25.6 -42.9
56.7 -34.5 13.7 20 18.7 9.6 -7.1 -21.1 36.1 36.3 79.8 -31.8 -20.9 -22.4 -8.1 -21 -17.9 -32.4 -16.6 -16 -19.6 -17 -21.9 15 -9.8 -16 -21.4 -39.6
54.4 -37.5 9.9 16.5 19.2 7.5 -9.1 -23.4 35 36.5 82.1 -24.9 -22.2 -24.1 -8.9 -22.3 -17.6 -31.1 -15 -15.9 -18.8 -16 -20.9 16.8 -7.7 -13.4 -20.1 -37.9
54.9 -33.1 13.4 18.8 22.2 6 -9 -23.4 36.1 37.9 83.8 -20 -24.1 -24.9 -9 -22.7 -17 -30.2 -14.2 -17.7 -19.8 -17.2 -22.1 16.2 -7.9 -13.3 -22.6 -38.8
58.5 -23.4 20.9 25.4 26.9 7.3 -5.4 -20 39.8 41.3 86.4 -17.6 -23.7 -22.7 -6.8 -20.1 -14.4 -28.1 -12.8 -18.4 -20.8 -18.5 -23 15 -8.5 -13.5 -23.7 -39.1
63.4 -14.2 28.7 33 32.5 10.4 -0.6 -15.2 44.4 45.7 89.1 -18.3 -21.3 -19.3 -3.4 -15.9 -11.3 -25.7 -11.8 -18 -21.1 -18.9 -22.7 14.5 -8.8 -13.6 -21.7 -39.1
67.1 -9.3 35.7 38.9 37.7 12 2.1 -11.4 47.5 48.5 90.2 -21.8 -19.7 -17.9 -1.7 -13.4 -10.7 -25.4 -13.5 -18.4 -21.1 -19 -22.6 14.4 -9.5 -15 -19.7 -40.4
68 -7.3 40.6 41.6 41.5 11.2 1.9 -10.2 48.6 49 90 -24.9 -19.4 -18.8 -2.5 -13.6 -12.3 -26.6 -16.7 -19.5 -21.1 -18.8 -22.7 14.8 -9.8 -16.4 -19.7 -41.5
67.7 -4.4 43.9 42.7 44 10.1 0.5 -10.2 49.3 49.2 90.7 -24.4 -18.9 -19.7 -3.3 -14.2 -13 -26.6 -18 -19.9 -20.1 -17.1 -21.5 17.1 -7.8 -15.3 -19.9 -40
68 -2.1 44.8 42.7 44 11.5 0 -10.2 50 49.8 92 -22.3 -17.5 -19.2 -2.7 -13.8 -12 -24.9 -16.1 -19.3 -18 -14.3 -19.1 20.2 -4.9 -12.2 -18.4 -36.6
68.8 -1.6 45.4 43.3 42.2 14.6 0.2 -10.3 50.4 49.9 92 -22.7 -17.6 -18.7 -2.3 -13.4 -11.2 -23.9 -14.1 -20.2 -17.7 -13.8 -18.8 20.5 -4.8 -11.2 -17.3 -35
70.2 0.9 49.7 47.5 41.8 17.1 0.8 -10 51.4 49.4 90.8 -25.4 -19.8 -19.6 -3 -13.8 -11.9 -25 -14.5 -24.3 -20.7 -16.9 -21.7 16.9 -8.5 -14.6 -18.8 -36.9
69.4 1 51.8 50.3 41.5 17.7 0.4 -10.4 51.2 48.1 89.2 -27.8 -21.5 -21.1 -4.1 -14.7 -13.4 -26.8 -15.7 -27.2 -23.8 -20.1 -24.6 13.2 -12 -18.4 -19.7 -37.8
64 -5.9 46.3 46.5 37.6 15.4 -2 -12.8 47.9 45.1 86.6 -29.8 -22.2 -22.4 -5.4 -16.5 -15.2 -28.5 -16.5 -25.8 -24.2 -20.7 -24.8 12.4 -12.3 -18.6 -17 -34.6
56.8 -15.6 38.8 39.6 30.8 10.6 -5.6 -16.3 43.2 41.3 83 -32.9 -23.3 -23.5 -7 -19.1 -17.3 -30.4 -17.5 -22.2 -22.3 -18.9 -22.9 14.2 -10.5 -16 -13.1 -30.1
52.3 -23.5 32.5 33.2 24.5 6.5 -8.4 -19.3 39.3 38 79.6 -36.2 -24.1 -23.9 -8.3 -21.4 -18.8 -32 -18.9 -18.1 -19.5 -16.3 -20.8 16.6 -8.8 -13.2 -10.1 -27.5
51.6 -28 26.1 27.6 21.1 5.7 -10 -21.5 36.7 36 77.6 -36.9 -23.4 -23.4 -8.4 -22.3 -19.1 -32.3 -19.4 -13.9 -17 -14.2 -19.1 18.1 -7.9 -11.8 -7.1 -26
53.5 -30.1 20.1 23.2 21.1 7.9 -10.1 -22.4 35.6 35.4 78 -32.5 -21.4 -22 -7.5 -21.6 -18.2 -31 -18.1 -10.7 -15.3 -13.1 -18.1 18.8 -7.2 -11.5 -3.4 -24.2
55.3 -32.4 16.1 19.8 22.3 10.1 -9.5 -22.6 35.1 35.5 79.9 -25.1 -19.3 -20.8 -6.8 -20.7 -17.2 -29.6 -16.1 -10.3 -15.7 -13.8 -18.7 18.2 -7.1 -12.3 -1.5 -23.1
55.7 -33.4 15.3 18.3 22.8 9.9 -9.4 -22.9 34.9 35.7 81.3 -20.2 -18.2 -20.6 -7.1 -20.5 -16.8 -29.3 -15.1 -12 -17.6 -15.6 -20.1 17.1 -7.7 -13.5 -1.4 -22.4
53 -34.2 14.5 17.3 21.6 7.2 -10.3 -23.8 34.1 35.1 80.7 -21.7 -17.8 -21 -7.6 -21.2 -16.9 -29.6 -14.8 -12.3 -18.1 -15.9 -19.9 17.8 -7.1 -12.8 1.2 -19
45.6 -39.2 8.5 12.9 17.5 3.1 -12.8 -26 31.3 32.6 77.9 -28.2 -18.8 -21.8 -8.5 -22.5 -17.6 -30.6 -14.6 -9.4 -16 -13.7 -17.8 20.5 -4.5 -9.5 7.4 -13
38.5 -42.7 3.7 9.3 13.9 -1.1 -15 -27.8 29.1 30.3 74.8 -34.9 -21 -22.7 -9.5 -23.5 -18.6 -31.6 -15 -7.2 -13.9 -11.5 -16.2 22.5 -2.4 -7.1 12.1 -9.4
38.4 -38.9 6.8 11.6 15.5 -3.9 -15.1 -27.1 29.9 31.1 74.5 -37.6 -22.9 -22.8 -9.7 -23.7 -18.8 -31.6 -15.4 -8.7 -14.7 -11.8 -17 22 -2.6 -7.5 11.6 -10.4
44.1 -31.7 12.9 16.6 20.7 -4.3 -14.1 -25 32.1 34 76.9 -36.3 -23.4 -22.5 -9.4 -23.4 -18.3 -30.5 -14.8 -12.6 -17.8 -14.6 -19.7 19.5 -4.6 -9.5 7.9 -13.4
50.5 -24.8 18.7 22.1 25.7 -2.8 -12.8 -23.1 34.4 36.6 79.9 -33.4 -23 -22.2 -8.9 -22.5 -17.3 -29.1 -13.9 -16.3 -21 -17.3 -22 17.7 -6.1 -10.7 4.9 -15
55.4 -19.1 25.7 28.5 28.9 -0.2 -11.1 -20.9 37.9 38.8 82.7 -30.1 -21.9 -21.4 -7.6 -20.4 -15.5 -27.1 -12.8 -18 -21.5 -17.4 -21.7 18.8 -5.1 -9.5 5.1 -13.6
58.6 -14.2 33.2 34.3 30 1.6 -9.1 -18.4 41.7 40.6 85.2 -27.1 -20.4 -19.8 -5.2 -18 -13.5 -24.8 -11.5 -16.8 -19.3 -15 -18.9 22.3 -1.9 -6.5 7.7 -10.2
60.3 -9.5 38.4 37.8 30.1 2.6 -7.1 -16.2 44.4 42.4 87.3 -24.1 -18.3 -17.7 -2.7 -16.2 -11.7 -22.6 -10.2 -12.8 -14.9 -11.3 -15.1 26.8 2.5 -2.8 11 -5.5
61.2 -6.7 40.2 39.3 30.9 4.4 -5 -14.5 46.2 44.3 89.6 -19 -14.6 -14.5 -0.1 -14.3 -9.7 -20.3 -8.9 -6.8 -9.6 -7.1 -11.4 30.8 6.7 0.7 14 -0.3
62.7 -5 42 41.8 33.7 7.4 -2.7 -12.5 47.9 46.4 92.3 -12.2 -10.8 -11.6 1.7 -12.4 -8.2 -18.8 -9.2 -2.8 -6.6 -5 -9.9 31.8 7.7 1.3 14.5 2.4
64.8 -1.7 47.2 46.9 37.5 9.1 -1.3 -10.4 49.7 48.1 94.4 -7.8 -10.1 -10.9 1.9 -11.9 -8.3 -19.4 -12.2 -4.3 -8.6 -7.1 -12.2 28.4 3.9 -2.6 10.1 0
64.1 -2.8 48.3 48.1 37.8 8.1 -2.3 -11.3 48.9 47.3 93.7 -9 -11.8 -12.7 0 -13.4 -10.4 -21.9 -15.3 -8 -12.7 -11.4 -16.6 23.4 -1.1 -7 4.4 -4.1
59 -11.7 40.7 41.4 33.4 4.8 -6.5 -15.8 44.5 43.4 90.5 -14 -14.4 -15.6 -2.9 -16.4 -13.3 -24.4 -15.7 -9.3 -14.8 -13.8 -19.5 21 -3 -7.4 3.1 -4.9
52.6 -23 31.5 32.8 28.2 0.3 -11.8 -21 39.5 39.2 87 -19.5 -17.7 -18.8 -5.7 -19.5 -15.6 -26 -13.5 -8.9 -14.6 -13.6 -19.4 22.3 -1.2 -3.7 6.5 -1.7
46.9 -32.9 23.5 24.9 23.8 -4.3 -16.7 -25.6 34.8 35.5 83.4 -24.6 -21.6 -22.3 -8.7 -22.9 -17.9 -28 -12 -9.6 -15 -13.6 -19 23.7 0.5 0.4 9.7 0.9
43.1 -39.7 15.5 17.6 20.1 -7.3 -20.3 -29.2 30 32.1 80.1 -26.8 -24.4 -25.4 -12 -26.7 -20.8 -30.9 -12.8 -11.8 -17.6 -15.8 -20.5 22.2 -0.8 1.2 8.8 -1
43.8 -41.1 10.4 13.8 19.7 -5.3 -20.2 -29.3 28 31.9 80.5 -21.5 -23.1 -24.9 -12.3 -27.2 -21.3 -31.4 -12.5 -11.8 -18.8 -16.9 -21.3 20.3 -2.3 0.4 6.6 -4
48.7 -38.6 10.9 15.3 22.7 1.5 -15.4 -25.1 31.5 36 85.2 -12 -17 -19.6 -7.8 -22.8 -17.3 -27.6 -8.2 -7.4 -15.5 -13.9 -18.7 21.8 -0.8 1.4 7.9 -2.9
53 -35.3 14.8 19.1 24.6 7.7 -9.8 -20.3 36.5 40.2 88.7 -9.2 -11.5 -14.2 -2.6 -17.7 -13.2 -23.7 -3.3 -2.9 -11.3 -10 -15.3 24.7 2 3.5 11.2 0.6
51.9 -36.3 15.1 19 20.9 7.9 -8.9 -20.1 37 39.1 85.7 -18.3 -11.7 -13.9 -2 -17 -13.5 -24.7 -2.1 -2.7 -10.4 -8.9 -14.8 25.7 2.4 4.2 13.2 3
45.4 -43.9 7.6 12.1 11.7 3 -13.3 -25.1 31.6 32.6 77.5 -33.1 -16 -18.1 -6 -21.1 -17.9 -30 -5 -5.3 -12.5 -10.5 -16.5 24.2 0.2 2.8 13.5 4.2
39.8 -48.8 1.5 6.8 3.2 -2 -18.2 -29.8 26.3 26.9 70.1 -43.7 -20.3 -22 -10.3 -25.8 -22.6 -35.8 -10.5 -8.5 -15.4 -12.9 -18.9 21.4 -3.5 -1.5 11.3 3.4
40.7 -43.3 4.7 9.7 1.8 -2.3 -18.2 -29.4 26.8 26.7 68.2 -44.1 -21.5 -22.3 -10.8 -26.5 -24 -38.3 -15.5 -10.3 -16.7 -14.2 -20.2 18.9 -7.1 -7.3 8.3 1.7
46.1 -32.6 12.4 16.1 6.8 2.1 -13.4 -25 31.5 30.9 71.6 -36.2 -19 -19.1 -7.6 -22.9 -21.7 -36.9 -17 -9.4 -15.7 -13.6 -20.2 17.9 -9.3 -11.3 8 1.9
50.9 -24 19.1 21.6 13.9 7.3 -8.6 -21 35.8 35 75.4 -28.8 -16.3 -16.1 -4.2 -19 -18.8 -34.8 -17 -8.6 -14.6 -13.3 -20.2 17.3 -10.3 -13.3 8.8 3.2
51.9 -20.7 23.8 25.3 19.6 8.5 -8.1 -20.4 37.5 36.1 76.5 -27.8 -16.8 -17.1 -4.2 -18.8 -18.7 -35.3 -18.3 -11.3 -16.5 -15.4 -21.9 15.5 -12 -15.3 6 1.9
49.5 -21.1 26.5 27.6 23.4 4.5 -11.7 -22.7 36.5 35.1 76.4 -29.8 -20.8 -21.6 -7.7 -22.2 -21.6 -37.8 -20.7 -16.8 -21 -19.1 -24.8 13 -14.4 -17.6 -0.5 -3
46.1 -21.5 27.9 28.8 26.7 -1.3 -15.1 -25 35.1 34.4 77.9 -28.8 -24.8 -25.6 -11.3 -25.3 -24.4 -39.5 -21.6 -20.6 -23.7 -21.2 -26.7 11.9 -15.6 -18.4 -6 -8
44.2 -21.2 28.6 30.1 30.3 -3.9 -14.8 -24.7 35.6 35.9 81.9 -24.4 -24.7 -25.4 -11.4 -25.1 -23.9 -38.3 -19.5 -18.9 -21.4 -19.2 -25.4 13.9 -13.7 -16.2 -6.3 -9.3
47 -17.3 32.6 34.7 34.9 -1.1 -9.9 -20.4 39.9 40.5 87.2 -20.1 -20.1 -21 -7.6 -20.9 -19.7 -34.2 -15.7 -13.6 -16 -14.8 -21.9 17.3 -10.2 -12.4 -2.6 -7
54.8 -7.6 42.9 44.3 41.2 4.8 -3.4 -13.1 47 46.7 91.6 -18 -14.3 -15.4 -1.7 -15.5 -14.7 -29.7 -13.3 -9.5 -12 -11.4 -19.1 19.5 -8.2 -10.4 0.5 -4.7
61.2 -2.2 49.8 50.3 44.7 9.4 -0.4 -8.3 51.2 49.9 92.8 -17.4 -10.9 -12.2 2.2 -12.2 -12.3 -27.3 -13.5 -7.7 -10.8 -10.2 -18.4 19.6 -8.3 -10.7 2 -4.1
60.6 -9.2 45.1 45.6 41.3 8.7 -3.7 -10.4 49 47.9 90.6 -18.6 -12.1 -13.4 1.5 -13.3 -13.7 -28.2 -15.4 -7.8 -11.5 -10.7 -18.9 18.6 -8.9 -11.8 2.7 -4.6
54.9 -22.2 35.2 35.5 33.9 3.1 -9.9 -16.4 43.2 43 86.7 -22.8 -16.9 -17.5 -2.2 -17.2 -17 -30.9 -17.5 -9.6 -12.8 -11.4 -19.3 18 -9 -12.1 2.7 -4.8
47.9 -32.9 25.9 26.7 26.3 -3.4 -14.9 -22.2 37.3 37.9 82.1 -29.8 -21.5 -21.3 -5.9 -21.1 -19.9 -33.6 -18.1 -11.6 -13.8 -11.6 -19.1 18.1 -8.5 -11.1 3.1 -3.7
42 -38.7 18.1 20.5 19.6 -7.5 -17.1 -25.5 33 34.1 77.9 -36 -23.1 -22.7 -7.7 -23.1 -21.3 -35.3 -16.7 -12.1 -14.2 -11.7 -18.7 18.3 -8.2 -9.4 4.1 -2.4
37.9 -41.3 12 16.4 14.5 -7.8 -16.8 -26.2 31 32.5 76 -37.7 -21.9 -21.8 -7.5 -23.3 -20.9 -35 -13.9 -11.6 -14.5 -12.2 -18.6 17.9 -8.2 -8 4.4 -2.4
35.6 -43.9 8.1 13.9 12 -5.3 -16.2 -25.9 30.6 32.3 76 -35.7 -20.2 -20.4 -6.7 -22.6 -20.1 -33.7 -11.8 -11.7 -15.3 -13.3 -19.7 16.4 -9.3 -8.2 2.1 -5.2
35.6 -45 7.1 12.7 11.7 -3.1 -17 -26.1 30.8 32.3 76.3 -34.1 -20.1 -20.1 -6.8 -22.4 -20 -33.2 -12 -12.7 -16.6 -14.3 -21.6 14.5 -11.1 -10.1 -1.9 -9.4
37 -45.3 6.1 10.9 11.1 -3.1 -18.8 -27 30.6 31.6 75.8 -34.5 -21 -20.6 -7.5 -22.3 -20.3 -33.1 -13.1 -12.3 -16.2 -13.4 -21.5 14.8 -11.2 -10.6 -2.9 -10.9
36.9 -49.6 0.4 5.1 7.6 -6.1 -21.3 -29.5 28.1 29.6 74.1 -36.7 -22.4 -21.6 -8.5 -22.8 -20.8 -33.4 -13.7 -9.7 -14.1 -10.9 -19 17.3 -9.1 -8.7 -0.2 -8.7
35.8 -53 -4 0.5 3.9 -10.9 -23.8 -32 25.3 27.8 71.9 -39.6 -24.9 -23.4 -9.8 -23.9 -21.8 -34.6 -14.6 -8.7 -13.6 -9.9 -17.3 18.6 -7.8 -7.6 1.2 -7.6
36.6 -48.7 -0.8 2.8 4.4 -13.5 -24.2 -31.6 25.6 28.6 71.7 -40.2 -26.7 -24.7 -10 -24.3 -21.9 -35 -15.5 -11.2 -15.4 -11.2 -18.2 17.4 -8.6 -8.9 -1.3 -10.1
39.1 -39.3 6 8.8 8.4 -11.6 -22.1 -28.8 28.8 31.5 74.4 -37.1 -25.6 -23.7 -8.3 -23.1 -19.8 -32.8 -14.3 -14.3 -17.4 -13.2 -19.7 15.6 -9.8 -10.6 -5 -14.5
41.8 -30.2 13 15.6 13.4 -7.7 -19 -25.5 33.3 35.2 78.7 -32 -23.3 -21 -5.4 -20.6 -16.3 -28.8 -11.6 -16 -17.9 -14.1 -20 15.4 -9.5 -10.8 -7.3 -18.2
44.3 -24 20.6 22.9 18.2 -5.3 -16.2 -22.2 38.4 39.2 82.9 -27.7 -21.9 -18.2 -2.5 -17 -12.6 -25 -9.2 -15.8 -16.3 -12.7 -17.7 17.8 -6.7 -9.1 -6.6 -18.8
45.8 -21.3 27.5 28.6 21.4 -5.6 -15 -19.8 42 42.1 85.5 -25.8 -22.1 -17 -0.8 -14.2 -10.5 -22.8 -8.6 -14.8 -14.1 -10.1 -14.2 21.3 -2.9 -6.6 -4.5 -16.8
45.1 -21 30.8 30.6 21.9 -8 -16 -19.8 42.4 42.5 85.6 -26.3 -23.9 -18.4 -1.1 -14.2 -10.9 -23.1 -10 -15.1 -13.6 -8.4 -11.9 23.7 -0.6 -5.3 -5.6 -16
43.3 -22.7 29.9 29 20.8 -9.4 -17.7 -21.6 40.6 41 84.7 -26.3 -25.9 -20.7 -2.8 -15.7 -12.2 -24.2 -11.6 -16.6 -14.6 -8.2 -11.8 24.4 -0.2 -5.3 -10.4 -17.9
43.8 -22.4 30.2 29 21.2 -7.4 -17.2 -22 40.5 40.9 85.7 -23.4 -26.1 -21.5 -3.4 -15.7 -12.1 -23.9 -11.5 -19.2 -16.3 -9 -12.6 24.3 -0.4 -6 -15.7 -20.7
48.2 -16.3 36.8 34.5 25.5 -3.2 -14.1 -19.1 44.1 44 89 -19.9 -24.4 -20.1 -1.8 -13.6 -10.2 -21.7 -10.3 -22.7 -18.2 -10.1 -13.5 23.7 -1.1 -7.6 -19.4 -23.4
51.7 -12.2 41.5 38.6 30.6 -0.2 -11.5 -16.2 47.1 47.4 92.2 -18.9 -22 -18 -0.1 -11.6 -7.9 -19.3 -9.3 -24.2 -18.7 -10.7 -13.9 23.5 -1.9 -9.1 -20.4 -25.9
50 -17 37.4 35.9 32.4 -1 -11.7 -16.7 45.9 47.9 93.5 -18.3 -20.6 -17.2 -0.1 -11.6 -7 -17.9 -9 -21.9 -17.3 -10.1 -13.1 24.3 -1.8 -8.9 -19.8 -28.5
45.3 -25.5 30.6 31.2 31.3 -4.3 -13 -19.1 42.9 46.6 93.9 -14.7 -20.9 -17.3 -1 -12.4 -7.2 -17.2 -8.7 -17 -14.3 -7.9 -10.8 26.3 0.1 -6.5 -18.7 -30.4
41.5 -33 25 27.2 27.2 -7.4 -14 -21.5 40 44.6 93.9 -11.2 -22 -17.6 -1.6 -13.1 -7.9 -17.2 -7.6 -12.1 -11.2 -5.2 -8.4 28.6 3.2 -3 -17.7 -30.5
39.4 -39 18.3 21.3 19.3 -9.3 -15.5 -24.1 36.3 41.5 91.9 -13.2 -23.7 -18.2 -2.5 -14.4 -9.2 -18.2 -6.4 -9.1 -9.8 -3.9 -7.9 29.3 5 -0.7 -16.4 -29.7
38.6 -43.8 10.6 14.3 11 -9.4 -17.8 -26.7 32.6 37.8 88.5 -18.8 -25.2 -19.2 -3.5 -15.8 -10.6 -19.5 -5.6 -8.3 -10.7 -4.4 -9.6 28.2 4.4 -0.7 -14.6 -30.1
38.1 -48.4 4.2 8.8 7.1 -8.5 -20.5 -29.5 29.4 34.6 84.8 -23.7 -26.3 -20.9 -4.9 -17.5 -12.4 -21.3 -6.6 -9.8 -13.8 -6.8 -13.1 25 1.1 -3.5 -14.8 -34
37.1 -51.5 0.5 6.1 6.8 -8.7 -23.8 -32.8 26.2 31.2 80 -28.5 -27.8 -24.2 -8.1 -20.9 -16.3 -25.4 -10.9 -14 -18.8 -11.8 -18.2 19.5 -5.3 -9.9 -19.6 -43.1
33.9 -54.7 -3.6 2.5 5 -11.3 -27.8 -37.3 21.9 26.5 73.8 -34.4 -30.2 -28.6 -12.8 -26 -21.8 -31.8 -16.8 -18.5 -23.1 -17.1 -22.9 14.1 -12 -17 -26.3 -52.9
27.8 -61.5 -12.3 -5.5 -0.3 -15.8 -32.3 -42.6 16.4 21.1 68 -39.9 -32.8 -32.4 -17.4 -31 -26.6 -37.1 -20.3 -20.2 -24.9 -19.9 -24.9 11.4 -15.6 -20.4 -29.6 -57.2
23.3 -65.3 -17.7 -11.1 -4.1 -19.6 -35.3 -45.7 13.4 18.3 65.2 -43 -35.5 -34.4 -19.9 -33.8 -28.6 -39.2 -21 -20.6 -25.4 -20.5 -25.1 10.7 -16.6 -21 -30 -57.4
24.7 -59.7 -12.7 -7.7 -1.7 -20 -34.3 -43.7 15.7 20.3 66.8 -42.5 -35.9 -33.7 -19 -32.8 -27.3 -38.1 -20 -20.7 -25.5 -20.3 -24.7 10.4 -16.9 -21.2 -29.5 -58.5
30.7 -48.6 -2.5 1.4 5.1 -15.5 -29.2 -38.2 21.6 25.9 71.6 -38.1 -32 -30.1 -14.9 -28.3 -23.1 -34.5 -17.4 -18.6 -23.9 -18.9 -23.6 11 -16.2 -20.3 -27.6 -60.1
37.3 -37.5 7.2 10.8 12.9 -9.3 -23.1 -32.2 27.9 32 77.1 -31.7 -26 -25.7 -10.2 -22.7 -18.4 -30.5 -14.7 -15.1 -20.8 -16.9 -21.6 12.9 -14.5 -18.6 -25.6 -60
41.1 -31.2 15 18.1 18.9 -6 -19.8 -28.4 32.1 35.9 80.5 -26 -22.8 -23.6 -8.1 -19.4 -15.9 -28.5 -14.6 -13.7 -18.8 -15.8 -20.1 14.8 -12.9 -17.3 -26 -58
40.2 -30.9 19.1 21.3 21.4 -8.9 -21.7 -28.9 32.5 36.1 81.1 -22.4 -25.2 -26 -10 -20.5 -17.1 -29.6 -17.5 -17 -20.5 -17.3 -21.3 14.7 -12.8 -18 -30.6 -57.4
35.4 -33.7 19.2 20.5 20.6 -16.1 -27.5 -33.1 30 33.3 79.7 -19.9 -31.3 -31.7 -14.6 -24.9 -21 -32.7 -21.7 -23.2 -25.2 -20.7 -24.6 12.6 -14.6 -20.4 -36.6 -60.7
30.5 -36.8 16.7 18 19.1 -21.6 -32.5 -37.3 27.4 30.8 78.5 -19.1 -36.2 -36.5 -18 -28.5 -24.1 -34.9 -23.9 -27.4 -28.8 -23.2 -26.6 10.5 -16.3 -22.5 -38.5 -64
29.8 -36.3 17.1 18.9 20 -21.5 -32.8 -37.3 28.3 31.5 78.9 -21.7 -37.1 -37.2 -18.1 -28.5 -24 -34.3 -22.5 -28.1 -29.4 -23.5 -26.1 10.2 -16.6 -23 -34.8 -63.6
34.4 -29.4 24.3 26 24.4 -17.5 -28.6 -32.8 32.7 35.7 81.2 -27 -35.7 -34.8 -15.4 -25.7 -21 -32 -19.3 -28.8 -29.2 -23.2 -25.4 10.7 -16.2 -22.3 -30.8 -61.2
38 -25.4 28.8 30.4 27.8 -13.8 -25 -29.2 35.5 38.8 83.1 -31.4 -34.5 -32.8 -13.4 -23.7 -18.5 -30.1 -16.6 -30.2 -29.5 -23.2 -25.7 11.3 -15.5 -21.2 -28.8 -58.4
35.6 -31.9 23.2 25.5 25.9 -13.9 -26.2 -31 32.8 37.3 82.6 -32.9 -35.1 -33.7 -14.5 -24.9 -18.9 -30.3 -16 -30.7 -29.9 -23.5 -26.4 12 -14.1 -20 -27.3 -55.1
30.3 -43 14 17.1 20.7 -16.9 -30.4 -36.1 27.8 33.1 80.4 -31.8 -36.7 -36.3 -17.2 -27.8 -21.3 -31.9 -17.4 -29.7 -29.5 -23 -26.2 13.6 -12.1 -18.5 -25.3 -50.8
26.2 -51.7 6.5 10.2 15.4 -19.9 -33.9 -40.6 23.7 29.4 77.8 -30.3 -36.7 -37.9 -19.1 -30.3 -23.5 -33.6 -19.2 -27.5 -28.3 -21.8 -25.1 15.6 -10.3 -16.9 -21.9 -45.8
24.6 -56.1 -0.1 5.1 11.1 -21.3 -35.9 -43.4 20.8 26.8 75.1 -31.4 -34.9 -37.9 -19.9 -31.9 -24.7 -35 -20.1 -24.9 -27 -21.2 -24.6 16.2 -10 -16.1 -17.2 -41.7
25.3 -57.9 -5.6 1.8 8.3 -21.2 -36.5 -44.2 18.9 25 72.8 -35.2 -33.1 -37.1 -19.8 -32.5 -25 -35.7 -19.3 -22.9 -26.6 -21.5 -24.8 15.3 -10.6 -15.8 -11.8 -38.7
27.1 -59.7 -8.8 0.5 6.6 -20.4 -36.6 -43.9 17.7 23.9 71.3 -39.6 -33.3 -36.6 -19.8 -32.5 -25 -35.6 -17.4 -22.4 -27.4 -22.5 -25.4 14 -11.1 -15.3 -7.2 -35.9
27.8 -60.8 -9.4 0.9 4.5 -20.3 -36.6 -43.8 16.7 22.8 69.9 -43.4 -36.5 -37.4 -20.9 -33.1 -25.5 -36.2 -16.5 -23.7 -29.6 -24.1 -26.5 12.7 -11.7 -15.1 -5.2 -33.3
25.4 -63.2 -11.3 -0.5 1.4 -21.5 -37.7 -45.6 14.5 21 68.1 -45.6 -41 -39.5 -22.8 -35.1 -27 -37.4 -17.3 -24.7 -31.3 -25.2 -27 12.3 -11.9 -14.8 -5.6 -31.2
19.4 -70.4 -19.5 -7.6 -3.7 -23.5 -40.7 -50.3 9.6 16.9 65.2 -46.7 -43.7 -42.3 -26 -38.5 -29.9 -39.4 -19.2 -24 -31.8 -25.6 -26.9 12.7 -11.5 -14.3 -7.7 -30.5
14.1 -75.8 -26.5 -14.6 -8.5 -25.2 -44 -54.9 4.3 12 61.3 -48.5 -44.3 -45.2 -29.7 -42.4 -33.4 -42.3 -22.2 -24.2 -32.6 -26.9 -28.1 11.9 -12.3 -15.3 -11.9 -32.3
14 -72.2 -24.6 -14.9 -9.4 -25.2 -44.5 -55.8 2.9 10.1 59.2 -50.2 -43.2 -46.5 -31.7 -44 -35.1 -44.2 -24.8 -26.4 -34.3 -29 -30.4 10.3 -14 -17.2 -15 -33.4
17.8 -63 -17.9 -10.4 -6.9 -23.2 -42.1 -53.4 5.4 12.1 60.1 -49.7 -41.3 -45.3 -30.7 -42.4 -33.5 -42.9 -24.2 -28.8 -35.8 -30.2 -32 9.7 -14.2 -16.9 -14.1 -30.7
22.2 -54 -10.8 -4.7 -3.4 -21 -39.1 -50.1 9.6 16.3 63.1 -47.2 -40.5 -43.5 -28.1 -39.1 -30.2 -39.5 -20.9 -30.8 -36.6 -30.4 -32 10.6 -12.5 -14.5 -10.7 -26
25 -48.8 -4 0.9 -0.9 -20.5 -37.4 -47.6 13.5 20.1 66.1 -44.3 -41.5 -42.9 -25.6 -36.4 -27.6 -36.3 -17.7 -32.2 -36.5 -29.8 -30.6 12.6 -9.5 -11.5 -7.2 -21.8
25.1 -47.6 1.4 4.7 -0.6 -22 -37.2 -46.5 15.8 21.6 67.5 -42.4 -43.5 -43.6 -24.5 -35.6 -26.7 -35 -16.8 -32.5 -35.6 -28.6 -28.5 14.9 -6.5 -9 -4.8 -18.7
23.3 -47.5 4.4 6 -1.9 -24.5 -37.6 -46.6 16 20.8 67.2 -42.3 -44.9 -44.7 -24.8 -36 -27.1 -35.7 -18 -31.2 -34 -26.5 -26.2 17.2 -4.3 -7.3 -2.5 -15.6
21.2 -48 4.5 5.4 -2.9 -25.9 -37.6 -46.7 15.6 19.7 66.5 -43 -44.1 -44.3 -25.3 -35.9 -27.3 -35.9 -19.3 -28.4 -31.7 -23.8 -23.9 19.4 -2.5 -6 0.4 -12.2
21.7 -46.6 5.1 6 -1.2 -25.3 -36.4 -45.3 16.6 20.5 67.5 -42.2 -41.5 -42.2 -24.5 -34.5 -26.2 -34.6 -19.1 -26.7 -29.9 -22.1 -22.5 20.6 -1.5 -5.5 2.6 -9.2
25.8 -40.2 11.1 11.5 3.8 -23.2 -33.7 -41.8 20.5 24 70.8 -38.7 -38.9 -39.4 -21.8 -31.9 -23.8 -32.1 -17.8 -27.8 -29.7 -21.9 -22.3 20.9 -1.3 -5.9 2.9 -7.3
29.5 -36.7 15.6 16 8 -21.2 -31.9 -39 23.5 27.2 74.6 -34.3 -37.5 -37 -18.9 -29.6 -21.5 -29.9 -16.1 -29.2 -30.3 -21.8 -22 21.1 -1.2 -6 3.4 -4.7
27.9 -43.3 11.3 12.8 6.6 -21.8 -33.8 -40.6 21.7 26.4 75.5 -33 -38.3 -36.9 -18.7 -30.2 -21.6 -30.1 -15.5 -29.1 -30.8 -21.6 -21.7 21 -1.3 -5.9 5.1 -1.2
21.9 -55.4 2.4 4.7 0.5 -25.8 -39.1 -45.8 16.3 21.5 72.1 -36.4 -41 -40 -21.9 -34.1 -25 -33.8 -17.7 -28.9 -31.2 -22.3 -22.6 19.7 -2.7 -7.1 6.4 1
15 -66.2 -6.9 -3.9 -7 -30.4 -44.6 -51.6 10 14.9 65.6 -42 -43.6 -44 -26.1 -39.6 -30 -39.1 -21.3 -28.7 -31.6 -23.6 -24.6 17.2 -5.6 -9.4 6.8 1.1
11.2 -71.1 -15.1 -10.6 -12.2 -31.8 -46.9 -54.9 5.9 10.5 60.4 -45.6 -43.3 -45.3 -28 -43.1 -33 -42.1 -23 -27.1 -31.4 -24.3 -26.1 15.5 -7.4 -10.3 7.4 0.9
11.8 -70.8 -19.8 -13.5 -12.3 -28.6 -44.7 -53.9 6.1 11 60.4 -44.5 -39 -42 -26 -41.7 -31.7 -40.7 -20.3 -23 -29 -22.8 -25.1 16.4 -5.8 -7.7 11 3.1
13.9 -69.9 -21.3 -13.2 -8.7 -23.5 -40.9 -50.8 8.5 14.6 64.1 -41 -33.2 -36.9 -22.4 -37.4 -28.2 -37 -15.6 -17.8 -25.8 -20 -22.9 18.6 -2.8 -3.9 16.7 7.4
13.9 -70.3 -20.9 -12 -5 -21 -39.6 -49.4 9.9 16.5 66.6 -39 -30.3 -34.5 -20.8 -35.1 -26.8 -35.4 -13.6 -15.3 -24.7 -19 -22.5 19 -2.5 -2.2 19.6 9.6
10.3 -73.4 -22.9 -13.7 -5 -22.9 -42.4 -51.6 8.1 14.9 66.4 -38.1 -31.8 -36.4 -22.5 -36.8 -28.2 -36.5 -14.5 -16.2 -25.9 -20.2 -24.2 18.1 -4.1 -1.8 18 8.8
4.8 -79.9 -29.7 -19.5 -8.7 -27 -46.9 -55.8 4.1 11.9 65.6 -35.5 -35.4 -39.9 -25.3 -39.7 -30.1 -37.3 -14.7 -16.9 -26.3 -20.4 -24.8 18.6 -3.6 0.7 16.6 9.2
3.7 -81.1 -31.9 -21.3 -10.3 -29.5 -48.5 -56.8 3.1 12.1 67.5 -30.4 -38.4 -41.1 -25.4 -39.8 -29.5 -35.6 -12.8 -16.6 -24.9 -18.7 -23.2 21.1 -0.5 4.1 17.4 12.1
9.2 -72.4 -23.5 -14.2 -6.2 -28.2 -45.1 -52.5 7.8 16.9 72.2 -25.9 -38.6 -38.6 -22.3 -36.1 -26.2 -32.2 -10.1 -16.2 -22.9 -16.2 -21 23.2 2 5.9 17.8 14.3
17 -60.1 -12.5 -4.7 0.5 -23.1 -38.6 -45.7 14.4 22.9 76.9 -25 -35.5 -33.7 -17.7 -31.2 -22.2 -29.3 -8.1 -14.9 -21.1 -14.3 -20.1 23.5 2.3 5.1 17.5 14.3
23 -50.1 -3.7 2.7 6.8 -16.7 -31.8 -39.3 19.8 27.9 79.4 -27.4 -30.3 -28.1 -13.1 -26.9 -19.3 -28.1 -7 -11.8 -18.6 -12.4 -19.4 23 1.4 3.2 19.3 14.2
26.1 -44.7 3.1 8.2 10.8 -12.8 -27.5 -35.4 23.3 30.2 79.2 -30 -25.9 -24.3 -9.8 -24.5 -18.5 -28.5 -8.2 -8.5 -15.7 -10.3 -18 22.9 0.4 1 23.6 14.5
25.9 -43.9 7 11.6 10.8 -13.8 -27.6 -35.8 23.9 28.9 76.7 -29.4 -25.6 -24.4 -9.9 -25.4 -20.6 -31.3 -13.2 -7.9 -14.5 -9.9 -17.4 22.1 -1.5 -2.4 26.3 13.4
23.4 -45.4 7.4 12.6 8.4 -18.6 -31.6 -39.4 21.6 25.7 73.9 -25.1 -29.8 -28.2 -13.2 -28.4 -23.9 -35.3 -20.9 -11.4 -16.1 -11.7 -18.7 20.5 -4 -6.8 24.7 10.8
20.8 -47.3 5.4 11.7 7.2 -22.8 -35.6 -42.8 19.2 23.9 73.3 -20.3 -35.3 -32.1 -16.2 -30.5 -25.8 -37.7 -25.9 -16.8 -18.8 -13.9 -20.2 19.6 -5.1 -9.3 20 9.1
21.2 -46.1 6.2 12.5 10.4 -23.5 -35.8 -42.5 19.9 25.7 76 -19.2 -38.5 -33 -16.4 -29.7 -24.4 -36.6 -25.1 -22.2 -21.6 -15.5 -20.5 19.9 -4.1 -8.5 14.4 9.3
26.3 -38.6 14 19.1 18.2 -20.9 -31.7 -37.9 24.7 31 80.7 -23.1 -38.5 -30.8 -13.5 -26.2 -20.6 -32.8 -19.8 -26.8 -23.8 -16.3 -19.9 20.7 -2.4 -5.9 9.2 9.8
31.6 -33.7 19.9 25 24.7 -17.3 -27.3 -33.3 29.5 35.4 84.1 -29.5 -36 -27.8 -10.1 -22.8 -16.9 -29 -13.8 -28.4 -24.1 -15.9 -18.8 22 -1.1 -3.5 7.4 9.7
32.3 -38.6 16.2 23 25 -14.2 -26.2 -32.7 29.7 35.2 83.5 -35 -33.3 -26.3 -8.7 -22.3 -16.1 -28.1 -11.7 -26.1 -22.4 -14.5 -17.6 23.5 -0.7 -3.2 9.3 8.8
29 -48.5 8.8 16.5 20.6 -11.1 -27.4 -34.8 27 32 80.2 -37.9 -31.8 -26.1 -9.4 -24.1 -17.8 -30.2 -14.7 -21.4 -19.1 -12.2 -15.8 25.1 -0.4 -4.7 13 8
23.3 -57.2 2.4 9.9 15 -7.3 -28.5 -36.8 24 28.6 76.8 -39.3 -30.8 -25.8 -10.2 -26 -19.8 -32.7 -18.9 -16.2 -15.7 -9.5 -13.8 26.3 0.2 -6.4 16.7 8.5
17.6 -61.5 -3.4 4 10.9 -5.1 -28.5 -37.9 21.5 26.5 74.7 -40.7 -29.7 -25.2 -10.6 -26.9 -20.8 -33.9 -20.8 -12.4 -14.2 -8 -13 26.3 0.3 -7.4 19 9.5
15.8 -61.9 -8.1 0.7 10.4 -6 -27.4 -37.9 20.3 26.5 74.4 -41.2 -28.1 -24.6 -10 -26.2 -20.3 -33.1 -19.4 -10.9 -14.4 -7.7 -13.1 25.5 -0.2 -7.4 20 10.6
18.8 -61.5 -10.5 0.2 13.1 -9 -25.9 -37.2 20.7 28.3 75.5 -40.1 -26.3 -23.7 -8.6 -23.8 -18.4 -30.9 -16 -10.8 -14.7 -7.6 -12.8 25.5 -0.1 -6.5 21.3 12.3
23.9 -60.6 -10.1 1.5 15.9 -12.2 -24.6 -36.2 22.1 30.3 76.9 -38.7 -25.2 -22.8 -6.7 -21.2 -16 -28.4 -12.6 -10.8 -14.4 -7 -11.7 26.8 1.1 -4.8 23.6 14.4
27.2 -60.7 -9.9 1.2 15.3 -13.4 -24.3 -35.7 23.3 31 77.9 -38 -24.7 -21.6 -5.2 -19.4 -13.9 -26.2 -9.6 -9.1 -12.4 -5 -9 29.6 3.9 -1.5 27.8 16.9
26.3 -65 -14.9 -4.5 9.2 -12.8 -25.4 -36.8 21.6 29.4 77.6 -38.3 -23.8 -20.9 -4.8 -19.3 -13.2 -25.3 -7.2 -4.9 -9 -2 -5.5 32.8 7.4 2.4 32.4 18.7
24.4 -67.3 -18.8 -10 2.2 -12.8 -27.1 -37.9 19.1 27.1 75.7 -38.9 -23.4 -21.5 -5.8 -21.2 -14.5 -26.3 -7 -3 -7.8 -1 -4.6 33.5 8.4 3.3 32.2 16.7
25.5 -62.1 -15.1 -8.3 0 -14 -27.7 -37.1 19.3 26.9 74.9 -37.8 -23.9 -22.8 -6.9 -23.1 -15.9 -27.4 -8.4 -6.3 -10.4 -3.5 -7.1 31 6.1 0.4 26.1 10.5
29 -53.4 -8.3 -2.3 2.7 -15 -27.1 -35.2 21.6 28.4 76.4 -34.3 -25 -23.6 -6.9 -22.9 -15.9 -26.9 -9 -11.1 -14.6 -7.6 -10.7 27.7 2.8 -3.1 19 4
32.4 -45.6 -1.6 4.2 6.9 -14.7 -25.8 -32.8 25 30.6 79.3 -30.5 -26.5 -23.1 -5.6 -20.8 -14.7 -25 -7.9 -13.7 -17.1 -10 -12.6 26 1.2 -4.2 14.9 0.8
34.6 -41 5.5 10.6 10.1 -13.9 -24.2 -30.2 28.8 32.9 81.7 -28.3 -27.3 -21.7 -3.7 -18.1 -12.8 -22.7 -5.9 -13.7 -16.7 -9.3 -11.6 26.9 2.5 -2.2 13.9 1.3
34.6 -39.3 11.6 15.5 11.4 -14.6 -23.8 -28.6 31.2 34.1 82.2 -28.5 -27.6 -20.9 -2.7 -16.9 -11.7 -21.9 -5.1 -13.1 -15 -7.2 -9.8 28.6 4.7 0.6 13.7 3.2
33.3 -38.3 15.3 18.1 12.2 -17 -24.5 -28.4 31.7 34.2 81.4 -29.8 -27.4 -21.1 -2.9 -17.6 -12.1 -22.9 -6.4 -12.3 -13.1 -4.9 -8.3 29.7 6.1 2.3 13.3 4.6
31.8 -37.8 16 18.4 14 -18.7 -25.1 -28.8 31.3 34.3 81.2 -29.3 -26.3 -20.9 -2.7 -18.2 -12.5 -23.5 -7.9 -10.5 -10.9 -2.8 -7.1 30.7 6.9 3.4 13.2 5.9
32.3 -35.7 17.3 19.8 17.5 -18.5 -24.9 -28.5 32.2 35.5 82.8 -26.6 -24.8 -19.7 -1.8 -17.3 -12 -22.7 -8.1 -9.3 -9.8 -2.3 -6.7 31.2 6.8 3.5 12.4 6.3
35.7 -29.7 23.3 25.4 22.3 -16.9 -23.5 -26.6 35.3 38.1 85.1 -24.7 -24.2 -18.6 -0.7 -15.2 -10.9 -21.8 -8.3 -10.9 -11.2 -3.9 -8.1 30.2 5.3 1.6 9.3 4.2
38.2 -27.1 26.9 29.1 24.5 -15.1 -21.9 -25 37.2 39.7 86.1 -26.3 -24.1 -18 -0.2 -13.7 -10.2 -21.8 -8.6 -11.9 -12.6 -5.3 -9.6 28.6 3.8 -0.1 6.1 0.5
36.3 -33.1 22.5 25.8 21.4 -14.3 -21.9 -26.3 35.5 38.5 84.4 -30.6 -23.9 -18.2 -0.7 -13.9 -10.5 -22.7 -8.4 -9.5 -11.5 -4.2 -8.9 28.5 4.2 0.4 6.3 -1.3
32.1 -42.3 15.9 20 16.2 -15.5 -23.3 -29.1 32.6 36.1 81.9 -33.8 -24.2 -18.9 -1.5 -15 -11.1 -23.2 -7.6 -5.8 -8.5 -1.2 -6 30.8 6.8 3.4 10.2 0.7
28.8 -49.1 11 15.5 12.5 -16.8 -24.5 -31.1 31.1 34.8 81.1 -33.2 -24.8 -19.2 -1.7 -15.6 -11 -22 -5.9 -3.2 -5.6 2.1 -2.4 34.5 10.6 7.1 14.9 5
28 -51.3 7.3 12.6 11.7 -15.9 -24.1 -31.3 31.1 35.2 82.2 -29.8 -24.4 -18.2 -0.9 -14.9 -9.6 -19.6 -3.4 -1.6 -4.2 4.3 0.2 37.2 13.2 9.9 17.1 7.4
29.8 -50.2 4.6 11.5 13.1 -12.2 -21.4 -29.5 32.1 36.9 84.2 -26.3 -22.6 -15.5 1.1 -12.8 -7.4 -17 -0.6 -0.3 -4.2 5 1.6 38.2 14 10.9 16.8 6.9
33.1 -49 3 11.6 15.2 -7.8 -18.2 -27.1 33.2 38.6 85.8 -24.3 -20.2 -13.1 3.4 -10.5 -5.4 -15.4 1.3 0 -4.9 4.4 1.8 38 13.8 10.3 15.1 4.8
35.4 -48.3 3 12.2 15.7 -6.1 -16.9 -25.7 33.7 38.8 85.7 -24.7 -19.3 -12.9 4.1 -9.6 -5.3 -15.9 0.9 -1.4 -6.1 2.6 0.7 37 12.7 8.3 12.6 2.2
33.9 -50.8 0.7 10 12.7 -8.3 -19.2 -27.1 32 35.9 83.1 -27.1 -20.7 -15.4 2.2 -11.3 -7.3 -18.2 -1.7 -2.9 -6.9 0.8 -0.6 36.2 11.4 6.8 11 0.8
27.5 -59.2 -8 1.7 5.6 -13.1 -24.9 -32.3 26.6 30.2 78.5 -30.4 -24 -19.5 -1.8 -15.4 -11.2 -21.6 -4.6 -3 -7.2 0.1 -1.9 35.7 10.8 6.7 10.5 1
21.6 -64.9 -14.6 -5.3 -0.2 -18 -30 -37 21.4 25.5 74.8 -32.7 -28.4 -23.8 -6.1 -19.5 -15.2 -25 -7.2 -4.2 -8.8 -0.9 -4.4 33.8 9.8 5.8 7.6 -0.7
21.8 -60.3 -11.5 -3.7 0.2 -20.2 -30.5 -37 21 25.5 74.7 -32.4 -31.4 -25.7 -7.7 -20.9 -16.6 -26.5 -8.9 -8.4 -12.2 -3.4 -7.7 30.5 7.3 2.9 2.2 -5.9
26.9 -49.2 -3.2 3.6 5.4 -18.3 -26.7 -33 25 29.5 77.7 -30 -30.8 -23.8 -5.7 -19.1 -14.5 -25 -8.2 -12.7 -15.3 -5.9 -10 28 5 0 -1.9 -10.6
33.2 -38.2 5.6 12 11.8 -14.4 -22 -27.8 30.9 34.8 82 -26.5 -27.7 -20.3 -2.4 -15.6 -11 -21.4 -5.9 -15 -16.3 -6.8 -10 27.8 4.6 -0.9 -3.3 -12.7
38 -32.2 13.9 18.7 16.6 -12 -19.9 -24 35.6 38.8 85.6 -21.2 -26 -19 -0.7 -12.9 -9 -18.7 -5 -16.1 -15.7 -6.5 -9.1 28.9 5.4 -0.5 -4.4 -14
39.5 -31.2 19.5 22.1 18.7 -13 -21.5 -23.7 37.2 39.8 87.4 -13.8 -28 -21.1 -2.1 -13.1 -9.7 -18.9 -7.5 -17.6 -15.7 -7 -9.3 29.1 5.3 -1.5 -7.2 -17.4
37.9 -31.6 22.3 23.5 20.3 -16.4 -23.8 -25.7 36.4 39.3 88.2 -6.7 -31.5 -24.4 -4.6 -15.2 -11.7 -20.5 -11.5 -19 -16.6 -8.3 -10.5 28.4 4.3 -3.4 -11.3 -23
35.3 -32.2 22.6 24.6 23.4 -18.8 -23.8 -26.8 35.6 39.6 89.2 -4.4 -32.4 -25.5 -5.5 -16.4 -12.3 -21.2 -13.2 -18.9 -16.8 -8.6 -10.9 28.2 4 -4.2 -14.6 -27.5
35.4 -30.3 24.9 28.1 28.7 -17.9 -20.7 -24.8 37.4 41.9 90.2 -9.7 -29.4 -23.7 -3.7 -15.4 -11 -20.8 -11.9 -18.3 -16.4 -8.1 -10.6 28.5 4.2 -3.6 -16.2 -29.4
40.5 -22.5 33.8 36.5 36.2 -13.3 -15.3 -19.2 43.2 46.4 92.3 -17.8 -25 -20.2 0.2 -12 -8.1 -19.4 -8.7 -19.5 -16.2 -7.9 -10 28.8 4 -3 -18.5 -30.7
45.7 -17.3 40.6 43.2 41.8 -8.3 -11.4 -14.5 48.3 50.4 95.6 -21.9 -23 -17.7 3.3 -8.8 -5.2 -17.2 -4.4 -20.9 -16.1 -7.9 -9.2 29 4 -1.9 -21.8 -32.7
44.8 -22.8 36.3 41 40.6 -7.5 -12.6 -15.6 46.9 49.9 96.4 -22.7 -25.9 -19.1 1.9 -9.2 -5.3 -16.5 -1.6 -21.5 -16.9 -8.6 -9 28.4 4 -1.2 -24.4 -34.8
38.6 -34.5 26.1 33.1 33.3 -12 -18.6 -21.7 40.4 44.7 91.7 -24.9 -31.8 -23.9 -3.4 -13.9 -9.1 -19.4 -2.6 -22.2 -18.9 -10.1 -10.3 26.9 3 -1.9 -25.8 -36.6
31.5 -45.6 15.6 24.4 24.3 -18.4 -25.9 -29.1 33 37.2 83.6 -29.7 -36.6 -28.9 -9.3 -20.2 -14.6 -24.6 -7.2 -22.9 -21.5 -12.3 -13.1 24.2 0.5 -4.9 -25.9 -38.7
26.3 -52.9 6.3 16 16.6 -22.8 -31.2 -35.4 26.7 30.6 76.2 -35.1 -38.7 -32.7 -13.7 -25.5 -20.1 -30.3 -12.9 -23.5 -24.1 -15.3 -17 20.1 -4.1 -9.9 -26.1 -42.3
24.1 -56.2 -1.1 8.8 11.5 -23.4 -32.9 -38.7 22.2 26.7 71.8 -39.6 -38.1 -34.5 -15.9 -28.3 -23.9 -34.5 -17.1 -23.9 -26.3 -18.7 -20.5 15.9 -9.3 -15.2 -27.3 -47.1
24 -57.2 -5.3 4.4 9.1 -20.6 -31.4 -38.6 20.2 25.4 70.3 -42.7 -35.7 -34 -16.2 -28.8 -24.9 -36.2 -18.4 -23.9 -27.8 -20.8 -22.4 13.1 -13.1 -18.8 -28.2 -50.7
25 -55.6 -4.8 4 9.3 -16.8 -28.3 -36.1 21.4 26.2 70.4 -43.7 -32.7 -31.7 -14.7 -27.3 -23.5 -35.6 -17.7 -22.7 -27.3 -20 -22.1 12.8 -13.9 -19.5 -25.5 -50.2
25.4 -54.3 -3.3 4.7 9.8 -14 -25.5 -33.6 23.7 27.5 71.2 -42.7 -29.4 -28.5 -12.1 -24.6 -21.3 -33.6 -15.9 -18.7 -23.5 -15.7 -19.1 15.7 -11.2 -16.8 -17.2 -44.2
23 -58.4 -7.9 0.6 6.7 -13.8 -25.7 -34.5 23 26.2 70.8 -41.9 -27 -26.7 -10.9 -23.3 -20.5 -32.6 -14.7 -12.7 -18.7 -11 -15.4 19.6 -7.4 -13.1 -7.7 -36.9
20.7 -61.9 -12.8 -4.1 2.4 -16.1 -28.2 -37.2 20.3 23.5 68.7 -43.2 -27.3 -27.5 -12.2 -24.9 -22.3 -34.3 -16.5 -9.8 -17.3 -10.3 -14.9 20.3 -7.2 -13.1 -5.9 -35.9
23.3 -57.2 -9.6 -2.5 2.4 -17 -28.4 -36.9 20.2 23.3 68.2 -44.2 -28.7 -28.4 -13 -26.5 -23.9 -36.2 -19.5 -11.2 -19 -12.8 -17.4 17.4 -10.3 -17 -11.7 -40.3
29.7 -47 -2.2 2.8 6.2 -13.8 -25.3 -33.5 22.9 26.2 70.5 -42.3 -28.1 -27.2 -11.5 -25.6 -23.3 -35.9 -20.5 -13.7 -21.1 -15.2 -19.9 14.2 -13 -20.6 -17 -43.9
35.9 -37.4 4.9 7.6 10.2 -9.3 -21.7 -29.8 26.4 29.3 73.2 -39.2 -26.2 -25.2 -9.6 -23.3 -21.4 -34.8 -20.2 -16.1 -22.3 -16.7 -21.7 12.4 -14.2 -22 -18.6 -44.4
39.2 -32.8 10.8 11.6 12.5 -7.7 -20.7 -28.4 28.6 30.6 73.8 -38.1 -26 -25.3 -9.8 -22.4 -21 -35 -21.3 -19.5 -24 -18.1 -23 11.5 -14.8 -22.3 -18.7 -43.7
38.6 -33.2 14.2 14.6 12.8 -10.5 -23.2 -30.3 28.2 29.5 71.6 -40.1 -30.1 -29.1 -13.4 -25.2 -23.4 -37.2 -24.5 -24.9 -27.3 -20.6 -24.8 10.3 -16.1 -23.2 -20.3 -43.2
35.5 -35.2 14.9 16.1 11.1 -15.5 -27.6 -34.1 25.6 26.8 68.2 -43.5 -36.7 -34.6 -18.5 -29.7 -27.4 -40.6 -28.5 -30.8 -31.5 -23.9 -27.1 8.4 -18.1 -25.4 -22.5 -43.3
32.6 -37.6 13.3 15.3 8.2 -19.1 -30.7 -37.1 22.7 24.3 65.9 -45.7 -42 -38.6 -21.5 -32.7 -30.4 -43.2 -30.9 -34.1 -34.1 -26.1 -29 6.9 -19.9 -28 -22.9 -43.2
32.4 -37 13.8 15.1 6.8 -19.5 -30.8 -37 22.2 24 66.3 -45.6 -44 -39.8 -21.5 -32.5 -30.6 -43.7 -30.9 -35.6 -35.4 -27.1 -30.3 6.1 -21.1 -30 -22.1 -42.5
35.9 -30.8 20.1 19.6 9.2 -17.6 -28 -33.6 25.6 26.7 69 -43.7 -44 -38.8 -19.4 -30 -28.7 -42.4 -29.8 -37.7 -36.7 -27.8 -30.9 5.7 -21.6 -30.8 -21.3 -41.2
38.4 -27.2 24.1 23.3 11.7 -16.1 -25.5 -31.1 28.7 29 70.9 -41.8 -43.4 -37.6 -18 -28.1 -26.9 -40.5 -28.1 -39.4 -37.7 -27.9 -30.7 5.9 -20.9 -29.7 -18.3 -37.5
36 -33.4 18.8 19.8 10.2 -17.3 -26.8 -33.2 27.4 27.5 69.6 -41.3 -43.3 -37.7 -18.9 -28.9 -26.9 -39.8 -27 -39 -37.7 -27.3 -29.8 7 -18.8 -26.7 -12.3 -31.2
30.5 -44.7 9.8 12.7 6.1 -21 -31.1 -38.1 22.9 23.5 66.7 -42 -44.5 -39.8 -21.6 -31.8 -28.7 -40.8 -27.3 -37.1 -36.9 -26.2 -28.7 9 -16.2 -23.7 -6.2 -24.8
25.1 -55 1.8 5.4 1.7 -25.1 -36.1 -42.8 17.7 19.7 64.2 -43.5 -46.7 -42.9 -24.5 -35.2 -31.1 -42.8 -28.1 -35.7 -36.8 -26 -28.5 10.3 -14.8 -22 -2.7 -20.7
20.9 -61.3 -5.7 -1.6 -2.6 -27.9 -39.8 -46.5 12.7 16.6 62.3 -45.4 -49.1 -45.8 -27 -38.2 -33.1 -44.7 -28.3 -35.7 -38.3 -27.6 -30 9.6 -15.5 -22 -2.1 -19
18.6 -64 -12.4 -7.2 -5.8 -28.3 -41.2 -48.8 9.5 14.9 61.4 -46.2 -49.9 -47.1 -28.3 -39.8 -33.6 -45.1 -27.5 -36.5 -40.4 -29.7 -31.9 7.6 -17.1 -22.4 -2.1 -17.6
18.4 -65.6 -16.4 -9.9 -6.6 -26.6 -40.5 -49.2 8.7 14.7 61.9 -44.9 -48.3 -46.4 -28.1 -39.3 -32.9 -43.9 -25.7 -35.9 -41.2 -30.5 -33.1 6.5 -17.6 -21.7 -0.2 -14.8
19.2 -66.2 -16.4 -9.4 -5.9 -25 -39.4 -49 9.6 15.5 63.3 -42.6 -45.7 -45.1 -27.6 -38 -32.1 -42.3 -23.8 -33.9 -40.3 -30.1 -33.4 6.8 -16.7 -20 3.7 -11.2
17.9 -68.1 -17.6 -10 -7.7 -25.2 -40.8 -50.9 8.9 14.5 63 -41.9 -44.5 -45.6 -28.6 -38.5 -32.9 -42.2 -23.2 -31.5 -38.7 -29.8 -33.2 7.8 -15.3 -18.3 7.8 -7.4
12.7 -74.3 -25.3 -16.2 -13.7 -27.5 -45.5 -56 4.1 10 59.1 -43.9 -45.5 -48.5 -31.6 -42.1 -35.9 -44.6 -24.2 -29.3 -38.1 -30 -33 8.4 -14.2 -16.8 10.3 -3.3
8.4 -78 -31.1 -21.4 -18.1 -30.6 -49.9 -60.4 -0.4 5.6 54.9 -46.3 -48 -51.8 -35 -46.2 -39.3 -47.9 -26.3 -29.4 -39.5 -31.2 -34 7.7 -14.4 -16.6 9.1 -1
8.9 -73.5 -27.8 -19.3 -16.7 -33.2 -50.8 -60.7 -0.5 5.4 54.3 -46.1 -50.2 -53.6 -36.7 -48.1 -41 -49.5 -27.6 -33.1 -42.6 -33.8 -36.7 5.6 -15.9 -17.7 4.1 -2.2
12.4 -64.9 -20.9 -13.6 -12.9 -34.1 -48.9 -58.4 2.2 8.1 57.3 -43.3 -51.2 -53.6 -36.6 -47.8 -40.7 -48.8 -27.5 -38.1 -46 -37.1 -39.9 2.6 -18.3 -19.1 -1 -5
16.7 -56.5 -13.9 -7.8 -10 -32.6 -45.7 -55.3 6.1 11.6 61 -41.3 -50.4 -52.3 -35.5 -46 -39.1 -47.3 -27.2 -41.1 -48 -39.1 -41.4 0.5 -20.2 -20 -2.7 -6.3
20.9 -51 -6.5 -2.2 -7.8 -29.6 -42.5 -51.9 10.3 14.5 63.5 -41.7 -48.5 -50.6 -33.7 -43.7 -37.2 -45.9 -27.6 -41.2 -47.5 -38.2 -40.3 0.8 -20.3 -19.9 -1.3 -5.3
23.4 -48.6 0.1 2.1 -5.7 -26.7 -40.7 -49.7 12.9 15.8 63.8 -43.8 -47.3 -49.7 -32.3 -42.1 -36.5 -46 -29.1 -40 -45.3 -35.7 -38.2 2.9 -18.7 -19.3 0.3 -3.9
23.2 -47.8 4 4 -2.9 -25 -40.7 -49.5 12.9 15.6 62.8 -44.6 -47.5 -50.2 -32.3 -42.4 -37.3 -47.5 -31.2 -39.3 -43.6 -33.8 -36.9 5 -16.6 -18.6 1 -2.9
21.8 -48.3 4.3 4 1.5 -24.1 -41.1 -50.2 11.9 15.6 63.1 -40.3 -47.1 -50.6 -32.5 -43.3 -37.5 -47.9 -32.2 -38.8 -42.6 -32.6 -35.8 7 -14.6 -16.9 3 -0.9
23.2 -46.3 5.9 6.2 8.5 -22.7 -39.3 -48.6 13.9 18.3 66.9 -31.7 -44.8 -48.6 -30.8 -42.1 -34.8 -45.4 -30.2 -38 -41.4 -31.4 -34.2 9 -12.4 -14.4 6.6 2.4
29.6 -38.1 14.2 14.6 17.9 -20.3 -34.3 -42.9 20.3 24.6 74 -24.4 -41.8 -44.6 -26.6 -37.7 -29.8 -40.5 -25.8 -37.6 -40.1 -30.1 -32.6 10.7 -10.4 -12.4 9 4.8
35.3 -32.5 20.9 21.6 23.6 -17.7 -29.9 -37.7 25.8 29.7 79.6 -23.1 -39.9 -41.2 -22.6 -33.4 -25.8 -36.3 -20.9 -36.4 -38.4 -28.7 -30.7 12.3 -8.6 -11 9.8 6.2
34.5 -37.4 17.7 20.2 20.8 -17.4 -30 -37.9 25.5 29.3 79.6 -28 -40.1 -40.7 -21.9 -32.6 -25.1 -35.6 -18.6 -33.5 -36.3 -27.3 -29 13.7 -7.7 -10.4 10.9 7.8
28.2 -48.7 9.1 13 12.3 -21.3 -34.5 -42.6 21.1 24 73.9 -37 -42.7 -43 -24.8 -35.3 -28.2 -38.8 -20.2 -30.3 -34.8 -26.5 -28.4 14.5 -8.2 -11.3 11.5 8.8
20.4 -59.7 -0.3 4.1 3.1 -28.4 -40.5 -48.9 14.6 16.6 64.8 -48.3 -46.7 -46.9 -29.5 -40 -33.8 -44.7 -24.5 -28.5 -35 -27.4 -29.7 13.2 -10.2 -13.9 10.1 8
13.9 -66.3 -9.5 -4.2 -2.8 -35.6 -45.5 -54.2 7.8 10.3 56.3 -58 -49.7 -50.5 -33.9 -44.5 -39.2 -49.8 -28.3 -28.5 -37 -29.8 -32.3 10.1 -13 -16.8 8.2 6.3
10.5 -69.1 -16.8 -9.8 -4.5 -39.1 -47.8 -56.8 3.7 7.6 52.5 -60.5 -49.6 -51.8 -35.6 -46.5 -41.2 -51.3 -28.9 -28.7 -38.7 -31.7 -34.1 7.5 -14.9 -18.1 8.5 6.1
9.6 -70.9 -20.8 -12.4 -4.7 -37.7 -47 -56.9 3.2 8 53.7 -54.6 -46.7 -50.2 -34.3 -45.6 -39.5 -49.2 -26.8 -27.9 -38.7 -31.6 -33.9 7 -15 -17.5 11.3 7.6
9.6 -72 -20.9 -12.9 -4.9 -34.4 -45 -55.9 4.5 9.7 57.1 -45.8 -44.4 -48 -32.2 -44 -37 -46.3 -24.7 -27.2 -37.9 -30.5 -33 8.1 -13.9 -16 14 9
8.6 -73.7 -21.9 -14.6 -6.2 -33.1 -45 -56.4 4.7 10.3 59.2 -40.8 -44.9 -47.5 -31.6 -43.4 -36.2 -44.7 -23.5 -25.9 -36.4 -29 -32.1 9.8 -12.4 -13.7 16 9
5.7 -78.2 -28.2 -20.1 -9.6 -34.5 -47.7 -59.2 2.1 8.5 58.7 -40.9 -46.7 -48.4 -32.3 -44.2 -37 -44.7 -22.6 -22.4 -33.7 -26.6 -30.3 11.9 -10 -10.5 18.9 8.6
4.5 -78.7 -31.6 -22.6 -11.9 -36.6 -50.1 -60.9 0.5 7 57.6 -42.7 -47.7 -48.9 -32.5 -44.5 -37.5 -45 -22.4 -19.6 -31.5 -24.6 -28.2 13.3 -8.2 -8.4 20.4 7.7
8.5 -70.7 -25.4 -17.2 -9.8 -36.6 -49.1 -58.5 3.3 9 58.3 -44.5 -47.1 -47.5 -30.8 -42.5 -36.1 -44.4 -22.6 -20.6 -31.4 -24.1 -27.2 13.6 -8.4 -9 18.7 6.4
15.5 -59.6 -15.4 -9 -5 -34 -44.8 -53.4 8.6 13.4 60.5 -47 -45.2 -44.7 -27.9 -38.9 -33.6 -42.8 -22.1 -23.7 -32.6 -24.6 -27.4 13.2 -9.9 -11.1 15.3 5.7
22 -50.6 -6.9 -2.4 0.1 -30.7 -39.9 -48 13.6 17.9 62.5 -49.7 -42.9 -41.6 -24.8 -35.1 -31.1 -41 -20.7 -26.2 -33.2 -24.7 -27.7 13.3 -10.8 -12.8 12.1 5.2
25.9 -45.9 -0.1 2.8 3.7 -28.5 -36.3 -43.9 17.6 20.9 63.9 -50.1 -41.2 -39.1 -22.2 -32.3 -28.9 -39.4 -19.6 -26.9 -32.3 -23.6 -26.7 14.4 -10 -12.8 10.1 4.3
26.7 -45 5.3 6.2 4.1 -28.3 -35.2 -42.2 19.8 21.8 64.2 -48.5 -40.7 -38.1 -20.8 -31.4 -28 -39.2 -19.9 -26.4 -30.7 -22.1 -25.1 15.5 -8.8 -12.6 9.1 2.7
25.1 -45.6 8.1 7.1 1.1 -29.8 -36.4 -42.9 19.6 20.3 62.5 -48.3 -41.5 -38.8 -21 -32.7 -29.1 -40.6 -21.7 -26.1 -29.8 -21.1 -24.3 15.6 -8.6 -13.6 8.5 0.7
22.9 -46.9 7.1 5.7 -2.7 -31.5 -38.2 -44.6 17.9 18.2 60.1 -50.4 -42.3 -40 -21.9 -34.4 -30.7 -42.5 -23.6 -26.4 -29.7 -20.7 -24.5 15.2 -9.2 -15.1 8.4 -0.1
23.2 -46.2 7 5.8 -3.1 -31.2 -37.6 -44.2 18.3 18.5 59.9 -51.8 -41.6 -39.4 -21.5 -34 -30.3 -42.6 -24.1 -27.4 -29.9 -20.6 -24.6 15.1 -9.5 -15.9 9.2 1
28.4 -39.5 13.9 11.5 2.1 -26.8 -33.1 -39.5 23.6 23 63.9 -48.9 -38.3 -35.7 -17.7 -30.1 -26.5 -39.3 -22.4 -28.3 -28.9 -19.8 -23.3 16.2 -8.3 -15.1 11.2 3.6
34.4 -33.4 20.4 17.2 8.1 -19.9 -27.7 -33.8 29.4 28.3 69.4 -42.6 -33.1 -29.9 -12.2 -24.8 -21.6 -34.1 -18.8 -25.6 -25.2 -16.8 -19.7 19.2 -5.1 -11.9 15.6 8.1
35.7 -35.8 17.8 16.2 8.3 -15.8 -26.3 -32.1 30.1 29.6 71.7 -38.9 -29.5 -26.3 -9.5 -22.5 -19.4 -31.4 -16.3 -20.2 -20.9 -13.1 -16.2 22.3 -2 -8.5 20.2 12.1
32.3 -45 9.8 10.1 3.7 -17.7 -29.6 -35 26 26.6 69.1 -41.2 -30.8 -27.9 -11.5 -24.8 -21.8 -33.7 -17.9 -17.4 -19.6 -11.8 -15.8 23.2 -1.4 -7.9 19.7 11.3
26.5 -54.9 1.1 2.5 -1.5 -22.2 -33.3 -39.4 20.7 22.3 64.8 -46.1 -34.5 -31.9 -15.5 -28.8 -25.5 -37.7 -21.1 -17.8 -21.1 -12.8 -17.7 22 -2.5 -9.1 14.4 7.1
22.1 -59.3 -5.9 -3.7 -3.7 -23.7 -33.1 -41.3 18.2 20.4 63.7 -47.7 -35.2 -33 -17 -30.3 -26.2 -38.5 -21.2 -17.1 -21.9 -12.9 -18.4 21.5 -2.6 -8.9 10.7 5
21.6 -58.1 -9.4 -6.6 -2.3 -20.4 -28.6 -39.5 19.4 22.5 67.4 -44.4 -31.2 -29.4 -14.2 -27.5 -23 -34.8 -17.2 -13.3 -19.8 -10.5 -16.3 23.5 -0.5 -6.2 13.4 7.8
23.5 -56.2 -10 -7 0.5 -14.9 -23.5 -36.1 22.3 26.5 72.7 -38.9 -25.7 -24.2 -9.3 -23.2 -18.8 -29.8 -12.6 -8.7 -16.6 -7.7 -13.2 26.5 2 -2.9 19.9 12.5
24.1 -55 -8.3 -4.8 3.5 -10.4 -20.7 -33.5 24.8 29.3 76.2 -33.7 -22.3 -21.1 -5.6 -20 -16.2 -26.9 -10.8 -6.4 -14.3 -6.1 -11.5 28.3 3.1 -1.4 24.9 14.9
20.1 -56.2 -8.3 -3.3 4.7 -9 -21.1 -33.4 24.9 29 76.5 -30.2 -21.9 -20.6 -5 -19.5 -16.2 -27 -12 -5.2 -12.9 -5.2 -11 28.6 3.2 -1.3 26.8 15
13.5 -61.9 -14.6 -7.1 1.5 -10 -23.7 -36.4 21.1 25.3 73.3 -30.8 -22.6 -22 -7.5 -21.9 -18.3 -29.1 -14.1 -3 -11.3 -4.3 -10.4 28.6 3.6 -0.8 26.8 14.7
13.2 -64.1 -18.6 -10.2 -2.4 -10.4 -25.1 -38.6 17.8 22.1 70 -35.6 -22.2 -23.2 -9.7 -24.4 -20.1 -30.5 -14.9 -1.5 -10.2 -3.8 -9.7 28.5 4.5 0.4 25.1 13.9
22.7 -57.1 -13.2 -6.7 -2.3 -8.6 -23.5 -36.9 19.5 23.2 69.7 -40.2 -20.3 -22.7 -9.3 -24.3 -19.3 -29.5 -13.6 -3 -10.9 -4.4 -9.7 28.5 5.2 1.9 21.4 11.9
34.5 -46 -4.1 0.5 1.4 -5.4 -20.6 -33.2 24.2 27.4 73 -39.9 -18.6 -20.9 -6.9 -21.9 -16.5 -26.6 -10.3 -6.8 -13.3 -6.3 -10.4 28.4 5.5 3.5 17.9 8.9
42.1 -36.1 4.3 8.5 6.7 -2.7 -18.3 -29.2 29.4 32.4 78.3 -32.5 -18.2 -18.9 -4.2 -18.5 -13 -23 -6.7 -10.4 -15.3 -7.6 -10.4 29 6.2 5.1 16.6 6.8
44.9 -30.9 11.9 16.3 12 -2.5 -17.2 -26.2 33.9 36.9 83.5 -21.1 -20 -17.7 -2 -15.4 -10.2 -20 -4.6 -12.7 -15.7 -6.9 -9.1 30.6 7.8 6 17.1 7.3
43.8 -30.4 17.5 21.3 14.3 -5.7 -18.1 -25.6 36 38.5 85.9 -12.8 -24.2 -18.7 -1.9 -14.3 -9.7 -19.4 -5.1 -14.9 -15.8 -5.8 -8.2 31.7 8.7 5.6 16.9 8.9
40.9 -31.7 19.8 21.8 12.9 -10.8 -20.3 -27.2 35.1 37 84.5 -13.7 -29 -21.7 -4.2 -15.7 -11.9 -21.6 -7.9 -17.3 -16.7 -5.9 -9.1 30.8 7.7 3.7 14.3 9
38.1 -33.7 18.7 19.2 9.9 -14.5 -22.2 -29.5 32.5 34 80.7 -23.4 -32.2 -24.4 -7.4 -18.4 -15.2 -25.2 -10.8 -19.2 -18.1 -7.5 -11.1 28.1 5.3 1 8.7 5.6
38.3 -33 18.9 18.8 9.6 -15.3 -22 -29.8 31.7 32.7 77.1 -35.4 -33.1 -25 -8.8 -19.7 -17.3 -27.8 -11.8 -21.2 -19.7 -10.2 -13.3 24.9 2.3 -2 -0.1 -1.3
42.5 -27.1 25.2 24.5 12.7 -13.8 -19 -26.7 35 34.9 76.3 -42.7 -31.9 -23.1 -7.3 -18.1 -16.3 -27.6 -10.5 -23.8 -21.3 -12.2 -14.6 23 0 -4.2 -7.7 -7.5
45.6 -24.1 28.8 28.5 14.5 -12.1 -16.9 -24.1 37.8 37 77.2 -43.9 -29.7 -20.9 -4.9 -15.9 -14 -25.9 -8 -24.8 -21.5 -12.1 -14.4 23 -0.4 -4.1 -8.3 -8.1
43 -30.2 22.6 24.1 11.7 -12.9 -18.7 -25.9 35.5 35 76.1 -43.1 -28.9 -20.9 -4.8 -16.2 -13.7 -25.6 -6.9 -23.7 -20.8 -10.5 -13.5 24 0.6 -2.1 -3.8 -4.6
36.7 -41.4 12.9 15.4 6.7 -16.5 -23.3 -30.6 29.8 30.3 72.4 -43.7 -31.1 -23.5 -7.3 -19.3 -16 -27.5 -8.6 -22.6 -20.2 -9.2 -12.7 25 1.7 -0.1 -0.1 -1.6
30.4 -52.2 4.1 6.9 2.7 -20.4 -27.6 -35.3 24 25.8 68.4 -45.4 -34.7 -26.7 -10.5 -23.4 -19.4 -30.4 -12 -21.9 -20.2 -8.9 -12.6 25.2 1.6 0.2 0.8 -1.3
26.6 -57.9 -3.2 0 0.4 -21.5 -29.6 -38.5 20 22.8 66.6 -45.8 -36.7 -28.3 -12.6 -26.2 -21.8 -32.5 -14.5 -20.7 -20.4 -9.6 -13.4 24.5 0.3 -1.2 0.6 -2.9
26.7 -57.3 -7.5 -3.1 0.6 -18.4 -28.1 -38.6 19.3 22.5 68.1 -43 -34.7 -27 -11.8 -25.3 -21.2 -31.7 -13.6 -18.1 -19.8 -9.9 -13.9 24.2 -0.2 -1.7 1.1 -4.1
30.1 -54 -8 -1.8 2.7 -12.7 -23.9 -35.5 22.1 25.5 72.2 -37.6 -29.5 -23.3 -8.3 -21.5 -17.3 -27.7 -9.1 -14.7 -17.6 -8.8 -12.6 25.5 1.7 0.6 1.8 -3.9
33.9 -50.8 -5 2.2 4.8 -8.6 -20.2 -31.9 25.9 29.6 75.7 -33.6 -25.1 -20.1 -4.5 -17.8 -13.3 -23.9 -4.7 -12.9 -15.3 -7.4 -10.7 27.2 4.2 3.5 0.7 -4.6
34.6 -51.1 -4.2 3.2 4.6 -8.3 -19.9 -31 27 31.3 76.2 -33.3 -23.9 -19.3 -3 -16.7 -12 -23.1 -3.4 -12.4 -13.8 -6.1 -9.4 28.6 5.6 4.7 -1.4 -6.5
30.6 -56.7 -10.3 -2.2 2.3 -10.9 -22.9 -34 24.2 29.3 74.4 -35.2 -25 -20.6 -4.4 -17.9 -13.4 -24.7 -4.8 -11.1 -12.7 -4.5 -8.7 29.8 6.3 4.4 -1.4 -7.4
27.5 -59.2 -14.3 -5.8 2.5 -13.7 -25.4 -36.2 22.2 27.4 73.9 -36.1 -26.2 -21.7 -6.2 -19.1 -15.2 -26 -6.8 -10.2 -12 -3 -8.3 30.6 6.4 3.3 -0.1 -7.5
29.8 -52.6 -8.7 -1.1 7.1 -13.8 -24.4 -34.1 24.5 29.3 76.3 -34.6 -26 -21 -5.9 -18.5 -15 -25.4 -7.7 -11 -12.2 -2.9 -8.4 30.3 5.4 1.2 -0.5 -8.7
34.4 -42.7 -0.1 6.4 11.5 -11.7 -21.5 -30.3 27.8 32.4 78.8 -32.2 -24.3 -19.9 -4.7 -17.5 -14 -24.7 -8.5 -13.1 -14.3 -5.3 -10.4 27.4 2 -3.3 -4.9 -13.3
37.6 -35.5 5.8 11.6 12.9 -10 -19.7 -28.2 29.8 33.9 79.5 -30.7 -22.5 -19.9 -4.5 -17.3 -14.2 -25.5 -10.9 -15.6 -17.2 -9.5 -14.1 22.8 -2.8 -9.6 -11.9 -20.5
38.6 -32.8 10.4 15.4 12.9 -9.9 -19.1 -27.7 31.4 34.3 79.4 -29.9 -22 -20.4 -5.1 -17.4 -15 -26.8 -14.2 -17.1 -18.5 -12.2 -16.5 19.9 -5.5 -13.9 -17.1 -26.3
38.9 -32.6 14.8 18.8 13.2 -11.5 -19.7 -27.9 33 34.5 79.3 -30.4 -24.4 -21.3 -6 -17.6 -15.4 -27.6 -16.5 -18.1 -18.1 -12.2 -16.4 20.3 -4.9 -14.2 -18.7 -28.1
38.5 -32.7 18.2 20.8 13.2 -14.7 -21.5 -28.8 33.5 34.3 78.5 -31.9 -29.7 -23.4 -7.2 -18.6 -15.7 -28.1 -17.3 -20.1 -18.5 -11.7 -15.5 22.3 -2.8 -11.7 -18.9 -28.1
37.7 -33.1 18.7 20.6 12.7 -17.3 -23.5 -30.1 32.7 34 77.8 -32.4 -34.6 -25.9 -8.1 -19.9 -16.1 -28 -16.4 -22.3 -19.8 -11.9 -15.3 23.8 -1.3 -9.2 -19.3 -28.6
38.9 -30.7 20.4 22.2 14.5 -16.7 -23.2 -29.1 33.2 35.6 79.5 -29.6 -35.5 -26.1 -7.1 -19.3 -15.2 -26.2 -14.4 -23.5 -20.3 -11.9 -15.3 24.5 -0.5 -8.3 -19.4 -29.9
44 -23.1 28.8 29.6 20.7 -12.3 -19.3 -24.2 37.8 40.4 84.3 -24.6 -32.6 -23.2 -3.8 -15.9 -12.1 -22.7 -12.3 -24.5 -20 -11.4 -14.7 24.8 -0.1 -9.2 -19.2 -31.4
48.3 -19.1 34.7 35.3 26.2 -7.9 -15.5 -20 42.3 44.4 88.4 -22.3 -28.9 -20 -1.1 -12.7 -9 -19.5 -10.6 -24.9 -19.6 -10.8 -13.9 25.2 0.4 -9.8 -18.2 -31.7
46.3 -25.8 29.8 32 25.2 -7.4 -16 -21.3 41.2 43.4 87.8 -25.8 -27.9 -20 -2 -12.9 -8.8 -19.4 -10.3 -23.8 -19.5 -10.5 -13.5 25.8 0.9 -9 -17.7 -31.1
39.9 -38.3 19.6 23.6 18.9 -10.6 -20 -27.1 35.5 38.5 83.2 -31.8 -30.1 -23.3 -5.8 -16.5 -11.8 -22.4 -11.7 -22.5 -19.9 -10.7 -13.4 26.2 1.1 -7.8 -20.1 -31.2
33.7 -48.6 10.2 14.9 12.6 -14.2 -24.1 -32.9 29.3 33.7 79.2 -35.1 -32.6 -26.7 -9.4 -20.6 -15.2 -25.8 -13.2 -21 -20.1 -11.2 -13.3 26 0.8 -7.2 -24.3 -32.7
30.1 -52.6 2.5 7.9 10 -15.6 -26.3 -35.8 25.4 31.4 78 -33.9 -32.9 -28.1 -10.9 -22.9 -17.1 -27.1 -13.6 -19.3 -20.4 -11.8 -13.7 24.9 -0.1 -8.4 -26.3 -34.8
29 -53.2 -3.6 2.7 10.3 -14.9 -26.6 -36 24 31.4 78.8 -31.1 -31.4 -27.9 -10.7 -23 -17.3 -26.5 -13.5 -18.4 -21.5 -12.8 -15 23 -2.1 -11.2 -24.7 -36.9
28.9 -54.7 -8.3 -0.9 9.7 -13.8 -26.5 -36.1 23.3 31 78.7 -30.6 -30.5 -28.1 -11 -22.7 -17.5 -26.6 -14.7 -19.9 -24.1 -15.2 -17.8 19.6 -5.6 -15.6 -22.7 -39.7
28.3 -56.6 -10.4 -2.8 6.9 -14 -27.5 -37.5 22.1 28.9 76.5 -33.4 -31.6 -29.8 -12.8 -23.9 -19.1 -29.2 -17.8 -24.3 -28.1 -18.9 -21.6 15.2 -10.3 -21.1 -23.8 -44
25.8 -59.5 -13 -5.3 2.3 -16 -30 -40.7 19.5 25 72.9 -37.4 -34.2 -32.6 -15.8 -27.1 -22.1 -33.1 -21 -28.5 -31.5 -22.4 -24.7 11.9 -14.2 -25.6 -26.6 -47.4
20.9 -66 -20.6 -11.6 -3.6 -18.5 -33.8 -45.5 14.6 19.9 68.8 -40.7 -36.6 -35.4 -19.2 -31.2 -25.9 -36.7 -23 -29.3 -32.7 -23.9 -25.6 11.1 -15.8 -27.4 -26.8 -47.5
18.3 -69.1 -25 -14.9 -6.1 -19.1 -35.9 -47.9 11.5 17.1 66.3 -42.8 -37.4 -36.8 -21 -33.2 -28.4 -39.1 -24.8 -27.7 -31.9 -23.7 -24.9 11.9 -15.9 -27.7 -25.1 -46.1
21.7 -62.4 -18.7 -9.4 -1.1 -16.3 -33.5 -44.6 14.5 19.7 68.3 -42.3 -35.2 -35.2 -19 -30.7 -27 -38.6 -26 -26.5 -30.4 -22.6 -23.7 12.7 -15.3 -28.1 -23.7 -45.6
28.3 -50.6 -8.1 0.2 8.5 -11.6 -28.1 -38.3 21.1 25.9 73.8 -38.1 -31.4 -31.6 -14.5 -25.9 -22.8 -35.3 -25.4 -26.7 -29.6 -21.9 -23.2 12.7 -14.7 -28.5 -23.4 -46
34.4 -39.9 1.3 9 16.5 -7.5 -23.1 -32.6 27.4 31.6 78.9 -33.1 -29.1 -28.4 -10.4 -21.7 -18.7 -31.8 -24.4 -28.1 -29.6 -21.6 -23 12.3 -14.3 -28.7 -24.1 -46.4
39 -33.4 9.4 16.2 20.6 -4.5 -19.3 -28.4 32.3 35.1 81.5 -30 -28.1 -25.9 -7.4 -18.6 -16 -29.5 -23.7 -28 -28.3 -19.7 -21.3 13.5 -12.9 -27.5 -23.4 -45
41.6 -31.4 16 21.4 21.7 -3.1 -17.4 -26 35.3 36.7 81.8 -30.4 -27.3 -24.4 -5.8 -17.2 -15.1 -28.9 -23.8 -25.9 -25.2 -16.7 -18.2 16.1 -10.6 -25.1 -20.4 -41.9
42 -31.7 19.8 24 21.7 -4.1 -17.7 -25.9 36 36.7 79.9 -33.4 -27.2 -24.4 -5.9 -17.6 -15.8 -30.1 -25 -24.1 -22.4 -14.8 -16.3 18 -9.1 -23.9 -17 -39
40.7 -32.8 19.8 23.7 21.6 -6 -18.8 -27 34.8 36 78.1 -34.7 -27.7 -25.2 -6.7 -18.4 -16.8 -31.3 -26 -22.9 -21.1 -14.1 -16.1 18.8 -8.9 -23.9 -13.8 -37.3
40.7 -31.5 20.3 24.1 23.1 -6.7 -18.2 -26.7 34.7 36.7 79.2 -30.7 -27.8 -25 -6.5 -17.5 -16.3 -30.6 -25.2 -22.3 -20.9 -14 -16.3 19.1 -9 -24.1 -11.2 -36.5
44.6 -25.1 27.3 29.7 27.4 -4.9 -15 -22.8 38.6 40.3 83.7 -24 -26.2 -22.6 -4.2 -14.5 -13.8 -27.9 -22.8 -22.5 -21.1 -13.8 -16.4 19.4 -9 -24.1 -10 -36.3
48.9 -20.8 33.1 34.6 30.9 -1.7 -11.5 -18.8 43 43.9 87.7 -21.1 -23 -19.5 -1.4 -11.4 -11.1 -24.9 -19.3 -21.5 -20.3 -12.4 -15.7 20.3 -7.9 -22.6 -8.4 -34.6
48.5 -24.9 29.8 32 30.4 0.4 -11.1 -19 43 43.7 87.3 -25.5 -20.5 -18.2 -0.6 -10.9 -10.7 -24.2 -16.7 -18.4 -18.3 -10.2 -14.2 22 -5.9 -19.6 -5.7 -31
43.8 -34.6 21.5 24.9 26.3 0 -13.7 -22.7 39.2 40 83 -34.4 -20.7 -19.8 -2.6 -13.3 -12.6 -26.3 -16.4 -15.4 -16.5 -8.7 -13 23.9 -3.9 -16.4 -3.5 -26.8
38 -44.1 13 17.4 20.3 -1.2 -17.1 -26.7 34.3 35.5 78.1 -41.5 -22.1 -22.5 -5.4 -16.4 -14.9 -29.1 -17.4 -13.5 -15.2 -8.2 -12.6 25.3 -2.5 -14.3 -2.2 -23.1
33.6 -48.9 6 11.2 13.4 -0.7 -18.7 -28.9 30.7 32.4 75.1 -43 -22.1 -23.5 -6.7 -18.2 -16.1 -30.5 -18.1 -11.7 -14.5 -8.1 -12.8 25.5 -2 -13.5 0 -20.1
31.9 -49.3 1.4 7.3 8.2 2.4 -17.9 -28.9 29.2 31.7 74.8 -38.7 -20.6 -21.9 -6 -17.7 -15.9 -30 -17.9 -9.6 -14 -7.5 -13.1 24.9 -2.3 -13.5 3.3 -18
32.3 -49.4 -1.4 5.5 7 5.3 -16.3 -28.1 29.2 32.4 76.4 -31.1 -19.5 -20 -5 -16.8 -15.1 -28.7 -17.2 -8.4 -14.5 -7.4 -13.7 23.8 -3.3 -14.1 6.2 -16.9
33.6 -50.2 -2.2 4.9 9.4 4.5 -16 -28.1 29.5 32.9 78.1 -25.4 -20.7 -20.2 -5.3 -17.2 -14.8 -28.2 -17.4 -9.2 -16 -8.7 -14.8 22.4 -4.8 -15.3 7.2 -16.4
33.6 -52.8 -3.9 3.1 11.2 -0.6 -18.1 -30.1 28.3 31.8 77.9 -26.2 -23.1 -22.5 -7 -19 -15.5 -29.2 -18.4 -9.8 -16.9 -9.8 -15.3 22.3 -4.9 -15.2 9 -13.9
31 -58.2 -10.6 -2.3 8.2 -7.4 -23 -34 24.6 28.3 75.3 -32.9 -25.3 -25.5 -9.1 -21.4 -17 -30.8 -18.9 -8 -16 -9 -13.8 24.6 -2.2 -12.1 14.3 -7.9
30.1 -59.5 -13.9 -4.1 3.3 -11.9 -26.9 -35.9 22.6 25.9 72.9 -38.8 -26.9 -27.4 -10.1 -22.4 -18.1 -31.4 -18.7 -6.7 -15 -7.3 -11.4 27.5 1.1 -8.3 18.9 -2.2
34.1 -51.8 -7.1 2.7 2 -12 -26.2 -33.3 25.3 27.7 74.1 -37.4 -27.5 -26.9 -8.9 -21 -17 -29.6 -17.4 -8.7 -15.6 -6.8 -10.1 28.9 2.7 -6.6 18 -0.6
40.5 -39.8 3.3 12.2 5.3 -8.5 -21.4 -28.2 30.4 32.7 78.5 -30.2 -26.2 -24.4 -5.9 -17.5 -14.1 -26.1 -14.4 -11.4 -17.1 -7.6 -10.2 28.6 2.7 -6.7 13.3 -2
46.3 -29.2 12 19.6 11.2 -4.5 -15.5 -23.1 35 37.9 83.5 -24.7 -23.3 -21.1 -2.3 -13.5 -11.1 -22.6 -10.5 -12.2 -17.3 -7.9 -10.3 28.5 3 -6.4 9.6 -2.9
48.8 -24.5 18.5 24.8 17.8 -3.2 -11.2 -19.3 38.6 41.5 86.6 -24.9 -20.3 -18.4 0.5 -10.4 -9 -20.2 -7.5 -11 -15.5 -6.4 -9.2 29.9 5.1 -4.2 9.5 -1.4
46.4 -25.2 22.8 27.4 23 -5.3 -10.1 -17.9 40.5 42.7 86.6 -28.3 -19.6 -17.7 1.3 -9.3 -8 -19.6 -6.6 -9.7 -13 -3.9 -7.2 32.3 7.7 -1.4 11.7 1.3
42.6 -26.7 25.5 27.8 25.2 -8.1 -10.7 -18 41.4 42.3 85 -31.5 -20.4 -18.1 0.9 -9.6 -7.8 -20.3 -7.6 -8.5 -10.8 -1.1 -5 34.7 9.7 0.6 14.7 4.5
42.1 -26.5 26 26.7 25.6 -8.3 -10.4 -17.7 42.2 42.3 84.2 -32.5 -19.8 -17.3 1.6 -9.6 -6.9 -20.2 -7.8 -6.2 -8.6 1.7 -2.5 36.9 11.5 2.1 18.9 8.9
46.6 -23.2 27.6 27.7 26.6 -5.8 -8.2 -15.8 44.2 44.3 85.7 -31.3 -17.5 -15.2 4.2 -8.1 -4.9 -18.3 -6.2 -4.1 -7 3.5 -0.7 38.3 13.1 3.1 22.5 13.1
54.4 -16.2 34.5 33.9 28.7 -2.9 -5.4 -12.3 48.2 47.9 88.9 -28.6 -15.7 -13.2 7.1 -5.5 -2.4 -15.5 -3.9 -5.1 -7.2 2.9 -0.7 38.2 13.5 3.5 22.4 14.4
59.1 -13.5 38.4 38.2 27.7 -1.7 -4.9 -10.7 50.1 49.4 91.2 -26.1 -16 -12.8 7.9 -3.9 -1.4 -13.7 -1.9 -7.8 -8.8 0.9 -1.8 37.5 13.4 4.1 20.4 13.8
56.4 -20.3 32.6 34.4 22.2 -2.8 -8.1 -13.6 47.1 46.4 90.1 -25.6 -18.5 -14.7 5.4 -5.3 -3 -14.2 -1 -9 -10.1 -0.3 -2.6 37.6 13.7 5.5 20.4 13.9
49.6 -31.6 23.3 26.8 16.6 -5.4 -12.6 -18.8 41.6 41.5 86.3 -27.7 -21.7 -18.1 1.5 -8.6 -6 -16.6 -1.4 -8.2 -10 0.2 -2.2 38.8 14.8 7.5 23.3 15.7
43.8 -41 15.5 20.1 13.6 -7.4 -15.9 -23.2 36.6 37.7 82.2 -30.8 -23.3 -20.7 -1.3 -11.4 -8.2 -19 -1.7 -6.1 -8.5 1.8 -1 40.4 16.3 9.8 28 18.8
40.7 -45.5 8.9 14.5 11.2 -7.8 -17.5 -25.9 33 35.5 79.2 -33.3 -23.1 -21.2 -2.1 -13 -9 -20.3 -1.2 -4.1 -7.4 2.6 -0.7 40.6 16.6 11.3 32 21.7
39.2 -46.9 2.5 9.6 7.9 -7.2 -18.2 -27.7 30.6 33.4 77.3 -34.6 -22.1 -20.8 -2.2 -14.2 -9.5 -20.4 -0.3 -3.6 -8.2 1.1 -2.1 38.9 14.9 11.1 32.7 22
38.2 -48.2 -3.1 5.8 4.8 -6.7 -19 -29.2 28.9 31 76.4 -34.6 -21.5 -21 -3 -15.9 -10.5 -20.4 -0.1 -5.2 -11.2 -2.4 -5.2 35.8 12.2 9.7 29.2 18.6
37.4 -49 -5.3 4.3 3.7 -7.3 -20.1 -30.2 28.1 29.4 75.9 -33.7 -22.4 -22.5 -4.8 -17.7 -12.3 -20.9 -1.1 -8.3 -14.9 -6.5 -8.4 32.8 9.9 8.1 23.2 13.1
35.4 -51.6 -7.2 2.3 2.9 -9.5 -22.1 -31.6 26.4 27.9 74.6 -33.9 -24.5 -24.9 -7.3 -19.8 -14.7 -22.6 -3 -9.9 -17 -8.6 -10.2 31 8.8 7 19.8 9.8
30.3 -58.4 -14.2 -4.3 -0.1 -12.8 -25.6 -35.3 21.6 24.6 71.5 -36.3 -27 -27.8 -10.7 -23.2 -17.7 -25.7 -5.2 -8.7 -16.9 -8.5 -10.9 30.4 8.4 6.5 21.6 11.1
26.8 -61.6 -18.3 -8.8 -1.3 -15 -27.9 -37.7 18.2 22.3 69.2 -38.8 -28.6 -29.6 -12.7 -25.7 -19.7 -28.3 -7.1 -7 -15.8 -7.9 -11.2 30.1 7.8 5.6 24.7 13.8
30.3 -54.9 -11.7 -4 3.3 -13.3 -25.2 -34.4 21.3 25.2 71.3 -37.2 -27.1 -27.6 -10.5 -24.4 -18 -27 -6.5 -6.3 -14.3 -7.1 -11 30.3 7.8 5.3 25.2 14.8
38.1 -43 -0.5 5.8 10.8 -8.6 -19.2 -27.9 28.2 31.6 77 -32 -22.8 -22.9 -5.7 -20.1 -13.7 -22.9 -3.3 -6.2 -13 -6.3 -10.4 30.7 8.7 6 23.9 14.4
44.9 -32.9 8.7 14.2 16.1 -4.6 -14 -23 33.8 37 82.1 -26.8 -19.6 -19.3 -2.3 -16.6 -10.6 -19.5 -0.5 -7.3 -12.7 -6.2 -10.5 30.4 9.3 6.6 23.9 14.4
47.8 -28.7 14.8 19.2 16.8 -3.9 -12.2 -21.3 35.9 38.4 83.8 -24.7 -19.6 -18.7 -2 -15.9 -10.6 -19.3 -1 -8.9 -13.2 -6.4 -11.3 29.8 8.9 5.9 24.9 14.2
47.3 -29.1 18.2 21.1 14.1 -6.3 -13.3 -22.2 35.2 36.3 81.9 -25.5 -21.5 -20.5 -4 -17.8 -13.2 -22 -4.9 -9.3 -13.5 -7 -12.6 29.1 7.4 3.9 24 12.5
45.4 -29.8 20.3 22 11.4 -9.2 -15.2 -23.6 34 34 79.4 -26 -22.4 -22 -5.9 -20.3 -15.7 -24.8 -9.3 -7.3 -12.6 -7.3 -13.4 28.8 6.1 2.2 21.5 10.7
43.9 -29.8 20.8 22.6 11.5 -9.7 -15.6 -23.6 33.9 34.2 79.2 -23.7 -20.1 -21.3 -5.7 -20.9 -15.7 -25 -10.9 -3.3 -10.5 -6.3 -12.8 29.5 6.4 2.3 21 11.1
45 -27.5 23.1 25.5 15.9 -7.4 -13.5 -21.2 36.3 37.4 82.5 -18.6 -16.4 -18.8 -3.6 -19.1 -13.5 -22.5 -9.6 -0.3 -8.9 -5.1 -11.8 30.2 7.4 3 21.6 11.6
50 -21.1 30.9 33 23.6 -3.2 -8.8 -16.4 41.5 42.8 88.2 -12.6 -13.2 -15.4 -0.1 -15.1 -10.4 -18.9 -6.8 0.1 -8.5 -4.1 -11.2 30.5 8 3.4 22.1 10.7
53.9 -18.7 35.3 37.2 28.2 0.3 -5.3 -13.4 44.6 45.9 92.1 -10.7 -11 -12.7 2.4 -11.8 -8.2 -16.6 -3.9 0.9 -7.4 -2.6 -10.5 30.9 8.8 4.9 24.8 11.1
51 -26.5 28.2 31.1 24.7 -0.1 -7.5 -16.7 41 42.8 89.3 -18.4 -11.3 -13.6 0.7 -13.1 -10 -18.3 -3.3 2.8 -6.1 -1.5 -10.5 30.7 8.7 6.6 28.9 13
43.1 -39.6 15.6 19.8 16.1 -4.6 -14.2 -24.3 33.2 35 80.5 -33.8 -14.3 -18 -4.2 -18.9 -15.2 -24.2 -6.7 3.1 -6.1 -2 -11.8 29.2 6.7 6 30.4 13.3
35.6 -50.8 4.6 9.8 8.5 -9.7 -21 -31.7 26 27.4 71.2 -47.3 -17.9 -22.8 -9.2 -25 -20.5 -30.7 -11.6 1.4 -7.6 -3.8 -13.9 26.5 3.4 3.3 28.6 11.8
31.6 -56.1 -3.4 3 4.6 -12.5 -25.1 -36 21.4 22.8 66.7 -51.1 -21 -25.8 -12.3 -28.7 -23.7 -34.5 -14.8 -1.4 -10.3 -6.3 -16.2 23.4 -0.4 -0.1 24.6 9.9
30.7 -56.7 -8.6 -0.6 4.1 -12.5 -26.3 -37.3 19.5 21.7 68 -45.6 -23.8 -27.1 -13.5 -29.3 -24.5 -34.9 -15.3 -4.3 -13.7 -9.2 -18.4 20.7 -3.3 -2.6 20.6 8.7
31 -56 -11.7 -1.5 5.7 -11 -26.1 -37.1 19.4 22.7 71.7 -38 -26.1 -27.7 -13.4 -28.4 -23.8 -33.4 -14.2 -7.4 -17.2 -12 -20 19 -4.6 -3.7 18.7 8.2
31.4 -55.2 -11.5 0.2 8.7 -10.2 -25.7 -36.7 20.5 24.3 74.4 -34.9 -27.4 -28.2 -13.2 -27.2 -22.8 -31.8 -13.3 -11.1 -20.1 -14 -20.9 18.6 -4.9 -4.3 19 8
30.5 -56.8 -11.1 0.6 11 -11.2 -26.5 -37.5 20.8 24.8 74.6 -36.8 -28.6 -29 -13.9 -26.9 -22.6 -31.4 -13.1 -14.1 -21.5 -14.8 -20.9 19.5 -4.4 -4.1 20.8 9.1
26.6 -63.5 -16.4 -5.1 8.4 -14.3 -29.6 -40.9 17.2 22 71.8 -40.6 -30.6 -31.1 -16.4 -29 -24.5 -33.4 -13.9 -14.7 -21.8 -14.7 -20.3 20.2 -4.1 -3.7 22.9 11.1
22.8 -67.7 -21.3 -11.3 2.2 -17.6 -32.6 -44.4 12.8 17.9 67.8 -44 -33.3 -33.9 -19.4 -32.3 -27.9 -37.2 -16.9 -14.6 -22.5 -15.1 -20.7 19 -5.7 -5.2 22.6 11.1
21.8 -63.3 -18.5 -10.9 -2.3 -18.2 -32.3 -44.1 12.5 16.4 65.2 -45.5 -33.9 -34.8 -20 -33.3 -29.7 -40 -20.5 -15.4 -23.5 -16.2 -22.1 16.5 -8.6 -8.3 20.3 9.1
