39.9 31.2 83.6 61.9 36.2 -21.1 -12.8 4.9 62.1 67.3 120 25.6 -3.3 -7.6 9.1 12.3 -2 0.2 6.3 34.2 3.5 4.4 26 46.8 14.1 8.4 -1.2 -8.7
43.6 35.1 89.4 67.5 40.9 -17.9 -8.9 9 66.8 71.3 124 28.6 -0.6 -4.1 12.9 15.9 1.5 2.8 8.1 34.6 4.9 5.3 26.9 47.3 14.8 9 -0.5 -9.1
43.1 31.5 86 65.2 40.7 -17.2 -7.9 9.4 67.2 72.4 125.8 30.5 1.5 -1.8 15 17.8 3.8 4.9 10.4 38.2 8.3 8.6 30.1 50 17.6 12.3 2.4 -6.3
39.4 23.1 78.1 58.4 36.8 -18.8 -9.5 7.4 64.6 71 125.2 30.4 2.1 -1.3 15.4 18 4.4 6 12 43.6 13.2 13.9 34.5 54.4 21.6 16.8 6.3 -2.2
34.8 13.9 70.2 51.5 31.7 -21.9 -12.9 4.2 60.5 67.7 122.5 27.9 1.1 -2.7 13.8 16 2.8 4.9 11.7 46.8 15.9 17.1 36.3 56.9 23.3 18.8 7.5 -1.1
30.2 7.5 62.2 44.7 26.6 -24.8 -16.9 0.3 55.6 63.4 119.2 24.5 -0.5 -5.2 10.7 12.5 -0.3 2 9.9 46.7 14.5 15.7 34.1 55 21 16.9 5.1 -4.7
27.5 4.9 55.6 39.4 23.8 -25.3 -18.7 -2.1 52.6 60.7 118.1 23.8 -0.4 -5.9 9.1 10.8 -1.8 0.6 9.5 46.2 12.2 12.9 31.1 51.7 18.1 14.5 2.7 -8.7
28.1 5 52.9 37.8 24.6 -22.5 -17.1 -1.3 53.1 61.6 119.9 26.8 2.3 -3.5 10.8 12.5 -0.3 2.3 11.8 47.5 12.2 12.3 30.5 50.6 17.4 14.5 3.7 -9.2
30.7 6.9 55 40 27.5 -18.8 -14 1.6 55.7 64.4 122.4 30.2 5.3 -0.1 14 15.4 2.3 4.9 14.4 49.7 14.1 13.6 32 51.6 18.7 15.9 6.6 -7
32 7.1 56.7 41.2 28.7 -16.6 -12.3 3.2 57.2 65.8 123 31.4 7 2 16.1 16.9 3.7 6.2 15.6 52.2 16.6 15.7 34.6 53.6 21.1 17.8 9.4 -4.2
29.4 2.4 51.6 36.9 25.7 -17.3 -13.3 1.3 55 64.1 120.9 29.9 7.1 2 15.9 15.8 3.2 5.5 15.6 55.1 19 18.1 37.2 55.8 23.4 20.1 11.2 -2.1
26.7 -0.2 47.2 33.4 22.4 -18.9 -14.6 -0.7 52.5 62 118.8 27.7 6 0.9 14.7 14 1.8 4 14.2 55.8 19.9 19.2 38.3 56.6 23.7 20.6 9.8 -3
29.6 6.8 52.3 38.2 24.2 -18 -12.5 2.1 54.9 63.8 119.9 28.2 6.1 2 15.5 15 2.2 4.3 13.3 53.9 19.8 19 37.8 56 22.4 19 5.9 -6.7
36.7 19.4 62.5 47.5 30.1 -14.1 -7.5 8.4 61 68.8 124 31.7 8.6 5.7 18.6 18.8 5 6.7 14.1 51.5 19.4 18.1 36.7 54.6 20.4 16.5 1.7 -12.1
42.5 29.7 70.9 54.5 35.4 -10.7 -3.4 13.1 65.8 72.9 127.7 34.4 10.5 8.4 21.3 22.1 7.3 8.7 14.9 49 18.1 16.6 35.1 52.3 18.2 13.7 -2.8 -18.9
44.3 32.8 76.4 58.1 37.6 -10.6 -2.3 14.3 67.3 74 128.6 34.2 9.3 7.7 21.1 22.7 7.2 8.2 13.6 46 16.3 14.9 33.6 49.9 16.5 11.4 -7 -25
42.8 30.7 79.6 59.3 36.5 -14 -4.5 12.6 66.1 71.9 126 30.9 5 4.1 18.1 20.2 4.1 5 9.9 42.4 14.3 13.1 31.9 47.9 14.6 9.2 -10.9 -29.1
39.7 28 80.1 58.4 33.1 -18.8 -8.4 9.1 63.3 67.8 121.3 26.6 0.1 -0.3 14.1 15.9 -0.6 0.4 5 39.1 12.2 11.2 29.7 46 12.2 6.8 -14.7 -32.3
36.9 26.3 77.7 56.2 29.7 -22.1 -11.4 6 60.5 64.6 117.8 24.7 -2.7 -2.9 11.8 13 -3.8 -2.4 1.9 37.8 10.9 9.9 28.3 44.8 10.5 5 -16.6 -34.6
37 27.6 77.4 56.5 29.6 -22.5 -11.4 6 60.8 64.8 118.1 26.6 -2.8 -2.4 12.3 13.3 -3.9 -2 1.7 37.1 10.3 9.7 28.1 44.5 10 4.1 -16.5 -35.7
41.3 33.9 84.3 62.9 34.5 -20.3 -8.2 10.1 65.5 69 122.1 30.4 -1.4 0.3 14.9 16.2 -1.1 0.7 3.1 35.3 9.5 9.9 28.3 44.5 10.1 3.4 -16.4 -36.3
45.5 38.1 90.6 68.8 40 -17.3 -4.4 14.5 70.1 73.5 126.9 33.4 0.6 3.5 18.2 19.5 2.6 3.7 5.6 34.9 9.5 10.8 29.6 45.8 11.7 4.3 -15.3 -35
44.9 33.6 87.6 66.8 40.5 -16.5 -3.5 14.7 69.6 73.9 128.4 33 1.6 4.3 19.3 20.3 4 4.9 7.9 37.4 11.1 12.2 31.4 48.1 14.2 6.7 -13.3 -32.8
39.9 23.4 79.1 59.6 36.4 -18.8 -6.3 10.5 65.1 70.1 125.6 29.1 0.2 2 17.2 18 2.3 3.3 7.8 40.1 13 13 32.5 49.5 15.7 8.5 -13 -33
34.7 14.1 71 52.5 31.5 -21.7 -10.2 5.8 60.6 66 121.5 25 -2 -1.1 14.3 14.6 -0.2 1 6.4 41.2 13.7 13 32.5 49.5 15.5 9 -14.2 -35.3
32 9.9 65 47.4 29.2 -22.5 -12.2 3.9 58 64.6 119.7 23.5 -2.7 -2.1 12.9 12.8 -1.1 0.6 6.5 41.8 13.4 12.9 32.1 49.2 15 9 -14.3 -36.3
32.3 9.9 60.8 44.4 30.2 -20.6 -11.4 5 57.6 66.2 121.5 25.5 -0.6 -0.2 14 14.1 0.4 2.9 9.3 44 13.7 13.7 32.4 50.1 15.9 9.9 -11.6 -34
34.2 11 59.1 44.2 33.1 -17.5 -8.9 7.3 59.1 69.5 125.3 29.5 3.3 3.1 16.8 17.3 3.5 6.6 13.4 47.1 14.7 15 33.5 51.8 17.8 11.8 -7.2 -30.4
35.4 11.8 60.1 46.2 35.3 -15.9 -7.3 8.4 61.1 71.8 127.8 32.4 6 4.9 18.8 19.5 5.7 8.8 15.9 48.7 15.1 15.2 34.2 52.5 18.9 13.1 -3.8 -28.4
33.6 9.8 59.3 46.1 34.2 -17.4 -9 6.5 60.5 70.8 127.1 32.3 5.4 3.6 17.9 18.7 5.3 8.3 15.6 48.7 14.7 14.5 33.9 52.2 19.2 13.4 -1.9 -27.8
28.6 3.1 52.1 40 29.7 -20.8 -13.1 2.1 56.1 66.8 124.1 30.2 2.8 0.3 14.7 15.8 2.9 6.2 14.4 49.1 14.9 14.3 33.9 52.4 20 14.4 0.7 -25.7
25.1 -0.4 46.9 34.6 26.5 -24 -16.1 -0.9 52.3 63.8 121.9 28.3 -0.3 -2.7 11.7 13.3 0.9 4.5 13.5 48.8 14.5 14.1 34 53 21.1 15.6 2.2 -23.2
26.9 5.6 51.6 37.5 28.5 -24.8 -15.7 0.7 53.6 65.2 123.2 28.9 -1.7 -3.3 11.4 13.3 1.5 5.4 13.7 46.3 12.6 13.1 33.5 53.3 21.5 15.6 1.5 -21.8
32.5 17 60.9 45.5 33.8 -22.2 -12.1 5.6 58.9 69.8 127.7 32.3 -0.1 -1.1 13.9 15.9 4.7 8.9 15.7 43.7 10.7 12.1 32.8 53.4 21.7 15.2 0.9 -20.8
38.1 27.1 69.2 53.7 39 -17.8 -7.7 10.8 64.6 74.7 132.3 36.2 2.9 2 17.1 19.6 8.5 12.8 18.4 42.4 10.2 12.1 32.9 54.2 22.5 15.8 2.3 -19
41.9 32 76 60 42.1 -14.9 -4.7 14.5 68.4 77.9 134.5 38.4 3.9 3.6 19.2 22.5 10.8 14.9 20 41.8 10.9 12.9 34.1 55.8 24.1 17.3 4.3 -16.2
42.7 32.3 81 63.3 42.3 -15.7 -4.7 15.4 69.4 77.9 133.4 37.8 1.3 2.4 18.6 22.4 10.1 13.9 19 40.1 10.7 12.8 34.9 57 25.3 18.2 4.4 -14.4
40.6 31.8 83.2 63.4 40.1 -19.3 -6.7 13.9 67.9 75.8 130.9 35.6 -2.4 -0.3 16.3 20.3 7.4 11.3 16.7 38.4 10 12 35 57.3 26.1 18.4 3.7 -13
38 31 82 61.2 37.7 -22 -8.3 11.9 66.1 73.9 129.4 33.9 -3.8 -1.8 14.8 18.8 6 9.9 15.7 38.8 10.5 12.1 35.4 57.9 27.1 19.2 5 -10.3
37.8 31.2 81.2 60.2 37.3 -22.3 -8.1 11.6 66.1 73.8 129.5 33.3 -2.9 -1.6 15 18.5 6.3 10 15.6 39.5 10.9 12.2 35 57.8 27.1 19.4 6.9 -8.2
41.3 35.5 86.1 64.2 40.2 -20.5 -5.9 14.1 69 75.5 130.6 33.2 -1.5 -0.4 16.5 19.3 7.7 10.7 15 37.8 9.6 11.2 33 56.5 25.5 17.5 6.8 -8.7
45.2 38.8 90.6 68 43.1 -17.4 -3 16.9 72 77.5 131.9 34.3 0.6 1.8 18.7 21 9.7 11.9 14.9 37.1 9 11 32.1 56.2 25 16.4 7.6 -7.8
45.1 34.7 87.1 65.3 42 -15.2 -2.3 16.9 70.8 77.1 131.8 34.9 2.5 3.3 19.6 21.6 10.5 12.5 15.6 40.2 11.1 13.1 34 58.1 26.7 18.4 11.5 -3.5
40.8 24.6 78.5 58.3 37.1 -16.2 -4.7 13.9 66.1 73.9 129.2 33.1 2.4 2.7 18.2 19.9 8.6 11.1 15.6 44.6 14.2 16.2 36.9 60.6 28.9 21.6 16 1.3
35.3 14.2 70 50.8 31.1 -19 -8.2 10 61 69.4 125.2 29.8 1 1.1 16 17.1 5.6 8.6 15.3 47.6 16.3 18.1 38.3 61.6 29.9 23.6 18.9 4.2
31.6 8.9 62.7 44.1 26.1 -20.5 -10.4 7 57.5 65.9 122 27.4 0.5 0.3 14.8 15.1 3.6 7 15.8 48.8 16.8 18 38 60.8 29.4 23.8 20.5 5.9
31.4 8.7 57.1 39.2 24.1 -18.7 -10.1 6.2 56.5 64.9 121.6 28.2 2.4 1.6 15.3 14.9 3.8 7.4 17.6 50 16.9 17.2 37.7 59.9 29 23.9 22.2 7.9
33.4 9.6 54.2 36.7 24.6 -15.2 -8.3 7.1 57.1 65.9 123.5 30.9 5.6 4 17.1 16 5.3 9 19.9 51.1 17 16.6 38 59.6 28.8 24.1 23.8 9.8
35.1 10.4 54.7 36.6 25.6 -12.6 -6.8 8.4 57.9 66.8 124.9 32.6 7.5 5 18.2 16.5 6.1 9.6 20.5 50.4 16.1 16 37.9 59 28.2 23.1 24.1 10.4
34.3 9.2 54.1 35.3 24.2 -12.4 -7.2 7.8 56.9 65.8 123.7 31.5 7.3 4.2 17.4 15.5 5 8.3 19.3 49.1 15.4 16.1 37.7 58.5 27.8 22 24 10.9
29.9 3.3 47.4 29.1 19.8 -14 -9.7 4.5 52.9 62.2 120.4 28.5 5.9 2.9 15.2 13.5 3 6.3 18 50.1 16.5 17.8 38.6 59.4 28.8 22.9 25.4 13.2
26.4 -0.3 42.7 24.8 16.7 -16.1 -11.9 2.1 50.2 59.3 117.5 26.1 4.5 2.4 13.8 12.8 1.7 5 17.1 51.7 18.3 19.8 39.9 61.2 30.1 24.6 26.9 15.7
28.3 5.3 47.9 29.2 18.9 -16.2 -11.1 3.9 52.2 60.3 117.8 26.3 4.2 3.6 14.9 14.4 2.5 5.2 16.7 50.9 18.8 20.1 40.3 61.9 29.6 24.4 26.5 16.5
33.7 15.9 57.4 37.5 23.9 -14.2 -7.9 8 56.5 64.2 120.1 28.1 5.5 5.3 17.4 16.8 4.2 6.1 16.8 48.2 17.4 18.4 39 60.3 27.2 22.3 25 15.6
38.6 24.6 65 44.5 28.3 -11.9 -4.7 11.4 60.1 67.7 122.4 29.3 6.9 6.4 19.3 18.3 5.1 6.7 16.5 45.7 15.4 16.2 37 57.7 24.6 19.7 23.5 13.7
41.5 28.7 71.3 49.7 31.4 -10.7 -2.6 13.7 62.8 69.7 123.6 29.6 7 6.8 20 18.8 4.9 6.7 15.8 44.6 14.5 15.4 36 56.2 23.7 18 22.8 12.2
41.9 29.7 76.3 53.6 32.5 -12.1 -2.6 14.2 64.3 69.8 123.3 29.4 5.5 6.2 19.4 18.3 3.7 5.9 14.1 44.2 15 15.9 36 56.2 23.9 17.3 22.1 11.4
39.7 29.5 78.2 54.7 31.2 -16.1 -5 12.6 63.7 68.1 121.6 28.4 3 4 17.5 16.6 2 4.1 11.4 43.6 15.7 16.7 35.9 56.7 23.8 16.6 20.9 10.6
36.9 28 76.2 52.9 28.8 -20 -7.5 10.4 61.6 66.1 119.8 27.1 1.4 1.8 15.9 14.8 0.9 2.6 9.4 43.7 16.3 17.5 35.8 57.3 23.5 16.2 20.9 11.1
36.6 28.3 75.8 52.7 28.7 -21.5 -8 10.4 61.1 66.3 119.9 26.2 1.3 1.3 16 14.4 1.3 2.3 9.3 43.5 16.2 17.6 35.9 57.3 22.9 16.1 21.5 12.1
40.1 33.5 82.3 58.1 32.5 -21 -6.3 13.3 64.1 69.5 122.1 26 1 1.8 17.3 16 2.5 3 10.1 40.6 14.3 15.9 34.7 55.6 21.1 14.8 19.4 10.6
43.2 36.5 87.4 62.2 35.8 -20.1 -5 15.6 67.2 72.2 124.4 25.9 0.7 2.4 18.6 17.8 3.4 3.9 11.1 37.5 12.4 14.2 33.3 53.6 19.4 13.5 15.6 7.6
41.5 31.1 83.1 58.9 34.5 -19.9 -5.8 14.4 66.6 71.6 124.5 25.3 0.3 2.7 18.4 17.8 3.3 4 12.1 37.7 12.8 14.3 33.6 53.3 19.3 13.8 14.4 6.8
36.3 20.8 74.3 52.2 30.2 -21.4 -8.6 10.8 63.4 68.7 122.5 24.3 -0.7 2.1 16.8 16.1 2 3 12 40.4 15 16 35.7 54.9 20.6 15.3 16.5 8.5
31.4 12 66.9 46.2 26.1 -24.3 -12.1 7.3 60 65.4 119.8 23.1 -2.4 0.6 14.6 13.5 0.1 1.1 10.8 42.7 16.7 17.3 37.1 56.1 21.1 16.1 18.6 9.5
28.4 7.8 60.9 41 23.2 -26.7 -14.7 4.6 57 62.9 117.7 22.4 -3.9 -1 12.8 11.2 -1.5 -0.7 9.7 43.9 16.2 16.8 36.4 55.2 19.5 14.6 18.7 7.7
27.8 7.3 56.1 37.3 22.4 -26.2 -15.1 3.7 55.7 62.4 118.1 23.7 -3.5 -0.9 12.9 11.2 -1.2 -0.7 10.3 44.9 15.2 16.1 35.3 53.8 17.8 12.9 18.7 6.1
29.6 7.8 54.1 36.7 24.3 -23.1 -13.2 5 56.6 64.6 121.1 26.7 -1 1.3 15.1 13.8 1.2 1.7 12.6 46.1 15.4 16.6 35.3 53.9 17.7 12.7 19.7 6.6
32.2 8.6 55.7 38.9 27.3 -20.1 -10.8 7.2 58.5 67.7 124.1 29.1 1.1 3.3 17.4 16.7 3.6 4.2 14.5 46.9 16.1 17.5 35.4 54.9 18.5 13.4 19.9 6.7
33.1 8.3 56.4 39.9 28.4 -19 -9.8 8 59.2 69 124.6 29.3 1.7 3.9 18.3 18 4.4 5.2 15.1 48.4 17.6 18.8 36.4 56.6 20 14.4 19.7 6.1
31.2 4.7 51.5 36 26.2 -19.3 -10.6 6.9 57.9 68 123.2 28.5 2 4 18.1 17.9 4.5 5.7 15.8 52.4 20.8 21.4 39.5 59.3 23 16.8 20.8 7
30 3.9 48.7 33.5 24.9 -19.9 -11 6.8 57.7 67.6 122.9 28.6 2.7 4.5 18.4 18 5.1 6.2 16.7 55.2 23.3 23.9 42.9 61.8 25.7 19.2 20.7 8
33 11.4 55.2 38.8 28.3 -19 -8.6 10.2 61.4 70.1 125.3 30.7 3.9 6.1 20.5 19.7 7 7.5 17.6 54.1 23.4 24.5 44.3 62.3 26.2 19.6 17.9 7
38.7 23.1 65.7 47.9 34.5 -15.8 -4.2 15.2 67 74.4 129.4 34.3 6.1 9.2 24.2 22.9 10 10 18.9 51.3 21.9 23.5 43.9 61.4 25.4 18.3 15.3 5.6
44 33 73.9 55.3 39.7 -12.1 -0.2 19 71.6 78.1 132.7 37.3 8.6 12.4 27.4 26 12.5 12.4 19.8 49.4 21 22.8 43.2 60.3 25 16.7 15.2 5.2
47 37.6 79.9 60 42 -10.8 1.6 20.6 74 80 133.7 38.1 9.6 13.6 28.4 28 13.3 13.1 18.7 49 21.2 23.3 43.3 60.2 25.2 15.5 16.7 5.4
47.2 37.8 84.2 62.1 41.3 -13 0.4 20.2 74.2 79.5 132.2 36.6 8 12 27 27.6 12.1 11.4 15.4 48.4 21.5 23.7 43.4 60.4 24.8 13.9 16.5 4.6
45.1 36.4 86.1 62.1 39 -17.1 -2.5 18.7 72.9 77.4 129.7 34.1 4.2 9.1 24.7 25.4 9.9 8.4 11.6 47.1 20.9 23.3 43 60.5 23.7 12.1 14.2 2.8
42.8 34.8 85.1 60.8 37.3 -19.5 -4 17.7 71.6 76 128.5 32.9 0.9 7.6 23.7 24 8.9 6.8 10.5 46.7 20.4 23.6 43.1 61.5 23.6 12 12.2 2.4
43.7 36.5 86.4 62.1 39.1 -18 -1.6 19.5 73.3 77.6 130.5 34 0.8 9.2 25.4 25.5 10.8 8.7 12.8 47.6 20.9 24.9 44.1 63.6 25.2 13.8 11.8 3.6
49.8 45 95.5 70.1 45.8 -12.8 4.6 25.5 79.9 83.4 135.7 36.7 4.6 13.9 30 30.7 15.9 13.8 16.7 48.2 22.3 26.8 46 66 28 16.3 12.1 5
56.1 51.4 103.5 77.4 52 -7.2 10 31.5 86.1 89.4 140.7 39.1 9.5 18.9 35.1 36.5 21.4 19.3 20.3 49.1 24.5 29.2 48.9 68.6 31.1 18.9 14 6.6
55.2 46.3 100 75.4 51.1 -6.1 9.8 31.2 85.6 90 140.7 38.1 10.7 19.5 36.3 37.7 22.9 20.8 21.3 49.6 25.5 31 51 70.1 32.8 20.1 16.3 7.6
47.7 33.9 89.2 67 44.1 -10.7 4.6 25.2 79.6 85.3 136 34 6.8 15.3 33 34.1 19.9 17.8 19.1 48.6 24.9 31.1 51.2 70 32.4 19.3 16.7 6.8
39.8 22.9 79.3 58.8 37.6 -16.4 -0.6 19.4 73.7 80.1 131.5 30.6 2.4 10.6 29.1 29.8 16.2 14.4 16.6 48.1 24.2 30.5 50.4 69.5 31.3 18.2 15.6 4.8
35.7 17.8 72.3 52.5 34.8 -19.3 -3 16.9 70.3 77.5 130.2 30.1 1.2 8.7 27.2 27.6 14.5 13.2 15.8 49.4 24 29.5 49.5 68.5 30.4 17.2 13.7 1.8
35.3 16.5 66.9 47.7 34.5 -18.7 -2.7 16.7 68.8 77.2 131.5 32.1 2.7 9.7 27.1 27.5 14.2 13.8 16.4 51.2 23.4 28.2 48.4 66.9 29.1 16.5 11.9 -1.2
36.7 15.3 63.1 44.9 34.6 -16.3 -1.8 16.9 68.2 77.4 132.8 33.7 4.7 11.5 27.4 27.7 14.3 14.5 16.9 51.7 21.8 26.1 47.1 64.9 27.2 15.3 10.5 -3.1
37.8 13.9 61.5 43.9 33 -15.1 -2.8 15.7 67.2 76.1 131.7 32.5 4.9 11.3 26.2 26.4 13.1 12.9 15.4 49.7 18.9 23.1 44.7 62.1 24.2 12.5 8.4 -4.5
35.8 10.6 58.5 41 28.4 -17.4 -6.8 11.9 63.5 72.2 127.5 28.5 2.9 8.2 22.9 23.2 9.8 9 12.1 47.1 16.2 20.1 41.5 59 21.1 9.2 5.8 -6.2
30.2 3.5 50.2 33.3 21.5 -22.1 -12 6.4 57.4 66.8 122.1 23.9 0.5 3.9 18.8 19.2 5.7 4.8 9 46.6 15.2 18.7 39.3 57.4 19.5 7.8 4.5 -7.5
26.4 0 45 28.4 17.7 -25.7 -14.6 3.4 54.3 64 119 21.5 -0.3 1.4 17 16.9 3.9 2.8 7.2 47 15.4 18.8 38.9 57.3 19.4 8.1 3.9 -8.8
29.3 7 50.8 33 21.2 -24.9 -11.8 6.5 58.3 66.7 121 22.8 1.4 2.8 19.3 18.8 6.3 4.5 7.9 46.8 16.2 19.6 39.7 58.2 20.1 9 3 -10.5
36.5 19.8 61.7 42.9 28.9 -19.9 -5.5 13 65.9 72.8 126.6 27.3 4.6 7.4 24 24 11.3 9 11.4 47 17.5 20.8 41.1 59.5 21.7 10.5 3 -11.1
43.1 30.9 71.2 52 35.9 -14.6 -0.2 19 72.3 78.8 132.3 32.4 6.6 11.9 28 29.5 15.9 13.6 15.2 47.7 18.9 22.3 42.7 61.3 24.2 12.2 4.4 -9.7
46.6 36.6 78.6 59.2 40.5 -12.1 2.2 22.8 76 82.9 136.1 36 6.4 13.9 30.2 33.1 18.7 16.8 17.2 47.6 19.9 23.9 44.7 63.5 27.2 14.1 6 -7
46.8 38 84.6 64 42.2 -13.1 1.7 24.1 77.6 84.6 137.3 36.6 4.7 12.9 30.3 33.9 19 17.8 16.6 46.1 19.5 24.7 45.8 65.1 29.1 15.1 5.8 -5.8
44.2 37.5 87.3 65.3 41.2 -16.3 -1 22.8 76.9 83.6 135.7 34.6 1.8 10.1 28.1 32.4 17.1 16.3 14 43.6 17.9 24 45.3 65.2 29.1 14.5 3 -7.7
40.7 35.5 86 63.5 38.7 -19.4 -4.2 19.8 74.7 81.2 133.1 32.1 -1.3 6.8 25.2 30.2 14.8 13.7 11.5 41.9 16.4 22.4 44.1 64.4 27.9 13.2 -0.3 -10.9
39.6 34.7 85.2 62.7 38.1 -20.8 -5.4 18.2 73.3 80.3 131.9 31.3 -3.2 4.5 23.6 29.1 13.6 12 10.3 40 14.9 20.1 42.2 62.9 26 11.7 -3.8 -14.4
42 38.4 89.9 66.4 40.8 -20.7 -4 19.3 74.7 81.6 132.9 31.9 -4 3.1 23.3 28.7 13.7 11.5 9.9 35.8 12 16.6 38.9 60 22.9 9.8 -8.5 -18.8
43.5 39.4 92.4 68.5 42.6 -20.8 -3.2 19.8 75.6 82.1 133.8 32.1 -3.9 2.1 22.9 27.8 13.5 11.1 9.5 32.4 9 13.5 35.7 57.1 20.6 8.9 -11.5 -21.6
39.9 31.2 85.4 62.9 38.9 -22.7 -5.9 16.4 72.2 79.2 131.8 30.3 -4.3 0.5 20.6 25.3 11.6 9.5 8.6 32.7 8.1 12.6 34.6 55.9 20.8 9.5 -9.7 -20.6
33.1 18.6 74.3 53.6 31.8 -26.2 -11.2 10.4 66.3 74 127 26.3 -6.1 -2 17.1 21.5 8.3 6.8 7.1 35.4 9.3 13.7 35.7 56.8 22.4 11.1 -4.9 -16.9
27.6 9 65.6 46 25.7 -29.2 -15.5 5.6 61.2 69.6 122.5 22.4 -7.5 -3.9 14.6 18.5 5.6 5 6.4 38.8 11.4 15.7 37.6 58.7 24.2 12.8 -0.2 -12.9
25 5.1 59.1 40.2 22.8 -29.7 -17 3.2 58 66.9 120.3 20.3 -6.7 -3.7 14.3 17.4 4.8 5 7.7 41.9 13 17.3 38.7 60 25.1 14.4 3.1 -10
24.7 4.3 53.8 35.7 22.4 -27.6 -16.3 3.2 56.5 66 120.6 20.4 -3.9 -1.7 15.5 18 5.7 6.4 10.3 44.3 14 17.9 38.9 60.3 25.3 16 5.6 -8
26.2 3.6 50.7 33.8 23.9 -24.3 -14.3 4.6 56.8 66.8 122.6 22.7 -0.5 1.4 17.5 19.6 7.6 8.4 13.1 46.3 15 18.2 39 60.1 25.6 17.8 8.4 -5.8
28.3 3.7 51.5 35 25.6 -21.9 -12.4 6.1 58.1 68.3 124.6 25.5 1.9 3.8 19.1 21.1 8.8 9.7 14.7 47.7 15.9 18.6 39 60 26.3 19 11.3 -3.5
28.4 2.5 51.3 34.7 24.7 -22.4 -12.4 5.3 57.7 68.1 124.3 26.5 2.4 4.1 18.9 20.6 8.2 9.5 14.8 49.1 16.8 19.2 39 60.5 27.1 19.8 13.8 -1.3
24.8 -3.5 44.5 28.6 20.3 -25.2 -15.2 1.2 53.6 64.7 121.6 25 1.3 2.1 16.6 17.7 5.9 7.7 14.2 51.4 18.1 20.1 39.4 61.4 28.1 21.6 16.4 1.7
20.9 -7.7 38.3 23 16.1 -28.1 -19.1 -3 49.3 60.6 118.5 22.8 -1 -0.7 13.8 14.3 3.1 5.4 13.2 52.4 18.6 20.2 39.4 61.6 28.4 23 17.9 4.3
20.5 -3.8 40.1 24.3 16.1 -29.2 -20.8 -4.2 48.8 59.2 117.2 21.7 -2.9 -2.2 12.5 12.7 1.3 4.2 12.1 50 17.3 18.6 38.1 60.1 27 22.2 17.3 4.7
22.5 4.7 45.5 28.9 18.8 -28.2 -20.1 -3.1 50.6 59.9 117.6 22 -3.3 -2.1 12.4 12.6 1 4.1 11.7 46.1 14.6 15.7 35.3 57.2 24.5 19.7 15.6 2.9
25.2 11.8 50.4 32.9 21.5 -26.8 -18.6 -1.6 51.9 61 118.5 22.6 -3.1 -1.6 12.5 13 0.9 4.3 11.4 42.8 12.2 12.8 32.4 54.5 22 17.1 14.5 0.2
27.5 15.1 55.7 36.8 23.2 -26.5 -17.4 0.1 52.7 62.1 119.3 22.5 -3.5 -1.5 12.6 13.2 0.2 3.8 10.8 41.3 11.7 11.8 31.3 53.7 21.1 16.1 15.3 -1
27.8 15.7 61.2 40.4 23.3 -28.2 -17.6 0.7 52.9 62.4 118.7 21.1 -4.9 -2.2 12.2 12.6 -0.9 2.4 9.8 40.9 12.9 12.9 32.1 54.5 22 16.5 18 0
26 16 64.4 42.4 21.7 -30.7 -19.3 -0.5 52.6 61.6 116.8 18.9 -6.1 -3.1 11.5 11.6 -1.8 0.7 8.8 41.8 15.3 15.2 34 56 23.9 17.9 22.6 3.3
23.9 15.7 63.8 42.4 20.1 -31.8 -20.7 -2 52.5 61.1 115.9 18.2 -5.4 -2.5 11.9 11.5 -1.1 0.9 9.3 44.5 18.4 18.4 36.7 58.3 26.4 20.4 28.7 8.5
24.4 16.7 63.8 43.4 21.1 -31 -20 -1.4 54 62.4 117.2 19.7 -3.5 -0.4 13.6 12.7 0.9 3.1 11 46.7 20.2 20.8 38.6 59.9 28 22.6 33.1 12.9
28.4 22.2 70.2 49.1 26 -29.4 -17.1 2.7 57.9 65.9 120.3 22.2 -1.9 2 16 14.9 3.2 5.7 12.7 46 19.7 21 38.9 60.2 27.9 23.1 34 14.4
31.5 25.2 75.5 53.1 30 -28.2 -15 6.5 60.7 68.5 122.8 24.6 -0.7 3.5 17.7 17 4.5 7.4 14.6 44.9 18.8 20.7 38.8 60.5 28 23.5 33.7 15.2
28.6 18.5 70.9 49 27.6 -29.2 -16.9 5 58.3 66.3 121.6 24.6 -0.9 2.1 16.6 16.5 3.5 6.6 15.7 45.5 18.8 21 39.1 61.6 28.9 24.9 33.2 16.7
21.6 6.3 60.7 39.9 20.2 -33.2 -22.5 -1.2 52 60.2 116.8 21.3 -3.7 -2.1 12.8 12.8 0 3.4 14.1 46.1 18.6 20.8 39.3 62.1 29.4 25.9 31.3 17.9
14.9 -4.6 51.1 31.2 12.9 -38 -28.3 -8.1 45.4 54.1 111.7 16.7 -7.5 -6.3 8.8 8.1 -3.8 -0.4 11.2 45.7 17.6 19.8 38.9 61.4 29 25.7 29.2 18.2
11.2 -10.5 43.3 24.4 9.1 -40.6 -31.5 -12.4 41 50.9 109.5 14.4 -9.4 -8.2 6.9 5.1 -5.4 -2.3 10.2 45.6 16.4 19.1 38.4 60.9 28.8 25.8 29.2 19.7
10.6 -11.9 38.1 20.8 9.1 -39.1 -30.8 -12.8 40.4 51.6 111.2 16.7 -7.5 -6.4 8.5 6.2 -3.3 0.1 13.2 47.6 16.7 20.2 39.6 62.7 30.8 28.3 33.5 25
12.5 -11.3 36.7 20.7 11.2 -34.7 -27.3 -10.1 43.3 55.2 115.1 21.8 -3.1 -2.2 12.6 10.3 1.7 5.8 18.8 50.4 18.4 22.6 42.8 66.6 34.7 32.5 40.9 33.1
14.3 -10.1 38.1 22.5 12.4 -31.6 -24.8 -7.7 45.9 57.8 117.3 24.9 -0.4 0.8 15.3 13.5 5.3 10 22.6 51.1 19.2 23.7 45.2 69.3 37.4 34.7 46.2 38.5
12.7 -11.5 36.6 20.6 9.7 -32.5 -26.6 -9 44.5 56.2 115.4 23.3 -1.7 -0.2 13.9 12.8 4.7 9.7 22.2 50.1 18.3 23 45.2 69.4 37.5 34.1 46.8 38.8
7.4 -18.4 28.2 12.5 3.5 -36 -31.6 -13.8 38.9 51.4 111.2 19.1 -5.2 -3.9 9.9 9.6 1.3 6.7 20 50.7 17.6 22.6 44.7 68.8 36.9 33.5 46.1 37.4
3.4 -22.7 22.2 6.7 -0.6 -39 -35.4 -17.1 34.7 48.1 108.6 16.1 -8.3 -7.2 6.8 6.8 -1.3 4.4 17.9 51.2 17.1 22.6 44.4 68.3 36.4 33.7 45.7 36.5
5.1 -17 27 10.5 1.3 -39.2 -34.6 -15.5 36.4 49.6 109.9 16.9 -9.1 -7.6 7.3 7.2 -0.6 4.9 17.5 49.4 15.8 22.3 43.8 68 36 33.6 44.9 35.8
11.4 -5.2 37.4 19.9 7.7 -36 -29.7 -10.2 42.5 54.8 114.7 21.2 -6.7 -4.7 11.4 11.1 3.4 8.6 20 46.9 14.7 22.3 43.8 68.4 36.6 34.1 44.8 36.6
18.4 5.9 47.1 29.3 14.7 -31.3 -24 -4.1 49.2 60.9 120.3 26.3 -3.1 -0.6 16.1 16.3 8.5 13.2 24.2 45.8 14.6 23.4 45.1 70.1 38.7 35.9 46.1 39
23 12.1 55 36.5 19.3 -28.7 -20.5 0.2 54 65.3 124 29.1 -1.5 1.8 18.7 19.9 11.7 16.2 26.7 44.9 15.1 24.9 46.9 72.2 41 37.3 47.7 41.5
23.6 13.2 60.5 40.3 20.5 -30.4 -20.7 1 56 66.4 124.4 28.2 -3.5 0.7 17.9 20 11.4 15.9 25.2 42.9 14.7 25.4 47.5 72.9 41.8 36.7 47.4 42.3
21.3 12.7 63 40.8 19.4 -34.5 -23.2 -0.5 55.5 64.7 122.5 25.5 -7.5 -2.7 15.3 17.7 9.3 13.5 21.7 40.7 13.8 24.8 47 72.8 41.4 35.1 45.4 41.7
19 11.5 62.4 39.7 18.3 -37.3 -25.5 -1.8 54.1 63.4 121.3 24 -10.2 -5.2 13.6 15.8 8.2 11.7 19.9 40 13.5 24.4 47 73.4 41.3 34.7 44 41.3
19.4 11.8 63.1 40.9 19.6 -37.3 -25.5 -1 54.1 64.7 122.4 24.8 -10.9 -5.8 14.2 16.3 8.9 12.3 20.8 39 12.5 23.5 46.9 74 41.2 34.6 43 40.4
22.8 16.9 69.3 47 23.4 -35.8 -23.5 1.7 57 68.1 124.9 26.6 -10.8 -5.2 15.8 18.5 10.4 14.2 21.8 35.5 9.7 21.4 45.1 72.6 39.6 32.7 40.5 38
25.2 20.6 73.7 51.9 26.2 -34.1 -21.7 3.3 59.7 70.4 126.8 28.2 -10.4 -4.1 17.1 20.4 11.5 15.7 22.1 32.6 7.4 20.1 43.7 70.8 38.2 30.8 39.1 36.8
23.1 16.3 69.3 49.4 25.1 -33.9 -22.4 1.5 58.8 69.4 126.4 28.7 -10.5 -3.8 16.8 20.6 11.2 15.7 22.2 33.9 8.2 21 45.1 70.9 38.7 31.3 40.8 38.8
18.7 7.3 61.5 43 21.8 -35.9 -25 -1.8 55.6 66.6 124.1 27.8 -11.5 -5 15.5 19.4 10 14.4 22.2 37.7 11 23.2 48.4 72.9 40.7 33.4 43.6 42
15.1 -0.5 55.3 37.1 18.8 -38.4 -27.4 -4.3 52.3 64 122 26.5 -12.7 -6.8 14.1 17.7 9 12.7 22 40.5 13.3 24.8 50.8 74.9 42.2 35.3 45.6 44.4
12.8 -4.5 49.4 32 16.5 -39.3 -28.7 -5.7 49.5 62.2 121 26.4 -12.8 -7.8 13 16.1 8.5 11.5 22 41.6 13.6 24.6 50.9 75.3 42.3 35.5 46.5 45.9
12.2 -6.2 43.9 28 15.6 -37.4 -28.3 -5.9 48.3 61.5 121.5 28.3 -11 -6.6 13 15.9 8.9 11.9 22.9 42 13.1 24.1 49.8 74.7 41.5 34.8 46.9 46.4
14 -7.5 41.3 26.5 16.6 -33.8 -26.4 -4.6 49.1 62.6 123.7 31 -8.1 -4 14.3 17.3 10.3 13.7 24.8 42.2 12.8 23.9 48.6 73.6 40.4 33.9 46.7 45.7
16.3 -7.7 42.3 27.9 18.6 -31.6 -25 -3 50.5 64.1 125.7 32.6 -6.7 -2.5 15.2 18.5 11 14.8 25.5 41.1 12.1 22.8 47.3 71.8 38.5 32.1 44.4 42.6
15.7 -9 41.7 27.6 18.2 -32.5 -26.4 -4 49.4 63.5 124.8 31.5 -7.7 -3.8 13.8 17.4 9.3 13.5 23.7 40.3 10.9 21.4 45.9 69.8 35.9 29.5 40.5 37.2
10.9 -15.7 34.5 21.3 13.6 -36 -30.6 -8.6 44.7 59.5 120.7 28 -9.9 -6.9 10.3 13.8 5.5 9.9 20.3 41.6 10.6 20.7 44.9 68.5 33.5 27.5 37.4 32.2
7.1 -20 29 15.7 9.5 -39.7 -34 -12.4 40.7 55.9 116.7 24.3 -12.1 -9.6 7.4 10.3 2.4 6.6 17.1 42.6 10.6 20.2 44 67.6 31.4 25.6 35 28.6
9 -14 33.8 18.5 11.1 -40.6 -33.4 -11.3 42.3 56.8 116.6 23.5 -12.3 -9.7 7.9 10 2.1 6 15.7 41.3 10 19.5 43 66.5 29.8 23.6 31.8 26.2
14.6 -2 43.4 26.7 16.5 -37.7 -29.7 -6.3 47.8 60.8 120.3 26 -10 -7.3 11.1 13 4.3 7.7 16.4 39.3 9.5 18.6 42.1 65 28.8 21.7 29.1 25.1
19.5 8.2 51.5 34.8 21.9 -33.7 -26 -1.2 53.2 64.7 124.5 29.1 -7.1 -4 14.5 16.6 6.9 9.4 17.3 38.7 9.7 18.1 41.6 63.9 28.2 20.2 28.4 25.2
22.5 13.9 58.7 41.9 26.2 -31.3 -23.4 2.8 57.2 67.9 127.4 30.9 -5.2 -1.6 16.8 19.3 9.1 10.5 17.3 39.8 11 18.9 42.5 64.2 28.5 19.6 29.5 26.1
24.3 16.8 65.9 47.9 29.7 -31.5 -22 5.3 59.9 70.5 128.5 30.6 -4.9 -0.5 17.9 21 10.3 10.9 16.3 41.4 13.2 21.2 44.6 66.1 29.4 19.9 31.1 27.1
24.8 18.8 71.1 51.2 31.1 -33.6 -21.9 6 61.4 71.8 128 28.8 -5.6 -0.7 17.9 21.2 10.3 10.4 14.7 42.9 15.8 23.9 46.6 68 30.6 20.6 32.3 28.3
23.6 18.9 72 50.9 30.3 -35.6 -22.5 5.2 61.5 71.8 127 27.2 -6 -0.8 17.8 20.7 10 9.8 13.7 44.7 18.5 26.1 47.9 69.3 31.6 21.2 33.4 29.3
23.4 19.8 72.6 51.3 30.1 -35.6 -22.5 5.2 62.1 72 126.7 27.1 -5.8 -0.4 18.5 20.8 10 9.6 13.3 45.5 19.7 26.5 47.7 69 31.2 20.5 32.7 28.3
26.7 25.7 78.4 56.8 33.4 -33.4 -20.6 8 65 74.3 127.9 28.5 -5.1 0.4 20.1 22 10.6 9.9 12.6 43.4 18.2 24.4 45.7 66.5 28.6 17.7 27.4 24.3
30.2 29.7 83.1 61.4 37.3 -30.7 -18.5 10.8 67.6 76.5 130 30.5 -4.2 1.2 21.5 23.4 11.2 10.4 12.3 41.4 16.2 22.1 44 64.1 26 15.4 20.4 20.4
29 24.4 79.3 58.3 36.6 -30.6 -19.2 9.9 66 75.5 130 30.7 -4.3 0.9 20.9 23 10.3 9.8 12.2 42.2 16 21.7 43.7 63.6 25.2 15.4 16.3 18.4
24.3 14 71 50.9 31.8 -34 -22.4 6 62 71.6 126.9 27.9 -5.6 -0.3 19 20.7 7.8 7.7 10.9 44.9 17.6 22.8 44.2 64.4 25.6 16.3 16.5 17.8
20.1 5.1 63.7 44.1 26.7 -37.6 -25.3 2.5 58.2 67.6 122.8 23.9 -6.3 -1.3 17.3 17.8 5.2 5.2 8.9 47.8 19.5 24.1 44.5 64.7 25.8 16.5 19.2 17.9
17.6 -0.2 57 38.2 23.2 -38.7 -26.7 0.1 54.6 64.3 119.4 20.9 -6.2 -1.9 15.9 15.1 2.9 2.5 7 49.5 19.6 23.7 43.4 63.2 24.6 15.5 20.5 16.9
16.1 -3.2 50.4 33.4 21.4 -37.2 -27 -1.4 51.4 62.1 117.7 20 -5.8 -2.4 14.5 13.2 0.9 0.2 5.9 49.3 17.5 21.4 40.7 59.8 22.3 13.6 17.6 13.3
16 -5 46.4 31.4 21.8 -34.8 -26.1 -1.4 50.2 61.5 117.7 20.7 -5.3 -2.4 13.9 12.8 0.4 -0.3 6 47.7 14.4 18.5 37.6 56.4 19.8 11.8 12.2 8.5
17.5 -3.6 47.6 33.2 24.1 -33 -24.6 0.3 51.7 62.6 118.8 21.9 -5 -1.7 14.9 13.9 1.4 1 6.9 45.7 12.4 16.6 36 54.6 18.6 11.4 8.4 5.9
18.9 -1.2 50.2 35.4 26.1 -32.3 -23.5 1.8 54 64.2 120.1 23.8 -4.4 -0.5 16.5 15.5 3.5 3.1 8.5 45.6 13.3 17.3 37.5 56 20.4 13.7 10 7.8
17.7 -3.5 47.5 33.1 25.4 -32.7 -24 1.4 54.2 64.7 121.1 25.9 -3.6 0.2 17.1 16.4 5.1 4.8 10.7 48.1 16.8 20.4 41.1 59.9 24.9 18.2 16.1 12.8
15.8 -6.4 44.2 30.4 24 -34.5 -25.3 0.4 53 64.1 121.3 26.7 -4.2 -0.2 16.2 15.8 4.9 5.1 11.1 49.2 18.6 22.1 42.3 62.2 27.6 20.7 20 14.9
16.7 -2.3 47.8 32.9 25.3 -35.8 -25.1 1.2 53.9 64.6 122 26.2 -5.3 -0.9 15.8 15.1 4.2 4.8 9.8 46.2 16.7 20.2 39.6 60.7 26.4 18.5 17.9 11.3
20.4 7.4 55.4 38.9 29.1 -34.4 -22.2 4 57.4 67.1 124 26 -4.6 0 17.2 15.7 4.9 5.8 9.6 42.5 13.7 16.8 36.1 57.7 23.6 14.8 14 6.5
24.9 17.3 62.7 45.1 33.1 -31.5 -18.3 7.6 61.4 70.9 126.9 26.4 -3.3 1.7 19.5 17.6 6.6 7.7 11.4 40.1 11.8 14.4 34.6 56 22.2 13.2 11.5 4.3
28.2 23.2 69.4 50.8 35.7 -30.1 -15.8 10.4 64.5 74.2 128.8 26.4 -3.6 2 20.7 19.1 7.8 8.8 12.6 38.4 10.9 13.6 34.6 56 22.2 13.7 9.7 3.7
28.6 24.5 74.3 54.5 35.3 -32.2 -16.5 10.8 65.1 74.5 127.6 24.3 -6.3 -0.3 19.2 18.5 7 7.8 11.2 35.7 9.2 12.6 34.1 55.6 22 14 6.9 1.9
26.1 23.4 75.6 54.3 32.3 -36.7 -19.7 8.5 63.1 71.6 124 20.7 -10.3 -3.9 15.7 15.6 4.1 5.1 8.2 32.6 7 11 32.6 54.3 21.5 13.6 3.6 -0.7
23.8 21.8 74 51.8 29.9 -39.3 -21.8 6.4 61.2 68.9 121.9 19 -12.2 -5.7 13.4 13.8 2 3.8 6.9 32 6.6 10.8 32 54.3 22.4 14.7 3 -1
25.4 23.7 75.2 52.6 31.7 -37.4 -20 8.1 62.9 70.2 124 21.4 -10.4 -4.2 14.8 15.6 3.3 5.7 8.8 33.8 8 12.4 32.9 56.3 24.5 17 5.4 1.2
30.8 31.4 83.1 59.8 37.4 -33 -15.4 13.2 68.3 75.2 128.7 25.8 -7.5 -1.2 18.6 19.9 6.7 9.6 11.9 34.1 8.4 13.3 33.4 57.7 25.7 18 6.6 2.3
34.7 36.2 88.6 65.3 41.3 -29.6 -12.4 16.6 72 78.7 131.7 29 -5.8 0.7 21 22.8 9 12.1 14.1 32.6 7 12.5 32.5 57.1 25.2 17.4 5.1 0.7
33 30.6 84.1 62.1 38.8 -29.6 -13.7 14.8 69.9 76.9 130.3 29.1 -6.3 -0.3 20 22 7.7 11.4 14.1 32.2 5.7 11.2 31.2 55.6 24 16.7 3 -1.8
28.4 19.9 75.4 54.6 32.6 -32.3 -17.5 10.6 64.9 72.5 126.5 26.3 -8.4 -2.9 16.8 18.6 4.2 8.6 12 33.6 6.1 10.9 30.8 55.2 23.4 16.6 2.8 -3.3
24.4 10.8 68.3 47.9 27 -35.2 -20.7 7.1 60.7 68.5 123.2 23.3 -10.1 -4.9 13.9 15.1 1.1 5.8 10.2 35.8 7.5 11.2 31.3 55.8 23.4 16.9 4.8 -3
21.8 5.7 61.5 41.9 23.1 -36.3 -22.6 4.5 57.7 65.7 121 21.4 -10.5 -5.7 12.3 12.8 -0.7 4.2 9.9 37.3 8.1 10.8 31.1 55.5 22.6 17 7 -2.3
20.8 4.1 55.3 37.4 21.6 -34.9 -22.1 3.4 56.5 64.3 120.6 21.7 -9.1 -5.1 12.5 12.2 -0.7 4.5 11.3 38.2 8 10.2 30.4 54.2 21.6 17.5 8.8 -1.4
22.6 4.5 52.7 36 23.1 -31.7 -19 4.7 57.4 64.9 122.2 23.8 -6.4 -3.1 14.3 13.9 1 6.2 13.4 38.9 7.9 10.5 29.9 52.8 21.1 18.8 10.4 0.2
25.9 6.3 54.5 37.3 25.8 -29 -16 6.9 58.7 66.3 123.8 25.6 -5.3 -1.9 15.7 15.4 1.9 6.5 14.3 37.9 6.8 10.2 29.1 51.3 20.2 19 10.7 1.2
26.7 5.8 54.8 36.5 25.7 -29.2 -16.4 6.8 57.6 65.6 122.7 25 -6.7 -3.2 14.8 14.3 0.2 4.4 13.3 36.1 5.1 8.9 28.2 49.7 19.2 18 10.1 1
23.1 -1 48.5 30.2 21.1 -31.7 -20 3.3 53.4 61.9 119.5 22.3 -9 -5.9 11.7 11.1 -2.8 1.6 11.9 36.4 4.9 7.9 27.7 49.2 18.9 17.6 10.7 1.2
19.8 -5.5 43.3 25.1 17 -34.2 -23 0.1 50.3 58.3 116.6 19.4 -10.5 -8.3 8.9 8.2 -5.3 -0.5 10.3 37 5.1 7.4 27.1 48.8 18.4 17.3 11.5 0.7
21.8 0.4 47.1 28 18.3 -33.8 -22 1.5 52 58.5 116.9 18.9 -9.9 -8.3 8.8 8 -5.3 -0.9 9.6 35.6 4.4 7 25.7 47.6 16.5 15.8 10.3 -1.4
27.4 12.3 55.4 35.4 23.4 -30.2 -17.4 6.4 57.1 62.1 120 21.6 -7.1 -6.1 11.6 10.4 -3 0.5 10.6 33.7 3.5 6.5 24.7 46 14.3 14.1 8.1 -3.5
32.6 22.6 63 42.4 28.3 -26 -12.6 11.1 62.1 66.2 123.3 25.2 -4.4 -3.7 14.8 13.4 -0.5 2.1 11.7 32.5 3.1 5.9 24.5 44.9 13 12.8 7 -4.2
36 28.3 69.9 48.5 31.1 -23.8 -9.9 13.8 65.6 69.1 124.7 27 -3.3 -2.4 16.5 15.1 0.3 2.6 11.2 31.1 3.1 5.5 25.2 44.8 12.8 11.9 7.1 -4
37.8 31 76.5 53.7 32.2 -24 -9.6 14.5 67.2 70.3 124.4 26.2 -4.2 -2.5 16.6 15.3 -0.4 1.9 9.5 29.8 3.4 5.9 25.9 45.5 13.2 11.3 7.4 -4
37.7 32.7 80.5 56.2 32.2 -26.1 -10.7 13.7 67.6 69.8 123.3 24.1 -6.8 -3.6 15.7 14.6 -1.6 0.9 8 29.4 4 7.1 26.6 46.7 13.5 11.4 7.4 -4
36.3 32.6 80.6 55.3 31.5 -28.6 -12.1 12.6 67.2 68.6 122.3 22.7 -9.9 -4.7 14.9 13.9 -2.4 0.1 7.3 30.5 5.3 8.8 27.4 48 13.8 11.9 7.7 -3.4
36.2 33 81.4 55.2 32.2 -29.6 -12.1 13.3 67.8 68.9 122.8 23.2 -11.8 -4.7 15.4 14.2 -2.4 0 7.2 30.7 6 9.2 27.6 48.3 13.7 11.6 7.9 -3.2
39.8 38.6 88.3 60.8 36.1 -28.4 -9.8 16.7 71.2 72.5 125.2 25.5 -11.8 -3.3 17.7 16.4 -0.8 1.2 7.4 28.4 4.9 8.3 27.3 47.3 12.9 10 6.9 -4.5
43.5 43 93.9 66.7 40.3 -26 -7 20 74.6 77 128.1 28.6 -10.2 -1.2 20.7 19.6 2.3 3.6 9.1 27.1 4.2 8.6 28.3 47.3 13.3 9.7 7.1 -4.7
42.7 38.5 90.7 65.5 40.3 -25.1 -6.9 20.2 74.4 78.2 129.2 30.2 -8.8 -0.1 22.1 21.9 4.7 5.5 11.4 29.4 5.9 11.6 31.3 49.7 15.5 12.2 10.1 -2.3
38.5 29.2 83.5 60 37.1 -26.5 -9.3 17.9 71.6 76.3 128.1 29.7 -9 -0.7 21.7 22.2 5.1 5.6 12.4 33.4 9.4 15.7 34.9 53.8 18.8 15.2 13.6 0.9
34.8 21.9 77.5 55 34.1 -28.3 -11.7 15.8 69.5 74.2 126.5 28.5 -9.3 -1.2 21.3 21.5 5 5.1 12.7 37.3 13 19.2 38.2 57.8 22.2 17.5 16.5 3.7
33.2 18.7 72.3 51.2 32.4 -28.2 -12.6 15 68.7 73.3 126 28.3 -8 0.2 22.4 21.8 6 6 13.9 40.7 15.8 21.6 40.8 60.7 24.9 19.1 19.7 6.8
33.4 17.2 67.5 48.1 32.3 -26 -11.5 15.4 68.7 73.9 127.4 29.5 -5 3.4 24.6 23.5 8.3 8.5 16.5 43.6 17.8 23.3 42.8 62.3 26.6 20.6 23.7 10.2
34.7 15.7 64.9 46.7 33.4 -23.2 -9.5 16.3 69.4 75.5 129.8 32 -2 6.5 27 26 10.8 11.6 19.4 45.1 18.6 24.2 44.1 63.1 27.6 21.8 26.3 12.4
35.7 15.4 65.6 47.7 34.6 -21.8 -8.3 16.8 70.4 76.7 131.3 34.5 -0.8 7.6 28.2 27.4 12.3 13.5 21 44.1 17.8 24 44.2 62.9 27.5 22 25.8 12
34.4 14.7 65.3 47.5 34.1 -22.7 -8.9 15.7 70.1 75.9 130.8 34.8 -1.5 6.9 27.3 26.6 12.2 13.6 21 43 16.8 23.8 44.2 63 27.3 21.9 24.7 11.1
30.2 9.8 59.2 42 30.9 -25.3 -11.2 12.7 66.9 73 129 32.8 -2.9 5.7 25.2 24.1 11.1 12.6 20.7 45.2 18 25.1 45.6 64.8 28.4 23.3 26.8 13.1
26.9 6.7 54.4 37.2 28.4 -27.9 -13.5 10.3 63.9 70.7 127.4 30.1 -4.5 4.6 23.3 22 9.8 11.4 20.1 47.8 19.8 26.8 47.1 66.7 29.9 24.3 29.7 16.1
27.8 10.9 57.6 39.1 29.4 -28.9 -13.8 10.7 64 71.1 127.5 29 -5.5 3.9 23.1 22.1 9.5 11 19.1 46.9 19.4 26.5 46.5 66.4 30 23.2 29.2 16
31.4 18.8 63.5 44.2 32.4 -27.3 -12 12.5 65.9 73.1 128.6 30 -5.4 4.1 24 23.7 9.9 11.5 18.4 43.7 17 24.1 44.3 64.4 28.6 21 25.9 12.8
34.9 26.1 68.3 49 34.9 -24.6 -9.5 14.3 68 75.2 129.5 31.5 -4.3 4.9 25.3 25.3 10.7 12.2 18.2 40.9 15 21.5 42.1 62.6 26.9 19 22.4 9.3
37.4 31.2 73.5 54 36.2 -22.8 -7.6 16.2 70.1 76.8 130 31.9 -3.1 5.6 26.1 26.1 11.4 12.6 17.7 39.3 14.6 20.3 41.3 62.3 26.2 17.9 20.7 7.8
38.7 34.2 79.4 58.5 36.5 -23.1 -7 17.6 71.8 77.1 129.8 30.7 -2.8 5.6 26.2 25.7 11.4 12.4 16.3 38.6 15.3 20.8 41.8 62.9 26.6 17.6 20.4 7.7
38.5 35.8 83.2 60.2 35.8 -24.9 -7.5 17.7 72 75.8 128.7 28.4 -3.5 5 25.7 24.4 10.3 11.6 14.5 38.8 16.7 22.5 43.1 64.2 27.9 18.1 20.9 8.3
37.6 34.9 82.8 58.4 34.6 -26.4 -8.4 16.8 70.4 73.9 127.5 26.2 -4.3 4.3 25 23.2 8.9 10.7 13.4 40.2 18.2 23.8 44.3 65.4 29.3 18.8 20.6 8.7
38.1 34.6 82.1 57.2 34.3 -26.3 -8.1 16.5 69.4 73.2 127.1 24.9 -4.6 4 24.6 22.9 7.9 9.8 12.6 40.8 17.9 22.9 43.4 65 28.8 18 17.9 7.3
41.5 40 87 61.5 36.8 -24.4 -6.1 18.4 71.5 75.2 127.9 25.1 -4.5 4.3 24.9 23.7 7.9 9.2 11.7 38.5 15 19.8 40.5 62.5 26.2 15.3 13.5 4
44.6 43.9 91.4 65.9 39.3 -21.9 -3.9 20.4 74.2 77.4 129.1 26.2 -3.6 5.1 25.6 24.7 8.7 9.4 11.4 36.2 12.8 17.7 38.4 60.6 24.3 13.7 11.8 2.7
43.3 38.5 87.5 63.4 37.9 -21 -4.4 19.2 72.8 76.4 128.2 26.1 -3.2 4.8 24.8 23.6 8 8.6 11 36.8 13.1 17.9 38.2 60.2 24.2 13.9 14.1 4.3
38.3 27.5 79 56 32.7 -23 -7.6 14.9 67.6 72 124.5 23.6 -4.8 2.6 21.8 20 4.8 5.5 9 38.6 14.5 19.1 38.7 60.4 24.8 14.3 17.1 6.5
33.1 17.8 71.1 48.1 27 -26.6 -11.4 10 61.7 67 119.9 20.5 -7.4 -0.2 18 15.8 1.1 1.8 6.5 39.7 14.9 19.7 38.8 60.5 25 14.4 19.1 8.6
29.3 11.6 63.6 40.7 22.7 -29.1 -14.2 5.8 56.9 63 116.5 18.4 -9.1 -2.2 15.2 12.7 -1.3 -0.6 5.1 39.9 13.6 18.9 38.1 60.1 24.6 14.4 20.1 10.4
27.8 8.1 56.7 35.1 20.7 -28.5 -15.2 3.5 54.3 60.8 115.7 18.1 -8.8 -3.1 14.2 11.5 -1.9 -1.1 5.4 40 11.6 17.1 36.8 59.2 23.6 14.2 21.1 11.9
29.1 5.8 53.3 33.2 21.6 -24.6 -14.1 4.2 54.1 61.1 117.4 19.6 -6.8 -2.9 14.8 11.9 -0.9 0 6.7 40.3 10.1 15.5 35.9 58.1 22.8 13.7 22.6 13.3
31.5 5.9 54.2 34.7 23.7 -21 -12.5 6.2 55.1 62.8 118.9 21.2 -4.9 -2.6 15.6 12.6 0.1 1.2 7.7 40.1 9 14.5 34.9 57.2 22 13.1 23.6 13.8
31.6 5.7 54.1 34.6 23.6 -20.5 -12.8 6 54.8 62.8 118.3 21.1 -4.4 -3.2 15.2 12.1 -0.1 1.6 8.3 40.7 9 14.6 34.4 57.2 22.4 13.8 24.6 14.7
27.8 0.2 47.5 29 19.6 -22.9 -15.5 2.4 51.6 59.7 115.8 19.4 -4.7 -4.8 13.5 10.6 -1.3 1.3 9.6 44 11.1 16.6 35.8 59.2 25.2 17.1 27.7 18.7
23.9 -4.7 41.3 23.6 15.1 -26.3 -18.5 -1.4 48.3 56.2 113.4 16.9 -5.8 -6.8 11.3 8.9 -2.8 0.4 10.3 46.9 12.6 18.3 37.1 61 27.9 20.3 31.1 23
23.8 -1.4 43 24.8 14.6 -28 -19.3 -2 48.1 55.7 112.8 15.7 -6.8 -8.4 9.7 7.9 -3.8 -0.6 9.6 45.7 11.2 17.2 36 60.1 27.4 19.8 31.8 22.8
26.7 7.5 49.3 30 17.5 -26.2 -18.1 -0.1 50.2 57.9 114.2 17.3 -6.4 -8.7 9.7 8.3 -3.7 -0.4 9.2 42 7.9 14.2 33.4 57.4 24.5 16.8 30.4 19.2
30.3 16.2 55.7 35.8 21.1 -22.6 -16.4 2.3 52.6 60.7 116.5 20.7 -5.4 -8.1 10.5 9.3 -2.6 0.8 9.5 38.4 5 11.3 31.2 54.7 22 14.2 29.1 16.4
33.4 21.7 62.3 41.6 24.3 -20.5 -15.4 4 54.6 62.9 118.3 23.5 -5.7 -8.1 10.6 9.7 -2 1.4 9.3 35.6 3.2 9.3 29.8 52.9 21 12.8 27.5 15
34.5 24.5 68.1 46.3 26.1 -21.8 -16.1 3.9 55.4 63.3 118.1 23.5 -8.2 -9.8 9 8.4 -3.2 0.2 7.4 33.2 2 7.6 28.3 51.8 20.5 11.9 23.8 12.9
32.9 25.6 70.6 47.9 25.4 -25.7 -18.4 1.8 54.5 61.5 116.1 21 -11.6 -12.9 6.2 5.7 -5.8 -2.3 4.5 31.5 1 6.3 26.8 51.1 19.9 11.3 19 10.4
30.1 23.7 68.6 45.9 23.4 -29.1 -21.1 -1.2 52.4 58.9 113.8 18.2 -13.8 -15.7 3.4 2.9 -8.6 -4.9 2 30.9 0.2 5.5 25.8 50.7 18.9 11 15.8 9.6
29 22.1 66.9 44.4 22.7 -30.3 -22.2 -2.5 51.3 57.7 112.6 16.8 -14.4 -17.2 1.6 1.3 -10.5 -6.6 0.3 29.8 -1.2 4 24.4 49.7 16.9 10 14.4 9.8
31.7 26.5 71.8 48.1 25.4 -29.4 -20.6 -0.4 53 59.3 113.6 17.2 -13.8 -17.1 2 2 -10.5 -7 -0.9 26.9 -3.7 1.5 22 47.5 13.9 7.7 12.7 9.2
35.1 30.4 76.7 52 28.2 -27.7 -18 2.7 55 61.5 115.5 18.5 -12.1 -15.8 3.8 3.8 -9.2 -6.3 -0.6 25.6 -4.7 0.1 20.7 45.8 12.4 6.2 12.3 9.2
34.3 25.4 73.3 49.5 26.7 -27.4 -17.7 2.4 53.4 60.6 114.8 18.3 -10.8 -14.9 4 3.9 -9.3 -6.6 -0.1 27.5 -3.4 0.6 21.4 45.1 12.5 6.1 13.9 9.3
29.5 15.2 65.1 42.8 21.3 -29.4 -20.9 -1.7 48.8 56.3 110.4 15.5 -12 -16 1.6 1 -12.2 -9.6 -1.9 30.2 -2 1.4 22.3 44.3 11.8 4.9 14.8 6.4
24.3 6.4 57.1 36 15.8 -32.2 -25 -6.8 44.4 51.3 106.1 12.4 -14.2 -18 -1.3 -2.7 -15.4 -12.8 -4.4 32.3 -1.4 1.9 22.1 43.7 10.3 3.1 13.9 1.6
21.2 1.6 50.2 30.2 13 -33 -27.4 -9.8 41.8 48.5 105 12.1 -14.6 -18.7 -2.1 -4.4 -16 -13.3 -4.3 34.4 -1.2 2.4 21.9 44.2 9.7 3 13.1 -0.9
21.2 -0.3 45.4 26.8 13.6 -30.7 -26.6 -9.2 41.9 49.3 107.4 15.3 -12.2 -16.6 -0.1 -2.8 -13.6 -10.4 -0.8 37.1 -0.1 3.2 22.8 45.9 11.1 5.4 14.1 0.9
23.7 -1.2 44.3 26.7 16.4 -26.8 -23.5 -5.9 43.8 52.4 110.9 19.2 -8.4 -12.8 3.2 0.8 -10.2 -6.5 3.5 39.7 1.7 4 24.1 47.2 12.7 8.1 15.8 3.7
25.9 -1.2 45.8 28.5 18.4 -24.7 -21.2 -3.2 45.3 54.6 112.4 20.6 -6.7 -10.7 4.8 3 -8.8 -5 5.1 40.4 2.4 3.7 24.1 46.6 12.6 8.6 15.7 3.8
24.8 -2.7 44.7 27.4 16.8 -26.3 -22.2 -4.6 44 53.2 110.6 18.6 -7.6 -11.8 3.9 2.4 -10.3 -6.5 4 40.5 2.3 3.3 23.4 45.5 11.7 8.2 14.7 2.3
19.8 -9.2 36.9 20.3 11.3 -29.9 -26.1 -9.6 39.7 48.8 106.8 15.2 -9.5 -14.5 1.6 -0.4 -13.4 -9 2.5 41.9 3 4.2 23.9 45.7 11.9 8.8 15.3 2.1
15.4 -13.8 30.5 14 6.5 -33.1 -29.8 -13.6 35.9 45.1 103.8 12.5 -11.7 -16.5 -0.3 -3.4 -16.3 -11.2 1.2 42.5 3.4 5.2 24.2 46 11.9 8.8 15.7 2
16 -9.5 32.8 15.5 6.8 -33.7 -30.1 -13.1 36.5 45.4 104 12.1 -13 -16.2 -0.5 -4.4 -17.1 -11.8 0.5 40.5 2.4 4.3 23 45.1 10.5 7.1 13.8 0.2
20.2 -0.2 40 21.8 10.5 -31.1 -26.8 -9.2 40.5 48.9 107 14.5 -12.2 -13.4 1.7 -2.7 -15 -10 1.5 37.7 1 2.8 21.3 43.7 9.2 5.7 11 -1.8
24.9 8.3 47.6 28.4 14.7 -27.6 -22.1 -4.7 45.1 53.1 110.7 18.2 -10.1 -10 5.1 0.8 -11.6 -7.2 3.7 35.9 0.8 2.6 20.6 43.2 9.4 6.1 9.1 -2.3
28.7 14.1 55.5 34.9 18.4 -25.6 -18.3 -0.9 48.8 56.5 113.2 21.1 -8.9 -7.7 8.1 4.6 -9 -5.2 5.2 35 2.2 4.2 21.5 44.4 11.1 7.9 8.8 -1.6
31 17.5 62.5 40.1 20.7 -26.1 -16.8 1.4 50.6 58.1 113.7 21.6 -9.4 -7.2 9.3 6.6 -8.3 -5.2 4.8 34.2 4.3 6.4 23.4 46.3 13.3 9.8 9.2 -0.6
31 20 65.8 41.8 20.6 -27.9 -16.9 1.9 50.6 58 112.4 19.7 -10.4 -7.5 9.2 6.3 -8.9 -6.2 3.5 33.9 6.2 8.4 25.5 48.1 15.1 11.3 10 0.8
30.1 20.7 65 40.4 19.3 -28.3 -16.6 2.1 50.3 57.6 111.6 18.4 -9.8 -6.7 9.4 5.9 -8.9 -6.2 3.6 35.4 8.5 10.6 27.9 49.8 17 13.2 11.6 3.1
31.8 22.4 65.7 41 20.2 -25.8 -14.2 4 52.1 59.2 113.1 19.8 -6.9 -4.2 11.1 7.6 -7.1 -4.2 5.5 37.6 10.7 12.8 29.9 51.2 18.7 14.8 13.3 4.9
37.2 29.7 72.8 47.7 24.7 -21.2 -9.8 8.5 57.4 63.3 117.1 23 -3.3 -0.5 14.7 11.2 -3.9 -1.1 7.7 38.2 12 14 30.8 52 19.1 15.2 14.1 5.3
42 35.1 79.2 53.9 29.2 -16.8 -6 12.6 62.3 67.1 121.2 26.1 0.2 2.9 18.8 15 -0.4 2.4 10.4 39 13.8 15.6 31.8 53.4 19.9 16.2 15.3 6
41.2 30.1 76.3 51.9 28.9 -15.8 -6 12.3 61.7 66.8 122 26.6 1.7 3.9 20.1 15.7 0.5 3.6 12.2 41.2 15.9 17.5 33.1 55 21.1 17.9 15.5 6.3
35.4 17.9 67 43.6 23.7 -19.5 -10.3 6.9 55.7 61.8 117.7 22.7 -0.7 0.8 16.4 11.8 -2.8 0.5 10.2 42.1 15.8 17.3 32.6 54.4 20.7 17.6 11.2 2.4
28.3 6.3 57.2 34.3 17 -25 -16.1 -0.1 48.3 55.5 111.7 17 -4.8 -4.2 10.4 6 -7.9 -4.6 5.9 41.2 14 14.8 30.1 51.9 18.4 15.2 4.5 -4.1
23.6 -0.5 48.7 26.8 12.4 -27.6 -19.7 -4.9 43.2 51.4 108.3 13.9 -6.7 -6.9 6.7 3 -10.8 -7.2 3.9 42 13.4 13.6 28.7 50.7 17.2 14 2.4 -6.3
23.1 -3.2 43 23.3 11.7 -25.5 -19.5 -5.3 42.2 51.3 109.5 15.5 -4.1 -5.1 8.1 4.6 -9.1 -5.2 6.8 46.2 15.7 15.7 30.7 52.6 19.2 16 7.8 -1.2
26 -3.5 42 24.5 14.6 -20.3 -16.2 -1.9 45.2 54.8 113.7 20 1.3 -0.3 12.9 9.2 -4.2 -0.1 12.3 50.8 18.8 19.2 34.6 56.1 22.7 19.7 16.2 7.1
29.3 -1.4 44.8 28 18.2 -16.5 -13 2 49 58.6 117.4 23.3 5.5 3.5 16.9 13.2 0 3.8 16.1 52.5 20.4 21.3 37.3 58.4 25 22.2 21.5 12.4
29.2 -0.5 45.9 28.2 18.7 -16.3 -12.5 2.9 49.8 59.7 118.3 23.9 6.4 4.4 17.9 14.5 1.3 4.7 17.1 53.1 21.2 22.5 38.8 59.8 26.4 24.1 23.5 14.3
25.4 -5.3 40.7 22.8 15.2 -17.9 -14.4 0.3 46.8 57.8 116.9 23.2 6 3.8 16.8 13.4 0.6 4.2 17.4 55.9 23.5 24.9 41 61.9 28.5 27 26 16.2
22.5 -8.6 36.4 18.4 11.8 -18.9 -15.9 -2.2 44.3 55.6 115 21.8 5.9 3.2 15.9 11.9 -0.4 3.5 17.6 58.7 25.8 27.3 42.9 63.4 30.3 28.9 28.2 17.9
24.5 -3 40.2 21.4 12.8 -18 -14.8 -0.9 46.3 56.2 115 21.3 6.9 4.1 17 12.2 -0.1 3.8 17.4 58.5 25.9 27.8 43.1 63.4 30.4 28.5 27.6 17.5
29.8 7 47.6 28.3 17 -14.8 -11.2 3.3 51.1 59.5 117.2 23 9.1 6.7 19.7 14.7 2.1 5.6 18 56.8 24.9 26.9 42.1 62.6 29.4 27.3 25.3 16.4
34.9 15.1 54 35 21.3 -11.5 -7.5 7.5 55.3 63.3 119.9 25.7 10.9 9.1 22.2 17.8 4.3 7.7 18.8 55.3 23.7 25.8 41 61.5 28.2 26.2 23.5 15.7
37.6 19.8 60 40.8 24.1 -11 -5.9 9.9 57.6 65.4 121 27.1 10.1 9.2 22.6 19 4.7 8.1 18.3 52.7 22.1 24.3 39.7 59.9 26.9 24.7 21.5 13.7
37.2 22.2 64.9 44.5 24.5 -14.4 -7.5 9.3 57.4 64.6 119.4 25.6 6.2 5.9 20.5 17.1 2.3 5.8 15.1 48.5 19.8 22.1 37.4 57.6 25.1 22 17.8 9.5
34.9 23.8 67.2 45 22.6 -19.3 -10.8 6.8 55.8 62.3 116.8 22.6 1.8 2.1 17.6 13.7 -1 2.4 11.2 45.6 18.5 20.9 35.9 56.3 23.9 19.8 15 6.2
33.9 24.5 67.2 43.5 21.1 -21.1 -11.9 6.1 55.3 61.8 116.4 21.4 1.3 1.9 17.1 12.9 -1.5 1.8 10.6 47 20.3 22.7 37.4 58.1 25.4 20.9 16.8 7.7
36.4 26.8 69.5 44.7 23 -18.3 -9 9.2 58.1 64.6 119.2 23.2 4.7 5.7 19.9 15.8 1.4 4.7 13.6 50.4 23.4 25.8 40.4 61.6 28.1 24.2 21.2 11.6
41.4 33.4 77.3 51.3 27.6 -14.5 -4.2 14.3 62.9 69 122.7 26 7.9 9.6 23.3 19.6 4.7 7.9 16.1 50.4 24.1 26.3 41.2 62.6 28.7 25.3 22.7 12.6
43.6 36.3 81.8 56 30.1 -12.8 -1.9 16.6 65 70.9 123.7 27.3 8.3 10.4 24.2 21.1 5.5 8.5 16.3 48.1 22.2 24.3 39.5 60.9 27 23.8 21.5 11.1
40.5 29.3 76.6 52.7 27.3 -14.3 -4.1 13.7 62.1 68.5 121.3 26.1 6.1 7.9 22.1 19.3 3.6 6.7 14.9 46.8 20.2 22.1 38 59.4 25.4 22.4 20.6 9.9
34.9 18.5 67.6 45.1 22.2 -18.5 -8.9 8.2 56.8 63.8 117.4 22.6 2.3 4.1 18.3 15.2 0.2 3.7 12.4 46.7 19.1 20.8 37.3 59 24.9 21.6 19.9 9.2
29.8 9.3 60.1 37.7 17.5 -23.3 -13.6 3.2 51.8 59.3 114 19.2 -1.6 0.6 14.8 10.9 -2.7 1 10.1 46.5 18.2 19.6 36.8 58.8 25.1 21.1 19.1 8.7
25.4 2.3 52.5 30.8 13.5 -26.2 -17.2 -0.7 47.5 55.9 112 17.6 -3.9 -1.5 12.5 7.7 -4.3 -0.7 9.5 46.1 16.8 18.2 36.1 57.7 24.9 20.7 18.9 8.3
22.6 -3.2 44.9 25.1 11 -26.6 -19.3 -2.9 44.4 54.1 111.6 18.2 -4 -2.1 11.4 6.5 -4.6 -1.1 10.6 45.7 15 16.7 35 56.1 23.9 20.3 19 7.6
22.2 -6.4 41 23 11.5 -25.4 -19.7 -3 43.5 54.5 112.9 20 -2.8 -1.5 11.4 7.1 -3.9 -0.2 12 45.1 13.1 15.2 33.4 54.6 22.3 19.3 18.7 6.2
23.5 -5.6 42.3 24.8 14.3 -24.4 -19.2 -1.8 45 56.4 114.9 21.8 -2 -0.9 11.9 8.4 -2.7 1.3 13 43.9 11.6 14.2 31.9 53.9 21 18 18.6 5.1
23.9 -4.6 43.4 26.1 16.4 -25 -19.4 -1.4 46.5 58.1 116.3 23.2 -1.9 -0.9 12.5 9.7 -1.4 3 13.8 44.4 12.4 15 32.5 55.4 22.2 18.8 20.9 6.6
21 -9.2 38.6 22.7 15.3 -27 -21.5 -3.2 45.4 57.7 116.3 24 -2.1 -1.8 12.4 10.2 -0.8 4 14.9 47.9 15.5 18.2 35.4 59 26.3 22.5 26.4 11.3
17.9 -13.1 34.6 19.7 13.8 -29.3 -23.7 -4.9 43.8 56.7 116 23.7 -3 -3.2 11.9 9.9 -0.9 4 15.1 51.2 17.9 21.1 37.9 61.9 29.8 25.7 30.9 15.4
19.2 -8 38.6 23.1 15.8 -29.7 -23.1 -3.3 45.7 58.2 117.6 24.1 -2.9 -3.1 12.6 10.8 0.4 4.9 15.3 51.3 17.9 21.8 38.5 62.8 30.7 26.2 32.3 16.7
23.9 2.4 47.1 30.3 20.6 -27.1 -19.7 0.9 50.7 62.6 121.5 26.5 -0.5 -0.4 15.5 14 3.7 8 17.5 50.3 17.5 21.5 38.6 62.8 30.1 25.5 32.8 17
28.8 11.9 55.2 37.7 25.7 -23.3 -15.8 5.4 56.1 67.6 125.7 30.1 2.9 3.1 19.1 18.3 7.5 11.6 20.6 49.8 18 21.9 39.8 63.3 30 25.5 33.9 17.7
31.4 17.4 61.9 43.8 28.9 -21.7 -14 8.1 59.7 70.6 127.8 32.1 3.8 4.3 20.9 20.9 9.3 13.4 21.5 49 18.2 22.4 40.7 63.8 30 25.6 33.1 17.2
29.8 18.5 65.4 46.2 28.1 -24.7 -16.3 6.5 59.4 69.2 125.7 30 0.4 1.5 18.5 19.3 7 11.6 18.6 45.8 15.9 20.5 39 62.5 28.4 23.5 26.9 12.8
24.6 16.9 64 43.5 23.4 -31.2 -21.9 1 55.5 64.3 120.4 24.4 -5.5 -4.2 13 14.1 1.8 7.2 13.6 41.2 12.1 16.9 35.1 59.3 25.5 19.8 17.1 5.3
19.6 13.8 60 38.3 18.8 -36.4 -26.4 -3.7 51.2 60.2 116.2 20.1 -9.5 -8.2 8.9 9.1 -2.1 3.7 10.2 38.7 9.9 14.6 32.6 57 23.6 17.6 10.6 0.2
19.1 13.2 59.7 37.1 19 -36.9 -26.5 -3.7 50.6 59.9 115.9 20.2 -9.6 -8.5 8.7 7.8 -2.1 3.1 9.6 38.5 9.8 14.4 32.3 56.3 23.1 17.1 9.5 -0.7
23.7 19.4 66.7 43.1 24.3 -33.5 -22.9 0.4 54.1 63.1 118.7 23.3 -7.8 -6.3 10.8 10 0.2 4.3 10.2 37.8 9.4 14 32 55.4 22 15.7 10.1 -0.4
27.5 23.9 71.9 48.5 28.3 -29.9 -19.5 3.4 56.8 65.4 121 25.7 -6.1 -4.1 12.4 12.4 1.7 5.4 10.8 37.1 8.7 13.1 31 54.2 20.6 14 11.2 0
25.6 18.1 67.1 45.5 26 -29.6 -20.5 1.1 54.4 63.1 119.5 24.9 -6.4 -4.6 10.9 11.4 0.3 4.3 10.1 37.7 8.7 12.4 29.9 53.3 19.5 13.2 12.8 1.1
19.8 7.1 57.8 37.8 19.4 -32.7 -25.2 -4.7 48.4 57.6 114.8 21.5 -9.1 -7.7 6.9 7 -3.6 0.8 7.1 38.2 9.1 11.9 28.8 53 18.6 12.6 14.2 2.4
14.8 -1.5 50.1 31 13.5 -35.9 -29.5 -9.9 42.8 52.7 110.4 17.6 -12.1 -10.9 2.9 1.9 -7.5 -2.9 3.9 38 9.2 11.4 28.2 53 18.2 12.2 15.6 4.3
12.6 -6.3 43.8 25.6 10.1 -36.7 -31 -12.4 39.2 50.1 108.5 15.2 -12.6 -12.2 1 -1 -9.6 -4.6 2.7 39.2 9.1 11.1 28.3 53.1 18.3 12.5 17.8 7.3
13.7 -8.8 39.2 22.2 9.9 -33.9 -29.1 -11.9 38.5 50.3 109.4 15.6 -9.6 -10.7 2.3 -0.1 -8.7 -3.4 4.6 42.7 9.9 12 29.3 53.8 19.1 14.2 20.8 10.8
17.6 -9.7 38.6 22.6 12.6 -28.6 -24.9 -8.7 41.1 53.1 112.2 18.7 -4.5 -7.1 5.7 3.8 -5.5 -0.3 8.5 46.3 11.4 13.6 30.6 54.9 20.6 16.5 23.4 13.6
21.5 -8.3 41.3 25.4 15.8 -24.7 -21.6 -5.7 44.2 55.8 114.3 21 -1.2 -4.5 8.4 6.9 -3.2 1.6 11 47.2 11.8 13.9 30.6 54.9 21.1 17 24.2 14.5
21.4 -8.1 41.2 25.5 15.9 -24.7 -21.7 -5.8 44 55.6 113.5 19.7 -1.7 -5.2 8 6.7 -4 0.7 10.5 46.4 11.2 13 29.8 54 20.7 16.3 24.4 14.6
16.5 -13.3 34.4 19.8 11.8 -27.6 -25.1 -9.3 40.1 52 110.5 16.5 -4.3 -8 5.3 3.8 -6.6 -1.6 8.8 46.9 11.1 12.5 29.8 54 20.6 16.7 25.9 16
12.3 -16.7 29.2 15.1 7.8 -31 -28.4 -12.3 37.2 48.8 107.8 13.7 -7.1 -10.6 2.8 1 -8.7 -3.6 7 47.2 10.9 12.2 30.1 54.4 20.5 17.4 26.8 17.1
14.1 -11 33.5 17.9 8.9 -31.9 -28.1 -10.9 39 49.8 108.2 13.7 -8.3 -10.8 2.9 0.9 -8.4 -4.1 6.2 45.3 9.7 11.4 29.6 54.2 19.7 16.8 25.5 16.3
20.3 -0.5 42.5 25.2 14.2 -29.2 -24 -5.9 44.1 54.4 112 17.2 -6.8 -8.5 5.6 3.8 -5.6 -2 7.7 43.2 8.5 10.8 29.4 54.1 19.5 16.3 23.9 15.3
26.2 8.3 50.6 32.7 19.9 -25.4 -19.3 -0.8 49.4 59 116.2 21.8 -4.5 -5.8 8.6 7.6 -2.5 1.3 10.5 41.6 7.8 10.7 29.5 54.2 20.1 16.7 23.5 15
29.2 14 57.5 39 23.7 -23.9 -16.8 2.2 53.2 61.8 118.4 24.4 -4.2 -5 9.9 9.8 -1.4 3.1 11.5 39.8 6.8 10.3 29.3 53.9 20.4 16.6 22.8 14.2
29.2 17.6 63 43.1 24.7 -26 -17.4 2.3 54.5 62.1 117.8 23.3 -6.7 -6.7 8.7 8.8 -2.9 2 9.2 37 5.1 9 28.2 52.5 19.6 14.9 20.8 11.6
26.9 19.7 65 43.6 23.2 -30 -20.4 0.3 53.2 60.4 115.4 19.9 -10.1 -9.6 6.2 5.9 -5.7 -1 5.2 34.7 3.8 7.9 27.1 51.2 18.7 12.8 19 9
25 19.6 63.9 42 21.6 -32.3 -22.5 -1.1 51.5 58.7 113.9 18 -11.6 -11 5.3 4.4 -6.9 -2.9 3.6 35 4.6 8.4 27.8 52 19.3 13.1 19.2 9.2
26.5 20.6 65.4 43.3 23.1 -31.2 -21.4 0.8 52.9 59.9 115.6 19.7 -10.3 -9.6 7.3 6.4 -5.2 -1.6 5.4 36.5 6.3 9.9 30.1 54.4 20.9 15.2 20.6 11.5
31.8 27 73.5 50.5 28.1 -27.8 -17.4 5.6 58.1 64.1 119.8 23.5 -7.5 -6.4 10.9 10.6 -1.5 1.8 8.3 36.3 7.1 10.8 31.5 56.4 22 16.6 21.8 13.9
36.5 32.3 80.3 57.4 32.5 -24 -13.5 9.5 63.1 68.5 123.7 27.3 -4.3 -3 14.3 14.8 2.2 6 11.4 36.6 7.7 12.2 32.7 58.5 23.6 18 24.5 17.5
36.2 28.6 78 56.6 31.7 -22.6 -13.1 9 63.2 68.9 124.4 28.6 -2.7 -1.7 15.5 15.9 3.7 8.2 13.1 38.7 8.9 14 34.3 60.6 25.9 20.1 28.8 22
30.9 18.7 69.8 49.8 26.2 -25.4 -16.9 4.4 58.5 65 121 25.6 -4.9 -4.1 13.3 12.7 1.4 6.1 11.7 40.4 9.3 14.3 34.8 61 27 21 30.7 23.6
24.1 8.6 60.9 41.2 19.8 -30.5 -22.4 -1.5 52.1 59.4 116 20.4 -9.1 -8.5 9 7.6 -2.9 1.5 8.4 40.5 8.5 13 33.4 59.6 26.2 20.3 29.1 21.6
19.5 1.7 52.9 32.9 15.7 -33.5 -26 -5.6 47.2 55.6 112.9 16.9 -10.9 -11 5.6 4.3 -5.6 -1.6 6.5 40.9 8 11.8 32.1 58.4 25.3 19.5 27.6 19.7
19.2 -1.9 47.7 28.2 15.8 -31.8 -25.5 -5.7 46.2 56 114.1 18.2 -8.1 -9.4 5.9 5.3 -4.7 -0.1 8.2 43.6 9.4 12.7 32.8 59.5 26.4 20.8 29.9 21.6
21.9 -3.3 46.5 28.5 18.8 -27.1 -22.2 -2.9 48.7 59.4 118.1 22.7 -3 -5.2 9.2 9 -1.3 4.2 12 46.7 11.4 14.5 34.5 61.5 28.6 23.3 34.4 25.9
24.2 -2.5 47.9 31.2 21.2 -24.2 -19.9 -0.9 51.2 61.7 120.7 26.1 -0.3 -2.7 11.7 11.4 1.1 6.9 14.2 46.9 11.3 14.5 34.3 61.6 28.9 23.8 36.9 27.7
23.1 -3 47.2 31.2 20.4 -25 -20.7 -1.7 50.7 60.9 119.8 26 -0.9 -3.3 11.4 10.8 1.3 6.6 13.9 46 10.4 13.6 33.4 60.8 28.1 22.7 37.3 26.8
18.9 -8.5 41.4 26.2 16.6 -27.2 -23.1 -4.4 47.6 57.9 117.3 23.9 -2.3 -4.5 9.9 9 0.6 5.5 13.4 48 12.1 15 34.8 62 28.9 23.2 37.9 26.5
16.2 -12.2 37.7 22.3 14.1 -28.7 -24.7 -5.9 45.7 56.2 116.2 22.1 -3 -5 9.1 8 0.3 4.9 13.1 51.3 15 17.6 37 64.2 30.7 24.6 38.1 26.9
18.5 -6.8 42.2 25.8 16.3 -28.1 -23.5 -3.8 47.7 58.4 118.1 23.3 -2.6 -4.1 10.2 9.1 1.1 5.5 12.9 52.3 16.2 18.8 37.7 65.1 31.3 24.8 36.9 26.7
24.1 3.7 50.3 33.4 22.1 -24.9 -19.4 1 52.5 63.2 122.6 28.2 0.1 -1.5 13.1 12.4 3.4 7.9 14 51.4 15.8 18.9 37.4 64.6 31.2 24.2 36 25.9
29.9 12.9 57.4 40.6 28 -21 -14.6 6 57.3 68.1 126.9 33.2 3.4 1.3 16.4 16.1 6.2 10.8 15.7 50.3 15.5 19 37.1 64.2 31.1 23.6 36 24.8
33.9 18.9 64 47 31.8 -19.1 -12 8.9 60.6 70.9 128.7 34.5 4.2 2.4 18 17.9 7.1 11.3 15.5 48.7 15 18.8 36.5 63.9 30.4 22.1 35 22.7
34.8 22.9 69.6 51.5 32.7 -20 -12.4 8.9 61.3 70.6 127.2 31.4 2.1 1.3 16.9 16.8 5.5 9 12.9 45.8 14.1 17.7 35.6 63.1 29 20.2 32.3 20.1
33.2 25.8 72.2 52.5 31.1 -22.6 -14.2 7.2 60.2 68.2 124.3 27 -0.5 -0.6 14.5 14.2 3.2 6.2 10.2 43.7 13.7 16.8 35.6 62.6 28.7 19.8 30.3 19.2
31 25.5 71 50.5 29.2 -24.5 -15.3 5.7 58.7 66.3 122.8 24.9 -1.2 -1.4 13 12.8 2.5 5.3 9.8 44.4 14.8 17.3 37.2 63.5 30.3 21.8 31.7 21.3
31.4 24.7 71 50.3 29.9 -24.2 -14.7 6.3 59 67.1 123.6 25.8 -0.2 -0.9 13.5 13.3 3.8 6.4 11 45.5 15.7 17.9 38.2 64.5 31.8 23.5 33.7 23.7
35.7 29.4 76.9 55.4 34 -22.3 -12.4 9.2 62.1 70.1 125.8 27.9 0.9 0.2 15.2 14.5 5.3 7.7 11.8 43.4 14.1 16.5 36.5 63.4 30.4 22.6 31.4 22.6
39.4 33.4 81.9 60 37.3 -19.8 -10.1 11.4 64.4 72.1 127.3 29.3 1.4 0.7 16.1 14.5 5.3 7.8 12 40.3 11.6 14.2 33.9 61 27.3 20.5 26.2 19.2
37.8 27.9 78 57.2 35.4 -19.4 -11.2 9.2 62.1 69.6 125.5 28.3 0.2 -0.9 14.2 11.9 2.5 5.4 11 39.2 9.8 12.5 31.9 58.7 24.5 19.2 21.7 16.3
32.1 16.7 69 49.5 29.8 -22.5 -16 3.7 56.4 63.8 120.6 24.3 -3.5 -4.9 9.8 7.4 -2.6 0.7 7.7 38.6 8.3 11.4 30.2 56.8 22.4 18 19.2 14.7
26.9 7.5 60.8 42 24.6 -26.5 -20.6 -1.2 50.8 58.6 116.1 20.2 -7 -8.3 6 3.3 -6.8 -3.3 4.7 38.7 7.8 10.7 29.2 55.9 21.5 17.4 19.5 15.4
24.9 3.4 54.5 36.8 22.3 -27 -21.5 -2.8 47.8 56.7 114.9 19.8 -6.6 -8.2 5.5 2.4 -7.3 -3.8 5.4 41.1 9.3 11.7 30.4 56.9 22.7 18.8 22.8 18.4
26.2 2.7 50.5 34.8 23.6 -23.5 -18.5 -1.2 48.5 58.8 117.5 23.3 -1.9 -4.7 8.6 5.4 -4.1 -0.6 9.9 45.1 12.2 14.3 33 59.6 25.4 21.9 26.6 21.7
29.5 2.5 49.9 35.8 26.9 -18.6 -14 2 51.9 62.8 121.6 28 3.5 -0.5 12.7 10 0 3.8 15.2 47.7 14.1 16.1 34.8 61.4 27.3 24.2 28.1 23.3
31.9 2.9 51.7 37.7 29.2 -15.9 -11.5 4 54.6 65.1 124.1 30.2 6.1 1.3 14.7 12.1 1.7 5.8 17.4 46.9 13.7 15.4 34.2 60.5 26.8 23.8 26.9 22.9
30.6 1.6 50.6 36.2 27.3 -16.5 -13 2.5 53.8 63.6 123 28.9 5.1 0.1 13.4 10.5 0.5 4.7 16.4 45.5 12.4 13.8 33.1 58.5 25.5 22.8 26 23
25.7 -5.3 43.3 28.9 21.5 -18.8 -17.3 -1.8 49.5 59.3 119.6 26 2.3 -2.3 10.4 7.1 -2.2 2.3 14.6 46.7 12.7 13.8 33.2 58.2 25.7 23.8 28.1 25.1
21.9 -10.7 37.3 23.1 16.6 -21.2 -20.9 -5.1 45.5 55.7 116.4 23.2 -1.5 -4.7 7.8 4.4 -4.9 -0.1 12.8 48.5 13.5 14.2 33.3 58.4 25.8 24.6 29.2 25.7
23.6 -6.2 40 25.5 16.8 -21.4 -20.4 -4 45.6 55.7 116.3 22.6 -3.5 -5.3 7.7 4.2 -6 -1.1 11.7 48 13.4 13.7 32.5 57.2 24.7 23.4 26.8 22.9
29.5 4.3 48 32.9 21.1 -18 -15.7 0.7 49.5 59.2 119.6 25.2 -1.1 -2.9 10.5 6.9 -4.2 0.7 12.9 47 13.1 13.2 31.9 55.7 23.6 22.1 24.6 20.5
35.9 14 56.1 40.4 26.2 -13.2 -10 5.9 54.6 63.6 123.7 28.9 3.2 0.8 14.2 10.3 -0.9 3.7 15.3 46.2 13 13.1 32 55.1 23.4 22.3 25.1 21.2
40.1 20.8 63.7 46.8 30.1 -10.4 -6.7 9 58.3 66.3 125.8 30.7 4.9 2.6 16.2 12.4 1 5.2 16 44.7 12.7 12.9 32.1 54.8 23.6 22.7 26.5 22.9
41 25.1 69.8 51.1 31.6 -11.3 -6.7 9.4 59.5 66.3 124.8 29.7 2.8 1.4 15.6 12.1 0 4.3 14.4 42.4 11.7 12 31.7 54.4 23.3 22.2 26.8 23
39.2 27.5 72.1 51.8 30.3 -14.5 -8.8 7.8 58.5 64.3 122 27.1 -0.5 -1.3 13.6 10.3 -2.7 2.1 12.2 40.9 10.8 11.6 31.2 54.5 23 21.5 26.3 21.8
36.6 26.4 70.2 48.9 27.6 -17.5 -11.1 5.5 56.7 61.9 119.5 24.9 -2.4 -3.2 11.6 8.6 -4.9 0.3 11.1 40.9 10.7 12 31.2 55.1 23 21.2 26 20.2
35.4 24.8 68.7 46.7 25.9 -18.7 -12.4 4.2 55.8 60.6 118.1 23.7 -2.9 -4.2 10 7.3 -5.9 -1 10 39.7 9.5 11.2 29.9 53.8 21.1 19.3 23.8 16.4
36.9 28.8 72.4 49.6 27.2 -18.4 -12.5 4.8 56.7 60.9 118 23.8 -3.3 -5.3 9 6.5 -6.5 -2.1 8 35.3 6 7.8 26.4 49.5 16.6 14.8 17.9 9.7
38.5 31.7 75.6 52.9 28.7 -17.7 -12.5 5.4 57.3 61.5 118.3 24.7 -3.6 -6.1 8.6 6.2 -7.1 -2.5 6.8 31.5 3.1 4.5 23.2 45.4 12.7 11.2 12.1 4.8
36.5 25.5 71.5 50 26.8 -18.7 -14.3 3.2 54.7 59.7 117 24.1 -4.3 -7.3 7.6 5.2 -8.3 -3.5 6.4 31.4 2.6 3.6 22.1 44 11.3 10.6 10.2 4.5
31.3 14.9 63.8 43.4 22.3 -22.3 -18.1 -0.7 50 55.6 113.5 21.2 -6.5 -9.4 5.4 2.6 -10.9 -6.1 5.1 33.1 3.2 4.2 22.4 44.2 11.1 11.2 11.6 7.2
26 6.8 57.2 37.2 18.2 -26.4 -21.9 -4 45.5 51.6 109.9 17.8 -8.9 -11.4 3.3 -0.6 -13.6 -9 3.1 35.1 3.9 5.1 23.3 44.7 11.1 11.7 14.5 10.3
23 2 51 31.7 15.5 -28.4 -23.7 -5.9 42.6 49.3 108 16.5 -9.1 -11.7 2.7 -2.3 -15 -10.3 2.2 37.7 5.2 6.4 24.5 45.4 11.2 12.2 17.9 12.8
23.3 -1.1 45.9 27.6 15.1 -27.3 -22.5 -5.5 42.1 49.4 108.7 18 -6.6 -9.8 4.3 -1.2 -13.7 -9.2 3.9 41.1 7.4 8.1 26 46.5 11.9 13.5 21.2 15.1
26.4 -3.2 44.5 26.9 17.1 -23.7 -19.1 -2.9 44 51.9 111.5 21.5 -2.5 -6.2 7.5 2.3 -10.4 -6 7.7 43.5 9.5 9.6 27.6 47.6 13.1 15.1 23.9 16.8
29.3 -3.3 46.3 28.7 19.3 -20.9 -16.5 -0.6 46.4 54.7 114 24.3 0.2 -3.3 9.8 5.3 -8 -3.5 10.4 43.9 10.2 10.1 28.2 47.7 13.4 15.6 24.5 16.8
27.7 -4.2 45.3 27.8 17.9 -21.7 -17.6 -1.7 45.6 54.2 113.3 24 -0.4 -3.4 9.2 5 -8.9 -4.5 9.9 43.7 9.9 9.9 27.8 46.9 12.8 15.2 24 15.8
21.3 -10.7 36.9 20.1 11.6 -25.7 -22.4 -6.7 40.8 49.3 108.9 20.5 -3 -6.1 6 1.1 -12.5 -8.2 6.9 44.6 9.7 9.9 27.3 46.3 12 14.8 24.2 15.6
15.4 -15.8 29.3 12.7 5.3 -30.5 -27.4 -11.6 35.8 43.6 103.7 15.8 -6.2 -9.7 2.3 -3.5 -16.4 -12.4 2.9 44.4 8.6 9.1 26.2 45 10.3 13.1 23.2 14
15.3 -11.4 30.8 13.4 4.3 -32.4 -28.3 -12 35.3 41.9 101.6 13.2 -8 -11.5 0.7 -5.2 -18.1 -14.4 -0.1 41.7 6.5 7.2 24.5 42.7 7.8 9.7 19.3 9.4
20.1 -1.7 38.1 19.7 8.1 -29.8 -24.7 -7.9 39 44.9 103.6 14.2 -6.8 -10.1 2.7 -2.7 -16.3 -13.4 0.1 39.6 5 6 23.5 41.4 6.2 6.9 15.5 4.7
26.3 6.9 46.3 27.1 13.6 -25.1 -19.5 -2.2 44.4 50.2 107.9 17.1 -3.9 -6.8 6.8 2.3 -12.4 -10.6 2.3 39.4 5.3 6.6 24.2 42.4 6.8 6.2 14.1 3.1
31 13 54.6 34.2 18.5 -21.8 -15.8 2.5 49.2 54.8 111.5 19.3 -2.2 -4.1 10.1 6.4 -9.2 -8.1 3.9 39.4 6.4 8.1 26.1 44.3 8.9 7.3 14.6 4.1
31.8 17 60.8 38.8 20.4 -22.7 -15.6 3.6 51.5 56.2 111.8 18.5 -3.7 -4.3 10.2 6.9 -8.9 -7.8 2.7 38 6.5 8.6 27 45.1 10 8.1 14.5 5.1
28.5 19 61.7 38.8 18.1 -27.2 -18.8 0.8 50.3 53.8 108.7 14.7 -7.3 -7.4 7.2 4.1 -11.3 -9.9 -0.5 36 5.6 7.9 26.4 44.5 9.5 7.8 13.1 4.8
24.6 18.3 58.9 35.7 14.6 -31.1 -22.1 -2.7 47.9 51 105.6 11.4 -9.5 -10.1 4.5 1.3 -13.3 -11.9 -2.8 35.2 5.2 7.6 25.8 44.4 9.1 7.5 11.8 4.1
24.7 18.3 59.4 35.5 14.7 -31.1 -21.9 -2.5 48 51.5 106.3 11.5 -8.8 -10 4.7 1.6 -12.6 -11.3 -2.2 35.1 5.5 8 25.8 45.2 9.7 7.6 10.6 3.1
29.7 23.8 67.4 41.7 20.1 -27.5 -17.9 2 52.1 55.8 110.5 14.9 -6.5 -7.4 7.5 4.6 -9.7 -8.6 -0.1 34 5.3 7.9 25.5 45.9 10.5 7.4 8 1
34.4 28.1 73.9 47.7 25.1 -23.4 -14.1 6.2 56.1 60.2 114.6 19.3 -4 -4.7 10.6 7.6 -6.8 -5.5 2.3 33.4 5.4 7.8 25.9 46.7 11.8 7.6 5.8 -0.3
33.7 23.5 70.4 46.3 24.3 -22.1 -14.5 5.6 55.3 60.5 114.9 21 -3.2 -4.4 10.8 7.8 -6.3 -4.4 3.5 34.6 6.1 8.5 27.2 47.8 13.3 8.7 5.7 0.2
28.9 14 61.9 39.7 18.9 -24.9 -18.8 0.9 50.6 57.1 111.7 18.6 -5.4 -7.1 7.9 5 -8.9 -6.1 2.4 35.9 6.6 8.9 28 48.4 14 9.5 5.3 0.2
23.5 5.1 54 32.2 13.2 -29.1 -23.5 -4.1 45.1 52.9 108.1 14.5 -8.5 -10.5 4.5 1.4 -12.2 -8.5 0.7 36.4 6.4 8.6 27.7 48.4 14 9.8 3.4 -1.5
19.5 -1.6 46.3 25 9.4 -31.4 -26.1 -7.7 40.9 49.7 106.6 12.2 -9.5 -12.2 2.8 -0.7 -13.5 -9.3 0.9 37.5 6.4 8.6 27.4 48.9 14.4 10.4 2.3 -2.9
18.1 -6.3 39.8 20.5 8.4 -30.1 -26 -8.9 39.7 49 107.8 13.2 -7.5 -10.8 4 0.1 -11.8 -7.4 3.6 39.5 7.1 9.7 28.2 50.3 16 12.2 4.2 -1.7
19.8 -8.1 38.1 20.6 10.6 -26.3 -23.6 -7.4 42 51.3 110.9 16.6 -3.7 -7.2 7.3 3.3 -7.7 -3.6 7.7 41.4 8.2 11.3 30.2 52.2 18.2 14.3 7.6 0.9
23.1 -6.5 41.3 23.8 14.1 -23.2 -21 -4.5 45.5 54.4 113.8 19.4 -0.9 -3.9 10.2 6.9 -3.9 -0.1 10.9 42.3 9 12.4 32.1 53.6 19.7 15.5 9.9 2.6
24.1 -5.4 42.8 24.6 15.2 -22.9 -20.5 -3.2 46.5 55.4 114.3 19.9 -0.3 -2.7 10.9 8.4 -2.7 1.4 12.2 43.8 10.3 13.6 34.1 55.2 21.1 16.7 11.4 3.4
21.4 -10.5 37.5 20 12.7 -24.3 -22.5 -5.2 43.7 53.7 112.6 18.8 -0.9 -3.5 9.8 7.9 -3.4 1.4 12.5 47.2 12.9 16 36.8 57.9 23.6 19.4 14.1 5.1
18.1 -14.9 32.4 15.7 10.2 -25.8 -24.8 -7.8 40.7 51.8 110.9 17.7 -1.7 -4.9 8.5 6.6 -4.4 0.9 12.3 49.6 14.5 17.7 38.8 59.9 25.8 21.7 16 6.3
18.5 -10.6 35.1 17.9 11.8 -26 -24.6 -7.5 41.6 52.5 111.5 18.2 -2.3 -5.5 8.4 6.4 -4.2 1.1 12.2 48.4 13.7 17.3 38.7 59.8 26 21.6 15 5.4
22.1 -1.2 42.1 24.5 16.7 -24.7 -21.7 -4.5 45.8 56 115.1 21.1 -1.3 -4.1 10.1 8.2 -1.9 3.4 13.7 45.7 11.9 16 37.5 59 25.1 20.5 13.2 3.8
26.8 7.8 49.7 31.9 22.1 -22.7 -18 -0.3 51.1 60.5 119.6 25.1 1 -1.3 13.1 11.7 1.4 6.9 16 44 11.2 15.7 37.2 58.9 25.1 20.2 13.7 3.3
31 14.9 58.1 39.3 26.4 -21.1 -15.3 4 55.9 64.4 122.9 27.6 3.1 1 16.2 15.1 4 9.5 17 43.6 11.7 16.5 38 59.9 26.1 20.6 16.3 3.7
33.4 20.5 65.7 44.9 28.6 -21 -14.3 6.7 58.8 66.2 123.7 27.3 3.6 1.8 18 16.6 5 9.9 16.2 44 13.2 17.9 39.5 61.3 27.2 20.9 19.6 4.4
32.9 24.2 69 46.8 28.2 -22.4 -15.3 6.8 59.3 65.6 122.3 25.6 3.1 1.2 18 16.1 5 8.9 14.8 45.8 15.5 19.7 41.3 62.9 28.5 21.5 23.4 5.8
31 24.3 67.6 45.5 26.7 -24.3 -16.9 5.4 58.5 64.5 120.8 24.6 2.5 0.7 17.2 15.2 4.6 8.1 14.3 48.3 18 21.5 42.9 64.3 29.7 22.2 27 7
31 24.2 67.1 45.6 27 -24.8 -17.1 5 58.8 65.4 121 25.3 2 0.5 16.6 15 4.1 7.8 14 48.2 17.8 21.2 42.4 63.8 29.2 21.4 27.2 5.7
34.3 29.5 72.6 50.7 30.9 -24.2 -15.4 7 61.6 68.2 123 27.1 1 -0.5 16.2 15.3 3.6 7.7 13.2 43.4 13.7 17.5 38.9 60.4 26.1 18.3 20.6 0.5
36.9 33.5 77.2 55 34.7 -23.7 -14.2 8.7 63.4 70 124.6 28.6 -0.8 -2.6 14.9 14.8 2.8 7 12.2 37.3 8.3 12.5 34.2 55.9 22.3 15.2 10.4 -6
34.5 27.6 73.5 52 33.6 -25.4 -16.5 6.7 60.6 67.5 123.3 27.4 -3.9 -6 11.8 11.6 0.3 4.6 10.8 33.5 4.1 8.2 30.6 52.3 19.3 13.3 2.3 -10.8
28.7 17 65.8 44.7 28.8 -29.2 -21.6 1.8 55 62.5 119.2 23.5 -7.8 -10 7.8 6.8 -3.6 1 8.5 32.1 2.1 5.6 28.7 50.7 17.5 12.4 -0.7 -12.6
23.7 9.3 59 38.3 24.3 -32.5 -25.7 -2.6 51 58.5 115.8 19.9 -10.3 -12.4 5.5 3.8 -5.9 -1 6.9 33.2 2.6 6 29.2 51.4 17.7 13.1 2.3 -10.4
21.5 4.9 53 33.5 21.8 -33.1 -26.9 -4.8 49.3 57.2 114.7 19.3 -9.8 -12 5.7 3.9 -5.5 -0.4 7.6 36.9 4.7 8.8 31.4 53.8 19.5 15.4 9.7 -5
22.1 1.6 48.3 30.5 21.7 -31.2 -25.4 -4.4 49.4 58.3 115.8 21.9 -7 -9.5 7.7 6.1 -3.4 1.7 10.4 41.3 6.9 11.8 33.7 56 21.6 17.7 17.7 1.2
25 -0.5 47.1 30.7 24.1 -28 -22 -1.8 51.2 61.1 118.7 26 -3.3 -6 10.6 9.2 -0.5 4.1 13.8 44.1 8 13.2 35.3 57.4 23.1 19.2 23.3 6.3
28.3 0.6 49.8 33.6 27.2 -25.8 -18.9 1.2 53.9 63.8 121.7 29.4 -0.7 -3.6 12.7 11.7 1.6 5.9 16.1 44.7 8 13.2 36.1 58.1 24 19.8 26.1 9.7
28.7 1.7 50.5 34 27.6 -26.2 -18.9 1.8 54.3 63.9 122.3 30.2 -0.7 -3.8 12.6 12 1.7 6 16.5 44.6 7.9 13.2 36.6 58.5 25 20.7 27.4 11.5
24.6 -3.1 44.4 28.1 23.2 -29.1 -22.3 -1.5 50.8 60.5 119.5 27.7 -2.5 -6.2 10.5 10 -0.2 4.4 15.4 45.8 8.5 14.2 36.9 59.5 26.2 22.3 28.2 12
20.5 -7.2 38.8 22.7 18.5 -31.9 -25.6 -5 47.3 57 116 24.2 -4.5 -8.3 8.6 7.7 -2.1 2.5 13.6 46.3 9.2 15.1 36.7 60.4 27.1 23 27.9 11.7
21.7 -1.9 42 25.5 19.3 -31.2 -24.2 -3.7 48.5 57.8 116.4 23.9 -4.4 -7.4 9.9 8.4 -1.2 3.2 13.7 45.7 10 15.9 37.2 61.4 27.9 23.1 27.3 11.9
27.3 8.3 49.8 33.3 24.7 -27.1 -18.9 1.6 53.3 62.3 120.4 27.5 -1.7 -3.4 13.7 12.2 2.4 6.4 16.1 45.7 11.2 16.7 38.8 62.5 28.9 23.6 27.8 13
32.6 16.2 56.9 40.1 30 -23.3 -14.1 6.6 57.5 66.3 123.8 31.5 0.6 -0.1 16.6 15.7 5.3 8.7 17.8 45.4 11.5 16.5 39.4 62.1 28.7 23.3 27.6 12.3
35.3 21.1 63.3 44.9 32.6 -22.4 -12.4 8.9 59.7 67.7 124.4 32.4 0 0.1 16.6 16.4 5.6 8.2 16.3 43 10.1 15.1 37.9 60.3 27 21.3 25.6 9.8
35.1 24.7 68.5 47.5 32 -24.8 -13.8 8.4 59.9 66.5 122.4 29.8 -3.1 -2.3 14.5 14.6 3.7 5.8 12.8 39.9 7.9 13.7 35.4 58.6 25.4 18.8 23.2 7.6
32.7 26.7 69.8 46.6 28.8 -28.9 -17.2 5.9 58 63.8 119.4 25.6 -6.5 -5.6 11.6 11.5 0.7 3.1 9.5 38.2 6.7 13.2 34.1 58.2 25 17.5 22.5 7.4
29.8 25.1 66.7 42.9 24.9 -31.9 -20.5 2.7 55.2 61.4 116.4 22.4 -8.6 -8.2 9 8.7 -1.9 1.4 7.8 38.2 6.8 13 34.2 58.5 25.6 17.7 23.7 9.5
29.2 23.4 65 41.1 23.2 -32.7 -21.9 1.2 54 60.7 115 21.4 -9.6 -9.4 7.9 7.4 -3.1 0.8 7.3 37 5.9 11.8 33.9 58.2 25.2 17.4 24.7 11.8
32.3 27.7 69.6 45.3 25.6 -31.5 -20.4 2.8 56.1 62.5 116 22.6 -9.7 -9.4 8.5 8.2 -2.4 1.1 7.2 33.1 3.5 9.5 32.2 56.8 23.1 15.4 23.5 12.5
35.9 31.6 74.3 49.9 28.8 -29.2 -17.9 5.2 58.7 65 118.7 24.6 -8.8 -8.4 10 10 -0.5 2.3 8.1 30.4 2.4 8.5 31 56 21.9 14.6 22.9 13
35.3 26.8 71.6 48.1 27.9 -28.3 -17.8 4.7 57.8 64.8 119.8 25.1 -8.2 -8 10.5 10.5 0.1 2.9 8.9 31.1 3.5 9.3 31.6 56.9 22.9 16 25 15.1
31.3 17.7 65.3 42.7 23.6 -29.7 -20.2 1.9 54.5 62.1 118.3 23.6 -8.8 -8.7 9.5 9.1 -1.3 2.3 8.8 33.9 5.9 11 33.4 59.1 25.1 17.9 28.7 18.5
27.6 10.7 60.1 37.8 19.9 -31.4 -22.2 -0.6 51.9 60.1 116.4 22.3 -8.9 -8.7 9 7.9 -2.1 1.8 8.7 37.7 9.1 13.4 35.9 62 27.7 19.8 33.2 22.6
25.4 6.3 54.8 33.1 18.5 -31.6 -22.5 -1.4 50.6 59.8 116.3 22.7 -7.5 -7.3 9.8 8.6 -1 3 10.3 42.4 12.6 16.5 38.6 65 30.3 22.4 38.2 27.3
25.3 2.8 49.7 29.3 19.2 -29.4 -21 -0.3 50.6 61.3 118.5 25.2 -4.4 -4.5 12 11 1.9 6.1 14 46.7 15.1 19.5 41 67.5 32.7 25.5 43 31.9
27.1 0.1 47.4 28.7 21.7 -25.6 -18.8 1.8 51.8 63.7 121.7 29 -1.2 -1.7 14.2 13.5 5.1 9.3 17.4 48.1 15.3 20.8 42 68.4 33.4 27.1 45.8 34.7
28.9 -0.4 48.3 30.1 23.7 -23.6 -17.9 3 52.5 64.8 123.4 31.2 -0.5 -1.1 14.7 13.9 6.3 10.3 18.2 45.9 13 19.6 41 67.2 32.1 26 44.6 34.6
28.5 -0.8 47.8 29.6 23.4 -24.4 -18.9 2.4 51.3 63.5 122.9 30.5 -2.1 -2.1 13.6 12.5 5.4 9.1 16.9 44 11.5 18.5 40.4 66.3 31.2 24.9 42.4 34.7
26.1 -4.8 42.7 25.4 20.8 -25.9 -20.4 0.5 48.8 61 121.7 29.4 -2.9 -2.5 12.9 11.2 4.5 8.3 16.4 46.6 13.8 20.3 42.8 68.5 33.2 26.8 43.3 37.6
24.7 -6.5 39.5 22.7 19.7 -26.2 -20.7 -0.6 47.9 59.9 121.3 29.8 -2 -1.7 13.7 11.4 4.9 8.9 17.2 51 17.8 23.4 46.3 72 36.3 29.8 45.8 40.8
26.7 0 44 26.2 23 -24.5 -18.6 1.1 51 62.5 123.4 32.7 0.5 0.5 16.5 13.9 7.2 11.2 19.3 53.3 20.9 25.5 48.5 74.4 38.4 31.4 47.5 41.8
30.5 8.9 51.3 32.5 28.6 -21.5 -15.1 4.6 55.8 67 127.1 36.6 3.7 3.5 20.2 17.7 10.2 14.2 22.2 53.6 22.3 26.2 48.8 74.9 39.1 31.7 47.9 40.9
33 13.9 56.4 37.5 32.7 -19.9 -12.8 7.2 58.8 69.7 129.4 38.1 4.8 4.8 21.4 19.9 11 15.2 23.2 51.3 21 24.5 46.6 72.6 37.6 30 44.8 37.2
34 16.6 60.7 41.6 34 -21 -13.1 7.7 59.6 69.9 128.9 36 2.5 3.1 19.3 19.1 8.8 13.1 20.7 46.8 17.1 20.6 42.9 68.2 33.9 26.4 38.6 31.5
34.1 20.9 65.5 45.5 33.7 -23.4 -14.5 7.2 59.7 69.2 127.3 32.8 -0.7 0.8 16.9 17.4 6.4 10.4 17.2 43.3 14.1 18.1 40.6 65.5 31.3 23.8 34.6 28.4
33.8 26.2 69.1 48.1 32.9 -25.2 -14.8 7.2 60.3 69.1 126.6 31.2 -2 0.3 16.9 17 6.5 9.9 16.2 44.3 15.4 20 42.3 67.3 32.8 25.2 36.4 30.8
34.5 28.6 70.8 49 33.6 -25.3 -13.4 8.7 61.6 70.2 127.8 32.2 -0.7 1.9 19.2 18.4 8.8 12.2 18.3 48.3 19.4 24.5 46.4 71.7 37.1 29.6 40.4 35.1
37.1 29.7 73.7 51.3 36.6 -23.8 -11 11.5 64 72.2 130.1 34.6 0.9 3.4 21.4 20.5 11 14.7 20.6 49.3 20.9 26.3 48.3 73.6 39.2 31.5 39.6 34.7
41.2 35.1 80.5 57.5 41.2 -21.9 -8.7 14.4 67.4 74.7 131.9 36.6 0.7 2.8 21.6 21.8 11.4 15.4 20.7 44.9 17.3 23.1 45.7 70.8 36.4 28.4 32.1 28.4
44.3 40 85.5 62.7 44.6 -19.9 -7.4 16.2 70.3 76.8 133.2 37.9 -0.1 1.7 21.1 22.9 11.6 15.7 20.5 40.5 13.4 19.7 42.4 67.8 33.1 25.4 25.9 23.5
44.6 37.8 83.6 62.2 44.3 -18.6 -7.5 16.1 70.9 77.4 134 38.7 -0.1 1.5 21 24 12.5 16.9 21.5 40.8 13.2 20.1 42.6 68.5 33.4 26.9 27 25.3
42.4 31.5 78.4 57.9 41.1 -19.7 -9.2 14.9 69.4 76.4 133.5 37.8 -0.4 1.2 20.5 23.6 12.8 17.3 22.2 43.2 15.3 22.6 45 71 35.9 30.3 31.7 29.7
38.9 25.3 73 52.3 36.8 -23 -11.9 13 66.1 73.9 131.5 35.5 -2.1 -0.4 18.7 21.5 11.2 15.5 21.4 44.4 16.3 23.6 46.4 71.8 37.1 31.8 34.5 31.4
35.2 19.5 66.3 45.8 33 -25.6 -14.1 10.9 62.3 71.5 129.6 33.6 -3.4 -1.9 17 19.1 9.4 13.8 20.6 45.2 15.9 22.8 46.5 71 36.7 31.7 35 30.8
33.7 14.4 60.3 41.1 31.5 -24.7 -14.1 10.3 60.6 71 129.9 33.8 -2.2 -1.4 17.3 18.7 9.9 14.6 21.8 47 15.6 22.2 46.6 70.5 36.4 31.7 35.5 30.8
35.5 11.9 59.1 41.3 33.3 -20.6 -11.6 12.2 62.4 73.4 132.6 36.5 1 1.2 19.7 21 12.7 17.8 24.7 48.8 15.8 22.4 47 70.9 36.9 32.5 36.6 32.3
39 13.6 62.2 44.9 36.4 -16.4 -8.4 15.2 65.8 76.6 135.6 39.5 4.1 3.8 22.4 23.9 15.6 20.5 27.2 49.6 16.2 22.8 46.9 71.5 37.2 33.4 37.4 33.6
40 14.6 62.8 45.6 36.2 -15.3 -7.5 15.5 66.5 76.9 135.7 40.1 5.4 4.2 22.8 24.4 16.1 20.5 27.3 50.1 16.7 22.7 46.4 71.6 36.8 33.8 37.3 33.8
36 8.3 55.8 39.4 30.6 -17.7 -10.6 11.1 62.2 72.5 132.1 37.4 4.5 1.7 19.8 21.2 13 17.4 25.3 51.1 16.7 21.8 45.8 70.8 36 33.4 36.2 32.6
31.2 2.1 48.8 32.6 24.6 -21.2 -14.8 6.1 56.8 67.4 127.7 33.1 2.2 -1.5 15.7 16.9 8.6 13.7 22.4 50.8 15.2 19.9 44.9 68.8 34.2 31.3 33.9 30.2
31.4 5.6 50.7 33.1 24.1 -21.4 -15.3 6.2 56 66.8 126.8 31.1 1.6 -2.2 14.5 15.4 7 12.7 21 49.7 13.6 18.3 44.2 67.1 32.3 28.8 31.7 28
36.3 14.5 57.7 38.8 28 -17.1 -11.7 10.7 60.1 70.7 129.8 32.9 4.1 0.5 16.9 18 9.3 14.9 22.4 49.7 13.4 18.3 44.2 66.7 31.4 27.8 31.5 27.8
41.2 21.3 64.5 44.8 31.7 -12.6 -7.9 14.7 64.8 74.7 133 36.1 6.6 3.2 19.9 21.8 12.2 17 24 49.8 13.4 18.7 43.9 66.3 30.6 27.5 31.7 28
43.8 25.8 70.6 50 33.6 -11.6 -6.6 16.3 67.4 76.1 133.6 36.9 6.2 3.2 20.8 23.5 12.8 16.9 22.9 47.8 12.4 18.3 42.6 64.8 28.7 26 30 26.5
44.3 30.4 75.8 54 34.2 -13.7 -7.3 16.4 67.7 75.7 132.1 34.5 3.6 1.2 20 22.9 11.1 15 19.8 44.6 11.1 17.7 41.1 62.9 26.4 23.7 27.3 23.9
43.3 34.9 78.3 55.3 33.7 -16.1 -8.4 16.1 67.2 74.9 130.3 31 1.9 -0.3 19.4 21.6 9.2 13.4 17.4 43.4 11.9 18.8 41.5 62.7 26.6 23.4 26.9 23.2
42.3 36.3 78.1 54.7 32.7 -16.3 -8.5 16.1 67.2 74.9 129.7 29.3 2.4 0.3 19.8 21.2 9 13.4 17.6 45.3 14.6 21.5 43.6 64.4 29.1 25.8 28.9 25.4
43 36.4 79.2 55.4 32.8 -14.7 -7.4 17.1 68.7 75.8 130.4 29.7 3.8 1.6 20.6 21.5 10.1 14.1 18.9 46.5 15.5 22.1 44.3 64.8 30.3 27.2 28.9 26.6
46.6 41.1 85.1 60.3 35.4 -12.3 -5.1 19.5 71.9 77.9 131.9 31.1 4.6 2.4 21.1 22.2 11 14.3 19.4 44 13.1 19.5 42.4 62.4 28.4 25.4 24.7 24.8
50.3 45.7 90.1 65 38.5 -9.4 -2.5 22.1 74.6 80 133.7 33 6 3.3 22.1 23.6 12 14.9 20.1 41.9 11 17.2 41.3 60.8 26.7 24 21.9 23.5
49.6 41.6 87.1 63.6 37.9 -8.4 -2.6 21.4 73.2 79.3 133.2 33.3 6.8 3.1 22.1 23.8 11.5 14.7 20.7 42.8 11.5 17.4 41.9 61.3 26.5 24.5 23.2 24.3
44.7 32 79.5 57.2 33.5 -11.4 -6.5 16.8 68 75.1 129.2 30.3 4.5 0.1 19.3 20.8 8 12 18.8 43.6 12 17.5 41.5 61.5 25.4 24.5 24.9 24.2
38.8 23.5 71.5 49.2 27.9 -16.5 -11.8 10.8 62.1 69.5 124 25.9 0.6 -4.1 15 16.3 3.4 7.9 15.5 42.8 11.2 16.3 39.5 60 23.5 23.3 24.2 22
34.1 16.7 63.1 41.2 23.1 -20.4 -15.8 5.8 57.1 64.9 120.5 23 -1.6 -7 11.7 12.7 0.2 4.9 13.4 42.1 9.8 14.6 37.4 57.8 22 22 21.9 18.9
32.2 11.1 56.3 35.8 20.7 -20.8 -16.8 3.6 54.8 63 119.9 23.2 -0.5 -7.3 11.2 11.5 -0.4 4.6 13.9 42.4 8.8 13.4 36.1 55.8 21.2 21.1 19.8 16
33.9 8 54.8 35.6 22.2 -17.8 -14.8 4.9 56.1 64.4 122.1 26.4 2.5 -5.2 12.8 13 1.3 6.9 16.1 42.7 8.2 12.6 35.4 54.4 20.6 20.2 18.7 13.1
37.4 9.4 57.9 38.7 25.9 -14.4 -12 7.8 59 67.1 125.2 30 4.3 -2.6 14.5 15.4 3.6 9.3 18.2 42.7 8.1 12.3 35 54 20.2 19.9 18.7 11.1
39 11.5 59.6 39.9 27.8 -12.9 -10.9 9.2 60.2 68.3 126.9 31.4 4 -1.4 15.3 17.1 5.2 10.2 19.3 44.2 9.8 13.8 36.2 55.5 21.4 21.6 21 12.2
36.9 7.7 55 36 26 -13.4 -12.2 7.3 58.2 66.9 126.2 30.6 3.2 -1.8 15 17 5.6 9.9 20.1 48 13 17 39.2 58.7 24.5 25.2 25.4 16.7
34.8 4 51 32.6 23.6 -14.4 -13.7 5 55.8 65.6 124.7 29.1 2.6 -2.8 14.4 15.8 5.2 9.5 20.1 50.5 15.1 19.3 41.5 61.2 27.1 27.6 28.1 20
36.7 8.7 54.5 35.6 25.2 -13.9 -12.5 6.5 56.9 67.3 125.5 29.3 3.2 -2.6 15.3 15.6 5.4 10.2 20 50.2 15.1 19.4 42.2 61.8 27.9 27.6 27.7 19.8
41.6 18.2 61.8 42.2 29.9 -11.2 -8.3 11.2 61 71.4 128.7 32 5.4 -0.2 18.3 17.9 7.6 12.8 21.6 49.2 14.4 19.1 42.2 61.9 28.4 27.3 26.8 18
46.9 26.4 68.9 48.8 34.7 -7.6 -3.5 16.1 65.8 75.6 132.3 35.8 8.1 3.2 21.7 21.8 10.7 16.2 24.2 48.6 14.1 19.2 42.3 62.5 29.5 27.5 26.5 16.3
50.9 32.4 76.3 54.9 38 -5.4 -0.4 19.6 69.5 78.2 134.2 38 8.9 5.3 23.4 24.8 12.4 18 25.1 46.9 13.8 19.2 42.1 62.8 30 27.3 24.6 14
52 36.8 81.9 58.6 38.7 -6.7 -0.6 20.1 70.3 77.7 133 36.7 6.6 4.2 22.1 24.6 10.9 16.5 22.6 43.7 12.4 18.1 40.6 61.6 28.8 25.4 20.1 10.2
49.5 39.1 82.6 57.9 36.2 -10.9 -3.8 17.5 68 74.2 129.4 32.6 2.3 0.6 19 21.5 7.4 12.5 18.4 40.9 10.8 16.6 38.6 59.7 26.9 23.4 15.7 6.7
46 37.9 79.6 54.6 33.1 -14.6 -6.8 14.5 65.2 70.9 126.3 29.1 -0.4 -2 16.8 18.6 4.9 9.3 15.7 40.4 10.6 15.9 37.8 59.2 26.1 22.8 15 5.8
45.8 37.3 79.7 54.4 33.2 -14.9 -7 14.9 65.8 71.2 126.1 28.7 0.3 -1.4 17.4 18.5 5.3 9 15.5 40.5 11 15.7 38.3 59.6 26.2 22.6 16.8 6.4
50.1 43.4 87.3 60.9 37.9 -11.8 -3.8 19.5 71.1 75.7 129.5 31.7 3.6 2.3 20.5 21.8 8.5 11.5 16.5 39.7 10.8 15.4 39.2 60.1 26.4 21.8 18.7 6.8
55 49.6 94.9 68 43 -7.4 0.4 24.7 77.1 80.8 133.9 35.8 7.6 7 24.6 26.6 12.5 15.1 18.6 40.1 11.8 16.6 40.9 61.9 27.7 22.6 21.3 8.6
55.5 47.4 94.2 68.3 43.5 -5.3 2 25.9 78.5 82.4 135.6 37.9 9.4 9.7 26.6 29.5 14.8 17.2 20.8 42.6 14.3 19.2 43.2 65 30.5 25.6 24.8 11.7
52.1 40.8 88.9 63.7 40.1 -6.8 0.3 23.5 76 80.5 134 37.1 7.8 9.2 26.2 29.3 14.5 16.8 21.5 45.2 16.8 21.8 45.2 68 33.4 28.5 27.3 14.2
48.3 35.3 83.7 58.6 36.4 -9.3 -2.1 20.9 73 78.4 132.1 35.6 5.7 7.9 25.2 28 13.8 16.2 21.7 47.2 18.7 24.1 47 70.4 35.9 30.7 28.2 15.7
46.3 30.7 78.2 53.8 34.6 -10.1 -2.9 19.8 71.1 78.1 132.2 35.7 6.1 7.7 25.4 27.8 14.4 17.1 23.1 49.4 20.1 26 49.1 72.4 38.2 32.9 28.7 16.9
46.5 26 72.6 50.4 34.9 -8.8 -1.9 20.3 71 79.1 134.3 38 8.5 8.5 26.5 28.7 16.2 19.6 26.4 50.8 20.3 26.5 50.7 73.6 40.1 35.2 28.2 17.7
48.1 22.3 70.1 49.8 37 -6.7 -0.3 21.6 72.5 80.8 137 41.5 10.5 9.4 27.6 30 18.5 22.4 29.9 50 18.5 24.8 50.5 73.4 40.8 36.2 25.8 17.3
49.2 21.4 71.2 51 39.4 -6 0.2 22.5 73.8 82.1 138.8 43.7 10.3 9.1 27.5 30.4 19.4 23.8 31.4 47.2 15.6 22 48.3 72.5 40.1 35.5 22 15.6
47.9 20.2 70.9 49.8 39.8 -7.6 -1.3 21.4 72.8 81.8 138.3 43 8 7.4 25.9 29.5 18.2 23 30.3 45.4 14.1 20.6 46.4 72 39.3 34.5 19.8 13.8
43.6 14.1 65 44.4 37 -10.5 -4.3 17.8 69.1 79.2 135.5 40.2 5.5 5.1 23.5 27.1 15.7 20.6 27.9 46.4 15.2 21.2 46.1 72.5 39.1 34.2 20.1 12.1
39.7 9.5 59.6 40.3 33.8 -13 -6.8 14.1 66 76.3 132.4 37 3.3 2.9 21.2 24.2 13.3 18 24.5 47.5 16.5 21.7 45.9 72.2 38.2 32.5 19.8 8.4
40.2 13.6 61.8 42.5 34.3 -13.8 -6.3 14.1 66.7 76.3 132 35.9 2.4 2.3 21 23.1 12.9 17 22.1 46.5 15.7 20.9 44.8 70.6 36.7 29.5 17.7 4.3
44.2 22.5 68.8 48.4 38.6 -12.1 -2.8 17.9 70.4 79.8 135.4 38.1 3.7 4.5 23.4 25.2 15.4 18.9 23 45 14.4 20 44.2 69.4 36.4 28.1 15.7 2.9
49.2 31.1 77 55.6 44.4 -8.7 1.7 23.3 75.8 85.2 140.6 42.3 6.7 8.4 27.1 29.8 19.9 22.9 26.8 44.3 14.3 20.4 45.4 70.1 38 29.2 15.1 4.5
54.2 39.1 86.6 64.2 50.5 -5.2 5.8 29 82 90.8 145.4 46.3 9.7 12.3 30.9 34.8 24.4 27.5 30.3 44.3 15.9 22.2 47.8 72.8 41.1 31.5 16.4 7
57.7 46.4 95.1 71.9 54.6 -3.4 8.4 33 86.4 94.5 148 48 11.3 14.2 33.6 37.8 26.8 30 31.4 44.7 18.2 24.7 50.5 76.2 44 33.6 19 9.5
57.9 51.2 98.1 74.7 54.8 -3.7 8.3 33.7 87.1 94.8 147.6 47.2 11.5 13.9 34.1 37.6 26.8 29.4 30.3 46.1 20.7 27.2 52.5 78.7 46 35.1 21.7 11.5
55.9 51.1 96 72.7 52.8 -5.1 6.9 32.1 85.4 92.7 145.6 45.5 11.3 13.1 33.1 35.9 25.6 27.5 29.3 48.1 22.8 29.1 53.4 80 46.7 36 23.3 12.8
55.2 49.9 94.9 71.6 52.3 -5.9 6.3 31.2 84.4 91.5 144.7 44.6 11 13.1 32.1 34.7 24.7 26.4 28.7 48.4 22.9 28.6 52.1 79.3 45.3 35.2 22.6 12.3
