42.9 -25.9 32.1 26.2 21 -2.1 -7.7 -13.8 44.9 53.7 112.2 2.3 -7.1 -15.6 2.5 1.9 -9.2 -3.3 13.8 48.6 9.9 9.1 9.6 50.7 22.3 23.2 18.9 8.7
48.7 -20.3 38.5 31.4 25.6 1.2 -3.5 -9.3 49 57.7 113.8 -0.1 -4.1 -11.8 6.6 5.6 -6.1 -0.4 16.9 49.1 11.1 10.6 11.5 52.2 24 24.5 16.5 7.7
56.6 -13.1 48.6 39.9 30.8 5.4 2.9 -2.6 55.4 63.2 117.1 0.6 -0.4 -6.9 11.8 11.2 -1.7 4.1 20.8 48.7 11.7 11.8 13.5 54 26 26.4 14.1 7
64 -4 59.8 49.7 35.6 8.6 8.9 3.7 62.1 68.6 121.4 4.3 2.5 -2.6 16.3 16.5 2.4 8.4 23.6 47.8 12.3 13.1 15.1 55.7 28 28.3 12.9 7.4
67.1 3.3 66.4 55.6 37.4 9.2 11.8 6.7 66.1 71.6 124.1 7.8 3.6 -0.8 18.2 19 4.5 10.5 24.4 47.8 13.7 14.9 16.5 57.6 30 29.9 13.2 8.8
64.6 4.1 65.7 54.3 35.3 6.6 10.2 5.8 65.8 71.4 124 8.7 1.9 -2.1 17.2 18.3 4 10.1 23.8 48.8 15.6 16.8 17.8 59.6 32.5 31.8 13.6 10.3
60.7 1.3 63 51.3 33 2.9 7.3 3.8 64.1 70 122.9 8.6 -0.9 -4.5 15.2 16.5 2.8 9.3 23.6 49.6 16.7 17.8 18.9 61.4 34.7 33.6 12.6 10.6
60.2 2.1 64 52.4 34.1 2 7.1 3.8 64.6 70.1 123.2 9.4 -2.2 -5.5 15 16.1 3 9.9 24.5 48.7 16 17.2 19.2 61.8 35.3 34.2 9.8 9.2
63.8 8.2 69.7 57.9 38.3 5.1 10.2 6.9 67.7 72.3 125.4 11.3 -1 -4.2 16.9 17.8 4.8 12.1 26.2 46.2 14.1 15.6 18.9 61.1 35 33.8 6.8 7.1
68.4 13.4 75.9 63.7 42.7 10 14.2 11.1 71.4 75.6 128.7 13.6 1.2 -1.8 19.4 20.1 7.1 14.9 27.9 43.8 12.8 14.9 18.8 60.6 34.9 33.5 5.1 5.9
69.6 12.4 76.4 64.3 43.9 12.4 15.5 12.6 72.1 76.9 130.6 15 1.9 -1.3 19.8 20.6 7.8 16.3 28.6 42.7 12.3 15.1 18.4 60.6 35.1 33.7 4.2 5.3
66.4 7.9 70.9 59.5 41.6 10.5 13.2 10.2 68.9 75.2 130.2 14.6 0.3 -3.7 17.4 18.4 6.4 15.4 27.9 42.8 12 15 17.7 60.7 34.9 34.1 3.2 4.6
60.7 2.9 62.3 52 37.7 6.1 8.9 5.5 63.6 71.8 128.3 12.9 -2.3 -7.1 13.8 15 4 13.4 26.8 44 12.2 15.1 18 61.4 35.4 35 2.9 4.8
54.9 -3.4 53 44.3 33.8 2.4 5.2 0.7 58.6 68.3 126.2 11 -4.3 -9.5 11 11.9 2 11.5 26.4 45.8 12.8 15.5 19 62.5 36.6 36.3 3.9 6.1
52.3 -8.6 48.1 40.9 32.6 1.4 4.1 -1.5 57 67.3 125.6 10.7 -4.3 -9.6 10.7 11.2 1.5 11.4 26.9 46.8 12.6 15.2 19.2 62.9 36.9 36.5 4.3 6.3
54.2 -7.8 50.2 44.1 35.2 3.2 5.7 0.1 59.4 69.5 127.9 12.8 -2.6 -7.9 12.7 13.2 2.9 13.4 28.6 45.9 11 14.1 18 61.9 35.8 35.2 2.4 4.1
57.3 -3.7 54.1 48.9 38.4 5.8 7.5 2.8 62.3 72 131.2 15.6 -0.6 -6 14.9 15.5 5.1 15.7 30.6 44.7 9.5 13.1 16.8 60.7 34.8 34.2 -0.1 1
57.8 -3.2 54.4 50.1 38.9 7 7.4 3.5 63.1 72.7 132.4 16.9 0.4 -5.3 15.6 16.1 6.6 16.9 32 45.4 10.1 13.7 17.8 61.5 35.9 35.3 -0.6 0
55.1 -8.2 50.4 46.5 36.3 6.4 5.5 2.1 61.3 71.2 130.8 16.4 0.6 -5.3 15.1 15.3 6.7 17 32.8 48.8 13.1 16.5 20.6 64.3 38.9 38.5 1.7 1.6
51.8 -13.2 45.3 41 33 4.7 3.3 0.1 58.6 68.6 128.5 15.3 0.2 -5.5 14.2 14.2 5.7 16.6 32.9 52.6 16.1 19.2 23 66.7 41.6 41.1 4.5 3.5
51.4 -13.7 44.2 38.4 32.1 3.7 2.5 -0.5 57.6 67.4 127.7 15.2 0.2 -4.7 14.2 14.2 5.5 16.6 32.8 54.3 17.5 20.5 23.8 67.4 42.8 41.8 5.7 4.1
54.6 -11.5 48.3 40.8 34.1 4.6 3.5 1 59.4 68.7 129.3 17.3 1.3 -2.9 15.5 15.8 6.9 17.6 33.4 53.4 17.6 20.6 23.7 67.2 42.5 41.2 5.2 3.1
60.1 -7.3 56.1 47.5 38.6 7.5 6.5 4.6 63.6 72.7 132.7 21.7 3.1 -0.7 18 18.8 9.7 19.6 34.6 50.8 17.3 20.4 23.5 67 41.4 39.8 3.7 0.8
65.8 0.7 66.4 57 44.5 11.2 11.3 9.7 69.3 78.3 137 27.1 5.2 1.8 21.5 22.7 12.5 22.2 36 48.7 17.7 21.2 24.3 67.7 40.8 38.7 2.9 -1.3
67.9 8.4 72.7 63.2 47.3 13.2 14.6 12.8 72.9 81.6 139 30.2 6.7 3.9 24.1 25.4 13.6 23.9 36.5 49.4 19.4 23.7 26.4 69.4 41.7 38.7 4.4 -1.6
64.7 8.9 71.1 61.9 44.1 11.2 13.7 11.4 71.5 79.8 136.7 27.3 6.5 4 24.1 24.7 12 22.6 34.9 52.4 22.1 26.8 28.8 70.9 43.3 39.3 6.9 -1.1
59.5 3.7 66 56.5 38.3 7.1 10.3 7.9 67.2 75.4 131.5 19.4 4.7 2.3 22.1 21.7 9 18.9 31.6 54.9 23.9 28 29.3 70.7 43.4 39.3 7.6 -1.9
55.8 0.6 63.7 53.2 34.8 4.4 8.2 6 64 72.2 126.5 10.8 2.7 0.3 20.3 18.8 6.2 14.9 28.2 54.5 23.1 25.8 27.2 68.2 41.1 37.2 5.1 -5.1
54.7 3.7 66.5 54.8 35.7 4.9 9.4 7.4 64.7 72.4 124.5 6.3 2.2 0.4 20.5 18.5 5.4 13 26.2 52.2 21 22.6 24.1 64.9 37.9 33.8 2 -8.9
56.8 8.7 72 59.8 39.4 8.4 13.3 11.2 68.8 75.5 126.3 7.9 4.3 3.2 23.2 21.2 7.1 14.2 26.7 51.2 20.7 22 23.1 63.6 36.7 31.7 1.5 -10.2
59.6 9.6 73.2 61.8 40.7 11.5 15.5 12.7 71 76.7 127.6 11.2 6.3 5.3 25 23.1 8.2 15.2 27.5 51.8 21.3 22.7 23.3 63.4 36.4 30.8 2.8 -10.5
59.6 6.8 67.3 57.6 37 10.8 13.2 9.3 68.1 73.2 124.8 11.2 5.2 3.7 23 20.8 6.1 13 25.6 52.1 20.8 22 22.4 61.9 34.8 29.3 3.2 -11.9
56.3 2.3 58 49.5 31.1 8 8.7 4 62.2 67.6 119.9 7.6 2.5 0.2 18.8 16 2 8.9 22.2 52.6 20.1 21 21.2 60.3 32.5 27.6 3.4 -13.7
52.4 -3.8 49.2 41.2 26.8 6.2 5.6 0.6 57.1 63.8 116.9 4.1 1.6 -1.8 15.7 12.2 -0.9 5.8 20 54.5 21.1 21.3 20.7 60 31.5 26.9 5.2 -13.6
51.5 -8.5 45.5 37.8 26.8 7.2 6.1 0.9 55.9 63.7 117.6 3.7 3.3 -0.9 15.7 12.1 -0.9 5.2 19.9 56.6 22.7 22 20.7 60.2 31.4 26.5 7.6 -12.4
54.7 -7.6 48 40.5 30.7 10 9.5 3.8 58.3 66.5 121 6.4 5.4 1.7 18.5 14.6 1.1 6.6 20.9 57 22.6 21.5 20 59.2 30.3 25.1 8.5 -12
58.7 -3.9 51.2 44.1 33.9 12.2 12.6 6.2 61.3 69.3 124 10.4 5.9 3.8 21.2 16.8 2.9 8.3 21.3 56.5 21.1 20.4 18.7 57.5 28.5 23.3 8.4 -12.6
60.3 -3.8 50.8 44.4 33.5 12.5 13.5 6.3 62.4 69.9 125.1 15.4 5.4 4.5 22.1 17.4 3.5 9.1 20.8 57.6 21.2 21 18.9 57.8 28.6 23.3 10.1 -11.7
58.7 -8.8 46.9 41.3 31.3 11.7 12.6 4.5 61.1 68.2 125 21.5 5.5 4.2 21 17 2.9 9 19.6 60.5 23.7 23.3 20.6 60.4 30.9 25.3 13.9 -8.7
55 -13.5 42.4 37.4 32 11 10.8 1.8 58.8 66.3 125.4 26.9 5.8 2.9 18.9 15.7 1.9 8.3 18.3 63.1 26 25 22.1 62.4 32.9 27.2 17.1 -6.2
53.5 -12.4 42.8 37.9 39.3 12 11 1.6 59.1 68.3 129 30.2 6.5 2.8 18.5 15.6 2.8 9.2 18.7 64.4 26.8 25.5 23.1 63.3 33.9 28.3 18.4 -5.1
56.8 -7.1 49.4 44.5 50.3 15.5 14.9 5.6 63.2 74.3 134.8 30.9 9.2 5.8 21.6 18.7 6.2 12.2 21.5 65.8 27.8 26.3 24.8 64.5 35 29.5 19.3 -3.6
63.2 -0.3 59.6 54.5 58.5 20.4 20.7 12 69.3 80.5 139 29 13.6 10.6 26.4 23.8 10.1 15.4 24.7 67.4 29.5 27.5 26.8 66 35.8 30.3 21.1 -0.9
69.5 7.6 70.6 64.6 60.6 24.1 25.6 17.5 74.9 84 139.9 26.2 17.4 14.4 30.3 28.1 12.6 17.1 26.5 67.8 30.7 28.5 28.3 67 36.1 30.3 23.4 2
72.3 13 76.9 69.9 57.5 23.3 27.1 19.5 77.4 84.2 138.3 23 18.2 15.1 31.6 29.3 12.9 17.1 26.6 67 31.5 29.8 29.7 68.2 37 30.7 25.7 5
71.2 11.7 75.5 68.4 52.6 16.3 23.7 17.1 75.5 81.4 134.8 18.1 15 12.1 29.5 27 10.7 14.9 25.1 65.5 31.4 31.1 30.7 69.9 38.5 31.7 28.1 7.8
69.3 6.9 70.9 63.6 49.1 7.2 17.7 12.6 71.3 77.5 130.6 12 9.4 7.3 25.5 22.7 7.5 11.3 22.8 62.9 29.7 30.8 30.3 70.2 38.8 31.9 29.8 9.5
68.6 5.9 68.8 60.8 48.2 2.3 14.6 10.3 68.7 75.2 127.7 7.5 4.7 3.9 22.5 19.7 5.2 8.5 21.3 59.3 26.7 28.5 28.1 68.2 37 30.4 30 9.6
69.1 10.5 71.7 62.7 49.2 3.6 17.1 11.8 69.6 75.6 127.1 6.2 2.8 3.8 22.1 19.8 4.9 7.7 21.2 56.4 24.1 26 25.7 65.5 34.5 28.2 29.2 8.8
69.9 15.6 77.2 67.4 50.4 8.4 22.1 15.2 72.3 77.6 128.4 8.4 3.7 5.8 23.8 21.8 6.1 8.4 22.2 55.3 23.5 25.1 24.7 64.2 33.5 27.1 29.1 8.7
68.2 15.7 78.8 68.6 49.1 11.6 23.8 15.9 72.9 77.9 128.9 11 5.1 6.7 24.7 22.4 6.5 8.5 22.5 55.6 23.8 25.3 24.9 64.1 33.5 26.9 30.2 9.7
63.5 11.6 73.5 63.7 44.9 10.4 20.4 12.5 69.6 74.7 126.4 10.9 4.7 4.9 22.9 19.9 4.4 6.4 21 56.2 23.5 25.1 24.9 63.6 33 26.2 31.7 10.9
58.6 5.8 64.2 55.6 40.1 6.7 14.5 7.1 64.3 70 122.1 7.4 3.3 1.8 19.7 15.9 0.6 3 18.3 57.8 23.7 24.8 24.9 63.1 32.3 25.8 33.3 12.4
55.7 -1.2 54.9 48 36.3 3.7 9.4 2.6 59.5 65.9 118.2 2.9 3 -0.6 16.8 12.6 -2.8 -0.1 16 60.4 24.7 24.6 25.1 62.7 31.8 25.9 34.8 14
56.3 -5.7 51 45 34.8 3.8 7.7 1.4 58 64.1 116.5 0.9 4.8 -0.8 16 11.8 -4.1 -1.5 14.9 62.4 25.5 24.1 25 62.1 31.1 25.8 35.9 15
60.8 -3 54.4 47.8 37.1 8.2 10.8 4.6 61.1 66.1 118.5 3.9 8.7 2.2 18.5 14.3 -1.9 0.4 16.3 63.5 26.1 24.3 24.9 62.1 30.9 25.9 37.4 16.6
65.6 3 59.6 52.1 40.8 13.8 15.2 8.8 65.3 70 122 9.1 12.4 6.4 22.5 18.2 1.9 3.8 19.1 64.9 27.2 25.8 25.6 63.4 32.1 27 40.5 19.6
66.1 3.1 59.8 52.1 41.9 15.6 16.1 9.8 66 71.4 122.8 11.3 13 8.4 23.9 20 3.8 5.4 20.8 66.8 28.9 28.1 27.1 65.5 34.5 28.9 44.7 23.5
61.7 -4.7 53.4 46.6 38.4 12.9 12.6 6.5 62.1 68.6 120 9 10.2 7 21.8 18 2.2 4 20.2 68.2 29.8 29.5 28.2 67 36.2 30.5 47.8 26.6
55.8 -12.2 45.2 39.6 33.1 8.3 7.7 1.2 56.9 63.7 115.7 4.9 6.3 3.5 18 13.9 -1.1 0.9 18.3 68.5 29.2 28.8 28 66.9 36.1 30.8 47.5 27.2
53.7 -12.7 43.1 37.7 31.1 6.7 6.2 -1 55.4 61.7 114.1 3.7 5.3 1.8 16.4 12.4 -2.4 0.1 17.8 68.7 29.1 28.1 28 67 36.2 31.2 45.7 27.3
56.5 -8.6 48.2 41.8 33.8 9.7 9.6 1.8 58.9 64.5 116.8 6.5 8.4 3.8 18.6 15 0.1 2.9 20.3 69.3 30.4 29.2 29.7 68.4 37.5 32.6 46.2 29.2
61.9 -3.7 56.9 49.1 38.6 14.2 14.6 7.1 63.9 69.8 121.5 10.3 12.2 7 21.9 18.7 3.7 6.8 23.1 68.7 30.7 30 30.8 69.2 38.4 33.5 47.6 31.1
67.2 2.3 66.2 57 43 16.8 18.1 11.9 68 74.5 125.6 12.8 13.9 9 24.4 21.5 6.4 9.4 24.7 66.8 29.7 30.1 30.6 69.1 38.5 33.3 47.1 31.4
69.3 7.4 71.3 61.6 44.7 17.1 18.9 13.6 70 76.7 127.4 13.7 13.7 9.6 25.3 22.6 7.6 10.6 25.4 66.2 29.7 30.9 31 70 39.7 34.3 45.5 31.6
66.2 7.2 70.1 61 42.5 15.2 17 11.2 69.2 75.2 126.1 13.1 12.4 8.8 24.3 21.7 7.3 10.4 25.3 67.4 31.6 32.9 32.7 72.4 42.4 36.9 45.2 32.9
61.5 3.6 66.9 58.7 39 12.7 14.2 7.6 67.3 72.2 123.4 11.9 11.2 7.1 22.4 19.9 6.2 9.2 24 68.5 33.4 34.6 34 74.5 44.7 39.2 46.1 34.4
59.6 2.9 66.7 58.4 37.6 11.3 12.7 6.3 66.3 70.6 121.5 11.2 10.5 5.5 21 18.4 5.3 7.9 22.6 67.5 32.5 33.8 32.9 73.9 44.2 39 45.8 33.9
62 7.7 70.6 60.9 39.8 11.7 13.8 8 67 71.7 121.8 11.7 10.7 4.8 20.9 18.2 5.3 7.4 22 64.7 29.1 30.5 29.9 71.4 41.7 36.7 44 32
66.9 13.1 76.1 65 44.3 13.9 16.8 11.4 69.5 74.9 124.7 14.5 12.1 5.7 22.5 19.9 6.9 9 23.3 62.4 26.4 27.9 27.8 70.2 40.2 35.3 42.5 30.8
69.6 13.8 77.4 66.3 47.2 16.1 18.2 13.1 70.9 76.9 127.7 18.6 13.2 6.8 23.6 21.5 8.3 11.4 25.2 62.2 25.8 27.4 27.5 71 40.6 35.7 42.5 31
67.9 10.4 72.4 62.7 46.1 16 15.6 11.1 68.9 75.8 127.7 20.3 12.4 5.9 22.2 20.5 7.4 12 25.9 62.7 26 27.8 28 71.9 41.4 36.4 43.4 31.9
62.5 4.8 63.2 55.1 41.6 13.4 11 6.3 64.2 72.2 124.7 17.3 9.9 3.4 18.9 17 5 10.2 25.1 63.8 26.4 27.8 28.6 72 42.2 37.2 44.8 33
56 -2.7 53.1 46.6 36 10.4 6.8 1 58.9 68 120.8 11.2 7.3 0.5 15.3 13.1 2.4 7.5 23.8 64.9 26.3 27.2 28.7 71.4 42.4 38 45.8 33.6
52.5 -8.5 47.4 42.4 32.6 9.3 4.7 -1.9 55.9 65.4 118.5 6.6 6.1 -1.3 13.2 11 0.9 5.7 22.7 64.3 24.7 25.2 27.1 69.5 40.9 37.4 45 32.2
53.5 -9.1 48.1 43.8 33.4 11.3 5 -1.5 56 65.6 119 6.4 6.7 -1.6 13 11.1 0.6 5.6 22.1 61.5 21.3 22.1 23.7 66 37.6 34.7 41.8 28.6
55.5 -6.8 50.5 46.1 36.4 14.4 6.4 0 56.9 66.8 121 8.8 8.2 -0.9 13.6 12.1 0.9 6.5 22.1 58.8 18.2 19.4 20.5 63 34.9 31.9 38.7 25.1
55.1 -7.1 50.3 45.8 38.3 16.4 7.6 0.2 56.7 67.1 122.1 10.7 9.4 -0.1 14.1 12.6 1.4 7.5 22.5 59.1 17.9 19.5 20.3 63.2 35.3 32.1 38.7 24.9
52.3 -11.7 46.8 42.7 37.4 16.8 7.8 -1.1 55.4 66.4 121.6 10.9 9.9 0.4 14.3 12.3 1.7 8.1 23.4 62.7 20.8 22.3 23.1 66.3 38.4 35 41.6 27.6
49.9 -16.1 42.4 39.1 34.7 16.4 7 -3.1 53.6 65.3 120.5 10.6 10.4 0.3 14 11.8 1.5 8 24.4 66.8 24 24.9 25.8 69.2 40.9 38.1 44.2 30.1
50.6 -15.4 42.3 39.2 34 17.2 7.5 -3 54.1 65.9 121.7 12.6 12 0.9 14.5 12.2 2.2 8.9 26.2 68.7 25.7 26.1 27 70.6 42.3 39.8 45.2 31.2
54.4 -11.2 47.8 44.1 37 19.7 10.5 0 57.6 69 125.9 17.8 14.1 2.9 16.5 14.2 4.6 11.6 28.6 68.1 25.7 26.2 27.1 70.8 43.1 40.6 45.1 31.6
59.2 -5.4 56.2 51.7 41.7 22.1 14.7 4.1 62.3 72.8 130.5 22.8 15.1 5.4 19.1 16.8 7.5 14.8 30.5 66 24.5 25.3 26.1 69.8 42.9 40.2 43.9 30.8
63.8 1.5 65.1 59.3 45.9 22.7 18.2 7.4 66.1 75.7 132.3 23.4 14.5 6.6 20.8 18.4 9 16.5 30.7 64 23.1 23.9 24.7 68.5 41.8 38.7 42.2 28.9
64.9 5.1 69.1 62.2 46.7 19.7 18 7.6 66 75.2 129.7 17.3 12 5.1 19.7 17.2 7.5 15.2 29 63.1 22.7 22.9 23.2 67.6 40.6 37.3 40.8 26.6
60.9 2.1 65.8 58.5 43.4 13.5 13.6 3.7 61.6 71 124.2 8.5 7.7 1.1 15.6 13.1 3 11.4 25.8 62.6 22.4 22.1 21.8 66.8 39.7 36.7 39.4 24.8
56.4 -3 61.1 53.6 39.6 8.5 9.1 -0.8 57.3 67.1 120.6 3.4 4.2 -2.9 11.5 9 -1.1 8.3 23.4 61.5 21.4 21.3 21 66.2 39.2 36.7 37.5 23.3
56.4 -2.8 60.7 52.1 38.8 8 8.3 -2 56.6 66.4 120.9 4.2 3.5 -4.7 10.1 7.5 -2.2 7.8 22.9 59.1 19.4 19.4 20 65.2 38.2 36.5 34.4 21.2
60.3 3.3 64.9 54.7 40.7 11.1 10.9 0.2 59.1 68.3 123.3 7.8 5.3 -4 11.3 8.5 -0.9 9.3 23.4 55.5 17.2 16.9 18.1 63.3 36.6 35.2 30.5 18.3
64.6 8.9 70.5 59.3 43.1 15.2 14.6 3.8 62.8 71 125.8 12.1 8.4 -1.3 13.8 10.9 1.1 11.4 24.4 52.8 16.4 15.8 17.1 62.3 35.7 34.2 27.7 16.3
65.7 8.5 71.4 60.6 42.7 17.2 15.4 4.9 63.8 71.5 126.2 14.4 10 0.3 14.8 12.2 1.8 12.3 24.6 51.9 16.4 16.1 17.1 62.1 35.8 33.9 26.6 15.7
61.4 4 65.3 55.7 38.4 15.1 12 1.3 60.1 68 123.3 12.2 8.1 -1.5 12.7 10.2 -0.6 10.1 22.6 51.8 15.7 16 16.7 61.3 35.2 33.1 26.2 15.8
52.2 -2.3 54.8 46.7 32.8 10.5 6.9 -4.6 53.5 62.2 118.5 6.4 4.2 -5.6 8.8 5.9 -4.8 6 20 52.5 14.9 15.4 16.1 59.9 34.3 32.5 26.5 16.1
42.7 -9.8 44.5 37.6 28.1 6.7 3.5 -9.2 47.3 57.3 114.2 0.4 1.6 -8.6 5.7 2 -8.2 2.8 18.8 54.1 14.8 14.8 15.8 58.9 33.9 32.9 27.3 16.8
40.4 -14.1 39.9 33.8 26.5 6.6 3.6 -9.7 45.2 56 112.2 -2 2.1 -8.2 5.3 0.8 -8.7 2.2 19.5 55.1 15.2 14.3 15.5 58.1 33.4 33.4 27.8 17.3
46.9 -11.5 42.6 36.4 27.4 9.7 6.3 -6.5 47.4 58.1 113 -0.2 5.1 -5.3 7.6 2.7 -6.9 3.5 20.9 55 15.4 13.6 14.5 57 32.1 32.6 27.3 16.7
54.8 -7 46 39.7 27.5 12.1 8 -3.6 49.7 59.7 114.3 3.1 6.9 -3.5 9.3 4.4 -5.3 4 20.8 53.8 14.6 12 12.9 55.7 30 30.5 25.4 14.6
56.9 -8.4 44.7 38.3 24.6 10.7 6.8 -4.5 48.6 58.2 113.4 5.1 5 -5.2 8.2 3.4 -6.3 2.2 18.6 52.3 13.4 10.2 11.6 54.7 28.4 28.5 23.3 13
52.5 -16.1 38.2 32 19.4 5.6 2.9 -9.1 44.4 53.7 109.7 4.6 1.1 -9 4.8 0.4 -9.7 -1.3 15.4 51.5 12.2 9.2 11.1 54.2 28 27.6 22.3 13.1
45.8 -23.7 30 23.9 13.8 -0.8 -2.2 -14.9 39.4 48.4 104.6 1.7 -2.8 -12.6 0.8 -3.1 -13.9 -5.4 12 50.8 10.7 8.4 10.2 53.3 27.2 26.6 21.7 13.3
42.5 -25.1 27.1 20.6 11.4 -3.9 -4.9 -17.5 37.5 45.9 101.6 -1 -4.6 -13.9 -0.9 -4.7 -16 -7.6 9.7 49.9 9.7 8 9.2 52.4 26 25.4 20.7 12.7
44.9 -21.5 31.9 24.7 14 -0.6 -2.8 -14.9 40.4 48.2 103 -1.2 -3.1 -11.6 1.3 -3.1 -14.2 -6.6 9.2 49.3 10.2 8.4 9.5 52.6 25.3 24.5 19.5 12
50.4 -15.6 41.6 33.4 19.5 6.6 2.5 -9.2 45.9 52.8 106.7 -0.8 -0.2 -8 5.4 0.7 -11 -4.5 9.3 48.3 10.5 8.6 10.1 52.7 24.7 23.3 16.9 10.8
56.1 -8.1 52.2 42.4 24.3 12.6 7.6 -3.7 50.9 57 109.4 -2.1 1.8 -5.4 8.4 4.3 -8.9 -3.5 9 46.6 10.2 8.3 10.3 52 23.6 21.6 13.6 9.3
59.4 -2 58.4 47.3 26.1 14 10 -0.4 53.9 59.1 109.7 -5.3 2.5 -4.2 9.9 6.4 -7.9 -3.5 9 46.6 10.9 9.3 11.3 52.4 23.7 21.5 12.4 9.8
59.1 -1.1 58.5 47.2 24.6 11.1 9.1 -0.3 54.5 58.9 108.5 -8.6 2.4 -4.2 10.1 6.7 -7.5 -3.7 9.6 48.9 13.7 12.3 14.1 54.8 26.2 23.7 14.6 12.9
56.8 -3.8 56.6 45.8 21.3 6.5 6.8 -1.5 54 57.7 107.3 -10.3 1.7 -4.9 9.9 6 -7.7 -3.8 10.1 51.3 16.3 15.2 16.5 57.3 28.9 26.1 17.4 15.7
55.4 -3.9 56.9 46.4 19.4 3.5 6 -1.7 54 57.6 107.1 -9.7 0.9 -5.5 9.8 5.8 -7.8 -3.8 9.7 51.1 16.4 15.4 16.5 57.6 29.2 25.8 17 14.8
56.7 1.3 60.9 51 23.1 4.3 8.3 0.5 56.4 60.3 109.1 -6.2 0.9 -4.8 11 7.3 -6.5 -3 9.1 48.9 14.7 14 15.2 56.5 27.4 23.4 14.2 11.4
60.1 7.5 67.1 57.6 32 8.9 13.2 4.6 61.2 65.4 114 -0.5 2.9 -2.1 14.2 11.2 -3.2 -0.3 10.1 47.7 13.9 14 15.4 56.7 26.9 22.3 12.5 9.6
61.7 8.8 69.1 59.7 37.4 12.7 16 6.6 63.9 68.3 117.5 3.1 4.3 -0.1 16.6 13.8 -0.9 2.1 11.5 48.1 14.1 15.1 16.8 57.6 27.6 22.6 12.7 9.9
58.6 5.5 64.2 54 34.4 11 13.7 3.9 61.1 65.5 115.8 0.6 2.4 -1.7 15.1 12 -2.5 0.8 10.6 48.3 13.6 15 16.8 57.3 27.5 22.4 12.7 10.1
51.8 0 55.3 44.1 29 4.5 8.2 -1.3 55.3 60.3 111.6 -5.2 -1.1 -5.4 11.5 7.9 -5.8 -2.4 8.8 49 13.3 14.9 16.5 57.1 27.5 22.5 13.1 10.1
45.5 -6.4 47.2 36.5 28.6 -1.5 3.4 -5 51.2 57.8 110.2 -7.5 -2.6 -7.9 9 5.4 -7.3 -3.8 8.7 51.1 14.1 16.1 17.1 58.3 28.6 23.9 14.1 10.7
43.6 -10.9 44.1 35.8 32.6 -2.8 1.9 -5.3 51 59.2 112.4 -4.4 -1.7 -8.1 8.9 5.7 -6.7 -2.8 10.2 52.4 14.5 16.3 17.1 58.9 28.4 24.4 13.4 9.8
46.7 -9.6 46.3 40.2 35.7 0.5 3.7 -3.1 53.2 62.2 115.5 0.8 0.1 -6.9 10.1 7.6 -5.7 -1.3 11 51 12.8 14 15.1 56.4 25.7 22.1 9.8 6.4
51.2 -5.3 49.2 43.9 35.1 5.2 6.3 -1.1 55 63.6 116.5 3.1 1.7 -5.7 11.4 9 -4.9 -0.9 10.5 49.3 10.6 11.4 12.8 53.1 22.6 19 6.4 2.8
53.6 -4.9 49.4 43.9 32.4 8.3 7.4 -0.7 55.1 62.9 115.5 2.2 2.7 -4.9 12.1 9.1 -4.5 -1.3 9.9 49.9 10.5 11.6 12.9 52.4 22.2 18.2 6.2 2.3
52.6 -10.4 45.9 40.9 29.6 9.3 6.3 -2.3 53.6 61 113.9 1.3 2.8 -5.1 11.8 8 -4.5 -1.8 10.1 52.4 12.2 13.9 15.1 54.3 24.3 20 7.9 4.2
49.8 -16.3 40.4 36.2 26.5 8.7 3.2 -5.9 50.4 58 111.7 1.3 1.7 -7.1 9.6 5.7 -6.5 -3.4 9.3 53.8 13.3 15 16 55.2 25.2 21.3 8.1 4.5
48.1 -17.4 38.4 34 24.3 8.2 0.8 -8.4 48 55.5 109.4 1.3 0.1 -9.3 6.9 4 -9.2 -5.6 7.3 52.7 12.6 13.8 14.6 53.9 24.1 20.5 5.6 2.2
49.3 -14.8 41.9 36.6 24.3 9.4 1.1 -7.7 48.5 55.4 108 0.6 -0.5 -9.5 6.3 4.1 -10.4 -6.7 6 50.1 10.9 11.7 12.6 51.8 22.1 18.6 2.3 -1
53.2 -10.3 49.4 42.5 26.3 11 3.1 -4.6 51.3 57.3 107.9 -0.7 -0.5 -8.2 7.1 5.1 -10.1 -6.5 5.7 46.6 8.3 8.9 10.3 49.3 19.3 15.9 -1.4 -4.6
58.3 -3.5 58.4 49.3 29.8 10.7 4.7 -0.9 54.8 59.9 109.5 -0.4 -0.9 -7.5 7.8 6 -9.2 -5.8 5.5 42.3 5.3 6.2 7.9 47 16.4 13.1 -5 -8.2
61.1 2.3 63.7 53.1 32.9 7.8 4.3 0.6 56.8 61.7 112.3 3.6 -2.5 -8.3 7.5 5.8 -8.7 -5 5 39.2 3.8 4.8 6.9 46.3 15.3 12 -6.6 -10.2
58.6 2 62.7 51.8 33 3.3 2.6 -1.3 56 61.3 114 8.4 -5 -10.6 6 4.3 -9.5 -4.9 4.4 38.6 4.4 5.5 7.8 47.7 16.6 13.3 -6 -10.1
53.7 -2.1 59.8 49 30.8 -0.3 2 -4 54.2 60 113.7 10 -6.3 -12.7 4.3 2.6 -11 -5.4 3.7 39.1 6.1 6.9 8.9 49.3 18.4 14.9 -5.3 -9.7
51.3 -2.6 60 48.7 29.4 -0.8 3.2 -4.8 53.5 59.9 112.4 6.7 -5.6 -13.4 3.6 1.8 -12.2 -6.1 3.1 38.9 6.6 6.6 8.1 48.6 18.3 14.4 -6.3 -10.9
52.7 2 63.9 51.5 30.2 0.8 4.9 -3.3 54.4 61 111.4 0.2 -4.7 -12.8 4 1.9 -12.4 -6.7 2.8 37.1 5.1 4.3 5.3 45.8 16.1 11.8 -8.4 -13.6
55.9 6.6 68.6 55.3 32.1 2.5 5.7 -1.2 56.7 62.3 111.3 -4.8 -5.5 -11.9 4.7 3 -11.9 -6.6 3.1 34.5 2.6 1.7 2.6 42.9 13.9 9.6 -9.7 -16.1
57.3 6.1 68.3 55.2 30.4 2 3.8 -1.8 56.7 61 110.4 -6.3 -7.9 -12.7 3.8 2.8 -12.5 -7 3.5 32.2 -0.2 -0.7 0.8 40.8 12.3 8 -10.3 -18.1
55 1.7 61.3 49.3 23.2 -1.6 -0.6 -6.2 52.1 56.1 106.7 -7.4 -10.3 -15.8 0.1 -0.6 -15.9 -9.6 2.3 31.7 -2.4 -2.6 -1 38.9 10.4 6.4 -11.1 -20.1
50.8 -4.3 50.8 39.8 14.5 -6 -5.3 -11.8 45.2 49.9 101.4 -10.6 -10.8 -18.9 -4.2 -5.5 -20.2 -13.3 0.5 34.6 -2.3 -3 -1.7 38.1 9.3 5.6 -11 -21
47.2 -11.5 41.6 31 9.9 -8.9 -8.8 -15.6 40 45.9 97.6 -14.4 -9.6 -20.3 -6.7 -8.8 -22.6 -15.5 -0.1 39.7 -0.1 -1.9 -0.9 38.8 10 6.4 -8.7 -19.9
45.5 -16.6 38.2 27.7 12.2 -9.3 -9.8 -16 39 46 97.7 -15.3 -8.4 -19.8 -6.5 -8.7 -21.6 -14.7 1.2 42.8 1.6 -1.3 -0.1 39.7 11 7.7 -6.1 -18.5
45.6 -15.8 40.7 30.7 19.3 -7.5 -8.1 -14.1 41.9 49.4 101.5 -11.7 -7.8 -18.3 -4.1 -5.7 -18.5 -11.4 3.5 41.9 0.7 -2.2 -0.9 39.3 11.1 7.9 -5.2 -18.7
46.1 -12.2 43.3 35 26.2 -5.2 -5.8 -12.3 45.1 52.9 106.4 -6 -8.1 -16.7 -1.8 -2.7 -15.9 -8.4 5.6 39.4 -1.6 -3.4 -2.2 38.3 10.6 7.5 -5 -19.5
45.7 -12.1 42.5 36.3 29.6 -4.2 -5.3 -12 46.2 54.6 109.5 -1.9 -9.6 -16 -1 -1.4 -14.9 -7 6.6 38.5 -2 -2.6 -1.5 39 11.5 8.2 -3 -18.3
42.6 -17.6 37.9 33.4 28.1 -5.5 -7 -14 44.4 53.5 109.4 -1 -12 -16.9 -2 -2.2 -15.6 -7.5 6.3 39.3 -0.3 -0.2 0.9 41 13.4 9.7 0.4 -15.3
36.3 -23.6 31.8 28.3 22.9 -8.7 -9.8 -17.3 40.5 50 106.6 -3.3 -15.3 -19.1 -4.2 -4.6 -18 -9.9 4.8 39.8 1 1.2 2.4 42.1 14.1 10.1 2.7 -13.4
30.9 -23.8 31.1 27.5 19.2 -9.9 -10.2 -17.8 39.2 48.7 105 -5 -17.1 -19.2 -4.1 -5.4 -18.9 -11.1 4.5 40.2 1.8 2.2 3.5 42.7 14.2 10.2 4.1 -12.6
31.1 -18.9 37.9 33.4 20.3 -6.1 -6.3 -13.6 43.4 52 107.1 -2.9 -15.2 -15.2 0.1 -2.3 -15.8 -8.6 7.1 41.5 3.7 4.6 5.3 44.4 15.4 11.4 6.4 -11.3
37.9 -12.5 48.5 41.9 25.3 0.2 -1 -7.3 50 57.5 111.4 1.6 -11 -10.6 5.3 2.5 -11 -4.4 10.3 42.2 5.4 6.5 6.7 46.1 16.7 12.1 8.6 -10.4
46.3 -6.1 58 48.7 32 4.4 1.6 -2.9 54.8 62.2 115.1 6.1 -7.7 -8.7 7.8 5.8 -8.1 -1.7 11.4 40.9 5.4 6.4 6.7 46.2 16.8 11.7 9 -10.9
50.2 -2.5 61.3 50.8 36.9 4.3 0 -2.8 55.8 63.6 116 9.2 -7 -9.5 7.1 6.2 -7.9 -1.5 10.4 39.7 5 5.9 6.7 46.1 17.2 11.7 9.3 -10.9
48.2 -4.6 58.1 48.6 36.4 0.8 -4 -6 53.3 61.5 114.4 10 -8.7 -11.7 4.9 4.6 -9.3 -3 8.4 40.5 6.2 7.3 8.6 47.6 19 13.3 11.5 -8.8
45.2 -8.4 54.9 46 32.1 -3.1 -6.4 -8.3 51 58.9 112.8 9.7 -10.7 -13.3 3.9 3.5 -10.2 -3.9 7.4 42.3 8.4 10.1 12.1 50.6 21.9 15.7 14.6 -5.7
45.9 -6.2 56.9 47 28.9 -3.7 -4.7 -6.9 52.4 59.5 113.9 9.6 -10.5 -12.7 5.4 5.3 -8.5 -2 9.3 44 10 12.4 15.2 53.6 24.4 18.1 17.3 -2.8
50.9 3.4 64.5 53.1 30.9 -0.2 0.4 -1.7 57.9 64.5 118.1 10.8 -7.3 -9.3 9.5 10.6 -3.6 2.8 14.5 45.3 11.3 14.3 17.6 56.9 27.1 20.8 19.9 0.1
56.4 12.6 73.9 61.8 36.6 4.6 6.1 4.5 64.9 71.6 123.2 13.3 -2.9 -4.7 14.6 17.5 2.8 8.8 20.7 46.8 13.4 16.8 20.6 61.1 30.7 24.4 23 3.3
56.6 14 77.2 65.6 39.9 5.3 7.3 6.6 67.7 74.6 124.8 13.9 -0.8 -3 16.8 20.5 5.9 11.3 23.3 47.5 14.7 18.4 22.6 63.7 32.9 26.3 25.2 4.8
50.5 8.6 71.1 60.7 37.1 -0.6 1.9 2.3 63.3 70.4 120.8 10.1 -3.5 -6.5 13.6 16.9 3 8.2 20.7 46.4 13.4 17.2 22 62.8 31.9 25.1 25 3.6
42.2 0.1 59.1 49.7 29.8 -9.9 -6.7 -5.9 55.1 62.3 114.2 4.3 -8.7 -12.6 7.6 9.9 -2.9 2.5 16.4 45.2 11 15 20.1 60.5 29.8 23.1 24 2.3
36.1 -9.7 46.8 38.6 22.3 -17.1 -14 -13.4 47.7 55.7 109.3 0.5 -12.9 -17.5 2.5 4.3 -7.4 -1.3 14.1 45.3 9.6 13.7 18.7 59.1 28.6 22.5 24.2 2.5
34.6 -15.9 40.4 32.9 19.4 -18.7 -17.2 -16.7 44.4 53.5 108.1 0.6 -14.1 -19.5 0.3 2.3 -8.7 -1.8 13.8 45.3 8.5 12.9 17.4 58.2 27.8 22.2 24.2 2.6
37.2 -14.6 40.9 33.7 22.6 -15.3 -15.9 -15.8 45.4 55.1 110.2 3.7 -12.4 -18.5 1.1 3.7 -7.2 -0.1 14.2 44.2 6.5 11.3 15.4 56.9 26.4 20.7 22.9 1.2
41 -9.5 43.8 37.3 28.1 -9.4 -12 -12.7 48.2 58.2 113.2 6.9 -9 -15.7 3.5 6.6 -4.4 2.3 15.4 44.2 5.8 10.6 14.6 56.5 26 19.8 23.4 1.1
43 -8.6 45.1 39.7 30.3 -3.6 -8.3 -10.3 50.1 60.3 115 8.5 -6.1 -12.9 5.9 8.8 -2.1 4.1 16.7 47.2 8.4 12.6 16.8 58.6 28.2 21.6 27.5 4.7
41.1 -13.9 42.6 37.7 27.1 0 -7.3 -10.8 48.9 59.4 114.5 8.8 -5.3 -12 6.2 8.5 -2.2 4.2 17.1 51.7 12.5 15.9 19.8 61.5 31.5 24.9 32.8 9.7
36.6 -19.4 37.5 32.9 21.7 1.1 -8.7 -13.7 45.4 56.4 113 9 -5.8 -13.1 4.5 6.3 -4.1 3 16.3 55.3 15 17.8 21.2 62.8 33.2 26.9 35.9 12.6
35.2 -19 36.5 31.9 19.6 1 -9.1 -14.8 44.1 55.1 112.9 9.6 -5.2 -13.3 3.9 5.1 -5 2.9 15.9 56.9 15.9 18.3 21.6 63.1 33.5 27.2 36.7 13.4
39.4 -14.9 41.8 36.5 21.6 0.1 -7 -12.5 46.1 56.6 114 8.5 -3.3 -11.8 5.3 5.9 -4.2 3.8 15.9 56 15.5 17.8 21.2 62.7 32.5 26 36.2 13.1
46.2 -10.2 50.2 43 24.7 -2.1 -4.5 -9 49.2 58.9 114.9 5.4 -2.7 -11.1 6.9 7.3 -3.4 3.9 15.3 52.2 13.2 15.6 18.9 60.9 29.8 23.2 34.2 11.4
51.7 -4.3 57.8 48.9 27.7 -4.4 -2.6 -6.1 52.7 61.6 116.2 3.4 -3.7 -11.4 7.8 8.8 -2.9 3.8 14.4 48.2 10.6 13 16.2 59.3 27.4 20.8 31.9 9.5
53.5 0.6 61.5 51.9 30.6 -4.7 -1 -4.5 55.6 64.1 118.2 3.9 -3.9 -11 8.9 10.5 -1.9 4.6 14.6 48.2 11.1 13.5 16.6 60.3 28.4 21.5 32.6 10.4
51.9 0.6 61 51.5 31.8 -3.7 0.2 -3.9 56.6 65.3 119.1 4.7 -2.6 -9.6 10 11.9 -0.8 5.5 15.7 52.8 15.3 17.5 20.8 64 32.6 25.2 36.7 14.9
49.9 -2.3 59.7 50.8 30.7 -2.5 1.1 -3.6 56.1 65.3 118.6 4.9 -1.1 -8.4 10.7 12.6 -0.1 5.6 16.2 57.6 19.6 21.6 25.2 67.5 36.3 28.4 40.6 19.3
50.5 -1.9 60.7 52.1 29.7 -1.3 1.8 -2.8 56 65.9 118.5 5.2 -0.4 -7.8 11.2 13 0.1 5.2 15.4 58.8 20.5 22.4 26 67.7 36.5 28.4 40.6 20.1
54.6 3.9 65.4 56.7 32.3 1.1 3.2 -0.4 58.2 68.4 120.8 7.1 0.8 -6.6 12.7 14 0.9 5.7 14.9 56.9 19 20.8 24 65.5 34.6 26.5 38.5 18.6
59.5 9.9 72.1 62.9 38.2 4.9 5.8 3.2 63 72.5 124.9 10.4 3.8 -3.7 15.4 16.2 3.2 7.9 16.3 55.3 18.5 20.1 23.2 64.7 34 25.7 38.2 18.6
61.1 10.7 74.2 65.1 42.1 7.8 7.1 4.7 66.1 74.5 127.4 12.4 6.6 -1 17.3 17.9 5.3 10 18.3 55.8 19.3 21 24.2 65.8 34.8 26.4 40.3 20.8
57.8 7.7 69.6 61.2 41.2 7.8 5.7 2.8 64.9 72.9 126.4 11.3 7 -0.4 16.8 17.5 5.2 10.2 19.1 58.2 20.6 22.6 25.6 67.4 35.9 27.8 43.1 23.6
51.4 3.2 60.6 53.1 36.4 5.4 2.6 -1.1 60.4 69.2 123.3 8.2 5.9 -1.6 14.9 15.7 3.2 8.8 18.8 61.8 22.9 24.8 27.2 69.3 37.3 29.9 46.2 26.6
45.2 -3.6 50.5 43.8 30.1 2.4 -0.6 -5.1 55 65.2 119.5 4.4 4.9 -3.5 13.2 13.5 0.7 6.6 18.1 64.7 25 26.6 28.3 70.7 38.4 31.6 49.1 29.3
43.4 -9.5 44.8 38.6 26.4 1.3 -2 -6.6 52.3 63.3 117.2 1.9 4.7 -4.5 12.9 12.1 -0.4 5.1 17.4 64.7 25.1 26.4 28 70 37.7 31.4 49.7 30
46.4 -10.3 45.4 39.4 27.5 2.8 -1.1 -5.2 53.4 64.2 117.4 2.2 5.2 -3.7 14.2 12.7 0.6 5.3 17.3 62.1 22.7 23.9 25.8 67.4 35.1 29.2 47 28
49.3 -8.4 47.3 41.5 30.1 4.5 -0.1 -4 54.8 65.5 118.2 3.7 5.1 -2.9 14.7 13.7 1.6 5.7 17.4 58.9 19.6 21.1 23.2 64.6 32.3 26.7 42.8 25.1
48.5 -9.8 46.2 40.6 30.1 4.2 -1 -5.2 53.7 64.9 117.5 4.3 3.6 -3.5 13.5 13.5 1.1 5.1 17 57.5 18.1 20.3 22.5 64.4 31.9 26.2 41 24.6
44.6 -15.5 41.5 36.4 26.8 2.3 -3.2 -7.9 50.4 62.7 115.5 3.4 2.1 -4.9 11.6 12.4 -0.1 4.1 16.4 59.3 19.3 22.2 24.5 66.8 34.1 28.5 43.5 27.7
40 -20.8 35.6 30.8 22 -0.1 -5.8 -10.6 46.8 59.6 112.8 1.1 1.6 -5.8 10.1 10.9 -1.2 3.1 15.6 62.5 21.5 24.4 26.9 69.2 36.8 31.3 47.7 32
39 -21.1 34 28.8 20.1 -1.3 -6.1 -10.8 46.4 58.5 111.8 -0.5 2.8 -4.9 10.5 10.6 -0.6 3.2 15.7 64.8 23.7 26 28.4 70.9 39 33.2 50.7 35.5
42.8 -17.5 39.1 32.7 22.8 0.6 -2.7 -7.5 49.9 61.3 113.9 1.3 6.4 -1.6 13.8 13.2 2.4 5.5 17.8 66 25.6 27.5 29.8 72.7 41 34.7 52.9 38.2
48.9 -12.2 47.7 40.4 27.6 4.6 2.1 -3 54.5 65.3 117.3 5.1 10.5 1.9 17.5 16.7 5.4 8.3 20.2 65.7 26.1 27.9 30.3 73.2 41.4 35.1 53.4 39.1
53.2 -6.1 55.4 47.3 31.2 7.7 5.1 0 57.4 67.4 118.9 7.3 12.3 3.1 19 18.6 6.2 9.4 20.4 63.6 24.8 26.8 29.1 72.1 39.6 33.6 51.8 38.2
53.1 -2.5 58 49 31.4 8.2 4.8 0.2 57.2 66.5 118.1 6.5 11.7 1.6 17.9 18 4.5 8.5 19.1 62.2 24.2 26.2 28.2 71.2 38.4 32.7 50.7 38
49.3 -4.2 55.3 45.2 29 6.9 2.5 -1.7 54.6 63.9 116 4.4 10.4 -0.5 16 16.1 2.1 6.9 17.9 63.5 25.9 27.6 29.5 72.6 40.3 34.6 52.4 40.3
46.3 -7.7 52.5 41.8 28.2 6.5 1.1 -2.9 52.9 62.5 115.4 4.2 10.5 -0.8 15.7 14.9 1.7 6.5 17.5 66.2 28.8 30.2 32.1 75.3 43.8 37.7 56 43.8
47.2 -7.1 53.4 42.9 31.9 8.1 2.4 -2 54.1 64.2 117.9 7.2 12.3 0.8 17.1 15.3 3.4 7.4 17.7 67.9 30 31.5 33.2 76.1 45.4 38.9 58.3 45.6
51 -2.4 57.7 47.2 38.9 10.6 5.2 0.2 57.1 67.4 121.6 11.6 14.3 2.6 18.5 16.5 5.7 8.7 17.6 66.9 28.8 30.1 31.4 74.3 43.8 37.3 57.9 44.5
54.5 0.9 61.8 51.3 44.2 12.3 7 1.7 59.3 69.5 124 13.7 15 2.9 18.7 17.5 6.5 9.2 17.3 64.3 26.6 27.4 28.4 71.7 40.9 34.6 55.7 42.4
54.5 -0.9 60.7 50.6 42.6 11.7 5.7 0.2 57.9 67.8 122 10.5 13.1 0.9 16.4 16.4 3.9 7 15.8 61.5 24 24.4 25.3 69.2 38.1 32.3 52.3 40
50.5 -5.6 53.5 44.4 34 9 1.5 -4.5 52.4 62.4 115.4 2.1 8.8 -3.3 12 12.5 -1.4 2.1 12.8 59.9 21.3 21.6 22.8 66.8 35.8 30.4 48.3 37.5
44.3 -11.7 43 35 23.1 5 -3.6 -10 45.4 55.6 107.7 -6.8 3.7 -7.9 7.3 7.5 -6.6 -3.4 9.7 60.2 19.6 20.2 21.5 65.2 34.5 29.3 45.9 36.1
38 -19.6 32.6 25.7 15 0.9 -8 -14.6 39.6 50 102.7 -10.7 -0.4 -11.6 3.8 3.2 -10 -7.2 7.7 61.2 19 19.7 21 64.3 33.6 28.7 45.8 36.1
35.4 -24.7 27.9 21.6 13.1 -1 -9.7 -16.3 37.7 48.1 102.7 -7.2 -1.8 -12.6 2.5 1.5 -10.9 -7.8 7.1 60.7 17.7 18.6 20 63 32 27.6 45.9 35.8
38.1 -22.6 30.4 24.1 16.2 0.7 -7.8 -14.2 40 50.4 106.3 -1.3 0.2 -10.6 4 2.8 -9.3 -5.3 7.9 58.6 15.5 16.5 18 61.1 30.1 26.5 44.6 34.3
42.4 -17.5 34.5 28.2 19.1 3.7 -4.8 -11.1 43 53.3 108.7 -0.6 3.7 -7.7 6.6 5.1 -7.2 -2.5 8.9 57.5 14 15.2 16.6 59.7 29.1 25.9 43.1 32.7
44 -16.7 35.7 29.9 19 5.4 -3.7 -9.7 43.9 53.8 108 -4.5 5.9 -6 8.1 6.4 -6.2 -1.7 9.7 59.1 15.3 16.3 17.4 60.3 29.9 26.9 43.4 33.2
42.8 -21 33.2 28.1 16.7 4.8 -5.1 -10.7 42.8 52.5 106.5 -5.7 6.3 -6.2 8.1 6.4 -6.3 -2.4 10 62.7 18.6 19.2 20.2 62.9 32.4 29.1 45.3 35.6
41.6 -24.5 29.1 24.8 14.7 2.3 -7.8 -13.1 41 51.3 106.3 -2.2 5.7 -7.7 7.4 5.5 -6.9 -3.3 9.6 65.1 20.8 21.2 22.7 64.8 34.3 30.7 46.4 37.2
43.8 -22.5 29.3 25.1 16.1 1.2 -8.4 -13.1 41.7 52.7 108.2 2.7 6.2 -7.9 7.9 5.6 -6.3 -2.8 9.8 65.5 21.5 22 24.1 65.6 35.3 31.8 45.8 37.4
49.4 -17.3 36.2 31.1 21.3 3.9 -4.4 -8.8 46.6 57.4 111.5 4.7 9.1 -5.1 10.9 8.6 -3.6 0 11.8 65.2 22 23 25.1 66 36 33.1 44.8 37.3
55.3 -11.1 46.7 40 27.2 8.6 1.7 -2.7 52.7 62.6 114.4 1.9 12.4 -0.9 14.4 12.7 -0.8 3.1 14.4 64.3 21.9 23.4 24.8 65.9 35.7 33.2 43.3 36.7
58.8 -4.4 56.7 48.1 31.1 11.2 5.9 1.6 57.3 65.7 115.4 -3.9 13.1 1.7 16.4 15.5 0.4 4.2 15.3 62.2 21.1 22.6 23.6 65.2 34.4 31.7 41.3 35.4
57.8 -0.7 60.8 51.4 31.1 10.4 6.4 2.1 58.3 65.5 113.9 -9.8 10.9 1.3 16 15.8 -0.3 2.9 14.2 60.4 21 22.3 23.3 65.2 33.8 30.6 40.6 35.1
53.1 -2.9 58.6 49.4 28.5 7.6 4.6 0 56.5 63.7 111.3 -13.2 8.1 -0.7 14.2 14.4 -1.4 1 12.7 60.8 22.9 24 24.6 66.8 35.3 31.7 41.8 36.3
49.3 -6.3 56.3 47 27.3 6.1 4.2 -0.8 55.7 63.5 111.5 -11.2 7.8 -1.3 13.8 14.1 -0.6 1 12.6 62.7 26 26.9 27.1 69.5 38.3 34.2 43.6 37.8
50.3 -4.2 58.5 47.5 29.6 7.4 6 1.4 58.1 65.9 115 -4.5 10.3 0.5 15.7 15.9 1.9 3 13.8 63.8 27.5 28.6 28.8 71 39.8 35.8 43.7 38
55.9 3.5 64.5 51.2 33.7 10.7 8.3 5.3 62.6 69.6 119.7 3.3 13.1 3 18.7 18.7 4.4 5.6 15 62.6 26.4 27.8 28.8 70.4 39.1 35.4 41.5 36.9
62 10.5 71.2 57 37.7 14.3 10.5 9 67.3 73.6 123.8 9.5 14.6 5.1 21.7 21.7 6.7 8.2 16.1 60.9 24.9 26.7 28.7 69.7 38.4 34.5 39.3 36.1
63.1 11.6 73.1 59.9 39.1 16.1 11.8 9.8 68.8 75.4 125.2 11.4 14 5.5 22.9 23.2 7.5 9.2 16.6 59.9 24.3 26.5 28.8 69.8 38.6 34.1 37.7 35.5
57.4 7.7 67.8 56.4 36.4 14.4 10.5 6.9 65.3 72.7 122 6.2 11.1 3.4 20.8 21.2 5.4 7.1 15.4 59.4 23.6 26.1 27.8 69.2 38.2 33.5 36 33.5
47.5 0.7 57.4 47.8 29.4 9.8 6.4 1.5 58.7 66.5 115 -4.1 7.3 -0.3 16.4 16.2 1 2.6 12.8 59.3 22.5 25.3 26.3 67.8 37.1 32.9 34.7 31.1
38.9 -8 46.7 38.7 20.4 5.9 1.4 -4 52.3 59.8 107.7 -13.3 4.2 -3.4 12.2 11 -3.4 -1.6 10.7 59.6 21.4 24.2 24.8 66.2 35.5 32.2 33.9 29.3
37.8 -13.6 41.7 34.4 15.1 6.1 -1.1 -6.6 49.5 56.7 104.6 -15.5 2.7 -4.8 10.3 8.5 -5.6 -3.1 10.3 58.9 19.7 22 22.7 64.5 33.4 30.8 31.8 26.6
43.6 -12.4 43.2 35.5 16.2 10.5 0.2 -5.7 50.6 58.2 107.4 -10 2.7 -4.5 10.7 9.1 -4.7 -1.4 12.1 56.5 17 18.9 19.8 62.1 30.9 28.4 27.8 22.3
49.4 -8.3 45.5 37.3 21.3 14.7 2.9 -4.1 52.3 61.2 112.7 -2.2 2.9 -3.9 11.7 10.6 -2.8 1 14.3 53.7 14.2 15.9 17.2 59.6 29 26.6 23.7 18.3
50.8 -8.1 44.8 36.6 26.7 14.9 3.7 -4 52.7 62.7 115.8 1.6 2.8 -4.1 12.2 11.2 -2.2 2.2 15.3 52.9 13.3 15.3 16.8 59 29 27.2 21.9 16.8
47.7 -13 40.7 33.2 28.9 10.9 2.3 -5.6 51.2 61.4 114.6 -0.2 2.3 -5.1 11.9 10.3 -3.5 1.4 15.1 54.4 14.9 17 18.4 60.5 30.6 29.4 22.9 17.7
42.6 -17.6 35.7 29.4 26.6 5.5 0.2 -7.8 48.3 58.6 111.1 -4.2 0.8 -7 10.8 8.3 -5.7 -0.6 14.4 56.5 17 18.8 19.8 62 32.1 31.1 24.9 18.6
40.9 -16.8 36.2 31 24.3 3.1 0.3 -7.5 48.3 58.3 110.1 -4.7 0 -7.2 10.9 8.2 -5.7 -0.6 14.8 58.1 18.8 20.4 20.8 63.5 33.4 32 26.9 19
45.3 -12 43.7 38.9 26 5.3 3.6 -3.3 53.1 62.2 113.3 -0.4 1.6 -4.2 13.5 11.5 -2.6 2.5 17.3 59 19.9 21.8 21.8 65 34.6 32.8 28.1 19.2
52.3 -6.1 54.1 48.6 30.3 8.6 7.2 1.9 59.3 66.8 117.4 4.6 3.8 -0.5 16.2 15.4 0.8 5.8 19.1 57.4 18.9 21.3 21.2 64.4 33.9 32 26.4 17.1
57.3 0 62.7 55.8 33.8 8.8 8 5.3 62.7 68.7 119.3 6.4 3.5 -0.1 16.2 16.6 1.5 6.1 18.1 53 15.5 18.1 18.3 61.1 30.9 28.7 21.7 12.1
57.6 3.8 66 57.2 33.9 5.4 5.9 5.4 62.2 67.8 118.6 4.9 0.8 -3 13.6 14.7 -0.4 3.8 15.3 49.2 12.6 15 15.8 58.2 28.8 25.6 17.6 7.7
54.3 2.6 63.9 53.5 31.3 1.5 2.9 2.9 59.4 65.3 116.4 2.2 -2.3 -6.6 10.6 11.4 -3.1 1 12.8 48.7 12.7 14.7 15.6 58.2 29.4 24.8 16.9 6.4
51.7 -0.2 61.7 50.1 30 0.4 2.1 1 57.8 64 115.1 0.7 -3.5 -8 9.7 9.6 -4.3 -0.1 11.9 50.4 15 16.5 17.3 60.3 31.2 25.8 18.4 7
53.2 1.6 63.6 50.9 32.6 3.5 4.7 2.5 59.5 65.7 116.4 1.6 -1.8 -6.2 11.9 11.1 -3 1.6 13.3 52 17.3 18.2 18.5 62.3 32.3 26.8 19.9 7.2
58.4 8.9 69.7 56.5 38.1 8.4 9.5 7.2 64 70.1 119.8 4.4 1.4 -2.7 15.8 14.9 0.4 5.2 15.9 52.6 18.3 19 19 63.4 32.5 26.9 20.1 6.2
64 16 77.2 64 43.7 12.8 14.4 12.8 69.3 74.8 123.8 8.2 4.2 0.7 19.4 19.2 4.4 8.9 18.5 52.4 18.6 19.5 20 64.1 32.8 27.4 20 5.4
65.6 17.2 79.1 66.7 45.1 14.3 16 14.8 70.9 75.9 125.3 10.5 4.3 1.6 19.9 20.5 5.7 10 19.4 51.3 17.6 19.2 20.5 63.8 32.7 27.7 19.7 5
62.1 13.6 73.5 62.1 41.4 12.3 12.9 11.4 67.1 72.2 123 9.8 1 -0.8 17 17.7 3.1 7.6 18.1 49.8 15.9 17.8 19.6 62.3 31.7 27.1 19.3 4
56.4 7.4 63.6 53.3 35.4 8.3 7.4 5.5 61 66.9 118.9 7.2 -2.9 -4.4 13.3 13.1 -1 4.3 16.6 49.5 15.4 17 18.8 61.4 31.5 26.9 19.8 3.1
51.5 -0.4 53.6 44.4 30.1 4.6 2.9 0.4 55.7 62.6 115.5 4.6 -5 -7 10.6 9.3 -4.1 2.2 15.8 50.3 15.6 17.1 18.6 61.5 31.9 27.1 20.8 2.2
49.8 -5.8 48.6 39.8 28.2 2.9 1.4 -1.8 53.5 61 114.5 3.7 -5.2 -8 9.3 7.4 -5.4 1.6 15.3 50 14.1 15.9 17.5 60.6 30.8 25.9 20.2 0.5
51.1 -4.8 49.5 40.2 29.7 3.2 2.3 -1.4 54 61.8 115.6 5.1 -4.6 -7.9 9.1 7.4 -5.1 1.7 14.8 47.1 10.7 12.8 14.5 58 27.6 22.6 17.4 -2.6
51.9 -1.3 50.9 41.3 31.2 4 3.4 -1 54.7 62.2 116.3 6.6 -4.1 -7.8 8.8 7.6 -4.7 1.6 14.6 44 7.6 9.7 11.1 55.2 24.4 19.3 14.7 -5.6
49.7 -2.6 49 40.1 30.3 3.5 2.9 -2.5 53.8 60.8 115 6.2 -4.2 -8.3 8 7 -5.3 0.9 14.5 43.4 7.2 9.3 9.9 54.2 23.6 18.5 14.8 -6.3
44.9 -10 43.4 36.2 26.8 1.4 0 -6.4 50.3 57.3 111.4 2.7 -5.8 -10.3 5.9 4.8 -7.8 -0.9 13.2 44.4 8.3 10.5 10.7 54.1 24.3 19.2 16.1 -5
39.4 -18 35.7 30.2 21.9 -2.2 -5.3 -12.2 44 51.5 106.1 -3.7 -9.5 -14.5 1.5 0.5 -12.5 -5.1 9.3 44.3 7.7 10 10 52.3 22.8 18.4 15.1 -5.8
37.1 -20.2 32.6 27.3 19.8 -4.4 -9.4 -15.9 39.6 47.5 102.3 -9 -12.6 -18.2 -2.1 -3.2 -16.6 -9.6 4.8 42.2 5.4 7.6 7.6 49.3 19.4 16.1 11.9 -9.3
40.7 -16.4 37.9 31.1 23.4 -1.9 -8.8 -13.9 41.3 49 103.3 -8.7 -11.9 -18 -1.6 -2.9 -16.7 -10.4 3.5 40.2 4 5.6 5.8 47.8 17.5 14.3 10.1 -11.7
48.2 -9.2 49 40.4 30.9 3.4 -3.9 -7.4 48 55 108.3 -3.2 -8.7 -14.3 2.2 1 -13.2 -7.6 5.5 39 4.2 4.9 5.3 48 17.9 13.7 10.6 -11.5
55.6 -0.4 60.8 50.5 37.9 7.2 1.8 -0.7 55.3 61.4 114.2 2.9 -5.5 -9.9 6.4 5.8 -9.1 -4 7.7 38.7 5.1 5.5 6.1 49 19.4 13.6 12.1 -9.8
59.3 5.9 67.2 55.9 40.2 6.9 5.2 2.6 59.4 64.7 117.6 5.7 -3.2 -7.3 9.2 9.3 -6.5 -1.8 8.4 40.5 7.3 8.3 8.7 51.3 21.8 15.1 14.7 -7
58.8 6.3 67.4 55.3 37.7 4.1 5.6 2.6 59.7 64.8 117.9 4.9 -1.6 -6.5 10.6 10.4 -5.7 -1.1 7.9 44.3 11 12.8 12.9 55.2 25.3 18.2 18.4 -3.2
57 3.7 66 53.2 34.1 1.9 4.6 1.9 59 64.3 116.7 1.9 -0.7 -6.2 11.3 10.3 -5.5 -1.1 7.1 47.6 14.4 16.7 16.2 59 28 21 21.2 0.1
56.4 4 66.2 52.6 32.6 1.6 3.2 1.9 59.3 64.2 114.9 -1.8 -0.5 -5.9 11.6 10 -5.5 -1.6 6.1 48.1 15.2 17.1 16.3 59.7 27.7 21 21.2 0.6
58 8.9 69.1 54.9 34.5 3.4 2.9 2.8 61 64.9 114 -3.5 -1.4 -5.4 11.8 10.6 -4.9 -1.9 5.2 45.9 13.5 15.1 14.2 57.5 25.3 18.6 19 -0.8
61.8 14.5 74.4 59.9 39.6 7 5.4 5.4 64.3 67.8 116.6 -0.4 -1.5 -3.4 13.4 13.4 -2.6 -0.1 6 44 12.5 14.6 14 56.5 24.6 17.2 18.2 -0.4
64.9 16.3 77.1 62.9 43.6 10.5 8.9 7.8 66.9 70.9 120.6 5.3 -0.4 -1.2 15.8 16.5 0.2 2.8 8.2 44.2 13.3 16.3 16.2 58 26.2 18.1 20.2 2.6
63.6 14 73.3 59.7 41.8 10.2 9.4 7 65.6 70.5 121.4 7.1 -0.3 -1.5 16.1 16.7 0.6 3.5 8.9 45.9 14.6 17.9 18.2 59.8 27.8 19.4 23 5.7
57.9 8.5 63.9 51.2 34.6 6.3 6 2.9 60.8 66.3 117.7 2.8 -1.9 -4.2 13.8 14.1 -2 1.2 7.5 48.6 15.7 19 18.8 60.8 28.5 20.2 25.4 7.8
51.3 1.1 53.6 41.7 26.6 1.8 1.3 -1.7 55.3 61 112.5 -3.9 -4 -7.3 10.7 10.7 -5.3 -2.3 5.4 51.4 16.4 19.5 18.4 61 28.5 20.7 27.2 9.2
48.5 -3.5 48.8 37.5 23.5 0.3 -0.8 -3.5 52.5 58.5 109.7 -7.6 -4.6 -8.5 9.1 8.4 -7.1 -4.4 3.9 52.2 15.5 18.4 17.1 59.9 27.4 19.8 26.6 9
51 -1.7 50.8 39.1 25.9 2.5 0.6 -1.8 53.1 59.6 110.5 -6.3 -3.2 -7.7 9.7 8.2 -6.6 -4 3.4 50.7 12.9 15.7 14.9 57.5 25 17.1 23.2 6.5
54.6 2 53.5 41.4 28.8 5.6 2.8 0.2 54.5 61.5 112.6 -3.3 -1.2 -6.4 10.9 9 -5.4 -2.7 3.7 49 10.5 13.4 13.1 55.6 22.8 14.7 20.2 4.3
55.8 1.2 53 41 28.7 6.7 3.2 0.2 54.8 61.8 113.4 -2.7 0 -5.3 11.7 10 -4.6 -1.9 4.4 49.9 11.1 14.2 13.6 56.3 23 15.2 20.8 5.5
54 -4.5 49.1 37.8 25.4 5.4 1 -1.7 53.4 59.7 111.6 -5.6 0.2 -5 11.9 10.2 -4.7 -2.2 5.2 53 14.1 17.4 16 58.9 25.4 18 24.6 9.3
50.1 -10.1 43.2 32.3 20.1 2 -2.9 -5 50 55.7 107.4 -10.6 -1.1 -6.4 10.5 8.3 -6.2 -4.2 4.8 55.3 16 19.5 17.6 60.4 26.8 19.7 27.3 11.7
47.2 -10.9 40.7 29.3 16.6 -0.5 -4.5 -6.8 47.6 53.3 104.5 -13.8 -3.1 -8.2 9.1 6 -7.7 -5.8 3.7 54.7 15.8 19.6 17.8 60.4 26.9 19.6 27.3 11.4
48.6 -7.1 45.2 32.7 18.2 1 -1.3 -4.4 49.5 55.5 106.3 -12.3 -3 -7.4 10.2 7.1 -6.4 -4.2 4.2 52.9 15.7 19.8 18.3 60.6 27.7 19.5 26.2 11.2
54.3 -0.6 55 41.4 24.2 5.9 5 1.4 55.4 61.6 112.3 -7.7 -0.4 -3.9 13.8 11.9 -2.4 0.4 6.9 51.4 16.3 20.4 19.3 61.4 29.4 20.2 25.1 12
60.8 7.2 65.7 51 30.8 10.5 10.3 7.2 61.7 67.8 118.2 -3.2 2.2 -0.3 17.1 16.8 1.6 4.5 9.6 50.1 16.8 20.8 20.3 62.4 30.6 20.8 23.7 13
62.9 11.9 70.7 55.2 33.1 11.3 11.4 9.2 64.5 70.1 120 -1.2 2.6 0.6 18 18.4 3 5.7 10.3 49.5 17.5 21.6 21.3 63.9 31.4 21.6 23.4 14.4
60 9.7 69 53 30.3 8.7 8.6 7 63.1 68.5 117.5 -1.4 1.2 -0.7 17.1 17 2.1 4.6 9.1 50.8 19.4 23.8 23 66.5 33.2 23.6 25.5 17.2
56.7 4.9 66.6 49.7 26.9 6.1 5.9 4.7 61.5 66.5 114.7 -2 0.5 -1.6 16.3 15.4 1 3.7 7.5 53.1 21.9 26.3 25 69.3 35.7 25.8 28.5 20.3
56.4 4.4 67.3 49.6 26.2 5.5 5.8 4.9 62 66.1 114.2 -2.2 1.2 -1.3 16.7 14.9 1 4 6.7 53.8 22.7 26.9 25.4 69.8 36.2 25.9 29.8 21.2
58.5 9.8 71.6 53.6 28.8 7.3 8.6 7.8 64.8 67.8 116 -2.5 3 0.1 18.5 16.1 2.2 5.2 7.1 52.6 21.9 25.7 24.6 68.4 34.8 24.6 29.5 20.6
61.2 15.7 77.6 59.8 33.5 10.5 12.4 11.8 68.7 71 119 -2.6 5.1 2.6 21.3 19.1 4.8 7.2 8.8 51.7 21.5 25.1 24.3 67.7 34.1 24.1 29.8 20.8
60.9 16.1 78.6 61.4 35.9 11.8 13 12.6 69.8 72.1 119.7 -3.8 5.4 3.2 21.7 20.5 5.8 7.8 9.6 51.4 21.1 24.5 23.6 67.2 33.6 23.9 30.4 21.6
56.5 10.9 71.7 55.3 33.1 8.9 8.6 8 65.4 68.5 116.4 -7.7 2.5 -0.2 17.7 17.3 2.8 4.9 7.1 50.9 19.3 22.6 21.4 65.4 32 22.4 29.5 21.1
50.4 3 60.6 45.2 27.8 3.8 1.9 0.5 58.4 62.6 111.4 -13.1 -1.4 -5.3 12 12.1 -2.2 0.2 3.3 51.3 17.5 21 19.5 63.7 30.6 21.1 28.1 20.2
46 -4.9 50.8 36.8 25.4 0.3 -3.2 -5.3 53 58.6 108.9 -15.7 -3.2 -8.4 8.6 8.6 -5.5 -2.7 1.5 53.5 17.6 21 19.1 63 30.6 21.4 28.2 20.6
45.7 -8.7 47.4 34.8 28.9 0.7 -3.8 -6.3 52.1 58.9 110.6 -13.8 -2.1 -8 8.9 8.4 -5.3 -2.3 2.3 55.7 18.4 21.3 19.3 62.5 30.6 22.1 29.2 21
49.5 -6.1 50 38.1 35.3 4.2 -0.5 -3.1 55.2 62.6 114.7 -9.3 0.8 -5.3 11.5 10.6 -2.6 0.4 4.4 56.2 18.2 20.6 18.6 61.3 29.5 21.7 29.8 20.5
53.7 -1.6 52.6 40.9 38.2 7.7 2.5 0.2 58.2 65.8 117.6 -5.3 3.5 -2.9 14 12.6 -0.1 2.6 6.6 55.7 16.9 19.6 17.7 60.6 28.1 20.8 30.5 20.3
54.1 -2.6 51.3 39.8 34.9 7.8 2 -0.4 58.1 65.4 117.5 -3.9 3.9 -3 14.4 12.8 0.2 3 7.4 55 15.9 19.5 17.9 61 27.7 20.8 31.6 21.6
50 -9.7 46 35.4 27.8 4.5 -1.9 -4.4 54.6 62 115.1 -4 1.5 -5.7 12.3 10.5 -1.9 1.4 6.2 54.3 15.1 19.5 18.5 61.9 28.1 21.5 32.4 23.4
44.1 -16.5 39.5 30 21.1 0.2 -6.9 -9.2 49.7 57.9 112.2 -3.9 -2.6 -9.6 8.7 7.1 -5.1 -1.4 3.8 53.3 14 18.6 18.2 61.9 28.2 21.5 32 23.7
40.6 -17.6 37.8 28.4 18.8 -1.6 -8.9 -11 47.5 56 110.4 -3.6 -5 -11.9 6.6 5.3 -6.5 -3.2 2.3 52.4 13.1 17.5 17.3 61.4 28.4 21.2 30.9 23
41.3 -14.8 42.8 32 20.6 0.4 -6.4 -8.8 49.5 57.2 109.9 -5.7 -4.1 -11.3 7.5 6.3 -5.7 -2.9 2.6 51.2 12.4 16.6 16.5 60.5 28.4 20.9 29.9 22.2
44.8 -10.1 51.2 38.2 22.9 4 -1.9 -5.2 53.2 59.5 109.5 -10.9 -1.4 -9.4 9.4 8.1 -4.8 -2.1 3.6 48.7 10.7 15 15.1 58.6 26.7 19.6 28.2 20.5
49 -3.1 59.6 44.2 24.1 6.5 1.3 -2.1 56.5 61.2 109 -15.7 0.9 -7.8 10.7 10 -4.5 -1.7 4.5 45.9 9.1 13.3 13.7 56.7 24.6 18 26.2 18.7
51.6 3 64 47.9 23.9 7.1 1.6 -1 58.2 61.7 108.6 -17.4 1.6 -7.1 11.1 11.3 -4.2 -1.4 5.2 46 9.9 13.8 14.5 57.6 25.2 18.9 26.4 19.8
51.6 3.4 63.8 48.1 22.2 6.6 -0.4 -1.5 57.8 60.7 107.5 -17.3 0.3 -7.3 10.4 11.5 -4.1 -1.4 5.3 49.2 13.4 17 17.8 61.3 28.5 22.3 29.3 23.9
50.7 0.4 62.6 46.8 20.5 6.7 -2.5 -2.4 57 59.5 106 -16.9 -1.5 -7.6 9.8 10.7 -4.3 -1.8 4.8 53 16.7 20.6 20.9 64.9 31.7 25.6 32.3 27.8
51.5 1.1 63.8 46.9 21.3 8.4 -1.7 -1.8 57.8 60.1 105.9 -15.6 -1.1 -6.8 10.8 10.9 -3.9 -1.6 5.4 55 18.3 22.5 22 66.3 33 26.8 33.4 29
55.5 7.8 69.1 50.9 26.2 10.8 2.1 1.4 61.5 63.8 109.3 -12 2.4 -4.2 14.1 13.5 -1.6 0.8 8.3 54.9 19.1 23.2 21.9 66.3 33.4 27.4 33.6 29.1
61.1 14.3 76.2 57.6 32.3 11.5 5.7 5.8 66.5 68.6 114.4 -7 5.7 -1.4 17.5 16.8 1.5 4.3 12 53.2 19.4 23.3 21.8 66.1 34 28.3 33.8 29.2
63 14.3 77.5 60 33.4 7.7 4.2 6.3 67.3 69.6 116.1 -4.6 4.2 -2.1 17 16.8 1.9 5.2 13.3 50.1 17.4 21.5 20.4 64.4 33.1 27.9 33.1 28.3
58.4 9.1 70.5 54.8 28.1 -0.1 -2.1 1.1 62.3 65.3 112.7 -6.4 -2.1 -6.8 12.2 12.6 -1.4 2.1 11.2 47.4 13.4 18.3 18 61.6 30.6 25.8 31.6 26.4
50.2 2 60.1 45.4 20.8 -7.3 -7.4 -5.7 55.8 59.4 108.1 -9.1 -7.2 -11.7 7.7 8.1 -5.3 -1.6 8.8 47.7 11.4 17.3 17.1 60.7 29.9 25.3 32.2 26.5
43 -5.5 51 36.8 16 -10.4 -9.2 -9.8 51.4 55.5 105.7 -9.8 -7.7 -13.7 6.1 6.1 -7.1 -3.1 8.3 50.3 12.4 18.6 17.8 62.1 31.7 27 33.8 28.4
39.9 -10.2 46.8 32.7 14.9 -9.9 -8.6 -10.5 50.1 54.5 105.6 -8.5 -5.4 -13.6 6.3 5.7 -7.3 -3.2 8.4 50.8 12.5 18.1 17.1 61.9 32.1 27.4 31.3 26.8
41.9 -8.5 47.9 33.1 16.6 -7.2 -6.6 -8.8 50.9 55.6 107.1 -6.5 -2.6 -12.3 6.8 6.1 -6.9 -3 8.5 48.3 9.8 14.7 13.9 58.6 29.3 24.8 24.5 21
45.6 -3.4 50.5 35 19 -4 -4.6 -6.6 52.4 57.2 109 -4.8 -0.7 -10.8 7.5 7.2 -6.3 -2.5 9.4 46.5 7.1 12 11.5 55.7 26.5 22.3 19.8 16.5
46 -1.6 51.1 35.6 20.1 -2.1 -3.4 -5.3 53.5 57.7 110.4 -3.8 -0.5 -9.6 8.7 8.4 -5.5 -1.6 11.2 47.8 7.7 12.7 12.2 56.3 26.9 22.7 20.8 17
42.2 -5.6 48.2 33.8 18.6 -2.2 -4.4 -5.9 52.7 56.1 110.1 -4.1 -2.1 -9.4 9.1 8.1 -5.8 -1.4 12.3 50.7 10.4 15.3 14.4 58.7 29.3 24.9 24.4 20
37.8 -10.8 42.4 29.6 14.5 -4.1 -7.2 -8.7 49.2 52 106.6 -6.5 -5.1 -11.1 7 5.6 -7.9 -3.2 11.1 52.5 11.8 16.2 15 59.7 30.3 26 25.7 21.1
38.6 -11.9 40.1 28.1 12.6 -5.2 -8.7 -11 46.7 49.1 103.3 -8.4 -7.7 -13 4.5 3.3 -10 -5.1 9.3 51.8 11.1 15.1 13.7 58.8 29.5 25.5 23.4 19
44.8 -9.3 44.8 32 17.1 -2.8 -7.2 -10.2 48.3 51.1 104.7 -7 -8.1 -13.4 4 3.7 -9.8 -4.5 9.4 48.9 9.2 12.9 11.6 57.6 28.5 24.5 19 15.3
52.4 -4.5 53.9 39.6 26.4 1.7 -4.6 -7 52.8 56.3 109.8 -3.1 -7.1 -12.6 5.2 5.6 -8.2 -2.3 10.9 44.6 6.1 9.5 8.9 55.7 27.1 22.6 13.8 10.9
58.1 2.4 63.7 48.1 35.3 5 -2.7 -3.4 57.7 61.5 115 1 -6.1 -11.5 6.8 7.6 -6.3 0 12.3 40.8 3.2 6.5 7.2 53.9 25.9 21.1 10 7.8
59.6 7 69.5 53.4 38.7 4.8 -1.9 -1.2 60.9 64.3 117.8 3.7 -5.1 -10.1 8.3 9.3 -4.5 1.7 13.3 40.8 3.7 7.3 8.6 54.9 27.1 22.4 10.4 8.2
56.8 5.8 69.4 54.2 36.1 0.8 -2.7 -1.4 61.4 64.1 117.6 4.5 -5 -9.5 9 9.8 -3.8 2.7 13.9 44 7.5 11.2 12.4 58.7 30.6 26.2 14.1 11.4
53 2.3 67.5 53.4 32 -4.4 -4.3 -2.6 60.5 63 116.2 4.3 -6.2 -10.1 8.6 9.4 -4 2.9 13.9 46.3 10.6 14.4 15.4 62.1 33.6 29.3 16.7 13.8
51.7 2.5 67.8 54.1 31.3 -6.9 -5.4 -3.2 60.4 63.3 116 5.3 -8.1 -11.2 7.9 8.8 -4.5 3.1 13.7 45 10 14 15.1 62.1 33.7 29.1 15.2 12.4
53.5 6.8 71.4 57 34.6 -5.6 -4.8 -2.1 61.9 65.1 117.9 8.4 -9.3 -11.9 7.8 9 -4.4 4 14.1 41.3 6.8 10.5 12.3 58.9 31 26.5 10.7 7.8
56.4 10.7 76.7 60.8 39.2 -2.2 -3 0.2 64.4 67.8 121.1 12.6 -9.4 -11.5 8.4 9.9 -3.7 5.3 15 37.8 3.9 7.4 9.6 55.6 27.9 23.7 6.8 3.1
56.3 10.5 77.9 60.7 40.6 -0.5 -2.6 0.6 64.7 68.6 122.9 14.7 -9.3 -11.8 8.1 9.9 -3.7 5.3 15.4 36.4 2.4 5.6 7.7 53.7 25.6 21.9 5.1 0.3
51.8 7 72.2 55.4 37.4 -2 -5.3 -2.4 61.6 66.3 122 14 -9.8 -13.6 6 7.9 -5.3 3.5 14.4 37.4 2.4 5.1 7 53.2 24.9 21.4 5.4 -0.3
45 1.2 62.1 47.4 31.8 -5.5 -9.8 -7.3 56.8 62.1 119.5 13.4 -10.6 -15.9 3.5 5.1 -7.7 1.3 12.6 40.7 4.3 6.2 7.7 54 26 22.2 7.3 1.2
39.1 -6.6 51.8 39.8 27.5 -8.9 -14.1 -12 52.4 58.2 116.9 14.8 -11.6 -17.9 1.1 2.2 -9.9 -0.5 10.2 43.8 6.2 7.6 8.2 54.7 26.7 22.8 8.8 2.7
37.1 -11.5 46.8 36.8 27.4 -10.2 -16.2 -14 50.4 57 115.7 16.7 -12.3 -19.2 -0.4 0.5 -10.8 -1.2 8 44.1 5.3 6.8 6.8 53.3 25.1 21.2 7.9 1.5
39.8 -9.1 48.6 39.2 31.6 -8.5 -14.8 -12.2 51.9 59 116.9 15.4 -10.9 -18.8 0.4 1.4 -9.5 -0.2 8.4 42.4 2.5 4.4 4.5 50.6 22 19 5.6 -1.2
43.7 -4 51.6 42.2 35.5 -6.1 -12.2 -9.4 54.4 61.7 118.4 8.9 -8.5 -17.3 2.4 3.7 -7.3 1.5 11.7 41.5 1 2.9 3.3 48.8 20.1 18.5 5 -2.6
44.4 -4.2 51.2 41.9 35.7 -6.1 -12.1 -9.2 54.7 62.1 118.1 1 -7.7 -16.7 3.1 4.8 -6.6 2.1 15.3 42.3 1.7 3.7 3.9 49.4 20.5 20.2 7.1 -1.6
40.8 -11.4 46.3 37.9 31.5 -9.6 -15.6 -12.8 51.6 59.7 115.9 -2.9 -9.5 -18.3 1.1 3.1 -8.4 0.8 16.2 43.7 2.7 5.1 4.8 50.7 21.8 21.8 9.9 0.2
35.8 -19.1 39.3 31.9 26 -14.6 -20.4 -18.1 46.5 56.1 113.4 -2.6 -13 -21.7 -2.6 -0.9 -11.8 -1.8 14.3 44.4 2.2 4.9 4.6 50.5 22 21.5 11.1 0.7
34.7 -20.2 37.9 30.6 24.6 -16.7 -22 -20 44.8 55.5 113.8 1.3 -14.8 -23.4 -4.3 -2.9 -13.2 -2.4 13.4 44.6 1.8 4.3 4.3 50.1 22 21.2 11.8 1.2
38.7 -15.4 44.8 36.3 28.1 -13.9 -19.1 -16.4 48.6 59.3 117.6 6.4 -13 -21.4 -2.3 -0.6 -11.1 0.1 15.1 44.8 2.4 4.4 4.9 50.9 22.8 22.2 13.1 2.6
45.2 -7.9 55.6 45.8 33 -8.6 -14 -10.4 54.4 64.3 121.8 9.5 -9.5 -17.8 1.1 3.6 -7.8 3.1 17.2 44 2.6 4.2 5 51.2 22.9 22.6 13.7 3.2
50.9 0.1 65.3 54.5 36.8 -3.9 -9.4 -5.4 59.4 68 124.6 10.4 -6.5 -14.9 4.2 7.2 -5.2 5.2 18.4 42.7 2.6 3.9 4.5 50.8 22.5 22 13.5 2.6
52.6 4.1 68.9 57.7 38 -2.6 -7.6 -4.2 61.1 68.9 125.3 10.3 -4.9 -13.8 5.7 8.5 -4.1 5.9 18.7 43.2 3.9 5.1 5 51.3 23.2 22 14.6 2.7
49.3 0.8 65.8 54.6 36.1 -5.4 -9.3 -7 58.9 66.7 123.4 8.6 -5.6 -15.1 4.4 6.8 -5.2 4.7 17.8 45.3 6.1 7.3 6.5 52.9 24.9 23.3 16.8 4.3
44.5 -5.1 61.4 50 32.8 -9.4 -12.3 -10.8 55.2 63.3 120.2 5.8 -7.7 -17.5 1.6 3.3 -7.6 2.4 15.9 46.6 7.4 8.6 7.5 54 26.1 24.3 18.3 6
41.1 -6.7 59.7 47.3 30.5 -11.6 -14 -12.7 52.8 61.1 117.6 3.7 -9.9 -19.3 -0.5 0.3 -9.9 0.1 13.8 45.4 6.4 7.4 5.8 52.9 25.1 23 17.3 5.5
40.6 -2.8 61.7 47.8 30.4 -11.1 -13.6 -12 52.7 60.8 116.6 3.1 -10.6 -19.8 -1 -1 -11.2 -1.5 11.9 42.2 3.4 4.2 2.4 49.6 22 20 14.6 2.7
43.6 1.4 66.5 51.4 32.4 -8.7 -11.8 -9.5 54.5 62.1 117.5 4.3 -9.5 -18.6 -0.1 -0.2 -10.8 -1.1 11.3 39.2 1.1 1.8 0.3 47 19.5 17.9 13 0.8
47 1.3 67.7 53.1 33 -7 -11.4 -8.7 55 62.3 117.8 5.1 -8.8 -17.6 0 0.3 -10.7 -0.5 11.2 37.8 0.1 0.8 -0.5 46.1 18.7 17.3 13.7 0.8
47.1 -2.1 61.7 48.5 29.2 -8.2 -14.1 -11.6 51.5 59.6 115.3 3 -10.1 -19.1 -2.5 -2.2 -13.4 -2.2 10.2 37.9 0 0.4 -1.4 45.7 18.6 17.3 15.2 1.4
43.5 -7.2 51.5 39.9 23.4 -10.5 -17.5 -16.2 45.8 55 111.4 -0.6 -11.6 -21.5 -5.6 -6 -17 -4.9 9.1 40.5 1.4 1.6 -1 46.2 19.7 18.7 18 3.1
39.1 -13.7 42.4 31.9 19.1 -11.3 -19.1 -19.6 41.4 51.2 108.7 -2.3 -11.6 -22.8 -7.2 -8.7 -18.7 -6.4 9.4 44.5 3.6 3.8 0.9 47.7 21.8 21.1 21.5 6.2
37.6 -17.9 38.4 28.6 18.3 -10.1 -18.8 -20.8 39.6 49.9 108.1 -1.3 -10.7 -22.8 -7.4 -9.6 -18.4 -6.3 10.6 46 3.7 3.8 1.4 47.6 22 21.9 22.3 7.3
39.2 -17.1 39.1 29.2 19.7 -7.7 -18 -20.4 39.6 50.2 108.5 -0.1 -10.2 -22.5 -7.7 -9.8 -17.9 -6.3 11.1 42.9 0.3 -0.2 -1.6 44.5 18.9 19.5 18.8 4.2
40 -15.1 39.3 29.6 20.1 -6.3 -18.5 -20.9 38.9 49.6 107.9 -0.6 -11.2 -23.3 -9.2 -11.2 -19.1 -7.8 10 38.2 -4.2 -5.5 -6.2 40 14.4 15.7 14.5 -0.2
37.7 -17.8 36.2 27.7 18.3 -7.6 -21 -23.5 36.3 47 105.2 -2.9 -13.9 -25.8 -12.1 -14.1 -21.8 -10.4 8.2 35.2 -7 -8.8 -9 37.1 11.8 13.9 13 -2
32.5 -24.9 30.2 23 14.3 -11.6 -24.8 -27.7 32.1 42.7 101.1 -6 -17.4 -29.5 -15.7 -17.7 -25.1 -13.3 6.3 34.6 -7.9 -10 -9.6 36.5 11.7 14.5 14.2 -0.8
27.3 -30.9 23.1 16.5 9.5 -15.8 -28.6 -32.2 27.3 37.9 97.2 -8.9 -20.2 -32.9 -19 -21.3 -28.3 -15.9 4.6 35.4 -8.1 -10.4 -9.4 36.9 12.8 15.4 16.4 1.2
26.9 -30.9 22.2 14.1 9.1 -16.4 -28.9 -32.9 26.2 36.7 97.4 -8.8 -19.9 -32.9 -19.1 -21.5 -28.4 -15.5 5.1 37.1 -6.7 -9.1 -8.5 38.8 15.5 17.2 18.9 4.1
32.2 -26 30 19.6 15.1 -12.6 -24.4 -28.2 30.9 41.2 102.6 -4.2 -16.3 -28.6 -15.3 -17.1 -24.7 -11.1 8.7 38.9 -3.8 -6.1 -6.8 42.1 19 20.3 20.8 7.2
38.9 -19.1 41.5 29.4 22.9 -7.6 -18.4 -22.2 37.6 47.4 108.3 1.2 -12.9 -24.2 -11 -12.1 -20.3 -6.4 12.5 38.1 -3.1 -4.9 -6.3 43.7 20.2 21.9 20 7.8
42.7 -12 50.9 38.2 27.6 -5.3 -15 -18.6 42 51.2 110.8 3.7 -12.5 -23.3 -9.2 -9.8 -19 -4.9 13.5 34.8 -5.6 -6.5 -7.6 42.2 18.6 20.8 16.6 5.6
42.4 -8.8 53.7 41.1 27.2 -7.3 -15.7 -19 42 50.9 109.7 2.6 -15 -25.9 -10.8 -10.8 -20.9 -6.7 11.3 32.3 -8.4 -8.6 -8.8 40.3 17 19.3 14.1 3.7
39.3 -11.9 50.6 38.5 23.2 -12.4 -19.4 -22.3 38.8 47.4 106.5 -0.9 -18.5 -30 -14.1 -14 -24 -9.6 7.9 32.1 -8.8 -8.9 -8.6 40.6 17.4 19.7 14.5 4.1
37 -16.3 47.6 35.6 20.2 -16.7 -22.6 -24.9 36.2 44.5 103.9 -3.7 -20.6 -33 -16.3 -16.9 -25.7 -11.3 5.5 33.2 -7.6 -8 -7.7 42.2 18.9 21.2 16.3 6.4
38 -15.4 48.3 36 20.9 -17.4 -23.2 -24.7 36.5 44.4 103.8 -3.9 -20.5 -33.5 -16.2 -17.8 -25.2 -11.4 5.3 34 -7.4 -7.7 -7.7 42.6 19.4 21.5 17.4 8.1
41.9 -9.2 52.9 39.9 24.5 -14.9 -21.2 -21.9 39.5 47 106 -2.3 -18.6 -32.2 -14.5 -16.3 -23.1 -10.1 6.4 33.5 -8.6 -8.4 -8.8 41.5 18.6 20.3 17.5 8.3
47.1 -3.1 59.8 46.1 29.2 -10.7 -17.4 -17.9 44.1 50.7 109.6 0 -15.8 -29.3 -11.7 -13.2 -20.2 -7.7 8.7 33 -9.1 -8.7 -8.9 41 18.3 19.8 18 8.4
49.6 -2 62.2 48.9 31.5 -8.2 -15.5 -16 46 52.6 111.5 0.9 -14 -27.3 -10.2 -11.3 -18.9 -6.2 10.5 33 -8.8 -8.6 -8.3 41.5 18.5 20.4 18.7 8.9
46.8 -5.9 56.1 44.1 28.3 -10.5 -18.3 -19.2 42.3 49.9 108.9 -1.6 -15.8 -29.2 -12.4 -13.7 -21.6 -8.2 9.1 32.4 -9.6 -9.7 -9 40.7 17.4 19.8 17.2 7.6
40.1 -13 44.3 33.6 21.1 -16.1 -23.8 -25.9 34.9 44 103.5 -5.3 -20 -34.3 -17.5 -18.8 -26.7 -12.5 5.2 32.1 -10.9 -11.2 -10.9 38.6 15.5 18 14.2 5
33.6 -21.3 33.2 23.4 14.8 -20.6 -28.4 -31.8 28.5 38.7 99.4 -7.4 -23.2 -38.6 -22 -23 -30.9 -16.3 1.4 32.7 -11.8 -12.1 -12.6 36.7 13.9 16.4 12.3 3.2
30.9 -26.5 27.9 19.1 12.9 -21.7 -30 -33.8 26 36.7 98 -8.2 -23.9 -40.2 -24.4 -25.1 -32.7 -18.5 -1.2 32.1 -13.4 -13.7 -15 34.1 11.3 14 10.9 1.6
32.4 -25.5 28.3 20.4 14.6 -20 -29.3 -32.6 26.5 37.2 97.8 -9.9 -22.6 -39.5 -24.9 -25.9 -33 -19.8 -2.6 29.2 -16.9 -17.3 -18.6 29.9 7.1 9.9 8.4 -1.3
34.3 -22.4 29.5 22.3 17.3 -17.9 -28.7 -31.2 27.1 37.9 97.4 -12.4 -21.4 -38.4 -24.5 -26.5 -33 -20.6 -2.8 26 -20.3 -21 -21.7 26.4 3.2 6 6.2 -4
33.3 -23.3 28.4 21.7 19.9 -16.7 -29.3 -31.8 26.6 37.9 97.4 -13.8 -21.6 -37.9 -24.2 -26.7 -33.2 -20.7 -2.1 25.6 -20.4 -21.9 -21.8 26.3 2.4 5.5 6.5 -4
30 -28.6 24.7 18.5 22.4 -16 -30.6 -34 25 37 98 -13.1 -22.8 -38 -24.3 -26.5 -33.5 -20.2 -1.3 27.7 -18.2 -19.9 -19.5 28.9 4.5 7.6 8.9 -1.5
26.2 -33.5 19.4 14 24.4 -15.4 -31.9 -36.8 22.5 35.6 98.7 -12.5 -24.4 -39.3 -25.2 -26.9 -34 -20.3 -1.8 29.6 -16.8 -17.9 -17.5 30.9 6.3 9.1 10.9 0.4
25.8 -33.5 18.5 13.5 26.6 -14.3 -31.4 -36.9 21.9 36.4 100.4 -11.3 -25.1 -40.1 -25.2 -26.6 -33.7 -20.3 -2.8 29.8 -16.7 -16.6 -16.2 31.8 6.6 8.9 11.2 0.7
30.1 -29.3 25.1 19.8 28.5 -11.8 -27.6 -32.7 25.7 40.6 104 -7.2 -23.7 -38.2 -22.9 -23.8 -31.2 -18.3 -2.4 29.2 -16 -15.4 -15 33 6.6 8.4 10.8 0.2
36.9 -22.6 36.3 29.8 28.6 -8.9 -22.1 -26.4 32.2 45.7 107.4 -1.8 -20.9 -34.3 -19.1 -19.6 -27.8 -15.2 -1 27.9 -15.3 -14.8 -14.3 33.9 6.3 7.5 9.8 -0.9
42.3 -14.4 47.6 39.7 28 -7.3 -17.8 -21 38.2 49.7 109.2 1.5 -18.5 -30.7 -15.8 -15.9 -25 -12.8 -0.1 26.6 -15.1 -14.7 -13.8 34 5.9 6.3 9.1 -1.6
43.9 -8.9 53.6 45.1 27.5 -8.1 -16.3 -18.3 41.4 51.5 109 1.1 -17.6 -28.6 -14 -13.8 -23.4 -12 0 27.2 -13.9 -13.3 -11.6 35.3 7.2 6.4 10.8 0.4
42.4 -9.9 52.9 44.6 26.9 -10.9 -17.6 -18.6 40.8 50.8 106.9 -2.6 -18.2 -28.5 -14.2 -13.9 -23.4 -13.3 -1.9 30 -11 -10.3 -8.3 38 10 8.1 14.4 4.3
41.1 -13.9 50.5 41.4 26.3 -13.8 -19.2 -20.2 38.7 49 104.2 -6.8 -19.2 -29.9 -15.2 -15.3 -25.1 -16.1 -5.7 32.1 -8.9 -8.2 -6.7 39.6 11.8 9.3 16.4 6.3
41.9 -13.4 50.6 40.2 26.6 -14.4 -18.6 -20.6 38.2 48.4 103.5 -9.2 -18.6 -30.4 -15 -16 -26.1 -17.6 -8.1 32.1 -8.8 -8.2 -7.5 39.1 11.3 8.6 16.4 5.7
45.9 -6.3 55.3 43.8 29.1 -11.6 -14.7 -17.2 41.6 51.2 106.4 -9 -15 -27.7 -12 -13.3 -23.8 -15.1 -6.1 32.2 -8.6 -8.1 -7.8 38.9 11 8.2 17.1 5.7
51.7 1.7 63.4 51.1 33.6 -6.3 -8.8 -10.8 48 56.8 111.6 -6.9 -10.3 -22.4 -6.9 -7.6 -18.4 -9.9 -0.5 33.8 -6.5 -5.8 -5.5 41.1 12.9 9.9 19.4 7.9
54.1 4.1 66.8 54.3 35 -2.2 -6.1 -7.4 51.5 59.7 114.3 -5.9 -8.5 -19.4 -4.2 -4.3 -14.9 -7 3.5 35.1 -4.7 -3.9 -3.5 43 14.5 11.8 20.2 9.2
50.2 0.5 61 48.7 30.9 -2.2 -9 -10.2 48.4 56.8 111.6 -7.6 -11.2 -21.5 -6.4 -6.4 -16.5 -8.8 3 34.8 -5.1 -4.4 -3.8 42.5 14 12 17.9 7.8
42.9 -6.5 49.7 37.8 24 -4.7 -14.6 -16.4 41.7 50.9 106.4 -9.7 -15.4 -25.8 -10.9 -11.3 -20.9 -12.4 0.2 34.7 -5.8 -5.1 -4.6 41.2 13.2 11.8 15.3 5.9
36.9 -14.4 38.9 27.8 18.4 -7.8 -18.6 -21.3 36 46.2 103 -10.6 -17.8 -28.4 -13.7 -15 -24.2 -14.4 -1.5 35.9 -5.5 -4.6 -4.1 41.1 13.6 12.1 15.1 5.9
36.2 -17.6 34.8 24.8 17.1 -9.9 -18.9 -21.7 34.8 45.6 103.5 -10.1 -17.6 -27.8 -13 -15.1 -24.1 -13.9 -1.3 37.1 -4.7 -3.3 -3.1 41.8 14.2 11.9 16.7 7.2
40.3 -13.7 37.6 28.6 20.2 -10.4 -16.1 -18.4 37.9 48.7 106.9 -8.4 -15.2 -25 -9.4 -11.9 -21.2 -11.2 0.3 37.6 -4.4 -2.1 -2.9 42.2 14.3 11.1 18.2 7.9
44.5 -8.6 41.1 32.8 23.3 -9.3 -13.6 -15.5 41.3 52 109.6 -6.5 -13.3 -22.7 -5.8 -8.4 -18.5 -8.6 2 37.6 -4.4 -1.5 -3.1 42.4 13.9 10.9 19 8.1
45.5 -8.9 41.3 32.9 23.9 -8 -12.7 -15 42 52.8 109.6 -6.3 -12.7 -21.7 -4.5 -7.1 -17.7 -7.4 3.2 38.4 -3.4 -0.5 -2.2 43.2 14.7 12.3 20.2 9.1
43.2 -14.7 37.4 28.7 21.9 -7.6 -13.2 -16.5 39.6 50.7 107.4 -8.3 -12.1 -21.6 -5.6 -8.3 -18.7 -8.1 3.4 40.8 -1.3 0.9 -0.2 44.8 16.6 14.7 21.8 11.1
39 -20.3 31.1 22.7 18.6 -8.5 -14.8 -19.4 35.7 47.2 104.8 -10.7 -10.6 -22.1 -7.6 -11 -20.4 -9.6 3 43.3 0.1 1.5 1.2 45.6 18.2 16.2 22.4 12.7
36.9 -20.7 29.3 21.8 18.4 -9.1 -15 -20.1 34.9 46.5 104.9 -10.1 -8.1 -21.9 -7.6 -11.7 -20.5 -9.2 3.6 44.6 0.9 2.1 2.2 46.4 19.6 17 21.7 13.5
38.8 -17 35.2 28.3 22.7 -7.7 -12.7 -16.9 38.5 49.9 108.5 -6.2 -6.4 -20.3 -5.3 -9 -18.4 -6.7 5.6 44 1.3 3 2.8 47.1 20.5 17.5 20.3 13.3
42.6 -12.3 44.7 37.7 27.7 -5.3 -9.3 -12.8 42.7 54.1 112.2 -2.1 -7.6 -19.3 -3.7 -6.3 -17 -5.5 5.9 40.8 -0.3 1.9 0.9 45.8 18.7 15.5 17 10.3
44.6 -7.7 53 44.1 29.8 -3.1 -6.6 -10.3 44.7 56 113.2 -0.2 -10.3 -19.8 -4.2 -6.1 -17.9 -6.9 3 36.2 -3.5 -1.5 -2.7 42.5 14.6 11.5 12.5 5.5
42.9 -5.4 55.7 44.5 28.9 -2.1 -5.6 -10.3 44.3 55.5 111.9 -0.2 -11.7 -20.6 -5.6 -7.6 -19.7 -9.1 -0.6 34.2 -4.6 -3.3 -4.4 40.8 12.1 9.2 10.3 3.1
40.1 -7.1 53.4 41.5 26.8 -2.4 -6.6 -11.8 42.9 54 110 -1.4 -12.2 -20.8 -6.6 -8.9 -20.7 -10.5 -1.9 36.5 -1.6 -1.3 -2.1 42.7 13.5 11 12 5.1
40.9 -9.3 51.7 40 24.7 -2.4 -7.9 -13 42.3 52.8 108.5 -3.6 -12.8 -20.2 -6.2 -9.3 -20.8 -10.9 -1.2 39.8 2.5 2.2 1.2 45.8 16.5 14 15 8.4
45.4 -7.4 53.5 41.7 23 -0.9 -7.9 -12.4 43 52.1 107.7 -6.1 -12.8 -19.3 -5.2 -9 -20.6 -10.9 -0.4 40.5 3.9 3.5 1.8 46.4 17.4 14.8 15.5 9.1
51.3 -1.7 58.5 46.3 23.8 2.5 -6 -9.7 45.3 53.3 109 -6.2 -11.2 -18.2 -3.8 -7.8 -19.8 -10.4 0.2 38.6 2.4 2.5 0.2 44.9 16.2 13.5 13.3 7.6
57.2 3.2 64.5 52.1 27.3 6.4 -3.5 -6 49 56.6 112.7 -2.7 -8.5 -16.8 -1.9 -5.3 -17.9 -8.9 1.5 36.4 0.9 1.5 -1 43.9 15.5 12.5 10.9 6.4
60.6 3.5 65.5 53.5 29.5 8 -3.5 -4.5 50.3 58 114.6 0.2 -7.3 -16.7 -1.1 -4 -17.2 -8.2 2 35.2 0.2 1.1 -1.5 43.6 15.1 11.8 9.6 5.8
59.1 0.4 59.1 47.5 28.2 6 -6.1 -6.8 46.9 55 111.1 -2.4 -8.3 -18.4 -2.5 -5.5 -19.4 -10.5 0.1 35.6 0.4 1.3 -1.5 43.1 14.3 11.2 9.7 5.2
53.2 -4.7 48.7 37.6 24.5 2 -8.3 -11.2 41.4 50 104.5 -9.3 -10.1 -20.3 -4.7 -8.3 -22.8 -14.2 -2.5 38.6 2.1 2.8 -0.2 43.4 14.1 11.7 11.6 6
46.3 -11.4 39.5 29.2 19.8 -1.8 -9.1 -15.1 37 46 99 -15.7 -11.6 -21.2 -6.2 -10.9 -25.2 -17.3 -3.3 41.9 3.9 4.5 1.5 44.3 14.5 12.9 13.8 7.5
43 -15.7 35.7 26.2 16.5 -3.4 -8.7 -16.8 35.3 44.2 96.4 -19 -12.7 -21.1 -6.4 -12.2 -25.9 -18.9 -2.9 42.1 3.3 4.5 1.4 43.9 13.6 12.4 13.3 7.1
44.3 -14.2 37.3 28.1 16 -2.3 -7.2 -16 36 44.7 96.6 -18.9 -12.8 -20.2 -5.5 -11.8 -25.5 -19.2 -2.1 39.1 0.4 2.4 -0.8 41.3 10.8 9.9 10.2 4.4
46.6 -10.9 38.9 29.7 16.3 -0.8 -6.2 -15.1 36.9 45.2 97.3 -17.7 -12.1 -19.5 -5.1 -11.2 -25.2 -19.4 -2.2 35.9 -2.8 -0.7 -3.3 37.9 7.3 6.7 6.9 1.5
46.8 -12 37.4 28.3 15.3 -1.7 -7.3 -15.7 36.3 44.1 96.3 -17.2 -12 -19.7 -5.7 -11.7 -25.8 -20.4 -3.7 34.6 -4 -2.7 -4.5 35.6 5 4.6 5.4 0
44.8 -17.9 32.7 23.6 12.2 -4.6 -10.4 -17.9 33.7 41 93.5 -18.1 -13.3 -21.1 -7.4 -13.3 -27.3 -22.3 -5.7 35.5 -3.6 -2.8 -4.3 35.2 4.8 4.2 5.8 -0.3
41.2 -22.8 26.1 17.3 7.7 -8.1 -14.5 -21.3 29.7 37 90 -20.2 -15.8 -23.6 -10 -15.8 -29.7 -25.1 -7.8 36.7 -3.4 -2.5 -4.2 35.3 4.8 4.4 5.8 -1
39.9 -22.1 24.4 15.2 6.3 -9.4 -16 -22.2 28.5 36.3 89.4 -20.6 -16.8 -24.8 -10.9 -16.5 -30.7 -26.2 -8.4 37.2 -3.3 -1.9 -4.1 35.9 5.1 5 5.3 -1.7
43.3 -17.1 31.3 20.8 10.7 -6.7 -12.7 -18.2 33.1 41.2 93.6 -17 -14.4 -22.3 -7.9 -12.8 -28 -23.6 -6.4 37.4 -2 -0.2 -2.9 37.8 6.7 6.2 5.7 -1.4
48.9 -10.6 43.1 31.2 18.3 -2.1 -7 -11.8 40.5 48.3 99.8 -11.3 -10.4 -18.3 -3.3 -7.2 -23.1 -19 -3.4 36.6 -1 1.1 -2 39.4 8 6.3 5.4 -1.7
53.3 -3.4 54.2 41.4 24.9 1.4 -2.2 -6.8 46.7 53.7 104.7 -6.9 -7.6 -15.7 0.1 -3 -19.1 -15.3 -1.4 34.5 -1.5 0.8 -2.1 39.8 8.2 5.2 3.6 -3.1
54 0.6 59.2 46.2 27.7 2.1 -0.5 -5.2 49.3 55.6 106.7 -5.1 -7.2 -15.5 1.2 -1.4 -17.5 -13.5 -0.9 33.2 -1.5 0.7 -1.3 40.6 9 5.7 2.6 -3.8
51.3 -1.2 57.8 45.3 26.7 -0.1 -2.1 -6.7 48.5 54.4 106 -5.6 -9.1 -17.2 0.2 -2 -18.2 -13.6 -1.5 33.8 0 2.2 1.2 42.8 11.1 8.2 3.9 -2.3
49.1 -4.6 55.6 43.3 25.2 -2.8 -4.3 -8.6 47.2 52.8 104.3 -7.4 -11.5 -19 -1.1 -3 -19.3 -14.3 -2.2 34.9 1.3 4.1 4 44.8 13.3 10.5 5.6 -0.5
50.1 -3.5 56.3 43.9 26.1 -3.5 -4.7 -8.4 47.7 53.3 104.2 -8.3 -12.3 -19.5 -1.4 -3.3 -19.1 -14.2 -2.4 34.7 0.6 4 4.6 44.7 13.9 10.5 5.5 -0.7
54.5 3 60.9 48.1 30.3 -1.1 -2.2 -5.2 50.8 57 107.3 -6.3 -10.5 -18.2 0.1 -1.7 -16.6 -12.1 -0.6 33.7 -1 2.3 3.8 43.6 13.7 9.5 4.5 -1.9
60.4 9.8 68.6 55.2 36.9 3.4 2 0 56.1 62.9 113.2 -1.2 -6.8 -15.2 3.1 2.2 -12.2 -7.6 3.3 33 -0.9 1.9 4 44.4 15 10.2 4.8 -1.8
62.9 11.4 71.8 58.6 40.2 6.4 3.6 2.3 58.7 65.7 117 2.8 -4.6 -13.2 4.4 4.8 -9.6 -4.4 6.3 32.9 0 2.9 4.1 46.1 16.6 11.9 5.9 -0.9
59.2 7.4 65.9 54 36.9 5.1 -0.1 -1.5 55.4 62.4 115.5 2.7 -6.1 -14.8 1.9 3.2 -11.2 -5 6 32.8 -0.3 3.2 3.3 46.7 16.8 12.8 6.4 -0.8
51.2 -0.1 53.9 44.2 29.8 0.4 -6.6 -8.7 48.3 55.9 111 0.1 -9.5 -18.9 -2.4 -1.6 -14.9 -7.9 4.1 33.5 -1.2 2.8 2.9 46.5 16.6 13.5 6.9 -0.5
43.8 -8.8 42.4 34.6 24.2 -4.2 -12 -15.1 41.7 50.7 107.6 -1.5 -12.3 -22.7 -6.2 -5.9 -17.8 -10.3 3.2 34.8 -2.1 1.9 3.2 46.2 16.6 14.3 7.9 0.3
41.3 -12.9 37.9 31.1 24.3 -5.2 -13.2 -17.1 39.5 49.9 107.9 0.4 -13.1 -24.4 -7.6 -7.3 -18.4 -10.5 3.8 35 -3.6 0.3 2.9 45.5 16.2 14.2 8.7 0.5
44.1 -9.9 40.5 33.8 29.4 -2.5 -11.2 -15.2 41.5 53 111.4 5.2 -12 -23.9 -6.8 -6.1 -17.3 -8.8 5.4 33.6 -6.1 -2 1 43.8 14.7 12.6 8.2 -0.9
47.1 -5.6 43.2 36.4 34.4 0.1 -9.7 -13.4 43.4 55.8 115 9.7 -11 -23.5 -6.3 -5.2 -16.4 -7.4 6.4 32.2 -8.8 -4.1 -2.1 41.4 12.8 10.3 6.9 -3
46.6 -7 42.1 35 35.8 -0.2 -10.7 -14.2 42.4 55.4 115.8 10.9 -11.8 -24.4 -7.3 -6.3 -17.4 -7.9 5.6 32.1 -9.8 -5.2 -3.9 40 11.7 8.9 6.4 -4.1
42.7 -14.4 36.9 29.6 33.2 -3.3 -14 -17.6 38.9 51.9 113.3 7 -14 -26.7 -9.6 -9.1 -20.3 -10.4 3.2 32.9 -9.4 -5.5 -4.2 39.6 11.2 8.5 6 -4.5
37.5 -21.5 29.7 22.4 28.3 -7.7 -18.2 -22.1 34.4 47.1 108.2 -0.4 -17 -30 -13 -13 -24.1 -14.1 -0.2 33.4 -9.2 -6.2 -4.7 38.6 10 7.9 4.4 -5.6
35.6 -22.3 27.8 20.4 25.9 -9.8 -19.6 -23.4 33.1 45.2 105.5 -4.8 -18.3 -31.4 -14.6 -14.8 -25.7 -15.9 -2.3 33.6 -9.1 -6.5 -5.1 37.8 9 7.4 2.8 -6.4
39.5 -17.4 34.7 27.3 28.9 -6.1 -15.8 -19.6 37.5 48.8 108.3 -0.7 -15.3 -28.8 -12.2 -12.1 -23.1 -13.5 -1.3 34.1 -8 -5.2 -4.3 38.5 9.6 7.7 3.4 -5.2
46.7 -9.7 46.2 38.2 34.6 1.1 -9.8 -13.6 44.5 55.2 114.2 9 -10.7 -24.6 -7.9 -7.2 -19 -9.3 1 33.7 -7.3 -4.1 -3.6 39.2 10.2 7.8 4.5 -4
53.1 -1.3 56.7 47.7 39.6 6.5 -5.1 -8.9 50.1 60.1 118.5 16.5 -8 -22 -5 -3.6 -16.3 -6.7 1.6 32.2 -7.7 -4.4 -3.9 38.9 9.6 6.9 4.5 -4
55.8 3.5 61.2 51.8 41.3 7 -3.4 -7.2 51.8 61.5 118.3 15.4 -7.5 -21.6 -4.2 -2.6 -15.9 -7 0.8 32 -7.1 -4.1 -3.6 39.2 9.7 7.1 5.2 -3.2
54.7 1.8 59.5 50.6 39.2 3.4 -4.3 -7.9 50.4 59.8 114.5 6.8 -7.6 -22.6 -4.7 -3.7 -17.2 -8.9 0 34.4 -4.5 -1.9 -1.5 41.4 11.7 9.2 8.1 -0.4
53.1 -1.7 57.3 48.3 36 -0.5 -5.6 -8.7 48.8 57.9 111.1 -2.4 -7.3 -23.2 -5 -4.9 -18.5 -10.3 0.2 37.1 -1.6 0.9 1.3 44.3 14.6 11.8 11.8 2.8
53.9 -0.6 58.4 48 35.4 -1.6 -5.1 -7.8 49.3 57.8 110.7 -7.3 -6.1 -22.3 -3.9 -4.5 -18.3 -10.1 1.4 37.8 -0.4 2.2 3 45.8 16 13 14 4.2
57.3 5.3 63.3 51 38 0.7 -2.2 -5.1 52 59.7 112.9 -7.5 -4 -19.9 -1.6 -2 -16.2 -8.7 2.9 36.9 -0.6 2.2 3.1 45.5 15.7 12.6 14.3 4
61.6 10.3 69.5 55.6 40.6 5 1.8 -1.4 55.5 62.3 115.1 -5.1 -1.9 -17.3 0.9 1.3 -13.8 -7 3.9 36.1 -0.9 2.2 2.6 44.5 14.9 11.6 13.7 2.9
62.2 9.6 70.1 55.8 38.4 8 3.2 -0.7 55.6 62.1 114.2 -3.7 -2.1 -17.2 0.6 1.9 -13.8 -7.1 3.2 36.2 -1.4 1.6 1.4 42.7 13.6 10.1 12.1 1.1
56.3 4.9 62.8 49.2 31.6 7.6 0.1 -4.7 50.9 58.1 109.9 -4.3 -5.1 -20.3 -2.8 -1.5 -16.8 -9.5 0.7 37.3 -2.3 0.6 0.2 41 12 8.9 10.7 -0.9
47.1 -1.6 51.6 39.3 24.7 4.2 -5.3 -11.1 44.4 52.7 105.8 -3.8 -8.6 -23.9 -6.6 -6 -20.1 -12.3 -1.8 39.8 -1.9 0.9 0.3 41.3 12.1 9.6 11.8 -0.7
40.1 -9.5 41.1 30 20.3 0.2 -10.3 -16.8 39 48.3 103.8 -0.8 -10.9 -26.1 -9.1 -9.3 -22.1 -14.4 -3.2 42 -0.8 2 0.8 42.5 12.8 10.9 14.9 1.3
38.9 -14.7 35.7 25.2 18.2 -1.6 -12.8 -19.6 36.4 45.5 103.1 1.5 -11.8 -26.9 -9.9 -11 -23.2 -15.7 -3.9 41.7 -1.4 1.1 -0.2 41.9 11.7 10.1 16.7 2.2
42.3 -13.9 35.7 25.2 17 -0.3 -12.1 -19.3 36.4 44.7 101.9 -1.8 -11.2 -26.4 -9.7 -11 -23.6 -16.4 -3.6 39.2 -4.1 -1.8 -2.6 39.3 8.5 7.7 16 1.2
45.5 -10.7 36.4 26.3 15.3 2.6 -10.8 -18.2 36.5 44.5 99.3 -10.2 -10.1 -25.9 -9.5 -10.5 -24.1 -17.2 -2.8 37 -6.7 -4.2 -4.7 36.6 5.4 5.9 15.2 0.3
44.9 -11.4 35.2 25.4 12.4 4.3 -11.3 -18.4 35.5 43.8 96.3 -17.9 -9.9 -26.4 -10 -10.7 -25 -18.4 -2.1 36.7 -7.3 -4.6 -5 35.9 4.9 6.1 16.2 1.2
40.4 -17.4 30.7 21.1 8.6 2.9 -14.5 -21.5 32.7 41.6 94 -20.6 -11.4 -28.3 -12 -12.3 -26.5 -19.8 -2.2 37.4 -7 -4.2 -4.4 36.8 6.2 7.2 18.1 2.6
33.9 -24 23.2 13.7 4 -2.5 -19.5 -26.9 28.2 37.6 91.9 -20 -14.9 -31.8 -15.7 -15.7 -29.2 -21.9 -4 37 -8.1 -5.1 -4.7 36.6 6.6 7.1 18.9 2.5
30.2 -25.6 19.8 9.7 2.4 -8.4 -22.5 -29.8 26 35.3 91.6 -17.7 -18 -34.1 -18.1 -17.9 -30.7 -22.7 -5.6 35.7 -9.6 -6.1 -5.4 35.8 6.3 6.3 19.1 2
32.9 -21.6 25.4 14.4 6.6 -11.2 -20.3 -26.5 29.6 38 95.1 -13.3 -17.8 -32.9 -16.2 -15.9 -28.2 -20.1 -4.3 34.8 -9.5 -5.6 -4.9 36.5 7 6.6 19.6 2.8
39.9 -13.7 37.2 25.2 14.5 -10.5 -14.6 -19.1 37.2 44.3 100.6 -7.8 -14.6 -29.2 -11.4 -10.8 -23.2 -15.4 -0.9 33.8 -8.7 -4.5 -3.6 38.2 8.4 7.7 19.3 3.7
46.4 -4.2 49.2 36.1 21.4 -7.9 -8.9 -12.1 44.3 50.2 105 -4.1 -11.5 -25.8 -7 -5.9 -19.1 -11.9 1.7 32.5 -8.1 -3.9 -2.3 39.5 9.6 8.5 17.4 3.3
48.2 0.9 55.3 40.8 23.5 -6 -6.3 -8.8 47.3 52.6 106.2 -4.1 -10.6 -24.5 -4.9 -3.6 -17.8 -11.1 2.1 32.3 -7.3 -2.7 -0.7 41.1 11.5 9.9 16.8 3.3
44 -1.4 54.6 39.1 21.2 -6.4 -6.8 -9.6 46 51.5 104.3 -7.2 -12.2 -24.9 -5.1 -4 -19.1 -12 0.7 34.1 -5.3 0 1.3 43.5 14.1 12 19 5.1
38.7 -5.4 52.7 36.6 18.5 -7.6 -7.3 -11.1 44 49.8 102 -10.5 -13.3 -25.1 -5.7 -5.1 -20.5 -13.1 -0.6 36.8 -3 2.8 3.2 46 16.2 13.8 22.5 8
39 -4.2 53.3 37.5 18.5 -7.4 -6.4 -10.6 44.5 49.6 101.9 -11.3 -11.9 -24.3 -5.4 -5.1 -20.5 -13.3 -1.1 38.5 -1.6 3.3 3.9 46.8 16.5 14.2 24.2 9.6
46.8 2.2 57.4 41.7 21.3 -5.2 -4.2 -7.8 47.5 51.6 103.7 -9.2 -9.1 -22.7 -4.1 -3.5 -18.9 -12.6 -1.3 38 -1.9 1.7 3.1 45.7 15.3 13 23.6 9.1
57.1 7.9 63.7 47.6 25.6 -1.6 -1.6 -4.2 51.6 54.9 106.4 -5.7 -7.1 -21 -2.1 -1 -16.6 -11.4 -1 36.2 -2.8 0 1.8 44.3 14.4 11.8 22.3 8.1
62 8.2 65.4 49.1 26.8 0.4 -1.5 -3.5 52.5 55.9 107 -3.8 -7.6 -21.2 -1.7 -0.4 -16.3 -11.4 -0.9 34.5 -4 -1.1 0.2 43 13.7 10.9 21.6 7.4
59.2 4 59.2 43.1 22.4 -1.1 -5.4 -7.4 48 52.3 103.6 -6.1 -10.7 -24.3 -4.3 -3.4 -19.4 -14 -2.3 33.9 -5.5 -2 -1.4 41.8 12.5 10.4 21.6 7.2
52.5 -2.5 48.7 33.4 14.8 -4.4 -10.7 -13.3 41.4 46.7 98.4 -10.9 -13.7 -27.7 -8 -7.8 -23.5 -17.3 -4 35.5 -5.6 -1.5 -1.5 41.7 12.2 11.1 22.9 8.3
46.3 -9.7 39.2 25.1 9.1 -6.7 -14 -17.5 36.6 42.5 94.9 -14.6 -14.5 -29 -10.4 -10.9 -25.7 -19.4 -4.3 38.5 -4.2 -0.3 -0.4 42.7 12.8 12.7 24.9 10
43.7 -13.2 35.3 22.1 9.2 -7 -14.3 -18.4 35.4 41.4 94.5 -15.3 -13.5 -28.2 -11 -12 -25.7 -20.2 -3.7 39.4 -4 -0.8 -0.7 42.3 12 12.2 25.1 9.6
44.9 -10.5 36.9 24 13.6 -5.9 -13.5 -16.8 36.6 42.9 96.1 -13.4 -12.4 -26.8 -10.4 -11.9 -24.9 -20.5 -3.5 36.8 -6.7 -4.2 -3.4 39.2 8.9 8.9 22.6 6.6
46.8 -6.9 38.7 26 17.2 -5.1 -14 -15.9 37.1 44 97.1 -11.6 -12.3 -26.6 -10.1 -12.1 -24.9 -21.2 -4.2 32.9 -10.4 -8.2 -6.6 35.4 5.2 5 19 3.1
46.6 -8.2 37.5 25.3 16.8 -5 -15.3 -17.2 36 42.9 96.1 -12.2 -13 -27.5 -10.9 -12.7 -25.7 -22.2 -5.5 31.3 -11.7 -9.7 -7.6 34 3.9 3.6 17.4 2.1
43.6 -13.8 33.2 22 13.3 -5.7 -16.3 -19.8 34.2 40.4 94 -14.8 -13.7 -28.5 -11.9 -12.9 -26.7 -22.9 -6.5 33.2 -9.6 -7.8 -5.9 35.7 5.6 5.4 18.9 4.2
39.6 -18.9 27.4 17.4 9.3 -7.2 -17.3 -22.6 31.9 37.6 92 -17.1 -14.7 -29.7 -13.3 -13.2 -28 -23.7 -7.3 36.2 -7.1 -5.2 -3.8 37.9 7.9 7.9 21.7 6.9
37.9 -20.1 25.7 16.3 7.9 -8.6 -18.2 -23.8 31 36.7 91.7 -17.3 -15.9 -30.9 -14.3 -13.5 -28.9 -24.5 -8 37.4 -6.5 -4.1 -3.1 38.6 8.7 8.4 22.6 8
40 -17.9 30.3 20.7 10.4 -8.1 -17.3 -22 32.7 38.7 93.1 -15.2 -16.3 -30.7 -13.9 -12.8 -28.2 -24.4 -8.4 36.1 -7.6 -4.6 -3.9 37.8 7.7 6.8 20.7 6.9
45 -12.1 39.2 28.7 15.3 -5.3 -14.1 -17.8 36.8 42.5 95.3 -12.2 -14.9 -28.8 -11.7 -11.1 -26.2 -23.1 -8.5 33.3 -9.5 -6.2 -5.6 36.1 5.4 3.9 17 4.3
51.5 -2.6 49.6 37.6 20.4 -1.2 -9.9 -12.5 42.2 47.1 98.3 -8.6 -11.9 -25.8 -8.2 -8.5 -23.5 -20.7 -7.7 31.2 -10.3 -7.1 -6 35.4 4.2 2.5 14.9 2.9
57.3 4.9 56.7 43.2 23.8 2.4 -7.2 -8.3 46.4 50.6 101.5 -5 -8.3 -22.7 -4.8 -5.6 -21.1 -17.9 -5.6 32.3 -8.3 -4.9 -3.4 37.5 6.7 4.7 17 5.1
59.2 4.6 57.9 43.6 24.3 3.1 -7.3 -7.1 47.4 51.7 103.2 -3.7 -6.7 -21.7 -3.6 -3.8 -20 -16.4 -3.5 35.8 -4 -0.5 0.7 41.8 11.5 9.4 21.6 9.7
57.1 -0.1 56.5 41.9 22.4 1.5 -8.2 -8.3 46.1 50.7 102.7 -5.6 -8.3 -22.9 -4.7 -4.2 -20.5 -16.5 -3.2 38 -0.8 2.5 2.8 44.8 14.6 12.4 24.3 12.2
54.2 -1.7 55.7 40.6 19.3 0.2 -8.3 -10.1 44.7 49 100.6 -9.5 -11.6 -24.8 -6.8 -6.3 -21.9 -18 -4.7 37 -1.9 1.1 0.9 43.6 13.2 11.5 23.1 10.5
54.3 2.2 57.6 41.5 19 1.2 -6.7 -9.9 45 48.8 99.4 -12.4 -13.1 -25.4 -7.8 -7.9 -23 -18.9 -6.2 33.8 -5.5 -2.7 -3 39.8 9.6 8.5 19.3 6.7
58.4 7.7 63 45.2 24.2 4.9 -3.1 -6.6 48.1 51.5 101.4 -12.2 -10.9 -23.4 -6.1 -6.5 -22.1 -17.4 -5.7 31.4 -7.2 -4.2 -4.9 37.8 8.1 6.8 16.7 4.6
62 9.9 65.7 47.6 31 9 -0.2 -3.6 50.6 54.4 104.6 -10.3 -8.2 -21 -3.8 -4.2 -20.5 -15.2 -4.2 31.8 -6.4 -2.9 -4.2 38.4 9 7 17 4.9
60.8 8.1 61.2 45.1 33.5 9.5 -1.1 -4.5 48.9 54.3 105.8 -8.8 -9.2 -21.3 -4 -4.2 -20.5 -14.6 -3.5 34.2 -5.1 -1.1 -2.6 39.7 10.4 8 18.7 6.2
55.3 2 51.4 38.5 30.1 5.6 -5.2 -9.2 43.9 51.2 104.6 -8.5 -13.3 -23.9 -6.8 -7 -22.1 -15.6 -3.7 37.3 -4.1 -0.1 -1.1 41.1 11.8 9.5 20.7 7.3
48.8 -7.1 41.3 31 24.2 0.1 -9.8 -14.9 38.3 46.9 102.5 -9.1 -16.4 -26.6 -10.2 -10.9 -24.1 -17 -3.9 39.4 -3.7 -0.1 -0.7 41.8 12.4 10.7 21.5 7.3
45.3 -12.9 36.1 26.9 21.1 -3.7 -12 -18.2 35.6 44.3 101.3 -9.1 -16.5 -27.7 -12.2 -13.3 -25.6 -17.7 -3.7 39.1 -5.1 -2 -2.6 40.4 10.9 9.7 19.6 4.8
45.9 -11.2 36.2 27.3 22.8 -4.2 -11.2 -18.3 36.1 44.6 101.9 -7.1 -14.6 -27.4 -12.1 -13.2 -25.7 -17.4 -3.2 37.1 -7.5 -5.1 -6.2 37.2 7.8 6.9 15.3 0.5
47.4 -6.8 37.1 28.7 26.1 -2.9 -9.7 -17.6 37.5 46.1 103.3 -3.9 -12.3 -26.6 -11.1 -11.9 -24.7 -16.2 -2.4 36.2 -9.1 -7.1 -8.7 34.6 5.3 4.7 12 -2.8
47.4 -6.7 36.5 28.8 27.1 -2.4 -9.5 -17.3 38.1 47.3 104.5 -1.3 -10.6 -25.9 -10.1 -11.1 -23.3 -14.5 -0.9 38.1 -8.1 -6.1 -7.8 35.4 6.2 6 12.6 -2.1
45.6 -11.8 34.4 26.8 24.6 -3.2 -10.8 -17.8 37.4 47.9 105.3 0 -9.7 -25.4 -9.1 -10.7 -21.8 -12.5 1.3 42.4 -4.4 -2.4 -3.6 39.5 10.5 10.1 16.5 2.1
43.2 -17 30.6 22.7 19.9 -4.3 -12.7 -19.1 35.6 47.5 105.4 -0.8 -9.3 -25.3 -8.7 -10.7 -21.1 -11.2 3 46.6 -0.5 1.7 0.8 44.2 15.1 14.1 20.4 6.3
42.7 -17.7 29.5 21.1 16.7 -4.4 -13.3 -19.6 34.9 47.4 105.4 -2.4 -9.2 -25 -8.4 -10.1 -20.7 -10.5 4 47.8 1.6 3.9 3.1 47.1 17.5 15.9 21.7 8
45.1 -14.1 34.1 24.7 17.3 -2.6 -11.4 -17.9 37.2 48.8 105.6 -3.6 -9.2 -24.1 -7.3 -8.6 -19.6 -9.9 4.4 45.4 1.1 4 3.4 47.6 17.5 15.6 20.1 7
49.7 -7.2 43 32.2 20.5 0.8 -8.3 -14.5 41.5 51.3 106.1 -4.8 -9 -22.5 -5.4 -6.5 -18 -9.1 4.1 40.9 -1 2.3 2.1 46 15.5 13.8 16.6 4.5
54.5 1.2 53 40.5 23.8 4.9 -5 -10.3 46.4 54.5 106.8 -5.9 -8.3 -20.6 -3.1 -3.9 -16.1 -7.6 3.7 37.4 -2.6 0.9 1.2 44.5 14.1 12.3 13.2 2.3
56.6 5.7 59.1 45.2 25.1 7.2 -3 -7.1 49.8 56.8 107.8 -6.2 -7 -18.9 -1.3 -1.6 -14.4 -5.6 4.4 37.9 -1.3 2.3 3.2 46.2 15.6 13.6 13 2.9
54.8 3.1 59.5 45 24.3 6.3 -3.4 -6.7 50.4 57 108.3 -5.7 -6.3 -18.5 -0.6 -0.8 -13.4 -4.1 6.1 41.4 2.1 6.1 7.3 50.5 20 17.6 15.6 6.5
51.5 -2 57.8 43.3 23.8 3.2 -5.3 -8.3 49.3 56 108.7 -4 -7.2 -19.5 -1.2 -1.5 -13.5 -3.9 7.3 43.5 4.3 8.9 10.3 53.8 23.9 21 17.4 9.3
48.9 -2.9 56.9 42.6 24.6 0.9 -6.9 -9.8 47.9 55.1 109 -1.3 -9.4 -21.2 -2.4 -2.8 -14.4 -4.5 7.1 41.5 2.7 7.7 9.3 53 24 20.7 15.5 8.3
49 1.7 59 44.7 26.3 1 -6.4 -9.4 48.1 55.8 109.9 2.1 -11 -22.3 -3.2 -3.3 -15.3 -5.2 5.7 37.1 -1.2 4.1 5.8 49.4 21.2 17.6 11.2 4.3
52.5 7.1 64.5 50 28.5 3.4 -3.7 -6.5 50.4 58.3 111.9 6 -10.5 -21.9 -2.5 -1.9 -14.8 -4.7 4.9 33.5 -3.6 1.4 3.1 46.9 18.8 15.2 7.5 0.9
55.4 7.7 66.6 52.2 28.9 5 -2.3 -5.2 51.5 59.2 112.6 7.4 -9.3 -21.3 -2.2 -1.1 -14.7 -4.7 4.8 32 -4.4 0.1 1.7 45.8 17.3 14.4 5.9 -0.9
54.2 3.8 60.9 47.3 25.6 3.5 -4.7 -8.1 48.4 56.3 110.1 4.1 -9.5 -22.4 -4.2 -3.6 -16.8 -6.8 4.2 32.5 -4.7 -0.6 0.9 44.8 15.8 14 6 -1.3
50.1 -2.3 50.8 38.1 20.5 -0.2 -9 -12.8 43.2 51.4 105.7 -1.8 -10.9 -24 -7.5 -7.7 -19.8 -10.3 2.5 34.9 -3.7 -0.1 1.3 44.5 15.1 14 7.4 -0.7
45.9 -9 41.5 29.6 16.6 -3.3 -12.2 -16.8 38.5 47 101.6 -6.2 -12.3 -25.3 -10.4 -11.2 -22.2 -13.7 -0.1 37.4 -2.1 0.7 1.7 44.5 14.5 13.3 7.1 -0.7
44.5 -12.3 37.3 25.7 15.2 -4 -13 -18.6 36.4 44.9 98.8 -7.2 -12.9 -26.3 -12 -13.2 -23.6 -16.3 -2.9 37 -2.9 -0.9 -0.5 42.2 11.7 10.2 2.1 -4.2
45.9 -10.2 37.8 26.6 16 -1.6 -11.7 -18.2 36.8 45 98.1 -6.6 -12.5 -26.6 -11.8 -13.7 -24.2 -17.6 -4.6 34 -6.3 -4.7 -4.8 37.5 7 5.8 -4.8 -9.9
47.2 -6.8 38.7 28.2 16.8 1.4 -10 -16.7 38.3 45.8 98.2 -7.4 -11.4 -26.3 -10.6 -13.2 -24.2 -17.8 -4.3 31.8 -9.2 -7.8 -7.9 33.7 3.3 2.9 -8.8 -13.7
47 -6.8 38.1 28.2 16.5 2.2 -9.1 -15.6 39.4 46.2 98.2 -10.1 -10.6 -25.7 -9.6 -12.3 -24 -17.6 -2.8 32.7 -8.9 -7.6 -7.5 33.5 3.2 3.1 -8.2 -13.3
45.5 -10.6 35.5 25.8 14.9 -0.2 -9.8 -15.8 38.6 45.7 97.5 -11.9 -10.8 -25.2 -9.3 -11.9 -24.1 -17.6 -1.9 35.9 -6 -4.6 -4.5 36.3 5.7 5.5 -5.2 -10.2
43.4 -14.2 30.9 21.4 12.2 -4 -11.8 -17.6 36.1 43.9 96.5 -12 -11.3 -25 -9.6 -12.3 -24.9 -18.4 -2.3 39.8 -2.8 -1.9 -1.5 39.1 7.9 7.7 -2.5 -7.3
