50.8 31.3 74.1 60.8 3.6 4.7 5.1 10.3 68.9 71.6 117.5 13.7 5.5 5 22.7 23.2 4.9 -1.4 13.3 57.7 26.6 29.8 28 63.6 26.7 13.8 37.8 21.6
50.5 31.8 74.9 60.9 3.3 3.7 4.6 10.5 69 71.7 116.3 12.6 4.4 4.2 22.6 23.3 4.7 -2.3 12.3 58.5 27.2 30.5 28.7 64 26.4 13.5 38.7 21
54 39.7 81.2 66.7 7.6 6.1 7.1 14.2 72.6 74.5 118.3 14.7 4.6 5.6 25 25.6 6.4 -1.3 12.1 56.6 25.6 29.5 27.7 63.1 24.4 11 35.6 17
57.8 46.7 88 73.5 13.2 9.5 10.6 18.4 77.3 78 121.9 18.6 6.2 8.4 28.7 29.3 9.7 1.7 13.6 54.8 24.6 29.2 27.5 63.1 23.7 9.6 32.7 14.3
58.1 45.9 88.9 75.2 15.4 10.4 11.3 19.3 78.8 79 123.9 20.9 7.1 9.7 30.5 31.5 11.7 3.6 14.9 54.1 24.5 29.6 28.1 63.7 24.5 9.7 31.7 13.8
54.6 40.7 84 71.1 13.4 8.2 8.2 16.6 76.1 77.1 122.9 20.1 5.7 7.8 28.8 30.7 10.8 2.5 14.2 53.5 24.3 29.7 28.6 63.8 25 9.6 31.1 13.2
49.7 35.6 76 64 9.6 5.6 4.3 12.8 71.9 74.5 121.1 18.1 3.7 5.6 26.6 28.6 9.5 0.6 13.3 54.9 25.6 31.3 30.3 64.9 26.2 10.7 32.8 14
45.7 29.4 67.4 56.9 6.7 4.8 2.5 10.4 68.9 73.4 120.7 17.7 4.1 5.9 26.3 27.6 9.7 0.9 14.2 59.3 28.8 35 33.6 67.8 28.8 13.7 38.2 17.4
44.4 22.8 62.6 53.8 7.2 5.6 2.9 10.3 68.6 74 121.9 19.6 6.2 8 27.5 28 10.9 2.6 15.7 62.3 30.2 37.1 35.7 69.5 29.9 15.2 40.9 18.3
46.1 20.7 63.9 56.3 11.2 7.2 4.5 11.6 70 75.7 124.2 22.7 7 9 28.3 28.6 11.7 4.1 16.3 59.7 27.1 34.4 34 67.5 27.4 12.9 34.8 13.1
48.3 23.1 66.7 60.1 15 9 6 12.5 71.5 77.2 126.7 26 6.7 8.4 28.2 29.2 12.2 5.1 16.8 54.9 22.9 30.4 31.2 64.9 24.3 9.9 25.3 6.3
48.4 23.3 66.1 60.2 15.6 9.9 6.6 12.5 71.7 77.8 128.4 28.6 7 7.9 28.4 30.4 13.2 6.4 18.3 54.1 22.8 30.6 31.8 66.1 25.3 10.7 21.9 5.1
46.1 17.6 61.2 55.9 13.1 8.9 5.5 11.8 70.3 77.3 128.5 29.8 7.7 8.2 28.9 31.6 14.3 7.4 20 57.7 26.5 34.5 35.4 70.6 29.6 14.8 26 9.3
43.7 13.1 56.6 51.4 10.8 6.3 3.8 10.9 68.7 76.4 127.6 29.6 8.2 8.8 29.4 32 15 7.9 21 61.7 30 37.9 38.5 74.2 33.2 18.1 30.9 12.7
44.5 16.1 57.8 52.2 12.2 5.1 4.1 12 70.3 77.7 128.5 30.5 9.7 10.3 30.9 33.2 16.5 9.5 22.7 63.9 32.3 39.9 40.3 76.2 35.2 19.8 32.8 13.4
48.9 22.8 64.5 58.3 17 7.2 7.3 15.3 75 81.5 132 32.8 13 13.1 33.7 36.3 19.7 13.2 26.2 64.9 34 41.5 41.7 78 36.3 21.2 32.9 13.2
55.3 28.9 73.8 66.4 22.5 10.9 11 19.7 80.3 85.9 135.6 33.5 15.8 15.8 36.4 39.6 22.6 16.5 28.9 63.8 33.9 41.3 41.9 78.2 35.8 20.9 31.6 11.6
60.8 35 83.4 73.8 26.4 13.2 12.9 23.4 84 88.9 137.1 32 15.6 16.4 37.4 41.1 23.6 17.1 28.4 60.9 31.7 39.4 40.3 76.3 33.6 18.3 28.8 7.6
61.4 38.9 87.7 76.3 25.6 11.4 11.9 23.8 83.6 88.2 135.5 30.3 11.5 14.3 35.6 39.6 21.6 14.6 25 57.9 29.1 37.3 38.1 73.9 31.4 15.5 25.3 3.4
55.9 36.5 83.9 71.8 19.4 6 8.1 19.7 78.7 83.7 131.4 28.4 5.5 9.8 31.5 35.4 17.3 10.2 20.7 56.3 27.8 36.1 36.7 72.8 30.6 14.4 23.1 1.1
49.6 30.8 77.8 65.5 12.1 0.7 4.2 14.6 73.3 78.9 127 25.5 1.4 5.6 27.9 31.4 13.4 6.4 17.8 55.5 27.5 35.6 36.1 72.9 30.8 14.6 21.7 0
48.1 30.5 76.9 64.1 8.9 -1.2 3.2 12.9 72 77.2 124.4 22 0.8 4 27 30.3 12.2 4.9 17.2 53.7 26.4 34.3 35 72.3 30.2 13.9 18.8 -2.3
52.3 38.6 82.9 68.9 11.2 1.3 6.1 16 75.7 79.5 125.1 20.1 3.3 6.2 29.1 32.6 14.4 6.4 18.6 51.3 25.1 33 34.3 71.4 29.2 12.8 15.8 -4.5
58.1 46.8 90.1 75.4 15.9 6.4 11 21.4 81.2 84 128.7 21.5 7.4 10.5 32.8 36.8 18.7 10.3 21.2 50.6 25.3 33.4 35.6 72.3 30 13.4 16.1 -3.2
60.4 46.9 91.6 77.1 18 9.4 13.7 24 83.2 86.5 131.3 24.2 9.3 12.7 34.5 39 21.2 13 22.9 51 26.1 34.4 37.3 74.1 31.8 14.9 17.9 -0.3
57.8 41.8 86.9 72.8 15.6 7.8 12.2 22.2 80.5 85 130.8 25.8 7.1 11.1 32.8 37.6 19.9 12.4 22.4 51.2 25.9 34.7 38 74.8 32.8 16 18.5 0.5
52.5 36.1 78.4 65.2 10.8 4.6 8.8 18.3 75.9 81.6 129.2 26.7 4.4 8.4 30.2 34.6 17.5 10.7 21.8 52.7 26.2 35.2 39.1 75.4 33.6 17.6 19.1 -0.4
47.2 29 68.6 57.2 6.3 2.6 5.6 14.6 71.6 78.4 127.9 27.3 3.6 6.9 28.6 32.5 16.1 9.6 21.9 55.8 27.3 36 40.4 76 34.5 19.1 19.9 -1.9
44 21.7 61.9 52.2 3.9 2 4.1 12.4 69 76.6 127 26.1 3.9 6.4 27.8 31.5 15.1 8.5 21.8 56.6 26.7 34.7 39.1 74.7 33.4 17.8 18.4 -4.8
44.3 19.5 61.5 52.5 4.8 3.3 5.1 12.7 69.3 76.7 126.7 23.7 4.3 6.8 27.9 31.8 14.7 7.7 21.3 53.9 23.6 31 35.3 71.4 30.2 14 14.9 -8.5
45.5 21.6 63.4 54.4 6.4 5.3 7 13.8 70.5 76.9 126.4 22 4.4 7.3 28 32.3 14.7 7.2 20.8 50.4 20.3 27.5 31.9 68.4 27.1 11 12.7 -10.7
43.6 20.5 61.6 53 5.4 5.2 6.4 12.5 69.6 75.2 125.1 21.4 3.6 6.3 26.8 31.3 14 6.1 20.1 49.1 19.4 26.4 30.7 67.6 26 11.1 13.4 -10
38.9 13.4 55.5 47.9 1.8 2.6 2.7 8.7 66.2 72.1 122.8 20.7 1.8 3.7 24.3 28.8 12.4 4.7 19.4 50.2 20.5 27.2 31.3 68.7 27.1 13.3 16.2 -7.4
35.3 7.3 49.5 42.9 -1.3 -1.2 -1.9 4.5 62.6 69.3 120.5 19.4 -0.8 0.7 21.6 25.6 10.2 3.2 18.5 51 20.8 27.6 31.4 69.5 27.6 14.6 18.1 -5.7
36.3 8.2 49.1 42.9 -0.8 -2.8 -3.9 3.3 61.7 69.2 120.3 19.4 -2.1 -0.9 20.8 24.1 9 2.7 18.3 50.7 19.9 27.2 30.6 69 27.1 14.2 18.4 -5.8
41.7 13.5 55.3 49.3 4.5 0.1 -1.3 6.7 65.2 73.1 124.1 22.7 -0.1 0.9 23.3 26.5 10.8 5 20.2 50.9 19.8 27.7 30.6 69.2 27.7 14.6 19 -5.1
48.5 19.7 65.8 59.4 11.8 5.3 3.6 12.5 71.6 78.9 129.7 28.3 3.3 4.4 27.3 30.8 14.6 9.2 23.3 50.9 20.1 28.2 31.2 70 29 15.9 19.8 -3.1
53.9 27.3 76.9 69.4 17.1 8.7 7.5 17.2 77.3 83.5 133.8 32.8 4.9 6.5 29.8 33.9 17.3 11.9 24.7 49.2 19.4 27.7 31.2 70.1 29.5 16.3 19.4 -1.8
55.7 34.3 83.3 74.4 18.3 9.1 8.8 19 79.4 85.3 134.7 34.3 4.7 6.8 30 34.6 17.8 12 24 48.7 19.5 28.2 31.9 70.9 30.2 16.9 19.9 -0.2
54 36.5 83.4 73 16.5 7.5 8.1 18.7 78.3 84.7 133.3 33 4.6 7 29.3 34.2 17.3 10.8 23.1 52.2 22.9 31.6 34.6 74.1 33.2 19.5 24.1 3.9
51.2 34.1 81 69.7 14.4 5.5 6.8 17.4 76.3 83 130.8 30 4.3 6.9 28.6 33.4 16.3 9.3 22.2 56.2 26.8 35 37.3 77.5 36.4 22.3 28.9 8.5
50.6 33.7 81.5 69.3 13.9 4.3 5.8 16.6 75.6 81.6 128.7 26.6 3.1 6 27.9 32.6 15.2 7.4 20.5 55.9 27 34.8 36.7 77.3 36.1 22.1 29.4 9.8
53.8 39.7 86.6 73.4 15.8 5.4 6.9 17.8 77.5 82 128.4 23.9 2.9 5.7 28.2 33 15 6.4 18.8 52.6 24.4 32.1 34 74.5 33.5 19.4 26.6 8.8
58.3 45.8 92.2 78.4 18.4 8.5 9.7 20.5 80.5 83.9 129.4 22.8 4.7 7.1 29.7 34.8 16.1 7.3 18.9 50.3 22.9 30.4 32.2 73.1 32.1 17.8 25.4 9.4
59.3 45 92 78.5 18.3 10.2 11 21 80.7 84 129.5 23.2 6.3 7.7 29.9 34.8 16.1 7.7 19.3 49.8 22.4 29.6 31.3 72.5 31.8 17.7 25.9 10.9
56 39.9 86.1 73 14.9 8.8 9.1 17.9 77 81 127.6 24.3 5.7 6.1 27.5 31.8 13.7 5.9 18.5 50.3 21.8 28.7 30.5 71.6 31.4 17.9 26.1 11.7
50.7 34.1 76.9 64.8 10.4 6.1 5.8 13.5 71.9 76.8 125.2 25.3 4 4.1 24.8 28.6 11.1 3.7 17.9 52.8 22.5 29.4 31.1 72 32.1 19.5 27.3 13.8
46 26.9 66.7 56.5 6.4 4.3 3.4 10.1 67.7 73.8 123.3 24.9 3.2 3.6 23.8 27.3 9.9 2.8 19 56.9 24.9 32.1 33.2 74.3 34.4 22.5 30.8 18.7
44.4 20.5 60.7 52.2 4.9 4.5 3 9.4 66 73.1 123 23.7 4.1 4.8 24.8 28 10.2 3 20.6 59.4 26.4 33.9 34.3 75.9 36 24.3 33.7 22.8
47.3 20.3 62.1 54.2 6.8 7.1 5 11.6 68 75.1 124.9 24.4 6.3 6.9 27 30.1 12.1 4.3 21.8 59 26 33.4 33.8 75.2 35.6 23.4 33.8 23.9
52.1 25.1 66.7 58.8 10 11 8.2 15.1 71.6 78.4 127.9 27.2 9.1 9.8 29.8 33.1 15 6.9 23.4 58.6 26.2 33 33.9 74.8 35.4 22.6 33.9 25.1
54.4 27.3 68.1 60.4 11.5 14.2 10.9 17.8 74.2 80.8 130 28.5 11.8 13.3 32.8 35.9 18.2 10.1 25.9 61.6 29.7 36.1 37.4 77.9 38.3 25.4 37.6 29.9
53 23 64.9 57.6 10.4 14.9 11.7 18.7 74.3 81.1 130 26 14.1 16.2 34.9 37.7 20.3 12 28.4 67.1 35.4 41.5 42.8 83.4 43.3 30.7 43.9 37
49.6 18.6 60.4 53.5 8.6 13.2 10.7 17.7 73 79.5 128.5 21.9 15.1 16.9 35.2 37.7 20.5 12 29 70.9 39.1 45.4 45.9 86.9 46.6 34.3 48.4 42.1
48.5 20.3 60.2 53.1 9.1 12.7 10.6 17.4 73.3 79.6 128.9 22.1 15.8 17 35.6 38 20.8 12.3 29.5 71.9 40.1 47.2 46.5 87.9 48.1 35.9 50 44.4
51.3 25.3 65.2 57.6 13 15.1 13 19.6 76.5 83.2 133.2 28.7 17.8 18.5 37.9 40.7 23.2 15.1 31.9 71.8 39.9 47.7 47.1 88.5 49.6 37.4 50.3 45.8
56.4 30 73.7 65 18.4 18.2 16.2 23.5 81.3 88.3 138.3 36 19.7 20.4 40.6 43.9 26.2 18.2 34.4 70.3 38.4 46.4 46.9 88.5 50.1 38 48.8 45.5
60.6 35 82.9 72.6 22.4 19.3 18.3 27 84.9 91.6 140.5 37.2 19.2 20.7 41.5 45.3 27.3 19.5 34.5 67 35.6 43.7 45 86.9 48.7 36.8 45.4 43.4
61.1 39 87.5 76 22.1 17.9 17.8 27.8 85.4 91.3 138.7 32.1 16.9 19.1 40 43.9 26 18.8 33 64.5 33.6 41.8 43.4 85.3 47.3 35.5 42.8 41.9
57.2 38.6 84.9 73.1 17.8 15 14.8 25.3 83 88.3 134.8 25.7 14.3 16.9 37.1 40.8 24.1 17.3 31.9 65.1 34.3 42.8 43.8 86 47.9 36.2 43.4 43
53.4 36.1 81.3 69.2 14 12.7 12.2 22.6 80.7 85.8 132.1 22.7 13 15.9 35.3 38.6 23.2 16.3 31.9 67.3 36.5 45.1 45.5 88.3 50 38.1 45.5 45.7
54 38.1 83 69.8 14.6 12.6 12.4 23.3 81.5 86.3 132.7 23.9 13.3 16.5 35.7 38.9 23.7 16.6 32.2 67.5 37.3 45.7 46 89.6 51.1 38.8 45.7 46.9
58.3 45.6 89.5 75 18.4 14 15.1 26.5 84.8 89 135 26.7 14.7 17.9 37.6 41 25 17.8 32.4 64.9 35.7 43.8 44.3 88.4 50.1 37.2 43.5 45.3
62.5 50.7 95.1 80.3 21.8 15.9 18.2 29.2 87.8 91.3 136.9 28.8 16.3 19.1 39.3 43 26.3 19.1 32.7 62.1 33.9 41.9 42.4 86.9 48.5 35.4 41.5 43.2
63.3 49.1 94.9 81.5 22.3 16.8 19.2 29.1 88.1 91.4 137.1 29.7 17.2 19.5 39.6 43.1 26.4 19.4 32.9 61.5 33.5 41.3 41.5 86.3 47.8 35 41.7 42.7
60.7 44.8 90.3 78.2 20.8 15.9 17.9 26.6 85.5 89.9 136.1 29.7 16.8 18.7 38.5 41.4 25.3 18.6 32.6 63.2 34.4 42 42.1 86.9 48.8 36.3 43.5 44.1
56.1 40.6 82.8 71.9 18.4 14.2 15.2 23.4 81.4 87.3 134.6 29.6 15.7 17.8 36.8 39 23.9 17.9 32.8 66.7 36.4 43.7 44 88.7 51.4 39.1 46.8 47.7
51.2 34.5 73.6 64 15.3 13.1 12.4 20.2 77.1 84.5 133.3 29.6 15.4 17.1 35.2 37 23.2 17.8 33.8 70.3 38.5 45.4 45.9 90.5 53.7 41.9 50.4 52.1
49.5 28 67.8 59.2 13.4 13.6 11.3 18.6 75 83.1 132.9 30.1 16.5 17.1 34.8 36.3 23.2 18.1 34.7 71.7 38.7 45.7 45.8 90.6 53.7 42.4 52 54.2
52.6 27.2 69.4 61.4 15 16.2 13.3 19.9 76.8 84.7 134.8 33.4 18.5 18.1 36.4 37.7 24.3 19.3 35.2 70.3 36.8 44 43.9 88.7 51.5 40.7 51 52.9
57.3 31.4 74.2 66.7 19.5 19.8 16.6 22.9 80.3 88 138.7 40.5 20.6 19.8 38.8 40.2 26.1 21.3 36 68.8 35 42.3 42.5 87.1 49.7 39.4 49.8 50.9
58.7 32.1 74.4 67.9 22.1 21.8 18 24.2 81.3 89.7 141.5 47.1 21.7 20.7 39.7 41.5 26.9 22.4 36.9 69.7 35.2 42.2 43.1 87.5 50.3 40.2 50.6 50.7
54.8 24.3 67.5 62.1 18.7 20.3 15.3 21.5 77.5 86.8 139.5 46.1 20.4 19.3 37.6 39.6 25 20.8 36.2 71.6 36.5 43 43.9 88.6 51.3 41.2 52.2 51.7
48.3 15.4 58.5 53.3 11.5 16.2 9.8 16.2 71 81 133.3 36.2 16.7 15.5 33.4 34.9 20.4 16.4 33.3 71.6 35.9 42.4 42.5 87.5 49.7 39.5 52.7 51.4
45.1 14 55.4 49 7.2 13.4 6.6 13.3 67.6 77.3 128.5 25.5 14.2 12.8 30.8 31.6 17 12.9 30.9 69.8 34.4 41.1 40.5 85.1 46.8 36.6 52.3 50.6
48 18.8 60.4 52.6 9.2 15.3 8.6 15.6 70.3 78.9 129 21.4 15.6 14.1 32.6 33.1 18 13.3 31.9 68.6 34.3 41.2 40.6 84.5 46.1 35.9 52.2 50.6
55.1 25.9 70.8 62 14.5 20.8 14.1 21.1 77.1 84.1 132.9 23.6 19.3 18 36.9 37.7 21.8 16.4 34.3 67.8 35.2 42.1 41.7 85.3 46.9 36.4 51.1 50.2
61.9 34.2 82.1 72.6 18.4 25.5 18.5 26 83.2 88.7 135.9 27.7 21.6 20.7 40 41.4 24.5 18.3 34.7 65.8 35 41.9 41.4 85.1 46.4 35.2 47.7 47.6
64.2 40.4 87.8 77.4 18.4 26.1 18.8 27.1 84.9 89.8 136 30.4 20.8 20.1 39.6 41.4 24.4 17.3 32.6 63.3 34 40.8 40 83.9 44.8 33.1 43.4 43.7
61.7 40.4 86 74.8 15.4 22.9 16.1 24.8 82.5 87.7 134.1 31 18 17.6 37 38.8 22.2 15 30.2 63 34.2 40.9 40.1 84 44.6 32.9 40.5 41.7
58.6 37.3 83 70.6 13.3 19.6 14.1 22.9 80 85.6 132.9 31.3 15.8 15.9 35.1 36.9 20.7 13.8 29.2 64.9 36 42.5 42 85.5 46.2 34.8 40.5 42.6
59.6 38.9 84.9 71.1 15.3 18.7 15.1 24 80.4 86.1 133.6 31.5 15.8 16.3 35.4 37.3 20.9 14.4 29.4 66.2 37.2 43.3 43.1 85.9 47.5 35.6 41.7 44.2
64 46.7 91.2 76.1 20.3 20.1 18 27.2 83.3 88.4 135.1 30.3 17.3 18 37.3 38.9 22.1 15.5 29.4 65.1 36.2 42 42 84.4 46.7 34.2 42.4 44.4
67.5 52.1 96.1 80.3 24.3 21.4 19.7 29.4 85.5 90 135.5 27.4 18.5 19.1 38.7 39.9 22.9 15.8 29.3 63.1 34.4 40 39.9 82.5 44.5 32.1 42.6 43.6
66.2 49.2 94.4 79 23.4 20 17.7 27.7 84.1 88.8 133.6 24.2 17.4 17.7 37.2 38.1 21.6 14.6 28.8 61.3 32.5 38 37.5 80.5 41.9 30.7 42.8 42.6
61 42.2 87 73 18.3 15.9 12.7 22.6 79.4 85 130.5 22.2 14.3 13.9 32.9 34 18.1 12 27.6 60.1 30.8 36.2 35.5 78.5 39.8 29.7 42.4 41.7
54.7 35.6 77.2 65.3 12.2 11.7 7.8 17 74.4 81 128.5 21.9 11.6 10.3 29 30.3 14.9 10.1 27.3 61 30.5 35.9 35 77.9 39.9 30.7 42.2 42.1
49.8 28.6 67.6 58.1 8.3 9.4 5.3 13.3 71.2 78.7 128.2 22.7 11.3 9 27.7 28.8 14.1 10.2 29.3 64.3 32.2 37.1 36.2 79.2 42.2 33.5 43.1 44.1
47.9 22.5 62.2 54 8 9.2 5.2 12.3 70.3 78.4 128.8 23.7 12.4 9.6 28.5 29 15.1 11.5 31.8 66.2 33 37.6 36.7 80.2 43.7 35.3 43.5 45.1
49.2 21.1 62.8 54.4 10.6 9.6 5.9 13.2 70.8 79.2 129.5 24.9 12.3 10.2 29.3 29.4 15.7 12.1 32.2 63.4 30 35 34.4 78.2 41.3 33.2 41.4 42.8
50.5 22.7 65 55.8 13 9.3 5.5 13.7 70.6 79.4 129.8 26.3 10.3 9.5 28.7 28.6 15 11.3 30.6 58.4 25.5 30.8 31.1 74.1 37 29.2 38.4 38.6
49.4 21.3 63.7 55.2 12.8 8.2 3.9 12.6 69.3 78.4 129.8 28.3 8.3 8.5 27.4 27.6 14.1 10.8 29.3 57 24.2 29.7 30.5 72.6 35.8 28.2 38.5 37.5
46.1 14.9 58.6 52 10.4 6.9 1.7 10.2 67.6 76.7 129.3 29.7 7.7 7.9 26.4 27.2 13.7 11.3 29.5 60.1 26.8 32.7 33.5 75.3 38.7 31 42 40.3
42.3 10 53.2 48.4 7.5 5.4 -0.4 7.7 65.7 74.6 127.7 28.8 7.6 7.2 25.5 26.9 13.3 11.6 29.9 63.5 29.5 36.1 36.5 78.5 41.8 34 45.3 43.4
41.3 11.3 52.7 48.4 7.2 5 -0.5 7.6 65.4 74.4 127.2 26.7 8.5 7.5 25.8 27.6 13.7 12 30.3 64.7 30.5 37.7 38 80 43 35.2 46 44.2
44.7 15.4 58.1 52.9 11.2 6.9 2.4 11.1 68.3 77.5 129.6 26.6 11.4 9.5 28.3 30.4 16.2 13.6 32 64.5 30.9 38.6 39.2 80.4 43.2 35.4 45.1 43.7
50 19.4 66.9 60.2 16.9 9.7 6.2 15.7 72.9 81.8 133.4 28.4 13.2 11.3 31.3 33.8 18.9 15.3 33.5 62.3 29.9 38 39 79.3 42.2 33.9 42.6 41.8
54.3 25.7 76.2 68 21.3 11.2 8.4 18.9 76.9 84.7 135.7 30.6 11.5 11.5 32.8 35.9 20 15.9 32.6 58.7 27.3 35.9 37.6 76.6 40.1 30.9 39.2 38.7
55.7 32.9 81.5 72.4 22.6 10.8 8.4 19.7 78.6 85.4 136.1 32.4 8.3 10.9 32.9 36.5 19.8 16.1 30.9 57.4 26.2 35.4 37.4 75.6 39.4 29.5 38.4 37.2
54 34.9 80.5 71.3 20.7 9.7 6.5 18.6 77.7 84.3 135.4 32.7 6.9 10.9 32.5 35.8 19.3 16.3 30.5 60.4 28.7 38.6 40.1 78.1 41.8 31.2 41.4 39.3
52.1 32.1 77.7 68.4 18.4 10.1 4.8 17.6 76.3 82.9 134.5 31.9 7.7 11.3 32.2 34.7 18.8 16 30.8 64.5 32.4 42.8 43.4 81.5 44.8 33.7 45.4 42.2
52.7 32 78.7 68.5 18.4 13.1 5 18.4 76.7 83.1 134.5 31.9 9.4 11.8 32.5 34.5 18.8 15.3 30.8 65.5 33.7 44 43.7 81.9 45.1 33.7 46.2 42.1
55.4 38 84.1 72.5 20.8 16.9 8 20.9 78.9 85 135.4 33.3 10.9 12.5 33.3 35.2 19 14.9 30.1 63.4 32.1 41.8 41 79.2 42.3 31.1 43 38.6
58.1 43.4 89.2 76.8 23.2 19.4 12 23.4 81.2 87.3 136.5 34.4 12.2 13.6 34.5 36.5 19.3 15 29.4 61.2 30.3 39.3 38.4 76.6 38.9 28.3 38.8 34
58 42.3 89.2 76.8 22.9 18.7 13.4 23.1 81.1 87.1 135.4 32.8 12.4 14 34.6 36.9 18.5 14.1 28 60.1 29.7 38.4 37.6 75.2 36.4 26.4 35.6 30.3
54.9 37.7 84 71.7 19.4 14.6 10.8 20.2 78 83.6 131.4 27.7 11.3 12.7 32.9 35.1 16.1 11.2 25.4 59.7 30.1 38.6 37.8 74.3 34.7 24.8 33.5 27.6
50.9 33.2 75.7 63.9 14.2 10.5 7.4 17 74.1 79.2 126.9 22.3 10.8 11.5 31.4 32.5 13.9 8.5 23.2 61.7 32.2 40.3 39.4 74.8 34.8 24.9 33.7 27.3
47.6 27.7 66.9 56.2 9.9 9.6 6.3 15.3 71.3 76.6 124.9 19.7 12.7 12.5 32 31.6 13.8 8 23 66.6 36.1 43.4 42.2 77.1 37 26.6 36.9 29.5
46.7 23 62.3 52.9 8.9 12.2 8.3 16.2 71.1 76.9 125.9 20.8 15.8 15.2 34.5 32.8 15.5 8.8 24.1 70.7 39.2 45.6 44 78.8 38.5 27.4 39.3 30.5
49.2 23.3 64.2 55.3 11.6 16.1 11.7 18.9 73.2 79.3 128.5 23.8 18.5 18.3 37.4 35.3 17.5 9.7 25.1 70.8 38.9 45 42.8 77.8 37 25.1 37.4 27.6
52.7 26.8 67.2 58.4 14.3 18.4 13.7 20.9 74.8 81.3 130.2 26 19.6 19.9 38.8 36.9 18 10.1 25.5 68 36.5 42.8 40.2 75.2 34.2 21.5 32.8 22.7
53.6 26.6 66 57 14.1 17.8 12.6 20.3 73.6 80.8 129.6 25.9 18.9 19.6 37.9 36.9 17.1 10 25.1 66.3 35.3 42.1 39.9 74.4 33.4 20.6 29.8 20.2
51.3 20.6 60.3 51.6 11 15.5 9.7 18 70.7 78.2 127.4 24 16.9 18 36.3 35.9 16.3 9.6 24.4 67.7 37.1 44.1 42.4 76.5 35.5 22.9 30.9 21.4
48.1 15.6 55 46.7 7.7 13 7.6 16 68.1 75.2 124.8 21.5 14.9 16.5 35.6 34.8 15.8 8.6 23.2 70.2 39.8 46.9 45.2 79 37.5 25 33.6 23.1
48.9 18.1 56.2 47.9 8.2 13.4 9.7 17.4 69.3 75.8 125 21.8 15.6 17.9 37.7 36.3 17.4 8.9 23.5 72.7 42.7 49.7 47.3 81.1 38.7 25.8 35.3 23
55.2 25.8 64.8 56.2 14.5 18.4 17.2 23.8 75.6 81.8 130.1 26.6 21 24 43.5 42.3 22.1 12.6 26.9 75.9 46.5 53.3 50.4 83.8 40.7 27.1 36.4 22.1
64.2 34.3 77.4 67.9 23.8 24.9 25.6 32.1 84.2 90 137.2 32.8 27.5 30.9 50.1 49.6 27.6 17.6 31.1 77.3 49.1 55.7 53.2 86 42.8 28 35.9 20.5
71.1 42.2 89.2 78.1 31.6 28.3 29.8 37.8 90.7 95.5 141.3 35.9 29.5 33.7 53.5 53.3 30.3 19.9 32 74.8 48.1 54.9 53.3 86 42.8 26.4 32.5 17.3
72.5 47 94.3 82.1 33.9 26.6 28.2 38.2 91.8 95.8 141 35 26.2 31.3 52 52.4 29.1 18.6 29.8 70.8 45 52.6 51.4 84.7 41.3 24 28.3 13.5
68.5 46.1 91.1 79 29.7 21.7 23.1 34.4 88.4 92.1 137.8 31.9 21 26.6 47.8 48.5 25.8 15.3 26.3 68.8 43.3 51.6 49.9 84.2 40 22.8 26 10.9
63.9 42.9 86.3 74.7 23.5 18.1 19.1 30.9 85.1 88.5 134.9 29.9 17.9 23.3 44.5 45.1 23.3 12.8 23.7 69.1 43.5 52.2 50.2 84.7 39.5 22.9 25.7 9.7
64 45.1 87.6 75.5 21.7 18.9 19.8 31.7 86.3 89 135.1 31.5 18.4 23.7 44.7 45 23.8 13.1 23.3 69.7 44.2 52.7 50.9 85 39.4 22.6 25.9 8.5
68.9 53.8 95.3 81.7 25.9 23.1 24.5 36 91.3 93.4 138.6 36.2 21.3 26.6 47.8 47.5 26.7 15.7 24.8 68.9 43.9 51.9 50.5 84.5 39.3 21.2 25.4 6.4
73.7 59.8 102.5 88.1 32 27.2 29.1 40.2 96 97.9 142.8 41.1 24.1 29.5 50.5 50.1 29.5 18.6 26.8 67.5 43.1 50.6 49.4 83.7 39.2 19.5 24.6 3.8
73.4 57.4 102.6 88.8 33.7 27.5 29.3 40.4 96.1 98.3 143.6 42.2 24 29.1 49.7 49.4 29.4 18.8 27 66.2 41.2 48.8 47.8 82.5 38.2 18.1 23.8 1.3
67.6 50.5 95.3 82.6 28.2 23.3 24.3 35.7 90.9 93.5 139.5 37 20 24.5 44.9 44.9 25.3 15.4 24.3 64.5 38.2 46.5 45.3 80.1 36.1 16.5 21.9 -1.7
60.4 43.2 84.3 71.8 18.8 18 17.7 28.8 83.5 86.5 133.2 28.3 15.4 18.9 39.3 39.3 20.1 11 21.1 64.1 36.3 45 43.2 78.3 34.8 15.7 20.3 -4
55.3 35.6 73.5 60.9 11 15.2 13.4 23.3 77.6 81.3 128.1 20.9 13.8 16.1 36.5 35.7 17.3 8.8 19.9 66.6 36.7 45.2 42.9 78.2 35.1 16.3 20.8 -4.4
54.1 29.4 67.7 55.7 8.1 15.7 12.5 21.2 75.2 79.3 125.5 16.8 14.6 16.2 36.1 35 16.7 8.8 20.2 68.2 36.7 44.6 42.3 77.7 34.4 15.7 21.5 -5.3
56.5 29.1 68.8 58 10.3 18.1 13.7 22.2 76.4 80 125.3 15.7 15.7 17 36.6 35.8 17.2 9.3 20.5 66.1 33.7 41.5 39.5 75 31.3 12.3 19.4 -9.1
59.6 33.1 72.2 62.9 14 21.1 15.4 24.2 78.6 81.8 126.5 17.7 16.5 17.6 37 37.1 18.2 10.1 21.2 63 30.6 38.1 36.6 72.5 28.5 9.3 16.8 -12.8
60.4 33.3 72 64.2 15.5 22.8 16 24.7 79.4 83.1 128.3 21.7 17.2 17.7 37.2 38 19.4 11.3 22.4 62.9 30.9 37.9 36.9 73.4 29.4 10.1 18 -12.2
57.8 26.8 66.9 60.2 13.7 22 14.6 22.6 77.5 82.5 129.1 25.1 17 17.1 36.4 37.4 19.7 12 23.3 65.8 33.7 40.5 39.3 76.5 32.9 13.7 22.6 -7.9
54.3 21.3 61.3 54.8 10.6 19.7 12.4 19.6 74.4 80.5 128 25.1 15.6 15.5 34.7 35.5 18.6 11.1 23.2 68.2 35.4 42.4 41 78.4 35.6 16.6 26.3 -4.2
53.8 22.8 61.2 53.6 10.4 19.7 12 19.1 73.5 79.9 127.6 23.5 15 15 34.3 34.5 18 10.4 23.8 68.9 35.7 43 41.5 78.8 36.7 18.2 27.5 -2.4
57.3 27.2 66.9 57.8 14.4 23.3 14.4 21.9 76 82.3 130.1 25.3 16.5 16.6 35.9 36.1 19.3 12 25.7 67.8 35.4 42.9 41.2 79 36.7 18.8 26.6 -2.1
61.6 31 75.2 64.9 19.8 26.2 16.8 25 79.2 85.5 133.5 31.3 17.1 17.4 36.7 37.7 20.4 14 26.3 63.5 32.7 40.4 38.8 77.2 34.2 16.8 23.1 -4.5
64 36.1 83.4 71.9 23.4 24 17 26.3 81.1 86.9 135.1 36.3 14.4 15.2 35.4 36.9 19.4 13.7 24.1 56.7 27.7 35.6 34.7 73 29.8 12.7 18.1 -8.4
63.5 41.6 87.9 75.5 24.4 18.2 15.3 25.9 81.4 86.2 134.5 35.1 10.9 11.7 33.6 34.9 17.8 12.1 21.9 53 24.6 32.7 32.5 70.3 27.7 11.1 16.3 -9.5
60.7 42.5 86.8 74.5 23 13 13.3 24.5 80.4 84.5 132.6 28.3 9.1 9.7 32.6 33.7 16.9 10.9 21.7 55.2 26.4 34.4 34.1 72.2 30.5 14.2 19.8 -5.9
58.7 40 84.6 72.1 20.6 11.3 12.4 23.4 79.6 83.1 130.7 21.3 9.5 9.8 32.7 33.6 16.7 10.2 22.5 59.9 30.7 38.2 37.1 75.9 34.5 18.6 24.8 -1
59.9 40.9 86.1 72.8 19.6 13.5 13.5 23.9 80.3 83.2 129.9 19.6 10.9 11.6 33.2 34.2 16.9 9.9 22.9 62.2 32.8 40.1 38 76.8 35.4 19.7 26.5 0.7
63.9 47.9 91.8 77.9 21.5 18.2 16.6 26.4 83.1 85.3 131.3 24.8 13 14.3 34.7 35.7 17.9 11.1 23.3 61.3 31.8 39.3 36.6 74.6 33.4 17.9 24.8 -0.4
68.3 54.3 98.1 83.9 25.4 23.3 20.2 29.9 86.9 88.7 134.9 33.1 15.6 17.1 37.2 38.2 20 13.9 24.9 60.5 30.9 38.5 35.8 73.4 32.2 17.1 23.9 -0.6
69.1 53 98.6 84.6 26.9 25.3 20.9 31 87.5 89.8 136.7 36.1 16.4 17.6 38.1 38.8 20.5 14.8 25.8 60.4 30.7 38 35.6 73.4 32 17.4 24.8 1.1
64.4 46.2 91.3 77.6 22.5 22 16.9 27.2 82.3 85.5 132.7 29.2 13.6 14 34.6 35.1 16.9 10.7 23.3 59.5 29 36.2 33.7 71.6 30.7 16.6 25.2 2.2
57.2 38.3 79.6 66.4 14.2 16.8 10.7 20.7 74.7 78.4 125.1 18 9.7 9.2 29.2 29.4 11.5 4.6 19.7 59.5 27.7 34.5 31.6 69.6 29.9 16.1 26 3.7
52 30.3 68.5 56.6 7.3 14.6 7.2 16.1 69.6 73.6 119.9 11.3 8.8 7.7 26.5 26.4 8.8 1.8 19.2 62.6 29.3 35.3 32.1 70.4 31.7 18.4 29.3 8.1
51.5 25 63.9 53.2 5.9 17 8.2 16 69.5 73.4 119.9 12.2 11.4 10.3 28.2 27.7 10.4 3.8 22 66 32.2 37.6 34 72.8 34.6 21.8 33.4 13.7
55.3 26.6 66.8 56.5 9.7 21.5 12.2 19.6 73.3 76.9 124 17.8 15 14.5 32.4 31.4 13.9 7.9 25.8 66.6 33.1 38.4 34.7 73.8 35.7 23.2 35.2 17
59.5 31.9 71.5 61.2 14.2 24.6 15.8 23.3 76.9 80.7 128.2 23.4 18 17.6 35.7 34.5 16.6 11.1 28.5 65.8 32.6 37.9 34.2 73.1 34.9 23.5 34.9 18.3
60.5 32.5 71.7 61.8 15 24.8 16.7 24.6 77.2 81.8 129.8 26.4 19.9 18.9 36.8 35.4 17 12 30.1 67.1 33.4 38.8 34.6 73.7 34.9 25.3 35.8 20.8
57.8 26.3 66.6 57.5 11.7 22.4 15 22.9 74.3 79.6 128.3 26.7 20.7 18.6 35.8 34 15.2 10.8 30.5 70.4 36 41.3 36.4 75.9 36.8 28.4 39 25.3
53.7 20.5 60.5 51.3 7.1 18.9 12 19.5 70.3 75.5 125.1 25.2 19.9 16.7 33.4 31.1 12.4 8.2 29.5 72.7 37.7 42.7 37.2 76.8 38.2 30.2 42 29.2
52.2 20.9 59 48.7 5.4 17.1 10.4 17.4 68.9 73.4 123.6 24.6 18.8 15.2 31.8 29.5 10.9 6.5 28.3 73 37.7 42.3 36.8 76.3 38.6 30.4 43.4 31.6
54.7 24.5 63.1 51.8 8.1 18.4 12.1 19 71.4 75.4 125.6 26.6 19.1 16.2 32.8 30.8 11.9 7.2 28.7 72 37.4 41.5 36.7 76 38.7 30.5 44.5 34
59 28.8 71 59.6 13.4 20.5 15.2 22.6 75.9 79.2 129.2 29.3 20.2 18.1 34.9 33.2 14.2 9 29.6 69.6 36.3 40.5 36.3 75.6 38 30 45 35.5
62.3 34.8 80.1 68.4 17.9 20.8 17.1 25.6 79.6 81.9 131.1 30.4 20.4 18.9 35.9 34.5 15.5 9.5 29.2 66.4 34.3 39.2 34.9 74.1 36.4 28.1 44.4 35.5
62.2 39.4 85 72.2 18 18.8 16 25.9 80.2 81.8 130.1 29.7 19.4 18.1 35.3 33.8 14.4 8 27.6 65.3 33.5 38.6 34 73.2 35.8 26.9 45.1 36.4
58.2 38 82.9 69.5 13.3 15.5 12.6 23.2 77.3 79 127 27.9 17.3 16.2 33.5 31.6 11.7 5.2 26.1 67.3 35.2 40 34.9 74.4 37.6 28.7 48.2 39.9
53.9 33.1 78.4 65.2 8.5 12.1 9.4 19.6 73.9 75.9 124 25.6 15 13.8 31.4 29.1 9 2.8 24.4 68.6 36.6 41.4 35.9 75.9 39.2 30.6 49.3 41.9
52.1 32 77 64.3 7.6 9.6 7.4 17.2 72.3 74 122.1 23.3 12.5 11.1 29.3 26.7 7 1 21.9 64.6 33.4 38.8 33.3 73.9 36.9 28.5 42.7 37.6
53.1 37 80 67.2 10.1 8.5 6.7 16.9 72.7 74.2 121.5 21.4 10.2 8.7 27.4 24.9 5.5 -0.5 19.1 57 26.9 32.7 27.8 69 31.4 23.3 32 29.7
56 42.2 84.9 71.6 13.7 9.8 8 19 74.9 76.6 123.1 21.7 10.1 8.6 27.4 25.7 6.3 0.5 18.9 53.1 23.5 29.4 25 66.7 29 20.8 27.7 27.5
58.7 42.6 87.1 73.6 15.8 12.8 10.4 21.5 76.9 79.4 126.1 24.1 12.3 10.6 29.3 28.6 9.4 3.9 21.7 55.7 26 31.8 27.2 69.6 31.9 23.3 33.3 33.6
57.8 38.9 83.5 70.3 14.7 13.4 10.1 21.1 75.7 79.5 127.2 25 13 11.2 29.5 29.4 11 5.9 23.8 60 29.5 35.4 30.5 73.2 36 26.6 41.2 40.9
52.1 32.3 73.3 61.3 10.6 10 5.4 16.3 70.5 75.8 124.4 22.4 10.4 8.6 26.2 26.1 9 4 22.9 61.8 30.2 36.2 31.4 74.2 37.5 28.1 44.6 43.8
45 23.1 60.9 50.8 6.3 6.1 -0.3 10.3 64.3 71.3 120.7 19.1 7.4 5.3 22.2 21.8 5.9 1 21.1 62 29.1 35 30.5 73.6 37.4 28.9 43.7 43.5
41.7 15.4 54.1 45.8 5.2 5.2 -2.6 7.8 61.2 69.8 120 18.5 6.6 4.1 20.7 20.1 5.1 0.2 21 61.4 27.6 33.4 29.7 72.9 36.7 29.5 41.5 42.6
43.5 14 55.4 47.5 6.9 6.9 -1.2 9.1 61.9 71.4 122.3 20.9 7.4 4.9 22.1 20.8 6.5 2 22.5 59.4 25.2 31 28.6 71.4 35.3 28.5 39.6 41.7
46.3 16.8 58.2 50.2 7.4 8.8 0.7 10.4 63.9 72.9 124.1 23.4 8.2 6 23.7 21.7 8 4.4 24 57.4 22.7 28.9 27.5 69.5 33.7 26.5 39 41
46.2 16 56.4 48.8 4.6 8.9 0.4 9.6 64.1 71.9 123.5 23.7 8.4 6.1 23.8 21.6 8.2 5.4 24.7 57.8 22.5 29.5 28.1 69.7 33.9 26.3 41.3 42.5
43 9.2 50.5 43.7 0.2 7.1 -1.9 7.2 61.7 69.3 121.1 22.4 8 5.3 22.5 20.9 7.3 4.5 24.3 60.8 25 32.5 30.4 72.4 35.7 28.4 45.4 45.8
39.5 4 45.8 39.3 -2.7 4.7 -4.1 5.4 58.6 67.4 119.2 22.4 7.1 4.2 21.3 20.2 6.3 3 23.3 63.9 27.7 35.3 32.5 75.2 37.7 30.5 48.2 48.2
40 6.7 47.3 40.4 -1.5 4.8 -2.9 6.6 59 68.8 120.8 26.3 8.1 5.2 22.7 21.5 7.6 3.9 23.8 66.5 30.3 37.8 34.6 77.8 40 32.4 49.9 50.2
45.1 13.5 54.8 47.2 3.5 8.5 1.7 11.1 64.2 73.4 125.8 32.3 11.8 9.1 27.3 25.5 11.9 8.1 26.6 68.8 33 40.4 37.4 80.6 42.9 34.5 51.9 52.8
51.6 20.1 64.8 56.4 9.1 12.8 5.8 16.4 70.5 78.3 130.2 35 15 12.5 31.7 29.9 15.8 12 28.9 68.8 33.7 41.2 38.8 81.8 44.1 35.1 52.3 53.9
56.6 27.1 74.6 64.5 13 15.2 7.9 20.6 74.7 81.4 131.3 31.9 15.4 14 33.7 32.5 17 12.9 28.7 65.8 32.1 39.9 37.9 80.8 42.9 33.1 50.2 52.4
58.1 33.1 79.7 68 13.4 15.4 8.5 22.2 75.9 81.7 129.3 25.3 14.4 14.5 33.8 33.4 16.4 11.6 27.1 63.8 31.5 39.5 37.8 80.3 42.4 31.7 49.2 51.3
55.2 32.9 78.1 65.6 9.9 13.3 7.6 20.6 74.2 79.4 125.8 18.9 13 13.8 32.5 32.6 15.2 9.6 25.1 64.7 33.3 41.4 39.7 82 44 32.9 50.9 52.7
50.8 27.9 74.5 61.5 5.8 10 5.7 17.5 71.4 76.6 122.9 16 10.9 11.6 30.5 30.5 13.9 7.6 23.1 65.6 34.4 42.7 41.3 83.9 45.5 34.6 51.7 53.4
49 26.7 74.6 61 4.9 8 4.5 16.2 70.6 76.1 122.5 17.3 8.8 9.5 29.1 29 13 6.5 21.7 63.4 32.5 41.1 40.2 83.3 44 33.6 48.4 50.3
51.2 33.2 79.6 65.4 8.5 8.4 5.6 18.3 72.8 78.4 124.8 20.7 8.1 9.3 29.6 29.7 13.6 7.3 21.8 59.2 28.8 37.8 37.6 80.7 41.1 30.6 43.3 45.2
55.5 40.5 86.1 71.5 14.2 10.5 8.6 22.6 77.3 82.7 129.1 24.8 9.8 11.5 32.7 32.8 16.6 11.1 24.5 57 27.3 36.7 37.2 79.7 40.9 29.9 41.3 43.7
58.1 42.4 89.3 74.6 18 12.3 11.5 26 81.1 86.4 133.2 27.9 13 14.6 36.4 36.5 20.9 15.8 28.1 58.2 29 38.8 39.8 81.8 43.7 32.8 42.8 46.6
57.6 41.1 87.2 73.2 18.3 12.2 12.3 26.6 82 87.7 134.9 28.5 15.7 16.7 38.2 38.5 23.9 18.4 30.6 61.4 32.2 42.3 43.5 85.5 47.5 36.8 45.7 51
55.6 39.5 81.3 68.6 16.7 11.7 12 25.4 80.8 87.4 135 27.7 17.6 18.4 38.8 39.4 25.7 19.7 32.5 66.1 36.3 46.7 47.8 90.3 52.2 41.1 49.7 56.3
54.3 36.1 74.4 63.7 15.6 13.2 12.7 24.8 79.8 87.6 135.6 28 19.2 20.7 40.5 40.9 27.7 22 35.9 72.2 41 51.5 52.5 95.6 57.5 45.9 55 62.2
55.6 31.4 70.7 61.7 16.1 16.5 14.4 25.3 79.9 88.5 137 29.8 19.9 22.7 42.5 43.1 29.5 24.3 39.3 76.3 43.5 54 54.8 98.2 60 48.8 58 65.4
57.6 28.9 70.2 62 16.4 18.6 15.1 25.2 79.6 88 137.1 30.6 18.4 22 42 43.1 28.7 23.4 38.8 74.3 40.3 50.5 51.1 94.4 56 45.8 54.1 61.6
57.1 27.4 68.6 60.2 14.1 17.5 12.7 22.1 76.7 84.3 134.1 28.2 15.2 18.3 37.9 38.9 24.4 18.7 34.3 67.9 32.9 42.4 43 85.8 47.4 38.4 45.6 53.1
53.2 22.1 63.1 54.3 9.1 14.4 8.5 17.2 71.5 78.8 129.4 23.9 12.1 13.8 32.3 32.7 18.2 13 29.1 62.7 27.3 35.8 36.4 78.6 40.5 32.3 39.1 46.6
46.9 12.2 54.7 45.6 2.5 10.6 3.7 11.8 64.9 72.7 124 19 9.5 9.3 27.1 26.7 11.8 7.7 24.9 61.1 25.3 32.7 33 75.2 37.5 29.5 36.4 43.9
40.2 4.4 46.5 37.2 -4.5 6.5 -1.1 6.2 58.3 66.4 117.9 13.4 6.2 4.5 22.1 21.1 5.7 2.3 20.7 59.7 23.6 30.3 29.8 72.2 34.9 26.9 33.7 41.3
36.5 3.8 43.2 33.5 -8.6 4 -3.5 3 54.3 62.3 113.2 9.1 3.4 1 19 17.2 1.3 -2.1 16.9 57.3 21 27.8 26.1 68.4 31.4 23.7 29.9 37.8
38.7 8 46.7 36.6 -7 5.5 -1.4 4.7 55.6 63 113 9.1 3.9 1.2 19.5 17.6 1.1 -3 15.7 55.7 19.6 26.8 24 65.8 28.9 21.8 27.3 35.6
46.5 15.2 56.9 45.8 0.6 10.5 4.7 11.1 62 68.3 117.6 13.6 7.7 5.3 23.5 22.1 4.7 -0.1 17.6 55.1 19.9 27.3 24.2 65.1 28.3 21.6 26.6 35.2
55.6 25.5 70.1 57.5 9.7 15.9 11.2 18.4 69.9 75 123.9 19.4 11.5 9.8 28 27.6 8.9 3.8 20 54.3 20.8 28.1 25.6 65.2 28.6 22 26.2 34.8
60.1 34.1 78.4 64.7 14.2 17.9 13.7 21.8 74.4 78.4 127 22.3 12.6 11.4 30 29.8 10.3 5.5 20.7 53.8 21.8 28.9 27.2 65.4 29.1 22.6 25.7 34.1
58.1 35 78.1 64 11.6 15.8 11.3 20.2 73.3 77.3 125.6 20.8 11.1 9.4 28.9 28.2 8.1 3.9 19.5 54.8 23.4 30.5 28.5 66.2 30 24 26.1 34.2
54.3 30.9 74.5 60.7 6.6 12.5 7.2 16.8 70 74.2 122.2 17.5 9.1 6.3 26.3 25.1 4.8 0.7 17.7 56.1 24.5 31.8 28.5 66.5 30.5 25.1 26.3 34.2
53.9 31.1 75.1 61 5.1 12.3 5.7 15.9 69.2 72.9 120.3 15.4 8.1 5 24.5 23.3 3 -1.6 16.7 54.9 23.3 30.8 26.3 64.5 29 23.7 24.6 32.2
57.6 37.8 81 65.8 8.2 16 8 18.4 72.2 74.7 121.2 15.5 8.1 5.9 24.6 23.6 3.4 -1.8 17 51.4 20.4 27.8 23.1 60.6 25.5 20.3 21.2 28.4
61.5 42.9 86.3 70.5 12.1 19.8 10.8 21.4 75.3 76.9 122.8 16.3 7.3 6.7 25.5 24.6 3.9 -1.4 17.1 47.8 17.3 24.7 20.4 57 22.1 17 18.2 24.8
60.8 40.6 84.9 69.9 11.8 18.9 9.9 20.6 74 75.6 121.5 15.5 3.8 4.3 24.2 23.3 1.8 -3.4 15.2 44.6 14 21.5 17.8 53.8 19.1 14.3 15.4 21.1
55.9 35.3 78 64.4 7.8 13.1 5.5 16.3 69 71 117.6 13.5 -1 -0.2 20.9 19.6 -1.9 -7.3 12 42.4 11.5 18.9 15.9 51.4 17 12.6 12.7 17.9
50.5 31.1 69.6 57.4 3.6 7.1 1.5 12.3 64.7 67.3 115.1 13.6 -3.2 -2.6 18.6 17 -3.7 -8.9 11.2 44.1 12.4 20 17 52.3 18 13.9 12.9 18
47.2 26.1 61.9 51.4 1.1 4.3 0.1 10.4 62.9 66.3 115.6 16.4 -1.4 -1.5 18.7 17 -2.4 -6.8 13.8 49 16.3 23.9 20.5 56 21.4 17.9 16.5 21.3
46.6 20.2 57.8 48.4 0.8 4.2 0.1 10.3 62.3 66.9 117.2 18.9 0.7 0.2 19.3 17.9 -1.1 -4.6 16.3 51.3 17.9 25.6 21.4 57.4 22.6 19.6 18.2 21.8
47.3 17.2 57.6 48.2 2 4.5 -0.3 10.3 61.2 67.2 117.2 18.2 -0.2 -0.4 18.1 17.1 -2.3 -5.3 15.7 47 13.5 21.2 16.8 52.8 18.1 15.5 13.7 15.6
46.9 16.5 56.9 47 1.5 3.1 -2.3 8.6 58.4 65.3 114.7 13.9 -3.7 -3.4 14.9 14 -5.7 -8.9 12.5 39.9 6.3 13.7 9.8 45.7 10.9 8.2 5.9 6.5
44.3 13.4 52.5 42.7 -1.9 0.6 -5.2 5.2 54.8 61.8 111.2 9.2 -6.7 -6.6 11.9 11.2 -8.8 -12.4 9.8 36.7 2.9 9.9 6.3 42.6 7.3 4.3 2 1.8
41 6.9 46.2 37.5 -5.7 -1.1 -7 2.4 52.6 59.2 109.6 8.4 -7 -7.5 11.5 10.8 -9.1 -12.7 10 39.7 5.8 13 8.8 45.9 10.1 6.4 4.9 3.7
39 3.6 42.5 34.6 -7.2 -1 -6.8 1.5 52.4 58.9 110.4 11.4 -5.2 -6.3 13.2 12.2 -7.3 -10.3 12 44.6 11.2 18.9 13.9 51.3 15.6 10.9 10.3 7.5
40.5 7.4 44.8 37.1 -4.8 1.4 -4.4 4 55.1 61.8 113.4 15.7 -2.4 -3.6 16.4 14.9 -4 -6.7 14.4 48.2 15.4 23.7 18.2 55.6 20.3 14.3 13.8 9.7
45.9 14.1 52.5 44.1 1 6.5 0.5 9.6 60.9 67.6 118.2 20.1 1.9 0.8 21.2 19.7 1.2 -2.3 17.3 50.1 18.2 26.3 21.5 58.6 23.5 16.4 15.4 10.7
52.7 20.3 62.9 53.1 7.6 12 5.9 15.9 67.7 73.6 122.8 23.4 6.1 5 25.8 24.7 6.2 1.5 19.6 49.7 19 26.5 23 59.9 24.3 16.7 15.1 9.8
57.9 27.3 73.3 61.6 12.7 14.5 9.4 20.4 72.8 77.6 125.4 23.5 7.7 6.9 28.2 27.8 8.7 3.2 19.7 47.5 17.9 25.2 22.6 59.8 23.2 15 13.5 7
59.5 33.4 79.4 66.2 14 14.1 10.1 21.7 74.6 78.8 125.3 20.1 7 6.8 28.2 28.5 8.7 3.2 18.8 46.5 17.6 25.3 22.7 60.5 23 14 13.1 4.8
57.2 34 78.7 65.1 11 12.2 8.1 20.3 73.3 77.5 123.2 15.2 5.4 5.7 26.9 27.3 7.5 2.3 17.9 48.2 19.5 27.5 24.9 63.2 25.1 15.2 14.1 4.3
54.1 30.9 75.7 62.4 7 10.4 5.8 18.3 71.3 75.4 120.9 12.4 3.9 4.7 25.5 25.7 6.6 1.7 17.4 50 21.4 29.9 27.1 66 27.6 16.7 13.6 3.4
54 31.3 76.1 62.9 6.7 9.8 5.3 18.1 71.2 75 120.7 13.1 3.1 4.2 25.2 25.5 6.9 2.1 17 49.1 20.7 29.8 27.1 66.3 27.4 15.7 10.1 0.2
57 37.2 81.1 67.4 10.9 10.2 6.9 20 73.5 77.3 123 16.2 2.8 4.5 26.1 26.9 8.4 3.6 16.8 46.2 18 27.7 25.1 64.4 25 12.7 6 -3.7
59.9 41.6 86.3 72 15.8 10.6 8.6 22 76.1 80.3 126.1 19.6 2.7 4.9 27.3 28.5 10.2 5.4 16.9 43.6 15.8 25.9 23.7 63.1 23.3 10.7 4 -5.6
58.9 39.6 85.9 72.1 16.6 9.4 7.7 21 75.7 80.5 126.7 20.5 1.3 3.6 26.4 28.1 10.3 5.3 16.1 41.9 13.9 24.3 23.1 62.7 22.9 9.8 3.7 -6.4
54.3 34.8 79.8 67.3 12.9 6.3 4.1 17.2 71.9 77.2 124.3 17.8 -1.4 0.7 23.5 25.2 8.2 2.6 13.7 41.3 12.4 23 22.9 62.9 23.1 9.1 3.9 -7
49.3 30.3 70.9 60.1 8.1 3.8 0.6 13.2 67.4 73.2 121.3 14 -2.7 -1.3 21.6 22.6 6.3 0.5 12.2 43.5 13.2 24.4 24.4 64.8 24.8 9.9 6.7 -5.7
45.7 24 61.5 52.5 5 3.3 -1.1 10.7 64.3 70.8 119.8 12 -1.4 -1.2 21.6 21.6 6.4 0.9 13.2 47.8 16.2 28 27.2 67.9 27.6 12.4 11.7 -2.8
44.8 17.4 56 48.2 4.3 4.6 -1.1 10.1 63.3 70.9 120.3 12.6 0.7 -0.5 22.4 22 7.8 2.7 15.2 50.1 17.6 29.4 28.4 69.1 28.5 13.5 14.3 -2.2
46.5 16.5 56.9 49.4 6.5 7.3 0.3 11.3 64.4 73.1 122.6 15.6 2.1 0.4 23.2 23.5 9.7 4.8 16.9 48 15.2 27.1 27.2 67.4 26.8 11.7 12 -5
49.3 20.7 60.6 52.9 10.3 10.5 2.5 13.6 66.5 76.3 126.1 20.1 3.1 2 24.5 25.9 11.8 7.3 18.8 45.5 12.7 24.7 26.2 66.1 25.5 9.8 9.4 -7
50.9 22.3 61.8 54.3 13.1 12.9 4.7 15.5 68 79 129.4 24.1 4.6 4.4 26.7 28.5 14.2 10.1 21.5 47.3 14.4 26.7 28.7 69 28.1 11.8 11.7 -4.2
50.3 18.1 58.9 52.1 12.9 14 5.9 16.1 68.5 80.1 130.6 25.7 7 7 29 29.9 16.3 12.3 24 53.2 19.9 32 33.9 74.6 33.2 16.6 18.2 2
48.5 14.2 55 48.7 10.8 14.2 6.1 15.6 68.2 79.6 130.1 24.9 9.2 8.9 30.6 30.2 17.5 13 25.2 59.1 24.9 36.6 38.7 79 37.4 20.3 24 6.9
48.5 15.8 55.2 48.8 10.7 16.1 7.3 16.2 69.2 80.1 130.5 24.7 11.3 10.8 32.3 31.2 18.7 13.6 25.6 62.3 27.7 39.1 41.3 81 39.4 21.5 26.2 8.7
51.4 19.8 60.4 53.6 13.8 20.6 10.8 19.3 72.2 82.6 133 26.9 13.5 13.4 34.7 33.7 20.3 14.9 26.4 62.5 28.6 39.8 41.7 81.3 39.5 20.9 25.4 7.9
56 23.7 68.5 60.8 18.1 25.5 14.8 23.4 75.9 85.6 135.5 29.3 14.7 15.5 36.6 36.2 21.4 15.5 26.2 59.4 27.2 38.2 39.7 79.5 37.2 18.2 21.9 4.4
59.9 29.2 77.1 68 21 27.5 17 26.2 78.6 87.3 136.1 29.5 13.5 15.8 36.9 37.6 21.1 14.4 23.7 54.4 24.5 35.3 36.3 76.1 33.2 14 17.4 -0.6
60.2 34.5 81.2 71.2 20.3 25 16.1 25.7 78.9 86.5 134 27.4 10.7 14.4 35.6 37 19.4 12.2 19.7 51.2 22.6 33.5 34.3 73.4 30.2 10.9 15.1 -3.9
56.7 34.7 79 69.1 16 20 13.2 22.3 76.9 83.3 130.3 24.2 8.1 12 33.6 34.5 16.9 9.6 16.4 51.7 23.6 34.2 35.2 73.6 30.3 10.9 16.4 -3.2
53.4 31.9 76 65.9 12.1 17.3 11.2 20 75.2 80.5 127.1 21.2 6.9 10.6 32.5 31.9 14.9 7.6 14.5 53.6 26 36.5 37.3 75.3 32.3 12.6 18.8 -0.8
54.7 33.5 78.2 66.5 12.6 19.1 12.4 21.6 76.3 81 126.7 19.5 7.8 11.4 33.3 31.6 14.7 6.7 14.1 54.3 27.4 37.8 37.6 75.8 33.2 13.4 19.4 0.3
60.7 41.5 85.8 71.9 17.8 23.1 16.9 27 80.5 85 129.8 21.1 10.6 14.9 36.1 34.7 16.8 8 15.2 54.3 27.7 38.1 36.7 75.2 32.9 13.2 19 0
66.7 47.8 93.2 78.4 23.6 25.4 21.4 32.3 85.2 89.4 134.1 26.2 14.1 19 39.5 38.8 19.9 10.6 16.9 55 28.3 38.6 36.5 74.9 33 12.9 19.4 0.3
67 45.9 93.1 79.5 24.2 22.9 21.5 32.4 85.3 89.6 134.7 29.1 14.7 19.7 39.7 39.1 19.8 10.5 16.4 55.2 27.9 38 35.7 73.6 31.7 11.4 19.4 -0.3
61.9 39.5 85.5 73 18 16.5 17 27.2 79.9 84.7 129.5 24.5 11.6 16 35.9 34.4 15.6 6.3 13.1 54.2 25.9 35.7 33.3 70.6 28.3 8.4 18 -2.8
55.5 33.4 74.7 62.7 9.4 11.4 11.8 21 73 78.2 122.2 15.2 8.5 12 31.6 29.1 10.8 1.3 10.2 54.5 25 34.3 31.8 68.7 26.1 7.2 18.2 -3
51.2 27.3 64.5 53.8 3.3 10.2 9.1 17.5 68.3 73.5 117.2 8 8.6 10.7 29.7 26.4 8.6 -1.1 9.8 57.2 26.9 35.5 32.6 69.6 26.7 8.9 21.7 1.1
50.8 22.6 59.4 50.6 2.5 12.1 9.3 17.5 67.4 72.3 116.6 6.4 11.1 12 30.2 26.8 9.1 -0.9 11.1 60.1 29 37.4 33.8 71.2 28.1 10.5 25.5 5.8
53.5 22.1 60.6 52.9 5.2 15 11 19.4 68.9 73.7 118.4 8.6 13.3 13.7 31.4 28.4 10.6 0 12.1 59.9 28.2 37.1 32.8 70.3 27.1 9.3 26.2 7.1
55.7 24.2 63 55.2 6.8 16.7 12.1 20.5 69.5 74.9 119.4 11 13.7 14 31.7 29 10.9 0.1 12.2 57.2 25.5 35 30.3 67.4 24.4 6.6 25.4 6.3
55.1 23.5 62.1 53.8 5.5 16.9 12 20.1 68.5 74.7 119.1 12.3 13.8 13.8 31.5 28.9 10.7 0.2 12.7 56.5 25.2 35.1 30.4 66.9 23.9 6.5 27.8 8.3
52.2 17.9 57.3 49.2 2.7 15.7 9.9 18.1 66.6 73.4 118.2 12.4 13.6 13.4 31.2 28.5 10.2 0.4 13.8 59.5 28.1 38.4 33.6 69.7 26.5 9.7 33.4 13.1
48.5 12.4 51.8 44 -0.3 13.1 5.8 14.8 64 70.9 116.7 10.9 10.9 11.7 29.9 26.9 8.7 -0.6 13.3 62.5 30.5 40.9 35.8 72.1 28.6 12 37.6 16.5
47.5 13 51.1 43 -0.6 11.8 3.8 13.3 63.5 70 116.6 10.2 7.7 10.8 29.5 26.1 8.2 -1 12.7 64.2 31.3 41.6 36.2 73.1 29.1 12.6 39.2 18.5
50.7 18.2 57.2 47.9 3.5 15 7.3 16.4 67.2 73.2 119.9 13.3 8.7 13.4 32.1 28.8 11 1.5 14.5 65.8 32.8 42.7 37.2 74.4 30.4 13.6 41 21.4
56.1 24.9 67.9 57 10.3 20.1 13.6 22 73.6 78.6 124.9 18.5 12.6 17.4 36.2 33.1 14.7 5 17.4 65.8 33.8 43.5 37.9 74.8 31.4 14 42.1 23.4
60.2 32.5 79.2 66.4 16.4 22.2 17.9 26.3 78.7 82.6 128.4 22 14.9 19.3 38.7 35.4 16.4 6.5 18.3 63.1 33.1 42.7 37.1 73.2 30.6 12.8 41.4 22.9
60.1 37.7 84.3 71 18.5 19.8 17.7 26.7 79.6 83.2 128.4 21.9 14.6 18.3 38.5 34.9 15.2 5.3 17.4 61.3 32.6 42 36.2 72.1 29.6 11.7 40.9 22.6
55.9 35.5 81.1 68.8 15.3 14.5 13.7 23 76.3 80.1 125.1 18.9 12.4 15.6 35.7 31.9 12.2 2.5 15.6 62.3 33.7 42.6 36.5 72.9 29.9 12.4 41.5 24.2
51.2 29.1 75.6 63.8 10.2 9.4 8.7 18.2 71.8 75.8 120.3 15 9.1 12.5 31.6 28 8.7 -1.1 12.8 63.2 34.1 42.8 36.3 73.4 30 13.1 41.1 25.7
49.8 27.9 74.5 61.8 7.8 6.7 5.9 15.5 69.4 73.3 117.4 12.6 6.6 10.3 28.6 25.2 6.1 -3.8 9.8 61.3 32 40.9 33.8 71.1 27.7 11.6 38.7 24.5
53.2 34.8 79.6 65.1 9.8 7.3 6.5 16.8 70.9 74 118.3 12.8 6.7 10.4 28.5 24.9 5.7 -3.8 8.3 58.3 29.2 38.2 30.5 67.7 24.4 8.8 36.5 22
59 41.4 86.4 70.4 13.7 10.4 9.1 20.3 74.5 76.8 121.4 14.8 9.5 12.2 30.6 26.6 7.1 -1.7 9.4 57 28.2 36.9 29 66 23 7.6 36.4 21.1
61.5 40.4 87.4 71.4 14.7 12.2 9.6 20.9 75 77.2 122.3 15.4 10.9 12.4 30.8 26.9 6.9 -1.3 10.5 56.8 27.6 36 28.1 64.9 22.6 7.6 36.1 20.8
57.7 34 80.4 65.5 10.5 9.8 5.7 16.2 70.2 72.9 118.6 12.6 8 8.8 26.9 23.3 3.3 -4.7 9.3 55.7 25.6 33.8 25.9 62.7 21.1 7.1 34.2 19.7
50.2 26.6 69 55.6 3.9 4.9 -0.2 9.6 63.2 67 113.4 8.5 3.7 3.8 21.6 18 -1.5 -8.9 7.3 55.1 23.7 31.8 24.2 61 20.3 7.2 32.9 19.6
44.5 19.5 58.6 46.4 -0.8 1.7 -4 5.8 58.4 63.6 111.1 7.2 2.2 0.9 18.7 14.6 -3.7 -10.1 7.7 56.9 23.8 32.1 25 61.9 21.8 9.4 34.2 22.7
43.9 15.4 54.8 42.9 -0.6 2.8 -3.2 6.9 58.2 64.4 113.1 9.7 4.1 2 19.8 15.2 -2.4 -7.9 10.9 59.3 24.9 33.6 26.6 64 24.2 12.2 36.4 26.7
47.1 17 57.2 45.6 3.6 6.8 0.7 10.6 61.3 67.8 117.1 13.9 7 5.2 22.9 18.3 0.4 -4.7 14.2 59.3 24.3 33.6 26.4 64 24.1 12.7 36.7 27.6
49.8 21 60 49.2 7.4 10.7 4.1 13.2 63.8 70 119.9 17.2 9 7.7 24.9 21 2.2 -2.7 15.9 57.7 22.5 32.3 24.8 62.4 22.6 11.8 36 26.2
49.9 20.4 58.6 49.6 8.2 12.8 5.1 13.3 63.5 69.9 120.5 19.2 9.9 8.4 25.8 22.1 2.9 -1.8 17 58.2 22.9 32.6 25.1 63.1 23.5 13.2 39 28.2
47.7 13.4 53.2 45.8 5.9 12.6 3.8 11.4 60.6 68.1 119.4 19.8 9.8 7.6 26 21.6 2.8 -1.8 17.5 61.4 25.7 35.1 27.8 66.3 26.7 16.9 45.7 34
44.7 7.5 47.1 40.2 1.6 10.3 1 8.3 57 65.4 117.1 18.9 8.4 5.8 25 19.5 1.4 -3 16.8 63.6 27.4 36.4 29.3 67.8 28.5 18.9 49.2 37.2
44.5 8.7 46 38.1 -0.8 9.3 0 7.4 56.4 64.5 116.3 17.8 7.7 5.3 24.4 18.1 0.9 -3 16.4 63.3 27 35.7 29.1 67.1 28.6 18.6 46.6 35.3
49.1 13.9 51.9 42.4 1.2 12.1 2.9 10.9 60.6 67.1 118.3 18 9.8 7.6 26.2 19.5 3.2 -0.7 18.1 61.5 26.2 34.4 29 66.6 29 18.7 40.5 31.3
56.4 20.3 62.8 51.6 7.2 17.4 8.3 17.2 67.1 72.3 121.9 19.9 12.8 10.9 29.5 23.2 7 2.8 21 58.8 25.3 32.7 28.7 66.7 29.9 19.5 34.3 28
63.3 28.9 75.1 62.1 14.1 21.7 13.2 23.3 73.1 78.2 126.2 23.2 14.4 13.4 32.4 27.6 10.6 6 23.2 56.3 24.4 31.7 28.2 67.6 30.9 20.8 30.8 26.9
65.8 36.2 82 67.5 17.6 22.5 15.3 26.1 76.1 81.3 128.8 25.2 14.5 14.3 33.4 30.2 12.6 8 24.3 56 24.6 32.6 28.8 69.2 33.1 22.7 30.9 27.9
62.4 36.1 79.5 64.9 15.2 19.4 12.8 23.8 74.5 79.3 127.2 22.5 12.6 12.5 31.7 29.2 11.6 7.2 23.2 56.8 25.4 33.9 30.1 70.6 35.4 24.6 31.9 29.7
56.9 31.1 73.3 59.3 10.1 14.9 8.2 18.9 70.4 74.6 122.9 16.3 9.4 8.9 28.4 25.9 8.4 4.3 20.3 56.2 24.8 33.3 29.9 70.4 35.8 24.8 30.9 30
54.7 30 71.9 57.4 7.8 12.8 6 16.2 68.3 72 120 12.2 7.3 6.6 26.2 23.5 5.9 2.1 17.8 53.5 22.1 30.5 27.4 68.3 33.6 22.3 27.7 27.8
57.8 36.2 77.6 61.7 11.1 14.7 8.5 18.7 70.7 74.2 121.6 15.1 8 7.6 27.1 24.3 6.6 3.3 17.8 50.6 19.8 27.9 24.9 66.5 31.3 19.9 25.3 25.4
63.5 42.7 85.5 68.6 17.7 19.5 13.8 24.5 76 79.7 127.2 24.8 10.4 11.4 30.5 28.2 10.7 8 21 50.1 20 28 25.5 67.4 32 20.8 26 26.1
66.5 43.4 88.2 71.8 21.7 23.1 17.3 28 79.1 83.6 131.6 33.3 11.7 14 32.9 31.5 14.2 12.2 24.4 51.4 21.6 29.4 27.5 69.9 34.7 23.9 28.4 28.8
64.4 39.9 83.6 68.2 20.2 22.3 16.4 26.2 77.2 82.6 130.5 32.1 10.7 13.1 31.8 31.1 14.1 12.2 25 52.6 22.3 29.7 28.3 71 36.4 25.8 29.9 30.2
59 34.7 74 59.8 14.7 18.7 12.6 21 72 78.3 125.3 22.6 9.1 10.2 28.9 28.3 11.8 9.3 23.8 54.4 22.9 30 28.2 71.6 37.6 27.1 30.9 30.5
54.1 27.9 63.5 51.2 9.5 16.4 9.3 16.6 67.3 74.5 120.9 13.9 9.2 8.5 27.1 26.2 10 7.4 23.8 57.2 24.3 31.3 28.8 73 39.4 29.4 32.7 31.5
53.5 22.7 58.3 47.9 8.1 17.4 9.1 16.4 66.4 73.8 120.5 12 10.9 9.2 27.4 26.4 10.3 8.2 26 59 25.3 32 29.7 73.9 40.5 31.2 34 32.2
57.2 23.3 60.3 50.7 10.6 21 11.9 19.5 69 76 123.2 16.1 13.1 11.1 28.9 28.1 12.2 10.5 29 58.3 23.9 30.3 28.8 72.5 39.3 30.7 32.9 30.8
60.6 27 63.8 54.3 13.4 24.1 14 21.7 71.3 78 125.7 21.2 14.3 12 29.7 29.1 13.6 12.1 30.8 56.3 21 27.3 26.4 69.8 36.7 28.5 30.4 28.2
59.6 26.1 62.4 53.3 13 24.2 13 20 70.1 77.3 125.8 24.3 13.6 10.9 28.7 28.2 12.7 11.6 30.2 55.5 19.3 25.6 24.7 68.6 35.1 27.3 28.8 27.1
54.6 18.3 55.7 47 8.7 21.1 9.3 15 65.4 73.7 123.6 24.7 11.1 8.3 26 25.2 9.4 9 27.5 56 19.1 25.6 23.8 68.5 34.4 27.1 27.8 26.9
49.1 10.7 48.5 39.4 3.2 16.4 5 9.8 59.7 69.1 120.1 22.5 7.9 4.6 22.1 21 5.7 5 23.5 55.8 18.5 24.8 21.9 67.3 32.6 26 25.1 25
47.2 9.1 46.4 36.3 0.9 13 2.7 7.8 57.4 66.6 117.5 19.2 5.9 2 19.2 18 4 2.2 20.9 54.3 17 22.6 19.5 64.8 29.9 24.3 21.7 22.2
49.6 11.7 50.2 39.6 2.9 13.1 3.3 9.7 59.6 67.9 117.2 16.8 6.1 1.9 18.9 18 4.8 2.2 21 52.1 15.1 20.6 18 62.5 27.8 22.9 19.6 20.5
54.3 16.8 58.4 47.6 6.9 15.5 5.7 13.3 64.2 71.3 118.1 15.5 7.1 3.2 20.4 20 6.3 3.5 22.1 49.1 13 18.9 16.6 60.6 26.2 21.3 18.1 19.3
59.1 24.9 68.8 56.9 10.7 17.7 8.5 16.5 68.9 74.4 118.6 14.8 7.3 4.5 22.1 22.4 7.1 4.3 22.3 46.2 11.6 17.6 15.4 59 25 19.7 16.3 17.8
61.2 32.3 76 62.4 12.2 17.8 9.9 17.7 71 75.4 118.2 14.2 6.7 4.9 22.9 23.2 6.9 4.1 21.5 45.4 12.1 17.8 15.7 58.7 25.2 19.4 15.3 17.3
58.8 32.8 75.9 61.4 10.6 15.3 8.2 16.1 69.5 73.6 116.9 13.3 5.2 4.1 22 21.8 5.7 3 20.3 47.4 14.2 19.6 17.5 60 26.7 20.7 15.5 18.2
55.1 28.6 72.5 57.8 8.6 11.9 5.2 13.6 66.7 71.5 116.1 12.5 3.6 2.6 20.1 19.7 4.3 1.8 19.3 49.5 16.1 21.6 18.9 61.2 27.8 21.8 15.8 19
55 29.2 73.1 57.9 10.3 10.8 4.4 13.7 66.8 72.4 117.7 13.1 3.3 2 19.3 19.3 4 2 19 49.1 16.1 21.8 18.4 60.6 26.6 21 14.9 18.3
59.2 37.1 79.5 63.6 16.3 12.9 7.3 17.3 70.9 76.6 121.8 15.9 5 3.6 20.9 21.5 5.9 4.1 19.9 47.1 15.1 20.8 17.3 59.2 24.6 19.3 14.1 17.2
64 44.1 86.6 71.1 22.5 17.4 12 22 76.2 81.6 126.4 20.2 8 6.5 24.1 25 9.1 7.4 21.9 46.5 15.3 20.7 17.6 59.1 24.3 19 15 17.6
65 43.8 87.9 73.7 24 21.2 14.3 23.6 77.8 83.3 128.4 23.2 9.5 7.9 25.8 26.5 10.7 9 22.9 47.4 16.3 21.4 18.7 59.7 24.9 19.8 16.3 18.5
61.5 39.1 82.2 69 20.2 22 12.1 20.6 74.1 80.2 126.3 22 7.5 6.3 24.3 24.4 8.7 6.8 21.1 48.6 16.5 21.6 18.8 59.3 24.6 19.8 17 18.8
55.8 33.3 71.9 59.3 13.4 19.7 7.4 15.4 67.5 74.6 122.1 17.4 4.3 3.4 21.3 20.8 5 2.8 18.2 50.5 16.9 22.1 18.7 59 24.2 19.6 18.8 19.6
50.3 25.5 60.8 49.1 6.6 16.2 2.9 10.5 61.5 69.3 118.1 12.5 2.3 1.2 18.9 17.7 1.9 -0.6 16.4 52.4 17.6 22.7 18.4 58.8 23.7 19.3 20.9 20.3
47.7 18.4 54.5 43.9 3.5 12.9 0.6 7.7 58.4 66.5 115.6 10.3 1.6 -0.2 17.3 16 -0.1 -2.7 15.8 51.5 16.4 21.3 16.7 57 21.6 17.3 18.1 17.3
49.2 18 56 46 5.9 11.7 1.1 8.1 59.7 67.5 115.8 11.5 1.9 -0.3 17.2 16.4 -0.3 -3 15.9 47.3 12.7 18.1 13.6 53.7 18.1 13.5 10.6 11
52.1 22.3 60.1 50.4 10.3 12.5 2.9 10.2 62.8 70.4 117.6 13.9 2.7 0.7 18 18.1 0.7 -2.2 16.5 43.7 9.6 16.1 11.7 51.5 15.8 10.7 4.9 6.6
52.5 22.6 60.6 51.3 11.7 13 3.3 11.4 64 71.8 119 14.9 2.9 1.7 18.8 19.2 1.8 -1.5 17.4 43.8 9.9 17.2 12.9 52.6 16.5 11.2 5 7.2
50.1 16.7 56.5 47.6 9 12.1 1.7 10.7 62.1 70.5 118.9 14.1 2.2 1.8 19 19.2 1.9 -1.8 17.6 47.3 13.3 20.4 16.2 56.2 19.5 14 9.5 10.8
47.3 11.7 51.7 42.6 5 10 -0.4 9.2 59 68.1 117.8 12.4 0.8 0.8 18.3 18.2 0.8 -3 16.2 50.7 16.4 22.9 18.8 58.9 21.8 16 13.7 13.4
47.4 13.1 51.9 41.6 4 8.1 -0.6 9.1 58.5 67.3 117.5 12.1 0.1 0.5 18.3 18.2 0.2 -3.7 14.6 52.1 17.8 24.1 19.9 59.9 22.2 16 15.7 13.7
51.2 18.9 58.1 46.3 7.6 8.7 2.5 12.3 62.4 69.8 119.5 14.4 1.9 2.9 20.8 20.5 2.2 -2 15.3 52.2 18.7 25.1 20.8 60.8 22.1 15.2 16.1 13.1
57.6 26.4 68.5 55.2 14 11.7 7.7 18 68.7 74.8 123.1 17.6 5.5 7 25 24.6 6 1.4 17.6 51.4 19.3 25.8 21.7 61.5 22 14.4 15.4 12.1
63.8 34.7 79.1 64.8 19.6 14.3 11.8 23.3 74 79.3 126 19.6 8 10 28.2 27.9 8.8 3.9 19 49.8 19.2 25.9 22.1 61.4 21.6 13.3 13.8 10.6
65.9 40.3 83.9 69.3 20.4 14.3 12.5 25.2 75.3 80.4 126.5 19.7 7.7 10.1 28.6 28.5 9.2 3.9 18.3 49 19.5 26.2 22.8 61.9 21.9 12.9 13.5 10.1
62.7 39.3 81.5 66.9 16.1 11.9 10.3 23.3 72.9 77.9 124.4 18.2 5.7 8.2 27.4 27 8.1 2.2 16.6 50.7 21.9 28.6 24.9 64.3 24.1 14.2 16.2 12
58.5 35 77.5 62.8 11.5 9 7.9 20.5 70.4 75 121.8 16.4 3.8 6.8 26.4 25.5 6.9 0.5 15.2 53 24.8 31.9 27.1 67 26.5 15.7 19.5 14.2
57.2 34.7 77.2 61.8 10.1 7.3 7.5 19.3 70 74.1 120.1 14.8 2.5 6.1 25.9 24.9 6 -0.9 13.4 52.6 24.9 32.6 26.7 66.7 25.9 14.3 19.2 13.1
59.4 40.1 80.7 64.7 11.9 7.7 9.1 20.5 71.7 75.2 120.1 13.8 2.1 6.2 26 25.2 5.7 -1.6 11.7 49.1 22 30 24.1 63.5 22.4 10.4 15.5 8.8
63.2 45 85.5 69.2 15.2 10.4 12 23.5 75 77.8 121.9 14.7 3.4 7.9 27.5 26.7 7.5 -0.5 12 46.5 20 28.2 23.1 61.5 20.3 8.3 13 6.2
65.7 45 87.3 70.9 17.1 13.5 14.1 25.6 77.1 79.6 123.6 16.5 5.8 10.2 29.5 28.4 9.9 1.5 13.8 47.3 20.7 29.1 24.9 62.6 21.3 9.2 14.3 7.5
65.2 42.5 84.5 68 15.7 14.7 13.8 25.4 76.1 79.1 123.5 17.3 7.1 11.4 30.2 29.1 10.9 2.2 15.1 50.6 23.3 31.7 27.7 65.6 24.1 11.2 18.4 10.8
62.4 39.2 77.7 61.5 11.9 13.9 12.2 23.6 73 77.3 122.1 17.1 7.8 12 30.4 29.2 11.1 2.3 16.2 55.6 27.4 35.6 31.2 69.5 28 14.1 23.9 14.9
59.4 33.6 69.2 54 8 13.4 11.1 21.8 70.2 75.6 121.3 17.2 9.6 13.1 31.3 29.3 11.9 3.5 18.2 61 31.9 40.1 35 73.4 32.1 17.8 28.9 18.8
58.8 28.1 64.1 50.1 6.7 14.8 11.8 21.7 69.8 75.7 122.2 18.4 12.2 15 33.2 30.2 13.3 5.6 20.5 63.9 34.4 42.7 37.4 75.7 34.2 19.9 30.8 20.3
61.4 28.2 65.6 51.8 9 18.3 14.4 24.1 72.1 78.2 124.9 21.1 14.8 17.1 35.6 32.5 15.4 7.9 22.1 63.1 33.5 42.3 37.6 75.4 33.4 19 30 18.9
64.6 32.5 69.1 55.4 12.3 22.2 17.3 27.1 75.1 81.5 127.6 23.6 17.1 18.9 37.8 35.3 17.8 10 23 61.8 31.7 41.2 37.4 74.9 32.5 17.6 29.9 17.9
64.8 32.9 68.8 55.9 12.9 24.3 18.3 28 76.1 82.7 128.3 24.3 18.7 19.9 39 37 19.6 11.7 24 62.9 32.2 42.4 39.3 76.9 34.3 19.1 33.2 20.2
60.7 25.7 62.7 51.2 8.7 22.6 16.3 25.2 73.5 79.8 125.8 22.5 18.4 18.9 38.2 36 19.1 11.4 24 65.3 34.2 44.6 41.6 80 37.3 21.7 37.1 23.5
54.8 17.6 54.5 44 2 18.1 11.7 20.1 68.7 74.5 121.6 19.3 15.7 15.7 35.1 32.6 15.9 8.8 22.2 66.2 34.5 45 41.5 80.6 38 21.9 37.9 23.9
52.2 15.8 52 40.9 -1.2 15.2 8.9 17.6 66.5 71.8 119.6 17.6 13.8 13.7 32.9 30.5 13.8 7 20.5 65.9 33.8 44.4 40.4 79.6 37 20.5 36.1 21.9
54.9 19.5 57.2 44.7 1.5 16.9 10.5 20.3 69.3 74.3 121.6 18.6 15 15.5 34.4 32.4 15.3 8.2 20.9 65.6 34 44.7 40.9 79.6 36.3 20.1 35.4 20.7
60.8 25.9 67.4 53.5 7.5 21.1 14.6 25.7 74.8 79.3 125.1 20.5 17.8 19.1 38.4 36.4 18.6 10.7 22.4 64.6 34.2 45.4 42.1 80.2 35.8 20 36 20.8
66.6 34.6 78.5 63.3 13.8 24.3 18.1 30.6 79.7 83.8 128.2 22.3 20.1 21.6 41.8 39.9 21.4 12.8 23.5 62.8 33.8 45.4 42.9 80.2 35.8 19.6 36.6 21.2
69.2 41.8 84.8 68.7 17 25.1 19.2 32.6 82.1 86 130.1 23.5 20.8 22 43.1 41.6 22.9 14 24.3 62.8 34.5 46.1 44.2 81.2 37.4 20.8 38.1 22.9
67.7 42.3 84.4 67.8 16.3 23.8 18.5 31.5 81.8 85.9 130.7 25 20.7 21.6 42.8 42 23.7 15.1 25.6 66.1 38.1 49.4 47.5 85.2 41.7 25 42.1 27.6
65.7 39.2 82.7 65.6 14.8 22.6 18.4 30.7 82 86 132.2 29.2 21.2 22.1 43.4 43.2 25.2 17.3 28 71 43.2 54.4 51.9 91.2 47.5 30.7 47.6 34.3
66.3 40.2 84.5 66.8 15.4 23 19.6 32.1 83.7 87.7 135.1 35.9 22.6 23.7 45.1 45.1 27.4 20.1 30.2 73.5 45.8 57.3 54.4 94.9 51.1 34.1 51.3 38.7
68.6 46.2 88.8 70.5 17.5 24.2 20.7 34.1 85.4 89.4 137.1 40.9 23.4 24.7 45.9 46.3 28.5 21.2 30.4 72.2 44.4 56.2 53.1 93.7 49.9 33.2 51.1 38.4
69.9 49.3 91.9 73.2 19 25.2 21.1 34.8 85.9 89.9 137.2 40.9 23.6 24.7 45.6 46.2 28.3 20.3 29 69.6 41.5 53.4 49.8 90.3 46.5 30.1 49.5 35.6
68.2 45.4 89.9 71.2 17.9 24.8 19.6 32.1 84.1 88 135.1 36.6 23 23.5 44 44.6 26.4 18 27 67.9 39.2 51.1 47 87.6 43.5 27.4 48.2 33.3
63.7 39.2 82.9 64.8 13.7 22.3 15.3 26.5 79.6 83.5 130.8 29.2 21 20.7 40.6 41.1 22.5 14.4 24.7 67.3 37.5 49.5 45.4 86 41.7 25.9 47.1 32.4
58.5 33.7 72.8 55.8 8.2 19 9.7 20.9 73.7 77.9 125.3 19.8 18.8 17.7 36.8 36.9 18.4 10.8 23.4 68.3 37.2 49.1 45.2 85.5 41.6 26.6 47.6 33.6
53.8 26.6 61.9 46.5 3 16.4 5.6 17.2 68 73.1 119.8 10 17.9 15.7 34.5 33.5 15.8 8.6 23.4 70.4 37.9 49.9 45.8 85.8 42.5 28.9 50.4 36.6
50.1 20 55.1 41 0.1 16.1 5.6 16 65.2 70.6 116.2 4.2 18.4 15.2 34.2 31.8 14.9 7.7 24.1 71 37.7 49.9 45.4 85.3 42.4 29.9 53.1 39.1
49 19.3 55.4 41.8 0.7 18.5 9.4 17 65.9 71 116 4.8 19.8 15.9 35.1 31.9 15 7.9 24.5 68.8 35.3 47.8 43.1 82.7 40.2 28.2 52.8 38.7
50.4 23.2 58.4 44.9 2.6 22.4 13.1 18.6 67.7 72.1 117.7 8.9 21 17 36 32.6 14.9 8.6 24.6 65.9 32.5 44.9 40.3 79.6 37.5 25.9 49.2 36.2
52.3 24.1 58.3 45.6 3.3 25.5 14.2 19 68.2 72.2 118.6 12.3 21.3 17.8 36.5 33 15 8.9 25.2 65.9 32.5 44.3 39.6 78.9 36.9 26.1 46 35.2
52.8 19.7 54.5 43 2.3 26.4 13 17.9 67.1 71.2 118 13.8 20.6 18.1 36.8 32.9 15.3 8.7 26.3 69.5 35.6 46.6 41.7 81.2 39.5 29.4 46.9 37.7
52.2 15.6 50.1 39.1 0.3 24.5 10.6 16.1 65.3 69.5 116.4 13.4 19.3 17.5 36 31.8 15.4 7.7 26.8 73.3 38.4 49 43.9 83.7 42.3 32.4 50.1 41.3
53.3 16.5 50.2 38.4 0 21.5 9.1 16.4 65.3 69.6 116.4 13.3 18.4 17 35.6 31.5 15.9 7.6 26.9 74.6 39.3 50 45 85.1 43.6 33.3 52.5 43.8
57.8 21 56.6 43.4 4 20.8 10.9 20.5 69.2 73.4 120 15.5 19.6 18.5 37.7 34.2 18.3 10 28.1 74 39.5 50.5 45.8 86.3 44.3 33.5 53.6 45.2
63.8 27.2 67 52.3 10.8 22.8 15.3 26.3 75.2 79 124.9 18.6 21.6 20.8 41 38.4 21.1 13 29.2 71.8 38.9 50.2 45.5 86.7 44.1 32.6 52.9 44.8
68.1 34.9 77.4 61.1 15.8 25.3 19 30.4 80 82.9 127.3 20 21.9 21.6 42.6 40.8 21.8 13.7 28 68 36.7 48.4 43.7 85.2 42.4 30.2 50.1 41.9
68.8 40.9 83.2 65.2 16.1 26 19.9 31.5 81.6 83.8 126.5 19.4 20.3 20.8 42.2 40.3 20.7 12.3 25.9 65.3 34.8 47 42.6 83.7 41.2 28.4 48.6 40.2
66.4 41.3 83 64.1 12.8 24.7 18.7 30.3 80.7 82.2 124.4 17.9 18.3 19.5 41 38.6 19.5 10.4 24.6 66.4 35.9 48.4 44.2 84.8 42.8 29.6 51.2 42.8
64 38.7 81.3 62.1 9.7 22.6 17.4 29 79.3 80.4 122.7 16.2 17.3 18.8 40.3 37.4 18.9 9.2 24.1 69.2 38.5 51 46.8 87.3 45.3 32 54.9 47
64.4 40.2 82.4 63.1 9.4 21.5 17.5 29.3 79.6 80.1 122.3 15.1 17.7 19.1 40.6 37.6 19.2 8.8 23.6 70.2 39.5 51.7 47.2 88.1 45.6 32.6 55.4 48.2
67.9 47.3 87.4 67.7 12.2 22.8 19.6 32.2 82.3 81.9 123.5 15.6 19.6 20.6 42.1 40 20.3 9.6 23.6 69.1 38.6 50.6 45.7 87.1 44 31.3 53.3 46.6
72.3 52.8 93.4 73.1 15.8 25.7 22.5 36.2 85.9 85 125.6 17.8 22.1 22.9 44.5 43.3 22.1 11.2 24.7 68 38 50.1 44.8 86.4 43.2 30.6 52.3 46.2
73.2 51.2 94.1 73.9 16.2 27 23.1 37.1 86.5 85.5 125.3 18.4 23.1 23.5 45.2 44.3 22.3 11 24.7 67.7 37.7 49.8 44.1 86 42.8 30.1 52.8 47.6
68.6 45.6 87.8 68.2 11.9 24.7 19.7 33.1 82.4 81.5 121.3 15.3 21.4 21.2 42.5 41 19.4 7.5 22.3 67.7 36.7 48.5 42.6 84.7 41.6 29 53.4 49.5
61 39 76.8 57.9 4.5 20.3 14.3 26.5 75.6 75.2 115.9 10.3 18.5 17.9 38.1 35.7 15 3 19 68.4 36 47.4 41.6 83.3 40.8 28.4 54.7 51.8
54.6 31 65.3 47.2 -2.5 17 10.2 21 69.7 70.2 112.3 6.8 17 16 35.1 31.7 12.3 0.6 17.8 70.1 36.5 47.4 41.8 82.8 41.4 29.4 57.3 54.8
52.8 24.8 59.5 42.3 -4.9 16.9 9.9 20 67.9 69.2 112 6.8 17.8 16.3 34.8 31.1 12.5 0.8 19.3 71.1 37.1 47.4 42.2 82.8 41.9 30.3 59.5 57
55.8 24.8 61.2 44.2 -2.2 19.2 12.3 22.6 69.5 71.2 113.7 9 19.6 18 36.3 32.8 14 2 20.8 69.9 35.8 45.9 40.8 81.4 40.2 28.7 58.9 56.6
58.8 27.7 63.9 47.2 0.8 21.4 14.2 24.8 70.8 72.4 114.5 10.4 20.5 19.1 37.1 34 14.4 2.1 20.7 67.6 33.2 43.2 38 78.8 37 25.7 56.1 54.1
58.7 26.6 62.8 46.8 0.5 22.4 14.4 24.6 70 71.5 113.9 10.4 20.6 19.3 37 33.9 13.6 1.5 19.9 67.2 32.4 42.3 37.3 77.8 35.8 24.9 55.2 53.7
56.2 20.8 58 42.7 -2.3 22.5 13.5 23.1 67.5 69.3 112.5 9.9 20.3 18.9 36.4 33.1 12.4 1 20 69.5 34.4 44.1 39.6 79.4 37.6 27.1 57.3 56.3
53.2 16.6 52.3 37.3 -6.2 21.5 12 20.9 64.3 66.9 110.4 8.6 19.3 17.6 35 31.2 10.5 0 19.4 71.4 36.3 45.4 41.1 80.6 39.3 28.6 58.2 58
52.4 17.9 51.1 35.4 -7.7 21 11.8 20.3 63.2 66.6 109.4 8.1 18.6 16.7 34.3 29.6 9.4 -0.4 18.6 71.3 36.6 45.3 40.4 80.3 39.6 28.2 56.6 57.4
55.2 22 56.4 40 -4.5 22.9 14.3 23.1 66.2 69.9 112.1 10.9 20 18.1 36.5 31 11.3 1.9 19.7 70.3 36.6 44.9 39.8 80.2 39.9 28 55.6 57.5
60.2 26.7 66.4 49.3 1.7 26.2 18.1 27.8 71.7 74.7 116.9 15.3 22.1 20.8 39.9 34.6 14.6 5.5 22 67.9 36 44.1 39 80 39.9 28 55.4 58.2
65.1 33.1 77.2 58.7 7.1 28.1 20.7 31.4 76.7 78.1 120.4 17.8 22.8 22.4 41.7 37.4 16.7 7.6 23 64.3 34.3 42.4 37.3 78.8 38.9 27.1 54.5 57.8
67.1 39 82.9 63.3 9.5 28 21.5 32.3 79.2 79.1 121.5 18.1 22.5 22.4 41.6 38.2 17.3 8.1 22.6 63 34.2 42.4 36.7 78.6 38.8 27.2 54.4 57.7
65 38.9 81.7 61.4 8.6 26.3 20.3 31 78.8 78.3 120.8 17.5 21.7 21.7 40.6 37.8 17.1 8 21.9 65.5 37.1 44.9 38.6 80.7 40.8 29.6 56.3 59.1
61.7 35.1 78.8 58.2 7.1 23.9 18.4 29.3 77.6 77.5 119.8 17 20.6 21.1 39.7 36.8 16.7 8.1 21.2 68.4 40.1 47.4 40.6 82.9 43 31.9 58 60.1
61.2 36 79.7 59.3 8.3 23 17.9 29.2 78.2 78.2 119.8 16.6 20.1 21.1 39.6 36.3 16.7 8.5 20.5 68.6 40.3 47.2 40.3 82.5 42.7 31.6 57.8 59
64.7 43.7 85.5 65.6 12.8 25 20.4 31.8 81.3 81 121.8 17.3 21 22.6 41.1 37.3 18 9.8 20.5 66.7 38.3 45.3 38.6 80.2 40.8 29.4 56.4 56.7
69.6 50.8 92.4 73.1 18.1 29.5 24.8 36.2 85.6 84.8 125.7 20.6 23 25.5 43.8 39.7 20.8 12.5 22.2 65.4 37 44.3 38 78.7 39.8 28.1 55.8 55.2
71.1 50.6 93.6 75.5 19.7 31.8 26.5 37.8 86.9 86 127.9 24.6 23.4 26.5 44.5 40.5 21.9 14.3 23.8 64.5 36.3 43.6 37.8 78 39.2 27.4 54.3 53.5
67 44.9 86.9 69.8 15.8 28 22.6 33.8 82.5 82.1 125.5 24.7 19.8 22.9 40.6 37.2 18.8 12.3 22.3 62.3 34 41.2 35.8 75.8 37.2 25.6 49.2 49.2
59.9 37.4 75.5 59.3 8.9 21.2 16.2 26.7 75.1 75.7 120.6 19.9 14.7 17.2 34.9 31.6 13.8 8 19.3 60.4 31.4 38.5 33.4 73.4 34.9 24.1 43.6 44.9
53.9 29.1 64 49.3 3 17.2 11.9 20.8 68.9 71.2 116.9 14.4 12.1 13.7 31.2 27.2 10.9 5.2 17.9 60.5 30.5 37.5 32.7 72.9 34.5 24.6 41.7 44.3
51.7 22.5 57.8 44 0.8 17.6 11.3 18.5 66.3 70 116.2 12.4 12.8 13.2 30.4 25.6 10.5 5.2 18.8 60.5 30.1 37 32.2 72.5 34.6 25.1 42.2 45.6
53.5 22.1 58.6 44.6 2.3 20.9 13.4 19.4 67.1 71 117.3 14.4 14.9 14.7 31.2 26.5 11.2 6.9 20.2 58.8 28.3 35.2 30.2 70.4 33 23.3 42 45
56.4 25.8 61.2 47 4.4 24.3 15.7 20.9 68.5 72.3 118.4 17.4 16.5 16.5 32.2 28.1 11.8 8.3 20.9 56.8 26.2 32.9 27.7 67.6 30.3 20.5 41.1 42.3
56.4 25 60.2 46.5 3.9 25.5 15.7 20.7 68.1 72 118 17.3 16.6 16.8 32.1 28.3 11.5 7.8 20.9 56.8 25.8 32.2 26.7 66.5 28.8 19.2 39.9 39.3
52.8 17.6 54.9 42.2 0.2 23.8 13.2 18.1 65.4 70 116.1 13.4 14.8 15.4 30.4 26.6 10 6.1 20.4 58.7 26.9 33.2 27.7 67.3 29.1 20.2 38.7 37.4
48.2 11.5 49.2 36.6 -4.4 20.3 9.8 14.8 62.2 67.4 113.7 7.8 12 13 28.1 24.3 8.4 4.5 19.8 60.1 27.6 34.2 28.8 68.2 29.8 21.6 37.6 36.2
47.1 12.8 49 35 -5.7 17.6 8.4 14.3 62.1 67.1 113.3 4.9 10.5 12.1 27.6 24.2 8.4 4.9 20.3 60 27.6 34.7 29.7 68.5 30.4 22.4 36.2 35.2
51.3 18.7 55.6 40.2 -2 17.6 10.4 18.1 66.6 71 116.5 7.5 12 14.3 30.6 27.7 11.6 8.1 22.5 59.3 27.9 35.7 31.1 69.4 31.6 23.2 35 34.1
58.1 25.3 66.3 50.2 4.4 19.2 14.1 23.9 73 77 121.6 13.3 14.2 17.2 34.8 32.3 15.5 11.7 24.7 57.6 27.7 35.9 32.2 69.9 31.7 22.6 33.4 31.5
63.3 32.2 76.8 60 10 19.4 16.6 28.1 77.4 81.4 125.5 18.3 14 18 37 34.7 17 12.8 24.7 54.4 26.4 34.6 31.9 69.2 30.3 20.3 31.2 27.7
63.8 37.2 81.8 64.3 12.3 17.1 16.3 28.7 78.6 82.1 126.8 21.3 11.8 16.5 36.3 34.6 16.1 12.1 23.4 52.3 26 34 32.1 68.8 29.6 19.1 30.5 26.1
59.7 36.5 79.8 62.3 10.6 12.8 13.3 25.7 77.3 79.9 125.8 23 9.2 14.2 34 33.4 14.9 11.1 22.1 53.1 27.9 35.6 34.1 70.4 31.3 20.4 31.1 27
55 32 75.8 58.7 7.2 8.6 9.7 21.8 75.4 77.2 123.9 22.9 6.6 11.8 31.5 31.8 13.9 9.6 20.5 54.3 29.4 37.4 35.8 71.9 32.8 21.9 30.2 27.2
53.9 30.8 75.4 58 5.4 6.1 7.5 19.8 74.2 75.6 121.8 19.7 3.9 9.8 29.8 30.1 12.6 7.1 18 52.9 27.5 36.4 34.4 70.3 31 20.2 26.2 23.9
56.6 35.6 79.5 61 6.5 6.1 7.7 20.8 74.8 75.9 120.5 14 2.2 9.1 29 29.1 11.6 4.8 15.6 49.2 23.8 33 30.8 66.4 26.8 16.3 21.3 18.9
60 40.3 85 65.2 9 8.2 9.5 23.4 76.9 77.5 120.5 9 2.9 10.3 29.8 29.8 11.7 4.5 14.9 46.4 21.6 30.8 28.7 63.8 24.2 13.5 18.9 15.9
60.6 40.1 86.5 66.3 9.4 10.2 10 24.4 77.2 77.6 119.9 6.1 4.3 11.2 30.5 30.7 11.6 4.6 14.9 46 21.5 30.4 28.6 63.5 23.5 12.5 19.1 15.1
57.6 37 82 62.3 6 9.9 7.8 21.9 74 74.8 117.1 4.8 3.8 9.8 29.6 29.3 9.6 2.9 14.2 47.3 22.1 30.4 28.8 63.6 23 12 20.1 14.8
53.3 32.8 73.4 54.4 1.2 7.7 4.7 17.8 69.2 71 113.9 4.7 2.6 7.6 27.9 26.5 7.2 0.6 13.9 50.2 23.9 31.2 29.3 64.1 23.4 12.9 22 15.5
49.5 26.3 63.5 45.6 -2.6 6.1 2.5 14.4 65.3 68.3 112.4 5.8 2.5 6.9 26.8 24.3 6.2 -0.3 14.8 54.2 26.3 33.2 30.6 65.3 24.9 15.2 24.8 17.4
48.2 20.5 57.6 41 -3.3 6.6 2.4 13.5 64.1 67.5 113.1 8.5 3.8 7.9 27 24.2 6.8 0.1 15.8 56.3 27 34.3 31.1 65.5 25.2 16 25.8 17.9
50.6 21.2 58.5 43.1 -0.1 9.7 4.7 15.4 65.8 69.3 115.9 13.4 6 10.3 28.7 26 8.5 1.4 16.7 55.4 25.2 32.9 29.9 63.8 23.3 14.2 23.5 15.2
54.6 26.6 62.3 48 4.5 14.1 8.1 18.6 68.8 72.5 120 20.3 8.9 13.2 31.3 28.8 10.6 3.8 18.4 54.6 23.8 31.7 28.9 62.7 21.8 12.5 21.5 12.1
56.4 28.2 63.2 49.8 6.8 17.1 10.2 20.2 70.5 74.6 123 25.5 11.4 15.1 33.2 30.7 12.2 6.1 20.9 56.5 25.4 33.2 30.3 64.4 23.2 13.9 23.2 12.2
53.9 22.5 59.2 46.3 5 16.7 9.5 18.7 68.9 73.6 122.3 24.4 11.7 14.7 32.6 30.2 11.7 6.1 21.9 59.7 28.2 36 33 67.3 25.9 16.6 26.8 14.4
49.5 16.2 53.1 40.6 1 13.8 6.7 15.3 64.9 70.3 118.7 17.7 9.7 12.3 30.1 27.5 9.2 3.3 20.4 61.3 29.3 37.2 34 68 26.4 17.4 28.1 14.9
48.1 16 51.5 38.7 -0.8 12.1 5.6 13.9 63.2 68.5 116.7 12.2 8.5 11.3 29.2 25.8 7.6 1.4 18.9 60.9 29.2 37 33.8 67.1 25.5 16.5 27.1 13.6
52.3 20.6 57.6 44.1 2.5 14.3 8.8 17.3 66.8 71.6 119.6 13.1 10.1 13.8 32.3 28.2 9.9 3.4 20 60.5 29.8 37.6 34.6 67.7 25.9 16 26.5 13.1
60.6 28.5 70.2 55.3 10.4 19.6 15.2 24.8 74.4 78.9 126.2 19.3 13.5 18.5 38 34.3 15.1 8.3 23.2 60.3 31 39.5 36.5 70.2 27.8 16.8 26.6 13.5
69.2 39.6 84.8 67.6 19.9 25.1 22.4 33.4 82.6 87 133 26.9 17 23.1 43.2 41 20.7 13.5 26.4 60.3 32.7 42 38.9 73.3 30.5 18.5 27.2 14.3
73.1 48.1 92.9 74 25.6 27.2 26.4 38.4 87.2 91.8 136.6 31.4 18.8 25.4 45.7 44.7 23.9 16.3 28.1 61.4 34.9 44.9 41.5 76.5 33.6 21.3 29 16.1
70.3 47.2 91.1 71.7 24.2 24.7 25 37 85.9 90.8 135.5 30.6 17.2 24.2 44.7 43.9 23.3 15.5 27.3 63.5 37 47.3 43.9 79.5 36.4 24.2 31.2 18.5
65 41 85.9 67.2 19.3 20.4 21 32.7 82.5 87.1 132.4 27.1 13.8 21.5 42.4 40.8 21 12.9 25.2 64.5 37.9 48.1 45.4 81.1 37.9 25.3 31.8 19.6
62.8 39.4 85 66.8 16.8 18.1 18.6 30.5 81.4 85.3 130.6 24.9 12 19.9 41.5 38.7 19.7 11.3 23.8 63 36.6 46.8 44.7 80.3 37.2 23.8 29.3 17.8
64.8 44.7 89.4 70.9 18.5 18.8 19.2 31.9 83.5 86.5 131.6 24.8 12.7 20.3 42.3 38.9 20.3 11.6 23.6 59.7 34 44.5 42.6 78.1 35 20.9 25.1 14
68.1 49.8 94.8 76.2 21.8 21.1 21.9 35.3 86.8 89.2 134 25.6 15.2 22.4 44.1 41.3 22.1 13.4 24.6 57.4 32.7 43.7 41.3 77 33.9 19.5 22.8 11.5
68.5 48.9 95.2 77.1 22.5 21.9 23 36.6 87.4 89.8 134.3 24.4 16.4 23.9 44.8 42.8 22.8 14.3 25.2 57.3 33.2 44.5 41.3 77 33.9 19.8 23.4 11.4
64.8 43.8 88.7 71.4 18.8 19.2 20.2 33.4 83.4 86.2 130.5 19.9 14.8 22.6 42.6 40.9 20.4 12.1 23.5 58.2 33.8 45 41 76.5 33.6 20.1 24.5 11.8
58.8 36.8 77.8 61.6 12.5 15.2 15.5 27.6 76.9 80.7 125.2 14.9 12.5 19.7 39.3 37.1 16.8 8.9 21.3 60.3 34.6 45.4 41.4 76.4 33.7 21.2 26.3 13.1
53.8 28.9 67.1 52.1 7 13.3 12.5 22.9 71.7 76.7 121.9 12.8 12.2 18.2 37.7 34.3 15.3 7.7 21.5 64 36.7 46.9 43.3 78 35.4 23.4 29.5 15.8
52.6 23.5 62 47.9 5.4 14.8 12.9 21.9 70.3 76.3 122.2 14.4 14.1 19.4 38.6 34.1 16.3 8.8 23.4 66.7 38.5 48.2 45.2 79.5 36.9 24.4 32.2 17.6
55.6 24.7 63.7 49.9 7.9 18.6 15.7 24.4 72.5 78.7 125.3 18.1 17.2 22.5 40.9 35.9 18.6 10.9 25.4 67 38.4 47.6 45.4 79.1 36.5 23 32.6 16.7
58.8 28.9 66.3 52.7 10.2 21.9 17.9 26.9 75.2 80.6 127.7 21.2 19.9 25.1 42.6 37.7 20.2 12.5 26.9 66.2 37.2 46.3 44.3 77.8 35.3 21.4 32 15.2
58.4 28.1 64.5 51.1 8.7 22.6 17.3 26.4 74.9 79.6 126.8 21.9 21 25.5 42.4 37.6 19.6 12.5 27.5 66.6 37 46.3 44.1 77.7 35.3 22 32.6 15.9
54.4 21 58.5 45 4.4 20.9 14.3 23.3 71.4 76 123.2 20.6 20.2 23.8 40.6 35.7 17.4 10.9 26.9 68.4 38.1 47.9 45.2 79.1 36.5 24.4 34.9 18.7
49.7 14.8 52.1 38.4 0.1 18.1 11 19.6 67 72.2 119.5 18.6 18.5 21.4 38.1 32.8 14.7 8.4 25.6 70 39 49.2 45.9 79.9 37.1 25.9 37.2 20.4
48.6 15.6 51.5 37.6 -0.1 17.3 10.5 18.8 66 71.7 119.1 18.5 18.8 21.3 37.8 31.9 14.6 7.8 25.6 71.5 40.2 50.3 46.6 80.7 37.8 27.1 39.2 21.1
53.6 21.5 58.8 44.2 5.3 20.2 14.3 22.8 70.5 76.2 123.3 21.6 22.7 25 41.6 35.5 18.4 11.3 28.2 73.7 43 52.5 48.4 82.9 40.3 29.4 41.8 22.7
61.7 28.7 70.5 54.2 12.8 24.7 19.4 29 77.1 82.3 128.6 25.6 26.7 29.1 46.4 40.4 22.8 15.6 30.7 74.1 44.5 53.8 49.4 84.3 42.1 30.4 43 23.8
67.3 35.6 80.9 62.7 17.5 27 21.9 32.9 81.5 85.2 131 27 27.2 30 48.2 42.6 24 16.9 30.2 71.2 42.8 52.2 48 82.7 40.9 28.1 41.9 22.8
66.3 38.6 84.1 65 17.1 25.4 20.3 32 81 83.4 129.5 24.8 24.4 27.6 45.7 40.5 21.5 14.8 27.2 68 40.4 49.6 45.8 80.2 38.5 25.2 41.1 21.3
59.5 34.4 79.3 60.6 12.5 20.5 15.7 27 76.5 78.4 125.1 20.1 20.2 23.6 40.6 35.7 16.8 10.7 23.9 66.9 39.8 48.3 44.5 79.3 37.3 24.4 41.5 20.8
52.3 27.8 73.1 55.1 7.6 15.4 11.2 21.7 71.7 74 120.7 16.1 16.8 20.1 36.5 31.2 12.6 7.1 21.5 66.9 40.4 48.2 43.9 79.5 37.6 25.1 41.1 20.6
49.9 27.2 72.2 53.6 6 13.3 9.8 19.9 69.9 73.1 119.1 15 15.2 18.4 35.2 29.7 10.8 5.6 20.4 65.9 39.8 47.3 42.5 79.1 37.4 25.2 38.5 19.7
52.5 33.8 76.8 57.2 8.7 15 11.7 21.9 71.5 75.4 120.7 17.1 15.3 18.9 36.4 31.3 11.8 6.7 20.9 63.7 37.9 45.5 40.3 78.1 36.8 24.8 35.8 19.3
57.3 40.1 82.8 63 13.1 18.7 15 25.4 75.3 79.2 124.3 21.2 17.1 21.6 38.8 34.9 15 10 23.2 62.9 37.1 44.8 39.9 78.7 37.7 26.3 36.4 21.8
59.7 40 84.3 65.6 14.9 20.9 16.3 26.9 77.3 81.1 126.7 24 18.5 23.5 40.2 37.3 17.5 12.6 25.6 63.6 37.5 45.4 41.3 80.5 39.8 28.8 39.7 26.3
57.5 35.3 79.4 62.1 11.7 18.9 13.4 24.4 74.6 79.1 124.8 22.8 17.3 22 38.5 35.8 16.8 11.6 26 64.2 37.8 46 42.1 81.3 41.2 30.2 42.6 29.8
51.8 28.9 69.9 53.7 5.5 14.3 8.4 19.4 68.7 74.2 120.2 19 14.8 18.7 35.1 31.9 14 8.4 25.3 65.5 38.5 46.8 42.3 81.7 42.2 31.1 45.1 32.7
45.5 21.1 58.8 44.3 -0.3 11.5 5.1 14.5 63.3 69.5 117 17.2 14.2 16.8 32.9 29 12 6.8 25.8 68 39.8 48.1 43 83 43.9 33.1 48.2 36.4
42.5 15.1 52.1 39.5 -1.6 12.5 5.2 12.1 61.6 67.7 117.3 20.2 15.9 17.2 32.9 28.5 11.9 7.9 27.2 69.4 39.9 48.2 43.4 83.9 45.4 34.7 50.1 39.7
44.3 15.5 52.6 41.1 2.1 16.1 7.9 13.5 63.2 69.3 120.8 27.1 18.4 19.1 34.5 29.8 13.7 10.4 28.4 68.4 37.9 46.6 42.5 83.3 45.2 34.7 50.1 41.3
48.1 19.3 55.5 44.7 6.8 19 10.2 16.1 65.2 71.8 124.3 33.5 20 20.3 36.1 31.6 15.9 12.8 29.1 66.8 35.7 44.8 41.2 82 44.5 34.4 49.8 41.9
49.2 18.3 55 44.6 7.5 19.1 9.8 16.6 64.9 72.4 124.8 34.4 19.8 19.5 36 31.9 16.6 13.5 29.4 66.9 35.2 44.4 41.2 82 45.2 35.6 50.6 43.3
46.5 10.9 49.5 39.1 3.1 16.5 6.5 13.7 61.5 69.9 121.2 27.8 18 16.9 33.8 30.1 15.2 11.9 29.3 68 36.1 45.1 42.3 83.3 46.7 37.7 52.2 46.1
42 4.4 42.2 31.8 -4 12.8 1.9 9 56.8 65.4 115.7 17.9 15.2 13.4 30.4 27 12.1 8.7 28.9 68 35.8 45 42.6 83.9 47.4 38.9 53.3 48.9
39.4 3.4 39.2 28.2 -8.7 10.2 -1 6 53.9 62.3 112.2 11.5 12.7 10.8 27.7 24.3 9.4 6 28.7 66.2 33.8 43.4 41.1 83 46.4 38.5 53.1 50.5
40.7 5.1 42.6 30.5 -8.4 10.3 -0.6 6.5 54.5 62.7 112.2 10.4 11.9 10.3 27.2 23.4 8.5 5.5 28.6 63.2 31.1 41 38.5 81.3 44.3 36.4 51.9 50.5
45 8.1 51 37.2 -4.7 12.3 1.8 9.7 57.7 65 113.5 11.1 12.4 11.1 27.7 23.8 8.8 5.8 27.6 59.2 27.8 37.6 35.3 78.3 41.1 32.5 48.4 47.9
48.6 13.2 60 44.4 -1.6 13.1 3.2 11.9 60.5 66.2 113.4 10.1 11.6 10.3 27 23.2 7.8 4.6 24.7 53.9 23.6 32.7 31 73.6 36.8 27.2 40.8 41.3
48 17.2 63.6 46.5 -2.9 10.9 1.6 10.5 59.7 64.2 110.8 7.1 8.6 6.9 23.8 20.3 4.3 1 20.4 49.5 20 28.6 27.1 69.1 33.3 23.1 32 33.6
44.1 16.3 61.4 43.2 -7.2 7 -1.7 6.8 56.2 60.9 107.7 4.4 5.2 3 20 16.7 0.6 -2.5 17.5 49 20.2 28.4 26.3 68.4 33.3 23.1 28.9 31.4
41.6 13.7 59.5 40.6 -9.7 4.3 -3.4 5 54.4 59.7 107 4.1 3.9 1.4 18.6 15 -0.2 -3.3 17.3 51.5 23.3 31.4 28.7 71.3 36.1 26.4 33.1 36.1
43 15.7 62 42.5 -8.4 4.3 -2.3 6.5 55.7 61.1 108.8 5.8 4.9 2.4 19.4 15.5 1.3 -1.8 18.6 52.5 24.9 33.3 30.4 73.6 38 28.5 38.1 41.3
47 22.9 67.8 47.6 -5 6.1 0.3 9.5 58.7 63.6 111.2 7.8 7.2 4.3 20.9 17.4 3.1 0.3 20 50.2 23 32.1 29.4 72.7 37.1 27.7 38.2 41.8
51.2 28.8 73.5 53 -1.3 9.3 3.4 12.5 62.4 66.3 113.3 9.6 9.9 6.5 22.6 20 5 2.4 21.2 47.4 20.5 30 28.1 71.3 35.8 26.1 35.6 39.8
52.9 29.5 74.8 55 0.4 12.9 5.5 14.1 64.4 67.9 114.4 10.1 11.5 8.2 24.1 21.9 6.5 3.9 22 47.8 20.6 29.8 28.3 71.5 36 25.8 35.2 39.2
50.5 27 70.4 51.9 -1.9 14.9 5.2 13.2 62.7 66.7 113.2 8.8 10.3 8 24.2 21.5 6.4 3.4 21.6 50.8 22.9 31.1 29.5 72.8 37 26.9 37.5 40.4
44.9 22.3 61.2 44.7 -7.1 14.3 2.1 9.7 58 63.5 110.9 6.7 7.6 6.1 22.6 19.3 4.7 1.7 20.9 54.9 25.7 33.1 31 74.1 38.6 29.3 41.1 42.9
39.4 15.4 51.1 36.8 -11.2 12.1 -1.2 5.9 53.4 60.9 109.7 6.5 6 4.6 21.1 17.4 3.4 1 21.6 58.9 27.7 35.1 32.5 75.4 40.4 32.3 44.4 46
38.2 10.1 46.2 33.3 -11 10.5 -2.2 4.4 52 60.9 110.9 9 6.4 4.6 20.8 17.4 3.7 1.8 23.2 60.1 27.2 34.9 32.2 75 40.9 33.1 44.8 46.6
41.7 10.5 48 35 -7.3 9.6 -1.2 5.4 53.5 63 113.2 12.1 7.2 5.2 21.2 18.2 4.4 3.1 23.9 57.2 23.4 31.3 28.9 71.9 38.2 30 40.7 42.9
45.4 13.8 50.7 37.3 -4.1 8.6 -0.9 6.5 55 64.4 114.5 13.5 7.4 5 21.1 18.4 4.5 3.8 23 52.8 19 27.1 24.8 68 34.1 25.6 35.6 37.7
45.4 12.8 49.5 36.2 -4.1 7.2 -2.3 5.9 54.4 63.6 113.9 12.6 6.8 4.2 20 17.3 3.9 3.1 21.4 51.2 17.3 25.6 23.2 66.2 31.8 23.2 33.8 34.7
41.6 5.9 44 31.4 -7.5 5.4 -5.2 3.2 51.5 60.6 111.5 9.8 5.4 2.5 17.7 15 2.1 0.7 19.6 52.4 18.2 26.4 23.9 66.2 31.2 22.8 34.9 34.6
37.1 0.1 37.8 26.1 -11.8 2.9 -8.8 -0.2 47.7 57 108.1 6.4 3.5 0.2 15.1 12.2 -0.7 -2.7 17.3 53.9 18.9 27.4 24.6 65.9 30.5 22.6 36.2 35.3
35.9 0.2 36.8 25.3 -12.6 1.4 -10.2 -0.9 47 56.4 106.6 6 2.9 -0.7 14.4 11.8 -1.8 -4.4 15.6 54.8 19.4 27.8 24.9 65.5 29.9 22.1 36.5 35.5
38.7 3.9 42.7 30.7 -8.5 2.5 -7.8 2.2 50.7 59.7 109 10.5 4.8 0.9 16.6 14.5 0.2 -2.8 15.6 54.7 19.9 27.6 25.3 65.3 29.5 21.8 36 34.9
43.5 8.8 52.8 39.9 -2.2 5 -3.7 6.8 56.6 64.1 113 16 7.1 3.3 19.6 17.5 3.2 0 16.1 52.4 18.8 25.3 24.3 63.8 28 20.1 33.6 32.3
48.2 15.9 63.4 49.2 3.6 7.5 -0.3 10.2 61.3 67.1 115.6 17.4 7.8 4.6 21.4 19 4.7 1.8 16.2 48.6 16.3 22.2 21.9 61.3 25.4 17.3 29.5 28.7
50.5 22 69.2 53.9 6.6 9.1 1.2 11.8 63.2 68.6 116.2 14.4 7.5 4.9 22 19.3 4.8 2.2 16.4 47.3 15.8 22 21.3 61 25 16.9 27.8 28.2
49.5 22.4 68.7 52.9 6.4 8.8 0.9 11.7 62.8 68.8 115.6 10.6 7 4.9 21.7 19.1 4.5 1.6 16.9 49.7 18.7 25.5 23.8 64.2 28.1 19.9 30.5 31.7
47.3 19.1 66.7 50.3 4.4 6.7 -0.4 11 61.8 68.4 115 8.4 5.9 4.4 21 18.3 3.7 0.2 16.5 52.2 21.8 28.6 26.9 67.3 31.3 22.8 33.9 34.8
46.7 19.2 67.5 50.4 2.8 4.7 -1.6 10.6 61.5 68 114.4 7.9 4 3.2 19.7 17.4 2.7 -1.4 14.9 50.8 21.1 27.8 26.5 66.5 30.5 21.7 33 33.6
48.1 24.5 71.3 54 3 4.5 -1.4 11 62.3 68.2 114.6 8.7 2.3 2.1 18.5 17 2 -2 13.1 46.4 17.2 24 23 62.8 26.5 17.5 28.7 29.5
50.2 29.1 75.3 58.3 4.8 5.5 -0.2 11.9 63.9 69.2 115.8 11.2 1.8 1.9 18.5 17.4 2.6 -1 12.6 43.1 13.6 20.8 19.8 60.1 23.6 14.2 25.9 27
50 27.7 75.1 58.4 5.2 5.1 -0.3 11.3 63.7 69.1 116.3 12.8 1.3 1.3 18.5 17 2.9 -0.2 12.8 42.1 11.6 19.6 18.5 59.3 22.7 13.2 26.2 26.8
46.9 23.2 70.1 53.7 2.8 2.1 -2.9 8.2 60.9 67 115.3 11.8 -0.5 -1.1 16.8 15.1 2.1 -0.9 12.6 42.6 11 19.3 18.4 59.8 23.2 14 28.1 28.1
42.2 18.4 62 46.8 -0.4 -1.3 -6.5 4.6 56.9 64.6 114.1 10.1 -2 -3.8 14.8 13.2 1.3 -1.6 13.4 44.8 12.2 20.6 20.1 62.2 25.6 17 31 31.3
37.6 11.7 52.9 39.8 -3.3 -3.9 -9.7 1.5 53 62.5 113.2 10 -2.7 -5.8 13.3 11.6 0.9 -1.2 15.6 46.7 13.5 22 22.4 64.7 28.3 20.4 31.9 33.8
35.2 5.2 46.9 35.6 -4.5 -5.7 -12.2 -0.7 50.2 61 112.3 11.3 -3.9 -7.8 11.6 10.4 0.2 -0.8 17.4 44.9 11.6 20.6 21.6 64.4 28.3 20.8 28.4 32
36.1 4.7 47.2 36.4 -2.8 -5.7 -13 -0.7 50 61.2 112.4 13.4 -4.7 -9 10.7 10.1 0 -0.5 18.4 40.3 7.2 16.9 17.9 61.1 25.8 18.3 23.2 27.6
38.5 9 50 39.4 0.4 -3.3 -11.6 1 51.8 63 114.4 15.6 -3.3 -8 11.4 11.3 1.3 0.6 19.7 37.9 4.5 14.6 15.5 58.6 24.3 16.8 21.5 25.4
39.4 9.9 50.4 40.6 2.1 -0.6 -10 2.2 53.7 64.7 116.7 17.4 -0.7 -5.5 13.3 13.2 3.2 2 21.6 40.4 6.3 16.3 16.9 60 26.1 18.6 24.7 27.5
37.3 4.6 46.6 38.1 1.1 0.2 -10.5 1.3 53.5 64.4 117.3 19.4 0.4 -4.2 14.2 14 4 2.5 22.8 45 10.1 20.2 19.8 63.4 29 21.4 28.8 31
33.5 -0.4 41.3 33.8 -1.6 -1.3 -13 -0.8 51.7 62.3 116.4 22.1 -0.7 -5.3 13.2 13.4 3.2 1.6 22.1 48 12.5 22.5 21.5 65.5 30.2 22.5 30.2 32.2
32.4 0.7 41 33.2 -1.8 -1.7 -13.5 -0.4 51.9 62.2 117 25.6 -1.3 -5.6 13.4 14 3.5 1.8 21.7 49.5 14.1 23.7 22.7 66.5 30.7 23 29.6 31.9
36.8 6.4 48.8 39.8 3.6 1.6 -9.4 4.4 56.8 66.9 121.1 29.1 0.8 -2.5 17.2 18.1 6.8 4.9 24 50.8 16.1 25.7 25.3 68.5 32.7 24.6 29.6 32.6
44.7 13.7 62.1 51.3 12.4 6.7 -3.2 11.5 64.5 74 126.5 30.7 3.4 2.2 22.5 23.6 11.3 8.8 27.4 50.1 17.3 27.4 27.5 70 34.4 25.4 30 33.1
51.3 22.2 74.9 62.4 19.4 9.4 0.9 17 70.9 79.2 130.1 30.2 3.8 5 25.7 27.3 14.1 10.7 28.4 47 16.8 27.7 27.7 69.5 33.9 23.9 29.8 31.9
53.1 28.3 80.7 66.9 21.1 8.2 1.1 18.5 72.9 80 130.1 27.4 2.4 4.9 25.9 27.9 13.7 9.6 26.5 44.8 16.7 27.9 27.5 68.9 32.8 22.2 29.1 30
50.2 27.5 78.6 64.1 18 4.5 -1.1 16.8 70.7 77.3 126.8 22 0.5 3.2 24.4 26.3 11 6.4 23.3 46.2 18.6 29.7 28.6 70.1 33.1 22.6 29 29.5
