0.69826 0.43981
0.69632 0.43981
0.69632 0.43981
0.69632 0.43981
0.69826 0.43056
0.69439 0.40509
0.69052 0.37037
0.68279 0.34259
0.67118 0.31481
0.65184 0.28241
0.63056 0.25231
0.60542 0.22454
0.5764 0.20602
0.54545 0.19444
0.51257 0.18981
0.48549 0.1875
0.45841 0.18981
0.42553 0.2037
0.38685 0.22454
0.35397 0.25463
0.33462 0.29167
0.32495 0.33333
0.31915 0.37963
0.31915 0.43519
0.32302 0.48843
0.33462 0.53935
0.3559 0.59028
0.38878 0.63194
0.42553 0.6713
0.46422 0.71065
0.50677 0.74074
0.55126 0.75463
0.59574 0.75926
0.64217 0.75
0.68472 0.7338
0.72147 0.71065
0.74662 0.68519
0.75822 0.65972
0.76789 0.63657
0.76789 0.61343
0.76596 0.58796
0.76015 0.56019
0.75048 0.53009
0.73694 0.50231
0.72534 0.46991
