116.9 41.5 72.2 61.9 71.1 54.8 48.6 39.1 84.8 89.6 137.3 34.1 39.5 41.6 50.2 41 34.9 25.1 32.2 71.1 48.4 60.1 66.2 84.8 45 35.6 58.9 34
118.1 46.7 76.9 65.7 73.3 54 48.9 40.5 86.9 91 138.3 34.2 39 41.8 50.7 41.7 35.7 25.7 31.9 69.8 48 59.6 66.6 85.7 45.2 35.5 59.1 34.4
122.9 57.7 86.9 74.7 79.7 56.3 52.1 45 91.8 95.9 142.5 38.1 39.9 43.8 53.5 44.5 38.7 28.2 33.7 66.7 46.2 58.5 65.8 85.5 44.9 34.3 58 33.3
128.1 67.9 96 83.5 86.6 59.7 56.1 49.7 97.3 101.7 147.8 44.5 41.5 46.4 57 48.5 42.6 31.7 36.8 64.8 45.2 58.3 65.4 85.8 46 34 57.2 32.5
131.1 73.4 104 90.9 90.7 59.9 57.5 52.1 101.2 105.1 150.7 47.9 40.6 46.4 58.1 51 44.1 33.2 37.6 62.7 44.3 58 64.6 86.3 46.9 33.6 55.3 30.6
129.5 73.5 109.2 94.6 89.6 54 54.1 49.9 101.1 103.4 148 43.6 35.3 41.7 54.6 49 40.8 30.3 33.6 58.1 41 55.3 61.7 84.7 45 30.8 50.3 25.8
123.9 70.6 109 92.5 84.1 44.6 47.7 44.2 96.7 97.6 140.9 33.5 27.3 33.5 47.9 42.8 34.3 23.9 26.7 52.1 36 50.9 57.3 81.1 40.6 26.4 43.8 19.8
119 66.7 105 87.2 78.7 38.1 43 39.6 91.8 92.6 135.1 24.6 21.8 27.7 42.9 37.5 29.8 19 21.9 48.9 32.9 48.2 54.8 78.8 37.9 24 40.2 16.9
118.7 65.8 104.3 85.5 78.1 37.6 42.9 39.6 90.8 92.1 133.8 21.3 20.7 27.3 42 36.3 29.4 18 20.8 47.7 32.3 47.5 54.5 78.3 37.5 23.7 39.4 16.6
122.5 71.9 111.4 91.2 82.4 39.9 45.3 43.4 93.9 95.1 135.6 21.7 20.6 29.3 43.5 38.1 30.9 19.1 20.9 44.5 31.1 46.1 53.4 77.1 36.7 22.6 37.7 15.5
124.9 77.1 116.8 96.8 86.2 42 47.1 46.3 96.8 97.7 137.7 24 20.5 31.1 45.2 40.4 32.6 20.7 22 41.9 29.9 45.2 52.7 76.4 36.6 22 37.2 15.8
123.1 73.4 112.5 94.8 85.3 43.3 47.2 45.8 96.5 97.7 138.5 27 21.5 32.5 46.7 41.8 34.2 22.5 24.8 44.4 31.5 47.2 55.3 78.9 39.7 25.2 41.3 20.5
120.4 65.6 105.7 89.8 82.5 44.2 47.4 44.7 95.4 97.1 138.9 29.8 24.1 34.5 48.8 42.9 36.1 24.4 28.3 51.1 36.4 52.3 61 84.5 45.6 31.6 47.8 27.7
120.1 60 102.3 86.4 81.6 45.9 49.2 45.4 95.8 97.7 140.6 32.6 27.9 38 51.9 44.6 38.8 27.3 31.9 58.4 42.9 58.5 67.2 90.7 52 38.5 53.7 33.8
120.4 56.4 98.1 82.4 81.2 47.8 50.8 46 95.9 98.1 142.4 34.7 31.3 41.1 54.2 45.8 41 30.1 34.8 63.3 47.2 62 70.4 93.8 55.6 42.6 56.8 36.5
119.2 52.1 90.7 76.5 79.3 48.5 50.1 44.4 93.7 96.4 142.5 35.5 32.3 41.7 53.8 45.3 41 30.9 36 63.9 47.1 61.3 69.1 92.6 55.1 42.7 56.4 35.6
117.7 47.2 84 71.6 77.1 48.2 48.2 42 90.8 94 141.7 36 31.3 40.3 51.9 44 39.5 29.8 35.8 61.4 43.5 57.8 65.3 89.6 52.2 40.2 53.7 32.5
116.9 44.3 81.6 69.9 75.6 47 46 40 88.5 92 139.9 35.3 29.1 37.7 49.3 42.2 37 27.4 34.1 57.1 38.6 53.2 60.9 86.1 48.5 36.5 49.9 28.6
114.2 41.4 78.5 67 72.5 44.2 42.8 36.8 85.2 89.1 136 32.2 25.8 33.9 45.8 38.7 33.8 23.6 30.9 53.5 34.6 49.3 57.5 83.1 45.3 33.6 47.2 25.5
108 33.8 68.7 58.4 66.1 40.3 38.2 31.2 79.2 84.4 130.7 27.9 22.6 29.9 41.8 34.1 30.1 19.6 28.1 53.4 33.5 47.9 56.2 81.8 44.4 33.2 47.2 25
103 29 61.3 51.9 61.4 37 34.7 27.3 74.9 81.1 127.5 25.2 20.3 27.3 38.8 30.8 27.5 17.4 26.5 54.4 34.2 48.3 56.3 81.7 44.7 34 47.3 25.2
104.5 35.3 66.1 55.8 63.8 37 35.8 29.7 77.1 83.2 129.5 27.1 20.5 28.1 39.5 32 28.5 18.5 27.2 54.1 35.3 49.5 57 82.2 45.6 34.9 46 24.6
110.7 47.7 76.7 65.6 71 41 40.6 36.2 83.7 89.3 135.8 33.5 24 32.3 44 37.4 33.1 23.1 30.8 53.6 36.9 51.3 58.3 83.7 47.2 36.5 45.2 24.7
116.4 58.1 85 74 77.1 45.3 45.4 41.7 89.5 94.7 141.4 39 27.8 36.3 48.6 42.8 37.4 27.6 34.2 53.5 38.1 52.9 59.5 85.1 48.6 38 45.5 25.7
118.5 62.7 91.2 78.8 78.9 45.8 47 43.5 91.9 96.5 142.5 38.5 28.2 36.7 50.2 44.6 37.7 28.3 33.9 52.5 38.1 52.9 59.3 85.3 48.7 37.7 45.5 26.2
117 62.9 95.7 80.4 76.3 41.5 44.8 41.6 90.9 94.2 138.5 31.8 24.7 33.4 47.7 42 34.2 24.6 29.7 50 36.4 51 56.8 83.8 46.9 35.6 43.6 24.9
113.1 61.3 97 79.2 71.3 35.1 40.3 37.5 87.6 89.6 132.4 23.2 19.3 28.5 43 36.8 29.5 19.2 24.7 46.7 33.7 48.2 53.4 81.4 44.2 33 39.9 22.2
108.8 58.5 94.5 75.7 67.1 30.5 36.4 33.7 84.1 85.9 128.3 18 14.9 25 38.9 32.1 26.1 15.5 21.9 44.3 31.3 46.2 51.1 79.4 42.6 31.8 36 19.5
106.2 57.6 93.4 74.5 66.8 29.2 35.3 32.6 83 85.2 127.6 18.1 12.6 23.8 37.1 30.3 24.9 14.4 21.1 41.6 28.8 44.2 49.8 77.7 41.1 30.6 31.6 16.3
107.9 63.5 100.2 80.6 71.7 30.5 37.6 35.8 86.4 88.7 130.6 23 11.9 24.2 38 31.8 26.1 15.8 21.5 37.6 25.5 41.6 48.4 76.1 39.2 28.4 27 12.6
111.3 69.3 107.3 87.6 78.2 33.1 41.2 40.3 91.4 94.1 136.2 31.4 13.7 26.4 41.1 35.8 29.8 19.8 23.9 36.4 24.7 41.4 49.3 76.9 39.9 28.6 26.7 12.8
111.6 66 104.8 86.7 80.4 34.4 42 41.4 93 96.9 140.8 39.3 16.4 28.7 43.8 39.4 33.7 24.1 27.4 40.5 27.9 45 53.6 80.9 44.5 32.8 31.8 18.3
108.5 56.2 97 80.7 78.3 32.3 39 39 91.2 96.1 141.7 42.4 16.9 29 44.1 40.3 35.5 25.9 29.2 45.8 32.1 49.7 58.3 85.5 49.8 37.9 37.9 24.7
104.3 46.3 89.6 74.4 74.6 28.8 34.8 35.4 88.3 93.5 139.8 40.5 15.5 27.8 42.9 39.1 35.3 25.4 29.4 48.8 34.8 52.7 60.8 88.4 52.8 41.1 41.2 28.7
100.5 39.7 81.9 68.2 71.3 27 32.4 32.6 85.5 90.9 137.5 36.3 14.9 27 41.5 37.6 34.7 24.6 30 49.7 35.2 53.3 60.8 88.9 53.1 42.2 40.6 29.3
98.3 35.9 74.6 62.9 69.8 28 32.7 31.5 83.4 89.8 136.6 32.4 16.1 27.5 41.2 37.3 34.7 25 32 49.8 34.2 52.1 59.9 88.4 52.2 42.6 37 27.8
98.8 34.3 71.1 61.3 71 31.4 34.7 33 83.5 90.9 138 30.7 18.4 29.6 42.7 38.9 36.2 27.1 35.1 49.6 33.2 51.3 60.2 88.6 52.1 43.2 34.6 27.8
101.8 36.7 73.9 64.8 74.5 35.4 37.7 36.3 86.7 94.1 141.2 31.2 21.1 32.7 45.8 42.3 39.3 30.3 38.5 49.8 33.7 52.5 62.5 90.5 53.8 44.8 36.2 30.8
104.4 39.3 77.1 67.9 77.1 38 40.2 39.3 90.4 97.8 144.5 33.6 23.5 35.6 49.1 46.1 43.2 33.7 42.3 52.4 37 56.4 66.9 94.8 58.1 48.8 41.7 36.6
103 35.2 72.9 64.3 75.4 37.9 40.2 39.3 90.5 98.6 145.9 36.1 24.7 36.8 50.6 47.8 45.9 36.4 46.1 57.2 41.9 61.4 71.7 100 64.1 55 48.1 43.5
99.8 30.3 67.4 59.3 71.4 35.3 38.2 37 88.1 96.6 144.3 35.8 23.3 35.7 49.5 46.8 45.6 36.6 46.9 59 43.6 63.1 73.4 102.1 67 58.2 50 46.5
99.3 33.7 69.8 60.2 70 33.2 36.9 36.1 87 94.9 141.8 32.8 20.6 33.5 47.7 44.8 43.4 34.5 43.8 55.1 40.6 60.4 70.5 99.5 64.5 55.3 45.5 43.1
102 42.5 75.9 64.3 71.3 34.6 37.9 37.4 88 94.8 140.5 30.1 19.5 32.2 47 44.2 41.7 32.5 40.2 49.8 35.9 56.4 66.2 95 59.3 49 39.2 36.3
104.7 49.7 81.1 67.9 73.1 37.9 39.4 38.8 89.4 95.3 140.1 28.6 19.6 31.7 47.2 44.3 40.6 31 37.3 45.8 32 53 62.7 90.7 54.6 42.8 34.3 29.5
105.8 53.4 86.8 71.9 73.9 38.7 39.8 39.2 90.5 95.4 139.3 27.1 18.2 30.7 46.6 43.8 39 28.9 34 42.5 29.7 50.5 60.4 87.7 51.4 38.5 30.2 24.1
105.4 55.6 93 76.1 73.3 35.7 39 39 91 94.7 137.3 24.8 15.1 29 45.2 42.4 36.7 26.4 30.3 39.6 28.8 48.9 59.3 86.8 50 36.7 26.8 21.3
104.1 58 96.5 78.1 71.2 30.4 37.6 38.2 90.3 93.1 134.6 22.4 12 26.8 43.4 40.5 34.8 24.1 27.4 37.8 28.8 48.2 59.5 87.4 50.1 36.8 24.6 21.3
102.4 58.5 95.8 77.2 68.8 26.1 36.4 37.2 89.2 91.7 132.9 21.7 10.8 25.4 42.2 39.6 34.4 23.4 26.9 37.6 29.1 48.3 60.4 88.7 51.2 38.3 24.6 23.1
102.8 58.8 95.8 77.7 68.9 24.9 36.7 37.8 89.7 92.1 133.4 23.1 10.8 25.4 42.4 40.5 35.3 24 27.9 37.2 28.2 47.9 60.2 88.9 51.6 38.7 24.5 23.9
106.5 63.8 102 83.4 72.9 26 38.6 40.6 92.8 94.8 135.5 24.9 10.3 25.9 43.3 42 36.4 24.6 27.8 34 25.2 45.2 57.6 86.2 49.1 36 21.6 21.2
109.5 66.8 106.4 87.6 76.6 27.9 40 42.4 95.2 97 137.4 26.4 9.9 26.5 43.7 42.5 36.9 25 27.6 30.9 22.5 42.2 54.9 83 46.4 33.3 19 18.2
107.4 60.1 100.9 83.3 75.4 28.4 38.4 39.9 93 95.7 137.1 26.6 9.7 25.7 42.6 41 36.1 24.9 27.8 31.5 22.3 41.4 54.3 82.3 46.2 33.8 19.5 18
101.9 48.4 91.2 75.2 70.6 26.4 34.4 34.6 87.7 91.6 134 24.5 8.3 23 39.6 37.4 33.3 23.3 26.7 33.9 23.3 41.8 54.7 83.3 47.2 35.7 20.8 18.6
97.5 39.8 84.3 69.1 66.6 24.6 31.9 31 83.6 88.2 131.2 22.3 7.8 21 37.1 34.5 31.3 21.9 25.8 36.8 24.6 42.8 55.7 84.7 48.3 37.4 21.7 19.1
96.6 36.5 79.3 65.4 65.9 26.5 33.4 31 82.7 88 131.7 22.9 10.7 22.8 37.9 34.6 32.3 23.1 28.1 41.1 27.2 44.8 57.8 87 50.1 39.9 24.4 21.6
98.6 35.9 75 63 68.1 31.9 37.5 33.3 84 90.5 135.2 26.5 16.3 27.5 41.5 37.5 35.7 26.7 32.8 46.2 30.8 47.4 60.1 89.4 52.4 42.9 29.5 26
101.3 34.7 72.2 62.2 71.3 37.5 41.2 35.7 85.3 93.1 139 30.7 21 31.7 45 40.6 38.5 29.9 36.4 49 32.6 48.4 60.6 90 53 44 33.9 28.4
102.2 33.9 71.9 62.2 72.6 39.4 42 35.7 84.7 92.9 139.7 31.8 21.7 31.9 44.7 40.7 38 29.6 35.5 47.3 30.5 45.7 57.7 86.8 50.3 41.2 32.8 25.5
99.1 31.4 69 58.7 69.3 37.1 39.2 32 80.9 89.1 136.5 29 18.8 28.4 40.4 36.7 34.2 25.7 31.4 43.5 26.3 41 53.7 81.8 46.5 36.9 26.9 19.4
92.3 23.1 59 49.3 62.1 33.4 34.2 25.6 74.5 82.8 131.3 24.8 16 24 35.1 31.2 29.7 21.6 28.5 42.1 23.9 37.8 51.3 78.7 45.1 35.6 21.4 15.7
87.1 17.3 51.3 42.3 56.5 30.8 30 21 70.1 78.3 127.5 21.8 14.2 21.1 31.6 27.3 26.6 19.3 27.5 41.8 23.1 36.3 49.9 77.9 44.7 36.1 17.8 14.5
88.5 22.5 55.3 45.2 57.3 30.8 29.7 22 71.5 79 127.8 21.6 13.7 20.8 31.4 27.3 26.1 19.4 27.7 40.5 22.2 35.2 48.1 77.5 43.4 35.7 16 14.2
94.2 33.8 65 53.2 62.6 33.8 33.1 26.7 76.3 83.6 131.5 24.6 15.4 23.1 33.9 30.5 28.3 21.7 29.5 39.9 21.3 34.4 46.7 77.1 42.1 34.9 17 14.9
99 42.6 72.6 59.8 67.7 36.4 36.4 30.5 80.5 87.5 135 27.8 17.8 25.2 36.2 33.4 30.5 23.9 31 39.6 19.8 33.4 45.5 76.2 41.1 33.6 17.7 14.6
100.2 46 78.3 64.5 69.8 35.7 36 30.8 82.1 88 134.7 27.7 17.2 23.8 35.3 32.9 29.9 23.2 29.3 36.7 16.8 31 42.9 73.8 39 30.6 14.9 11.3
97.6 45.5 82.2 67 68.3 31 31.7 27.4 80.4 85.2 130.8 23.3 12.4 18.7 31.1 29 25.6 19 23.6 31.2 12.7 27.2 39.1 70 35.3 26 9.2 5.6
92.3 43.7 82.4 66.1 63.7 24.2 25.5 22 75.8 80.5 125.2 16.9 5.9 12.3 25.2 23.5 19.7 13.1 16.7 26.2 9.2 23.4 35.6 66.2 31.1 21.6 3.9 0.1
86.5 40.3 78.2 62.1 58.6 18.8 20.4 17.3 70.8 76.2 120.8 12.1 1.9 7.9 20.6 19.1 15.2 8.5 12.3 24.3 7.6 21.1 33.6 63.5 28 19 1.4 -2.9
84 38.5 75.9 59.9 56.6 17 18.4 15.7 68.9 74.6 119.1 11.3 1.7 6.5 18.9 17.3 13.7 6.7 11.3 23.6 6.7 19.3 32 61.4 25.8 17.3 0.2 -4
86.4 42.5 81.8 64.2 59.5 17.7 19.1 17.4 71.4 76.4 120.7 14.3 2.6 6.7 19.4 17.7 14.3 7.4 11.8 21 4.4 16.6 28.8 58.3 22.9 14.9 -2.6 -5.7
88.8 45.3 86.9 68.3 62.9 19.2 20.4 19 73.9 78.6 123.8 19.7 4 7.4 20.7 18.4 15.4 9.4 13.2 19.5 2.3 14.6 25.9 55.7 21 13.6 -4.1 -6.1
85.8 38.2 81.2 64.1 60.9 19.2 19 16.6 71.7 77.4 124.4 22.8 4.7 7.3 20.3 17.3 14.6 9.7 14 21.5 2.4 14.7 25 54.9 21 14.4 -1.8 -4.2
78.8 25.6 70.1 55.4 54.5 16.6 14.5 11 65.8 72.9 120.8 20 3.3 5.2 16.8 13.7 11.1 6.2 11.9 24.3 3.6 15.6 25.2 54.3 20.9 15.1 1.5 -2.2
72.7 15.2 61.2 48 48.8 13.6 10.1 6.2 60.1 68.4 116.5 15 1.3 2.9 13.1 9.9 7.5 1.9 9.1 26.6 4.9 16.5 25.6 53.2 20 15 4.1 -1.2
69.8 10 54.5 42.7 47 13.7 8.5 4.4 57 66.3 115.3 13.7 2.1 2.7 12.2 8.7 6.4 0.6 9.2 29.9 6.4 17.5 26 52.3 18.9 15 6.1 -0.4
70.2 8.4 49.4 39.3 48.5 17.5 10.4 5.4 56.9 66.9 117.4 16.8 6.3 5.2 14.3 10.5 8.2 3 13 34 7.9 18.5 26.7 52.1 18.8 15.9 8.2 1.3
73 7.6 47.3 38.4 50.9 23 13.8 7.8 58.8 69 120.3 20.6 11.2 8.6 17.4 13.3 10.8 6.4 17.4 36.4 9 18.9 27.4 52 18.8 16.8 9.9 3.2
75.9 8 48.5 39.7 52.1 26.6 16 9.4 60.3 70.4 121.3 21 13.6 10.4 19.1 14.6 11.7 7.4 18.5 35.9 9 18.1 27.1 50.6 17.2 16 9.8 3.1
76 7.2 47.9 38.6 50.5 26.7 15.5 8.4 59 69 119.4 17.3 12.9 9.8 18.6 13.5 10.3 5.6 16.4 35.5 9.1 18 26.7 48.7 15.6 15 10.2 2.1
71.8 0.4 40 31 45.4 24.1 12.5 4.5 54.4 64.4 115.2 11.3 11.5 7.9 16.5 10.6 7.5 2.8 14.3 38.2 10.9 20 27.7 48.3 15.8 15.7 13.4 3.1
67.6 -4.5 33 24.4 40.5 20.8 9.7 0.9 50.3 60.1 111.1 5.9 10 5.9 14 7.9 4.9 -0.1 12.4 40.3 12.3 21.6 28.1 48 15.7 15.4 16 3.5
69.4 2 37 27.7 41.5 20.2 11 2.1 51.5 60.6 110.6 5.3 9.6 5.9 14.2 8.2 4.5 -1 11.7 39.4 12.2 21.6 27.8 47.1 14.2 13.2 15.5 1.5
76.3 15.3 47.4 37.5 47.8 23.1 16.3 8.1 57.2 65.7 115 10.2 11.9 9.1 18.1 12 7.7 1.6 13.8 38.1 12.1 21.8 28.2 46.6 13.2 11.8 14.4 -0.2
83 25.8 56.7 46.1 53.6 25.7 21.1 13.9 62.5 70.9 119.7 15 14.3 12.2 22 15.8 10.8 4.5 15.8 36.9 12.2 22.2 28.6 46.4 12.9 11.2 13.1 -1.3
85 29.6 63.4 51 55.2 24 21.6 15.4 64.4 71.9 120.1 14.5 13.1 11.4 21.8 15.9 9.8 3.9 13.3 33.8 10.9 20.8 26.9 44.7 11.3 8.8 10 -4.4
82.2 29.3 67.1 52.3 52.4 18.4 18.1 12.6 62.7 68.9 115.7 9.5 8.4 7.3 17.8 11.9 5.2 -0.5 6.8 29.2 8.4 18 23.3 41.8 7.9 4.5 5.7 -9.9
78.4 29.8 68.1 51.4 48.8 13.7 14.8 9.4 60.2 65.5 111.3 4.8 4.5 3.9 14.5 8 1.7 -4.4 1.7 27.6 7.9 17.5 21.6 41.1 6.3 2.5 3.8 -12.8
77.7 31.7 68.3 51 48 14.1 15.3 9.6 60.3 65.5 111.4 4.8 5.6 5.1 15.7 8.4 2.7 -3.9 2.6 31.7 11.7 21.6 24.6 44.9 9.3 5.7 7.1 -9.5
82 36.1 72.4 54.7 52.2 18.9 19.7 14.1 64.2 69.5 115.8 9.3 10.6 10.5 20.8 13 7.4 0.5 7.7 37.3 17 27.3 29.5 50.3 14.5 10.7 12.9 -3.5
89.1 45.1 82.8 63.7 59.2 24 25 19.8 70.1 74.8 120.9 14.2 14.5 15.5 25.7 17.9 11.6 4.6 11.2 38.1 18.7 29.5 31.5 52.3 16.6 12 15.8 -1
92.3 49.1 88.2 68.7 62.4 25.7 26.9 21.6 72.3 76.7 122.4 15.6 15 16.5 26.7 19.5 12.3 4.8 10.7 35.6 17 28.1 30.1 50.8 14.9 9.6 15.9 -1.9
88.1 40.4 80.4 62.7 57.6 23 23.3 17.3 68.1 72.9 118.9 12.7 12.8 13.5 23.5 16.7 9.5 1.4 7.5 34.3 15.4 26.4 28.3 49.2 13.1 7.3 16.7 -2.3
81.1 26.4 68.3 52.4 49.2 17.9 17.3 10.9 61.9 66.9 112.9 6.9 9.9 9.3 19.2 12.2 5.9 -2.9 3.9 35.4 15.6 26.4 28.3 49.9 13.4 7.1 19 -0.6
76.1 15.7 59.8 44.4 42.6 13.9 13.4 6.8 57.4 62.4 108.1 2.1 8.5 7.2 16.9 9.3 4.1 -5.1 2.3 37.8 16.9 28 29.8 52.6 15.5 8.9 22.1 2.3
73.1 10.1 52.9 37.9 38.9 13 12 5 54.3 60.3 106.4 0.6 8.9 7.4 16.8 8.8 4.1 -4.8 3.7 40.2 18 29.8 31.5 55.3 17.7 11.2 25.8 5.5
71.9 7.7 46.4 33.1 38.5 15.3 12.6 5.2 53 60.8 108.2 3 10.4 9.4 18.6 10.5 5.8 -2.4 7.2 42.4 18.9 31.2 33.6 57.6 19.7 13.7 30.1 9.1
73.7 7.1 44.1 32.2 41.5 19.6 15.1 7.9 54.7 64.2 112.4 8 12.6 12.7 22.3 13.9 9.3 1.5 11.5 44.3 20.2 32.8 36.5 59.9 22.2 16.4 34.8 12.6
76.8 8.3 46.4 35 45.3 22.8 17.7 11.1 57.8 67.7 115.7 11.8 13.6 15.1 25.4 16.7 12.4 4.6 14.3 44.6 20.9 33.9 38.7 61.4 24.4 18.2 37.2 14.7
76.7 7.9 46.1 35.1 45.1 22.7 17.6 11.1 58.2 67.7 115.6 12 13 14.9 25.5 16.6 13.1 5.6 15 44.2 21 34.1 39.3 62.2 25.9 19.2 37 15.1
71.9 1.4 37.7 28.2 40.3 20.1 14.5 6.8 54.5 63.9 113 9.8 12.1 12.8 23.3 14.2 12 4.9 15 45.8 22.2 35.3 40.1 64 27.7 21.1 37.6 15.9
67.4 -3.4 30.7 22.1 36.5 17 11.2 2.6 51.1 60.7 110.9 7.8 10.8 10.7 21.2 12 10.8 3.5 14.7 47.2 23.1 36.6 41.3 66 29.3 22.5 39.5 17
68.1 1.5 34.8 24.9 38.6 15.8 11.2 2.9 52.6 62 112.1 8.1 10.1 10.6 21.6 13 11.4 3.5 14.7 46.4 22.6 37.3 42 67.2 30.1 22.3 42.2 18.1
72.7 11.9 44.4 32.9 44.4 18.2 14.7 7.3 57.6 66.7 116.3 11.4 11.6 13.1 24.7 17 14.2 6.3 16.4 45.4 22.1 37.8 42.7 68.2 30.9 22 46 19.7
76.9 20.4 52.2 39.8 49.3 21.5 18.5 11.9 62 70.8 120.2 14.9 13.5 15.8 27.7 20.7 16.8 9.5 18.3 44.2 21.4 37.3 42.7 68.3 31.4 21.5 47.7 19.7
78.5 25.1 58.4 44.9 51.4 21.6 19.3 13.9 63.6 72 120.8 15.4 12.4 15.6 27.9 21.4 17 9.7 17.4 40.8 19.4 35.3 41.6 67.2 30.6 19.8 43.2 16
77.3 27 63.5 47.8 50.6 17.7 16.9 13 62.6 70.4 118.2 12.7 7.9 12 25.1 19.2 14.6 6.9 13.9 35.6 16.3 32.6 40 65.8 29.1 17.6 35.2 11.1
73.9 27.6 65.3 47.7 47.7 12.3 13 10.2 60 67.5 114.4 8.9 2.5 7.4 21.2 15.7 11.4 3 10.3 31.4 13.6 30.9 38.9 65.3 28.5 16.6 29.7 8.9
70.2 26.1 63.4 45.7 44.8 9.2 10.2 7.6 57.7 65.5 112.2 6.8 -0.6 4.6 19 13.8 9.8 1.3 8.8 30.3 13 31.3 39.2 66.7 29.7 17.8 29.4 10.8
69.6 26.3 63.5 46.2 45.2 9.9 10.6 7.8 58.7 66.5 113.2 8.2 -0.4 4.9 20 15 11.3 2.6 9.6 30.5 13.6 32.7 40.2 68.4 31.3 19.6 31.5 13.8
73.9 32.6 71.1 52.9 50.2 12.2 13.4 11.4 63.8 70.7 116.7 11.7 1.2 7 23.1 18 14.3 5.3 11.2 28.8 13.2 32.6 39.9 68 30.7 19.1 32 13.7
77.7 36.5 77 58.3 54.5 13.7 15.6 14 67.6 73.8 119.4 14.8 2.3 8.4 25.3 19.8 16.1 6.7 12.5 26.9 12.4 31.5 38.9 66.4 29.1 17.4 31.9 11.5
75.5 29.1 71.8 54.3 52.6 12.4 14.2 11.6 65.2 72 118.2 14.1 1.1 7.3 24 18.1 14.3 5.2 12.2 27.3 12.2 31 38.4 65.4 28.1 16.6 32.9 10.3
68.9 16.1 61.5 45.1 46.4 8.3 9.9 5.9 59 66.8 113.6 9.2 -2.5 3.9 19.7 13.9 10.2 1.2 9.6 28.5 12.5 31.3 38.6 65.5 28.1 16.6 34.3 10.7
63.6 6.7 53.4 37.3 41 5.3 6.3 1.8 54.5 62.5 109.4 4.3 -4.8 1.5 17.1 11 7.8 -1.5 7.7 30.4 13.6 32.8 40.1 67 29.4 18.1 36.9 12.9
61.7 2.9 47.1 32.2 39 6.6 5.7 0.9 53.2 61.4 108.8 3.9 -3 2.7 18.4 11.4 8.8 -0.1 10 33.9 15.9 35.3 43.2 69.8 32.1 21.6 42.1 17.8
62.8 1.6 41.7 29.3 40 11.2 7.8 2.6 53.9 62.9 111.4 7.9 2 6.9 22.2 14.2 12.5 4.3 15.5 38.1 18.4 37.9 46.5 72.7 35.1 25.7 48.3 23.8
65.3 0.2 39 28.9 42.2 16.2 11.1 5.3 55.8 65.2 115 12.7 6.8 11.5 25.6 17.4 16.4 8.4 20.4 40.9 19.9 39.2 48.3 74.3 36.5 28 52.2 27.7
66.6 -0.9 39.1 29.7 42.7 17.9 12.6 6.5 56.6 66 116.1 14.4 8.1 13 26.2 18.8 17.4 9.1 21.2 40.8 19.3 38.6 47.4 73.6 35.2 27.2 51.5 27
64.2 -3.3 36.9 27.6 39.8 15.5 10.6 4.2 54.2 63.6 113.8 12.1 5.8 10.9 24.1 17.6 15.1 6.3 18.6 39.5 18.2 37.2 45.4 71.7 32.9 25.4 48.7 24.6
58.1 -10.1 28.7 20.4 34.1 11.6 6.6 -0.6 49.2 59.2 110 8.6 3.1 7.9 21.5 15.4 12.1 3.2 16.1 40.8 19.2 37.4 45.1 71.6 32.7 26 48.7 25.5
53.6 -13.8 23.3 15.2 30.4 8.5 3.5 -4.1 45.8 56.2 107.3 5.9 1.1 5.7 19.7 13.3 10.1 0.9 14.3 41.9 20.2 37.8 45.4 71.8 33.2 26.5 49.5 27.4
55.3 -7.4 28.6 18.8 32.3 7.9 3.9 -3 47.5 57 107.3 5.7 0.2 5.2 20 12.7 10 -0.1 12.7 39.6 18.9 36.7 44.5 70.3 31.7 24 47.8 26
61.6 4.5 38.7 27.3 38.1 10.8 7.9 1.8 53.1 61.3 110.2 8.8 2.3 7.9 23 14.8 12.3 1.5 12.8 37.2 17.3 35.5 43.5 68.5 29.4 20.5 45.8 22.8
67.7 14.7 47.4 35.6 44 14.7 12.3 6.8 59 66 113.7 12.2 5.5 11.6 26.5 18 15.1 3.9 13.6 36.3 16.8 35.2 43.4 67.6 27.9 18.3 45.1 20.4
70.8 20.2 54.9 42.1 47.4 15.2 14 9.5 62.3 68.5 114.9 12 5.1 12.3 27.3 19.3 15.4 3.9 12.5 34.5 16.2 34.5 42.6 66.6 26.6 16.9 42.9 17.9
70.4 22.3 60.9 46 47.2 11.4 12.1 9.3 62.2 67.8 112.7 7.4 0.6 9.2 24.5 17.7 12.3 0.4 8.6 30.8 14.5 32.8 40.3 64.7 24.7 15 38.2 14.4
68.3 24.1 64 47 44.9 6.7 9.2 7.5 60.3 65.4 108.8 1.9 -3.6 5.6 21.5 15.4 8.9 -3.6 4.8 28.5 14 32.3 38.8 63.6 23.8 14.1 34.9 12.6
67.6 25.3 64.3 46.5 43.6 5.4 8.8 7.2 59.8 64.3 106.9 -0.2 -3.3 5.6 21.9 15.4 8.6 -4.4 4.1 30.2 16.3 34.8 40.4 64.9 25.4 15.7 36.7 15.3
69.9 27.3 66 48.3 45.4 7.3 11.6 9.6 62 65.7 107.8 0.9 -0.3 8.5 25 17.6 10.6 -2.4 5.1 32.2 18.7 37.2 42.4 66.2 27 17.2 39.5 18.9
74.3 32.9 73.1 54.6 49.3 9.2 14.9 13.4 65.8 68.5 109.7 1.9 0.8 10.5 27.1 19.5 11.9 -1.2 4.6 29.6 16.9 35.3 40.6 64.2 25.2 15.1 36.6 17.4
76.1 35.8 77.2 58.6 51 9.9 16 14.9 67.5 70 110.4 2.2 0 10.4 27.2 19.6 11.5 -1.5 3.7 25.4 13.2 31.5 37.3 61 22.3 12 30.4 12.8
72.8 29.2 71.3 54 47.3 9.3 14.3 12.2 64.8 68.3 109 1.6 -0.5 9.5 26 18.3 10.3 -2.3 4.3 25.1 12.2 30.2 36.6 60.6 22.1 11.9 27.8 11.1
67.6 18.1 61.9 45.3 41 7.3 11.5 7.7 59.9 64.7 106.2 -0.9 -0.4 8.2 24.3 16.3 8.6 -3.8 4.7 28.3 14.3 32.2 38.4 62.8 24.3 14 29.7 13
64.3 9.1 54.8 37.9 36 5.8 9.8 4.7 56.2 61.5 103.5 -4.3 0.4 7.6 22.9 14.5 7.6 -5.2 4.5 32.6 17.6 35.2 40.7 65.1 26.6 16 33.3 15.8
63.3 4.3 48.5 32.3 33.5 6.8 9.7 3.6 54.5 59.8 102.4 -5.7 2.7 8.6 22.8 14 8.3 -5.1 5.3 36.3 20.3 37.2 42.6 66.6 28.1 17.4 35.1 17.2
64 2.7 42.6 28.4 33.6 10.6 11.4 4.1 54.6 60.2 104 -3.2 6.3 11.5 24.4 15.4 10.7 -2.6 8.1 38.6 21.6 38 43.8 67.6 29.1 19 34.4 17.2
66.4 2.2 40 27.5 35.9 15.7 14.6 6.7 56.3 62.7 107.5 1.3 10 15 27.3 18.4 13.8 1.4 12.1 39.7 21.9 37.8 44.2 68.6 30.1 20.7 33.2 17.4
68.9 2.7 40.8 28.8 37.9 18.6 16.8 9.3 57.4 64.6 109.8 4.1 11.2 16.3 28.7 20.3 14.9 3.7 14.2 38.9 20.8 36.3 43.2 68.2 29.9 20.7 31.5 16.9
68.4 1.9 39.5 27.4 36.7 17.8 16.1 9 55.8 63.4 109.1 4 9.3 15 27.1 19.6 13.2 3 13.9 38.1 19.6 34.9 42.1 67.2 29.5 20.2 30 16.4
64.5 -3.7 32.3 20.8 32.4 15.9 13.8 6.1 52.1 60.3 107.2 3.2 7.7 14.2 25 18.2 11.6 2.2 14.3 40.8 21 36.5 43.9 68.6 31.7 22.7 32.1 19.1
62.2 -6.9 28.1 16.6 30 15 12.9 4.4 50.7 58.8 106.9 3 7.8 14.8 25 17.8 11.9 2.6 15.3 44.7 23.8 39.7 47.1 71.5 35 26.6 35.2 22.6
64.7 -1.1 33.7 20.5 32.4 15.2 14.5 6.4 53.2 60.8 108.8 3.3 8.5 15.8 26.9 18.8 13.8 3.9 15.4 45 24.6 40.7 47.9 72.3 35.9 27.7 34.7 22.6
69.4 8.7 42.1 27.5 37 16.6 17 9.9 57.1 64.4 111.9 4.4 9.5 16.8 29.2 20.4 16.2 5.9 15.5 42.2 23.2 39.2 46.2 71 34.6 26.3 31 20.4
73.1 16.6 48.3 33.1 41.4 18.5 19 12.7 60.4 67.9 114.6 6.2 10.5 17.7 30.9 22.2 18.2 7.7 15.9 38.7 21.5 37.5 44.6 69.7 33 24.8 27.5 18.8
75.1 21.1 54.7 38.5 45.1 18.8 19.4 14.1 62.6 69.9 115.8 7 9.7 17.4 31 23.1 18.5 7.7 15 35.2 20 36.4 43.7 68.7 32 23.3 24.2 16.5
74.4 23 60.6 43.1 46.1 15.9 17.2 13.2 62.6 69 114 4.9 5.9 14.6 28.7 21.5 15.8 4.7 11.2 31.2 17.6 34.5 41.8 66.8 29.8 19.9 19.4 11.1
71 23.8 62.8 44.1 43.7 10.9 13.1 10.2 60.3 65.6 109.9 0.8 1.1 10.6 24.7 17.6 11.3 0 6.1 28 15.2 32.1 39.4 64 26.4 15.6 13.9 4.4
67.7 23 61 42.2 40 7.3 9.9 7.3 57.7 62.8 107.1 -1.1 -1.3 8.2 22.1 14.5 8.4 -2.7 3.2 27.6 14.6 31.3 38.5 62.8 24.6 13.8 11.5 1.4
67.2 22.9 61.1 42.1 38.6 6.7 9.5 6.8 57.7 62.9 107 0.5 -1.1 8.2 22 14.3 8.1 -2.5 2.9 27.8 14.7 31.1 38.4 62.5 24.2 13.8 11 1.3
70.3 28 67.9 47.6 41.2 7.5 11.2 9.2 60.8 65.6 108.8 3 -0.8 8.8 23.1 16.1 9.2 -1.1 3.1 25.1 12.8 29.3 36.4 60.6 22.6 12.4 8.6 -0.1
73.4 32.4 73.8 52.3 44.9 9.1 13.5 12.2 64 68.6 111.3 4.6 -0.2 9.9 24.7 18.6 11.3 0.8 4.2 23.2 11.2 28 34.9 59.4 21.9 12.1 7.3 -0.7
72.9 28.2 70.7 49.9 45.1 10.6 14.2 12.8 63.8 69.1 112.2 3.7 1.1 10.8 26 20.3 13.1 2.3 6.4 25.8 13 29.8 36.3 61.3 24.2 15.2 10.5 2.6
69.2 18.9 62.9 43.4 41.1 9.7 12.1 10.6 60.6 66.1 109.4 -0.9 1.4 9.8 25.1 19.4 12.3 1.3 6.8 29.6 15.9 32.1 38.9 64.2 27.4 18.7 15.1 7.2
64.8 10.3 55.4 36.8 35.3 7.1 8.8 6.8 56.3 61.8 104.9 -6.5 0.2 7.5 22.5 16.1 9.2 -1.3 5.5 31.4 17.3 32.6 40 65.4 28.5 19.9 17.2 9.8
61.3 4.4 47.6 30.2 30.5 5.9 6.9 3.4 52.6 59 102.2 -8.6 -0.2 6.5 20.5 13.2 7.2 -2.5 5.5 32.6 17.5 31.8 39.5 65.4 27.9 20.3 17.3 10.9
60.3 0.4 40.6 25 29.2 8.4 7.9 2.4 51.4 59.3 103.4 -5.3 2.1 8.4 21.1 13.5 8.4 -0.6 8.5 35 17.9 31.7 39.1 65.7 27.9 21.7 17.8 12.2
62.3 -1.9 37.8 23.9 31.5 13.2 11.1 4.4 53 61.7 107.3 0.8 6.1 11.8 23.9 16.2 11.8 2.9 12.8 37.2 18 32 39.3 65.7 28.6 23.2 19 13.7
65.4 -0.8 39.8 26.3 34.4 16.4 14 7.5 55.6 63.9 110.7 5 8.6 14 26.3 18.4 14.1 5.1 15.2 37.8 17.4 31.8 39.3 65.1 28.8 23.4 20.3 14.5
66.7 0.9 40.9 27.7 34.8 16.8 14.9 9 56.8 64.4 111.7 5.8 9.3 14.7 27.1 19 14.5 6 16 39 18.1 32.6 40.2 65.8 30 24.8 23.6 16.9
64.4 -3 35.2 23.7 32 15.9 13.7 7.7 55.5 63 110.8 5.4 9.8 15 26.9 18.9 14.2 6.5 17.4 43 21 35.2 43 68.6 33.8 29.1 28.6 22.2
61.4 -6.8 30.4 19.8 29.4 14.1 12.1 5.5 53.8 61.3 109.5 4.8 9.1 14.3 25.5 17.9 13.2 6.2 18.1 44.8 22.3 36 44 69.9 36 31.9 29.6 24.6
62.2 -2 34.7 22.9 30.7 12.6 12.2 5.5 54.8 61.8 109.5 4.5 7.3 13 24.1 16.9 12.2 5.3 17.6 41.5 20 33.3 41.2 67.6 34.1 30.1 24.6 21.3
65.9 8.1 43 29.7 34.7 13.1 14.3 7.8 58 64.4 111.4 6 7.1 12.8 24.1 17.2 12.4 5.5 17.5 37.1 16.7 29.4 37.1 63.8 30.5 26.6 19.5 16.7
70 16.7 49.9 35.9 38.8 14.9 16.4 10.4 61.2 67.4 114.3 8.3 8.1 13.1 24.7 18 13.2 6.5 17.7 34.4 14.2 26.6 34 61.2 27.9 24.2 17.6 14.2
73.2 21.6 57 41.8 42.1 15.2 17.1 12.6 63.6 69.6 116 9.6 7.6 12.3 24.2 18.2 13 6.1 16.3 32.4 12.2 24.9 32.1 59.8 26.5 22.6 18 13.4
73.8 23.7 63.3 46.2 42.9 12.3 15.1 12.9 63.9 69.5 115.1 8.5 3.9 9.2 21.7 16.5 10.7 3.4 12.5 29.1 9.9 23.1 29.9 58.1 24.9 20.5 18.2 12.3
71.4 24.6 65.4 47 41.1 7.4 11.2 10.7 61.7 66.8 112.2 6.3 -0.8 5 17.9 13.1 7.3 -0.3 8.2 25.6 7.8 20.9 27.8 56.1 23.1 18.3 17.7 11
68.3 23.9 63.4 44.7 39.3 4.4 8.4 7.8 59.2 64.1 109.9 5.3 -3 2.5 15.1 10.5 5.5 -2.1 6.6 24.3 7.2 19.7 26.8 55 22.4 17.7 17.2 11
67.3 23.3 62.9 44 39.8 4.1 8.1 6.4 58.4 63.2 109.2 5.1 -3.6 1.3 13.4 9 4.6 -2.6 6.4 22.5 5.7 17.5 24.9 53.1 20.6 16.2 13.4 8.9
68.9 27.1 68.6 48.3 42.5 4.6 8.8 6.7 59.8 64 109 3.5 -5.3 -0.3 11.6 7.2 3.2 -3.8 4.6 16.6 0.6 12.3 19.9 48.2 15.5 11.3 5.4 2.7
70.2 29.6 72.5 51.9 44.1 5.1 8.9 7.1 61 64.7 108.7 1.9 -6.7 -1.6 10.6 5.9 2.1 -4.8 3.1 11.7 -4 8.1 15.8 44.2 11 7.2 1.2 -0.8
67.9 23.7 67.4 48.5 41.7 4.7 7.1 5.3 59.4 63.4 107.6 1 -6.7 -2.3 10 5.1 1.4 -5.2 3.6 12.6 -4.5 8.1 16 44 10.6 7.4 5.6 2.6
63.4 13.5 58.7 41.6 36.7 2.2 3.2 1.6 55.5 60.4 105.3 -0.3 -7.3 -3.8 8.4 3.7 -0.3 -6.6 3.8 16.1 -2.4 10.5 18.5 45.8 12.5 9.4 12.9 7.8
59.2 4.7 51.3 35.4 32.3 -0.8 -0.7 -2.1 51.5 57.5 103 -1.7 -8.3 -5.6 6.4 1.8 -2.2 -8.5 3.3 19 -0.3 12.8 20.6 47.3 13.9 10.5 17.9 10.9
56.2 -1.4 43.6 29.4 29.2 -1.5 -2.6 -4.7 48.3 55.3 101.9 -1.6 -7.6 -6 5.7 0.7 -3 -9.4 3.3 21.9 1.1 14.2 22 47.8 14.1 11 21 13.6
55 -5.5 35.8 24.2 27.5 0.9 -2 -5.5 46.5 54.4 102.4 0.4 -4.9 -4.4 6.9 1.5 -2.4 -8.7 4.5 24.7 1.7 15.3 23 47.4 13.5 11.1 23.7 17
56.3 -8 31.7 22.2 28.2 5 0.5 -4.2 47.2 55.2 104.2 3.3 -1.5 -1.8 9.3 4.1 -0.8 -6.9 6.1 26.2 1.9 16 23.3 46.5 12.5 10.7 25.6 19.2
58.1 -8.5 32 23 29.5 7.5 2.4 -2.8 48.5 55.9 105.1 4.2 -0.1 -0.4 10.7 5.7 -0.1 -6.3 5.9 25.1 0.9 15.6 22.2 44.7 10.6 8.8 25.3 18.3
56.9 -10.5 30.7 21 27.9 6.8 1.8 -4.2 46.8 54.1 103.3 2.1 -1.3 -1.3 9.8 4.4 -1.6 -8.4 3.6 23.8 -0.5 15 20.8 42.7 8.3 6.4 24.7 16.8
51.8 -17.9 22.3 12.7 22.5 4.3 -1.3 -8.5 41.3 49.6 99.4 -1.4 -3.2 -3.4 7.5 1.1 -4.3 -11.7 1.3 25.5 0.4 16.1 21.2 42.5 7.7 6 27.4 18.1
47.2 -22.7 15.6 5.8 17.6 1.7 -4.2 -12.1 36.8 45.6 95.5 -5 -4.7 -5.1 5.6 -1.8 -6.6 -14.5 -0.8 27.5 2.2 17.9 22.5 43 7.6 5.9 31.6 20.7
48.6 -16.7 19.4 7.9 17.8 1.4 -3.7 -11.1 37.9 45.7 94.2 -7.3 -4.7 -4.7 6.2 -1.8 -6.8 -15.2 -2.5 27.1 3 18.8 23.2 42.9 7.1 4.5 34.2 22.2
54.4 -5.2 28.4 15.1 22.3 4.4 0.6 -6.4 42.8 49.5 96.6 -6.3 -2.2 -1.5 9.7 1.3 -4.4 -13.2 -1.8 26.2 3.4 19.3 23.8 43.1 6.6 3.4 35.5 23.3
59.4 3.8 35.8 21.8 27.1 7.9 4.5 -2.4 47.2 53.3 99.9 -3.3 0.2 1.7 12.8 4.7 -1.9 -11.3 -0.7 25.3 3.3 19.2 24 42.9 5.9 2.7 35.1 23.9
61.6 8.3 42.4 27.3 29.6 8 5.2 -1.3 49.2 54.9 101.1 -1.2 -0.8 1.8 12.9 5.6 -2 -12.1 -2.3 22.6 2.3 18.3 23.3 41.6 4.5 1.1 31.4 22
61.2 10.4 48.3 31.3 29.6 4.4 2.9 -2.4 49.2 54.2 99.5 -1.4 -4.8 -1.2 10.5 3.8 -4.7 -15.2 -6.7 18.2 1 17.1 21.7 39.9 2.6 -2.2 25.2 17.2
59 11.9 50.8 32.2 27.7 0.4 0.2 -4.2 47.7 52 96.9 -3.7 -8.8 -4.1 8 1 -7.6 -18.2 -11.2 15.5 0.7 17.3 20.8 39.2 1.5 -5.2 21.4 12.7
57 11.6 49.5 30.6 25.9 -0.4 -0.5 -4.9 46.4 50.4 95.3 -6.1 -9.6 -4 7.7 -0.1 -8.4 -18.9 -12.6 16.8 2.8 19.8 22.3 40.7 2.2 -5.4 24.1 13.2
58 11.9 50.3 31.7 26.8 2 1.4 -3.4 47.3 51.1 95.4 -7.6 -7.8 -1.5 9.6 1.2 -7 -17.8 -11.6 19.1 5.4 22.2 24.5 42.5 3.4 -4.1 29.9 17
62.6 17.7 58.2 38.8 31.3 5 4.7 0.1 51.2 53.9 97 -8.5 -6.3 1 12.2 3.4 -5.1 -16.6 -10.8 17.8 5.4 21.6 24.1 42.1 2.7 -4.9 31.4 18.2
66 21.8 64.2 44.3 35.2 6.3 6.6 2.5 54.2 56.3 98.4 -8.6 -5.5 2.2 13.8 4.9 -3.6 -15.6 -10.1 15.7 4.3 19.9 22.4 40.8 1.8 -6.4 29.1 16.5
63.9 16.4 59.7 41.2 33.8 5.1 5.1 1 52.9 55.9 98 -8.7 -5.6 2 13.6 4.6 -3.6 -15.4 -9.3 16.7 4.7 20 22.5 41.3 3 -5.7 28.6 16
58.9 6.1 51.1 34 29 1.6 1.4 -2.5 49 53.5 95.9 -10.1 -7.3 0.5 12.1 3 -4.8 -16.5 -9.5 19.8 6.4 22.2 24.9 44.1 6.1 -3.1 31.3 18.6
54.2 -2.5 44.2 28.2 24.6 -1.9 -2 -5.1 45.9 51 93.6 -12 -9.5 -1.2 10.8 1.7 -5.7 -17.5 -10 22.7 8.1 24.9 28.2 47.6 9.6 0 36 23.5
51.1 -7.2 37.7 23.7 22.5 -2.6 -3.3 -6.2 44.4 50.3 93.3 -11.7 -9.2 -1 11.1 2 -4.3 -16.3 -8.3 25.6 10 27.7 31.3 51.3 13 3.2 41.4 29.2
50.8 -8.5 32.2 21.2 24.1 0.6 -1.2 -5 45.3 52.4 96.5 -7.4 -5.5 2.3 14 5.1 -0.1 -12.1 -3.3 29.2 12.8 31.1 34.6 55.5 17 7.2 46.3 34
53.9 -8 31.5 22.5 29.3 6 3.4 -1.4 48.8 57 102.3 -0.4 -0.5 7 18.9 10.4 5.5 -6 2.9 32.4 16 34.5 38.2 59.7 20.9 11.1 48.9 37.2
57.3 -6.5 34.8 25.9 33.9 8.8 6.6 1.3 52.1 60.7 106.4 4.2 1.8 9.3 22.2 14.1 9.1 -2 6.5 32.9 16.9 35.5 39.9 62 22.9 13 48.7 38.1
56.2 -8.1 34.4 25.1 33.6 6.1 5 -0.1 51.3 60.2 105.8 3 0.2 7.8 21.7 13.3 8.8 -2.3 6.2 32.1 15.5 34.4 39.7 62.1 23.2 13 48 37.9
50.5 -15.7 26 17.5 28.6 0.7 0.3 -4.7 46.3 56.3 102.5 -0.9 -2.3 5.1 18.8 10.1 6.6 -4.4 5.1 33.4 15 34 40.2 62.7 24.7 14.5 49.8 39
46.3 -20.5 20 12.1 25.4 -3.9 -3.1 -7.9 42.7 53.5 100.7 -3.3 -3.7 3.7 16.8 8 5.3 -5.4 5 35.2 15.6 34.7 41 64.1 26.7 16.8 51.4 39.5
47.7 -14.9 25.1 16.1 27.5 -4.9 -2.3 -6.4 44.9 55 102.4 -1.6 -3.6 4.1 17.1 8.7 6.3 -4.1 6.2 34.4 15.5 34.7 40.9 64.4 27.4 17.4 49.7 37.6
52.8 -3.8 34.8 24.6 32.6 -2 1.7 -1.6 50.7 59.4 107 3.6 -1.3 6.5 19.4 11.9 9.7 -0.1 8.9 32.7 15.2 34.3 40.6 64.3 27.3 17.1 47.1 35.7
58 6.3 43.1 32.5 37.5 2.2 6.5 3.7 56.3 64.3 111.9 9.3 2 9.4 22.5 16.2 14 4.5 12.1 32.7 15.8 34.9 41.3 65.5 28.1 17.5 45.6 35.2
61.7 13.4 50.9 39.4 41.3 4.3 9.4 7.1 60.2 68 115 11.6 3 10.7 24.6 19.1 16.3 6.7 12.8 32.5 16.1 35.5 41.9 67 29.5 17.9 44.2 34.3
63.3 17.6 58.1 44.6 43.2 2.9 9.3 7.9 61.8 69.5 115.1 9.5 0.5 9.3 24.3 19 15.3 5.8 10.3 30.4 15.3 34.9 41.3 67.5 30.1 17.1 41.6 32.2
63 20.4 62.2 46.8 43.3 0.3 7.5 7.3 61.7 69.2 113.6 6.3 -2.6 7.1 22.8 17.1 13.3 4.1 7.5 28.3 14.8 34.4 41.2 68.2 30.7 16.5 39.9 31.2
62.7 21.9 63.1 47.4 43 0.1 7.5 7.6 62.2 69.3 113 5.9 -2.5 7.6 23.2 17 13.9 4.8 7.9 29.3 16.9 36.4 43.8 71.1 33.5 18.6 41.7 33.7
64.5 23.8 65.3 49.6 43.7 2.6 10.1 9.7 64.5 70.7 113.3 7.1 0 10.1 25.5 19.1 16.4 6.6 9.6 30.8 18.9 38.5 46.4 73.5 35.7 20.4 43.8 36.2
68 28.8 71.8 54.3 45 4.5 12.7 12 67.2 71.9 112.7 5.7 0.5 10.8 25.9 20.6 16.7 5.6 8 27.5 16.4 36.2 44.4 71.2 33.1 17.4 40.1 33
69.7 30.5 75.2 55.8 44.5 5 13.2 12.5 67.5 71.4 111.2 2.4 -0.9 9.4 24.1 20.1 14.7 2.7 4.5 22.9 12 31.5 40.2 66.7 28.1 12.5 34 27.1
67.4 23.6 69.3 50.2 40.9 4.5 11.7 10.3 64.6 69.2 109.7 -0.6 -1.6 8.1 22.1 18.6 12.5 0.6 2.8 22.7 10.7 29.8 38.9 65.2 26.2 10.8 32.4 25
63.4 13.9 60.6 42.9 36.5 3 9.5 7.6 61.2 66.7 108.2 -3 -1.6 7.5 21.4 17.2 11.2 -0.6 2.5 26.2 12.9 31.9 41 67.3 27.6 12.3 35.3 27.1
60.8 6.9 54.1 37.8 33.4 1.7 8.1 6.3 59 64.9 107.2 -4.5 -0.8 7.7 21.8 17 11.3 -1 3.1 30.5 16.4 35.6 44.3 70.7 30.6 15 39.7 30.9
59.3 2.3 47.7 32.7 31 2.5 8 5.8 57.4 63.9 106.7 -4.4 1.7 9.1 23.2 18.1 12.6 -0.4 4.8 35.2 19.7 38.9 46.9 73.2 33.5 18 43.8 34.7
58.6 -1.4 41 27.8 29.2 6.3 9.6 5.7 56.6 64 107.6 -2.1 5.9 12.2 25.7 20.3 14.9 1.8 8.1 40 22.5 41.4 48.7 74.6 35.7 20.9 47.4 38
59.9 -3.6 38 26.2 30.1 11.9 12.9 7.2 58.2 65.9 110.5 2.2 10.9 16.8 29.5 23.6 18.2 5.6 12.4 43.7 24.7 43.5 50.3 75.7 37.6 23.5 50.5 40.7
62.8 -1.6 40.5 28.9 33.2 16.8 16.4 9.9 61.4 69.1 114.2 6.6 15 21 33.3 26.7 21.6 9.6 16.3 45.6 26.4 44.8 52 77.4 39.7 25.7 52.6 43
64.3 0.5 42.5 30.2 35 18.7 17.5 11.5 62.7 71 116.1 8.9 17.2 22.9 35.3 28.1 23.3 11.9 18.7 47.3 28.4 46.4 54.3 80.3 42.5 28.5 54.9 45.9
61.5 -4.5 37 25 32.6 17.3 15.4 9.6 60 69.6 115.1 9.1 17.7 22.4 34.7 27.1 23.1 12.4 20.1 50.1 30.8 48.8 57 83.7 45.9 32.3 58 49.7
57.5 -10.1 30.8 19.4 29.1 13.8 12 6.2 56.4 66.5 112.3 7.9 15.9 19.6 31.9 24.6 21.4 11.4 19.5 50.7 30.9 49.4 57.4 84.7 47 34 58.7 50.6
57.4 -6.3 33.2 21.4 29.4 11.6 10.8 5.8 56.8 65.8 111.1 6.8 13.3 17 30 23.4 20.2 10.5 17.8 47.7 27.9 47.3 55.1 82.5 44.7 32.1 56 47.3
61.3 4.1 40.7 28.5 33.8 13.3 13.3 9.1 60.6 68.7 113.1 7.5 13.1 17.1 31 25.4 21.4 11.6 17.7 44.4 25.3 44.6 53.1 80.2 42.4 29.7 53.6 44.5
66.4 14.1 48.6 36.2 39.6 17.6 17.7 13.9 65.4 73.4 117.1 9.5 15.1 19.7 34 29.2 24.5 14.2 19.3 43.1 24.8 43.5 52.9 79.8 42.2 29.4 52.4 44
70.6 20.8 57.6 43.4 44.4 20 21 18 69.5 77.2 120.4 10.6 16.2 21.6 36.3 31.7 26.8 15.8 20.2 42.2 25.5 43.9 53.4 80.5 43.3 30.2 50.6 43.6
71.8 24.9 65.5 48.9 46.2 17.9 20.7 19.2 71.5 78.2 120.9 9.8 13.8 20.4 35.9 31 26.4 15.1 18.7 40.2 25.3 44 53 80.7 44 30.3 48.4 42.7
69.8 27.5 68.3 50.5 44.7 13.2 17.5 17 70.9 76.5 119.2 8.6 9.5 17.2 33.1 28.3 24.2 13.4 16.5 38.6 24.4 44 52.2 80.6 44.2 30.1 46.8 41.9
67.4 28 66.8 49.5 43.5 10.5 15.3 14.8 69.6 75 118.4 9.9 7 15.3 31.1 26.7 23.1 13.2 16.4 39.1 24.8 44.7 52.1 81.1 45.1 30.8 46.8 41.7
68.2 29.5 68.1 51.3 46.1 11.4 16.7 15.8 71 76.4 120.5 13.3 7.7 16.1 31.9 27.8 24.1 15.1 17.9 39.8 25.6 45.2 52 81.1 45.6 31.2 46.9 41
73 36.9 77.2 59.3 52.6 14 20.6 20.3 75.6 80.5 124 15.9 9.5 18.3 34.6 30.6 26.2 17.4 18.5 37.8 24.5 43.5 50.1 79.3 44 29.3 44.4 37.8
77.2 41.8 84.6 65.8 57.1 16 23.3 24.1 79.1 83.6 126.1 15.5 10.8 19.8 36.8 33 27.9 18.5 18.8 35.6 22.8 41.4 48 77.6 42.1 27.7 40.6 34.5
75.5 35.1 80.5 62.6 54.8 15.1 21.7 23 77.2 82 124.2 11.4 10.2 18.8 36.3 32.6 27.4 17.3 19 35.8 22.1 40.8 47.4 77.5 41.8 28.2 37.8 33.6
69.4 22.1 70.5 53.8 48.2 10.8 16.5 18 71.7 76.8 119.3 5.5 7.1 15.4 32.8 28.8 24.4 14 17.4 36.5 22 40.6 47.6 77.8 42.1 29 36.3 33.8
63.9 11.8 61.9 45.6 42.3 6.5 11.9 13 66.9 71.8 114.9 1.5 4.8 12.8 29.3 24.7 21.4 11.3 15.3 37.2 22.5 40.6 48.1 78 42.6 29.6 36.8 34.2
61.5 6.9 54.8 39.1 39.4 6.5 11.1 11.1 64.7 70.1 114 1.9 6.5 13.9 29.2 24 21.4 11.7 16.2 40.5 24.7 42 49.8 79.1 44.4 31.7 40.6 36.5
62.7 5.3 49.2 35 39.7 11.1 14.3 12.5 65.5 72.3 116.7 6.1 11.7 17.9 32.8 27.2 24.8 15.3 20.9 46.4 28.4 45.2 52.9 81.8 47.6 35.7 46.4 40.7
66.1 4 47.1 34.7 42.4 16.9 18.8 15.7 67.8 76.2 120.7 11.2 15.9 22 37.2 31.6 28.9 19.7 26 50.7 31.3 48 55.4 84.2 49.9 38.8 50.9 43.5
69 4 48.4 37.3 45.1 19.6 21.2 18 69.4 78.4 122.8 13.6 16 23.4 38.9 33.5 30.2 21.4 27.3 50.3 30.6 48.1 55.1 83.9 49.2 38.2 50.6 41.9
69.2 4.3 48.9 38.6 45.6 19.4 20.8 18.2 69.1 78 122.7 13.6 14.4 22.9 38.3 33.3 29.3 20.4 26.1 49 29.2 47.6 54.4 83.1 47.9 36.7 48 38.5
66.6 0.7 43.9 35.3 43.7 18.9 19.2 16.9 67.3 76.5 122.2 13.7 14.6 22.9 37.6 32.9 29 19.7 26.1 51.5 31.2 49.9 57 85.4 49.8 38.5 49.1 39.3
64.1 -1.9 39.9 32.2 42.1 17.9 17.9 15.8 66.4 75.7 122.2 14.3 14.8 22.9 37.2 32.5 29.4 19.8 26.8 54.1 34.3 52.7 59.8 88.4 52.3 41 52.3 42.6
64.8 3.5 44.1 34.8 43.6 16.5 17.7 16.8 68.3 77 123.3 14.8 13.8 22.1 37.4 32.2 30.1 20.2 27 52.1 34.1 52.5 59 88.5 52.1 40.7 52.5 43.2
68.5 13.3 52.1 40.5 47.7 16.5 19.4 19.8 72 80 125.6 16.2 13.2 22 38.8 33.4 31.3 21.2 27.8 48 31.5 50.1 56.2 86.4 50 38.8 50.1 41.1
72.5 21.9 59.2 46 51.8 17.5 21.9 23.2 75.4 83 127.8 17.9 13.1 22.6 40.1 34.8 32.1 21.9 28.1 44.4 28.6 47.3 53.7 83.4 47.3 36.4 46.4 37.2
74.6 27.5 65.9 51.8 54.3 17.1 22.7 24.8 76.9 84.3 127.9 18.2 10.9 21.5 39.2 34.5 30.7 20.3 25.4 40.4 25.6 44.1 51.4 79.7 43.8 32.5 40.9 31.4
74.1 30.9 71.7 56.3 54.5 14.3 20.9 23.6 76.3 83.2 125.6 15.9 6.5 18.3 36.2 32.1 27.4 16.6 20.6 35.7 22.9 41.3 49 76.3 40.4 28.1 35 25.6
72.2 33.2 74.3 57.4 52.9 11 18.1 20.8 74.7 80.7 122.9 12.9 3.1 15.4 33.3 29.3 24.6 13.5 17 33.3 22 40.4 47.6 75 39.4 25.9 31.5 23.1
70.4 32.8 73 55.5 50.8 9.6 16.3 18.6 73.4 78.4 121.1 11.2 2.8 14.5 32 27.5 23.4 12.1 16 34.2 22.9 41.2 47.7 75.5 39.9 26.3 31.2 23.4
70.1 31.2 72.2 54.8 49.8 9.8 15.8 17.8 72.9 77 119.9 10 3.2 14.3 31.5 26.3 22.4 10.8 14.8 34 22.4 40.1 46.4 74.1 37.8 25.1 29.5 21.6
72.3 34.7 77.5 58.7 51.8 10.3 16.8 18.7 74 77.4 119.1 8.3 2.3 13.4 30.8 25.5 20.7 8.6 11.7 29.8 18.6 35.8 42.1 69.4 32.1 20.1 23.1 15.2
74.7 38.1 82.5 62.1 54.3 11.4 18.8 20.4 75.1 78.7 119 7.2 2.1 13.3 30.5 25.7 19.7 7.2 9.6 26.7 15.7 32.9 39 66.1 27.9 16.2 17.9 10.4
73.8 33.3 79.1 59 53.2 12.4 19.6 20.2 73.8 78.7 118.6 6.8 3.7 14.2 30.7 26 19.7 6.8 9.9 29 16.9 34.5 40.2 67 28.7 17.2 19.5 12.5
70.1 23.3 71.4 52.7 48.7 11.6 18.1 17.6 70.7 76.3 116.4 5.3 4.6 14.4 30.4 25.3 18.8 6.1 10.1 33.3 20.4 38.8 43.5 70.2 32.1 20.3 25.3 18
65.7 14.4 64.2 46.7 43.8 9.6 15.3 14.1 67.3 72.7 113.8 3 4.2 13.7 29.7 23.6 17.4 4.8 9.5 36.3 23.4 42.4 46.1 72.3 34.6 22.3 30.2 21.9
62.3 9 56.3 40.8 41 9.1 13.3 11.4 64.5 70.1 112.8 2.8 4.6 13.7 29.5 22.4 17 4.5 10.6 37.9 24.7 43.7 47.6 72.9 35.5 23.2 31.6 23
61.5 5.9 48.8 35.7 41 11.5 13.9 11.2 63.5 69.9 114.2 6.2 7 15.5 30.9 23.3 18.6 6.1 14 39.4 25.1 43.8 48.6 73.2 36 24.5 29.9 22.5
63.5 3.6 45.7 33.5 43.1 15.6 16.4 13.1 64.5 71.8 116.5 10.7 9.9 18.1 33 25.7 21 8.3 17.3 40.1 24.6 43.1 48.8 73.3 35.5 25.3 27.1 21.3
65.6 3.2 46.9 34.3 44.8 17.9 18.2 14.7 65.6 73.3 117.3 12.7 11.2 19.3 33.9 27.2 21.5 9 17.6 38.9 23 41.6 47.5 72.2 33.6 24.1 25 19.3
64.9 1.9 46.2 33.4 43.7 17.1 17.2 13.8 64.3 72.4 115.8 11.3 10.8 18.5 32.8 26.5 19.9 7.9 16.2 38.4 22.1 40.7 46.8 71.4 32.4 22.7 25.8 19.2
60.3 -4.8 38.1 26.8 38.6 15 14.2 10.1 60.1 68.5 112.8 8.6 10.2 16.8 30.9 24.3 17.8 6.3 15.4 40.9 23.8 42.1 48.4 72.6 34 23.8 30.1 22.4
56.1 -9.2 31.4 21.3 33.8 13.4 11.6 6.9 56.2 64.5 109.9 6.2 9.1 15 29 21.7 16 4.5 14.4 42.8 25.2 43.1 49.7 73.5 35.4 25.2 32.8 24.4
57.1 -3.3 35.1 24 34 14 12.5 7.8 56.9 64.6 109.9 5.4 8.4 14.3 28.6 21 15.9 4 13.3 41.2 24.3 42 48.6 72.4 34.3 24.5 30.5 21.9
62.7 8.4 44.3 31.5 39.1 17.7 17 12.6 61.7 69.3 113.7 7.9 10.4 16.5 31 23.7 18.8 6.4 14.8 39.6 23.2 40.9 47.3 71.7 33.3 24 27.8 19
69.2 18.9 53.3 39.3 45.9 22.7 22.8 18.6 68 75.4 119.4 12.9 14.4 20.4 35.1 28.3 23.3 10.8 18.6 40.4 24.1 41.7 48 73 34.3 25.5 28.2 19
74.2 26.3 62.6 47.4 51.8 25.5 26.9 23.1 73.3 79.6 123.6 16.8 16.8 22.9 37.8 31.8 26.3 13.8 21.2 41 25.5 43 49.3 74.8 35.8 26.8 29.6 20.2
75.4 30.2 69.7 52.9 53.4 23.2 26.4 23.5 74.9 79.4 123.3 15.9 14.6 21.2 36.4 30.9 25.2 12.7 19.3 38.8 24.7 41.9 48.5 74.2 35.1 25.2 28.3 19.2
72.3 30.2 70.8 52.3 49.4 16.9 21.3 19.1 71.2 74.9 118.7 10.5 9.1 15.7 31.5 25.9 20.4 8.1 14.1 34.8 21.4 38.4 45.3 70.9 32.2 21.3 24.3 15.5
68.2 27.2 66.9 47.9 44 11.6 15.9 14 66.2 70.2 114.4 5.7 4.9 11.1 27.2 21.2 15.9 4.2 10 32.6 18.7 35.6 42.6 68.2 30.1 18.8 21.2 12.5
67.5 26.3 65.9 46.9 42.4 10.6 14.2 12.7 65 69.4 113.7 5.4 4.4 10.3 26.2 20.3 14.6 3.9 9.6 32 17.5 34.3 41.5 66.9 29.3 18.5 19.6 11.3
71.4 32.4 73.1 53.3 45.7 12.3 16.2 15.7 68.4 72.7 116.1 8.3 5.4 11.3 27.2 22.2 15.7 5.4 10.6 29.2 15.4 32.1 40.1 65.2 27.7 17.6 16.9 9.6
74.5 37 79.2 59.2 48.5 14 18 18.1 71.3 75.4 118.1 11.1 5.9 11.8 27.9 23.9 16.8 6.4 11.5 26.2 13.3 29.6 38.6 63.2 25.8 16.4 15.2 8.6
71.8 30.9 74.7 56.3 46 13.8 16.6 15.9 69.5 73.7 116.6 10.7 5.3 10.7 26.8 22.9 16 5.8 11.7 26.1 13 28.7 38.2 62.4 25.1 16.4 16.6 9.4
65.3 19.2 65.2 47.9 40.1 11.1 12.8 10.8 64.4 68.6 112.1 6.5 2.9 7.9 24 19.5 13.1 3.4 10.3 27.7 13.4 29 38.5 62.6 25.3 17.1 18.9 10.4
59.3 9.7 57.1 40.1 34.8 7.8 9.2 6.4 59.4 64.1 107.9 1.4 0.1 5.3 21.4 16.1 10.2 0.9 8.9 29 13.5 29.8 38.9 63.2 25.9 18.2 20.4 11.5
56.3 4.4 50 33.5 31.7 6.4 7.6 4.2 56.2 62 106.2 -0.9 0.1 5.2 20.9 14.7 9.6 0.4 10 30.9 14.1 31 39.7 64.2 26.9 20 22.1 13.7
56.7 1.8 44 28.9 31.3 7.6 8.4 4.6 55.5 62.3 107.6 0.6 3.3 7.7 22.5 16.2 11.4 2.4 13.5 33.4 15.3 32.4 40.8 65.2 28.3 22.2 24.5 16.1
59.9 0 41.6 28.2 33.4 10 10.2 6.6 56.7 63.9 110.5 4.2 6.7 10.3 24.2 18.6 13.7 5.3 16.6 33.9 15.3 32.3 40.6 64.8 28.6 23 25.6 16.2
62.7 -0.3 43 29.9 35.4 9.9 10.4 7.6 57.7 64.8 111.9 6 6.5 9.9 23.7 19.1 14.1 6 16.8 30.9 12.5 29.6 38.2 62.4 26.5 21.1 23.9 13.5
62.1 -0.9 42.6 29.2 35 7.2 8.2 6.3 56.8 63.9 110.7 5.2 3.5 7.2 21.7 17.5 12.7 4.7 15.3 28.4 9.7 27.1 36.2 60.5 24.8 19.6 22.6 12
58.2 -6.2 35.8 23.6 31.8 5.1 5.4 3.1 53.9 62 108.8 4.1 1.6 5.4 20.2 15.9 11.6 4 15.2 30.6 10.6 28.1 37.5 62.1 26.5 21.7 25.4 15.2
55.3 -9.6 30.6 19.4 29.4 4.4 4.2 1.1 52 60.9 108 3.5 1.2 4.8 19.8 15.3 11.3 4.2 15.6 33.7 12.7 30.3 40.1 64.4 28.9 24.1 28.5 18.8
57.4 -3.3 35.5 23.2 31.7 5.5 6.3 3 54.1 62.9 109.8 4.2 1.4 5.4 20.8 16.3 12.3 5.2 15.6 33 12.7 30.4 40.8 64.3 28.7 23.2 27.9 18
63 8 45.4 31.6 37.7 9.2 10.7 8 59.3 67.6 114.3 7.7 3.1 8.1 23.3 19.4 15.2 7.6 16.4 30.6 11.4 29.4 39.9 62.7 27.2 20.9 25.7 14.7
68.3 17.1 54.3 39.7 44.1 13.3 14.8 13.3 64.8 72.3 119.2 12.6 5.3 10.9 26.2 23.4 18.1 10.3 17.7 29.1 10.8 28.8 39.1 61.5 26.3 19.4 24.1 11.7
71.8 23.3 62.9 47.2 49.3 14.7 16.8 17 68.9 75.2 122 15.5 5.1 11.3 27.5 25.9 19.1 11.1 17.3 27.5 10.6 28.5 38.6 60.6 25.3 18.2 21.9 9.2
72.4 28.1 70.2 53.1 51.5 12.5 16.4 17.9 70.5 75.7 121.4 14.9 2.1 9.1 26.4 25.2 17.3 9.1 14.3 24.9 10 27.8 37.5 59 23.5 16.3 19 6.5
70.4 31.3 73.1 54.8 50 8.7 14.4 16.1 69.2 73.8 118.3 11.7 -1.4 6.3 24 22 14.1 5.4 10.3 22.8 9.4 27.2 36.4 57.2 21.4 14.4 17.5 5
68.4 31.2 71.5 52.9 47.1 6.5 13.1 14 67.1 71.7 115.7 8.4 -2.7 5.2 22.7 19.3 11.9 2.8 8.1 23.4 10 27.8 36.4 56.6 20.7 13.8 19 6.2
69.1 31.1 71.7 52.7 46.6 7.4 14.2 14.2 67.1 71.5 115 5.9 -1.5 6.3 23.4 19.4 11.9 2.3 7.5 24.8 10.8 28.5 36.5 56.1 20.1 13.1 20.6 7.5
72.7 35.8 78.1 57.8 49.4 9 16.5 16.9 70 72.9 115.5 3.7 -0.5 7.4 24.4 20.8 12.4 2.1 6.2 22.7 9.3 26.9 34.4 53.6 17 9.4 17.8 4.8
74.7 38.4 82.1 61.4 51.1 9.2 17 18.1 71.6 73.2 115.4 2.3 -0.7 7 24.1 20.7 12 1 4.4 19 6.3 23.8 31.3 50.3 13 5 13.1 0.8
71.6 31.3 76 56.5 47.9 7.4 14.3 15.1 68.6 70.3 113.4 1.2 -2 5.2 22.1 18.3 10 -0.8 3.3 17.8 4.9 22.2 29.9 49 11.4 3.5 11.7 0
66 19.7 66.1 47.6 42 4.1 9.8 9.7 62.9 65.7 109.7 -0.5 -4.4 2.8 19.4 14.8 7.1 -3.6 1.8 19.4 5.8 23 30.4 49.6 12.3 4.2 13.6 1.6
61.1 10.3 57.8 39.7 36.6 1 5.7 5.1 57.9 61.9 106 -2.4 -6.4 1 17.4 12.2 4.7 -6 0.5 22.1 8 25 31.4 51.2 13.6 5.4 17.4 4.1
57.7 3.7 49.3 32.7 32.8 0.3 3.5 2.3 54.5 59.5 104.2 -2.8 -5.6 1.1 17.3 11.4 4.5 -6.3 1.2 25.7 10.6 27.3 32.9 53 14.9 7.1 22.8 8.2
56.7 -0.7 41.6 27.6 31.7 3.1 4.5 2.4 53.5 59.5 105.4 -0.7 -1.6 3.9 19.6 12.9 6.9 -3.8 4.6 30 13.2 29.8 35.2 55.3 16.6 9.9 28.4 13.2
58.7 -2.8 39 27.1 33.8 8.2 8.3 5.3 54.8 61.9 109.2 3.5 3.5 8.4 23 15.7 10.5 0 8.8 33 15 31.9 37.6 57.2 18.5 12.5 31.5 16.5
61.1 -2.3 41 29.6 36.4 11.4 11.3 8.1 56.4 63.9 111.7 6.1 6 11.5 24.8 17.1 12.1 2.1 10.7 32.9 15.1 31.9 37.7 56.9 18.9 12.7 30.9 16.2
59.6 -3.1 39.9 28.6 35.5 10.4 10.7 7 54.9 62.2 110.4 4.8 5.1 11.2 23.3 15.6 10.3 0.9 9.9 31.9 14.7 30.7 36.5 55.6 18.3 11.9 29.6 14.5
54.1 -9.3 31.6 21.3 30.4 8 7.7 2.6 50.7 58 107 2.6 3.8 9.6 20.9 13.4 8 -1.3 9.1 34.7 17.1 31.9 37.8 57 19.9 13.8 32.2 16.3
50.5 -12.7 26 16.3 27 7.1 6 0 48.4 55.7 105.4 2.3 4.2 9.3 20.5 13 7.7 -1.7 9.6 39.5 21.3 35.4 41.2 60.8 23.1 17.3 37.7 20.9
52.8 -6 31 20.2 29.5 8.7 7.6 2.1 50.7 57.9 107.6 5.3 6.2 10.9 22.6 14.8 9.8 0.3 10.7 42 23.4 38 43.6 63.7 25.5 19 41.4 24.6
58 4.3 39.7 27.7 34.8 12 11.2 6.4 55.1 62.4 112.2 10.1 9.3 13.8 26.3 18.1 13.1 3.5 12.5 42.1 23.2 38.9 44 64.6 26.5 18.8 42.4 25.8
62.2 11.3 45.9 33.2 38.8 14.4 13.8 9.7 58.4 65.9 115.4 12.8 11.2 15.6 29 20.6 15.1 5.3 13.5 40.8 22.1 38.4 43.1 63.8 26 17.3 41.1 24.2
63.9 14.8 51.1 37.3 40.1 13.7 14.2 10.7 59.7 66.6 114.9 10.1 10.2 15 28.9 20.4 14 3.6 11 37.8 20.2 36.6 41.3 61.9 24.1 14.5 37.7 20.1
63.3 17.7 56.2 40.5 38.4 10.4 12.5 9.9 59.3 64.4 110.7 2.7 7.3 12.6 26.6 17.6 10.8 -0.4 6.1 34.5 18.3 34.7 39.6 60.1 21.6 11.3 33.2 15.1
61.3 20.5 58.6 41.3 34.7 7.2 10.3 8.1 58.2 61.2 105.6 -4.5 4.9 10.5 24.2 14.6 8 -3.8 2.3 33.5 18 34.5 39.4 60.1 21.1 9.8 30.6 12.1
59.9 21.1 57.7 39.5 31.5 6.3 9.5 7.2 57.6 59.5 103.1 -7 5 10.4 23.4 13.7 7.8 -4.5 2.1 35.5 19.7 36.4 41.4 62.4 23.2 11.4 32 13.2
61.2 21.2 58.6 39.2 31.2 7.5 10.7 8.5 58.4 60.5 103.9 -5 6.2 11.5 24.1 14.9 9.1 -3.4 3.4 36.5 20.7 37.4 42.5 64 24.9 12.9 34 15.3
65.4 26.4 65.6 44.1 34.3 9.2 13 12 61.2 63.3 106.4 -2 6.8 12.6 25.4 16.5 10.3 -2.5 3.3 33 18.6 35 40.6 62.6 23.5 11.3 32.4 14.4
69 31.2 71.5 48.9 37.5 11.3 15.5 15.5 64.1 66.1 108.9 0.7 8 14.4 27.2 18.2 11.7 -1.1 3.7 30.3 16.9 33.2 39 61.8 22.2 10.1 31.3 13.7
68.6 27.4 68.5 47.4 36.7 12.8 16.2 15.9 64.6 66.4 109.4 1.9 9.9 16.2 28.5 19.3 12.9 0.5 5.8 33.1 18.7 35.1 40.6 64 24.2 12.2 34.4 16.6
64.7 17.8 61.1 41.7 32.3 11.5 14.2 12.7 62.5 63.6 106.9 -0.1 9.9 15.9 27.8 18.4 12.4 -0.1 6.4 37.5 21.7 38.3 43.2 66.7 26.9 15.3 38.3 20.2
60.1 8.5 53.9 35.5 27 8.5 10.7 8.1 58.9 59.5 103.2 -3.7 8.2 13.7 25.3 15.9 10.4 -2.6 5.1 40 23.3 39.9 44.4 67.4 28 17.2 40.5 22.3
56.5 1.4 46 28.4 23 7 7.7 4.4 54.8 56.3 101 -5.2 7.5 12 23.2 13.7 8.8 -4.5 4.8 41.6 23.5 40 44.1 66.9 28.1 18.3 42.1 24
55.7 -2.9 39 23 22.5 9.3 7.9 4.1 52.6 56.1 102.3 -2.2 10.2 13.1 23.8 14.1 9.6 -3.3 7.6 44.7 24.4 40.4 44 67.7 29.1 20.4 45.3 27.2
58.7 -3.8 37.4 22.7 25.9 14.6 11.6 7.5 54.3 59.4 106.6 3.7 15.6 17.2 27.1 17.3 12.7 0.7 12.1 48.9 26.4 41.8 45.2 69.9 31.5 23.3 50.1 32.1
62.5 -2 40.3 25.8 29.8 18.5 15.2 10.5 57 62.6 109.9 7.5 19.3 20.2 29.6 19.7 14.6 3.2 14.2 50.7 27.2 42 46 70.9 32.4 23.9 53.6 35.4
61.4 -3.2 39.3 24.9 28.8 17.4 14 8.4 55.3 61.1 108.3 6.1 17.9 18.3 28 17.7 12.4 1.4 12.2 49.4 25.7 39.8 44.9 69.1 30.6 21.8 54 35.4
53.5 -12.8 28.4 15.9 21.2 12 7.3 0.4 48.1 54 102.2 0.6 12.9 11.9 22.2 11.9 6.9 -3.8 7.8 47.3 23.3 36.5 42.2 66.2 27.6 19.1 52.2 33.6
45.4 -21.6 18 6.7 13.5 5.8 0 -7.5 40.7 46.8 95.5 -5.5 7 4.8 15.7 5.6 1 -9.4 3 44.2 19.8 32.5 38 62.8 24.4 16 47.7 29.8
45.1 -18 20.1 7.6 13.2 3.6 -1.9 -8.4 39.8 45.9 93.9 -7.5 4 1.6 13.2 3.6 -0.9 -11.3 0.6 40.4 16.2 29.3 34.3 60.1 22.2 13.3 41.3 25
51.9 -6.2 30.1 15.6 19.5 7.2 2 -3 44.8 51.4 98.1 -3.7 5.5 3.8 15.7 6.9 2.2 -8 3.2 38 14.8 28.5 33.4 59.4 22.3 13.2 37 22.4
58.8 4.8 39.6 23.8 26.1 12.3 7.1 2.7 51 57.5 103.7 1.5 8.6 7.7 19.7 11.7 6.8 -3.1 7.9 36.8 15 29.1 34.5 60.5 23.6 15 35.6 22.6
61.9 11.3 47.4 30.3 29.5 13.8 9.5 5.3 55 60.2 106 3 9.1 9 21.2 13.7 8.6 -1.3 9.8 35.2 14.6 29 34.7 61.4 24 16 35.4 23.2
60.8 14 53 34.4 29.4 10.5 8.3 4.6 55.5 58.9 104.3 -0.2 6.4 6.7 19.4 11.8 6.8 -3.6 7.2 32.9 12.9 27.7 33.2 60.8 22.9 14.8 35 22.7
57.2 14.9 54.3 34.4 27 5.5 5.2 2.3 53.2 55.6 100.5 -5.1 3 2.9 15.7 8.1 3.3 -7.5 2.6 31.4 11.4 26.1 31.6 59.2 21.7 12.9 34.7 22.2
54.1 13.7 52.1 31.6 24.8 2.9 2.9 0.5 50.6 53.3 97.9 -7.1 1.9 1 13.4 5.8 1 -9.6 0 32.1 12.1 26 31.8 59.1 21.7 12.9 35.3 23
54.4 13.2 52.3 31.4 25.3 3.8 3 1 50.9 53.7 98.6 -5.3 2.8 1.9 13.9 6.1 1 -9.1 0.4 32.5 13.2 26.2 32 59.7 21.9 13.8 34.3 23.1
58.1 18.1 59.1 37.2 28.9 5.7 5 3.8 54 56.3 100.8 -2.6 3.2 3.5 15.3 7.6 1.9 -7.9 1.2 29.4 11.5 24 29.5 58.1 20.1 12.5 29.8 20.5
60.7 21.3 64.1 42 31.7 7 6.6 5.5 56.3 58 102.3 -0.7 3.3 4.4 16 8.5 2.5 -7.3 2.1 26.1 8.9 21.4 26.6 55.5 18 10.7 26.7 18.7
58.6 15.4 59 39 30.3 6.6 5.6 3.5 54.7 56.5 101.7 0.1 3.4 4.2 15.4 7.7 2.3 -7.7 3.3 26.5 8.5 21 26.2 54.7 18.1 10.9 28.2 20.1
53.9 5.6 50.1 31.9 26.4 4.5 2.6 -0.8 50.5 53 99.3 -0.9 2.6 2.7 13.6 5.4 0.7 -9.2 3.5 28.9 9.7 22.4 27.9 55.8 19.6 12.5 31.3 22.5
50.4 -2 44 26.1 23.2 2.8 0.2 -4.1 47.1 50.4 97.1 -2.6 1.9 1.5 12.5 3.4 -0.8 -10.3 3.7 31.3 11.6 24.6 30.3 58.1 21.4 14.7 34.1 24.6
48.7 -7 38.3 21.1 20.9 3.1 -0.4 -5.6 44.9 49.2 96.3 -2.9 3.4 2.1 12.9 2.8 -0.9 -9.8 5.2 34.3 13.9 27 32.4 60.4 22.9 17 37.1 26.8
48 -10.9 31.3 16.5 19.1 5.5 0.5 -5.8 43.6 48.7 96.7 -0.9 6.2 4 14 3.4 0.1 -8.2 7.7 37.3 15.4 28.1 33.3 61.3 23.6 18.8 39.9 28.7
48.7 -13.9 26.8 14.3 18.8 8.5 1.9 -4.9 43.1 48.9 98.1 2.5 8.3 5.9 14.9 4.4 1.2 -6.5 9.7 38.2 14.9 27.1 32.7 60.4 23 18.8 40.7 28.9
50.2 -13.7 26.9 14.9 19.6 9.8 3 -3.7 43.2 49.4 99.3 5 8.6 6.8 14.9 5.1 1.8 -5.8 9.8 36.6 13.1 25 30.7 58.4 21.4 17.3 39.5 27.5
50.5 -13.6 27 14.4 19.4 9.1 2.9 -3.9 42.6 49.3 99.3 5.2 8.3 6.9 14.5 5.5 1.8 -5.8 9.3 36.4 13.4 24.8 30.1 58.1 21.6 17.3 39.5 27.9
47.8 -19.3 21.4 9.3 16.5 7.5 1.3 -6.2 40.3 47.7 97.8 2.9 8.5 6.9 14.4 5.5 1.5 -5.9 9.9 40.3 16.9 27.9 32.7 60.9 25.1 20.9 42.9 32.1
44.6 -24 16.4 4.9 13.6 5.1 -0.8 -8.4 38.3 45.7 95.3 -1.6 7.9 6.3 14 4.8 0.6 -6.6 10.1 43.3 19.5 30.3 35.1 63.3 27.9 23.9 45.6 35.3
44.8 -18.7 20.1 7.5 14.4 3.7 -1.1 -7.8 39.7 45.9 94.2 -5.2 6.7 5.9 14.1 4.5 0.3 -7 9.6 41.9 18.8 29.8 34.5 62.9 27.3 23.4 44.4 34.2
48.2 -8.1 28 13.9 18.4 5.4 1.3 -4.7 43.8 48.7 96.3 -4.2 7.5 7.2 16 6.1 2.3 -5.4 10.4 39.2 17.2 28.6 33 61.7 25.7 21.7 42.2 32
52.6 0.9 35 20.2 22.9 8.4 4.8 -0.8 47.7 52.5 99.9 -0.1 9.3 9.1 18.6 8.7 5.3 -2.9 12 37.6 16.4 28.1 32.6 61.2 25.4 20.8 40.9 30.9
56.1 6.5 42.2 26.5 26.1 9.4 7 2.1 50.5 55.5 102.2 2.5 8.9 9.2 19.7 10.2 6.7 -1.9 11.7 35.6 15.5 27.6 32.4 61 25.5 19.7 39.2 29.2
56.7 9.9 48.7 31.5 26.6 6.8 6 2.4 51.2 55.9 101.7 1.1 5.3 6.4 18 9.1 5.2 -3.5 8.7 32.2 13.8 26.2 31.2 59.8 24.6 17.4 36.2 25.9
54.1 11.9 51 32.1 24.6 2.5 2.4 -0.4 49.6 53.6 99.1 -1.9 0.3 2.4 14.4 5.8 1.9 -6.4 4.9 29.2 12.2 24.3 29.6 58.3 23.1 15 33.1 22.8
51.4 11.1 49.2 30 22.7 0.2 -0.7 -3.6 47.5 51.5 97.7 -2.5 -2.2 0.2 12 3.4 -0.1 -7.6 3.5 28.5 12 24.1 29.4 58.5 23.1 14.9 31.9 22.4
52.4 11 49.7 30.9 24 1.3 -0.5 -3.7 47.7 52.3 98.7 -0.6 -1.4 1 12.6 3.5 0.7 -6.2 4.3 28.4 11.9 24.7 29.9 59.3 23.9 15.9 31.4 23.3
57.5 17.3 57.1 37.6 28.1 3.8 2.5 -0.3 51.2 55.5 101 0.8 0.4 2.9 14.8 5.1 2.6 -4.6 4.6 26 10.1 23.7 28.9 58.4 23.1 15 29 21.8
61.6 22.4 63 42.5 30.3 6.3 5.8 3 54.4 57.7 102.4 0.8 2.2 4.7 16.5 6.9 3.9 -3.7 4.5 24.5 8.8 22.6 27.7 57.2 22.3 13.4 27.3 20.2
60.9 17.6 59.5 39.1 27.6 8.1 7 2.9 53.8 56.8 102.2 -0.5 3.9 5.7 16.9 7.6 4.2 -3.5 4.7 26.9 10.6 23.9 28.8 58.2 23.5 14.2 29.8 21.9
57.3 8 52 32.4 22.9 8.4 6.1 0.5 51 54.1 100.7 -3.1 5 5.6 16.3 6.9 3.3 -4.4 4.5 30.9 14.1 27 31.6 60.6 25.7 16.2 34.3 25.1
54.1 0.2 45.6 26.8 19.5 7.6 4.7 -1.9 48.3 51.8 99.3 -6.1 5.6 5.1 15.6 5.6 2.1 -5.5 3.7 33.9 16.8 29.4 33.6 62.6 27 17.7 37.2 26.9
51.4 -5.6 38.5 20.9 17.1 7.2 3.6 -3.8 45.3 49.8 98.2 -7.9 6.6 4.9 15.2 4.1 1.2 -6.2 3.3 35.7 17.7 30 33.6 63.1 27 18.3 37.7 27.3
49.6 -10.9 31.1 14.9 15.7 8.2 3.4 -5.1 43.2 48.9 97.7 -7.6 8.3 5.8 15.7 4 1.6 -6 4.5 37.1 17.5 29.2 32.9 62.4 26.6 18.6 37.6 27.8
50.2 -14.5 27.8 12.7 16.4 11.1 4.6 -4.6 43.6 50 98.4 -5.4 10.3 7.9 17.5 6.2 3.4 -4.3 6.9 38.1 17.2 28.6 32.8 61.5 26.2 18.6 38.2 28.5
52.6 -14.1 29.5 15 18.4 14.1 6.1 -2.8 45.8 52.1 99.9 -3 11.1 9.9 19.5 8.9 5.5 -2.5 8.6 38.3 17.1 28.5 33.2 60.9 25.8 18.1 39.1 28.5
53.1 -13.4 30 16 18.9 14.7 5.8 -2.3 46.4 53 100.8 -1.9 10.9 10.4 20.2 9.9 6.5 -1.8 8.8 39.4 18.2 29.6 34.4 61.6 26.5 18.3 41 29.2
49 -19.2 23.1 10.8 16.1 12.1 2.6 -5.2 43.6 51.1 99.8 -2.2 10.2 9.2 19.2 8.5 6.2 -2.2 8.3 42.5 20.7 31.9 36.9 64.2 29 20.6 44.9 31.9
43.6 -24.9 16.5 5 12.9 7 -1.7 -9.4 39.8 47.9 97.4 -4.6 7.4 6.2 16.7 6.3 4.4 -4 6.7 43.9 21.3 32.7 37.7 65.6 30 21.8 46.2 33
42.8 -20.6 19.4 6.5 14 2.7 -3.5 -10.2 39.6 47.4 96.6 -7 3.7 3.8 15.1 5.8 3.2 -5.1 5.2 41 18.8 30.9 35.8 64.4 28.3 20.4 42 30
47.4 -9.1 28.5 14.1 19.4 3.1 -0.6 -5.9 44.1 51.5 100.5 -5.5 3.5 5.1 17.1 8.8 5.5 -2.6 7 38 16.9 29.9 34.8 63.7 27.3 19.7 37.4 27.5
54 2 38.1 23.1 26 6.9 4.7 0.6 50.6 57.8 106.9 -0.8 6.4 9.2 21.8 13.8 10.3 2.3 11.1 37 17.3 30.7 36.6 65 28.5 21.1 36 27.5
58.5 9.5 47.7 31.7 30.8 8.6 8.1 5.1 56.2 62.2 110.7 2.5 7.5 11.2 24.7 16.7 13.2 5 13 35.3 17.1 30.9 38 65.6 29.6 21.6 33.8 26.6
58.9 13.8 55.3 37.6 31.4 5.4 7 5.4 58.3 62.5 109.4 1.4 4.2 8.8 23.3 15.4 11.8 3.6 10.6 31.5 14.6 29.2 36.7 64.1 28.8 19.8 28.9 23.4
55.3 15.5 57.4 38.3 28.1 -0.6 2.8 2.2 56.5 59.6 104.5 -2.9 -1.4 3.8 19.1 11.6 7.6 -0.2 6.4 27.8 11.8 26.8 34.1 62 27 17.3 24.5 20.4
51.4 14.1 54.8 35.5 24.6 -5.1 -0.7 -0.9 53.9 56.8 100.7 -6.2 -5.3 0.5 15.7 8.8 4.4 -3 3.7 26.5 10.7 25.8 32.4 61.4 25.9 16 23.2 19.5
51.9 14.3 55.2 36.3 25.6 -5.2 -0.3 0.1 54.6 57.5 101.4 -5.9 -5.7 0.7 15.7 9.5 4.9 -3 3.5 26 10.6 25.6 31.6 61.2 25 15.6 23.4 18.8
57.5 21.7 63.9 44 31.5 -2.4 3.3 5.1 59.5 61.6 105.5 -3.2 -4.3 2.9 18.1 12.6 7.6 -1.5 4.1 23.6 9.2 24.7 30.1 59.5 23.3 13.9 22.4 16.5
62.3 27.4 71 50.5 36.5 0.4 6.3 9.2 63.7 65 108.8 -0.6 -3.1 4.8 20 14.9 9.6 0.1 4.8 21.1 7.1 23.4 28.5 57.7 22.1 12.3 21.7 15
60.9 21.9 67.2 47.9 34.8 0.7 5.3 7.8 62.3 64 108 -0.4 -3.7 3.7 18.8 13.8 8.6 -0.2 5 20.6 5.8 22.6 27.7 57.2 21.8 12.3 21.8 15.6
54.8 10.6 57.8 39.9 28.5 -2.4 1 2.5 56.8 59.3 103.5 -3.3 -6.9 -0.5 14.8 9.7 4.9 -3.2 3.2 20.1 5 21.5 26.9 57.1 21.6 12.5 20.5 15.9
49.5 1.7 50 32.8 22.5 -6 -3 -2.4 51.5 54.9 99.4 -6.4 -10.3 -4.6 11.2 5.8 1.6 -6.2 1.4 19.5 4.5 20.5 26.1 56.8 21.6 12.9 18.8 15.7
47.2 -3.2 43.4 26.9 19.7 -6.8 -4.2 -4.7 48.6 53.2 98.4 -6.9 -10.3 -5.2 10.6 4.6 1.5 -6.3 2.7 20.8 4.5 20.5 26.3 56.9 22.7 14.7 19.6 17.4
47.9 -6.3 37.6 22.8 20.3 -4.2 -2.5 -4.3 48.3 54.4 100.6 -4.3 -6.9 -2.7 12.7 6.2 4.4 -3.4 6.9 23.7 5 21.4 27.6 57.8 24.3 17.8 22.2 20.7
50.8 -8.1 35.3 22.4 23.7 0.7 0.9 -1.9 50.5 57.5 104.6 0.1 -2.6 0.8 15.9 9.3 8.2 0.6 11.3 25.8 5.5 21.9 29.1 58.6 24.9 19.8 23.1 22.4
54.5 -6.6 37.5 25.3 27.5 5.3 4 0.8 53.3 60.5 108.1 3.8 0.3 3.6 18.1 11.7 10.2 3 13.2 25.9 5.6 21.4 29.6 58.3 23.7 19.4 21.4 20.5
56.2 -5.3 38.6 26.6 28.7 7.9 5.3 2 54.2 61.7 109.9 6.2 1.3 4.4 18.6 12.3 9.8 3.3 13.2 26.3 6.7 21.3 30 58.1 22.9 18.8 20.9 18.1
53.8 -10.7 32.8 22 26.6 7.7 4.1 0.2 51.5 60.2 109.8 7.4 1.2 3.5 17.5 11.1 8.1 2.6 13.4 29.5 9.6 23 31.4 59.4 24.6 20.7 24.2 19.7
50.1 -16.1 26.8 16.9 23.7 4.9 1.4 -3 47.9 57.2 108 6.5 -0.3 1.2 15 8.3 5.4 0.9 13 31.6 10.5 23.5 31.5 59.5 25.9 22.1 27 22.5
49.2 -12.5 28.8 18.2 23.2 2.4 -0.1 -4.4 47.1 55.3 105.8 3.9 -2.4 -1 12.6 5.5 2.9 -1.5 11 29.3 7.5 20.6 28.8 56.4 23.9 19.8 25.7 22.3
51.4 -3.9 34.9 23.1 25.2 2.9 0.9 -3.2 48.7 55.4 104.4 1.2 -2.7 -1.4 11.9 4.8 2.2 -2.9 9.2 25.3 3.4 16.7 25 52.1 20.2 15.5 22.8 19.8
55 3.7 40.2 27.9 28 5.6 3 -0.7 51 56.4 103.7 -1 -1.5 -0.7 12.6 5.6 2.7 -3.4 8 22.3 0.7 14 22.3 49 17 11.9 20.7 16.9
58.5 9.2 46.7 33 30.6 7 4.3 1.5 53.2 57.7 103.2 -2.9 -1.9 -1 12.8 5.8 2.6 -4.1 5.9 19.5 -1 12.4 20.8 47.2 14.7 9.3 18.9 14
59.9 13 53.2 37.4 31.6 4.9 3.3 1.5 54.1 57.8 102.2 -4.8 -5.2 -3.8 10.8 3.9 0.8 -6.2 2.5 16.1 -2.8 11 19.5 45.6 13 7.2 16.7 11.3
57.8 14.9 55.6 38.3 30 0.2 0.2 -1.1 52.6 55.9 100.3 -7 -9.7 -7.6 7.1 0.6 -2.4 -9.3 -0.8 13.4 -4.1 9.9 18.2 44.3 12.1 6 15.4 9.8
54.6 14.3 53.7 36.1 27.8 -3.5 -2.2 -4.1 49.8 53.7 98.9 -8.1 -12.4 -9.8 4.4 -1.7 -4.7 -11.6 -2.1 12.9 -3.8 9.8 17.9 44.1 12.1 6.1 16 10
54.7 15.4 54.2 36.2 28.3 -4.2 -1.2 -4 49.1 54 99.6 -7.3 -12.3 -9.5 4.4 -1.4 -4.7 -11.7 -1.6 12.9 -3.4 10 17.6 44.1 11.9 6 16.4 10.8
59.6 22.7 62.3 42.7 33 -2.2 2.8 0.4 52.6 57.6 102.6 -4.4 -10.7 -7.9 6.5 1.1 -3.2 -10.2 -0.8 11.3 -4.4 9 16.2 42.8 10.3 4.4 13.5 9.6
64.3 28 69.3 48.7 37.7 1.2 6.7 5 56.4 61.3 105.9 -0.3 -8.2 -6 8.6 3.6 -1.4 -7.9 0.8 9.9 -5.6 7.7 15.2 41.2 8.7 3.4 9.3 7.3
63.2 22.1 65.7 45.9 36.9 2.5 6.7 4.7 55.6 60.6 106 1.9 -7.1 -5.7 8.1 3.2 -1.6 -7.3 1.8 10.9 -5.6 7.3 15.4 40.6 8.3 3.8 7.8 6
57.4 10.6 56.2 37.7 31.3 0.1 2.8 -0.3 50.7 55.4 101.8 -0.6 -8.7 -7.8 4.9 -0.3 -5 -10 -0.2 13 -4.8 7.5 15.6 40.5 7.9 3.7 9.1 5
51.9 1.6 47.8 30.1 25.3 -3.3 -1 -5.6 45.7 49.5 96.7 -5 -10.3 -10.2 1.8 -3.8 -9 -14 -3.6 15.7 -3.2 8.5 15.5 40.1 6.8 2.6 12.2 3.9
49.5 -3.5 40.7 24.3 22.2 -3.3 -1.7 -7.8 42.8 46.5 94.7 -6.7 -8.5 -9.5 1.7 -4.8 -10.2 -15.3 -4.2 20 0 11 16.3 40.6 6.7 2.8 17 4.7
50.5 -6.7 35 20.8 23.1 1.3 1 -6.3 42.9 47.6 96.7 -4.1 -3.6 -5.3 5.3 -2.3 -7.4 -12.7 -0.5 25.3 4.2 14.6 18.7 42.6 8.7 5.2 22.7 8.6
54.3 -8.3 33.5 21.1 26.4 7.7 5.1 -2.6 45.5 51.4 100.7 0.2 2 0.4 10.6 2.1 -2.4 -8 4.6 29 7.6 17.5 21.8 45 11.2 7.9 27 13.4
57.9 -6.8 35.8 23.8 29.2 11.6 8.1 0.7 48.3 54.4 103.6 2.3 5.2 4.4 14.5 5.6 1.2 -4.7 7.3 30.3 9.1 18.6 23.8 46.7 12.7 8.9 28.9 16.5
58.3 -5.9 35.8 23.9 28.9 11.6 8.7 1.6 48.7 54.7 104.2 2 6.2 5.8 15.6 6.9 2.4 -3.8 7.9 32.1 10.6 20.3 25.9 48.7 14.2 9.9 31.4 18.4
55 -11.1 29.1 18.7 25.4 10.2 7.3 -0.2 46.4 52.8 103.3 1.5 6.9 6.2 15.2 6.5 2.5 -4.1 8.7 36.7 14.2 24.3 29.4 52.4 17.5 13 36.4 20.8
52.2 -15.4 24.2 14.3 22.5 9 5.8 -2 44.6 51.5 102.3 0.9 7 6.2 14.7 5.6 1.9 -5.1 8.8 40.2 17.1 27.4 31.9 54.8 19.7 15 38.9 20.8
54.1 -9.6 29.1 17.7 24.1 9.1 7 -0.4 46.9 53.6 103.3 0.9 6.9 6.9 15.7 6.2 2 -5.4 8.1 39.2 17.1 27.5 31.7 54.2 19.4 13.8 36.4 16.8
59.7 2.1 38.9 25.9 29.6 12.1 11.2 4.3 52.6 59.1 107.1 3.9 8.7 10 19 9.4 4.5 -3 8.8 37.1 16.7 27.4 31 53.2 18.6 12 33.5 13.3
65.1 11.6 47.5 33.9 35.8 16 15.7 9.4 57.9 65 111.9 8.6 11 13.5 22.6 13.4 8.1 0.4 10.6 35.6 17.1 28.1 30.7 53.5 18.5 11.2 32.6 12.3
68.6 17.6 55.9 41.1 40.3 17.4 17.9 12.7 61.6 68.6 114.5 11.3 10.8 14.7 24.1 15.6 10 2.3 10.8 33.4 17.1 28.3 30.4 54 18.5 10.2 31.8 11.6
68.9 21.5 63.4 46.1 41.2 15 16.9 13 63.2 68.5 113.2 8.8 7.3 12.7 22.9 14.8 9.1 1.3 8.3 30.2 15.9 26.9 29.7 53.6 17.8 8.3 29.6 9.2
65.6 23 65.3 46 38 9.7 13.3 10.2 61.7 65 108.7 1.8 2.2 8.6 19.8 11.4 6 -2 4 27.6 14.6 25.2 28.6 52.7 16.7 6.6 27.1 6.1
62 22 62.7 43.1 34.6 5.8 10.7 7.5 59.4 62.2 105.7 -3.6 -0.8 5.8 17.8 9.1 4.3 -4.3 1.5 27.7 15.2 26 28.9 53.6 17.1 7.3 27 5.7
63.4 23.6 63.8 44.9 36.2 7 12.6 9.5 60.9 64.3 107.6 -3 0.5 7.1 19.7 11.1 6.5 -2.6 3.3 29.5 17.6 29 31.3 56.5 19.7 10.2 29.6 8
70 32.3 73.2 53.8 42.7 11.2 17.6 15.5 66.5 70.3 112.8 1.5 3.6 11 23.9 15.7 10.7 1.4 6.8 29.4 18.8 30.8 33.2 58.3 21.6 11.2 30.9 8.7
75.2 38.3 80.6 60.7 47.7 14.5 21.4 20 71.2 74.9 116.7 5.7 6 14 27 18.9 13.7 4.4 9.3 28.1 18.3 30.7 33.4 58.3 21.9 10.1 30.1 6.5
74.2 33.2 77.2 58.1 47 15 21.2 19.5 71.1 74.5 117.1 7.5 6.7 14.3 27.2 19 14.5 5.5 10.6 28.5 18.2 31 33.5 58.9 22.4 9.9 29.6 4.4
69.6 23 69.1 50.6 42.8 12.6 17.7 15.7 67.8 71 115 6.1 5.4 12.5 25.2 16.9 13.8 5 10.6 30.1 18.7 32 34.3 60.9 24 11.4 29.7 4.2
65.2 15.1 62.3 43.9 38.5 10 14 12.1 64.4 68 112.8 3.5 3.8 10.8 23.2 14.9 13.3 4.4 10.3 32 19.5 33.3 36 63.7 26.2 14.1 31.1 6.3
62.7 10.1 55.3 38.3 35.6 10.5 12.9 10.3 62.1 66.8 112.3 3.2 4.8 11.6 23.3 14.9 14.4 5.5 11.8 35.1 21.3 35.1 38.7 67 28.8 17.7 35.1 10.9
62.6 6.2 48.6 34.1 35.2 14.2 14.8 11 61.3 67.9 114.5 6.2 8.3 14.6 25.3 17.1 17.1 8.5 15.4 39.1 24.2 37.5 41.8 70.1 31.8 21.5 40.6 16.5
64.2 2.8 45.6 33.2 36.9 18.5 17.7 13 62.2 70.4 117.8 10.5 11.6 17.6 27.8 19.8 19.9 11.9 19 41.3 25.7 38.5 43.5 71.6 33.7 23.5 43.5 19.6
65.5 1.6 46.1 34.7 38.3 19.9 18.7 14.2 63 71.8 119 12.5 12.3 18.2 28.3 20.7 20.6 13.2 20 40.2 24.2 36.9 42.8 70.4 33.3 22.6 41.9 18.3
64 0.5 44.5 34 37.6 18.2 17 12.9 61.9 70.4 117.2 11.7 11.1 16.5 26.8 19.1 19.3 12.3 18.9 38.8 21.9 34.9 42 68.9 32.5 21.3 39.9 16.4
59.6 -6.1 36.9 27.9 34.3 15.6 13.6 9 58.2 67.4 114.8 10.1 10.1 14.4 25 16.6 17.4 10.8 18.2 40.9 22.5 35.7 43.5 70 34.3 23 41.8 17.5
55.6 -11.8 30.6 22.1 30.9 13.1 10.5 5.1 54.5 64.8 112.8 8.1 8.6 12.3 23.3 14.5 15.7 9.1 17.3 42.9 24 37.5 44.6 71.6 35.8 24.9 43.3 18.2
56.5 -7.4 33.6 23.8 31.2 12.2 10.3 5.2 54.9 65.2 112.9 7.3 7.7 11.5 23.3 14.9 15.6 8.5 16.2 41.9 23.8 37.8 44.1 71.9 35.2 24.4 41.3 16.5
61.7 3.5 42.3 31.3 36 14.9 14.4 10 59.9 69.3 116.7 10.3 10.1 14.4 26.7 19.2 18.9 11.3 18 41.2 23.9 38.3 44.9 72.8 35.4 24.4 40 16.6
67.5 13.5 51 39.5 42.2 19.1 19.7 16.3 66.2 74.7 121.6 15.4 13.8 18.9 31.3 24.9 23.4 15.6 21.2 41.6 24.7 39.6 47.3 74.6 37.1 25.7 40.3 19.2
70.8 20.5 59.3 46.3 46.1 20.5 22 19.9 70.6 77.8 123.6 17 14.3 20.5 33.1 27.2 25.2 17 21.3 39.9 24.1 39.2 47.8 74.6 37.4 25.2 38.6 19.7
71 25.9 66.3 50.9 46.2 18.3 20.8 20.1 72 77.5 122 14 11.6 18.5 31.7 25.6 23.5 14.7 17.5 36.6 22.5 37.4 46.1 72.7 35.7 22.7 35.3 17.4
69.6 30 69.5 52.2 44.1 15.4 18.8 18.9 71.4 75.6 119.4 9.5 9.4 16.1 29.9 23.5 21.1 12.1 13.9 36 22.8 37.8 45.6 72.2 35.3 21.9 34.7 16.5
68.8 30.6 68.8 50.8 41.9 14.1 17.9 18.3 70.2 74.4 117.8 6.8 9.5 15.5 29.4 22.9 20 11 13.1 38.6 25.3 40.3 47.4 74 37 23.8 37.1 18.2
69.9 29.8 68.8 50.3 41.2 13.8 17.8 18.4 69.4 74 116.6 5.1 9.2 15.3 29.2 22.8 19.2 9.9 12.4 38.8 25.5 40.5 47.2 74.1 36.5 23.4 37 18
72.7 33.7 73.9 53.9 42.5 13.2 17.8 19.4 70.4 74.2 115.2 3.2 7.3 14.2 28.4 22.2 17.9 7.5 9.3 33.8 21.2 36.2 42.9 69.7 31.4 17.8 31.7 12.5
74.1 37.2 78.1 57.4 43.8 13.4 18.1 20.5 71.8 74.7 114.5 2.3 6.5 13.8 28.2 22.1 17.3 5.9 6.5 29.5 17.1 32.5 39 65.3 26.7 12.5 27.6 7.8
71.8 32.8 74.5 55.5 42.5 14.3 17.9 19.7 71.4 74.2 114.4 2.7 7.7 14.7 28.8 22.6 17.9 5.9 6.8 30.9 17.6 33.4 40.1 65.6 27.1 12.9 30.1 9.9
67.9 25 68.2 50.9 39.8 14.3 16.8 18 70.1 72.9 114.2 2.9 8.8 15.4 29.5 23 18.5 6.7 8.6 35.7 21.5 37.7 44.7 69.7 31.1 17.5 36 16.3
65.3 19 63.9 46.8 37.8 13.8 16 17.3 69.2 72 114.5 2.8 9.7 15.9 30.4 23.3 19.4 7.8 10.8 40.6 25.9 42 49.2 74.2 35.6 22.7 41.3 22.3
64.1 14.5 58.9 42 36.3 14.5 15.9 17.3 68.2 71.7 115.6 3.8 11.4 17 31.2 24 20.9 9.7 13.7 44.8 29 44.5 51.8 77.1 39 26.6 45.6 26.7
64 9.7 52.9 36.9 35.7 16.9 16.6 17.3 67 72.4 117.5 6.6 14.1 18.7 32.2 25.5 22.9 12.4 17.4 47.9 30.4 45.2 52.7 78.7 40.8 29.5 49.5 30.4
65.3 5.4 49.6 34.8 36.6 19.9 17.9 17.6 66.8 74.1 119.9 10 16.7 20.4 33.1 27.5 24.9 15.2 20.7 48.9 30 44.3 52.3 79 40.9 30.5 51.7 32.6
66.4 3.7 49.5 35.6 37.5 20.3 18 17 66.7 74.9 120.9 11.3 16.6 20.3 32.2 27.4 25.2 15.9 21.6 46.8 27.4 41.6 50.1 77.3 39.1 29 49.9 31.4
64.2 1.5 46.6 33.9 35 16.9 15.4 13.7 64.4 72.4 119 9.5 13.6 17.8 29.2 24.4 22.9 13.8 19.9 43.8 24.5 39.1 47.7 74.9 37.3 27.1 45.6 28.7
58.5 -6.6 37.1 26.4 29.2 11.9 11.1 8.4 59.6 67.5 115.6 6.5 10.6 14.6 25.8 20.6 19.7 11.2 18.1 43.7 24 39.1 47.2 74.7 37.9 27.9 43.8 29.1
54.1 -12.6 29.9 20.2 24.8 7.8 8 4.6 56.2 63.7 113.3 4.3 8.8 12 23.7 18.1 17.5 9.4 17 44.4 24.6 40 47.6 75.6 39.2 29.5 44.1 31.3
55.2 -6.9 33.7 22.8 26.2 7.5 8.9 5.8 57.7 64.7 114.3 4.6 8.9 11.8 24.4 18.7 17.9 9.6 17.1 43.9 24.6 40 47.5 76 39.4 29.6 44.3 32.4
60.7 5.3 43.1 30.8 31.7 11.8 13.5 11.1 63.3 69.8 118.9 8.1 12 15.1 28.1 22.7 21.4 13 19.7 44 25.1 40.5 48.3 76.8 39.9 30 45.3 33.1
66.9 15.5 51.5 38.9 37.7 17.6 19 17.1 69.2 75.7 124 12.7 16 19.4 32.5 27.7 25.6 17.5 23.2 45 26.6 42 49.9 78.4 41.3 31.2 47 34.4
71.2 22 59.4 45.9 41.9 20.1 22 20.9 73.2 79.4 126.4 14.8 17.4 21.1 34.7 30.3 27.7 19.6 24 44.2 27.2 42.7 50.3 79.2 42.3 31.5 47 34.8
72 25.8 65.8 50.2 42.7 18 21 21 74.2 79 124.9 13 14.6 18.9 33.2 29 26.5 17.9 20.9 41.3 25.8 41.7 48.7 78.2 41.6 30.1 44.2 33.5
69.6 27.5 67.6 49.8 40.2 13.6 17.5 18.3 72.2 75.7 121.5 9 9.9 14.8 29.8 25.4 23.4 14.5 16.6 38.9 24.1 40.2 47 77.4 40.9 29.2 41.5 32.5
66.9 26.4 65.8 47 37.6 10.7 14.6 15.8 69.9 73.3 120.1 7.1 7.2 12.5 27.9 23 21.8 13.3 15.3 39.1 24 40.2 47.3 78.7 42.2 30.7 41.6 33.9
67.2 25.9 66.4 47.5 38.1 10.5 14.1 15.9 70 73.8 121.5 8.2 6.8 12.6 28.2 23 22.5 14.5 16.7 38.9 23.6 39.9 47.8 79.6 43.5 32.1 42 35.2
70.1 30.6 72.6 52.9 41.4 10.6 15 17.9 72.3 75.8 122.9 9.5 6 12.3 28.4 23.6 23.1 15.2 17 34.8 20 36.4 45.1 76.9 41.6 29.8 38.5 32.4
71.6 33.4 76.6 56.4 43.6 10.3 15.1 19 73.6 76.9 123 9.3 4.5 11.1 27.8 23.4 22.6 15 16.1 30.4 16 32.3 41.6 73.4 38.7 26.4 34.3 28.9
68.4 26.9 71.7 52.5 41.5 9.3 13 16.9 71.4 75.2 121.3 8.1 3.3 9.7 26.3 22.2 21.2 14.1 15.5 29.9 15.3 30.9 40.5 72.6 38 25.8 33.6 28.6
62.8 16.3 63.3 45.5 37.2 6.6 9.2 12.4 66.8 71.5 118.3 6.2 1.4 7.5 23.9 19.8 19 12.3 14.7 31.7 16.6 31.9 41 73.7 39 27.3 35 29.8
58.4 8.1 56.7 39.8 33.7 3.2 5.9 8.5 62.6 68.4 116.2 4.9 0.1 5.7 21.6 17.7 17.4 10.9 14.5 34.3 18.2 33.7 41.9 75.2 40.5 29.6 36.6 31.1
55.8 2.3 49.9 34.3 31.7 1.7 4.6 6.3 59.6 67.2 116 5.4 1.1 5.9 20.6 17.1 17.8 11.2 16.1 37.7 19.9 35.7 43.1 76.6 42.3 32.4 39 33.3
54.9 -2.5 42.7 29 31.3 2.8 5.2 5.9 58.2 67.6 117.3 7.5 3.9 7.8 21.5 17.8 19.6 12.9 19.2 40.6 21.3 37 44.6 77.3 44 35.1 41.5 35.9
56.2 -5.2 39.8 27.4 33.6 6.2 7.3 7.6 59.5 69.6 119.6 10.4 7.3 10.7 23.9 19.9 22.1 15.8 23 41.7 22.1 37.1 45.7 77.5 44.9 36.8 43 37.3
58.9 -4.2 41.8 29.4 36.8 9.7 9.4 9.8 62.7 71.7 121.7 12 9.8 12.8 26.5 22.2 24.3 18.3 25.4 41 21.8 36.4 45.8 77.2 44.7 36.7 42.8 36.8
58.9 -3.6 42.2 29.7 37.2 10.6 8.8 9.7 63.8 71.5 121.6 11.2 10.3 12.5 27.3 22.9 24.7 18.8 25.8 40.8 21.4 36.1 45.8 77.6 44.6 36.1 42.3 35.8
54.4 -9.5 35.4 24.5 33.3 8.3 5.1 6.4 60.7 68.7 119.4 9.4 8.9 10.1 25.9 21.8 23.5 17.6 25.2 42.9 22.3 37.7 47.1 79.4 45.7 37.2 43.3 36.2
49.4 -14.9 29.2 19.8 29.1 4.3 1.4 3.1 56.6 65.9 117.1 8.1 5.6 6.8 23.7 20.1 21.3 15.7 24 44.2 22.6 38.8 48.1 80.5 46.3 38.3 43.9 36.4
49.1 -10.5 32.1 22.3 29.2 1.7 1.2 3.4 56.7 66.5 117.5 8.2 2.8 5.3 23.3 20.3 20.4 15.3 23.2 42.5 21.3 38.1 47.5 80 45.7 37.8 43.5 36.1
53.3 -0.2 40.2 29.4 33.2 3.2 4.7 7.5 61.2 70.7 121.2 11.2 3.6 7.6 26.2 23.6 22.9 17.9 24.7 40.8 20.4 37.6 47.4 79.8 46.1 37.8 44.6 37.5
58.4 9 48.2 36.7 38 6.9 9.2 12.5 67 75.7 126 16.1 6.6 11.5 30.2 28 27.4 22 27.7 39.8 20.5 37.8 48.4 80.9 47.6 38.5 45.6 39.5
62.2 15.7 56.6 44 42.1 8.8 11.5 16.1 71.6 79.2 129 19.9 7.5 13 31.9 30.5 30 24.3 28.8 37.1 19.7 37.2 48.7 81.2 47.9 38.2 42 38
63 20.6 63.9 49.2 43.8 6.7 10.5 16.6 73.4 79.9 128.9 19.9 4.6 10.3 29.9 29.7 28.7 23.1 26.4 32.4 17.2 35 47.4 79.4 46 36.1 33.7 31.9
60.4 23.3 66.1 49.7 41.7 1.5 6.7 13.9 71.7 77.6 126.1 16.1 -0.5 5.4 25.6 26.3 24.9 19.2 22.2 28.4 14.4 32.7 45.7 76.9 43.5 34.1 25.6 25.5
56.6 22.3 63.6 46.8 38.2 -2.8 3.1 10.6 69 74.7 122.6 11.3 -4.4 1.8 22.6 23.4 22.3 15.8 19.5 27.4 13.5 32 45.2 76.1 42.7 33.8 22.3 22.8
55.8 21.5 63.2 46.1 37 -4.2 2.2 9.7 68.5 73.3 120 7.1 -6.1 0.7 22.4 22.8 21.8 14.2 18.4 26.7 12.7 31 44.4 75.2 41.8 32.6 21.2 20.8
59 26.4 69.6 50.9 39.4 -3.8 3.6 11.5 70.7 73.7 118.4 4.2 -7.3 0.4 23 23 21.6 13.2 16.3 22.6 9 27.2 40.7 71.6 37.6 27.6 16.9 14.8
62.7 30.7 75.1 55.4 42.4 -2.4 5.2 13.7 73 75 118.8 4.4 -7.2 0.8 23.2 23.3 21.6 13.2 14.8 18.9 5.5 24 37.6 68.4 33.6 23.1 13.2 9.7
62.9 26.4 72.5 53.9 42.7 -0.8 5.4 13.7 72.8 75.4 120.2 7.2 -5.5 2.1 23.4 23.9 22 14.3 16 20.6 6.2 24.9 38.7 69.1 34.4 23.8 14.9 11.6
60.4 17.8 66.7 49.1 40.7 -0.8 4.2 11.9 71 74.6 120.7 9.8 -4 2.6 23.5 24 21.9 15.1 17.9 25.5 10.1 28.4 42.2 72.4 38.2 27.8 19.3 17.2
57.7 11.2 62.1 44.7 38.5 -1.7 3.2 10.1 69.2 73.6 120.2 11.1 -3 2.6 24 23.9 22 15.2 19.3 30.4 14.6 32.5 45.7 76 42 31.6 23.7 22.5
55.9 6.4 56.4 40 37.2 -0.9 3.4 9 67.6 73 120.2 11.8 -0.7 4 25.5 24.5 22.9 15.7 20.9 35.3 18.4 36.3 48.4 78.7 44.7 34.5 28.4 27
55.2 1.4 49.9 35.7 37.3 2 4.5 8.7 66.2 73 121.6 13.7 2.8 7.1 27.3 25.8 24.5 17.1 23.2 39.4 20.8 38.6 50.1 80 45.7 36.3 33.1 30.5
56.6 -2.1 46.7 34.8 39.5 5.7 6.3 9.7 66.7 74.3 124.6 17.4 6.3 10.7 29 27.2 26.4 19.1 25.7 41.3 21.3 38.9 50.2 79.4 44.9 36.6 35.8 31.7
58.7 -1.3 47.9 37.1 42.2 8.3 8.3 11.5 68.4 76 127.1 20.3 8 12.4 30.1 27.9 27.5 19.8 26.8 40.9 20.3 37.4 48.6 77.4 42.6 35.2 35.8 30.7
58.6 0.2 47.2 37.2 41.7 8.7 8.6 11.7 68.2 75.5 126.5 19.3 8.1 11.7 30.1 27.4 26.7 18.9 26.5 40.7 20.1 36.4 47.4 76.2 41.7 34.5 36.1 30.5
55.2 -4.7 40.1 31.2 37 7.9 7.1 9.6 65.1 72.6 123.2 15.8 7.6 10.2 29.2 26.2 25 17.8 26.8 43.3 22.1 38.1 48.9 78.1 44 36.7 39.4 34.3
52.2 -9.5 34.7 25.9 32.5 6.3 5.1 7.9 62.4 70.1 120.2 12.4 6 8.9 28 24.8 23.5 16.8 27 45 23.9 39.9 50.8 80.3 46.4 39 42.4 38.7
53.2 -5.2 38.7 28.1 32.7 4.9 5 9 63.2 71 120.1 11.6 3.7 8.3 27.7 24.6 23.1 16.4 26.4 42.7 22.7 39 50.5 79.8 46 38.3 41.4 39.3
56.9 4.1 46.8 34.3 36.9 5.6 7.3 12.3 66.7 74.4 123.2 13.9 3.3 9.4 29.1 26.7 24.5 17.9 26.7 39.1 20.6 37 49 77.8 44.3 36.5 39 37.4
61.4 12.2 54.3 40.8 42.3 8 10.6 16.2 71.2 78.3 127.5 17.8 5.4 11.9 31.8 30.3 27.3 21 28.3 37.3 19.4 36 48.2 76.9 43.6 36 38 35.9
65.9 18.8 63.1 48.3 47 9.7 13.2 19.8 76.2 81.5 130.6 20.3 7 13.8 34.2 33.2 29.9 23.6 29.3 36.2 19.4 36.4 48.5 77.2 44 36.1 37.7 35.2
67.6 23.9 70.6 54.4 48.4 7.8 12.8 20.7 78.7 82 130 19 5.1 12.5 33.9 33 29.6 22.7 27.4 34.1 18.8 36.1 48.3 76.6 43.8 34.9 36.5 33.9
64.5 26.1 71.8 54.4 45.4 2.2 9 17.8 76.5 78.8 125.4 14.5 -0.2 7.5 29.8 28.9 25.6 18.1 22.7 31 16.9 34.2 46.2 74.5 41.9 32.2 34.2 31.2
59.6 24.3 67.9 50.2 40.9 -2.7 4.8 13.8 72.4 74.8 120.5 10.5 -4.9 2.6 25.1 24.2 21 13.2 18.4 28.7 14.7 32.3 43.5 72 39.4 29.9 31.9 27.8
58.3 23.3 67.1 49.2 39.7 -3.5 3.8 12.8 70.9 73.4 119.1 9.6 -6.3 0.8 22.9 22.4 19 10.9 16.2 26.5 12.4 30.1 40.6 69.5 36.4 27.2 28.8 22.9
61.8 28.7 74.2 54.6 42.6 -1.6 5.9 15.1 73.1 75 120.5 10.2 -6.3 1.2 22.9 23.2 18.9 10.7 14.8 22.4 9 26.6 37.1 66.1 32.2 22.8 24.6 17
65.7 33.2 80.3 59.3 45.6 0.7 7.9 17.3 75.6 76.8 121.6 10.7 -5.8 2.1 23.8 24.5 19.3 11 14.1 19.5 6.5 24 34.8 63.7 29.4 19.5 23.1 14.7
65.2 28 76.8 56.5 44.4 1.3 7.4 16.1 74.4 75.7 120.8 9.9 -5.5 2 23.7 24.1 19 10.4 13.8 20.2 6.6 23.9 34.9 63.6 30 19.6 26 17.7
61.4 18.4 68.9 50.2 40.7 -0.7 4.8 12.5 70.2 72.7 118.5 7.8 -6.4 0.3 22.1 21.5 17.6 8.5 12.8 22.3 7.9 25.1 36 64.5 31.8 21.4 29.3 21.7
57.8 11.7 62.4 44.9 37.9 -3 2.6 9.3 66.7 70.3 117.1 6.2 -6.9 -0.9 20.5 18.8 16.5 7.6 12.3 24.6 9.6 26.7 37.3 65.7 33.3 23.4 30.3 23.3
55.8 7.5 56 40.1 36.7 -2.8 2.2 7.7 65.1 69.8 117.5 6.7 -4.8 0.1 20.4 18 17.1 9.1 14.1 27.8 11.5 28.6 38.8 67.3 34.6 25.8 29.8 23.4
56.1 3.6 50.2 36.4 36.9 0.6 3.7 8.1 65.1 71 119.5 9.6 -0.7 3 22.1 20 19.5 12.4 18.2 31.6 13.5 30.6 40.6 69.3 36.2 28.4 29.9 24.2
58.9 0.5 48.5 35.9 38.4 5.3 6.7 10.6 66.8 73.3 122.3 13.2 2.6 6.4 25 23.5 22.3 15.8 22.2 34.2 14.8 31.8 41.9 70.4 37.2 29.8 31.2 26
61.8 0.4 50.4 37.7 39.6 8.1 9.1 13 68.6 74.7 123.7 14.8 3.4 8.3 26.8 25.5 23.2 17 23.4 34.4 14.9 31.3 41.5 69.8 36.4 29 32.1 26.5
61.3 0.3 49.6 37.1 38.3 8.1 9.2 12.7 67.9 73.9 122.7 13.6 3.2 8.5 26.6 25 22 16.1 22.3 34.7 15.3 31 41 69 35.6 28 33.3 26.7
57.3 -4.5 42.5 31.8 34.7 7.5 8 10.4 64.9 71.8 120.8 12.4 4.7 8.8 26.1 23.7 21.3 15.3 22 38.4 18.4 33.7 43 70.7 37.6 30.1 37 29.1
