83.2 36.9 77.4 76.6 56.8 38.5 38.6 39.3 99.8 96.9 147.1 38.4 28.5 34.6 54.9 42 42.2 26.8 28.5 60.7 41.7 52.2 43.8 88.4 57.6 30.6 49.8 36.2
84.9 37.7 80.5 80.2 58.2 37.7 39.5 40.5 101.7 98.8 149.5 42.9 29.2 35.4 55.9 43.5 43.4 28 29 60.7 41.7 52.5 43.2 88.4 57.7 30.9 50.9 37.3
82.9 35.6 76.8 77.1 55 35.4 38.2 39.1 100.1 97.5 148.9 43.6 29.6 34.8 54.9 42.8 43.3 27.8 29.2 63.5 43.3 54.1 44 89.7 58.7 32.4 53.6 39.6
77.6 30.4 66.8 68.2 48.6 33.9 35.2 35.4 95.3 93.7 146.2 41.4 29.7 33.8 53.2 40.4 41.9 26.5 28.9 68.3 46.4 56.6 46.2 91.8 60.2 34.7 58 43.5
71.8 22.1 54.8 58.1 43.4 34.5 32.1 31.1 90.1 89.5 142.8 37.7 30 33.2 52.1 38.1 40.5 24.9 28.5 72.8 49.2 58.8 48.9 93.6 61.6 36.7 63.1 48.5
69.8 15.8 48 53.1 43.6 37.3 31.2 28.9 87.6 87.6 141.2 33.7 31.4 33.6 52.5 37.6 40.2 24.2 28.5 75 50.3 59.9 50.3 93.7 61.7 37 66.5 51.6
72.9 16.1 47.8 54.1 48.5 40.8 33.2 30 88.3 89.1 141.8 29.7 33.6 35.4 53.9 39 41.4 24.8 29.8 74.3 49.3 59.3 49.4 91.9 60.3 35.7 64.8 50.3
76.4 19.1 49.2 56 52.9 41.7 35.1 31.5 89.1 91 142.4 25.1 35 36.7 54.9 40.4 42.4 25.2 31.6 72.5 47.4 57.7 46.9 89.7 58.6 34 59.3 46.2
75.7 17.5 48 54.8 53.2 39.3 34.5 30.6 88.1 90.7 141 20.2 34.3 36.5 54.5 39.9 42.1 24.3 32.4 71.9 46.7 57.1 45.7 89.2 57.8 33.7 56.5 44.1
71.2 10.9 43.6 50.1 50.2 36.3 32 27.7 85.9 88.7 138.6 16.9 33.2 35.7 53.4 38.2 40.8 22.9 32.2 74.2 48.7 58.7 47.6 91.1 58.8 35.2 60 46.8
66.3 5.9 37.9 44.5 46.8 34.6 29.7 25.2 83.9 86.9 136.6 15.8 33 35.4 52.9 36.8 39.7 22.4 32 77.9 52 61.3 51.5 94.1 61.1 37.9 66.8 51.7
64.3 6.3 36 43.1 45.8 33.7 29.1 24.7 83.7 86.8 135.9 16.6 33.6 35.7 53.3 37 39.5 23.1 32.3 79.6 53.7 62.9 54.4 96.2 63.2 39.9 71 54.9
65.6 9 40.4 47.2 46.4 32.5 30.1 26.2 85.4 87.8 136 18.6 33.5 35.7 53.7 38.2 40 23.6 32 77.6 52.4 62.2 54.2 95.8 63.1 39.4 70.6 54.5
68.5 12.5 48.4 54.2 45.8 30.8 31.3 28 87.2 88.4 135.6 20 32 34.5 53.5 38.5 39.8 22.5 30.4 72.2 48.1 58.6 50.3 92.3 59.7 35.6 67 50.6
70.9 17.5 56.3 60.6 43.4 29.5 31.8 28.8 88.3 88 134 20.1 29.9 32.5 52.4 37.5 38.4 20.2 27.9 66.3 43.6 54.3 45.6 87.7 55.4 30.7 62.7 45.5
71.6 22 60.5 63.5 41.1 29.3 31.4 28.5 88.8 87.2 132.6 19.6 28.8 31.2 51.5 36.6 37.1 18.7 26.6 63.9 42.3 52.9 44.2 86.2 54 29 60.5 42.7
71.8 23.5 61.9 64.1 40.6 30 31.6 28.8 89.9 87.5 133.1 20.2 29.8 32 52.3 37.5 37.7 19.5 27.8 67.1 46.1 56.3 48.1 89.8 57.7 32.6 62.7 45.5
73.8 23.7 63.6 65.5 42.6 32.3 33.8 31.1 92.3 90.2 136 22.5 32.6 34.9 55 40.3 40.7 22.4 30.9 73.2 52.3 62.3 54.4 96 63.6 38.9 67.9 52
77.4 25.9 65.9 67.4 45.2 35.9 37 34.2 94.7 93.4 139.1 25.1 35.4 37.9 57.7 43 43.7 25.2 33.4 76.8 55.5 65.2 57.6 99.5 66.9 42.4 70.4 56.2
80.7 30.1 68.4 69 46.8 39.5 39.6 36.4 96 94.8 140.5 26.2 36.8 39 58.4 43.9 44.6 25.9 33.6 75.1 53.4 63.2 55.8 97.9 65.3 40.8 67.7 55
82.5 32 71 70.6 48 42.8 41.3 37.1 96.4 94.2 139.8 26.4 37.1 38.5 57.3 43 43.6 25 32 70.4 48.8 58.8 51.1 93.5 61 36.5 63 50.7
81.4 28.9 69.6 69.1 47.1 45.1 40.7 35.5 94.1 90.9 136.6 24.8 35.9 36.3 54.5 39.8 40.5 22 28.9 65.9 44.4 54.2 46.3 88.6 56.4 32.2 58.6 46.2
76.7 23.1 61 61.9 41.5 45 37.6 30.9 87.9 84.9 131 20.7 32.9 32.4 50.1 34.4 35.2 17.2 24.8 63.8 41.9 51 42.9 84.9 53 29.6 56.3 43.5
70.6 16.1 48.2 50.9 33.1 43.6 34.2 25.6 80.2 78.7 125.7 16.2 30.2 29.2 46.1 29.3 30.8 13.2 22.4 65.4 42.5 51 42.4 84.3 52.4 30.1 57.5 44.7
66 8.4 36.6 40.8 26.2 43.1 32.6 21.7 74.3 74.8 123.1 13.5 29.5 28.1 44.2 26.7 29 11.8 22.9 69.2 45 53.2 43.9 86.2 54.2 32.6 61.1 48.3
64.6 3.8 31.4 36.1 23.3 44.8 33 20.5 72.1 73.7 122.8 12.7 30.5 28.6 44.2 26.8 29.1 12.3 24.6 71 45.9 53.9 44.4 87.1 54.9 33.5 63.1 50.3
65.2 5.3 32 36.9 23 48 34.5 21.4 73 74 123.5 13.3 32 29.7 44.9 27.8 29.8 13.1 25.3 69.1 43.1 51.4 42.2 84.7 52.8 31.3 61.5 48.3
65.5 8.5 33 38.1 22.3 49.7 35.1 22.1 73.5 73.6 123.5 14.1 32.5 30 44.6 28 29.6 13 24.8 65.8 38.9 47.2 38.5 80.7 49.4 27.9 58.3 44
64.5 6.8 31.4 36.5 21.1 48 34 21.1 72.2 72.1 122.5 14.1 31.3 28.9 43.4 27.1 28.3 11.8 23.7 64.3 37.2 45.3 36.5 79.2 48.1 26.3 57.6 42
62.5 0.1 27.1 32.5 20.4 44.1 31.3 18.5 69.8 70.1 121.1 13.5 29.5 27.1 41.9 25.9 27.1 10.9 23.2 65.6 38.4 47 37.4 80.9 49.8 27.9 60.6 44.2
60.6 -5.7 21.4 27.3 19.8 40 27.2 15 66.9 67.8 119.5 13.2 27.8 25 40.2 24.2 26.1 10.2 23 67.6 40 49.3 39.2 82.8 52.2 30.3 64.4 47.9
60.2 -6.5 19.5 25.3 20.9 37.4 23.8 13 65.8 67.1 119.4 14.3 27.4 23.8 39.1 23.1 25.8 10.2 23.3 68.5 40.4 49.9 40.1 83.2 53.1 31.6 65.5 49.7
60.5 -4.2 24.4 29.5 25.4 35.9 23.4 14.3 68 69.4 122.1 17.3 27.9 23.9 39.3 23.6 26.6 11.5 23.9 66.8 39.3 48.4 39.5 82.2 52.1 30.7 62.8 48.4
62.9 1 34.6 38.8 32 33.6 24.9 18 72.8 73.6 126.5 21.5 27.5 24.4 40.1 25.5 27.9 13.4 24.4 62.8 36.4 45.5 37.2 79.9 49.5 27.5 57.1 43.5
69.1 9.7 46.2 49.5 37.9 30.3 25.9 22 78.2 77.8 130.4 25.3 25.3 24.8 41.5 27.7 29.2 15.1 25 59.1 33.5 43 34.8 77.7 47.2 24.1 51.9 38.3
75.4 17.1 53.8 56.5 40.9 27.3 25.3 24.4 82 80.9 133 27.9 23.3 25.4 43.3 29.9 30.7 16.7 26.1 59.3 34.1 44 35.4 78.5 48.4 24.1 51.7 37.8
76.7 17.9 56 58.6 41.3 24.8 24.2 24.7 83.3 82.3 134 28.3 22.9 26 44.7 31.4 32 18 27.2 63.2 38.6 48.5 39.2 82.7 52.6 27.8 56 41.8
73 14.5 55.4 57.6 40.3 22.3 24.3 24 83.1 82.2 134 26.7 23.5 26.1 44.9 31.5 32.2 17.9 27 65.9 42.3 52.1 42.2 86 55.3 30.9 59.1 44.8
68 13.7 55 56.4 38.8 20.4 25.6 23.7 82.6 81.3 133.4 24 23.5 25.5 44.1 30.6 31.3 16.4 25.1 64.1 41.7 51.4 41.5 85 53.7 30 57.5 42.9
66.4 18.5 57.9 58.3 39.5 21 27.9 25.2 83.5 81.5 133.1 21.8 23.2 25.3 44.2 30.6 30.8 15.1 23.2 59.8 38.5 48.3 38.9 81.5 50.2 26.4 53.8 38.8
70.7 25.6 65.4 64.8 43.7 25.6 31.6 29.5 87.6 84.6 134.8 22.8 25 27.7 46.8 33.4 32.9 16.5 23.7 57.8 37.5 47.4 38.5 80.3 49.2 24.5 53.1 37.6
76.3 29.5 70.3 69.7 47.6 31.2 33.8 33.3 91.6 88.4 137.5 26.5 28.6 31.2 50.3 36.5 36.4 19.8 26.1 59.4 39.1 49 40.8 81.9 51.1 25.5 55.1 39.7
76.1 26.5 65.2 65.4 46.2 32.3 31.2 31.5 89.9 87.8 137.2 27.7 29.2 31.1 50 35.4 36.5 20.4 26.8 61.4 40.1 49.6 41.9 82.6 52.2 26.2 55 40.5
69.5 17.5 51.9 52.8 39.5 28.8 25.2 24.9 82.8 82.6 132.9 24.1 26 27.3 45.7 30.4 32.8 17.5 24.7 62.7 39.9 48.8 40.6 81.8 51.5 25.9 51.7 38.7
63.5 8.8 40.1 41.9 33.1 26.1 22 19.8 77.3 78.5 129.2 20.2 24.5 25 43 27.2 30.2 15.4 23.6 65.2 40.9 49.6 40.1 82.2 51.9 27.2 49.2 37.4
63.9 6.7 38 40.6 32.5 28 25 21.2 78.5 80 130 20 27.8 27.8 45.3 29.5 32.6 17.3 25.9 68.7 43.7 52.2 42.4 84.4 54.2 30 50.2 38.4
68.8 11.1 42.5 46.3 36.1 32.8 31 26.3 83.7 84.9 133.8 22.4 33.1 33.2 50.3 34.7 37.5 21.3 29.8 71 45.8 54 44.7 85.7 55.7 31.2 53.1 39.7
71.4 14.7 45.1 50.3 38.5 35.4 34 29 86.2 87.3 135.9 23.2 35.3 36.2 53 37.4 39.9 23.1 31.4 70.9 45.3 53.4 44 84.2 54.6 29.4 54.5 39
68.9 12 42.9 49.2 37 34.6 32.3 27.6 84.9 86 134.7 21.8 33.8 35.5 52 36.6 38.9 22.2 30.3 70.3 44.2 52.4 42.3 82.9 52.9 27.6 54.5 37.8
63.6 5.2 37.9 44.7 33.4 32.8 29 25.1 82.8 83.9 132.7 21 32.2 34 50.3 35.4 37.7 21.5 29.6 72 45.4 53.9 43.3 84.7 53.9 28.9 55.9 39
59.9 1.3 33.3 40.1 30.8 33.2 27.5 24 82.1 83.5 132.5 22.1 33.3 34.5 50.5 35.9 38.7 23.1 31.1 76.3 49.2 57.9 46.9 89.1 57.7 32.9 60.2 42.8
61.6 4.2 34.9 41 32.7 37.4 30.5 26.6 85 86.4 136 25.3 37.5 38 54 39.3 42.7 27 34.9 81.5 54.3 63 51.4 94.2 62.8 37.6 65.9 47.7
68.1 10.2 43.4 48.1 39 44.1 36.7 32.5 90.6 91.8 141.7 29.4 42.4 42.9 59.1 44.2 47.7 31.4 38.8 84.4 57.8 66.2 54.2 97.4 66.3 40.4 69.4 50.7
75 16.1 53.9 57.3 45.2 49.3 41.9 38.1 95.4 96.1 145.4 31.9 44.8 45.5 62 47.2 49.9 33.3 39.2 82.3 56.7 64.6 53 96.3 65.1 38.4 67.1 48.6
79.1 22.4 62.4 64.8 48.8 50.8 44 41.3 98 97.9 145.9 32.1 43.9 45.2 62.1 47.8 49.3 32.6 36.4 77.3 52.9 60.5 50 93 61.4 33.9 61.2 43.7
79.7 27.1 66.4 68 49.7 49.4 43.6 42.3 98.6 98.3 145.1 31.2 41.7 43.5 61.1 47.6 48.3 31.6 33.8 74.7 51 59 49.3 92.3 60.2 32.3 57.7 41.3
77.7 26.1 66.1 66.9 48 46 41.4 40.9 97.8 97.6 143.9 30 39.5 41.6 60.1 47 47.6 31 32.9 75.5 52.4 61.1 51.8 95.1 62.7 34.6 58.5 42.9
75.5 22 65 64.5 45 42.1 38.9 38.5 96.3 95.9 142.6 28.4 37.3 39.7 58.9 46.1 46.8 30 32.4 76.7 54.4 63.7 54.2 98 65.4 37.1 60.8 45.4
74.9 21 64.4 63.2 42.7 39.1 37.1 36.4 94.6 93.9 141.3 26.3 35.4 38.1 57.5 44.7 45.4 28.2 30.8 75.3 53.5 63.1 53.4 97.1 64.7 36 60.8 44.8
75.9 24.1 65.2 64 42 37.4 36.5 35.4 93.6 92.5 139.8 24 33.7 36.5 55.8 42.9 43.5 26.1 28 70.9 49.4 58.7 48.7 92.5 60.2 31.1 57.4 40.2
77.9 27.2 68.1 66.8 42.4 36.9 37.4 35.8 94.2 92.5 138.7 23.1 32.5 35.2 54.3 41.9 42.2 24.7 25.6 66.1 45 54.2 43.5 87.7 55.5 26.4 53.1 35.2
78.2 27 68.6 67.2 41.4 36.6 37.5 35.4 94.1 92.1 137.4 22.9 31.4 33.6 52.6 40.7 40.8 23.2 24.1 63.5 42.3 51.5 40.6 84.9 52.8 24 50.6 32.9
74.8 23.4 62.7 62.3 37.8 35.4 34.8 32.3 90.9 88.8 134.7 21.4 30.1 31.5 50 38 38.1 20.8 22.5 63.9 41.6 50.9 40 83.9 51.7 23.8 51 33.7
68.7 17.1 51.6 53.3 33.4 34.9 31.2 27.9 85.4 83.9 131.5 18.8 30 30.2 47.8 34.9 35.3 18.2 21.6 67.7 43.5 52.6 41.7 85 52.7 25.5 54.7 37.3
63.9 9.6 40.9 44.8 30.8 36.7 30 25.1 80.9 80.5 129.6 16.8 32.2 31 47.1 32.9 34 16.8 22.1 73.2 47.1 55.7 44.5 87.5 55.1 28 61 42.5
64.5 6.2 37.4 42 32.9 41.3 32.8 26.1 81 81.2 131 18 36.6 34.4 49.3 34 35.5 18 24.4 77.5 50.1 58.3 46.7 89.6 57.4 29.8 67.1 46.7
70.5 10.6 41.2 45.4 40.3 47.3 38.3 30.8 85.4 86.1 136.5 23.8 41.9 39.4 53.9 38.2 39.7 22.2 28.3 79.3 51.6 59.6 47.5 90.6 58.5 30.8 70.6 48.1
76.3 17.3 45.3 49.8 47.9 51.1 42.8 35.2 89.9 91.1 142.9 31.2 45.4 43.2 58.2 42.2 43.7 26.6 31.9 79.2 51.9 59.9 47.8 91 58.8 31.6 70.7 47.3
78.2 18.9 46 51.9 50.3 51.4 44.2 36.4 91.8 93 146.3 35.9 46.1 44.6 60.2 44 45.3 28.8 33.9 79.5 52.9 60.9 49.5 92.2 60 33.2 69.8 47.5
77 14.6 43.6 51.2 47 49.8 43.8 35.2 91.4 92.1 146.3 36.8 45.5 44.8 60.7 44.4 45.3 29.3 35.2 82.3 56.1 63.8 53.2 95.5 63.2 36.5 71 50.6
74.2 10 39.2 47.9 41.9 47.6 42.3 33 89.4 90 144 34.5 44.3 44.5 60.4 43.8 44.7 28.8 35.5 86.3 59.6 66.9 56.5 99 66.5 40.1 74.1 54.2
72.8 9.3 38.4 46.7 41 45.4 41.5 32.4 88.7 89.7 142.3 31.4 43.9 44.3 60.3 43.7 44.9 28.4 35.5 88.8 61.4 68.7 57.9 101.1 68.1 42.2 76.2 55.8
75.3 12.5 44.7 51.2 45.8 44.8 42.7 35 91.3 92.4 142.7 30.3 45.8 45.4 61.5 45.6 46.4 29 36.2 88.2 61.4 69.1 57.7 101.4 68.2 42.3 75.8 55.3
81.1 18.7 55.6 59.6 52.4 46.3 45.4 39.7 96.1 96 144.2 31.1 48.6 47.1 63.1 48.2 47.9 30 37 84.6 59.4 67.5 55.9 99.7 66.7 40.4 73 53
87.7 27.9 66.8 68.2 57.6 48.3 48.2 44.2 101.3 99.3 146.1 33.3 49.3 48.3 64.5 50.2 49.1 30.9 37.9 80.7 56.9 65.2 53.6 97.6 65 38.3 69.7 50.4
91.7 35.3 73.6 73.5 59.8 49 49.6 46.4 105 101.6 148.3 36.4 47.6 48.9 65.7 51.6 50.6 31.9 39.2 80.1 57.2 65.2 53.9 98 66.1 39 69.2 50.7
90.8 35.4 74.6 74.4 58.5 47.5 48.7 45.4 105.5 101.7 149.2 39.3 44.6 48.3 65.9 51.9 51.2 32.1 39.4 83 60.2 67.9 56.6 100.6 69.3 42 71.7 53.8
87.2 31.3 73.8 73.6 56.2 44.9 46.4 42.8 103.8 100.4 148.4 41.8 42.4 46.5 65.1 50.8 50.1 31.1 37.4 85.6 62.6 70.3 59 102.6 71.3 43.9 73.7 56.4
85 30.6 74.3 73.8 55.2 43.6 44.9 41.7 102.5 99.5 147.1 43.6 42.1 45.1 64.2 49.3 48.2 29.8 34.6 85.4 62.1 69.8 58.4 101.6 70.4 42.7 72.5 55.7
85.9 34.3 76.9 75.7 55.2 43.9 45.1 42.4 102.3 99.3 145.3 41.6 42.7 44.5 63.1 48.2 46.2 27.9 32.1 82.5 58.9 66.2 54.8 98 66.6 38.6 68.5 51.7
88.3 37.8 81 79 55.6 45.2 46.5 44.3 103.4 99.6 143.4 35 43.2 45.1 62.5 48.1 45.1 25.9 30.8 78.8 55.6 62.4 50.9 94.1 62.4 34.4 64.4 47.1
89.6 38.4 82.4 80.3 54.7 46.4 47.8 45.5 104.6 99.6 141.6 27.3 43.7 46.3 62.7 48.5 45.3 25 31.2 77.7 54.6 61.1 49.4 92.6 60.5 33 63.3 45.4
88.4 37.4 78.5 77.4 52.3 47.3 48.3 44.9 104.9 99 140.5 23.3 44.7 47.2 63.6 48.9 46.5 25.5 33.3 80.7 56.7 63.5 51.5 94.7 62.3 35.6 66.4 48
85.7 34.8 70.8 71.6 49.9 48.3 48.2 43.3 103.9 98.6 140.6 24.5 46.9 48.3 65.2 49.8 48.4 27.4 36.6 87.1 61.6 68.9 56.7 99.6 67.4 41.2 72.9 53.9
82.8 29 62.4 65.1 47.8 48.9 47.5 41.3 101.6 98.1 140.9 27.6 48.9 49.2 66.1 50.6 49.6 29.1 39.2 92.3 66.2 73.6 61.2 103.9 71.8 45.9 78.5 59.3
80.8 22.5 56.4 60 45.8 48.2 45.5 38.6 98.3 96.5 139.6 28.5 48.5 48 64.6 49.4 48.3 28.2 38.4 91.6 65.6 72.9 60.3 103.1 71 45.1 78.2 59.3
80.2 20.2 53.2 56.9 43.8 46.9 42.7 35.8 95.4 94 137.3 27.2 46.1 45.1 61.3 46.5 45.2 25 34.9 85.7 59.5 66.9 54.2 96.8 64.9 39 72.6 53.9
80.8 21.9 52.2 55.8 43 46.9 41.4 34.6 94.4 92.5 136.2 26.5 44.9 43.4 59.7 44.6 43.5 23.1 32.6 81 54 61.5 49.2 91.1 59.6 33.6 68.5 49
82.3 23.6 53.4 57.1 44.4 49.1 43.1 36.4 96.2 93.7 138.1 28.5 46.8 44.7 61.6 45.9 45.3 24.9 34.4 82.1 54.6 62.4 50.6 91.7 60.6 34.2 70.5 50.5
82.2 21.3 53.2 57 45.1 50.8 45 38.3 97.5 95.2 140.2 30.9 49.4 46.2 64 48 47.6 27.4 37.4 86.3 59.2 67 55.5 96.4 65.2 38.7 75.8 56
78.1 15.6 47.8 52 41.4 48.7 42.6 36 94.2 92.6 138.3 29.4 48.2 44.3 62.2 46.2 45.9 26.1 36.9 87.8 61 68.6 56.9 98.5 66.5 40.8 77.8 59
73.7 11.2 42.9 47.2 36.8 44.8 38.2 31.7 89.7 88.2 134.5 25.6 44.2 40.7 58.1 42.4 42 22.6 33.6 85 58.7 66.1 54.3 96.3 63.8 39.2 76.4 58.2
73.6 10.6 45.2 48.7 36.7 42.6 36.4 30.3 89.2 87 133.6 24 40.9 38.7 56 40.8 40.1 21.1 31 80 54.5 61.9 50.7 92.8 60.2 36.1 73.7 55.8
77.1 13.7 53.5 55.8 40.8 42.5 37.3 31.9 92.2 89.1 135.5 24.9 38.4 37.4 55.7 41.2 40.1 21 29.1 73.6 49.3 57 46.6 88.6 56.1 31.7 68.1 50.9
80.1 19.7 62.4 63.6 45.3 42.5 37.9 33.7 95.4 91.4 137.1 25.6 36 35.6 55.3 41.4 39.9 20.4 26.9 67.2 44 52.3 42.4 84.4 52.1 26.9 60.2 43.9
79.7 24.4 66.7 66.7 46.7 41 36.9 33.8 96.2 91.9 136.7 24.6 33.5 33.3 54.3 40.7 39 19.2 24.8 63.8 41.4 50.6 40.6 82.6 50.4 24.7 54.8 38.9
76.2 24 66.3 65.3 45.4 37.9 35 32.8 94.9 91.2 135.5 23.2 31 31.3 53.1 39.7 38 18.1 23.9 64.1 42.5 52.4 42.1 84.3 52.2 26.6 53.6 37.9
73.2 21.8 66.4 64.6 45.4 35.9 34.4 32.6 94.7 91.5 136.1 23.9 29.6 30.9 53 39.9 38.5 18.6 25.1 66 45.2 55.8 45.2 87.8 55.8 30.7 54.1 39.8
73.5 23.7 69 67.4 48.7 37.1 35.8 34.4 96.9 93.7 139.3 27.1 30.2 32.5 54.6 41.7 40.7 21 27.8 66.8 46.7 57.7 47.6 90.4 58.9 33.8 54.4 42.6
76.4 29.7 73.6 72.8 53.6 40 37.9 37 100.1 96.6 142.9 30.1 31.4 34.3 56.3 44 43.2 23.9 30.2 64.9 45.7 56.8 47.8 90.5 59.4 33.9 53.8 43.9
80.2 34.7 79.1 78.8 57.9 42.2 39.5 39.4 103.2 99.1 145.2 31.3 31.7 35.1 57.2 46 44.8 25.9 31.2 61.3 43.3 54.4 46.6 89.2 58.1 32 52.3 43.2
82.6 35.2 81 80.8 59.3 42.6 39.3 40.1 104 99.6 145.1 30.8 30.9 34.6 57 46.5 45 26.4 31.4 59.1 41.4 52.8 45.4 88.3 56.9 30.5 51.6 42.4
80.9 31.9 75.7 75.5 56.1 40.5 36.8 37.5 100.9 96.7 142 28.4 29.4 33.1 55.2 44.5 43.2 24.7 30.6 59.9 41 52.7 44.9 88.3 56.7 30.5 52.3 42.6
74.2 24.9 64 64.8 49.2 36.5 32.6 32 94.6 91.2 136.9 24.4 27.1 31.1 52.2 40.4 40.1 21.6 29.1 62.8 42.1 53.6 45.4 88.9 57.4 31.7 54.2 44.1
65.8 15.6 51.5 53.9 42.1 32.1 28.4 26.2 88.2 85.9 132.1 20.4 24.2 28.9 49.2 36.5 37.3 18.8 27.7 65.5 43.3 54.6 46.4 89.8 58.2 33.1 55.5 45.4
61.5 9.6 45.4 48.6 38.6 29.5 26.1 23.7 85.3 83.6 130 18.7 22.2 27.9 48 35.3 36.1 17.8 27.2 65.7 42.9 54.4 46.4 89.8 57.7 33.2 54.1 44.4
64.8 11.8 47.1 50.2 40.8 31.4 28.2 26.3 87.5 85.7 132.1 20.8 23.8 30.1 50.2 37.9 38.2 19.8 28.8 65 42.4 53.7 46 89.1 57 32.5 52.1 42.7
72.6 18.5 51.6 55 45.7 36.9 33.5 31.7 92.2 90.4 136.9 25.8 29.2 35.3 55.3 42.7 42.8 24.2 32.7 67.2 44.6 55 47.8 89.9 58.5 33.7 53.3 43.9
78.2 21 54 58.1 48.4 41.7 37.3 35.5 95.5 93.7 140.4 30.1 34.6 40 59.8 46.7 46.6 27.7 36.4 71.8 49.4 58.7 51.5 93.1 62 36.8 57.6 48.1
76.8 15.3 50.3 55.3 45.4 41.9 35.6 34 94 92.2 139 29.5 36 40.3 59.8 46.3 46.1 27.1 36.4 75 52.7 61.6 53.7 95.2 64 38.4 60.4 51.4
69 6.6 41.2 46.7 37.6 37.5 29.4 27.2 87.8 86 132.9 24.2 32.6 36.3 54.9 41.2 41.2 22.2 32.3 74.6 51.8 60.7 52 93.4 62.3 36.6 58.6 50.4
63.2 3.3 36.4 41.6 32.8 33.5 25.5 22.3 83.6 81.8 128.5 19.9 29.1 33 51 37.1 37.3 18.1 28.8 72.9 49.6 58.8 49.7 90.7 59.9 34.6 55.2 47.9
65.9 7.7 43 47 36.4 35.3 28.4 25.1 87.2 85 130.9 21.8 30.2 34.8 53.4 39.2 39.3 19.6 30.2 72.7 50 59.7 50.6 91.2 60.3 35.6 54.4 48.1
74.7 16.7 57.3 59.8 45.5 41.5 35.3 33 95.8 92.7 137.7 27.9 34.8 39.8 59.6 45.6 45.1 25.1 34.8 72.6 51.4 61.7 52.8 93.1 61.8 37.5 54.9 49.4
82.7 26.1 70.5 71.5 53.2 46.2 40.2 39.7 103.4 98.8 143.2 33.1 38.2 43.5 63.8 50.5 49.2 29.4 37.7 70.9 51.6 61.8 53.4 93.6 61.9 37.5 54.5 48.9
84.9 30.5 75.2 75.4 55 45.6 40.2 40.9 105.1 99.7 144.2 33.9 38 43.4 63.4 50.7 48.8 29.6 36.8 69.1 51 60.7 52.8 92.9 61.4 36.5 54.3 48
80.2 25.9 71.3 70.9 50.5 39.6 35.8 36.4 101 95.5 140.6 30.3 34.1 39.6 59 46.5 44.5 25.5 32.6 67.9 50.1 59.8 52.1 92.1 61 35.9 54.5 48.1
72.9 17.6 65.2 64 44.7 32 30.2 30.2 95.1 90 135.5 25.3 28.8 34.4 53.7 41 39.4 20.3 27.5 65.9 48.1 58.5 51 90.7 60 35.1 53.6 47.9
69.1 15.6 63.2 61.5 42.7 28.3 27.8 27.4 92.4 88 133.7 23.4 26.5 31.8 51.5 38.8 37.5 18.3 25.6 64.1 45.9 57.2 49.8 89.6 59 34.3 52.5 47.2
72.4 22.9 68.3 66.5 46.1 31.2 30.9 30.5 95.3 91.8 137.5 26.7 29.2 34 54.1 42 40.5 21.7 28.4 64.7 46.3 57.9 50 90.6 60 35 53.6 47.8
79.3 31.6 77.5 75.3 52 37.6 36.9 36.9 101.3 98.3 143.3 32.2 34.7 38.8 59.1 47.6 45.6 27.2 33.1 67.2 49 60.2 51.6 93.1 62.8 36.8 56.8 49.9
82 32.6 80.6 78.4 53.6 40 39.4 39.4 103.5 100.3 144.7 33.9 37.2 40.9 60.4 49.4 47.3 29.2 34.6 68.3 50 60.9 51.7 93.7 63.6 37.1 59.1 50.7
76.3 26.1 72.7 71.1 48.1 35.7 35.4 34.4 98.6 94.7 139.6 29.5 34.6 37.4 56.3 45 43.7 25.7 31.6 67.2 47.7 58.6 49.5 91.2 61.3 35.1 59 49.7
66.5 16.4 58.6 58.5 39.5 29 28.7 26 90.5 86.3 133.1 23.2 30.5 32.2 51.1 39 38.8 21 28.3 67.3 46 57 48.1 89.5 59.7 34.2 59.4 49.8
58.7 6.7 45.9 47.6 33.1 24.8 23.4 19.6 83.7 80.4 129.4 19.2 27.9 28.6 47.8 35 36 18.1 27.1 69.1 46.3 57.1 48.4 89.8 59.9 35.2 61.2 51
56.3 0.4 39.6 42.8 31.2 24.3 21.4 17.2 80.4 78.5 128.4 18.2 26.8 27.2 46.2 33.1 34.7 16.8 26.8 68.8 45 55.5 47.4 88.7 58.7 35 60.8 49.7
59.1 0.3 39.1 43.5 32.4 26.8 22.4 18 80.2 79.3 128.7 19.5 27.2 27.3 45.9 32.8 34.3 16.6 26.7 66.1 41.6 51.7 44.4 85 55.1 32.5 57.3 45.7
63.1 2.7 39.6 45.2 33.7 29.4 23.7 19.7 80.8 80.6 129.3 21.1 28.6 27.8 46.1 33.3 34.2 17.1 27.2 63.6 38.6 48.5 41.8 81.5 51.9 29.9 54 42.6
64.3 1.4 38.5 44.5 33.5 30 23.6 20.1 80.5 80.8 129.4 21.4 29.3 27.5 45.7 33.7 33.9 17.4 27.6 63.5 38.2 48.4 41.5 81.4 51.6 29.4 54.2 43
61.4 -4.6 34.6 40.9 31.8 29.1 21.7 18.3 78.6 79.5 128.7 20.6 28.4 26.2 44.3 33.1 33.3 16.8 27.3 65.7 39.9 50.4 43 83.8 53.9 31.1 57.6 45.9
56.6 -9.5 29 36 29.7 27.1 19.2 15.6 75.9 77.9 128.1 20.1 27 24.8 42.9 31.8 32.9 16 27 69.1 42.2 52.4 44.7 86.6 56.9 33.6 62.2 49.1
55.3 -7.7 28.9 35.9 31.5 26.2 19.3 16.1 76.7 79.7 130.7 23.2 27.8 26.2 44.3 32.9 35 18 29.1 73 45.1 54.9 47.1 89.8 60.4 36.9 66.6 52.1
60.5 -0.3 38.3 44.4 39.4 29 24 22.3 83.7 86.7 137.9 30.7 32.7 31.8 50.1 38.3 41.1 24.3 34.7 76.9 49 58.7 50.5 93.8 64.6 41 70.9 55.5
69.5 10 53.7 58.3 50.2 34.8 31.1 31.6 94.2 95.9 146.8 39.6 39.2 38.9 57.6 45.9 49 32.3 41 79.3 52.2 62.4 53.9 97.5 68.2 44.3 74 58.3
77.3 20.9 68.2 71.3 59.1 40.4 37.2 39.3 103.3 103.5 153.7 46.2 43.7 44.1 63.3 52.2 55.3 38.6 45.7 79.7 54 64.5 56.4 100.1 70.3 46.4 75.8 60.1
79.6 26.9 74.9 77.3 62.4 42.6 39.5 41.9 107.4 106.6 156.3 48.4 44.1 45.4 65.2 54.4 57.5 40.9 47.3 79.4 54.9 65.6 58.2 101.9 72 48 76.5 61.2
75.2 23.4 72.3 74.9 59.4 39.9 36.6 38.5 104.6 103.7 153.5 44.9 39.9 41.8 61.9 51.2 53.9 37.4 44.7 78.1 54.4 65 58 101.6 71.9 48.2 74.2 59.9
67.2 13.8 64.9 67.4 52.5 33.7 30 30.5 96.5 95.9 145.7 36.6 32 33.8 53.8 42.9 45.3 28.9 37.4 72.8 49.8 60.3 53.2 96.5 67.2 43.7 66 53
59.7 6.1 57 58.8 44.9 27.1 22.5 21.1 86.6 85.9 135.8 26.6 23.3 24.2 43.4 32.1 34.7 18.4 27.5 63.1 40.4 50.5 42.9 85.9 57 33.3 53.1 40.3
56.1 4.8 52.8 53.6 39.7 23 17.3 14.2 79.4 78.1 128 19.1 17.1 17 34.8 23.1 25.9 10.1 18.7 52.7 29.7 39.1 31.2 73.6 45.2 20.8 41.6 26.9
57.7 7.9 54.6 54.3 37.5 22.4 16.6 12.8 77.6 75.4 124.8 16.3 15.5 14.7 31.6 19.4 21.8 6.6 14.2 46.1 23.4 32 23.8 66 37.6 12.8 36.1 19.3
61 10.5 57.4 56.1 35.9 23.4 18.3 14.4 78.7 75.8 124.8 16.4 17 15.9 32.5 20 21.6 6.9 13.8 45.5 23.1 31.1 22.1 65 36.3 11.8 36.4 18.7
62.6 11.9 56.2 54.7 33.7 23.9 19.7 15.9 79.2 76.6 125.9 17.3 19.7 18.2 35 22.1 23.3 9 16.1 50.1 27.4 35.1 25.4 69.3 40.2 16.6 40.8 23.4
62.5 11.4 50.4 50.3 31.9 25 21 16.9 78.8 77.4 127.4 19 23.2 21.8 38.6 25 26.5 12.3 20.4 59 35.3 42.7 32.7 76.9 48 24.9 48.7 32
62.1 7.5 42.9 44.9 31 27.7 22.9 17.8 78.6 78 128.7 21.3 27.1 26.3 42.7 27.8 29.9 15.6 24.9 68.7 43.5 50.4 40.2 83.9 55.3 32.4 57.6 40.6
63.6 4.1 39.4 42.3 31.7 31.8 26.1 19.9 79.9 78.9 129.8 23.5 31 31.1 46.3 30.2 32.6 17.8 27.8 74.6 48 54.5 43.9 86.8 58.2 35.2 63 45.1
67.7 6.7 41.3 44.1 34.6 37.6 31.2 24.1 83 81.1 132.2 26 35.9 36.3 49.9 33 35.3 19.8 29.8 76.8 49 55.5 44.2 86.3 57.2 34.2 64.8 45.7
72.3 12.5 44.1 47 37.7 43.9 36.4 28.7 85.7 83.6 134.7 28.3 41.6 40.9 53.4 35.7 37.8 21.9 31.5 78.1 49.5 55.7 43.6 85.2 55.7 33.1 65.3 45.2
74.9 14 44.9 48.1 38.7 48.5 39.2 30.9 86.2 84.2 135.1 28.7 46.1 43.3 55.4 36.9 38.5 22.4 31.9 80.3 51.6 57 44.3 85.5 55.7 33.1 66.3 45.4
73.7 8.6 41 45 36 49.5 38.3 28.7 83.2 81.2 131.9 26.1 47.5 42.7 54.6 35.2 36.2 20 30.1 82.2 53.6 58.1 45.1 85.8 56.1 33 66.4 45.2
68.7 1.2 32.3 37.3 29.7 45.7 33.9 22.6 77.1 74.7 125.8 20.8 45.2 38.9 50.3 30.2 30.9 14.9 25.9 81.5 52.6 56.4 43.3 83.7 54.4 30.7 63.6 42.7
64.8 -2.2 26.7 31.7 24.6 40.6 29.9 17.9 72.4 69.5 120.7 16.1 41.1 34.7 45.8 25.4 25.9 10 21.4 78.6 49.3 52.7 39.7 80.2 50.9 27.2 59.2 38.7
64.6 -2.1 29 32.5 23.2 37.7 28.5 17 71.6 68 118.3 13.3 36.6 31.9 43.2 23 22.6 6.9 17.6 73.7 44.9 48.1 35.4 76.2 46.4 22.5 54.3 34
66.4 1.2 36.8 38.1 24.1 37.2 28.5 18.1 73.2 68.7 117.2 11.5 32.1 30 41.9 22.1 20.4 4.7 14.1 66.6 39.2 42.5 30.1 71.3 40.9 16.4 48.3 28
70.4 9.7 47.3 46.6 28 40.6 30.7 21.6 77.6 72.4 119 12.3 31 30.8 43.4 24.3 21.8 5.8 13.6 61.9 36.4 40.2 28.1 69.6 38.8 13.8 45.1 24.8
75.2 18.4 56.1 54.4 33.6 47 34.7 26.6 83.7 78.2 123.7 15.8 34.5 34.5 47.9 29.8 27.4 10.7 17.8 64.4 40 44.7 33.1 74.4 43.6 18.1 48.5 29
75.5 19.3 58.5 56.8 35.7 49.5 35.8 28.3 86.3 81 126.1 17.2 36.9 36.1 50.3 33.2 31.6 13.9 20.9 69.3 45.5 51.1 40.1 81 50.2 24.2 53.9 35.7
71.2 14.1 56.1 54.3 33.4 44.5 32.4 25.4 84 79 123.9 14 34.9 32.9 47.8 31.5 30.8 11.9 19.1 70.1 46.9 53 42.4 83 52.1 25.6 54.2 37.2
67.8 12.3 54.5 52.4 31.8 37.5 29.2 22.6 81.9 76.7 121.6 10.7 31.7 29.1 44.6 28.8 28.4 9 16.2 67.4 44.7 50.9 40.2 81.1 49.9 23.2 49.9 33.4
68.9 17.7 58.3 56 35.2 34.5 30 24.1 84.4 78.8 124 12 31.7 29.4 45.2 30.2 29.4 10.3 17.1 65.5 42.8 49.1 38.6 80 48.6 21.7 46.6 30.1
73.5 24.2 66.5 64.1 42.7 35.6 33.6 28.8 90.5 84.7 130.2 17.4 34.3 32.5 49 35 33.8 15.5 21.4 65.8 42.6 49.6 39.9 81.8 50.3 22.8 47.7 31.3
75.5 24.8 70 68.3 47.4 35.9 34.3 30.9 93.5 88.4 134.4 21.7 35 33.4 50.9 37.7 37 19.3 24.9 66 42.4 50.4 41.8 83.7 52.7 24.8 51.6 35.7
72.3 20.1 64.3 64.3 45.6 32.9 30.2 27.7 90.3 86.9 134 22.3 32.2 30.3 48.7 35.8 36.6 19.2 25.4 65.7 41.7 50.5 42.8 84.5 54.3 26.6 55.2 40
66.8 13.5 53.5 55.4 41 29.4 25.2 22.4 84.9 83.5 132.1 21.8 29.5 27.1 45.8 32.9 35.4 18.1 25.6 67.5 43 52.2 44.8 86.5 57.1 30.1 58.1 43.9
62.6 5.8 43.6 46.5 38.5 27.7 21.8 18.3 80.9 81.3 131.6 22.5 28.6 25.9 44.3 31.8 35.1 18.1 27.1 71 45.5 55.1 47.8 89.7 60.4 34.3 59.5 46.1
60.4 -0.1 38.2 41.7 39.7 26.9 19.5 15.6 78.3 80.9 132.4 24.8 27.5 25.1 43.3 31.5 34.7 18.2 28.1 71.8 45.5 55.1 48 90.2 60.3 35.1 57.8 44.3
59.9 -0.6 36.8 41.3 42.7 26.8 18.4 14.4 77.3 81.6 134.4 29.5 26.5 23.9 42.5 31.6 34.2 18.6 28.2 68.7 41.8 51.6 44.6 87.1 56.7 32.2 53.8 39.9
60.3 2.3 36.9 42.7 43.9 27.6 18.7 14.5 77.8 82.9 137 35.9 27.2 23.8 42.7 32.5 34.8 20.3 28.8 65.8 38.3 48.6 41.6 84.2 53.8 29.9 51.8 37.7
59.6 2.7 37.1 43.3 42.6 28.8 19.6 15.1 78.8 83.5 138.4 39.6 28.8 25 43.6 33.8 36.2 22.3 29.8 66 38.2 49 42.3 84.7 54.8 30.7 53.8 39.9
56.4 -1.9 34.7 41.6 40 29.5 19.2 14.4 77.9 82.2 136.8 36.8 29.4 25.6 43.7 33.7 36.5 22.1 29.5 68.2 40.3 51 45 86.7 57.5 32.7 56.4 43.5
52.7 -6.9 29.4 38.3 37.5 29.1 17.1 11.7 74.7 79.5 132.9 28.2 28.3 24.6 42.4 31.9 35 19.8 28.2 70.6 41.9 52.2 46.5 87.8 59.1 33.9 56.9 45
53.7 -6.6 28 38.5 37 29.5 16.8 10.7 73.8 78.8 130.5 19.3 27.3 24.4 42.4 31.4 34.6 18.6 28.5 72.2 43.2 53.2 47 88.9 59.7 35 56.5 45
60.9 -1.2 35.2 44.5 39.2 32.7 20.7 14.4 78.2 82 131.9 16.2 28.5 27 45.8 34.2 37.1 20.7 31.5 73.1 44.8 55 48.3 90.7 60.7 36.8 57 45.4
69.5 6.5 47.8 54 42.7 37.4 26.2 20.6 85.1 87 135.5 20.3 30.7 30.6 50.3 38.2 40.6 24 34.7 71.7 45.1 55.8 48.7 91.1 60.9 37 56.8 44.9
72.5 13.3 59.1 62.5 45.6 39.9 29.4 25.2 89.7 90.2 138 27.9 30.9 32 52 39.9 41.9 25.4 34.4 67.4 42.5 54 46.5 89.1 59.2 34.3 53.5 42
68.2 15.2 62.4 65 45.2 38 28.5 25.3 89.2 89.4 137.6 32.8 27.8 29.9 49.7 37.8 39.9 23.8 30.9 62.8 38.8 50.9 43.2 86.3 57 31 49.2 38.9
62.2 11.1 58.9 61.6 41.3 32.7 24.8 21.5 85.2 85.7 134.4 31.4 23.5 26.1 45.8 33.7 35.9 20.6 27 60.9 37.1 49.3 41.5 85.4 56.4 29.9 47.3 38.3
60.2 6.7 55.3 57.6 38.1 27.3 21.6 17.9 81.8 82.6 131 25.8 20.7 23.4 43.1 30.5 33 17.9 25 61.4 37.8 49.7 41.6 86.1 56.9 30.7 47.5 39.4
63.2 8.6 55.9 57.5 39.4 25.5 21.4 18.1 82.2 82.9 130.3 21.4 21.2 23.6 43.4 30.4 33.1 17.2 25.3 62.2 39.2 50.6 42.1 86.3 57.2 31.3 48.2 40
69.8 17.7 62.4 63 46 28.3 25.3 23.2 87.3 87.3 133.9 22.6 24.6 27.7 47.6 34.3 36.6 19.6 27.9 63.1 41 52.3 43.4 86.7 57.9 32.2 49.9 40.7
78.2 27.7 72.5 72.2 54.6 33.2 32.1 31.1 95.4 94.1 140.7 28.9 29.6 34.2 54.1 40.9 42.2 24.8 32.2 64.8 44 55.4 46.3 88.8 60.1 34.6 53.1 42.4
82.6 31.2 77.3 76.8 58.2 35.1 35.9 35.6 99.9 97.8 145.2 33.5 32.1 38 57.8 44.9 45.6 28.3 34.8 65.7 45.9 57.4 48.4 90.5 61.5 35.9 55 43.4
79.6 27 70.9 71.6 53.5 32 32.8 32.7 96.4 94.6 143 31.9 29.6 35.8 55.4 42.5 43.4 26.1 33.2 64.7 44.7 56.5 47.6 89.3 60 34.3 53.9 42.2
72.3 18.2 57.1 59.8 44.1 27.1 26.3 25.8 88.3 87.7 136.7 26.8 24.9 31 50.2 37.1 38.3 21.1 29.7 64.7 43.5 55.3 46.4 87.7 58.3 32.4 53.2 41.3
65.6 8.7 44.1 48.8 36.1 24.7 22.2 20.5 81.9 82 131.5 23 22.3 28.6 47.6 33.9 34.9 18.2 27.9 67.4 44.7 56.1 46.8 88.1 58.6 32.8 55.2 42.6
63.1 3.8 39.1 44.2 33.6 26.8 23.1 19.9 80.8 80.9 130.6 22.5 23.6 30.3 49 34.6 35.5 18.9 28.7 70.7 46.7 57.3 47.8 89.4 59.7 34 57.6 44
65 5.9 41.2 45.8 35.8 32.1 27.4 23.2 83.7 83.6 133.2 24.5 28.2 34.7 52.8 38.1 38.7 22 31 72.6 47.8 57.5 48.2 89.4 59.7 33.9 58.3 43.5
67.7 10.3 44 48.4 38.7 37.2 31.6 26.9 86.6 87 136.2 26.3 32.8 38.7 55.9 41.2 41.9 25.1 33.4 73.6 48.2 56.9 48.3 88.5 59.1 32.9 58 42.1
68.6 10.7 44.1 49 39.6 39.1 33.3 28.6 87.7 88.6 137.3 26.6 34.9 40.3 56.8 42.7 43.4 26.7 34.5 74.8 49.2 57.6 49.5 88.8 59.6 33.3 58.8 41.8
67 6.1 41.2 46.5 37.8 37.9 32.2 27.5 86.6 87.8 136.4 25.9 35 39.9 56.1 42.5 43.5 26.5 34.6 77.2 51.3 60.2 51.8 91 61.8 35.6 60.9 43.3
63.8 1.5 35.7 41.7 34.3 35.1 29.5 24.7 83.8 85.1 134.6 24.4 34.1 38.4 54.9 41.2 42.7 25.3 34.2 80 53.1 63.1 53.9 93.4 63.9 38 63.4 45.4
63.2 1.8 34.6 40.5 33.3 34.1 29 24.3 83.3 84.5 134.5 23.9 34.1 38.5 55.4 41.3 43.2 25.4 35 82.1 54.6 65.2 55.5 95.4 65.4 39.7 65.5 47.4
67.8 6.8 41.7 46.7 37.7 36.3 32.7 28.6 87.4 88.5 137.7 26.7 36 40.8 58 44.2 46.1 28.2 37.2 82 55.4 66.1 56.5 96.7 66.5 40.7 66.5 48.4
74.5 13.7 53.3 57.3 44.5 39.3 37 33.9 93.1 94.1 141.9 31.5 37.5 42.5 60.3 47.3 48.9 31.2 38.4 78.1 53.2 63.7 55.2 95.7 65.3 39.4 64.4 46.5
79 20.8 63.4 66.6 49.6 40.7 38.7 36.8 97 97.6 144 34.8 36.6 41.8 60.6 48.6 49.6 31.9 37.5 72.2 49.1 59.2 52.3 92.7 62.6 36.1 60.1 42.9
79.6 25 67.7 70.2 51.2 40.2 38.2 36.9 98.1 97.7 143.7 35.3 34.5 40.4 59.5 48.4 48.8 30.8 36.1 69.4 47.1 57 51 91.5 61.6 34.4 57.6 40.9
77.2 23.9 67.2 68.8 50.1 38.4 36.9 35 97.4 95.8 142.4 33.4 32.5 39.1 57.8 47.4 47.7 29.3 35.1 71 49.2 58.5 52.4 93.5 63.4 35.7 58.9 41.9
75.1 21.5 66.6 67.3 48.8 37.3 36.6 33.8 96.9 94.5 142 31.7 32 38.7 57.3 46.9 47.5 28.8 34.5 74.4 53.2 62.2 55.1 97 66.2 38.5 62.2 44.7
76.2 23.5 68.2 68.5 49.3 38.2 38.2 34.9 97.8 95.1 142.9 31.5 33.6 39.8 58.5 47.6 48.1 29.7 34.4 76.7 56 64.9 56.6 98.9 67.4 40.1 64.6 47
79.4 29.1 71.7 71.7 51.4 39.7 40.1 37.4 99.2 96.8 144.1 31.6 35.2 41 59.6 48.4 48.4 30.4 34.2 75.8 55.2 64.3 55.5 97.5 66 38.7 64.2 46.7
82.8 32.9 76.5 75.6 53.9 40.9 41.5 39.3 100.7 98.5 145.1 31.3 35.6 41.2 59.9 48.5 48.2 30.5 33.8 72.9 52.2 61.3 52.8 94.5 63.6 35.8 62.2 44.6
83.7 32.2 77.7 76 53.9 41.5 41.5 39.2 100.5 98.5 144.8 30.1 34.9 40.6 59.2 47.3 47.4 29.6 33.3 70.5 49.6 58.3 50.8 92.2 61.9 33.7 60.1 42.6
81.1 28.8 72.2 70.7 50.4 41.5 40 36.5 97.3 96 143 28.2 33.8 39.6 57.7 44.9 45.8 28 32.7 70.9 49.1 57.7 50.7 92 62 33.9 59.5 42.7
76.8 23.6 61.9 62.2 45.3 41.7 37.9 33 92.9 92.5 140.9 26.8 33.7 39.2 56.6 42.9 44.7 27.3 33.2 75 52 60.5 53.6 94.3 64.5 37.2 62.1 46.7
73 17 51.9 54.4 41.1 42.4 36.3 30.3 89.2 89.8 139.5 26.4 34.9 39.8 56.1 41.6 44.6 27.6 35 79.8 55.9 64.3 57 97.5 67.5 41.4 66.4 52.4
71.9 12.4 47.1 50.6 39.9 43.1 35.9 29.9 88 88.9 139.1 26.5 36.6 40.5 56 41 44.7 27.9 36.5 81.8 57 65.3 57.5 98.4 67.7 43 68.2 54.7
73.9 13.4 47.4 51.2 41.6 44.5 37.2 31.4 89.3 89.9 139.9 27.8 38.3 41.8 56.4 41.9 45.2 28.5 37.3 80.9 55.1 63.2 54.9 96.3 65.6 41.6 67.4 53.1
76 16.8 48.1 52.4 43.5 46 38.9 32.6 90.7 91 140.7 29.8 39.6 43.1 56.8 43.1 45.6 29 37.6 79.4 52.8 60.3 52 93.3 63.3 39.3 66 49.8
75.8 16.4 47.1 51.7 43.3 45.6 39.1 32 90.3 90.4 139.9 30.4 39.5 42.9 56.1 42.6 44.9 28.3 37.3 79 52 58.4 50.4 91.8 62.1 37.6 65.5 47.1
73.2 11.5 43.7 49 40.8 43.7 37.4 29.6 87.9 88.1 138 29.3 38.2 41.3 54.3 40.5 43.1 26.6 36.6 80.4 52.9 58.4 50.5 92.2 62.4 37.6 66.6 47
70.3 7.7 39.2 45.5 38 41.8 35.4 27.5 85.2 86.2 136.9 28.5 37.4 40.1 53.3 38.8 41.9 25.5 36.6 83.4 55.1 60.3 52.1 94.2 64.3 39.8 69.4 49.5
70.7 9.1 39.7 46.4 38.9 42.1 36 28.8 86.3 87.8 139.3 30.4 39 41.3 55.3 40.4 43.5 27.2 38.6 86.4 58 63.8 55.2 97.7 67.5 43.5 72.4 52.9
75.2 13.8 47.6 53.4 44.1 44.4 39.6 33.4 91.6 92.7 143.9 34.4 42.1 44.7 59.3 44.5 47.2 31 41.5 86.8 59.6 66.3 57.6 100.3 69.9 46 72.8 54.3
80.7 19.7 58.8 62.6 49.7 45.8 43.1 37.9 97.4 96.9 146.9 37.4 43.5 47 61.8 47.4 49.8 33.5 42.1 82.7 57.4 64.6 56.5 99.1 68.7 44.4 69.1 51.9
84 25.9 67.6 69.1 52.5 44.1 44 39.7 100.3 97.9 146.7 37.1 41.5 46.1 61.2 47.1 49.2 32.4 39.3 76.1 52.5 59.8 52.5 94.8 64.4 39.4 63.4 46.8
83 28.7 70.1 70 51.3 40 41.8 38.7 99.4 96.1 144.2 34.5 37.7 43.1 59 44.7 46.2 29.1 35.1 71.6 49.1 56.5 49.1 91.4 61 35 60 43
80 26.9 69 68.3 48.7 36.6 39.2 37.2 98.1 94.2 142.2 32.4 35.5 41.1 58.1 43.5 44 27 32.9 72.9 50.5 58.3 50.1 92.7 61.9 35.2 62 44.2
79.5 25.3 69.8 69.1 48.3 37.1 39.4 37.9 99.3 95.1 142.7 32.8 36.3 42.1 59.9 45.3 44.8 28 33.7 77.6 55 63.7 54.7 97.3 66.4 38.9 67.3 49.1
81.6 27.5 72.1 71.5 50 40.3 41.4 39.7 101.4 97.1 144.4 34.4 37.5 43.6 61.7 47.3 46.8 29.3 34.7 79.8 57 66.3 57.2 99.4 68.6 40.7 69.4 51.7
84 32.4 74.7 74.1 52.2 43.3 42.8 40.9 102.5 98.1 145.1 35.4 37 43.2 61.2 47.5 47.3 28.9 33.8 76.1 53.7 63.3 54.7 96.6 65.8 37.8 64.5 48.4
86.1 36.2 78.5 77.4 54.7 45.2 43.7 41.8 103.5 98.6 145.1 35.7 35.7 41.8 60.1 46.9 47 28 32 69.7 48.7 58.4 50.2 92.2 61.2 33.1 56.2 42
86.2 35.8 79.4 77.7 55.4 45.1 43.5 41.2 103.2 97.9 143.9 34.6 35 40.4 59.1 45.9 46 27 30.4 65.6 45.8 55.5 47.3 89.4 58.4 30.2 50.4 37.7
83.1 32.3 73.8 72.1 52.6 42.4 41.8 38.7 100.3 95.7 141.4 31.9 35.4 39.5 58.1 44.7 44.8 26.2 29.6 66.6 46.5 56.2 47.9 90 58.9 31.1 51.1 38.5
78.7 27.3 64.2 63.9 48.3 39.5 40.2 36.1 97.1 93.7 140.2 31.2 37.8 40.6 58.3 44.7 45.3 27.2 31.3 73.3 51.5 60.8 52.5 94.7 63.9 36.4 58.4 45.1
74.9 20.5 55 57 45.2 38.6 40 34.3 94.8 92.8 141.1 34.5 41.5 42.7 59.5 45.8 47.1 29.5 34.7 81.5 57.5 66.2 57.9 100.4 70 42.3 66.7 52.7
72.3 14.7 49.6 53.1 43.4 39.6 41 32.9 92.8 91.5 142 38.4 44.5 43.6 59.7 45.7 47.7 30.2 35.8 84.5 59 67 58.6 101.3 71.4 43.2 68.8 54.6
71.7 13.6 47.5 51.7 41.8 42.1 42.5 32.1 90.9 89.5 141.1 38.6 46.2 43.4 58.8 44.3 46.5 28.7 34.1 81.7 55.8 63.1 54.3 97.1 67.3 38.9 65.4 50.8
73.2 15.3 46.4 50.6 40.1 45.5 43.3 32 89.4 87.5 138.4 33.2 46.4 43.4 58.4 42.9 44.9 26.7 32.1 78.6 52.6 59.5 50 92.6 62.5 34.6 62 46.9
74.7 14.7 45.3 49.3 38.5 48.2 42.8 32.3 88.4 86.5 135.3 24.4 45.3 44 58.4 42.4 43.9 25.6 31.7 79.1 52.8 59.8 49.9 92 61.2 34.3 61.9 46.8
73.4 10.4 42.7 46.7 36.4 49.4 41.1 31.7 87.3 85.7 132.8 16.8 43.7 44.7 58.4 42.5 43.7 25.4 32.7 83 56 63.2 53.2 94.6 63.5 37.2 64.9 50.2
69 6.4 37.5 42.2 33.4 49 39 29.6 85.1 84 131.3 13.7 42.9 45.1 57.9 42.5 43.7 25.3 33.7 87.9 59.6 66.8 56.6 97.6 66.6 40.4 68.9 54.5
67.3 7.1 35.9 41.1 32.6 49.6 39.3 29.1 84.7 83.9 132.4 16.5 44.1 46.1 58.6 43.4 44.5 26 34.3 91.5 62.5 69.5 58.7 99.8 69 42.3 72 57.6
72 12.5 42.8 47.8 36.9 54.7 43.8 33.2 89.4 88.1 136.8 23.8 48.3 49.5 62.3 46.8 47.5 28.8 35.3 93.2 64.6 71.6 60.2 101.9 70.7 43.1 73 59
81.3 21.7 56.5 60.4 45.4 63.4 51 40.7 98 95.4 143 31 53.5 54.6 67.9 52.1 52.3 33 37.1 93 65.9 72.5 61.4 103 71.2 43 72.2 58.8
90.2 32.5 71 73 54.3 70.7 57.9 48.4 106.6 102.5 148.4 34.5 58 59.4 73.2 57.3 57.1 36.9 39.4 92.3 67 73.1 62.8 103.5 71.4 43 71.6 58.3
93.8 39 79.1 79.3 59 71.7 61 52.2 111.1 106.1 150.8 33.4 60.1 62 76 60.3 59.6 39 41 92.5 68.9 74.9 65.1 104.8 72.8 44 72.9 58.8
92 37.7 79.6 79 58.5 66.2 59.4 51.4 111 105.8 150 30 59 61.1 75.7 60.1 59.1 38.3 40.7 92.9 71.4 77.7 67.8 107 75 45.7 75.3 60
89.1 33.3 78.1 77.2 56.2 59 55.9 49 109.6 104.2 148.2 27.4 56.1 58.6 73.9 58.4 57.6 36.4 39.1 92.7 72.7 79.7 69.7 109.1 76.6 46.8 77 61.2
87.7 32.6 77.5 76.8 54.9 54.1 53.5 47.3 108.6 103 146.5 26.7 53.4 56.2 72 56.7 56.2 34.7 37.2 90.8 71.3 78.8 68.9 108.6 75.5 45.5 75.7 60.6
88.2 36.5 79.3 78.5 55.3 51.7 53.1 47.3 108.5 102.8 145.7 26.9 51.6 54.4 70.6 55.6 55.1 33.6 35.4 87.1 67.1 75.1 65.3 105.2 72.2 41.9 71.1 57.2
90.1 40.5 83.8 82.2 57.1 51.2 54.2 49.2 110 103.9 146.9 28 50.8 53.8 70.5 55.8 54.9 33.6 34.5 83.3 63.5 71.4 61.9 101.8 69.2 38.4 66.6 53.6
90.6 40.5 85 82.9 57.2 51.5 54.2 50.1 110.3 104.1 148 28.6 50.5 53.8 70.4 56.1 54.6 33.4 33.8 81.7 62.1 69.7 60 100.1 67.7 36.7 65.8 52.2
87.4 36.7 78.3 77 53.2 50.8 51.4 47 106.6 101.4 146.5 27.3 49.5 52.7 68.8 54.2 52.8 31.7 32.4 82.5 62.6 69.6 59.5 99.7 67.3 36.8 68 53.1
82.4 29.8 66.4 66.8 47.5 48.7 46.6 41.2 100.2 96.7 143.3 25.3 48.1 50.5 66.3 50.9 49.9 29.4 31.2 84.8 64.1 71.1 60.3 100.5 68.2 38.6 69.7 54.6
79.4 21.8 55.6 58.2 45 47.2 42.8 36.6 95.2 93.2 141.4 25.6 47.5 49.1 64.8 48.5 48.4 28.6 31.8 87.2 65.8 73 61.6 102.2 70.1 41.3 69.7 55.4
81.1 17.8 51.8 56.1 49.7 48.7 42.8 36.4 95 93.8 143.4 30.5 48.6 49.9 65.6 49.2 50.1 30.4 34.6 88.6 66.8 74 62.6 103.5 71.5 43.5 69.3 55.8
86 20.2 53.6 59 59.2 53.1 45.9 39.5 98.2 97.9 148.7 39.3 51.2 52.4 68.2 52.2 53.7 34.2 38 88.6 66.1 73.2 62.6 103.5 71.8 44.3 69.7 56.6
89.6 24.3 55 61.3 65 57.9 48.6 41.9 100.5 101.5 153.1 46.3 53.2 54.4 70 54.6 56.1 37.2 40.4 88.3 64.9 72 62 103.1 71.4 44.4 71.1 58.4
89 24.1 54.3 60.7 63.2 60.6 49.8 42 100.3 101.8 153.8 46.2 53.4 55 70.1 55.2 56.1 38.1 41.5 89.2 65.3 72.3 62.5 103.6 71.9 45.2 73.7 61.3
83 18.6 50.8 57.3 55.7 60.7 49.9 40 98 99 150.5 38.5 53.2 54.8 69.1 54 54.7 37 41.7 92.1 67.8 74.7 64.2 105.2 73.7 47.4 77.2 64.3
74 12.4 44.3 51.6 46.2 58.5 48.4 36.2 93.9 94.3 144.7 28.3 53.1 53.7 67.4 51.3 52.4 34.6 41.1 95.4 70.3 76.9 65.5 106.4 74.8 49.1 80.8 66.2
69.4 10.5 40.7 49 40.4 56.4 46.7 33.9 91.6 91.7 140.8 23.2 53.1 53 66.4 49.2 51 33 40.2 96.8 71.3 77.3 65.9 106.4 74.8 49.4 83.1 66.9
73.5 13.5 45.7 53.7 41.7 56.7 47.1 35.3 94 93.5 141.7 25.3 53.5 53.6 67.3 50 51.9 34.3 40.6 95.6 70.7 76.3 65.9 105.7 74.3 48.7 82.9 66.1
81.9 19.2 56.4 62.4 47 58.3 48.8 38.7 98.9 97.5 144.6 30.3 52.9 54.4 68.3 52.4 53.8 36.6 41.1 91.3 67.8 73.5 63.8 103.7 72.3 46.6 78.5 62
87.8 25.4 65.9 69.3 51.6 58.2 49.2 40.7 101.8 100.2 146.1 32.9 49.8 52.8 67.5 53.1 54.1 37.1 40 85.2 62.7 69.3 59.5 100.3 68.8 43 70.8 55.1
87.6 28.1 69.5 71.5 53.2 55 46.9 40 101.3 100.1 145.7 32.5 45.6 49.4 65.3 51.6 52.5 35.4 38.2 80.9 58.9 66.2 56.6 98.1 66.9 40.6 65 49.9
83.5 26 68.8 70.4 52.9 49.5 43.6 38.2 99.5 98.5 144.9 31.2 42.5 46.3 63.3 49.6 51 33.5 37.2 80.5 58.9 66.7 57.6 99.1 68.6 41.8 64.9 50.2
80.1 22.9 68.4 69.4 52.5 43.9 41.7 37.3 99.1 97.6 145 30.8 41.7 44.9 62.5 48.9 51 33 37.5 82 61.3 69.4 60.5 102.1 72 45.1 68.7 54
79.7 24 69.5 70.1 51.8 40.2 41.1 37.5 100.3 98 145.5 31.7 42.1 45.1 62.7 49.7 52.2 33.9 38.5 82.7 62.3 70.8 62.1 103.8 73.7 46.9 71.3 56.5
82.2 30 73.3 73.5 51.9 39.8 42 39.4 102.9 100.2 146.8 33.7 43.1 46.2 64.1 51.9 54.1 35.7 39.6 82 61.3 69.7 61.7 103.4 72.9 46.4 70.7 56
86.9 36.1 80.5 79.9 54.7 42.2 44.7 43 106.9 104.3 150 36.4 44.8 48.1 66.8 55.2 56.7 38.3 41.1 81.2 60.3 68.7 61.5 103 72.1 45.6 69.1 55
88.9 37.2 83.7 82.7 57.4 44 46.1 44.8 108.5 106.6 152 37.6 45.5 49 68.2 57.1 57.9 39.5 41.6 80.8 60.1 68.7 61.5 102.8 71.8 45.1 68.3 55
84.7 33 77.1 76.8 55.4 42.1 43 41.3 104.9 103.7 150 36 43.5 46.8 66 55 55.7 37.4 40.3 80.6 59.6 68.7 60.9 101.9 71.1 44.5 68.4 55.1
76.1 24.5 63.3 64.9 49 37.2 36.6 34.1 97.7 96.8 145.2 32.8 39.6 42.6 61.5 50.1 51.5 33.2 38 80.9 59 68.5 60.2 100.9 70.3 44.4 69.9 55.5
67.9 13.6 49.3 53.2 41.9 32.4 30.5 26.8 90.5 90 140.2 28.9 36 38.4 57.1 45 47.3 28.8 35.8 81.2 58.2 67.8 59.4 99.6 69.2 44.1 71 55.6
65 7.1 42.3 47.5 38.1 30.7 28.5 23.7 87.2 86.9 137.6 25 34.1 36.4 54.7 42.5 44.8 26.3 34.6 80.3 56.2 66 57.6 97.5 67.2 42.6 69.8 54.3
68.3 9.2 43.4 48.3 39 33.6 31.1 26 88.8 88.6 138.3 23.2 35.2 38 55.9 43.6 45.4 27.1 35.6 79 53.8 63.6 55.5 95.2 65.1 40.5 67.5 52.4
72.9 13.9 46.4 50.5 41 38 34.3 29.6 91.5 91.2 139.8 23 37.7 40.6 58.3 45.7 47.4 29.2 37.6 78.2 52.2 61.8 53.9 93.5 63.6 39.3 66 51.1
73.3 12.8 46 49.8 39.8 38.8 34.1 29.5 90.8 90.5 138.7 22.3 38.1 40.5 58.2 45.5 47.4 28.9 37.7 77.7 51.7 60.7 52.7 92.6 62.7 38.9 65.4 50.3
67.9 5.4 40.2 44.1 34.3 35.2 29.7 24.7 86.1 85.6 134.1 19.9 35.3 36.8 54.5 41.9 44 25.5 35.2 76.9 51 59.8 51.5 92.1 61.8 38.5 65 49.7
59.9 -1.8 31 35.9 27.4 30.4 23.8 18.1 79.8 79.6 128.8 17.2 31.5 32.4 50 37.2 39.6 21.5 32.4 76.3 50.1 59.1 50.5 91.5 61.2 38 65.2 49.5
56.8 -2.8 27.6 33.4 25.1 28.9 21.7 15.7 77.9 77.7 127.4 17.2 30.4 31.1 48.8 35.7 38.1 20.4 31.9 76.8 50.4 59.7 50.9 91.7 61.6 38.4 66.5 50.8
61.7 2.8 35.4 40.9 29.9 32.8 25.8 20.5 82.8 82.1 131.8 21.3 33.4 34.7 52.3 39 41 23.2 34.3 77.9 52.3 61.8 53.2 93.1 63 39.5 67.9 53
70.9 12.2 49.8 53.8 38.1 39.4 32.7 28.6 91.1 89.2 138.2 27.1 37.5 40.3 57.4 44.2 45.3 27.1 37 77.1 53.4 62.6 54.8 93.8 63.1 39.4 67.1 53
77.5 20.9 62 63.5 43.6 43 36.6 33.8 96.6 93.2 141.4 30.6 38.8 43.4 59.5 46.7 47.1 28.4 37.4 73.8 51.8 60.4 53.8 92.1 60.8 37.1 63.2 49.7
77.1 23.2 64.9 64.6 42.6 40.5 34.6 32.2 95.9 91.2 139.2 29.6 35.9 41.5 57.3 44.4 44.6 25.8 34.7 69.8 48.9 57.1 50.8 89 57.8 34.4 58.5 45.5
71.2 18.1 60.7 59.7 37.9 34.1 29.3 26.9 90.9 85.9 134.4 26 30.7 36.8 52.7 39.1 39.5 20.8 30.6 67.3 47.1 55.2 48.3 86.9 55.8 33 55.4 43.2
66.5 13 57.3 56.2 36.1 29.7 26.3 24 87.7 83.1 132.4 24.4 27.6 34 50 35.4 36.2 17.9 28.2 67.5 47.8 55.9 47.9 87.1 55.9 33.7 54.7 43.5
66.7 14.5 58.5 57.1 39.6 30.5 27.7 25.5 88.8 85.2 135.1 27.8 28.9 34.9 51.1 35.9 37 19.1 29 69.5 49.7 57.7 49.1 88.1 56.9 35.1 55.6 45.2
70.7 21.9 64.1 62.3 46.3 34.3 31.8 29.6 93.1 90.4 141 34.9 32.5 38.1 55 39.6 40.6 22.9 31.4 70.8 50.6 58.8 50.5 88.6 57.8 36.1 56.6 46.6
75.9 28.9 72.4 70.5 53.1 38.3 36.1 34.2 98.7 96.4 147.1 42.3 35.9 41.5 59.3 44.4 45 27.2 33.9 70.7 50.8 59.5 51.2 89.1 58.5 36.6 56.7 47.3
78 30.7 76 75.5 55.7 39.7 37.6 36 101.5 99.1 149.6 45.2 37.1 42.8 61 47.1 47.1 29.1 35.1 69.9 50.6 59.5 50.7 89.5 58.6 36.6 55.9 47.1
75.3 28.3 70.9 73.1 52.9 38.2 35.7 33.8 99.6 96.9 147 41.2 36.1 41.7 59.4 46.1 46.1 27.6 34.7 69.9 50.8 59.5 50.1 89.6 58.3 36.8 55.7 47.1
70.7 23.2 60.7 65.4 48.1 36.3 32.9 30.2 95.5 93 142.8 34.1 35.1 40.6 57.8 43.8 44.6 25.7 35 73.1 52.9 61 51.9 91.4 59.8 38.8 58.7 49.6
66.9 16 51 57.2 44.5 36 31.1 27.2 92 90 140 29.7 35.3 40.3 57.2 42.2 43.7 25 36.1 77.6 55.9 63.3 54.9 93.7 62.4 41.6 63 53.1
65.3 10.5 45.9 52.3 43.1 36.5 30.3 25.2 89.9 88.7 139.3 29.4 35.2 39.8 56.7 41 42.8 24.7 35.9 78.8 56 63.2 54.6 93.1 62.2 41.3 63.4 53.2
66.3 10.8 45.4 51.6 43.9 37.8 31 25 89.3 89.3 140.3 31.6 35.3 39.8 56.4 40.8 42.1 24.7 34.5 76.5 52.9 60.5 51.1 89.4 58.5 37.8 60.1 50
68.6 14.8 46.2 52.9 45.5 40.8 33.2 26.2 90.2 90.8 141.8 33.6 36.7 41.5 57.2 42.3 42.7 25.5 34.2 75.1 50.6 58.7 48.6 86.6 55.6 34.9 58.2 48.3
70.5 16.3 47.1 54.4 46.7 44.5 35.5 27.9 92 92.3 143 34.4 39.1 44.3 59.1 44.9 44.7 27.4 36.3 77.1 52.1 60.2 50.2 88.1 56.9 36 61 50.8
70.8 13.1 46.2 54.2 46.1 47.1 36.7 29 93 92.5 143.3 34.3 41.4 46.3 60.6 46.9 46.9 29.2 39.6 81.5 56.3 64 54.2 92.8 61.3 40 66.7 55.2
68.4 7.9 41.1 49.9 42.4 45.6 35.1 27.3 90.5 90 141.4 33.4 41.4 45.1 59.5 46 46.6 29 40.9 84.1 58.7 66.1 56.3 95.4 64 42.6 69.4 56.1
65.4 4.9 37 45.7 38.7 40.4 31.8 24.5 86.8 86.7 138.6 32.7 38.5 41.4 56.7 42.8 44.2 27 39.3 81.6 56.8 64.2 54.9 94.1 63.2 41.7 66.4 52.7
65 6.6 40.7 47.9 39.9 36.6 30.9 24.5 87.1 86.8 138.7 34 35.9 39.2 55.5 41 43.2 26.3 37.7 76.2 52.8 60.5 52.4 91.6 61 39.2 61.8 49
67.3 12.5 51 56.4 45.4 37.1 33.9 27.9 91.4 90.2 141.7 35.5 35.3 39.4 56.1 41.9 44.2 27.3 37.5 70.4 48.8 56.3 50.2 89.3 58.7 36.2 57.4 45.8
70.4 20.1 61.7 65.4 50.7 39.2 37.4 31.4 95.7 93.6 144.5 34.7 35.1 39.7 56.5 43.4 45.2 28.5 37.5 65.8 45.6 52.7 47.6 87.2 56.3 33.4 52 41.9
72.1 24.5 66.9 69.5 52.4 39.8 38.4 32.5 97.1 94.9 145.6 32.9 34.2 39.1 56.3 44.1 45.8 29.2 37.6 65 45.2 52.2 46.5 87.4 56.5 33.5 48.9 40.4
71.4 22.6 66.4 68.7 50.6 37.8 36 31.1 95.8 94.2 144.5 31.6 32 37.9 55.5 43.5 45.6 29.2 37.2 68 47.6 55.2 48.3 90.6 60.2 36.8 51.1 43.5
70.3 18.3 64.8 67 48.5 34.9 32.9 29.3 94.2 93.5 142.6 31.3 29.7 36.7 54.3 42.1 45 28.8 36.6 71.6 50.2 58.6 51.1 94.5 64.5 40.7 56 48.4
71.4 18.8 65.2 67.7 49.2 34.4 32 28.9 94.4 94.4 142.4 32.4 29.4 36.8 53.9 41.7 45 29.6 37 73.3 51 60.1 52.6 96.9 66.9 42.9 59.3 51.4
74.9 24.6 69.1 71.5 52.6 36.8 33.9 30.2 96.8 96.7 144.8 34.4 31 37.6 54.7 43 46.3 31.7 38.7 72.3 50.1 58.9 52 96.8 66.9 42.9 59.7 51.8
78.5 29.7 75.1 76.8 56.1 40 36.7 32.4 99.8 99.2 147.7 35.8 32.7 38.2 55.7 44.7 47.7 33.5 40.1 69.1 48.1 56.5 50.2 95 65.5 41.3 58 50.2
79.3 29 76.4 77.6 55.9 41 36.9 32.4 99.7 98.8 148 34.5 32.6 37.2 54.7 44.1 47.3 33.1 39.6 65.6 45.6 53.8 47.8 92.2 63.5 38.9 55.6 47.6
75.7 23.9 68.6 70.6 50.6 38.6 33.5 28.8 94.7 94.1 144.1 30.3 30.4 34.3 51.2 40 44.3 29.9 37.2 63.9 43.6 51.8 45.7 89.9 61.8 37.1 53.7 45.4
69.4 16.3 55.4 59.3 43.3 34.4 28.7 23.4 87.8 87.7 138.5 25.8 27.6 31.1 47.4 35 40.7 26.2 35.1 65.2 44 51.8 45.4 89.8 62.1 37.8 54.1 45.4
64.2 8.8 44.5 50.4 38.2 31.5 25.6 19.5 83 83.4 135.1 24.1 26.6 29.6 45.6 32.5 38.9 24.9 34.9 68.5 46.3 53.7 46.9 91.8 64.2 40.3 56.9 47.5
63.9 6.3 42 48.9 38.7 32.4 26.5 20 83.4 84.1 136.2 26 28.5 31.1 47.1 34 40.4 26.6 36.7 71.2 48.2 55.5 48.6 93.9 66 42.2 59.6 49.4
68.5 10.7 46 53 43.7 36.5 31 24.1 88.1 89 140.9 30.2 32.7 35.2 51.2 38.6 44.5 30.5 40 72.7 48.9 56.5 49.5 94.6 66.4 42.7 60.7 49.7
73.1 16.4 49.6 56.6 48.3 40.6 35.3 28.1 92.6 93.6 145.4 33.9 36.5 39.3 55.2 42.9 48.5 34 43.3 73.9 49.1 56.8 50 94.6 66.2 42.7 60.6 49.5
73.9 16.9 49.5 56.8 49.1 41.5 36.3 29 93.7 94.8 146.6 35 37.1 40.8 56.4 44.3 49.8 34.8 44.1 74.6 49.4 57.1 50.9 94.8 66.1 42.6 60.3 49.4
71.2 12.3 45.8 53.5 46.3 40 34 26.9 91.5 92.7 144.5 33.5 35.1 39.6 55 42.7 48.2 33.3 42 75.2 49.6 57.5 52.1 95.3 66.3 42.1 60.2 49.3
67.3 7.3 39.8 48 42.1 39.4 30.8 24 88.2 89.3 141.3 31.3 33.1 37.5 52.9 40.2 45.9 31.1 39.1 76.6 50.1 58.4 53.4 96.1 66.8 41.7 60.4 49.2
67 6.8 38.3 46.6 41 41.6 30.9 24.1 87.9 88.8 140.7 31 33.8 37.5 53.2 40.4 45.7 30.8 38 78.7 51.8 60.5 55.3 97.3 67.8 42.2 61 49.4
72.8 11 45.6 53.4 45.6 45.3 35.5 29.1 91.9 92.6 143.8 33.4 37.3 40.5 56.8 43.8 48.5 32.5 38.9 78.8 53.6 62.4 56.8 98.2 68.4 42.7 60.5 48.3
81.8 18.7 58.6 64.8 53.3 47.2 41.3 35.9 98.2 98.1 148 36.4 40.4 43.9 60.6 47.9 51.7 34.2 39.7 74.6 52.4 61.6 56 97 66.5 40.9 56.8 44.2
89.2 28.1 70.7 74.3 59.2 46.4 45.1 41.2 103.6 102.5 151.4 38.4 40.7 45.6 62.9 50.6 53.6 35 39.3 69.2 49.6 59.6 54.1 94.8 63.8 38 52.5 40
91.4 34.4 76.1 77.8 60.3 44.1 46.2 43 106.2 104.3 152.7 38.9 38.6 45.5 63.9 51.8 54.1 35.4 38.8 67.4 49.1 60 54.6 95 63.7 37.6 51.9 40.1
88.9 34.4 76 76.9 58 41.5 45.4 42.2 106 103.6 151.8 38.1 35.9 44.6 64.1 51.8 53.6 34.9 38 70 51.9 63.5 57.5 97.9 66.6 39.8 55.6 44.2
85.7 32 76.2 76.5 57.3 40.7 45.3 42.1 105.8 103.2 151.3 38.7 34.9 44.6 64.7 52.1 53.4 34.4 37 74.3 56.1 67.9 60.9 101.2 69.9 42.4 60.1 48.1
85.3 33.7 78.7 78.8 60.4 43 46.9 44.1 107.8 104.7 153.1 42.1 36.1 46.3 66.4 53.5 54.6 35.3 36.6 77.1 58.8 70.2 62.6 102.3 71.1 42.7 61.1 48.2
89.4 40.6 83.8 83.9 66.1 47.6 49.8 48 112.3 108.2 156.7 45.9 39 49.4 69.2 55.9 57.5 37.5 37 77.3 59.4 70.1 62.8 101.6 70.2 40.9 57.9 44.8
96.9 48.6 92.1 91.4 72.5 54.1 54.4 53.2 118.3 113 160.6 47.5 43.3 53.9 73.2 59.6 61.4 40.5 38.8 77 60.2 70.2 63.6 101.9 69.8 39.8 54.7 42.2
102.1 52.2 97.1 95.6 75.2 60.3 58.5 56.7 121.6 115.9 161.9 45 47.3 57.3 76.1 62.6 63.6 42.1 40.6 78.1 61.9 71.6 65 103.3 70.6 40.3 54.3 42.2
100.4 49.5 92.6 91.2 71.1 62.1 58.4 55 118.5 113.3 158.4 38.8 47.9 56.7 75.1 62 61.6 40 40.1 80 63.2 72.5 65.5 103.8 70.8 40.8 55.7 42.7
93.5 41.2 80.2 80.4 62.5 59.1 54.4 49.2 111.4 106.8 152.7 32.7 45.9 53.4 71.2 58.1 57.4 35.9 38.1 82.4 64.4 73.1 65.6 103.9 70.7 41.3 58.7 43.9
86.8 31.5 67.5 69.7 54.8 55 50.5 43.4 105 100.9 148.7 30.4 44.3 50.8 67.7 54.1 54.6 33.1 36.7 85.2 65.7 74 66.2 104.1 70.9 42.2 62.2 46.2
84.6 26.7 61.8 64.8 51.9 53.3 49.6 41.1 102.5 98.9 147.9 31.9 44.6 50.3 66.6 52.3 54 32.7 36.4 87 65.5 73.8 65.8 103.3 70.4 42 63.8 47.5
86 28.5 62 64.9 53.7 53.7 51 41.9 102.8 100.3 149.1 34.6 46.6 51.4 67.2 52.3 54.6 33.7 36.9 86.6 63.3 71.6 63.4 100.7 68.5 40 63.1 46.6
87.2 31.9 63.2 66.1 56.8 53.8 52 43.5 103.6 102.3 150.3 36.3 49.2 52.6 67.9 52.7 55.1 34.9 38 85.8 61.1 69.3 60.9 98.4 66.5 38.1 63.2 45.6
87 32 63.7 67.1 58.8 52.6 52 44.7 104.5 103.7 151.5 37.2 51.2 53.6 68.3 53.5 55.7 36.2 39.5 86.7 61.8 69.8 61.3 99.2 66.9 39.2 66.2 47.3
85.9 28.5 62.2 66.5 58 51.3 51.4 44.6 104.4 103.9 152.1 37.5 52.1 53.8 68.3 54.2 56.3 37.3 41.2 89.5 64.8 72.5 64.1 102.6 69.7 42.8 70.7 50.9
84.4 25.4 58 63.2 55 51 49.9 42.8 102.6 102.7 151.8 36.8 51.7 53.3 67.8 53.9 56.3 37.7 42.6 92.9 67.9 75.2 66.7 105.9 72.8 46.4 74.3 54.3
85.8 26.4 57.4 63.1 54.3 52.6 49.6 42.9 102.8 103 152.8 37.4 51.6 53.7 68.4 54.5 57.4 39.2 44.4 95.4 70.1 77.4 68.2 108.4 75.7 49 76.3 56.7
91.2 30.7 64.8 69.7 59.2 55.8 52.2 47.1 107.6 106.9 156.8 41.4 53.3 56.1 70.9 57.1 60.3 42.5 46.6 96 70.9 78.7 68.9 109.9 77.7 50.2 76.9 58
98.1 37.2 77.3 80 67.5 58.9 56.2 52.8 114.3 112.4 162 47.1 55.6 58.7 73.6 60.2 63.2 45.6 47.9 93.7 69.4 77.8 68 109.3 77.3 49.1 75.3 57.2
102.1 44.2 88.4 88.8 74.8 60.4 58.8 55.9 118.7 116.1 165.1 50.4 56.2 59.2 74.3 61.6 63.9 46.6 47.3 89.7 66.4 75.3 65.6 107.1 75.1 46.8 72.5 54.8
100.5 47.1 91.8 91.6 77.2 58.7 57.8 54.5 118.7 115.8 164.5 49.1 53.4 57 72.5 60.4 62.1 44.9 45.2 86.5 64.2 73.1 63.7 105.3 73.7 45.5 70.6 53.3
94.1 42.7 88.4 88.8 74.7 53.8 53.7 50.2 115 112.3 161.2 45.3 48 53 68.5 56.5 58.5 41.5 42.2 84.6 63.3 71.8 62.9 104.6 73.5 45.4 70.2 53.1
88.3 36.1 84.3 85.2 71.1 48.2 49.7 46.1 111.4 108.9 158.5 44.6 42.9 49.2 64.5 52.1 55.2 38.4 39.6 83 62.8 70.7 62.3 103.9 73.3 45.2 69.5 52.5
86.7 34.9 83.1 84 69.8 45.2 47.7 44.2 110.4 107.8 158.8 49.5 40.7 47.4 62.6 49.8 54.1 37.5 38.2 81.1 61.5 69.3 60.7 102.3 72.4 43.7 68 50.4
89.3 39.9 85.7 86.3 71.5 45.2 48.1 44.9 112.3 109.1 161.4 55.5 41.4 47.6 63.5 50.4 55.4 38.3 38.1 79 59.8 67.6 58.4 100.2 70.9 41.6 66.5 47.9
94.7 46.1 92.4 92.2 75.5 47.9 50.9 48.5 116.7 112.5 164.2 55.8 44.4 50 66.6 53.9 58.2 40.2 39.4 78.3 59.6 67.4 57.8 99.9 70.3 41.1 66.7 47.8
98.3 48.7 96.9 96.8 77.5 50.8 53.5 51.8 119.8 114.7 163.9 47.9 47.3 52.8 69.4 57.2 60.3 41.4 41.6 80 60.8 69 59.2 101.2 70.9 42.8 69.9 50.7
95.7 45.9 92.8 94.1 72.3 50.3 52.2 50.6 117.4 111.9 158.7 35.4 47.3 52.7 68.8 56.4 58.6 39.5 42 82.3 61.7 70.2 60.1 101.6 70.8 44.1 73.8 53.8
88 38.6 81 84 60.7 45.9 47.1 44.9 110.3 104.7 151.1 24.9 44.4 49.4 65.2 52 53.9 35.2 40.3 84.1 62.2 70.6 60 100.7 70 44.1 76.3 54.9
80.2 29.4 68.5 72.4 49.9 41 41.6 38.7 103.4 98.1 145.7 20.6 41.5 45.8 61.6 47.8 49.7 31.5 38.6 85.1 62.5 70.3 59.5 99.6 69.3 43.7 75.7 53.6
77.2 23.8 62.3 66.2 46.2 38.4 39.2 35.7 100.4 95.6 144.5 22.1 40 43.8 59.8 45.9 48.1 30.1 38.1 83.8 61.2 68.4 58.2 98.2 67.9 42.8 70.8 50
79.3 24.5 62.4 66.1 49.6 38.9 40.2 36.5 100.9 97 146.3 26.9 40.3 43.7 59.8 46 48.7 30.5 39 80.5 57.6 64.9 55.5 95.7 65.3 40.8 64.1 45.8
82.1 27.4 63.5 67.7 54.5 40.7 41.9 37.9 102 99.1 148.2 31.9 41 44.1 60.4 46.7 49.6 31.6 40.4 77.7 54.1 62.2 52.9 93.2 62.9 38.8 60.1 43.6
82 26.7 62.9 68 56.5 41.5 41.7 37.7 102.2 99.8 148.9 35.6 40.6 43.9 60.5 47 49.7 32.4 41.4 76.7 52.8 61.8 52.5 92.5 62.2 38.7 60.4 44.3
78.5 21.1 58.9 65.1 54.9 40.1 39.1 35.3 100.2 98.2 148.2 37.4 38.6 42.2 59.2 45.9 48.2 31.8 41.3 77.4 53.4 63 53.8 93.6 63.1 40.3 62.8 46.3
73.4 15 51.4 59 51.3 37.1 35.1 31.1 95.9 94.4 146.3 37.5 36.1 39.7 56.7 43.3 45.8 30 40.4 78.9 54.1 63.9 55 94.5 64 41.9 65 47.6
71.2 13.4 48.3 56.3 50.2 35.3 33.5 28.9 93.9 92.7 146.3 38.9 35 39 55.6 42.5 45.4 29.6 40.5 80.6 55 64.6 55.9 95.7 65.2 43.1 66.6 48.1
74.3 16.3 54.8 61.2 54.2 37.3 36.1 30.9 96.7 95.7 149.5 42.3 35.8 40.8 57.3 45 47.9 31.6 42.1 81 55.9 65 56.5 96.8 66.2 43.7 66.9 47.8
79.8 21.8 66.6 70.7 60.3 42.1 40.5 34.9 101.6 100.3 153 45.4 36.7 42.7 59.7 48 50.2 33.3 42.5 77.9 54.7 63.1 55 95.2 64.4 41.7 64.4 45.2
82.8 28.5 76.4 79 64.4 46.6 43.5 37.6 104.7 102.6 153.7 46.3 36.4 42.3 60.3 48.7 50.2 32.9 40.6 72.7 51.3 59.7 52 91.4 60.5 37.7 60.3 41.5
80.8 31.9 79.1 81.7 63.9 47 43.1 37.2 104 101.4 151.1 44.5 34.9 40 58.6 46.6 48.1 30.7 38 69.2 48.7 57.4 50.1 88.8 57.8 35.3 57.8 39.7
76.2 29.2 76.4 79.1 59.6 42.2 39.8 34.3 100.5 97.9 146.6 39.4 32.3 36.8 55.2 43 44.9 27.6 35.5 68.6 48.5 57.4 50.4 88.9 57.8 35.4 57.6 40.4
74.9 25.6 74.5 76.5 55.7 37 37.2 32.5 98.2 95.3 143.5 33.4 30.8 35.4 53.2 41.3 43 25.5 34.4 69.9 50.4 59.4 52 90.8 59.6 36.7 58.7 42.1
79.8 28 76 76.8 55.9 37.3 38.9 34.1 99.6 96.1 143.3 30 32.8 37.3 54.7 43.1 44.4 26.2 35.3 72.5 53.1 62.1 53.7 93 61.9 38.1 60.5 43.9
88.5 35.8 81.1 80.6 59.6 42.9 43.8 38.7 103.8 99.8 145.7 30.5 37.3 41.3 58.7 47.3 48 28.7 37.3 74.9 55.6 64.2 55 94.4 63.6 38.9 62.5 45.6
96.2 42.4 88.5 86.9 64.3 49.2 49.1 44 108.7 104.1 148.9 33.6 41.5 45.2 62.7 51.2 51.4 31.2 39.3 76 57 65.2 55.9 94.9 64.3 39.1 64.4 46.9
97.6 42.3 90.5 89 65.3 51 50.9 45.5 109.5 104.7 149.6 35.1 42.3 46.1 63.6 51.5 51.5 31.5 39.6 75.8 56.7 64.4 55.3 94.3 63.2 38.3 65.4 46.8
92 36.5 82.5 82.4 60.3 47.3 47.6 41.2 104.4 100 146.3 33.5 39.3 43.1 60.5 47.5 47.8 29 37.7 75.6 55.2 62.6 53.6 92.7 61.1 37.1 65.9 45.9
84.2 28.1 69 71 52.3 42.4 42.2 34.6 96.9 93.5 141.9 31.4 35.9 39.4 56.7 42.6 43.6 26.2 35.6 77.7 55.7 62.5 53.4 92.4 60.9 37.9 67.7 46.6
79.1 19.8 57.3 61 45.7 40.2 38.9 30.2 91.8 89.2 139.7 30.8 35.2 38.1 54.9 40.2 41.8 25.2 35.4 81.5 58.2 64.7 54.8 93.8 62.8 40.4 70.2 49.2
79.2 16 52.5 56.9 43.2 41.2 39.4 29.5 90.5 88.4 139.9 31.5 36.9 39.2 55.1 40.5 42 25.7 36.6 83.9 59.5 66 55.2 94.2 63.8 41.4 70.7 50.7
83 18.3 52.7 57.2 43.7 44.6 42.4 31.5 91.6 89.8 141.2 33 39.5 41.3 56.2 41.8 43 26.7 38 83.3 58.1 64.3 53.1 92.1 62 39.3 68.2 49.2
86.3 21.8 53 57.2 43.7 48.2 44.7 33.6 92.4 91.2 142.2 34.3 41.4 42.7 57.1 42.6 43.8 27.6 38.7 81.8 55.9 61.4 50.6 89.3 59.5 36.5 65.1 46.6
86.6 21 52 55.8 41.8 50.2 45.2 34.2 92.1 91.5 142.4 33.9 42.3 43.4 57.5 42.5 44.3 28 38.6 81.9 55.4 60.4 50.2 88.8 58.9 36 65 46.5
83.5 15.3 48.7 52.5 39.5 50 44.1 32.8 90.3 90.1 141 31.4 42.8 43.4 57.3 41.7 44 27.7 38.1 84.1 57.3 61.7 51.9 90.8 60.5 37.8 68.3 49.3
78.6 10 42.8 47.3 38 48.7 42.2 30 87.3 87.2 138.6 28.1 42.9 43.1 56.5 40 42.8 26.6 37.4 86.9 59.7 63.8 53.7 93.1 62.5 39.9 72.3 52.3
76.4 9.8 40.8 45.9 39.3 48.6 42.1 29.2 86.3 86 138.1 27 43 43.2 56.6 39.5 42.5 26.2 37.3 88.8 61.3 65.4 55.3 94.9 64.4 41.4 74.3 54.1
80 14.1 47.1 51.9 43.9 50.8 45 32.1 89.8 88.3 140.7 29 44 44.5 58.6 41.5 44.5 27.8 37.8 88.2 61.2 65.8 56 95.7 65.4 41.6 73.6 54.1
87.3 21.8 58.6 62.4 49.2 54.2 49.2 37.1 95.7 92.3 143.9 31.8 45.6 46.4 61 44.3 47.1 29.9 37.6 84.7 59.2 64.1 54.8 94.4 64.2 39.5 70.3 51.8
94.5 31.3 69.8 71.6 53.5 57.5 52.7 41.9 101.3 95.8 146 33.5 47.5 48.2 63.1 46.7 49 31.3 36.9 81.1 57.3 62.4 53.2 92.6 62.5 37 67.5 49.4
97.6 36.8 75.7 75.6 55.4 59.2 54.2 44.4 104.3 97.9 146.7 33.6 49.2 49.6 64.3 48.1 50.4 32.2 36.9 80.9 57.8 63.4 53.8 93.6 63.6 37.6 68.4 50.2
95.5 34.8 76 74.8 54.1 58.1 52.9 43.5 103.7 97.9 145.5 31.6 48.7 49 63.5 47.4 50.3 31.8 36.2 82.8 59.7 65.8 55.9 96.5 66.4 40.1 71.2 52.9
91.5 30.4 74.6 72.8 50.9 56.3 50.3 41 101.1 96.2 143.1 28.4 46.2 46.9 61.1 45.1 48.5 30 34 83.5 60.5 66.6 57 98 67.8 41.2 71.6 53.9
89.9 31.1 74.8 72.8 48.9 57.4 49.5 40 99.7 94.9 141.7 26.5 44.9 45.8 59.5 43.7 47 28.6 32.3 82.9 59.9 65.8 56.6 97.7 67.2 40.3 69.6 53.1
92.5 37.7 78.9 76.1 50.3 61.3 52 41.9 101.6 95.8 142.6 27.1 46.5 47.2 60.3 44.8 47.6 28.9 32.6 81.9 59 64.5 55.5 96.9 65.9 38.9 67.1 51.8
97.4 43.4 85.6 81.4 53.6 64.2 55.4 45.3 105.7 98.9 145.1 29.1 49.1 49.3 62.8 47.3 49.5 30.4 33.6 80.4 58.2 63.3 54.4 95.8 64.7 37.5 64.6 50.2
98.8 42.8 87 82.1 53.7 62.8 55.4 45.9 106.7 99.9 145.6 28.9 49.3 49.2 63.4 47.8 49.5 30.6 33.1 78.7 56.6 61.1 52.7 93.9 63 35.3 61.9 48.1
94.1 37.3 79.1 75.5 49.1 57.2 51.2 42 102.7 96.8 142.5 25.3 46.9 46.3 60.7 45.5 47.3 28.6 31 78.8 55.4 59.6 51.4 92.4 61.6 34 60.6 46.8
87.2 30 66.8 66.1 43.4 51.6 46.4 36.9 97.3 92.6 139.1 22 45.4 44.3 58.2 43.3 45.7 27.2 30 83.1 57.8 61.9 53.3 94.1 63.3 36.4 63.6 49.6
82.3 22.7 57.2 58.8 40.2 48.8 44.1 33.8 93.9 90.4 137.9 21.5 46.5 44.8 58.2 43.1 45.9 27.8 31.6 89.6 62.7 66.5 57.5 97.9 67.2 41.2 69.5 55
81.6 19 54.1 56.4 40.1 48.7 44.4 33.8 93.6 90.7 138.8 23.4 49.4 46.7 60.1 44.3 47.2 29.3 34.1 93.2 65.4 69.1 59.9 100.1 69.2 43.8 72.4 57.9
83.7 21.2 55.3 57.6 42.2 49.9 46.3 35.6 95 92.2 140.9 26.1 53 48.8 62.2 46 48.6 30.6 36.1 92.2 63.9 68.1 59.2 98.9 67.9 42.7 70.9 56.7
85.2 24.9 55.8 58.5 44 50.6 47.3 36.6 95.6 93 142.3 27.9 55.4 50.1 63 47.1 49.4 31 36.7 89.2 60.8 65.6 57.2 96.4 65.5 40 68.3 54.4
83.7 23.9 54.2 56.9 43.7 49.5 46.5 35.8 94.7 92.2 141.7 27.7 54.1 49.6 62.2 46.9 49 30 35.8 86.9 58.9 64.5 56.2 95.2 64.1 38.7 68.1 53.8
78.5 17 49.4 51.7 40.1 46.9 43.6 33 91.7 89.4 138.7 25.3 48.9 47.3 59.8 45.1 47.1 27.4 33.8 86.5 59.1 64.7 56.4 95.4 64 38.9 70.6 55
70.5 9.1 41 43.7 34 43.7 39 28.8 86.7 84.7 134.4 21.6 42.6 43.7 56.6 41.8 43.8 23.6 31.2 87 59.6 64.7 56.4 95.2 63.5 39.1 73.6 56.3
66.9 6.8 37 40.3 30.8 42.7 36.4 27.2 84.2 82.3 132.7 20 39.7 41.8 55.6 40.3 41.8 21.8 29.8 87.9 60.1 64.8 56.2 94.7 63.1 38.7 74.9 56.5
73.5 11.2 43.6 46.7 34.6 45.6 39 31 88.1 85.2 135.8 22.9 41.9 43.7 58.1 42.9 43.4 24 31.2 88.5 60.9 65.5 56.9 94.8 63.4 38.4 73.2 55.1
85.8 20.5 57.4 59.1 42.7 50.4 44.8 37.5 95.5 91.3 141.3 28 46.6 47.6 62 47.6 47.1 28 33.6 87.8 60.8 65.6 57.2 94.6 63.2 37.3 68.7 52.1
94.7 30.4 69.9 69.7 49.2 54.1 50.2 42.3 101.1 96.1 145 31.5 50.2 50.4 64.7 51.1 49.9 30.7 34.4 86.3 60.4 65.1 56.9 94 62.2 35.8 64.9 49.6
95.2 34.6 74.5 73.1 50.1 54.6 52.4 43.2 102.4 97.3 145.5 31.5 51.2 50.9 65.4 51.7 50.3 30.8 33.6 85.9 61.5 65.6 57.2 94.4 62.2 35.5 65.4 50
89.7 31.1 72.7 71.1 46.8 51.6 51.4 41.5 100.7 95.6 143.4 28.8 49.9 49.6 64.4 50 48.5 28.8 31.8 87.2 64 67.8 58.8 96.6 63.6 36.8 68.9 52.6
83.9 25.5 70.3 68.6 43.8 47.6 49.3 39.5 98.7 93.5 140.9 25.9 47.8 48.1 62.9 47.5 46.1 26.3 29.7 88.1 66 69.5 60 98.4 64.8 38 71.3 54
81.1 23.9 69.6 67.8 43.4 45.5 47.7 38.2 97.5 92.2 139.5 25 46.6 47.1 62 45.6 44.6 24.8 28.1 87.1 65.5 68.5 58.7 97.4 63.9 37.3 69.6 52.1
82.2 27.5 71.8 70 46.4 46.6 48 38.6 98.6 92.8 140.5 27.7 47.5 47.4 62.5 45.4 45.1 25.4 28.3 84.5 63.3 66 56 94.8 61.9 35.4 64.9 48.3
86 32.3 77.7 75.7 52.2 50.2 50.3 41 102.4 95.8 143.8 33.2 49.7 49.3 64.4 47.4 47.3 28 30.3 82.3 62 64.6 54.3 93.3 60.9 34.5 60.8 45.4
87.7 32.8 79.9 77.8 55.2 52.4 51.4 41.8 103.8 97.2 145.8 36.6 50.3 50.2 64.5 48.3 47.8 29.1 31.4 81.3 61.5 63.7 53.1 92.5 60.5 34.1 59.1 43.9
83.5 27.6 72.8 71.4 50.8 50.4 48.2 37.7 98.9 93.4 143.5 34.4 47.6 47.5 61 45.2 44.4 26.1 29.5 81.6 60.9 62.5 51.1 90.8 59.4 33.3 59.8 43.4
76 18.8 59.3 60.1 41.9 46.3 42.5 31 90.5 86.7 138.2 28.5 44.2 43.4 56.4 40 39.3 21.5 27 84.2 61.3 62.5 50.3 89.8 59 33.3 62.8 44.7
69.8 9.5 47 50.3 34.9 43.4 37.8 25.5 84.1 81.3 133.5 23.5 42.7 41.3 53.6 36.1 36.3 19 26.8 87.8 62.8 64 51 90.6 60 35.1 66.9 47.7
67.8 4.1 41 46.2 33.2 43.6 36 23.1 81.5 79.1 131.7 22.6 43 41.2 52.7 34.6 35.9 19.2 28.2 89.1 62.8 63.9 50.7 91.1 60.2 36.2 69 49.8
69.1 4.4 39.9 46.6 35.5 46.6 36.5 23.2 81.3 79.4 132.7 26.2 43.9 41.7 52.6 34.6 36.7 20.6 29.6 87.1 60 60.7 48.1 89.2 58.5 35.1 67.8 49.3
70.6 6.4 39.3 47.1 37.6 50.3 37.3 23.5 80.9 80 134.5 30.4 44.5 41.8 52.3 34.7 36.9 21.4 30.3 83.9 56.5 56.8 44.9 86.4 56.3 33.2 65.6 47.6
70.3 5.2 37.6 45.7 37.1 52 37 22.6 79.4 79.6 135.1 31.1 44.2 41.4 51.4 34 36.2 21.3 30.2 82.3 55.2 55.7 44 85.4 55.8 32.6 65.4 47.6
68.3 0.4 33.8 41.9 35.2 51.6 35.8 20.5 77.1 78.1 134.6 27.9 43.5 41.1 50.6 32.6 35.4 21.1 30.1 83.5 56.8 57.9 45.8 87 57.6 34.2 67.9 49.8
65.4 -4 28.1 36.8 33.4 50.4 33.9 18 74.5 76.4 133.8 24.8 43.4 41.3 50.3 31 35.3 21.1 30.2 86.6 59.4 61.2 48.6 89.4 60 36.7 71.2 52.4
64.3 -4.7 26 35.2 32.5 50.4 33.9 17.3 74.1 76 133.5 25.4 44.5 42.2 50.8 30.6 36 21.5 30.2 88.7 61.2 63.6 50.6 90.8 61.3 37.9 72.9 53.1
66.3 -2.3 31.3 39.4 32.7 52.1 37.1 19.8 76.8 77.5 134.1 28.7 46.1 43.8 52.1 31.8 37.1 22.1 29.5 87.8 61.1 63.3 50.5 90.3 60.6 36.2 71.9 51.3
69.4 2.7 41.5 47.4 34.6 54 41.6 23.8 81 80.1 135 30.4 47 44.8 53.1 33.4 37.4 22.1 28.2 83.2 58.4 60.1 47.9 87.6 57.9 32.1 67.8 47.3
71.8 9.5 51.2 55 38.1 54.6 44.3 27.1 84.7 82.6 135.9 27.9 46.7 44.6 53.5 34.5 37.2 22 27.3 77.5 54.7 56.4 44.8 84.9 55.3 28.6 63.1 43.9
73.2 13.4 55.7 58.1 40 53 43.7 28.1 86.1 84.1 136.4 23 45.5 43.6 53.5 34.9 37.2 22.2 27.7 75 53.6 56 44.3 85.2 55.6 29.1 61.9 44
74.9 12.4 56.1 57.8 39.2 48.5 41.1 27.3 85.7 84.5 136.2 19.2 44 42.6 53.2 35.2 37.7 22.3 28.5 76.7 56 59.5 47.1 88.6 58.7 32.6 64.6 47.3
77.9 11.2 57.1 57.9 38.5 43.5 39.3 26.9 86.1 84.8 136.1 18 43.2 42.5 53.4 36.1 38.7 22.6 28.8 79.7 59.4 63.8 51.1 92.6 62.2 36 67.9 50.3
82.2 14.8 59.9 60.1 40.2 42.1 40.4 28.8 88.5 86.5 137.3 19.3 44 44.2 55.4 38.2 41 24.2 29.7 82.1 61.7 66.4 54.1 94.9 64.1 37.5 70 51.4
87.3 22.6 65.5 65.3 44.2 45.7 44.5 33.5 93.3 90.4 140.2 22.8 45.8 47.6 59.4 42 44.7 27.6 31.8 83.3 63 67.6 55.7 95.9 64.9 37.7 71.5 51.8
91.5 28.6 73.1 72.1 48.4 50.9 49.1 38.7 98.5 94.6 143.2 26.5 46.7 51 63.1 45.8 47.8 30.5 33.2 82.7 63.2 67.3 55.5 95.7 64.4 36.7 71.3 51.3
90.8 27.5 75 73.5 48.3 52.8 49.8 39.3 99.1 94.7 142.7 26.9 45.1 50.8 62.7 45.9 47.2 29.5 31.3 79.8 61.2 64.6 52.7 93.2 61.7 33.6 67.5 48.5
84.4 21 66.4 65.5 42 49.5 45.7 33.6 93.2 88.8 137.5 22.8 41.6 46.2 57.6 41 42.2 24.3 26.4 76.6 57.6 60.4 48.3 89.1 57.3 29.2 61.9 43.8
75.8 12.5 52 52.9 33 44 40 25.7 84.9 81.1 130.8 16.9 38.6 40.6 51.8 34.9 36.3 18.5 21.7 75.8 55.5 58.2 45.6 86.4 54.3 26.9 58.3 40.7
69.6 4.9 40.3 43.1 26.4 40.3 36.3 21 79.5 76.8 126.7 12.4 38.3 38.3 49.3 32.1 33.5 15.8 20 78 56.1 59.2 46.3 86.8 54.4 27.8 58.2 40.6
68.9 2.3 36.9 40.1 24.9 40.7 35.8 21.6 79.4 77.4 127 10.6 40.8 40.3 50.9 33.5 34.5 16.5 21.1 80.6 57.5 61.2 48.3 88.1 56 29.5 59.9 41.3
72.5 6.1 39.4 42 26.7 44.7 38 25.1 82.8 80.5 129.9 11.3 44.5 44.5 54.2 36.9 37.8 19 23.9 81.8 57.5 61.5 48.8 88.1 56.5 29.7 61.3 41.3
76.1 11.1 41.6 44.3 28.6 49 40.8 27.9 85.5 82.8 132.2 13.2 46.7 47.4 56.3 39.3 40.4 21.1 26.3 81.2 56 60 48 86.9 55.5 28.6 61.7 40.8
76.5 10.8 41.1 44.6 28.7 50.3 41.5 27.7 85.6 82.8 132.1 14.6 45.6 46.8 55.8 39.1 40.3 21.1 26.5 79.6 54.6 58.4 47.2 85.8 54.3 27.4 61.8 40.8
73.6 4.9 37.1 41.3 26.4 48 39.3 24.6 82.7 80.3 130.1 14.6 42.3 43.9 53.3 37.2 37.8 19.3 24.9 78.7 54.3 58.5 47 85.7 53.8 27.3 62.4 41.6
69.6 -0.7 30.3 35 22.5 44.5 35.7 20.3 78.2 76.8 127.5 13.6 39.9 40.9 50.7 34.8 35 16.8 23.1 79.7 55.2 59.9 47.4 86.3 54.1 28.4 63.7 43.2
68.8 -0.6 28.2 32.5 20.9 43.9 34.7 19.2 77.1 76.4 127.5 14 40.5 40.6 50.7 34.8 35.2 16.5 23.2 81.8 57.3 62 48.9 88.2 55.6 30.4 65.5 45.6
74.3 5.2 35.9 39.1 25 47.7 38.9 24.3 82.3 81.2 131.9 17.6 44.3 44.3 54.7 38.6 39.4 19.8 25.8 83.6 59.6 63.9 51.7 90.9 57.9 32.7 67.8 48.5
83.1 14 49.6 51.1 32.6 53.2 45.5 32 90.4 87.8 137.7 22.6 48.3 49.1 59.6 43.7 44.2 24.2 29 83.2 59.8 64 53 91.8 58.9 33.3 68.5 49.5
89.2 21.7 60.9 60.4 38.3 55.9 49.5 36.6 95.5 91.2 140.4 25.3 49.3 50.7 61.2 46 45.7 26 29.6 80.2 57.3 61.7 51 89.7 57.2 31.3 66.3 47.3
89.2 24 64.1 62.5 38.8 54 48.4 36 95.2 89.9 138.5 24.1 46.9 48.1 59.2 44.3 43.3 24 27.3 77 54.7 59.3 47.9 87.1 55 28.9 63.3 44.6
85 20.5 62 60 35.6 49.9 44.5 33 92.2 86.6 134.7 20.3 43.5 44.3 56 40.9 39.6 20.8 24.3 75.8 54.4 59 46.9 86.7 54.8 28.8 62.1 44
80.9 16.4 60.4 58 33.1 47.5 41.3 30.7 90.2 84.4 132.1 16.7 41.5 42.3 54.1 38.6 37.2 18.4 22.3 76.3 55.9 60.1 47.5 87.6 55.9 30.2 61.4 43.9
79.2 16.5 61 58.2 33.4 47.9 40.2 30.2 90.1 84.5 131.9 15.1 41.6 42.4 53.7 37.8 36.6 17.7 21.9 76.7 56.4 60.3 47.7 87 55.9 30.4 59.8 42.7
80.6 21.5 64.5 61.6 37 50.2 41.2 31.6 91.8 86.8 134.3 16.7 42.7 43.9 54.7 38.3 37.7 18.8 22.6 75.7 55.3 59 46.9 85.1 54.6 29 58 40.7
84.9 27.5 71.8 68.8 43.1 53.3 44.4 35.2 96 91 138.7 21.3 44.6 46.5 57.4 40.8 40.9 21.9 24.8 74.7 54.7 58.2 46.9 84.7 54.3 28.3 57.7 40
88.3 30.2 76.4 73.8 47.8 55.9 47.3 38.3 99.4 94.6 142.8 26.4 46.8 49.1 60.5 44.2 44.6 25.6 28 76.1 56.1 59.6 48.5 86.9 56.1 30.1 59.4 41.7
86.8 27.8 71.9 70.9 47.3 55.9 47 37.8 98.2 94.3 143.5 28.3 47.8 49.7 61.4 45.8 45.8 27.3 30.2 79.8 58.6 62.2 51 89.8 58.5 33.7 62.3 44.7
80.4 20.5 59.7 60.8 41.8 52.6 43.2 33.2 93 90.3 140.8 26 46.9 47.8 59.6 44.2 44 26.4 30.3 83.6 60.5 64.2 53 91.9 60.4 36.9 65.4 47.7
73.1 10.7 46.9 49.6 35.2 47.6 38.6 27.6 87.1 85.7 137.1 22.5 45 45 56.4 40.8 41 24 29.4 85.3 60.9 64.4 53.4 92.4 61 38.1 67.1 49.2
69.6 4.6 40.6 43.7 32.1 43.4 36 24.7 84 83.5 135.2 21.4 43.6 43.2 54.2 38.4 39.2 22.5 28.7 83.9 59.3 62.5 51.6 90.7 59.6 36.6 65.5 47.4
70.7 5.6 40.6 43.8 33.7 42.5 36.1 25.4 84.3 84.1 136 23.3 44.1 43.9 54.3 38.4 39.7 23 29.4 81.3 56.7 59.8 49 88 57.1 33.8 62.2 43.7
73.2 9.3 42 45.7 36.9 43.9 37.2 27.3 86 85.8 138.3 26.1 45.9 45.9 55.7 39.9 41.4 24.8 31 80 55 58.1 47.5 86.3 55.5 32 59.9 41.3
74.6 10 42.8 47.4 39.3 45.4 38.1 28.6 87.5 87.2 140.6 28.9 46.8 47.3 57 41.4 42.8 26.6 32.5 80.8 55.8 58.7 48.3 87.2 56.3 33 60.6 42
74 6.6 41.6 46.9 40.2 45.6 38.4 28.7 87.8 88 142.6 31.8 46.3 47.4 57.4 42 43.6 27.6 33.8 83.1 58.6 61.5 51 90.3 59.3 36.4 63.5 45.4
70.8 2.3 36.9 42.8 38.8 44.4 37.1 26.8 85.5 86.8 142.7 33.3 44.2 46 56.4 41.1 43 27.3 34.3 85.1 60.4 63.6 52.9 92.6 61.7 39.1 65.7 48.1
68.5 1.3 34.4 40.6 38.3 43.5 36.3 25.6 84.1 85.6 142.1 33.1 42.3 44.8 55.9 40.3 42.4 26.9 34.1 85.3 60.5 64 53.4 93 62.3 39.4 65.4 48.2
71.1 4.9 40.6 45.9 42.4 45 38.6 28.3 87.6 88.1 143.5 32.9 42.6 45.7 58 42.2 43.9 28.3 34.4 83.9 59.5 63.5 53.4 92.5 61.6 38.2 63.4 45.8
77.8 12.5 53.2 56.8 49.4 48 43.2 34 94.5 93.5 146.3 32.9 44.4 48.1 61.3 46 46.7 30.7 34.6 80.7 57.1 62 52.4 90.8 59.6 35.7 60.4 42.1
84.4 22.5 65.6 67.8 55.3 51.1 46.9 39.5 101.2 99 148.4 32.9 45.8 50.4 63.7 49.9 49.3 32.5 34.5 77 54.7 60.4 51.6 89.6 57.8 33.4 58 39.5
87.4 29.8 72.9 74.6 58 54.3 48.5 42.9 105.5 102.5 150 33.7 46.7 52.2 65.4 53.3 51.8 34 35.3 76.5 55.8 61.8 53.7 91.7 59.2 34.3 59.2 41
86.6 30.6 75.3 76.9 58.2 56.1 48.4 43.7 107.3 103.9 151.4 34.8 46.4 52.7 66.3 55.3 53.9 35.2 36.6 78.9 59.7 66.2 58 96.7 63.5 38 62.7 45.1
85.1 27.8 76.3 77.4 57.7 55.1 47.7 43.1 108 104.2 152.7 34.9 44.9 51.7 66.3 55.4 54.9 35.4 37 80.3 62.4 69.5 61 100.3 66.6 40.9 64 47
85.1 27.8 77.3 77.8 57.5 52.2 47.5 42.7 108.2 104.4 153.1 33.8 43.2 50.4 66 54.4 54.8 34.5 36.1 78.8 61.5 68.8 60.7 99.7 65.8 40.1 61.3 44.8
86.9 32 79.3 79.6 57.9 48.4 47.7 43 108.6 104.9 152.6 31.8 41.9 49.3 65.5 53.4 54 32.9 34 75 57.3 64.6 57.2 95.4 61.8 35.8 55.8 39.9
89.8 36.5 83.8 83.8 59.7 44.9 48.4 44.6 109.9 106.2 152.2 30.3 41 48.6 65.4 53.2 53.5 31.8 31.9 70.5 52.6 60.2 53.3 91.1 57.6 31.4 50.5 35.4
91.2 37.9 85.7 85.7 60.8 42.6 48.5 45.9 110.6 106.7 152 29.9 40.8 48.5 65.5 53.7 53.2 31.4 31.1 68.7 50.5 58.3 51.9 89.8 56 29.9 48.8 34.2
88.5 35.2 80.1 81 58.6 41.1 46.7 44.4 108.7 104.6 150.5 29.9 40.7 48.1 64.7 53.4 52 30.7 31.1 71.1 51.6 59.4 53 91.2 57.1 31.5 51.4 36.8
82.5 28.3 68.8 71.6 53.7 39.8 43.3 40.2 104.6 100.7 148.3 30.1 40.4 47.2 63 52.1 50.6 30 31.4 76.4 54.8 62.5 55.9 94.3 60.5 35.3 56.9 42
76.9 19.2 57.6 62.1 48.6 38.6 40 35.8 100.4 97.1 146.7 30.4 40.1 46.2 61.3 50.6 50 29.6 31.9 80.3 57.4 65.3 58.3 96.9 63.7 38.9 61.1 46.5
74.6 13.1 52 56.6 45.3 38.1 38.2 33.5 97.6 95.1 145.8 30.4 39.6 45.1 59.8 48.9 49.5 29 32.1 79 56.3 64.3 56.9 96 63.1 39 59.4 45.7
75.4 13.7 51.6 55.7 45 39.5 38.6 33.9 96.8 95.2 146.1 31.1 39.7 44.5 59.4 47.8 49 29 32.2 74.6 52.4 59.9 52.4 92.1 59.3 35.9 53.6 40.5
77.1 17.7 52.3 56.9 46.6 42.6 40.1 35.3 97.6 96.6 147.6 32.8 41.2 44.8 60.4 47.8 48.9 29.9 32.9 72.6 49.9 56.9 49 89.1 56.5 33.3 51 37.4
77.7 18.4 52.5 57.9 47.3 44.8 41.1 36 98.7 97.7 148.8 33.9 43 45.7 61.5 48.1 49.1 31 33.8 74.6 50.8 57.5 49.3 89.3 56.9 33.3 53.5 39.2
75.7 13.5 49.9 55.9 44.3 44.8 40.2 34.4 97.7 96.2 147.3 32.5 43.6 45.7 60.8 46.7 47.9 30 33.4 77.8 52.8 59.1 51.1 90.7 58.7 34.5 57.2 42.7
70.9 7.3 43.3 49.7 38.7 43.1 37.4 30.6 93.5 91.8 142.5 28.6 42.6 44.1 57.6 43.2 44.7 26.3 31.6 79.6 53.2 59.2 51 90.6 59 35.1 58 43.7
67.4 5.3 40 46 36.9 42 35.8 28.4 90.4 88.8 139 25.4 42.4 42.8 55 40.9 42.4 23.1 30.3 80.1 52.9 58.5 49.8 89.7 58.2 35.2 56.8 42.7
69.4 8.2 45.6 50.3 41.6 43.7 37.7 30.6 92.5 90.5 140.1 25.3 44.3 43.9 55.5 42.3 43.1 23.3 30.7 79.7 52.7 57.9 49 89.5 57.5 35.4 55.7 41.8
75.6 14.5 56.9 59.9 48.7 46.5 41 34.7 97.5 94.5 143.6 26.8 45.4 45.3 57 45 44.9 25.3 31.2 76.5 50.7 55.6 47.2 88.3 55.8 33.9 53.7 40.2
81.6 22.1 66.9 68.7 53.4 47.9 42.9 37.5 101.4 97.1 145.9 28.4 43.5 44.8 57.4 46.2 45.3 26.2 30.7 71 46.5 51.8 43.9 85.5 53.4 31.1 50.4 37.2
83.5 25.6 70.4 71.4 52.8 46.5 41.9 37.2 102 96.4 145 28.1 38.8 42.2 55.7 44.7 43.4 24.5 28.9 66.7 43 49.1 41.1 83 52 29.2 47.8 34.2
81 22.1 68.3 68.6 47.5 42.5 37.8 33.9 99.1 92.6 140.5 25 33 37.9 52.1 40.8 39.3 20.4 25.3 64.9 41.9 48.2 39.6 81.5 51.3 28.3 46.5 32
77.9 17.3 66.1 65.5 42.4 38.9 33.6 30.5 95.7 88.6 136 21.4 28.9 34.1 48.5 36.7 35.4 16.1 21.3 64 41.9 47.6 38.8 80.5 50.2 27.2 46 30.8
77.3 18 66.5 64.8 40.6 38.4 32.3 29.4 94.1 87.2 134.6 21.6 28.1 32.7 46.8 34.7 33.6 14.2 19.4 63.6 41.6 46.4 37.8 79.6 48.6 25.7 45.5 30.4
79.6 24 70.4 67.8 42.6 40.7 34.8 31.2 95.6 88.7 136.6 26 30.3 34.1 47.5 35.7 34.6 15.2 19.9 63.4 41 45.5 36.7 79.1 47.3 24.3 45.1 30.5
83.4 29.6 77.7 74.2 47.2 43.9 39.5 35.2 99.6 92 140.2 30.8 33.7 36.9 50 38.5 37.2 17.7 21.6 63.1 40.7 45.4 36.2 79 46.9 23.8 45.1 31.1
84.7 30.3 80.9 77.3 49.3 45.4 41.8 37.2 101.6 93.4 141.3 30.5 35.7 38.4 51.6 39.8 38.7 18.6 22.3 62.7 40.4 45.3 36.2 78.7 46.6 23.5 45.4 31.8
80.9 26.4 74.3 71.7 45.5 44.2 39.4 34.2 98.3 90.6 138 23.8 35.1 37.3 50.6 37.9 36.9 16.4 21.2 63.5 40.6 45.2 36.2 78 46.3 23.4 46.4 32.6
74.1 19.6 61.5 60.6 38.7 42.2 35.1 28.5 92.4 85.6 133.1 15.7 34.3 35.7 48.5 34.4 34 13.4 19.6 67.3 43 46.7 37.4 78.8 47.6 24.8 49.7 34.9
69.4 12.7 50.9 51.4 34.1 41.8 32.8 24.8 88.1 82.4 130.5 11.7 35.1 35.9 47.9 32.5 32.7 12 19.5 72.6 46.9 50.1 40.3 81.3 50.2 27.4 55 38.6
70.5 11 48.5 49.7 34.7 44.4 34.6 26.2 88.5 83.7 131.6 13.5 37.9 38.7 50.4 34.1 34.3 13.4 21.4 76.5 49.8 53.5 43.4 83.9 52 29.2 59.1 41.3
75.8 15.4 52 53.7 39 49.3 39.5 31.1 92.7 88.2 135.5 18.7 41.8 43.1 54.7 38.3 38.3 17.1 24.8 78.2 50.7 55.4 45.2 85.2 52.1 29.5 60.6 42.4
80.4 20.4 54.7 57 42.6 53.6 43.3 34.9 96.4 91.8 139 23.1 44.8 46.6 57.7 41.8 41.7 20.5 27.4 78.5 50.2 55.8 45.3 85.2 51.1 28.8 59.9 42.9
81 20 54.4 57.1 43.1 55 43.7 35.4 96.9 92.1 139.9 24.5 45.6 47.2 57.9 42.5 42.3 21.4 27.8 78.2 49.9 55.7 45 84.9 50.8 28.2 58.6 43.5
77.4 14.3 50.7 54 40.8 54.2 41.6 33.1 94.3 89.6 138.1 24 44.6 45.5 56.4 40.7 40.6 20 26.5 78.8 50.8 56.4 45.2 85 51.4 28.2 59.1 44.7
71.9 8.1 43.9 48.4 37.5 53.4 39 29.4 89.9 86 135.3 23.2 43.3 43.1 54.3 38.2 38 17.4 24.8 80.7 52.5 57.6 46 85.4 52.1 28.4 61.7 46
69.9 7.2 41.1 46.9 37.8 54.7 38.7 28.3 88.6 85.3 134.9 23.5 43.1 42.6 54 37.8 37.6 16.6 24.2 82.5 54.2 59.1 47.2 86 52.8 29 64.1 46.8
74.1 12.3 47.9 53.9 44 57.8 42.3 31.9 93.4 89.4 138.5 25.3 44.9 45.4 56.6 41.3 40.6 19 25.3 83.3 55.7 60.6 48.6 87.1 53.7 29.9 64.9 47.1
82.6 22.4 62.1 66.7 54.6 60.7 48.1 38.8 101.9 96.8 144.9 28.4 48.5 50.1 61.5 47.3 45.4 23.6 27.5 83.2 56.5 61.9 49.9 88.6 54.4 30.5 64.9 47
91.4 34.8 76.9 79.3 65.7 61.9 53.2 45.9 110.5 104.5 151.7 32.1 52.7 54.4 66.9 53.4 50.5 28.8 30.6 83.7 58.1 64 51.9 91 56.1 31.4 66.1 47.7
95.5 41.9 85.1 85.5 71.3 60.6 55.2 49.9 115.2 109.1 155.8 35 55.6 56.6 70.4 56.8 53.6 32.3 32.7 85.7 61.5 67.4 55 94.4 59.1 33.6 69.2 50.2
92.5 39.1 85.1 84.6 68.1 55.8 52.5 48.7 114.2 108.4 154.9 35.8 54.4 55.2 69.6 56.2 52.9 31.5 31.5 87.2 64.6 70.2 57.4 96.8 61.7 35.5 72.1 52.9
86.4 32.3 82.1 81.9 60.5 49.4 47.7 44.8 110.3 104.4 151 35.5 49.7 51.3 66.3 53.2 49.7 27.9 27.7 86.3 65 70.5 57.5 96.7 61.9 35.4 72.5 54
82.3 29.6 80.3 80.3 54.6 44.6 44 41.6 107.1 100.8 147.8 35.8 44.6 47.7 63.4 50 47 24.7 24.7 83.4 62.3 67.9 54.6 93.9 59.6 33.4 69.1 51.8
81.9 31.6 81 80.2 52.2 41.9 42.1 40.2 105.9 99.3 146.9 37.1 40.6 45.3 61.2 47.8 45.1 23.2 23 78.5 57.2 62.8 49.4 88.8 55.6 29.7 62.2 45.7
