79.2 33.4 104.4 84 49.6 36 25.8 32.3 97 96.4 137.5 18.9 24.7 34.7 52.8 45.7 36.6 33.7 29.6 56.5 45.3 55.1 47.4 78.6 48 34.4 44.7 28.5
81.2 34.2 107.1 86.9 52.9 37.4 26.9 34.5 99.4 99.3 140.2 22.6 25.3 36 54.1 47.6 38.2 35.3 31.1 55.4 44.7 54 46.8 78.5 48.7 35.6 43.1 28.5
78.6 31.9 102.7 83.9 51.7 36.7 25.5 33 97.7 98.7 139.9 25.4 24 34.8 52.9 47.1 37.5 34.8 30.8 55.3 44.3 53.8 47.2 79.1 49.5 37.6 39.3 28.4
72.6 27.5 92.6 76.1 46.8 34.3 22.1 28.3 93 95.2 137.1 26.1 21.8 31.8 50.1 44.9 35.5 32.9 29.7 57.2 44.8 54.9 48.6 80.8 50.6 40.1 36.7 29.5
67.1 20.8 81.8 68.1 41.3 32.2 19.5 24.2 88.8 91.7 134.7 25.6 21.1 29.9 48.8 43.5 34.7 31.9 30 61 46.9 57.3 51.1 83.9 53.1 43 39 33.1
66.1 16.2 76.9 65.7 39 32.3 20.1 24 88.2 91.2 134.7 24.5 22.9 30.9 50.1 44.3 36.3 33.1 32.2 64.1 48.4 59.4 52.9 86.2 55.5 45 44.1 37.4
69.9 18.5 79.3 69 40.5 35.2 23.3 27.3 91.2 93.9 136.8 22.9 26.4 34 52.9 47.1 39.4 35.8 35.1 64.6 47.9 59.5 53 86.1 56.5 45.3 47.6 40
74.4 23.8 83.1 72.6 43.3 38.8 26.1 30.6 94.4 96.9 138.8 21.3 29.8 36.8 55.2 49.9 42 38.3 37.7 64.4 47 59 52.7 85.2 56.6 45.7 49 41.7
76.5 24.5 83.7 73 44.7 41 26.5 31.3 95.5 98.1 139.2 20.7 31.6 38 56 51.4 43.3 39.9 40.1 65.8 48 60.1 54.2 86.5 58.1 48 50.8 44
75 19.2 80.1 69.5 43.4 41.7 24.6 29.4 94 96.9 137.9 20.6 31.9 37.4 55.4 51 43 40.2 42 68.5 50.4 62.5 56.6 89.5 60.7 51.3 53.6 46.9
71 13.3 73.9 63.5 39.4 42 21.8 25.9 90.2 93.6 135.3 19.6 31.1 35.6 53.8 48.9 41.2 38.8 42.3 70.5 51.8 63.6 57.7 91.6 62.1 53 55.8 48.5
68 11.4 70.8 60.1 36.6 42.9 20.7 23.8 87.2 91.4 133.5 18.9 30.3 34.4 52.8 47.1 39.5 37.3 41.5 70.6 51.7 63 57 91.6 62 52.9 55.9 48.6
68.8 12.6 74.3 62.5 37.4 44.2 22.4 24.6 87.8 92 134.1 20 30.1 34.8 53.3 47.4 39.5 37.1 41.1 68.4 50.4 61.1 54.9 89.9 60.9 51.6 53.1 47.2
72.3 15.9 82.6 69.3 40.1 44.5 25 26.6 90.6 93.8 135.6 20.9 29.8 35.4 53.8 48.2 40.2 37.1 39.9 63.7 46.9 57.2 51.3 86 57.8 48.4 47.5 43.6
76.2 21.8 91.7 76.4 42.3 43.1 26.9 28.5 93.4 94.8 135.9 19.3 28.8 34.9 53.2 48.1 39.9 35.9 37.4 58.4 42.4 52.6 47.4 81.5 53.6 44.2 41.2 39.3
76.4 26.5 96.5 79.6 42.8 40.4 27.6 29.8 95 95 135.4 17.5 27.8 34 52.4 48 39 34.7 35.7 56.8 41.1 51.5 46.4 80.3 52.4 42.8 38.7 38.1
71.6 25.8 96.3 79 42.4 38.7 28.1 30.9 95.9 95.3 135.6 18.3 28.5 34.4 52.9 48.8 39.1 35.7 36.7 60.9 45 55.6 50.2 84 55.9 46.4 42.1 41.6
66.8 23 95.7 78.2 42.7 39.8 29.8 32.3 97 96.1 136.6 21 31 36.2 54.7 50.1 40.3 37.9 38.7 66.5 50.7 60.7 55 89 60.7 51.2 47.2 46
68.3 24.5 97.1 79 43.8 42.9 31.7 33.5 97.9 96.8 137.4 22.7 33.2 37.6 55.6 50.1 41.1 38.6 39.1 67.9 52.3 61.6 55.9 89.8 61.2 51.9 48.5 46.5
75.5 30.6 100.6 81.2 44.7 45.5 32.2 33.8 98.3 97.1 137.5 22.9 33.4 37.3 54.8 48.9 40.6 37.4 37.3 64.5 48.9 57.8 52.4 86.3 57.4 48.1 45.1 42.7
82.4 34.4 104.6 84.1 44.9 45.9 31 33.3 98.2 97.2 137.4 22.7 31.2 35.2 52.8 47.7 39.2 35.7 35.1 59.3 44 52.7 47.4 81.7 52.7 43.3 40 38
82.3 31.4 102.9 82.9 41.8 42.2 26.9 29.9 95.4 94.7 135.1 20.4 26.2 30.3 48.4 44.6 35.5 32.5 32.2 54 38.8 47.7 42 76.6 47.9 39 34.3 33.8
75.2 24.8 93.6 75.7 35.4 35.9 20.5 23.3 88.9 88.4 129.6 15 19.9 23.4 41.9 38.5 29.4 27.1 28 49.8 34.2 43.1 37.2 71.5 43.4 35.5 29.1 30.3
66.7 18.4 81.5 65.8 28.4 31.2 14.8 16.6 82.1 81.7 123.7 9.2 15.4 18.4 36.6 32.7 24.3 22.4 24.7 49.5 32.7 41.4 35.2 69.1 41.4 34.4 27.5 28.8
61.7 12.3 72.1 57.8 23.9 30 11.8 12.6 78.1 77.9 120.6 6.7 14.3 17.6 35 30 22.6 20.9 24.4 52.9 34.4 42.9 36 70.1 42.2 35.7 29.9 29.5
62.6 9.5 70 55.7 24.7 31.7 12.2 13 78.2 78.6 122 9.5 16 19.8 36.6 30.9 24.2 22.6 26.5 56.3 36.4 44.6 37.3 71.8 43.4 37 33.2 30.7
68 12.8 74.2 59.4 30.5 35.2 15.3 17.2 81.2 83.1 126.6 15.7 19.2 23.4 40.2 34.3 27.4 25.9 29.3 57.3 36.7 44.6 37.5 71.9 43.3 36.8 35 31.3
71.9 16.8 77.3 62.9 35.4 37.9 17.7 20.5 83.5 86.9 130.2 20.7 21.6 25.5 42.6 36.7 29.6 28.4 31 56.5 35.5 43.5 37 70.6 42.1 35.7 35.3 31.7
70.5 14 74.8 61.7 34.9 37.1 16.7 19.3 81.8 86.5 129.6 21.4 20.9 24 41.7 35.9 28.3 27.6 30.4 55.7 34 42.6 36.3 69.4 41 35 35 32.1
64.3 5.1 67.2 55.4 29.7 33.1 12.3 14.2 76.8 82 125.3 17.7 17.4 19.4 37.5 32.2 24 23.8 28 55.4 32.4 41.7 35.2 68.4 40 34.7 34.4 32.1
57.4 -2.1 58.8 47.8 23.9 28.8 7 8.3 71.4 76.5 120.6 12.6 13.7 14.5 32.5 28.1 19.6 19.4 25.6 55.3 30.6 40.5 33.8 67 38.9 34.2 34.1 31.3
55.3 -1.7 56.9 45.9 22.8 27.8 5.3 6.4 70.6 75 119.7 10.2 12.9 13.2 30.9 27.3 18.8 18.3 25.3 55.4 29.8 40.2 33.7 66.5 38.7 34.4 34.5 30.9
59.6 3.6 64.2 51.8 27.6 30.9 8.7 10 75.6 79.1 123.3 11.8 15.4 15.9 34 30.5 22 21.3 27.2 55.1 30.3 40.8 35.1 67.4 39.4 35.1 34.6 30.9
66.8 10.5 76.5 61.9 35 35.1 14 16.2 82.5 85.4 127.9 14.5 18 19.4 38.5 35.1 25.6 24.8 29 52.9 30.2 40.4 35.6 67.5 38.9 34.2 32.7 29.2
73 19 88.8 72 41.4 37.1 18.1 21.8 88 90.4 131.3 16.7 18.7 21.2 41.5 38.7 27.9 26.8 29.5 49.7 29.1 39.1 34.7 66.5 37.6 32.3 30 26.8
75.4 25.7 95.5 77.9 44.2 36.1 19.9 24.5 91.1 92.5 132.7 18.7 18.5 22 42.9 40.8 29.6 27.6 29.9 48.8 29.5 40 35.5 67.3 38.6 32.6 30.4 27.3
73.5 25.5 94.9 77.8 43 32.9 19 23.9 91.5 91.5 132 19.4 17.7 21.7 42.6 40.6 30 27.1 29.6 50.9 31.5 43 38.2 69.7 41.3 35.3 33.6 30.4
70 20.9 92.1 75 40.3 29 16.6 21.6 89.7 89.1 130 17.5 16 20 40.9 38.4 28 24.7 27.1 52.1 32.6 44.7 39.4 70.7 42.1 36.6 34.9 31.1
68.6 19.9 91.7 73.9 39.2 27.2 15.1 20.3 88.5 87.7 128.6 14.4 14.7 18.5 39.6 36.4 25.8 22.4 24.4 50.8 31.7 43.5 37.6 69 40.1 35.2 32.6 27.8
71.4 25.2 95.5 77 41.3 29.6 16.9 22.1 90.3 89.1 129.2 13.4 15.8 19.5 40.6 37.2 26.1 22.6 24.5 48.7 30.6 41.5 35.2 66.9 38 33.4 29.1 24.1
76.7 31 101.8 82.9 45.2 34.1 20.4 26 94 92.7 131.7 16.2 18.1 22.1 43 39.8 28.3 24.5 26.8 47.3 30.1 40.5 34.4 65.8 37.2 32.4 26.4 22.1
79.1 30.9 103.5 84.8 46.2 36 21.2 27.2 94.4 93.8 132.9 19.8 18.3 22.7 43.1 40.3 28.5 24.7 27.3 46 29.2 39.4 33.6 64.5 36 31 24.1 20.3
75.5 26.1 97 78.8 42.2 33.7 17.6 23.2 89.8 90 131.1 20.9 15.8 20.1 39.7 37 25.4 22.2 25.1 45.4 27.7 37.9 32.1 62.8 34.3 29.4 22.1 18.3
68.7 19.6 85.5 68.5 36.1 29.7 13 17.2 83.6 84.6 127.5 19.2 13.4 17 35.9 32.8 21.9 19.5 23.4 47.3 28 38 31.6 62.9 34.3 29.9 22.5 18.5
63.4 12.2 74.6 59.5 32.1 27.2 10.5 13.2 79.2 81.2 124.5 15.6 13.3 15.9 34.2 30.2 20.1 18.6 23.7 50.6 30.2 39.5 32.5 64.7 36.1 32.4 25.1 21
62.3 7.1 69.4 56.1 31.8 27.2 10.8 12.8 78.1 80.9 123.5 11.7 14.5 16.4 34.5 29.8 20.1 18.8 25 51.9 31.3 39.8 32.4 65.1 36.6 33.5 25.9 22.1
65 8.9 70.5 58 34.2 29.9 13.6 15.3 80.2 83.1 125.1 10.3 16.1 18.3 36.2 31.4 21.4 20 26.6 50.3 30.1 38.1 30.8 63.3 34.8 32 24 20.6
68.9 14.6 73.7 61.6 37.4 34.5 17.5 19 84 86.6 128.9 13.4 18.6 21.6 39.6 34.9 24.3 22.8 29.1 49.6 29.3 37.5 30.9 62.9 33.9 31.2 23.2 19.9
71.1 16.1 75.2 63.9 39.8 38.1 20.4 22.3 87.1 90 133 19 21.4 25.2 43.3 38.8 27.7 26 31.8 52.1 31.5 40.2 34.5 66 36.7 33.6 26.1 22.3
69.8 10.9 72.3 62.2 38.9 38.1 20.2 22.6 86.7 90.7 134.6 23.2 22 26.2 44.6 40.1 29.2 27.2 32.9 55.5 34.7 44.2 38.8 70.2 41 37 30.1 25.2
65.3 4.5 65.7 55.9 34.2 34.6 16.8 19.1 82.8 87.5 132.7 23.3 19.7 23.9 42.3 37.4 27.9 25.6 31.3 56.9 35.9 45.8 40.3 71.5 42.7 38 31.9 25.6
61.8 3 62.1 51.3 31.1 31.4 13.9 15.8 79.9 84.4 130.2 21.1 17.2 21.3 39.9 34.3 26.2 23.9 29.2 56.1 35.2 45.3 39.6 70.5 41.7 36.7 31.2 24.2
63.4 6.2 66.9 54.5 33.9 32.3 15.8 17.4 82.3 85.6 130.6 19.6 17.8 22 41.1 35.7 27.5 25.1 29.5 54.9 35.1 45.3 39.4 70.7 41.3 36.1 30 23.3
70.3 13.3 78.7 64.8 41.7 36.9 22 23.8 89.5 91.3 134.5 19.6 21.2 26.3 45.8 41.4 31.9 29.1 32.2 53.8 35.9 46.3 40.3 72.5 42.6 36.8 29.2 23.1
78.4 23 91.7 76.4 49.2 41.6 28.2 30.8 97.3 98 139 20 24.8 30.9 50.7 47.6 36.6 33.2 34.7 53 36.8 47.8 41.6 74.7 44.6 38.1 28.7 22.9
82 29.7 98.6 82.6 51.5 43.3 30.6 34.3 101.3 101.7 141.3 20.6 26.9 33.5 53.6 51 39.6 35.8 35.9 54.4 38.9 50.4 44 77.4 47.3 40.3 29.8 24.4
80.4 29.1 98.3 82.8 48.9 42.2 29.3 33.9 101.2 101.9 141.4 21.3 27.1 33.9 54.3 51.3 40.9 37.1 36.3 57.7 42.6 54.1 48.2 81.3 50.9 43.7 32.4 27.6
78.4 26.1 97.1 81.6 46 41 27.7 32.8 100.1 101 141 22.1 26.1 33.7 54.3 50.8 41.6 37.8 36.6 60.2 45.8 57.3 52 85 54.1 46.2 33.8 29.8
80 27.9 98.7 82.4 45.6 41.7 28.2 33.6 100.5 101 141.2 22.8 25.7 34.3 55 51.4 42.6 38.8 36.7 60.2 46.5 58.1 53.2 86.4 55 46.1 32.5 28.7
84.2 34.2 103 85.2 47.4 43.8 30.3 36 102.7 102.3 142.1 24.1 26.2 35.8 56.4 53 43.8 39.9 36.3 57.5 44.7 56.5 51.7 85 53.3 43.3 29.8 25.1
87.2 38.4 107.8 88.9 50.1 45.6 32.5 38.6 105.1 104 143.5 26.9 27.2 37 57.6 54.3 44.6 41 35.4 53.2 41.9 54 49.6 82.6 51 39.8 27.8 21.6
85.8 36.6 107.9 89.3 50.8 45.6 32.9 38.7 105.2 104.1 144.3 30 27.7 36.8 57.3 54.2 44.3 41.4 34.4 50 39.7 52.3 48.4 80.7 49.7 37.9 27.5 20.6
80.3 31.7 101.4 84.2 48.2 43.6 30.3 35.4 101.9 101.7 143.2 30 26.5 35 55.3 52.3 42.7 40.7 33.7 49.7 39.2 51.9 48.6 80.3 50 38.4 28.1 21.6
73.1 25.6 90.4 75.4 43.4 40.6 26.4 30.5 96.6 97.6 140.3 25.5 23.4 32.5 53 49.4 40.5 39 33.5 52.3 40.7 53.2 50 81.6 51.7 40.6 28.3 22.6
66 17.4 78.9 66 38.2 38.1 23.3 26.4 91.1 93.4 136.8 19 19.7 30.1 51 46.6 38.2 36.6 33.2 54.9 42.3 54.5 51.1 82.9 52.8 42.2 27.9 22.4
62.4 11.1 72.5 60.6 35.4 37.1 22.1 24.7 87.6 91.2 134.7 14.9 17.5 28.8 49.7 44.8 36.7 34.8 32.4 54.5 41.5 53.7 49.9 81.9 51.5 40.8 26.1 20.2
64.3 12.1 73.1 61.2 36.4 38.3 23.2 25.7 87.7 92.1 135.5 15.4 17.9 29.5 50 45.2 37 35.2 32 51.8 38.7 51.3 47.2 79.3 48.6 37.6 23.5 17.5
69.4 16.9 76.1 63.9 39.3 41.6 25.7 28.3 90.2 95.1 137.9 18.5 20.5 32.1 52.5 47.7 39.2 37.8 33.4 50.8 37.6 50.5 46.3 78.3 47.4 36.5 23.4 17.6
73.5 18 77.5 65.2 41.3 45.7 27.9 30.6 92.8 98 140 21.1 23.7 35.4 55.8 50.8 42 40.9 35.9 53.7 40.7 53.5 49.6 81.1 50.4 39.3 28 22.1
74 13.6 75.4 63.4 40.1 48.4 28.7 31.3 93.3 98.9 140.3 21.3 26 37.7 58 52.7 44.2 42.6 38 58.8 45.8 58.5 54.9 86.2 55.2 43.8 34.2 28.2
70.8 9.3 70.6 59.4 36 48.1 27.7 30.1 91.6 97.3 139 19.3 26.4 38.2 58.4 52.6 44.7 42.3 38.6 62.7 49.2 62.2 58.4 89.9 58.4 46.8 37.4 31.6
68.8 10.5 69.6 58.7 34 46.3 27.9 30.1 91.7 96.9 138.4 17.6 26.9 38.6 58.9 53.3 45.5 42.6 39 64.2 51 64.2 59.9 91.7 59.7 48.2 37 31.3
72 15.8 76.7 65.1 37.9 45.9 31.7 34 96.7 100.8 141.2 19.1 29.2 41.4 61.6 57 48.4 45.5 41 64 52 65.4 61 92.7 60.8 48.9 35.9 29.5
78.6 22.1 88.6 75.5 45.7 47.2 36.7 39.8 103.8 106.9 145.7 22.5 31.4 44.7 65 61.4 52 48.8 43.1 61.8 51.5 65.1 60.8 92.3 60.5 47.7 33.7 26
84.1 29.2 100.1 85.2 52.8 49 39.5 43.9 108.8 111.2 149.1 25.3 31.4 46 66.6 63.6 53.8 50.1 43.2 57.9 49.2 62.9 59.1 90.4 58.4 44.4 30 21.4
85.4 33.9 105.5 89.9 55.3 49.9 39.3 44.2 109.8 111.6 149.7 26.8 29.8 45.1 66 63.3 53.3 49.4 41.4 55.6 47.7 61.4 58.2 89.2 57.1 41.9 27.9 18.7
82.3 31.9 103.5 88.2 52.2 47.8 36.2 41.4 107.2 108.6 147.3 26.2 27.2 42 63.6 60.8 50.9 47 38.2 55.8 48 62.1 58.8 89.8 57.7 41.7 28.9 18.6
78.2 26.6 99.4 84 47.5 43.3 32.1 38 103.4 104.8 143.3 23.4 24 38 60.4 57.5 47.4 43.8 34.4 56.1 48.3 62.8 58.9 90.3 58.2 41.7 29.7 18.9
77 25.8 98.1 81.7 45.7 40.2 29.9 36.6 101.4 102.8 140.6 20.1 21.9 35.7 58.3 55.5 44.9 41.4 31.9 54.7 47.2 61.9 57.4 89.4 57.4 40.6 28.5 18.3
79.7 31.6 101.8 84 47.9 41.5 31.4 38.1 102.9 103.9 140.9 18.9 22.6 36.8 59.3 56.2 45.3 41.8 32.3 52.8 45.7 60.4 55.6 88.3 56.1 39.4 27.3 17.9
84.6 38 108.9 90.2 52.4 46.8 35.6 41.8 107.3 107.5 143.7 20.6 25.4 40.4 62.7 59.1 48.2 44.6 35.2 52.3 45.5 60.3 55.6 88.6 56.4 39.5 28.5 18.9
87.2 39 112.3 93.5 54.8 51.5 38.5 43.9 110 110.1 146 22.6 27.5 42.8 64.7 61.4 50.6 46.8 38 53.4 46.2 61.3 56.7 89.8 57.9 40.8 31.2 21.1
84.8 35 107.2 88.9 51.8 50.7 37 41.7 107.5 108.7 145.2 22.4 26.8 41.7 62.7 60.2 49.8 46 38.4 55 46.6 61.5 57 90.4 59.3 42.2 33.6 23.6
78.7 28.5 96.1 78.7 45.1 44.9 32.5 36.4 101.6 104.2 142.2 21.3 24.7 38.7 58.7 56.5 47.1 44 37.3 57.2 47.3 61.8 57.6 91 61 44.2 36.7 27
72.7 21.1 85.1 69.3 39.2 39.2 28.9 32 96.8 100.4 140.1 22.5 24.1 37.1 56.5 53.4 45.5 43.7 37.4 60.3 49 63.2 59.5 92.7 63.6 47.2 40.9 31.3
71.1 17.1 80.2 66.2 37.8 37.9 28.5 31.4 95.9 99.8 140.9 26.4 25.9 38 57.6 53.5 46.5 45.5 39.3 62.7 50.5 64.6 61.1 94.4 65.5 49.1 43.8 34.3
73.2 19.2 81.5 68.6 39.8 41 30.7 34 98 101.8 143.8 30.4 28.8 40.2 60.3 56.1 48.7 47.8 41.8 63.2 50 64.3 60.4 94.1 65.1 48.8 44.3 34.5
73.6 22.6 83.4 70.7 41.6 44.7 32.9 36.2 99.7 103.6 145.7 31.3 31.3 42 62.4 58.4 49.8 48.9 43.9 62.8 48.9 63.2 58.4 92.3 63.2 47.6 44.3 33.6
70.8 20.9 82 69.3 41.3 46.4 33.5 36.2 99.1 102.9 145.2 29.1 32.7 42.4 62.5 58.7 49.3 48.3 45 63.6 49.1 63.4 57.7 91.7 62.6 47.6 46 34.1
67.6 13.7 76.4 64.2 39 45.7 31.5 33.5 95.9 99.7 143 25.6 32.3 41 60.6 56.4 47.3 46.1 44.4 65.6 50.2 64.6 58.3 92.5 63.1 48.4 48.3 36.1
65.5 6.9 68 56.9 35 43.3 27.2 28.4 90.6 94.7 139 21.9 30 37.5 56.8 52 43.7 42.3 41.7 66.5 50 64.4 58.3 92.3 62.6 48.3 48.7 37.6
65.9 5 63.6 52.9 32.1 41.8 23.8 24.9 87.1 90.9 134.9 18.3 27.6 34.2 53.7 48.4 40.5 38.8 38.6 65.2 48.8 62.7 57.2 90.6 60.6 46.8 47.3 37.5
68.7 6.3 67.2 55 32.6 42.2 23.8 25.3 87.8 90.3 132.9 15.5 26.2 32.9 53.1 48.1 39.4 36.8 36 62.2 47.2 60.4 55.6 88.4 57.6 44.3 45 35.6
71.3 8.4 75.3 61 35.2 42.7 24.9 27.2 90.2 91.1 132.5 14.4 24.4 32.1 52.6 48.7 38.6 35 32.6 57 43.7 56.6 51.8 84.5 52.9 39.4 40.8 30.6
72.2 12.2 83.3 66.9 37.6 41.8 24.6 27.8 91.4 91.2 132 14 21.4 30 50.5 47.8 36.2 32.3 28 50.1 38.3 51.3 46.5 78.8 47.4 33 34.2 23.7
71.1 15.3 86.5 69.3 37.5 39.3 22.5 26.4 90.6 90 130.2 12.9 18.7 27.6 47.9 45.3 33.4 29.7 24.5 45.9 34.8 48.1 43.2 75.1 44.7 29.6 29.1 19.8
68.5 14.1 84.8 67.2 35.3 35.4 19.6 24.2 88.6 88.2 127.5 10.9 17.4 25.9 46.2 42.6 31.3 27.9 23.3 46.9 35.7 48.9 43.9 75.8 46.2 31.1 29 21.4
67.2 11.9 83.6 65.2 34.3 31.6 18.4 23.2 87.7 87.7 126.2 9.2 17.9 25.7 46.4 41.5 30.9 26.9 23.6 50.7 39.2 52 46.6 79 49.4 34.6 32.7 25.9
68.9 14.6 86.1 67.1 36.7 30.2 20.3 24.9 89.4 89.4 127.8 9.4 20.4 27.2 48.6 42.8 32.3 27.5 25.1 53.8 42.3 54.6 47.9 81.2 51.4 36.8 36 29
73 22.1 91.9 73.1 41.5 32 24 28.7 93.2 92.6 131.2 12 23.4 29.7 51.5 45.8 34.6 29.3 26.7 54.8 43.1 55.1 47.5 81.2 51 36.2 36.7 29
77.6 28.3 99.3 80.8 46.3 35.8 27.9 33.3 97.5 96.2 134.6 16 25.8 32.4 54.5 49.1 36.8 31.3 27.9 54.6 42.7 54.6 47.2 80.3 49.7 34.5 35.5 27.5
79.3 29.1 102.6 84.6 47.3 38.8 29.8 35.7 99.7 97.8 136 18.2 27.2 34.3 55.7 50.7 37.8 32.1 28.1 54.9 42.5 54.1 47.5 79.8 48.9 33.2 34.6 26.8
76.8 26.1 98.1 80.9 43.2 38.9 28.5 33.9 97.8 95.7 134.4 17.2 27.1 34.3 54.4 49.7 37 30.8 27.2 56.5 43.1 54.2 47.8 79.8 49.3 33.6 35.5 27.8
72 21 88.2 72.1 36.6 37.4 25.5 29.9 93.3 92.1 131.6 14.8 26.4 33.2 52.5 47.6 35.5 28.8 26.4 60.4 45.3 56.2 48.8 81.2 51.1 36.2 38.6 30.9
67.6 13.6 77.4 62.8 30.6 36.1 22.7 25.7 88.7 88.9 129.1 12.8 26.2 32.2 51.4 45.7 34 27.1 26.5 64.9 48.2 58.8 50 83 52.8 39.1 42.2 34.3
65.7 7.9 71.1 57.2 27.4 36.1 21.4 23.3 86.1 86.9 126.9 10.8 26.6 31.6 51 44.3 32.5 25.4 26.2 66.3 48.3 58.3 49 81.9 51.3 38.5 42.5 34.4
66.9 9 70.7 56.7 27.6 38.3 22.4 23.7 86.1 86.2 125.7 9.2 27.7 32 51.1 43.9 31.3 23.8 25.1 63.9 45 54.3 45.7 77.7 46.4 34.4 39.1 30.9
68.6 13.2 71.3 57.5 28.4 41.3 24 24.7 86.4 85.8 124.8 8.4 28.6 32.5 51.2 43.7 30.1 22.1 23.3 60.7 41.1 50 42.3 73 41 30.1 35 27.1
67.5 11.9 69.3 55.8 26.8 41.8 23.6 23.8 84.5 84 122.8 7.1 27.7 31.4 49.9 41.8 27.9 19.5 20.1 58 38.3 47.3 39.9 69.9 37.3 27 32 24.4
63.5 4 64.2 51.2 22.7 38.6 20.3 20.7 80.2 80.5 119.3 4.7 25 28.5 46.6 37.9 24.7 15.9 16.6 56.1 36.6 45.9 38.3 68.3 35.5 25.2 29.5 22.2
59 -2.9 57.7 45.5 18.4 33.8 16.1 17.2 75.5 76.7 115.9 2 21.8 25.4 42.8 33.9 21.5 12.7 14.5 55.1 35.5 45.2 37.1 67.6 35.1 24.5 27.4 20.6
58.5 -2.7 56.4 44.5 17.6 31.7 14.7 16.5 74.6 75.9 115.4 1.2 20.4 24.6 41.9 33.2 21 12.5 14.9 55.3 36.1 46 37.4 68.6 36.6 25.5 27 20.9
64.4 3.2 64.2 51.4 22.7 34.6 18.7 20.6 80.1 80.5 119.3 3.7 22.3 27.6 45.5 37.7 24.8 16.2 18.1 56.6 38.6 48.8 39.8 71.4 39.5 28 29.3 23.2
73.3 11.4 77.5 62.9 31 40.8 25.4 27.3 88.4 87.7 124.7 7.7 25.7 32.1 50.8 44.1 30.1 21.1 21.7 57.1 40.4 51 42 73.5 41.4 29.7 31.3 25
80 20.3 89.3 73.2 37.5 45.7 29.8 32.3 94.4 92.7 127.8 10.1 27.3 34.4 54 47.9 33.3 23.6 23 55.5 39.6 50.8 42.3 73.2 40.9 28.9 31 24.4
81.8 25.1 94.2 77.4 39.2 46.7 29.8 33.3 95.9 93.7 127.9 11 26.8 34.3 54.1 48.4 34 23.9 22.7 54.3 38.7 50.5 42.4 73.2 41 28.7 31.1 24.4
79.3 22.3 92.4 75.6 37.3 44.3 26.8 31.1 94.2 91.9 126.6 12.4 25.3 32.9 52.7 47 33.6 23.4 21.8 55.5 40 51.9 44.4 75.6 43.6 31.1 33.7 27
75 16 88.9 72.1 34.9 40.4 23.5 27.9 91.4 89.3 125.1 14.3 23.1 30.3 50.5 44.4 32 22.4 19.7 56.6 41.1 52.9 46 77.9 46 33.2 35.9 29.5
71.5 13.7 86.7 69.8 33.7 37.1 21.1 25.4 88.8 87.3 124.1 15 20.6 27.1 47.7 41.3 29.6 21 16.9 54.9 39 51 44.6 76.5 44.8 32.1 35 28.7
70.4 16.6 87.7 70.2 33.9 35.8 20.3 24.8 88 87 123.9 13.2 19.1 25.2 45.9 39.5 27.9 19.9 15.6 51.3 35.4 47.4 41.3 72.6 41.2 28.9 31.9 25
71.8 19.8 91.9 73.8 35.4 36.5 21.7 26.2 89.4 88.4 124.9 10.2 19.1 25.6 46.1 40.2 28.2 20.1 16.9 48.2 33.5 45.2 38.8 70 39 27 29.9 22.1
72.4 19.2 93.3 75.2 35.6 37.2 22.7 26.6 90 88.9 125.4 7.3 19.6 26.4 46.8 41.3 29.4 21.3 19.6 47.2 33.4 44.8 37.8 69.9 39.3 28 30.4 22.3
69.2 15.9 87.7 70.1 32.7 35.8 20.8 23.8 87.2 86.7 124.5 5.6 19.2 25.8 45.8 40.3 29.4 22.1 21.9 48.2 34.1 45.6 38.3 71.3 41 30.9 32.9 25.6
63.2 10.9 77.2 60.8 28.4 33.3 17 19.4 82.7 83.4 123.4 6.5 18.8 24.5 44.2 38.4 28.9 23 23.9 51.8 36.2 48 41.2 74.1 44.4 35.4 37.3 31
58.1 4.2 66.8 52.2 25 31.9 14.4 16.2 79.4 81.5 124 10.5 19.3 24.5 43.7 37.9 29.3 24.8 26.6 56.7 39.3 51.3 44.9 77.8 48.7 39.9 42.3 36.6
57 -0.5 61.7 48.5 24 32.2 14.1 15.5 79 82.1 125.8 15.3 20.1 25.5 44.1 38.7 30.7 27.3 28.9 58.8 40 52.3 46.2 79.3 50.8 41.4 44.3 38.4
59.2 -0.1 61.7 49 24.2 33.8 15.3 16.5 80 83.5 127.7 18.1 20.7 26.2 44.5 39.8 31.8 29.1 29.6 56.8 37 49.5 43.8 76.8 48.5 38.9 41.5 35.1
60.7 1.9 61.6 49.2 23.4 35.2 15.8 17 79.7 83.5 127.6 16.7 20.6 25.5 43.9 40 31.6 29.1 28.8 53.7 32.8 45.1 40 72.6 44.4 35.3 37.4 30.4
59.1 -0.3 59 47 20.7 34.7 14.3 15.5 77.5 81.2 124.7 11.1 19.5 23.3 42.1 38.6 29.9 27.5 26.8 52 30.6 42.1 38.1 70.3 42 33.5 35.5 28.2
54.8 -6.9 54.2 42.7 16.8 32.2 11.3 12.3 74.3 77.8 120.5 4.2 17.7 20.6 39.7 36 27.8 25.3 24.9 52.3 30.8 41.6 38.3 70.7 42 33.9 36.2 29
50.9 -11.8 48.6 37.6 13.6 29.5 8.2 8.9 71.2 75.1 117.7 0.3 16.1 18.4 37.9 33.4 26.7 24.1 24.6 53.6 32 42.8 39.5 72.6 43.7 36 38.1 31.7
50.8 -11.2 47.8 37 13.9 29 7.6 8.3 71.4 75.4 118.4 1.6 16 18.5 38.2 33.1 28.4 25.7 26.7 54.3 33.3 44.8 41.1 75.1 46.2 38.7 40 35
55 -7.4 54.6 42.8 18.3 31.1 10.4 11.6 75.5 78.9 122.3 6.1 17.1 20.7 40.3 35.6 32 29.2 29.6 52.9 33.6 45.9 42.1 76.8 48.1 40.3 40.2 37
61 -2.4 65.7 51.5 24.3 33.7 14.2 16.1 80.8 83.5 126.2 9.7 17.9 22.7 42.4 38.7 34.5 31.9 30.6 48.9 31.8 44.3 40.9 76.1 47.4 38.7 37.3 35.4
65.4 4.6 75.9 59.7 29.2 34.8 16.4 19.3 84.4 86.7 128.1 11 17.2 22.9 43 40.3 34.8 32.6 29.3 44.4 28.9 41.6 38.6 73.8 45.3 35.6 33.2 31.8
66.1 9.6 80.4 63.8 31 34.1 16.3 19.9 85.2 87.5 128.1 11.3 15.9 22.2 42.6 40.3 34.2 32.4 28 43.3 28.1 41.1 38.4 73.2 45.4 35.3 32.2 31.3
63.7 8.4 79.4 63.6 30 32.3 15 18.7 84 86.3 127.4 11.6 15.2 21.6 42.2 39.6 33.5 32.6 28.2 46.1 30.7 44.2 41.6 75.9 49.1 39 35.3 35.5
61.4 5.1 78.5 62.9 29.5 30.7 14.3 17.9 83.4 85.8 127.9 12.3 15.8 21.8 42.6 39.4 33.8 33.5 29.4 49.6 34.7 48.4 45.6 80 53.7 43.5 39.5 40.6
61.5 5.8 80.4 64.2 31.1 30.3 14.8 18.6 84.2 87.1 129.7 13.3 17.2 22.5 43.7 40 35 34.6 30.5 50.5 36.5 50.3 47.1 82.2 55.6 45.4 40.5 42.2
63.8 10.5 84.4 67.6 33.6 30.9 15.8 20.2 86.1 89.2 132.1 14.8 18 22.9 44.6 40.9 35.9 35.6 30.9 48.2 35 48.9 45.8 81 54.2 43.9 37.7 39.6
66.8 14.3 89.5 71.9 35.7 31.8 16.9 21.7 87.9 91.3 134.1 16.4 17.8 23.1 44.9 41.8 36 36.1 30.8 44.4 32.2 46.1 43.5 78.3 51.5 41.1 33.6 35.6
67.1 13.4 90 72.3 35 31.6 16.6 21.1 87 91 133.7 16.2 16.2 22.2 43.5 41.2 34.4 34.8 30.1 41.6 30.1 43.5 41.6 76 49.1 38.7 30.8 32.5
62.4 9.2 82.7 66.2 30.5 29.1 13.3 17 82.4 87 130.2 13.4 13.6 19.4 40.1 38 31.2 31.8 28.6 40.9 28.9 41.8 40.3 74.6 47.6 37.5 29.3 31.1
54.6 2.9 70.7 55.8 23.6 25.5 8.6 11 76.6 81.3 125.5 10.3 11.6 16.2 36.6 34 28 29.2 27.2 42.7 29.2 42 40.5 75 48 38.6 29.6 32
47.9 -5.1 59.6 45.7 17.9 23.5 5.5 6.3 72.1 76.8 122.1 9.1 11.2 14.7 34.7 31.6 26.2 27.9 27.1 45.4 30.6 43.6 41.5 76.5 49.5 41.1 31.4 34.1
45.9 -10.1 54.5 41.3 16.9 24.1 5.5 5.2 70.8 75.4 121.1 10.2 12.1 15.3 34.5 31.1 25.7 27.5 27.6 45.8 30.4 43.5 41.1 76.3 49.4 41.9 32.1 34.6
48.7 -8.5 55.2 43 20.2 26.7 7.3 6.7 72 76.8 122.6 12.4 13.2 16.7 35.3 31.7 26 27.6 28.4 43 27.6 40.9 38.4 73.2 46.8 40 30.6 32.8
52.3 -4.6 56.1 44.8 22.3 28.6 8 7.7 72.7 78.1 124.4 13.8 13.5 17.1 35.3 31.8 25.9 27.5 29.2 39.8 24.4 37.8 35.1 69.8 43.9 37.8 28.8 31.4
53.8 -4.8 54.7 43.8 21.1 28.5 7.2 7.5 71.8 78.1 124.8 13.3 12.8 16.7 34.5 31.3 25.4 27.4 29.9 39.2 23.7 37.1 34 69.4 43.7 37.9 28.6 32.5
53.3 -9.5 51.5 41.2 19 27.5 6.7 7.1 70.3 77.3 123.9 11.3 12.6 16.6 33.9 31.1 25.4 27.7 30.7 42.3 26.2 39.6 35.9 72.4 46.2 40.3 29.6 34.9
52.2 -12.7 47.8 38.6 17.6 27 6.5 6.5 69.1 76 122.4 8.9 13.6 17.2 34 31.2 25.7 28 31.6 47.3 30.3 43.4 39 76.1 49.2 43.4 31.1 36.6
53 -10.6 48.3 39.1 18.2 27.9 7.2 7 70 76 121.9 7.9 14.8 18.8 35.4 32 26.3 28.1 32.7 51 33.5 46.2 41.2 78.4 51.2 45.6 32.3 37.2
56.9 -5.5 55.7 45 22.1 30.4 9.9 10.1 74.2 79 123.9 9.4 16 21.3 38.3 34.2 28.1 29 33.8 51.3 34.3 47.1 41.9 79.2 52.1 46.2 32.2 37.1
62.8 0.8 67.4 54.4 27.9 33.2 13.9 15 80.1 83.8 127.5 12.2 17.3 23.5 41.3 37 30.4 30.5 34.1 48.4 32.6 45.8 40.8 77.8 51 44.3 30.1 35.4
67.7 8.5 78.4 63.5 32.6 34.9 17.1 19.1 85.1 87.5 130.2 14.7 18.5 24.6 42.9 38.9 31.7 31 32.9 44.8 30.1 43.9 39 75.2 48.3 40.8 27.5 32.4
68.6 13.4 83.6 68.1 33.7 35 17.9 20.4 86.9 88.5 130.9 16 19 24.9 42.8 39.5 31.8 30.6 31.8 44 30.1 44 39.1 74.7 47 39.4 27.6 31.2
65.7 11.2 82.7 67.4 31.5 33.2 16.4 19 85.3 87.4 129.9 15.3 17.4 24.2 41.6 38.8 31 29.8 31.2 46.3 33 46.6 41.7 77.5 48.8 41.4 30.8 33.2
61.9 5.7 80.2 64.7 28.7 29.9 13.7 16.3 82.5 85.5 127.8 12.5 13.3 22.1 39.5 36.9 29.5 28.3 29.8 47.5 35.3 48.3 43.4 79.8 50.5 43.4 33.1 34.7
60 4.5 79 62.9 27.2 27.1 11.4 14 80.4 83.8 125.6 9.6 9.3 19.7 37.4 34.7 27.8 26.3 27.7 45.7 34.1 47 42 78.4 49.3 42 32.4 33.2
61.9 9.4 81.2 64.5 28.3 27.2 11.6 14.1 81.3 83.9 125.4 9.9 9.1 19.2 37.4 34.2 27.6 25.8 26.6 43.1 31.6 44.6 39.9 75 47 38.7 31.3 31
66.1 14.5 86.7 69.8 31.7 29.9 14.4 17 84.9 86.4 127.7 13.1 12.5 21.3 39.9 36.1 29.6 27.4 27.4 42.1 30.4 43.5 39.4 73.6 46.1 36.5 31.5 30.3
67 14 88.1 71.3 32.7 31.2 15.3 18 86 87 128.5 14.4 14.8 22.2 40.8 36.7 30.4 28 27.5 41.7 29.8 42.7 38.8 73.3 45.4 35.6 30.8 29.6
62.2 9.2 81.2 64.9 28.4 28.9 11.7 14.3 81.7 83.2 125.2 11.5 13.3 19.7 38 33.7 27.9 25.4 25.3 41.2 28.9 41.3 37 72.4 43.9 34.8 28.7 28
55.6 2.9 70.1 55 22.2 26.1 7 9.1 75.4 78.3 121.3 8.8 11 17 34.6 30.2 24.8 22.5 23.5 43.3 30.1 42 37.2 73 44.5 36.3 29.5 29.1
51.3 -4 60.3 47.1 18.2 25.4 4.6 6 71 75.9 120.3 9.8 11 16.5 33.4 28.7 23.9 21.8 24.4 48 33.8 45.2 40.1 75.7 47.7 39.7 34.4 33.3
50.2 -9 55.3 43.7 16.9 26.4 4.5 5.1 69 75.9 121.4 12.1 12.4 17.1 33.6 28.8 24.1 22.5 26.1 50.7 35.4 46.6 41.3 76.5 49.2 40.8 38 35.3
51.1 -8.4 54.8 44 17 27.8 5.3 5.2 69.1 76.2 121.9 12.5 13.4 17.6 34 29.1 23.9 23 26.7 49.2 33 44 38.7 73.3 46.4 37.9 37.2 33.2
52.4 -5 55.5 45.2 17.3 29.2 6.2 5.2 69.9 76.1 121.3 11.1 14.2 18.2 34.4 29.4 23.7 23.1 26.8 47.1 30.1 41.1 35.4 69.9 42.5 34.6 35.2 30.8
52.8 -5 55.2 45.6 16.8 29.8 6.3 4.6 70.1 75.3 119.9 9.3 14.6 18.3 34.5 29.1 23.5 22.5 26.4 46.9 29.9 40.7 34.3 69.2 41 34 35.5 31.1
51 -10.7 51.8 42.8 14.4 28.3 4.8 2.5 68.2 72.9 117.6 7.4 14.1 17 33.3 27.4 22.3 21 25 48.1 30.9 41.8 34.7 70 41.4 34.9 37.4 32.6
47.6 -17 45.2 36.5 10.6 25.8 2 -0.5 64.2 69.3 115 5.8 13 14.9 31.1 24.6 20.1 18.8 22.9 49.8 32 42.8 35 70.5 41.7 35.3 39.2 33.6
46.5 -17.6 42.8 33.4 9.8 25.4 1.5 -0.8 62.6 68.2 114.9 6.8 13.3 14.7 30.9 24 19.6 18.1 21.9 51.8 33.5 43.9 35.8 71.4 42 35.1 41.4 34.7
50.5 -12.7 49.3 38.4 14.6 29 5.5 4.1 66.7 72 118.7 10.9 16.1 18.2 34.6 27.5 22.3 20.3 23.1 53.6 35.5 45.2 37.6 72.9 42.9 34.9 43.6 36.2
58 -5 61.8 48.5 22.5 34.4 11.1 11.4 73.9 78 123.6 14.4 19.4 22.8 39.4 32.7 26.4 23.2 24.6 53.6 35.8 45.3 38.6 72.9 42.7 33.7 43.6 36.2
65 3.9 73.9 58.5 28.8 38.2 14.6 17 79.8 82.7 126.5 14.3 21.3 25.6 42.1 36.2 29.1 24.7 24.9 51.8 34.7 44.3 38.1 71.5 41.4 31.8 41.5 34.6
67.3 8.8 79.4 63.1 30.4 39 14.9 18.2 81.5 83.9 126 11 21.5 26.1 42.2 36.8 29.3 24.7 24.2 51.2 34.9 44.5 37.7 71.2 41.1 31.3 40.6 34.1
63.7 5.6 77.8 61.4 27.1 36.6 12.9 15.1 79 81.2 122.4 6.2 20.1 24.5 40.1 34.4 27.2 22.7 22.2 52.6 36.9 46 38.1 72.3 42.1 32.1 41.7 34.9
58 -0.1 74.6 58.3 22.5 33.4 10.9 11.3 75.6 77.5 118.8 3.7 17.8 22.1 37.6 31.1 24.2 19.9 19.5 53.5 38.2 46.6 38.3 72.7 42.3 32.2 42.8 35.2
55.9 0.3 74.6 58.3 21 33.8 11.6 10.9 75.1 76.8 118.7 6.1 17.1 21.3 37.1 30.1 23.1 19 18.4 53.3 38 46.2 37.8 71.9 41.7 31.5 42.9 34.8
59.4 7.3 79.6 62.8 24.2 39.2 15.6 14.9 78.8 80.1 122.7 12.1 19 23.2 39.7 32.6 24.7 21.3 20.3 53 37.5 46 37.7 71.4 41.5 31.3 43 34.7
65.1 13.6 87.2 69.4 29.5 44.7 19.8 19.9 83.8 84.6 127.6 16.8 21.5 25.6 42.7 36.1 27.1 24.6 23 51.8 36.9 45.5 37.7 71.3 41.5 31.2 43.3 34.4
66.6 13.2 89 70.8 30.5 43.7 19.5 20.1 84.2 84.7 128.1 16 21.2 24.9 42.1 36.4 26.6 24.9 23.1 49.8 35.1 43.5 36.2 69.8 40 29.5 42.3 32.4
61.7 7.6 80.9 63.4 25.4 34.8 13.5 14.3 78.3 79.1 122.8 10 17.5 20.4 37.3 32.3 22.4 21 19.6 48 32.3 40.5 33 66.7 37.2 27 40.1 29
54.4 -0.2 67.5 51.5 18 23.8 6.3 6.5 70.5 71.9 115.6 4.3 13.7 15.5 31.8 27 17.8 16.4 15.9 48.5 31.3 39.3 31.3 65.2 36.1 26.4 39.6 27.9
49.5 -7.8 56.2 42.3 13.4 17.9 3 2.1 65.9 68.2 112.6 4.8 13 14.2 30 24.7 16.5 15.4 15.9 52 33.1 41.4 33.3 67.3 38.2 29.3 43.2 31.2
50.2 -10.1 53.2 40.8 14.7 19.7 5.5 4 66.9 70.3 116.1 11.1 15.8 17.1 32.6 26.7 19.6 18.9 20.4 56.3 35.9 44.9 37.2 71.2 41.9 33.6 48.4 36.2
54.9 -4.8 57.3 45.9 20.1 26.2 11.2 9.7 71.8 75.7 122.7 16.9 20.2 21.7 37.2 31.2 24.6 24.8 26.8 58.7 37.1 46.7 39.6 73.6 44.6 36.4 50.3 38.5
58.4 0.8 60.8 50.6 24.1 31.5 15 13.3 75.4 79.4 126.8 17.2 23 24.7 40 34.4 27.9 29.2 31.8 58.3 36 45.9 39.5 73.4 45.4 37.3 47.8 37.5
57.9 -0.1 59.8 50.7 23.9 32.2 14.3 12.3 75.2 79.1 126.6 14.5 22.5 24.4 39.4 34.3 27.7 30.1 33.5 56.8 34.4 44 38.7 72.6 45 37.7 44.8 36.3
54.1 -7.3 54.6 45.7 20.6 29.2 9.8 7.7 71.4 75.9 123.9 12.4 19.4 21.4 36.1 31.2 24.9 27.9 32.1 56 33.6 42.6 38.1 72.1 44.5 38.4 44.2 36.5
48.7 -14.8 46.2 37 15.6 25 3.8 1.7 65.4 71 120 10.3 15.4 16.6 31.3 26.4 20.4 23.6 28.5 55.2 32.4 40.9 36.2 70.8 43 37.7 43.3 35.7
45.8 -17.4 41.7 31.9 12.5 22.5 0.4 -1.8 61.5 67.6 117 8.1 12.6 12.9 27.8 22.9 16.6 19.5 24.9 53.3 30.3 39.1 33.3 68.4 40.8 35.4 40.4 32.9
48.5 -14.7 46.9 36 14.5 23.9 2 0.2 63.3 68.7 117.4 8.6 12.8 12.9 28.2 23.3 16.5 18.5 24 50.7 28.7 38.4 31.6 67.1 39.4 33.7 37.5 30.7
55.1 -8.3 58.7 46.3 20.3 27.4 6.2 5.4 68.6 73 120.2 11.2 14.5 15 30.8 25.9 19.1 19.7 24.5 47.6 27.1 37.6 30.1 66.2 37.9 32 35.1 28.8
60.4 -0.3 70 56.3 25.8 29.1 8.9 9.5 73 76.8 122.1 12 14.8 15.8 32.2 27.5 20.4 20.1 24.1 43.7 24.5 35.1 27.7 64.3 35.4 29.2 31.7 25.4
61.4 4.6 75 61.1 27.6 28.3 9 10.2 74.8 78.2 121.9 10.6 13.8 15 32 27.4 19.8 19.4 23.3 41.8 23.2 33.5 26.9 63.2 34 27.5 29.7 23.1
59.2 3.7 74.7 61.1 26.2 26.8 8 9.3 74.8 77.7 120.8 9.2 13.1 14.4 31.7 27 18.8 18.9 23.2 44.2 25.7 35.8 29.9 65.5 36.2 29 31.5 24.9
57.7 1.4 74.3 60.7 24.7 26.1 7.7 9.1 74.7 77.1 120.6 8.9 13.4 14.7 32.2 27.5 18.5 18.7 23.2 48.7 30.3 40.1 34.2 69.2 39.8 31.9 34.8 28.4
57.9 2.5 75.5 61.2 24.8 26.2 8.3 9.7 75 77 120.8 9.3 13.5 15 32.7 28.2 18.7 18.5 22.6 50.5 32.1 42.1 35.6 70.4 41.1 32.9 35.9 29.5
59.4 6.6 78.4 63.1 26.5 26.1 9.1 10.7 76.1 77.8 121.1 9.9 12.4 14.7 32.5 28.4 19.1 18.2 21.8 47.3 29.6 40.2 33.4 68.2 39.2 31.3 33.7 27.4
61.8 10 84 67.6 29.8 26 10.3 12.6 79 80.2 122.3 11 10.8 14.8 33.2 29.1 20.2 18.3 21.9 41.8 26 37.3 30.7 65.4 36.6 29 30.6 24.3
62.7 10.1 86.7 70.1 31.6 25.2 10.8 13.9 81.1 81.7 123.2 11.4 9.6 15.5 34.3 30 21.3 18.2 22.4 38.9 24.4 35.9 30.1 64 35.3 27.9 29 22.3
59.6 7.4 81.5 65.6 28.5 22.8 8.8 12.3 79.2 79.7 121.5 10 8.2 15.1 34.2 29.5 21 17 22 40 24.9 36.4 31.3 64.5 35.4 28.1 29.4 22.4
54.6 3 71 56.5 22.3 20.4 5.9 9.7 74.9 76.4 119.1 8.7 7.7 14.7 33.6 28.4 20.3 16.3 22 44.9 27.8 39.3 34.9 67.6 38.1 30.6 32.7 25.7
51.9 -2.1 62.3 49 17.9 20.5 5.5 9.4 72.4 75.5 119 9.7 9.7 16.5 34.8 29.4 21.4 18.1 24.5 51.6 32.8 44.5 40.2 72.8 43 35.2 38.2 30.5
53.3 -4.2 59.9 47.8 18.7 23.2 7.9 11.6 73.6 77.4 121.3 12.6 13.2 19.8 37.7 32.7 24.4 21.5 28.2 55.8 36.6 48.6 44.2 76.4 46.5 38.6 42.2 32.8
56.5 -1.8 61.7 50 22.9 26 10.7 13.8 76 79.3 123.7 15.2 15.6 22.2 39.8 36.1 26.9 23.7 30.4 55.2 36.2 48.5 43.9 75.7 45.7 38.1 41.7 30.4
57.9 0.6 61.8 50.2 25.9 27.2 11.2 13.9 76.5 79 124.3 15.8 15.8 22.4 39.9 37.3 27.4 23.6 30.3 51.9 33 45.4 41 72.4 42.3 35.2 38.3 25.9
56.6 -1.4 59.4 47.4 25.7 26.6 9.7 12.5 74.8 77.3 123.5 14.9 14.7 21.3 38.6 36.1 26.2 22.2 29 49.7 31.2 43.3 39.3 70.5 40 33.2 36.1 23.9
53.2 -7.7 54.7 42.8 23 25 7.4 10.1 71.9 75.1 121.6 13.1 13.3 19.7 36.7 33.6 24.5 20.6 27.3 50.2 31.9 43.3 39.9 71.1 40 33.2 36.4 25.1
49.3 -12.7 48.8 38 19.6 23.7 5.5 7.4 69 73.4 120 12 12.6 18.7 35.1 31.3 23.3 19.5 26.1 52.6 33.5 44.3 41.4 72.6 41 34.5 38.1 27.8
49.1 -11.4 49 39 20.1 25.5 7.2 8.2 70.1 75.1 121.9 14.4 14.3 20 36.7 32.4 24.7 20.9 27 55.8 35.8 46.8 43.7 75 43.3 37 40.4 30.8
54.1 -5 58.6 48.4 25.9 30.6 12.8 13.8 76.3 80.9 127.4 19.5 18 23.8 41.6 37.2 29 24.8 29.9 57.8 38.2 49.7 46.4 77.7 46 39.2 41.5 32.2
61.2 2.9 72.3 60.8 32.7 35.5 18.7 20.4 83.2 87 132.2 23.3 21 26.9 45.6 41.5 32.6 27.8 31.9 55.4 37.3 49 46.2 77.1 45.5 37.6 37.6 28.8
67.2 10.3 83 69.4 36.8 37.3 21.7 24.5 87.2 89.9 133.7 23.8 21 27.2 45.8 42.8 33.3 27.9 31 49.5 33.5 44.7 42.8 73 41.7 33 29.3 21.7
69.4 13.1 86.3 70.9 36.9 35.7 20.7 24.4 87.3 89.2 132.4 22.1 18.8 25.4 43.4 41.4 31.9 26.1 27.9 44.9 30.6 41.2 39.6 69.6 38.6 29.6 22.7 16.3
66.7 8.7 83 66.9 33.7 31.6 16.6 20.4 84.3 85.8 129 18.6 15 22 40 38.1 28.9 23 23.9 43.4 30.1 40.7 38.7 69.1 37.8 29.1 20.9 15.2
61.9 2.9 79.1 62.9 29.7 27.2 12.3 15.7 80.7 81.7 124.3 13.7 10.9 18.2 36.9 34.4 25.3 19.1 19.6 42.6 30.1 40.9 38.6 69.2 37.1 28.8 21.7 15.9
59.8 2.9 78.5 62.1 27.8 25.6 10.9 13.9 79.1 79.3 120.8 9.7 9.2 16.2 35.3 31.9 22.8 16.3 17.1 41.2 28.7 39.8 37.8 67.8 35.2 27.3 22 15.8
62.6 9 82.6 65.3 30 27.6 13.2 16.1 81.1 80.5 121.8 10.6 10.4 17.3 36.3 32.5 23.1 16.7 17.4 39.6 26.7 38 36.4 65.7 33.4 25.5 21 14.9
68.2 15.4 90.1 72.1 35.5 31.6 17.4 20.6 85.8 85 127.3 18.1 12.8 20.2 39.4 35.7 25.8 20 19.5 38.8 25.7 37.3 35.6 64.6 32.9 24.6 19.4 14.3
71.2 16.8 93.2 75.7 39.1 34.2 19.4 22.9 88.3 88.2 132.7 27.4 14 21.8 41.2 38 27.9 22.9 20.5 39.2 25.5 37.5 35.5 64.6 33.2 24.4 18.9 14.4
68.9 13.7 87 70.8 36.8 33.5 17.1 20.4 85.1 86.7 133.6 31.4 13.2 20.2 39.8 36.8 27.2 22.8 19.9 41 25.7 38.1 35.7 65 33.8 24.8 20.4 15.7
63 7.2 74.6 60 30.1 30.6 12.8 15.4 78.8 82.1 129.8 27.4 11.8 17.3 36.6 33.3 24.7 20.5 19.2 44.2 27.3 39.7 37 66.3 35.2 27 23.7 19
57.4 -1.4 62.5 49.7 23.2 28.2 9.5 10.9 73.4 77.4 124.2 19.1 11.3 15.5 34 30.3 22.6 18 19.1 47.3 29.6 41.5 38.6 68 36.8 29.6 27.2 23.2
55.2 -7.3 56.4 45 19.9 27.8 8.7 9.2 71.1 74.9 119.7 11.8 11.6 15.2 33.3 29.1 21.7 16.4 18.5 48 29.7 41 38.2 67.7 36.1 29.4 28.1 25
55.8 -6.7 56.7 46 20.6 29.6 10.4 10.3 71.8 75.1 118.5 9 12.6 15.9 34.3 29.4 21.8 16.2 17.8 46 26.6 37.9 35 64.5 32.8 26 26.5 23.3
55.5 -3 58.4 48.2 21.8 32 12.7 12.1 73.5 76.7 120 9.9 14 16.8 35.8 30.5 22.5 17.4 18.5 44.3 23.7 35.2 32 61.3 30.1 23.3 25.4 21.5
54.2 -2.2 58.4 48.8 21 33.4 13.5 12.9 74.3 77.8 121.8 10 14.8 17.4 36.4 31.3 23 18.9 20.8 45 24 35.6 32 61.4 30.5 24.3 27.2 22.4
53.7 -5.9 55.3 45.8 17.6 33 11.9 11.7 73 76.7 120.9 6.2 14.7 17.1 35.6 30.7 22.4 19.1 22.4 47.6 26.7 38.2 34.1 63.8 33.1 27.4 30.8 25.3
53 -11.3 48.5 38.7 12.4 30.8 8.5 8.1 68.7 72.8 116.7 -0.6 13.4 15.7 32.9 27.9 19.7 16.7 21.9 49.5 28.2 39.3 35 65.1 34.6 29 33.1 27.6
52.8 -13.4 44.6 34 9.7 29 6.5 5.5 65.5 69.5 113.2 -4.8 12.3 14.7 30.6 25.2 17.2 14.2 20.5 49.5 27.7 38.3 34.4 64.7 34.5 28.6 33.1 28.5
55.4 -10.4 50 38.1 13.2 30.1 8.4 7.6 67.7 71 114.5 -2.9 12.9 16 31.8 26 18.2 15 20.8 48.7 27.1 37.3 34 64.6 34.5 28.1 32.4 28.9
59.5 -4 61.8 48.7 20.2 32.9 12 12.6 73.5 75.8 118.6 2.7 14.2 18 34.7 28.9 21.1 18 22.1 46.5 26.1 36.2 33 64.1 33.9 27.1 30.4 28
61.5 2.6 72.1 58.2 25 33.4 13.1 15.6 77.4 78.8 121 6.8 13.2 17.1 35.3 30.2 22.1 19.4 21.7 42 23.2 33.6 30.2 61.6 31.3 24.7 26.1 24.6
59.2 4.6 75.1 60.6 24.5 30 10.3 13.9 77.1 77.9 119.9 7.2 9.9 13.3 32.6 28.6 20.4 17.9 19.4 37.7 20.1 31.4 27.5 59 29.4 23.1 22.5 21.8
54.5 0.2 72.4 57.4 20.8 24.9 5.6 9.5 74.1 74.8 116.9 5.5 6.3 9.5 29.2 25.6 17.7 15.4 17.2 36.2 19.5 31.4 27.2 59 30.3 24 22.4 22.2
51.1 -4.7 70.3 55 18.6 21.5 2.6 6.6 72.2 72.8 115.2 4.3 4.1 7.8 27.4 23.7 16.2 13.8 16.2 36.3 20.6 32.7 28.2 60.8 32.4 25.8 23.6 23.3
50.8 -4.1 71 55.4 19.3 21.4 2.5 7.1 72.6 73.2 116.1 4.9 4 8.3 27.7 23.8 16.3 13.7 16.6 36.2 21.1 33.3 28.7 61.6 33.2 26.3 23.1 22.4
53.2 1.4 74.8 58.5 21.7 23.4 4.4 9.8 74.8 75.3 118.2 6.7 5.6 10.1 29.2 25.4 17.4 14.9 17.8 34.8 20.5 32.5 28 60.6 32.6 25.3 21 20
57.2 7 81.4 64.2 25.4 25.8 7 13.3 78.6 78.5 120.6 9 7.7 12.2 31.2 27.8 19.1 17.3 19.1 32.9 20 31.6 27.2 59.4 31.9 24.3 19.4 18.7
59.3 8.5 84.6 67.1 27.5 26.5 8.1 14.7 80.4 80.3 121.5 9.8 8.4 13.1 32.1 29 19.8 18.4 19.7 32.4 19.9 31.2 26.9 59.1 31.8 23.9 19.8 19.3
56.3 5.6 78.6 62.1 24.3 24 5.8 11.6 77 77.7 118.7 7.5 6.3 11.3 30.2 26.9 18 16.7 18.8 33.6 19.6 31.1 26.7 59.3 31.9 24 21.5 20.7
49.7 -0.8 66.5 51.5 17.5 20.5 1.7 6.5 70.8 72.6 114.3 4.2 3.7 9 27.6 23.5 15.3 14.2 18.4 36.9 20.8 32.4 27.9 61.1 33.5 26.1 24.2 23.3
44.9 -8.7 55.7 42.4 12.6 19.5 -0.1 3.5 66.5 69.1 112 3.3 4 9.1 27.4 22.3 14.8 13.9 20.1 42.1 24.4 35.7 31.2 64.7 37 30.4 27.8 27.2
45.1 -13.1 51.6 39.3 12.3 20.8 1.4 4.1 66.1 69.3 112.7 5.1 6.9 11.2 29.3 23.8 16.3 15.2 22.5 45.7 27.3 38.2 33.5 66.8 39.1 33.2 29.6 29.6
48.1 -11.6 52.1 40.5 14.3 22.2 3.6 5.9 67.6 71.2 114.4 7.1 8.7 12.6 30.7 25.6 17.7 15.8 23.1 44.7 26 36.8 32.2 64.8 37.3 31.6 27.7 27.7
49.7 -8.7 51.9 41.2 15 22 3.9 6.1 67.8 71.7 114.8 7 8 12 30.2 25.8 17.6 14.5 21.7 40.9 22 33.1 29 61.2 33.5 27.6 24.4 23.7
49.2 -9.8 50.2 39.9 13.9 20.3 2.4 5 66.5 70.5 113.6 5.1 6.3 10.8 28.7 25.1 16.6 12.7 19.8 39 19.8 31.7 27.7 59.8 31.8 25.3 23.5 22.2
47.1 -14.7 46.7 36.5 11.5 18.6 0.6 3.2 64.6 68.6 111.6 2.5 5.2 10 27.6 24 15.7 11.3 18.3 40.8 21.3 33.7 29.4 61.6 33 25.8 26 24.3
44.1 -19.2 41.1 30.9 7.8 17.5 -1.4 0.6 61.7 66 108.8 0.2 4.6 9 26.7 22.2 14.3 9.7 17.1 44.1 24.1 36.1 31.5 63.7 34.7 27.1 29.1 26.9
43 -19.6 39.2 29.1 6.2 17.7 -2.2 -0.6 60.5 64.8 107.6 0.5 4.4 8.4 26.3 21.2 13.4 8.6 15.8 45.5 25.7 37.1 32.4 64.5 35.1 27.1 30.2 27
46.6 -16.1 45.7 35 9.5 20.1 0.2 2.2 63.7 67.2 110.2 5.5 5.7 9.5 27.7 22.7 14.8 9.6 15.1 44.2 25.4 36.9 32.3 64.2 34.6 25.7 29.5 25.1
53 -9.8 57.4 45.6 16.8 23.6 4.4 7 69.7 72 115 12 7.4 11.7 30 25.9 17.5 12.2 14.8 40.6 23.3 35.1 30.6 62.7 33.2 23.1 27.4 22
58.6 -1.9 68.6 55.6 24.8 26 7.9 11.2 75.2 76.6 118.8 14.8 8.1 13.4 31.9 28.7 20 14.4 14.4 36.6 21.1 33 28.4 61.2 31.6 20.8 25 19.1
60.2 2.9 74.3 60.7 30 26.1 8.7 12.6 77.6 78.9 119.9 13.4 7.5 13.8 32.7 29.8 21 14.9 14.5 35.3 21.2 33 28.3 61.9 32 21.2 23.8 18.7
57.1 0.2 73.8 60.2 30.4 22.9 6 10.6 76.2 77.9 118.8 10.7 4.8 11.8 31.3 28.6 19.8 13.6 14.6 36.1 23.1 34.7 30.2 64.1 34 23.7 23 19.3
53.1 -4.7 72 58.5 28.4 18.6 2.2 7.8 73.8 75.9 117.6 9.5 1.5 9.1 28.9 26.5 18.1 12.5 14 36.4 24.3 36 31.6 65.3 35.4 25.4 21.3 18.9
52 -4.3 72.5 58.9 27.7 17 0.8 7.1 73.3 75.4 118.2 9.6 0.4 8.1 28 25.8 18.3 13.4 13.6 35.7 23.7 35.8 31.4 64.8 35.4 25.3 19.9 17.5
54.8 1.8 76.6 62.4 30.5 19.2 3 9.2 75.6 77.7 121 10.6 2.3 9.3 29.5 27.3 20.5 16 14.4 34.6 22.4 34.8 30.6 64 34.6 24.5 19.4 16.3
59.7 7.9 83.4 68.6 35.9 23.4 7.3 13.3 79.7 81.8 124.9 12.3 5.5 12 32.8 30.6 23.8 19.1 16.5 34 22.1 34.7 31.1 64.9 34.7 24.5 20.4 16.5
62.4 9 85.8 70.8 38 26.1 9.7 15.6 81.5 83.8 126.3 12 7.1 13.3 34.7 32.8 25.6 20.5 18.1 34.3 22.4 35.1 32.5 66.7 35.6 25.1 22.5 18
59.7 5.4 79.1 64.4 33.1 25.2 7.9 13.5 78.5 81.4 123.9 8.1 5.3 12.2 33.6 31.7 24.7 19.2 18.2 36.1 23.2 35.6 33.5 68 36.7 26 25.1 19.8
53.6 -1.5 66.9 53.3 24.2 22.3 3.9 9 73 76.7 120.1 4 2.9 10.9 31.5 29 23.1 17.3 18.2 40.5 25.6 37.8 35.2 69.7 39.2 28.3 28.8 22.7
48 -10.5 55.3 43.1 16.4 20.2 0.9 5.1 68.3 73.1 117.5 2.4 2.6 11 30.2 27 22.3 16.9 19.1 45.5 28.8 41.2 37.7 71.9 42.2 31.1 33 26.2
45.8 -16.2 49.7 38 12.9 20.1 0.1 3.7 66.4 71.7 116.6 3 3.8 11.6 29.7 26.1 22 17.8 20.1 47.2 29.8 42.1 38.1 72.5 42.8 31.6 34.4 27.4
47.7 -14.1 50.3 38.4 13.6 22.2 1.6 4.7 67.5 72.6 117.8 5.6 5.9 12.7 30.3 26.5 22.6 19.5 21.1 45.5 27.9 40 36.2 70.9 40.5 29.9 32.6 25.7
51.9 -7.9 53 41.5 16.7 26.1 4.5 7.7 69.9 75.3 121.5 10.8 9.4 15.3 32.5 29 25 22.3 23.4 45.3 26.8 38.8 35.8 70.1 39.8 29.9 32.5 25.6
55.3 -5.1 55.3 44.7 19.3 30.1 7.6 10.9 72.5 78.4 125.8 16.1 13.4 18.9 35.7 32.5 28.3 25.5 26.6 48.8 29.4 41.2 39.1 72.4 43 33.2 36.5 29.4
54.6 -8.9 54.2 44.3 18.5 30.7 8.2 11.2 72.7 79.1 127.1 17.1 15.4 20.4 37.2 34 29.6 26.7 28.3 53.1 33.2 45 42.9 75.8 47 36.9 41.3 34
49.6 -15.2 48 38.4 13.2 27.1 5.2 7.3 69.2 75.9 124 13 14.6 18.4 35.3 31.7 27.8 25.1 27.2 54.9 35 46.5 43.5 77.2 48.4 38.2 43.2 36.3
45.9 -17.5 44.4 34.1 8.6 23.5 2.3 3.9 65.8 72.9 120.4 8.5 13 15.7 32.9 28.8 25.8 23.3 25.3 53.6 34.7 45.4 41.9 76.9 47.7 37.7 42.5 36.7
48 -14.6 49.8 38.2 11 23.5 3.4 5.4 66.9 73.9 120.6 8.5 12.6 15.5 33.3 29 26.3 23.8 25 51.1 33.5 43.9 40.6 76.3 46.9 37.1 41.2 36.7
53.6 -8.5 60.8 48.2 18.4 25.7 7.1 9.6 71.5 77.8 123 11.6 12.9 16.8 35 31 27.7 25.2 25.3 47.4 30.7 41.5 38.5 74.4 44.7 35 38.8 35.1
57.4 -1.6 70.5 57 24.7 26.8 9 12.1 75.4 80.7 124.6 13.9 12.2 16.9 35.4 32.1 27.5 25 24.3 43.3 26.7 38.1 35 70.9 40.9 31.4 35.6 32
57.4 2.4 74.4 60.1 26.5 26.3 8.4 11.7 76.8 81.5 125.2 14.5 10.7 16 34.4 32 26.6 24.4 23.4 41.9 25.1 36.8 33.5 69.5 39.2 30.1 34.8 31.3
54.9 0.6 73.8 59.1 25.2 25.9 6.9 10.1 76.2 81.2 125.4 14.4 9.5 15.3 33.3 31.5 26.2 24.6 23.8 43.8 27.5 38.9 35.8 72.1 42 32.7 36.7 34.1
52.7 -3.2 73 57.9 23.8 26 5.7 8.8 75.3 80.7 125.2 14.2 8.2 14.7 32.3 30.6 25.8 24.8 23.9 45.7 30.4 41.5 38.4 75.1 45.6 35.7 37.1 36.2
52.3 -3.4 73.3 58 24 26.7 5.6 8.3 74.8 80.4 125.3 15 7.6 14 31.7 29.7 25.3 24.7 23.4 45.4 30.5 41.5 38.1 75.1 46.3 35.8 34.4 34.9
54.9 1.4 76.1 60.9 26.4 27.9 7.5 10 76.3 82.1 127.4 18 8.8 14.7 32.5 30.3 26 25.8 23.4 44.2 28.9 39.8 36.4 73.3 45.4 34.3 31.7 32.2
59.6 7.4 82.8 67.1 30.9 29.4 11.5 14.2 80.6 85.8 131.2 21.7 11.8 17.2 35.4 33.1 28.5 28.2 25 43.9 28.2 38.8 35.8 72.5 45.4 34.1 32.2 31.5
62 9.3 86.4 70.5 33.2 29.3 14.1 16.6 83.2 87.5 132.9 22.4 14.2 19.5 37.9 35.2 30.3 29.7 27 44.8 29 39.2 36.4 73.3 46.3 35.5 35.4 33.6
59 5.7 80.3 65.5 30 26.4 11.9 13.6 80 84.4 130 17.7 13.7 18.5 36.6 33.8 28.6 28.3 27.3 46.1 29.5 39.5 36.6 74 46.7 37.1 38.7 36.5
52.6 -2.2 67.2 54.6 23.1 22.2 6.6 7.5 72.5 78.5 124.4 10.9 11.1 15.1 32.2 29.5 24.8 25.1 26.1 47.5 29.7 39.9 36.6 74.2 47.1 38.5 41.1 38.9
47.1 -11.5 54.8 44.4 17.4 19.6 2.2 2.7 65.9 73.5 120 6.9 8.9 12.5 28.5 25.8 21.8 23 25.2 49.5 30.4 40.9 37 74.8 48.3 40 43.7 40.9
45.9 -16.2 49.3 40.2 16 20 1.3 1.3 63.2 71.4 118.6 7.3 8.6 12.1 27.8 24.7 20.9 22.6 25.8 50.8 30.8 41.5 36.7 74.7 48.7 40.6 45.4 42.3
49.1 -13.2 50.4 41.7 18.6 23.6 3.6 3.2 64.6 72.7 120.3 10.9 11.1 13.6 29.7 26.2 22.5 24.1 27.9 51.2 30.4 40.9 35.4 73.7 47.7 40 45.8 43.1
52.9 -8 52.5 44.2 21.6 28.5 7.1 6.2 67.7 75.2 123.3 14.8 15.9 16.4 32.6 28.7 25.2 26.7 30.9 52.2 30.2 40.3 35.2 73 47.1 40 46.8 44.7
53.7 -8.1 52.1 44.3 22.1 31.3 8.8 7.2 69.2 76.1 124.8 16.6 19.1 18.2 33.9 29.5 26.3 27.9 32.5 53.5 30.7 40.5 36.2 73.2 47.8 40.8 48.4 46.7
50.9 -13.7 48.1 41.4 19.6 30.4 7.4 5.4 67.5 74.2 123.5 15.3 18.4 17.6 32.6 27.5 24.5 26.1 31.6 54.3 31.5 41 37.2 73.5 48.6 41.7 49.4 48
46.4 -19.4 41.2 35.4 15 27.3 4.3 1.6 63.2 70 120.1 12.1 15.6 15.1 29.3 23.9 20.7 22.2 29.2 54.7 31.7 41 37.1 73.1 48.1 41.6 49.7 48
44.1 -21 37.8 31.8 12.2 24.4 2.4 -0.6 60.2 66.8 117.4 9.7 13.5 12.8 26.7 21 17.4 18.7 26.8 54.2 30.9 40 35.5 71.6 45.8 40.1 48.7 46.3
46.3 -18.6 42.9 34.9 14.8 23.8 3.4 1 61.4 67.6 117.5 10.7 13.1 12.2 26.5 20.7 16.5 17.4 25.7 51.9 29 38.1 33 69.2 42.8 37.3 46.5 43.5
51.9 -12.6 54.1 43.2 22.2 25.7 6.3 5.4 66.2 71.8 119.9 13.7 13.4 12.9 28.4 22.9 17.6 17.9 25.6 48.6 26.3 35.6 30.2 66.3 39.6 34.1 43.8 40.1
58.1 -3.7 65.9 52.8 30.4 28.2 9.1 9.9 71.6 76.5 122.6 15.8 13.9 14.3 30.8 25.9 19.5 18.9 26 46.3 24.5 34.1 28.6 64.4 37.5 31.8 41.4 37.3
61.6 2.3 72.8 59.1 34.5 29.4 9.9 12.1 74.8 79.1 123.9 15.6 14.6 15.4 32.6 27.9 20.8 19.3 26.4 47.3 25.5 35.2 29.7 65.1 37.8 32 41.6 37
61.1 1 73.9 60.5 32.4 28.3 8.6 11.8 74.8 78.4 123 14.1 14.4 15.3 32.6 28 20.1 18.1 25.6 50.5 28.9 38.2 32.7 67.5 39.7 33.8 44.1 39
59 -3.2 73.5 60.1 28.1 26.2 7.5 10.9 73.8 76.4 121.2 13.5 13.3 14.8 31.6 27.2 18.4 16.3 23.4 52.7 31.8 40.3 35.1 69.1 40.9 34.6 46.5 40.4
58.2 -2.7 74.8 60.8 26 25.7 8.2 11.3 74.4 76.2 120.6 15.3 13.1 15 31.4 26.7 17.7 15.4 21.7 52.2 32.3 40 35.1 68.4 40.2 33.3 46.7 39.3
59.6 3.3 79.2 64.1 27 27.4 10.7 13.6 77.1 78.8 122.3 20 14.2 16.1 32.7 27.6 18.9 16 21.6 49.8 30.8 38.4 33.7 66.3 38.1 30.7 45.1 36.4
62.1 9.7 86.5 70.3 30.5 30.5 14 17.2 81.5 83 125.9 26.9 15.7 17.8 35.2 30.1 21.3 17.7 22.3 46.9 29.3 37.7 33.2 65.1 36.1 28.4 43.8 34.4
62.4 11 89.7 73.4 32.7 32.8 15.7 19.4 84 85.3 128.5 31.6 16.4 18.8 37 32.4 22.9 18.8 22.6 45.5 29.3 38.7 34 65.4 35.2 27.2 45.1 35.1
59.1 7 83.8 68.5 30.3 32.2 14.2 17.5 82 83.3 127.4 28.5 15.5 18.1 36.6 32.2 22.2 17.9 22.2 46.7 30.6 40.5 35.5 66.3 35.2 27.3 49.2 37.5
54.2 0.1 72.3 58.1 25 29.6 10.8 13.2 77.1 78.7 123.5 18.4 14.1 16.6 35 30.1 20.6 16.1 21.9 50.7 33.2 43 37.7 68.2 36.8 29.2 54.4 40.7
51 -7.8 61.8 48.8 20.8 27.8 7.8 9.7 72.8 74.9 119.5 7.7 13.8 16 33.8 28.3 20 14.9 22.6 54.9 35.8 45.6 40 70.5 39.1 31.7 56.7 42.8
51.1 -11.2 57.6 45.4 20.4 28.6 6.9 9.3 71.8 74.1 117.7 2.1 14.6 16.7 34 28.2 20.5 14.7 23.6 56 35.9 45.8 40.4 70.9 39.5 32.2 52.7 41.1
54.2 -7.1 59.1 47.6 22.9 31.7 8.6 11.5 73.8 76.2 118.7 3.3 16.1 18.4 35.8 30.1 22.3 16 25 54.3 33.6 43.7 38.9 69.3 37.8 30.8 46.9 37.7
57 -1.2 60.7 50.2 25.2 34 10.4 13.6 76.1 78.6 120.8 7.8 17.2 19.9 37.3 32.2 24.2 17.9 26.2 52.5 31.1 41.5 37.7 67.6 35.8 29.3 44.7 36
56.7 -1.6 60 50.2 24.7 32.7 9.7 13.4 76.2 79.1 121.6 10.7 16.4 19.3 36.9 32.7 24.7 18.8 26.1 51.5 30 40.8 38.1 67.3 35.1 28.9 45.7 36.3
53.6 -7.5 56.8 47.4 21.7 28.4 6.8 11.4 74.1 77.9 120.9 10.9 14.4 17.4 35.4 31.9 24.3 18.5 25 52 30.8 41.9 40.2 68.8 36.2 29.7 47.6 38.6
50.8 -11.2 52.7 43.7 19.1 25.1 4.5 9.7 72.1 76.8 120.6 11.8 13.6 16.7 35 31.9 24.9 19.2 24.9 55.1 33.6 44.8 43.8 72.1 39.6 32.4 50.5 43.1
52.5 -7.4 54.6 46 21.6 26.5 6.7 12 74.8 79.8 123.9 16.3 16.3 19.6 38.3 35.2 28.9 22.8 27.3 60 38.4 49.5 49 77.3 44.7 36.7 55 49
59.3 0.9 65.3 56.2 29.3 31.8 13 18.6 82.4 86.7 130.1 22.3 21.2 24.8 44.2 41.1 34.8 28.2 30.6 63.3 42.6 53.5 53.4 81.7 48.4 39.9 58.4 52.6
66.8 9.3 79 68.1 36.8 36.4 18.8 24.8 89.8 92.6 134.6 25.1 24.6 28 48 45.4 38.2 31.5 31.6 61.3 42.4 53.1 53.1 81.2 47.3 38.4 56.5 49.8
71.5 16.6 89.1 76.1 40.8 37.9 21.2 27.8 93.5 95 135.7 24.6 24.6 28 48.4 46.7 37.8 31.7 30.3 56.1 38.7 49.7 49.1 77.2 43.7 34.2 50.6 43.3
72.2 19.3 92.4 78.4 41.3 37.4 20.8 27.6 93.7 94.3 135 24.1 22.6 26.7 47.2 46.2 36.2 31 29.2 53.3 36.6 48.3 46.8 75.1 42.6 32.4 46.7 39.3
69.2 14.5 89.8 75.7 38.4 35.4 18.3 25 91.2 91.6 133.1 23.2 18.8 24.5 44.9 44 34.4 29.7 28 53.3 37 49.2 47.3 76 44.2 33.6 46.5 39.4
64.8 7 85.9 71.3 33.7 31.2 14.7 21.1 87.1 87.7 129.6 19.9 13.8 21.1 41.3 39.7 31.7 27.1 25.1 52.2 36.4 48.5 46.8 76 44.6 33.9 46.1 39.5
61.2 4.8 83.6 68.1 30 25.4 11.7 17.6 83.7 84.5 126.3 15.3 10.1 18 38 35.9 28.8 24.6 22 49.5 33.7 45.1 43.8 73.4 42.5 31.6 43.6 37.6
60.9 9.2 85.3 68.9 30.2 20.8 11 17.1 83.6 84.4 126 13.2 9.3 17.1 37.3 35.3 28.2 24.6 21.1 47.2 31.4 42.1 40.5 70.9 40.5 29.3 41.6 35.6
64.3 15.4 92.5 75.2 35.1 19.7 13.5 20.8 88 88.4 129.8 15.7 11.3 19.2 40.3 38.4 30.9 27.9 23.2 46.8 31.7 42.2 40.2 71.2 40.8 29.8 42.2 36.3
67.1 17.6 96.9 80.2 39.2 21.7 16.6 24.5 92.4 92.7 134.1 20.2 14.4 22.4 44 42.6 34.7 32.1 26.4 49 34.4 44.8 42.9 74 43.3 33.2 45.5 39.9
65.5 15.4 92 77.3 38.1 24.1 17 24.1 92.2 93.3 135.5 22.7 16.9 24.5 45.6 44.5 37 34.9 29.2 53.6 38 48.4 46.9 77.7 47.4 38.2 49.9 44.8
60.3 9.6 80.7 68.4 33.9 25.3 15.1 20.9 88.2 91.4 135.5 23.3 18.7 25.5 45.3 44.1 38 37.1 32.1 59.4 42 52.9 51.4 82.6 53.3 44.3 54 50
55.1 1.5 69.6 59 30.1 25.2 12.8 17.6 83.8 89.3 135.9 23.8 19.6 25.7 44.4 42.8 38.7 39.1 34.8 63.5 44.9 56.2 54.8 86.9 58.3 49.1 55.9 53.1
53.5 -3.7 64 53.9 28.9 24.9 11.7 16.2 81.2 88.3 136.7 24.1 19.5 25.4 43.5 42 39 40.1 36.3 63.7 44.3 56.2 55.1 87.4 59.2 49.8 53.8 51.2
56.3 -1.5 64.3 54.5 31.1 27.1 13 17.4 81.8 89.5 138.4 24.3 20.5 26.4 44.6 43.2 40.2 41.5 38 61.9 42.2 54.5 53.4 85.4 57.5 48 51.1 47.3
60.1 3.3 66 56.8 34.8 31.3 15.4 19.7 84.2 92 140.6 25.1 23.7 29.3 47.7 46 42.8 44.2 41.2 61.9 42.1 54.5 53.2 85.1 57.5 47.9 51.8 46.5
60.7 3.1 65.5 57.2 36.3 33.5 16.3 20.1 85.6 93 141.4 25.6 26.2 31.3 49.7 47.7 44.7 46.3 43.9 63.5 43.6 56.3 54.7 87 59.4 50 54.4 48.6
57.6 -2.5 61.6 54.2 34.3 32.3 14.6 17.7 83.8 91.3 140.1 25.4 26 30.6 49.1 46.8 44.1 46 44.6 65.4 45.4 57.9 56.3 89.2 61.3 52.6 56.2 50.6
54.1 -7.2 55.5 49.2 30.5 30.6 12.7 14.7 80.4 88.9 138.7 25.3 25.2 29.4 47.8 45.1 43 45.1 44.6 68.1 47.4 59.6 58 91.6 63.8 55.5 57.6 53
54.4 -6 54.7 48.4 29.9 31.8 14 15.4 80.2 89.6 139.9 26.8 26.8 31.1 49.2 46.1 44.4 46.7 46.4 71.6 50.5 62.3 60.6 95.2 67.6 58.8 59.7 56.8
59.4 -0.7 62.7 54.7 34.1 35.9 18.6 20.7 85 93.7 143.5 29.6 30.2 35.1 52.9 49.7 47.9 50.5 49.1 73.1 52.9 64.3 62.4 97.8 70.5 60.7 60.6 59.4
65.3 5.4 73.8 63.7 38.7 39.2 22.8 25.8 90.3 97.2 145.7 30.7 31.6 37.5 55.1 52.1 49.6 52.6 49.3 69.6 50.9 62.3 59.9 95.8 68.4 58 56.8 56
68.1 10.8 81.6 69.8 39.5 38.9 23.5 26.8 92 97.3 144.1 28.2 28.9 35.8 53.7 50.9 47.3 50.6 45.7 62 44.8 56.8 53.8 89.6 62.6 51.9 49.4 47.8
67.4 12.7 83.6 70.8 36.4 35.5 21.5 24.7 90.4 95.1 140.5 24.1 24.5 32.1 50.6 48.3 43.7 47.1 41.4 56.2 40.3 53.1 50 85.4 59.2 48 44.9 42.1
65.8 10.1 83 69.4 32.9 32.4 20 22.9 88.9 93.4 138.3 21.9 22.1 30 49 47.2 42.4 45.4 40 56.4 41.7 54.6 51.9 87.2 61.5 49.8 46.3 42.9
66.3 7.5 84.6 69.9 32.3 32 20.7 23.8 89.9 94.1 139 22.6 22.9 30.8 50.1 48.1 44 46.4 41.4 60.5 46.6 58.8 56.2 91.9 66.1 54.4 49.7 46.4
68.5 9.6 87.6 72.2 34.2 33.9 22.8 26.1 92.4 96.2 141.3 25.3 25.1 32.7 51.7 49.5 45.9 47.8 43.2 63.7 49.7 60.9 57.9 94.2 68.1 56.8 50.3 47.5
71.5 15.9 91.7 76 37.5 36.8 25.2 28.7 95 99 143.8 29.5 26.4 34.1 52.8 50.8 47 48.9 44.1 63.7 49.1 60.1 56.7 93.3 67 55.8 48.1 45.8
75.3 21.9 98.3 81.9 41.8 39.6 27.6 31.6 97.8 102.1 146.5 34.1 26.3 35 54.2 52.4 47.9 50.2 44.5 61.5 46.7 58.5 55.1 91.9 65.5 54 45.6 44
76.4 22.9 100.8 84.4 43.1 40.4 27.6 31.7 98 102.2 146.8 35.3 24.8 34.7 54.4 51.9 47.4 50.4 44.3 58.9 44.2 56.8 53.3 90.4 64.1 52.3 43.7 42.3
71.8 18.2 93 78 38.2 37.5 23.4 26.6 93.2 97.3 142.4 30.7 22.1 31.9 51.1 47.8 44.2 47.1 42.6 57.6 42 54.7 51.1 88.3 62.6 51.1 42.3 40.8
63.6 9.1 78.5 66 29.7 32.9 17.8 19.1 85.8 90.4 136 23.1 20.1 28.3 46.6 42.5 40.1 42.3 40.7 59.2 42.3 53.9 50.5 87.3 62.3 51.8 44 41.7
56.7 -1.4 65.6 55.3 23.1 30 14.4 13.8 79.9 85.2 131.2 17.2 20.2 26.3 43.9 38.9 37.3 39.2 39.9 62.8 44.7 54.8 51.3 87.9 63.4 54 48.4 44.7
54.8 -6.4 60.5 51.4 22.1 30.7 14.4 13.2 78.1 84 130.1 16.5 22 26.3 43.5 38.1 36.4 38.4 40 64.4 45.6 55.1 51.6 87.5 63 54.6 51.1 45.6
57.8 -2.6 62.3 53.7 26.1 34.7 17 16.2 79.9 86.6 133 22.2 24.8 28 44.8 40.1 37.6 39.8 41.2 63.7 44.2 53.8 50.4 85.7 60.9 52.8 50.3 43.4
61.2 3.1 64.7 56.8 31.2 38.5 19.9 18.9 82.2 89.7 137 30.8 27.4 29.9 46.6 42.6 39.8 41.9 42.6 62.6 42.5 52.5 48.6 83.9 58.8 50.5 47.8 40.6
61.7 3.2 64.6 57.1 34 39 20.4 18.8 82.5 90.6 138.8 35.4 27.8 30.2 46.9 43.2 40.5 42.1 42.6 62.1 41.9 52.2 47.8 83.5 58 49.3 45.7 38.6
59.1 -2.1 61.5 53.9 33.5 37.2 18.6 16.6 80.8 88.8 137.1 32.2 26.7 29 45.5 41.8 39 39.6 41 62.6 42.6 53 48.7 84.3 58.2 49.5 46.1 38.7
54.8 -7.3 55 47.9 29.7 35.2 15.8 13.8 77.2 85.1 132.6 23.1 25.7 27.3 43.6 39.4 36.1 35.9 38.8 64.5 43.7 54.2 50.4 85 58.6 50.3 48.9 40.6
52.7 -8.1 51.5 44.5 25.7 34.1 14.6 12.5 74.8 82 127.9 13.6 25.6 26.4 42.8 37.4 33.4 32.6 36.3 65.6 44.1 54.6 51.1 84.3 57.7 49.8 50.8 41.6
54.7 -5.7 56.2 47.8 24.9 33.9 15.6 14 76 81.6 125.8 9 25 26.4 42.8 36.4 32 30.5 33.7 63.2 42.4 52.8 48.8 81.4 54.2 46.3 47.6 38.2
58.9 -1.3 66.4 55.4 28 33.8 17.3 17.1 79.3 83.3 126.3 10.7 22.1 26 42.6 36.3 31.1 28.6 30.8 57.4 38 48.7 43.7 76.5 48.4 40.1 40.1 30.4
63 5.2 76.4 63.4 33.3 33.5 17.8 19.6 82.5 85.4 128.1 15.9 17.8 24.6 42 36.7 30.4 26.6 28.4 51.5 33.4 44.6 39.3 72.1 43.1 34.5 33.6 23.3
64.5 9.3 81.6 67.9 36.8 32.6 16.8 20 83.7 86.5 129.5 20.3 14.7 22.9 41.1 37 29.9 24.8 26.8 49.4 31.9 43.7 38.5 71 41.4 33 32.8 22
62.5 6.7 81.6 67.8 35.7 29.9 14.2 18 82.6 85.5 128.5 20.4 13.1 20.7 39.5 36 28.5 22.7 24.7 50.4 33.1 45.1 39.9 72.4 42.4 34.2 35.7 24.9
59.1 1.2 79.9 65.4 31 26.8 11.5 14.9 80.4 82.9 125 15.8 11.6 17.9 36.7 33.4 25.7 19.2 21.3 50.8 33.7 45.7 40.3 72.8 42.5 34 37.4 26.6
56.9 0 78.9 63.7 26.9 26.4 10.5 13.1 78.9 80.8 121.5 10.5 10.5 16 34.5 31.1 22.8 15.3 17.7 49.5 32.7 44.3 38.7 70.8 39.8 31 36.3 25
58.4 4.7 81.8 65.8 27.6 29.8 12.2 14.5 80.4 81.4 121.7 10.2 11.5 16.7 35.2 31.5 22.2 13.7 16.1 47.8 31.5 42.7 36.8 68.3 36.6 27.7 34.4 22.5
63.8 10.7 89.2 72.8 34.1 34.6 15.6 18.9 85 85.3 125.9 15.2 14 18.9 38.4 34.4 24 14.8 16.6 46.6 31.1 42 36.1 66.8 34.9 25.8 33.1 21
67 12.1 92.5 76.7 39.4 35.7 16.8 21.2 87.3 87.6 128.9 18.8 15.4 19.6 40 36 24.8 15.3 16.9 45.9 30.4 41.3 35.4 65.5 33.5 24.3 32.5 20.5
63.7 8.5 85.6 71.8 37.3 31 13.7 18 83.6 84.6 126.4 16.3 13.9 17.3 37.9 33.9 22.3 12.7 15.1 46.3 29.3 40.4 34.3 64 31.6 22.5 32.7 20.7
56.4 1.2 72.5 61 29.3 23.9 8.2 11.8 76.5 78.5 120.2 10.7 10.5 14 34 29.8 17.9 8.3 12.7 48.5 29.7 40.7 34.2 63.6 30.5 21.8 34.6 22.6
49.8 -7.7 60.6 50.7 21 19 3.8 6.4 70.6 73.2 114.7 6 8.1 11.8 31.1 26.2 14.4 4.5 11 51.2 31.1 41.8 34.9 63.6 30 21.8 37.1 25.3
47.8 -12.2 55.7 46.2 17.5 18.2 2.9 4.7 68.8 71.2 112.4 4.2 8.4 11.6 30.4 24.5 12.8 2.3 10.3 51.8 31 41.7 34.4 62 28.1 20.3 37.6 25.5
51.2 -8.7 57.9 47.8 19.7 22.2 6 7 71 72.7 114.3 6 11.6 13.9 32.1 25.5 13.7 2.9 11.1 51.1 29.7 40.3 33 59.6 25.4 18 36.6 23.7
56.1 -2.4 61.2 51.5 23.6 28 10.1 10.7 74.3 75.8 118.2 9.6 15.6 17.4 34.7 28.4 16.3 5.3 13.3 51.4 29.5 39.8 32.4 58.8 24 17.4 36.9 23.4
58.2 -1.5 61.9 53.6 25.4 31 11.8 12.6 75.7 77.4 120 11.5 17.2 19.2 35.9 30.4 17.5 6.5 14 52.7 30.5 40.4 33 59.7 24.2 18.3 38.5 25.2
56 -7.1 58.5 51.4 23.6 29.6 9.5 10.9 73.8 76 118 10.6 15.7 18 34.4 29.2 16 4.9 12 53.9 31.4 40.9 33.7 60.4 24.3 18.5 40.3 27.1
51.2 -13.5 51.4 45.1 19.8 26.1 5.2 6.7 70 72.6 114.9 9.1 13 15.1 31.7 26 13.5 2.2 9.3 54.9 31.6 41.1 34.1 60.3 24.2 17.7 42 28.3
49.5 -14.4 49 42.4 18.8 24.7 3.6 5.1 69.1 72 114.9 9.5 12.2 14 31.4 24.9 13.5 2.2 8.7 55.7 32.2 41.8 35 60.9 25.2 17.6 43.4 29.6
54.3 -9.2 57.2 48.8 23.8 27.4 7.3 9.1 74.1 76.5 119.6 12 14.4 16.2 34.7 28.1 17.1 6.1 11.1 55.5 33.4 43.1 36.1 62.7 27 18.5 43.7 30.3
62 -0.5 70.8 60.3 32 31.7 13.2 15.3 81.2 82.7 125.6 14.9 17 19.2 38.2 32.5 21.3 10.6 13.9 53 32.5 42.7 35.8 62.9 27.1 18.1 40.9 28.4
67 7.9 81.9 69.9 38.5 33.6 16.1 18.8 85.6 86.3 129 16.6 16.9 19.7 38.9 34.7 23.3 12.8 14.3 48.7 29.1 39.8 33.6 60.7 25.2 15.8 36.7 25
66.6 10.9 85.8 73.4 40.5 32.2 14.9 18.3 86 86.5 129 16.7 15 18 37.3 34.2 23.3 13.1 12.9 46.1 27 38 32.5 59.8 24.7 14.8 36.4 24.7
62.7 7.1 84.1 72.1 38.4 28.8 11.5 15.6 84 84.6 127.1 14.3 12.9 15.9 35.3 32.8 22.3 12.9 11.7 47.1 28.4 39.6 33.9 62.2 27.4 16.8 40.9 28.7
59.7 2.8 83 70.6 35.5 25.9 9.3 13.8 82.6 83.4 125.4 10.7 11.7 15.1 34.4 32.2 21.9 13.2 11.7 49.5 31.2 42.5 36.4 66 31.4 20.4 45.4 33.1
59.7 3.9 84.4 71 34.6 25.3 9.4 14.4 82.9 84.4 126 8.9 11.9 15.6 35 33.3 23 15 13.3 51.1 32.7 44.1 37.8 68.4 34.2 23.5 46.4 34.6
61.4 8.8 87.6 73.4 35.7 25.9 10.3 16.1 84.2 86.7 128.3 9.9 11.8 16 35.5 34.8 24.7 17.4 15.1 49.4 31.3 42.9 36.8 68.2 34.4 24.1 42.7 32.4
63.2 12.2 92.5 77.4 37.6 25.6 10.6 17.3 85.7 88.3 130.5 11.6 10.3 15.3 35.1 35.6 25.9 19.3 16.1 44.5 27.8 39.6 34.3 66.5 33.2 22.8 37.4 29.2
62.5 11 93.1 78.2 37.1 23.7 8.9 15.7 85.2 87.5 130.4 12.1 8.1 13.4 33.7 34.6 26.1 20.3 16.4 40.5 24.9 36.4 32.5 65.3 32.6 21.6 35.2 28.2
58.2 6.1 85.6 72.5 33.2 20.6 5.2 11.2 81.8 84.3 128 11.3 6.2 11.1 31.6 32.3 25.8 20.6 16.7 40.9 24.5 36 33 66 34.3 22.9 37.5 30.2
52.6 -0.7 74.2 64 29.4 18 2.1 7.1 77.5 81.8 126.4 11.5 5.5 10.3 30.7 31.1 26.4 22.1 18.4 45.9 27.4 39.6 36.7 70.1 39.1 28 42.5 34.6
48.7 -8.1 64.6 57.1 28.8 17.2 1.4 5.6 74.9 81.6 127.9 15 6.1 11.5 31.4 31.8 28.8 25.9 21.7 51.6 31.3 44.4 41.7 76 45.6 34.8 46.9 39.4
48.2 -11.9 60.6 54.8 31.2 18.2 2.8 6.4 74.8 83.3 131.6 20.9 7.2 13.3 32.7 33.5 31.7 30.4 25.7 53.3 32.2 45.9 44.1 79.7 49.7 39 47.3 41.4
50.5 -9 61.3 55.7 34.2 20.9 5.3 8.3 76.4 85.9 135.7 26.1 8.7 15.1 34.6 35.5 34.3 34.5 29.8 51.6 30.2 44.1 43.4 79.7 50.4 39.7 45.1 40.7
53.3 -4 62.5 56.3 34.7 24 7.4 10 78.2 87.8 138.1 27.6 10.7 16.8 36.8 37.2 36.1 37.9 33.8 50 28.4 42.1 42.6 78.6 50.4 39.7 44.3 40.3
54.5 -3.3 62.5 55.8 32.8 25.3 7.9 10.5 79.1 88 137.9 25.4 11.8 17.4 38 38.1 36.9 40 36.8 50 28.7 42.3 43.6 79.3 52.1 41.5 45.4 42
53 -7.8 59.6 53.4 29.9 23.7 6.5 9.1 77.8 86.1 135.5 21.2 11 16.6 37.5 37.8 36.9 40.7 38.2 51.3 30.4 44 45.9 82.1 55.3 45 47.1 44.7
48.9 -13.1 52.5 47.6 26.3 20.4 3.2 5.6 73.6 82.8 132.1 16.8 9 14.8 35.4 36 35.9 40.1 38.3 53 31.8 45.6 47.8 84.9 58.2 48.5 48.7 46.9
47 -13.4 48.8 44.3 25.2 18.8 1.7 4 71.2 81.5 131.1 15.4 8.1 14.4 34.4 35.4 36 40.6 39.2 54.1 32.7 46.9 49.3 87.1 60.7 51.1 50.4 48.8
51 -7.4 55.5 49.3 29 21.1 5.3 8 75.4 85.5 134.6 19.8 10.1 17.2 37 38.6 39.4 43.8 42.4 54.1 33.8 48.4 51.2 89.6 63.4 53.3 52.1 50.7
58.5 1.8 68.6 59.5 35.1 25.4 11.4 15 83.4 92 140.1 27.3 13.3 21.3 41.4 43.8 44.4 48 45.6 52.3 33.7 48.6 51.6 91.1 64.8 53.7 51.2 50.2
64.7 10.3 79.9 68.7 39.3 28.4 15.6 20.1 89.7 96.6 143.6 31.3 14.8 23.3 44 47.6 47.4 50.3 46 49.2 32.3 47.3 50 90.3 64.2 51.9 47.3 46
66.4 13 84 72.7 39.6 28.4 16.1 21.3 91.3 97.3 143.4 29.1 14 22.7 44.2 47.9 47.3 49.9 44.3 47.9 32 46.9 49.1 90 63.8 50.7 44.5 42.6
63.7 8.6 82 71.5 36.3 25.7 13.6 19.2 89.3 95.1 139.9 23.2 11.8 20.6 42.5 45.4 45.1 48 42.2 48.4 33.4 48 50.3 91.4 64.7 51.5 44.5 42.4
59.7 2.4 79.2 68.9 32.2 22.1 10.3 16.2 86.6 92.2 136 18 8.9 18.2 40 41.9 42.7 46 40.3 47.9 33.7 48.3 51.3 92.7 65.3 52.4 44.5 42.9
57.6 1 78.1 67.4 29.6 20.3 8.4 14.5 85 90.4 134.4 16 6.7 16.9 38.4 39.8 41.5 45 39.2 45.6 32 46.9 50.9 92.3 65 52 43.1 42.4
59.5 5.8 80.8 69.4 30.6 22.7 9.9 16.1 86.3 91.3 136.3 17.6 7.4 18.4 39.6 41.2 42.9 46.2 40.2 44.2 30.8 46.2 50.4 91.7 65.3 52.1 42.2 42.7
65.4 13.2 88.7 76.3 36 28.6 15.2 21.8 91.5 95.7 141 22 11.4 23.1 44.1 46.4 47.1 50.3 43.9 44.9 32.5 48.2 52.1 93.4 67.9 54.6 44 45.4
69.9 16.9 93.5 81.3 40.6 33.4 19.7 26.5 95.8 99.8 144.9 26.1 15.5 27.4 48.2 51.3 51.1 54.7 48.1 46.9 35.4 51.1 55.2 96.5 71.5 58.4 47.8 49.3
68.4 14.8 88.6 77.6 39.9 33.6 19.1 25.7 94.2 99.6 144.5 26.6 16.4 27.8 48.5 51.7 51.3 55.6 50 49 37.5 53.1 57.5 98.9 73.9 61.7 51.2 52.2
62.9 7.9 77.4 68 35.1 31 15.5 21.2 89.1 96.3 141.7 24.8 16 26.3 46.6 49 49.3 54 50.3 52.5 39.9 55.2 59.6 101 75.9 64.6 54.5 54.7
58.1 -1.1 66.8 59.1 29.8 29 12.6 17 84.5 92.8 139.7 23.4 16.6 25.6 45.3 46.4 48.1 52.7 50.8 56.7 42.4 58 61.5 102.8 78.1 67.3 57.7 58
56.2 -6.7 61.5 55.4 26.4 28.4 11.8 15 82 90.9 139.4 23.4 16.9 25.3 44.8 45.1 47.7 52 51.2 57.9 42.1 58.4 61.2 102.1 77.9 67.4 58.4 59.6
56.7 -5.6 60.8 56.1 25.9 28.8 12.5 15.1 81.3 90.6 139.9 24.5 16.4 25.2 44.6 44.7 47.3 51.6 51.4 55.6 38.9 55.2 58.1 98.6 74.8 65 56.7 58.7
56.9 -2.5 59.8 56.1 26.9 28.6 12.9 15.2 80.7 90.6 139.7 25.1 15.7 25.2 44.2 44.3 46.2 51.2 51.7 53.2 35.8 51.1 54.4 94.6 71.2 62.1 54.8 56.7
55.7 -3.4 57.4 53.8 27.4 26.4 11.8 14 79.3 89.7 138.2 24.2 15 24.6 43.1 42.8 44.5 50.1 51 52.4 34.6 48.6 51.7 92 68.8 60.1 53.8 54.2
52.7 -9 52.7 49.5 26.3 23.1 9.3 11.3 77 87.5 135.9 22.6 14 23.2 41.2 40 42.5 48.1 49.6 53.2 35 48.3 51 91.1 67.9 59.5 53.6 52.2
47.7 -15.1 45.4 43.4 23.4 20.1 6 7.7 73.3 84 133.6 20.7 12.5 21 38.6 36.7 39.9 45.9 48.2 55.1 36 48.9 51.2 91 67.7 59.8 53.4 51.6
44 -17.4 42.1 40.7 21.5 18.6 4.1 5.6 70.9 81.8 132.6 19.4 10.8 19.3 36.6 34.5 37.6 44.2 46.7 56 35.8 48.8 50.7 90.3 66.9 59.5 51.5 51.1
44.4 -15.6 47.6 44.9 23 19 4.7 6.6 71.7 82.3 132.9 19.1 9.4 18.5 35.7 34.1 36.1 42.9 44.5 53.1 33.1 46.3 47.9 87.2 63.6 56.3 46.4 48
48.6 -9.7 58.5 53.3 27.3 20.5 7.2 9.6 74.9 84.4 133.5 19.7 8.4 18.3 35.6 34.3 35 41.6 41.4 46.8 28.2 41.4 42.9 81.7 58.1 50.4 39.3 42.1
54.6 -0.3 69.6 62.2 32.5 22.6 10.4 13.4 79.4 87.3 134.9 21.5 9.2 18.9 36.9 35.6 35.1 41.3 39.7 42 25.1 38.2 39 77.8 54.1 46.1 34.7 37.8
59.2 6 76.3 68.3 35.5 24.5 13.1 16.5 83.2 89.7 136.3 23.3 11.6 20.2 39 37.7 36.5 42 40.3 42.3 26.9 39.7 39.3 78.5 54.7 46.8 35.7 38.7
60.1 4.5 77.7 70 33.9 24.1 13.1 17.3 83.9 89.9 135.8 22.8 13 20.5 40 38.6 37 41.9 40.7 45.4 30.9 43.2 42 81.2 57.6 49.7 39 42.3
59.2 0.3 77.5 69.6 30.2 22.1 11.6 16.6 83 88.8 134.1 20.4 11.9 19.5 39.1 37.3 36.1 40.6 39.4 46.9 33.1 44.8 43.6 82 58.6 50.8 40 44
59.4 0.7 77.7 69.3 28.4 21.6 11.2 16.4 82.8 88.1 133.5 18.9 10.5 18.6 38 36.1 35.3 39.5 37.6 46 32.6 44 43 80.5 57.1 49.1 38.5 42.7
62.1 6.8 80.7 71.5 30.9 24.2 13.6 18.3 84.6 89.1 134.8 19.7 11 19.4 38.6 36.9 35.8 39.6 36.9 44.5 31.3 42.8 41.6 78.2 54.4 46.3 36.6 39.9
66.7 13.3 87.9 77.3 36.6 28.5 18.3 22.5 88.9 92.4 137.8 22.2 13.7 22.1 41 39.8 37.6 40.9 37.5 43.9 31 42.6 40.7 76.7 52.2 44.1 35.4 37.6
68.5 14.5 91.5 80.3 39.8 30.9 21.3 24.9 91.1 94.4 139.6 23.7 16.2 24.2 42.4 41.3 38 41.5 37.9 44.7 31.4 42.7 39.8 75.8 50.7 42.8 35.2 36.6
64.5 9.9 84.6 74.5 36.8 29 19 22 87.4 91.9 137.9 22.2 15.8 23.2 40.3 38.9 35.3 39.4 36.4 46.3 31.4 42 38.3 74.8 49.3 42 35.3 36.5
57.6 0.9 70.6 63.1 29.9 25 13.2 15.7 80.2 86.4 134.2 19.2 13.5 20 36.4 34 31.1 35.7 33.9 48.6 31.6 41.5 37.7 74.3 49 42.1 35.4 36.5
52.1 -9.3 57.6 52.9 23.6 22.2 8.1 9.9 74 81.1 131 17.7 11.9 17.4 33.3 29.8 27.9 32.7 32 51 32.2 41.6 38 74.1 49.3 42.4 35.2 36.5
50.7 -14.3 51.9 48.7 21.2 21.9 6 7.5 71.4 78.4 129.6 18.8 12.2 16.6 32.2 28 26.3 31.4 31.1 51.5 31.7 40.9 37 72.4 47.9 41 34.2 35.5
52.9 -11.1 52.4 49.4 23 24 6.8 8.6 72 79 130.5 21.6 14.1 17.8 32.8 28.3 26.3 31.6 31.5 50.5 29.8 39.1 34.5 69.3 44.7 38.4 32.7 33.7
55.5 -5.2 53.8 51 26 27 9 10.9 73.6 81.1 132.6 24.4 16.4 20.2 34.1 29.7 27 32.7 33.2 50.2 28.6 38.1 33 67.4 42.3 37 32.3 33.1
56.6 -3.4 54.5 51.9 28.1 29.2 11 12.5 75 83 134.4 25.2 18.3 22.3 35.5 31.4 27.9 34.1 35.3 51.9 30.4 39.6 34.6 68.7 42.9 38.6 34.4 35.4
55.5 -7.2 52.7 50.4 27.4 29.5 10.9 12.2 75 82.7 134.3 23.9 19.5 22.9 36.3 32.2 28.1 34.6 36.6 55.1 33.9 42.3 37.8 71.8 45.5 41.3 38.4 39.4
51.5 -13.2 45.9 44.3 23 27.5 7.8 8.5 71.4 79.3 130.8 20.5 18.8 21.1 34.7 29.9 26.2 32.3 35.6 57.6 35.7 43.5 39 72.8 46.7 42.1 41 41.2
48.2 -16 41.5 40 19.6 25.7 5 5.2 68.2 76 126.8 17.4 17.1 19.1 32.1 26.8 23.9 29.1 33.6 58.1 35.3 42.9 37.5 71.6 45.6 40.7 40.5 39.8
50.7 -13.2 47.3 44.6 22.4 27.3 6.9 7.3 70.4 77.5 127.3 18 17.3 19.9 32.3 27.2 24.6 29.2 33.2 56.8 34.5 41.9 36 70.5 44.3 39.1 38.4 37.2
57.7 -5.4 60.4 56 29.6 31.7 12.1 13 76.7 82.6 131.5 21.5 19.1 22.6 35.1 30.8 27.5 31.7 33.9 53.8 33.3 40.2 34.9 69.7 43.1 37.5 35.3 34.4
64.3 4.5 72.8 67.1 36.5 35.3 16.1 17.6 82.3 87.3 135.6 24.1 19.8 24 37.5 34.1 29.4 33.1 33.8 49.8 31.2 38 33.6 68.5 41.8 35.5 31.6 31.4
67 9.9 78.7 72.4 39.5 35.8 16.3 18.7 84.6 89.2 136.7 24 18.5 23.1 37.8 35 29.1 32.2 32.8 47.6 29.9 37.3 33.4 68.3 41.6 34.7 30.1 30.3
65.2 6.7 78.4 71.8 38.6 33.1 13.2 16.8 83.5 87.9 134.7 21.5 15.7 20.4 35.7 33.1 27.3 29.6 31.1 47.4 30.1 38.6 34.5 69.5 42.5 35.9 31.5 31
61.7 0.6 76.9 69.9 36.5 29.1 10.1 13.9 81.2 85.5 131.4 18.4 12.7 17.4 32.8 29.9 25 26.5 28.9 47.3 30.4 40 35.1 70.3 42.9 37.2 33.1 31.5
59.5 -1.1 76.2 68.9 34.8 26.3 9 11.8 79.4 83.4 128.9 16.4 10.7 15.3 30.6 27.3 22.7 23.6 26.4 45.8 29.2 39.4 33.7 68.9 41.3 36.1 32.7 30.1
59.6 2.1 77.1 69.3 33.5 24.9 8.9 10.9 78.5 81.8 126.7 14.9 9.5 13.8 29.1 25.5 20.1 20.3 23.1 42.2 25.6 35.8 29.8 64.5 37.1 31.7 28.9 25.8
61.1 5.1 80.6 71.8 32.8 23.6 8.9 11.4 78.6 80.4 124.1 12.8 8.1 12.4 27.6 23.9 17.5 16.8 19.1 36.9 20.4 30.3 24.8 58.9 31.5 25.6 21.9 19.1
60.9 4.1 80.4 71.2 30.7 21.7 7.7 11 77.1 77.9 121 9.9 6.5 10.4 25.6 21.8 14.7 13.5 15.4 32.7 15.7 25.5 20.8 54.3 26.8 20.6 15.2 12.7
57.5 -0.1 72.5 64 25.8 19.7 5.1 8 72.8 73.7 117.7 7.3 5.4 8.4 23.3 19.3 11.9 10.5 13.3 32.8 14.5 24.2 19.7 52.8 25 18.8 13.2 10.2
53.3 -5.4 61.4 53.9 20.4 19.2 3.4 4.7 68.5 70.3 116 7.1 6.5 8.3 22.6 18.2 11 9.2 14.3 38.4 18.8 28.1 23 56.1 27.6 21.7 18.2 13.5
51.1 -11 52.7 46 16.9 20.8 3.9 3.5 66.6 69.3 116.1 9.1 9.8 10.6 24.2 19.2 12.4 10.4 17.6 46.2 25.8 34.4 28.5 61.6 32.5 27.5 27.3 20.4
51.4 -13.9 48.6 42.5 16.1 23.2 5.6 4 66.3 69.9 116.7 10.7 12.4 12.9 26.1 20.3 13.8 11.8 19.6 49.7 28.9 37.1 30.9 63.6 34.7 30.5 33.3 24.5
52.8 -12.3 47.3 41.8 17.5 25.6 6.7 4.7 66.3 70.4 116.9 10.4 13 13.5 26.7 20 13.7 12.1 19.2 47.2 26 34.2 28.3 60.4 32 28 32.7 22.3
53.5 -10 46.3 41.4 18.7 27.7 6.9 4.7 66 70 116.8 8.6 13 13.1 26.4 19 12.8 11.7 18.2 43.1 21.4 30 24.5 56.2 28 23.6 28.5 17.4
52.5 -11.2 45.1 40.3 18 28.5 6 3.7 65.4 68.9 115.9 6 12.5 12.2 25.3 18.1 11.8 10.8 17.6 40.7 18.9 27.8 22.9 54.4 26.1 21.3 24.4 14.1
49.2 -16.4 42 36.9 14.7 26.3 3.1 0.5 63.2 66.6 113.7 3.3 10.1 9.9 22.9 16.4 9.6 9.1 16.4 40.2 18.3 27.3 22.7 54.4 26.2 21.4 21.8 12.9
44.5 -21.5 35.5 31.3 10.6 22.3 -0.9 -3.8 59.3 63.3 111.1 2.4 6.7 6.5 19.7 13.9 7 6.9 14.7 40.7 18.5 27.6 22.8 55.1 27.1 22.4 22.1 13.5
43.3 -21.7 33.9 30.5 10.5 20.5 -1.8 -4.5 58.2 62.9 111.6 4.9 5.6 5.1 18.7 13.5 6.9 6.3 13.8 41.6 19.6 28.9 23.6 56.7 28.6 23.5 25.4 15.7
48.3 -16.5 42.5 38.5 16.2 22.8 2.2 0.5 62.9 67.4 115.7 9.2 8.1 7.1 21 16.3 9.7 8.2 14.6 41.4 20.2 30 24.4 57.9 29.3 23.5 27.8 16.5
55.5 -8.5 55.4 50.1 22.8 27 7.1 6.3 69.8 72.8 119.3 10.9 10.3 9.3 23.6 19.4 12.2 10.1 15.2 38.2 17.7 27.8 22.6 55.9 26.9 20.7 25.1 13
59.9 -0.4 65.4 58.6 26 30.5 9.3 8.9 73.8 75.3 119.6 8.4 8.9 9 23.7 20.3 12.2 9.9 14 33.3 12.9 23.2 18.5 51.5 22.6 16.5 19.2 6.7
59.6 2.6 69 61.1 25.3 32.9 8.5 8.4 73.9 74.7 117.5 4.8 5.9 7.3 22.1 19.4 11.1 8.1 12 30.7 10.4 20.4 16 48.9 20.2 14.4 16 3.1
56.1 -1.3 68.1 60 22.5 32.8 6.1 6.5 72.2 72.7 114.9 2.3 4 5.5 20.4 17.9 10.1 6 10.5 31.6 11.9 21.4 16.9 50.1 21.3 15.3 16.8 3.8
53 -5.8 67.7 59.8 20.6 29.2 4.3 5.4 71.5 71.8 113.3 1.4 3.7 4.7 19.5 16.9 9.6 4.8 9.7 33.1 14.7 23.9 19.8 52.7 23.5 16.9 19.1 6.7
52.9 -4.3 69.5 61.6 22 23.4 3.9 6 72.4 73 113.8 2.1 4.3 4.8 19.9 17.3 10 5.4 10.2 33.1 15.5 25.2 21.9 54 24.5 17.5 20.6 9.2
55.5 2.2 73.6 65.1 26.8 18.2 4.7 8.4 75.1 76 116.6 4.8 4.4 5.2 21.5 19.2 11.6 7.4 11.5 31 13.9 24.7 22.1 53.9 24.2 16.9 20.5 9.5
59.8 8.3 80.7 71 33.6 16.5 6.8 12.3 79.5 80.3 120.9 8.4 4.2 6.5 24.3 22.1 14.2 9.6 12.9 28.3 12 23.9 21.5 53.9 23.3 15.8 19.5 8.2
61.7 9.5 84 74.1 36.9 17.3 8.1 14 81.7 82.6 123.5 10.3 3.8 7.6 26.2 23.8 15.6 10.4 13.4 27.5 11.4 24.1 21.1 54.1 22.6 14.8 19.4 7.2
58 4.9 77.2 68.6 32.2 16.9 5.7 10.4 78.2 79.7 121.3 8 2.5 6.7 25 22.4 14.3 8.5 12.5 29.2 12.1 25 21 53.9 22.1 14.3 21.1 7.5
50.8 -4.2 63.7 56.7 21.7 14.1 0.6 3.8 71 73.8 115.8 2.6 0.7 4.5 22 19.3 11.5 5.5 11.2 32.5 13.9 26.7 21.8 54.6 23 15.5 24.9 10.3
44.3 -14.6 51.2 45.5 12.4 11 -3.8 -1.1 65.1 68.8 111.5 -1.7 -0.2 3.4 20.1 17 9.7 4.1 11 36.1 16.1 28.6 23.7 56.6 25.2 18 29.3 14.5
41.7 -19.9 45.4 40.8 9.3 9.7 -5.2 -2.4 63.7 67.1 110.7 -2 0.3 3.8 20.5 16.9 10 4.8 11.9 37.6 16.9 29.3 24.9 57.9 26.5 19.3 31.7 17.5
42.5 -17.8 44.8 41.5 11.2 10.5 -4.2 -1.5 65.1 67.9 112.5 1.7 1.3 4.8 21.7 18.4 11.6 6.5 12.8 36.6 15.2 28.3 24.1 57.1 25.6 18 31.5 18
43 -14.7 43.6 41.6 12.6 11.3 -3.7 -1.7 65.3 68.3 113.8 6.5 1.2 4.3 21.9 19.4 12.7 7.2 12.4 34.6 12.2 26.2 21.8 55 23.2 15.4 30.2 17
42.1 -15.6 41.3 40.1 11.9 10.9 -4.4 -3 64.2 67.9 113.8 9.2 0.3 3.1 21.5 19.6 13.1 7.3 11.5 34.1 10.7 25.5 21.1 54.5 22.2 14.5 30.8 17.2
41.2 -19.1 39.5 38.6 10.6 10.9 -4.4 -3.6 63.5 68 113.7 8 0.2 3.3 22 20.4 14.1 8.2 12.8 36.7 13 28.2 24.1 57.5 24.7 17.8 35 21.5
39.9 -21.9 36 35.9 8.5 11.4 -4.1 -4.3 62.4 67.8 112.5 3.3 0.6 4.3 22.5 20.8 14.8 9.4 15.9 40.6 16.5 31.5 28.4 61.7 28.9 22.8 39.9 27.9
39.9 -21.5 34.9 35.1 8.2 12 -3.6 -4.2 62.1 68.2 112 0.3 0.6 4.6 22.6 20.7 15.3 10.7 18.8 42 18 32.6 30.6 64.5 32.1 26 41.2 31.8
44.2 -17.5 42 40.8 14 13.7 -1.2 -0.8 65.8 72 116.4 5.8 1.3 5.8 24.1 22.3 17.8 13.8 21.8 40.3 17.8 32.1 31 65.5 33.6 27 39.5 32.7
51.5 -10.2 54.5 51 24.6 17 3 5 72.4 78.1 124.8 17.1 3 8.1 27 25.6 21.8 18.1 24.6 36.6 16.2 30.7 30 64.9 33.6 26.1 36.3 31.1
57.7 -1.3 65.4 60.2 33 20.2 6.8 10 77.9 82.9 131.5 25.4 4.1 9.9 29.2 28.5 24.4 21.1 26.1 33 13.9 29.2 28.7 63.5 32.8 24.7 33 28.2
59.4 3.4 69.9 64 34.1 21.6 8.2 11.7 79.6 83.9 132.8 26.6 4.7 10.5 29.9 29.5 24.7 21.9 25.8 32.5 13.6 29.5 29.3 63.7 33.7 25.1 32.6 27.9
56.3 0.4 68.8 62.6 29 20.6 6.8 10.1 77.7 81.5 129.3 22.9 4.5 9.8 29 28.3 23.2 20.7 24.1 34.7 15.3 31.4 31.8 66 36 27.4 35.4 31.1
52 -5.2 66.9 59.9 23.7 18.2 4.6 7.7 75.1 78.1 124 17.3 3.3 8.2 27.2 26.2 21.2 18.7 21.8 36.4 16.7 32.7 33 67.9 37.3 29 37.1 33.8
50.2 -5.8 66.6 59.1 22.5 17.5 4.4 6.8 74.2 76.2 120.7 12 2.7 7.5 26.3 25.2 20.3 17.8 21.2 36.2 16.9 32.6 32.2 68.1 37.2 29.3 36.2 33.6
52.7 -0.5 69.8 62.1 26 20 7 8.9 76.3 77.4 121.3 8.9 4 8.7 27.7 26.6 21.8 19.2 23.2 34.7 16.7 32.3 31.1 67.9 37.1 29.7 35.1 33
58.9 5.7 77.2 68.7 31.7 24.1 10.9 13.4 80.5 81.4 125 9.3 6.2 10.9 30.5 29.8 24.9 22.4 26.3 33.1 16.7 32.4 31.2 68.5 38 30.8 35.6 34.2
63.4 6.8 80.7 71.9 33.9 26.6 12.6 15.7 82.2 83.6 127.4 11.2 7.2 12.1 32.4 31.4 26.8 25 28.4 32.6 16.7 32.6 31.9 69.4 39 32.3 37.8 36.6
61.4 1.6 73.5 65.9 28.7 25.1 9.9 12.6 78.1 80.6 125.1 11.1 5.9 10.8 31 29.4 25.3 24.9 28.5 34 17 32.7 32.4 69.8 40.1 33.7 40.3 39
54.8 -7 60.3 54.7 20.1 21.5 5 6.7 71.6 75.1 120.5 9.1 4.3 8.7 28.3 26.2 22.6 23.4 28.3 37.8 18.9 34.2 34 71.2 42.6 36.5 43.4 41.9
49.4 -14.7 49.9 45.4 14.1 19.9 2.4 3.3 67.4 72.1 118.4 8.1 4.9 8.6 27.1 25.1 21.8 23.3 29.7 43 22.6 37.4 36.9 74.3 46.6 40.8 47.2 45.7
48.4 -17 46.2 41.7 13.1 21.7 3.1 3.5 66.8 72.3 119.4 9.2 7.4 10.7 28.1 26.1 23 25.4 31.9 46.2 25.2 39.5 38.7 76.4 48.8 43.6 49.6 47.9
50.8 -13.4 46.4 41.7 14.8 25.3 6.1 5.5 68.4 73.8 121.8 12.1 10.1 13.5 30.1 27.7 25.1 28.4 34.1 46.3 25 39 38 75.8 48 43.2 49.3 47.6
53.6 -9 46.2 42 16.3 28.8 9.5 7.6 70 75 124.1 15.2 12.5 16.2 32.5 29.2 27 31 36.3 45.7 23.9 38 36.9 74.5 46.9 42.4 48.3 47.3
54.6 -9 45.5 41.9 16.1 30.5 11.4 8.8 70.7 75.6 125.3 17 13.8 17.5 34.1 30.4 28.2 32.5 38.4 45.7 24.1 38.2 37.6 74.9 47.9 43.5 48.3 48.3
52.8 -12.9 43.2 40.2 13.8 29.5 10.7 7.8 69.7 74.7 124.7 16.8 13.7 17.4 34.1 30.5 28.4 33 40.1 46.7 25.8 39.8 39.9 76.9 50.5 46.7 50.1 50.9
49.2 -16.7 38 35.8 10.3 26.9 8.1 5.1 67 72.6 123.4 15.6 13.2 16.9 32.9 29.7 28.2 33.4 41.7 49.3 28.3 42.3 42.9 79.8 54.1 50.9 53.8 55.3
48.7 -15.5 37.2 34.7 9.8 26 7.3 5.2 67 73.1 124.4 15.7 14.1 18.1 33.6 30.7 29.9 35.8 43.8 52.7 31.2 45.9 46.3 83.5 58.3 55.2 58 60.2
54.7 -8.8 46.9 42.4 15.7 29.1 11.2 11.1 73.4 79 129.4 19.1 17.7 22.4 38.2 35.4 34.9 41.2 47.4 55.8 34.5 49.8 50 87.7 62.6 58.9 61.4 64
63.2 0.5 61.5 55 24.3 34.1 17.6 19.1 82.5 86.9 135.5 24.1 21.7 27.2 44.2 41.3 40.5 46.7 50.9 56.4 36.2 51.6 51.5 89.8 64.8 59.8 61.7 64.7
68 8.6 72.3 65 29.9 36.5 21.6 23.8 88.1 91.7 138.6 26.9 22.6 28.7 46.9 44.4 42.8 48.9 51.6 53.7 34.9 50.2 50 88.3 63.6 57.6 58.8 62
67.1 10.5 75.4 67.9 30.2 34.5 20.8 23.4 88 91.7 138.1 26.5 19.7 26.5 45.5 43.6 41.6 47.6 49.7 50.5 32.7 48.2 48.1 86.3 62 55.7 55.2 59.1
62.5 4.9 73.1 65.1 27.1 29 16.1 19.3 84.3 88.3 135.4 23.6 14.8 22 41.6 40 38.2 44.2 46.8 48.2 31.5 47.4 47.3 85.7 61.6 55.6 52.7 57.5
57.5 -2.2 70.4 61.2 23.9 23 10.9 14.4 80.2 84.3 131.8 19.9 10 17.6 37.3 35.4 34.3 40 43.3 46.5 30.7 46.8 46.3 84.9 60.9 54.9 50.1 55.1
54.9 -3.8 69.4 59.3 22.7 20 8.2 11.4 78 82.3 129.5 17.6 7.7 15.5 34.9 32.9 31.8 37.4 40.8 45.1 29.7 45.7 44.3 82.9 59.2 52.7 48 52.1
56.1 0.7 72.1 61.2 25 21.3 9.3 12.5 79.8 83.9 130.4 18.4 9.2 17 35.7 33.8 32.5 38 40.7 44.4 29.1 44.8 42.7 81.1 57.8 51 47.3 50.3
