-0.98914 -6.8722 1.8198 -1.5483 1.4651 -0.22175 1.1788 0.68513 -0.0023121 0.19255 1.0349 -0.035995 0.78524
-1.2338 -6.0222 1.8532 -0.43388 1.4351 0.089682 0.45635 0.16266 0.44707 0.27865 0.39719 0.46722 0.0684
1.9007 -8.0088 1.7905 -1.5711 1.5085 -0.21853 0.79086 0.35018 0.81416 0.29332 0.15298 0.85545 0.65818
3.1106 -7.7233 2.0145 -2.8059 0.94956 -0.71076 0.99879 -0.04278 0.694 0.45606 0.48864 0.79548 0.064797
1.8079 -8.2461 1.5472 -1.7129 1.3886 -0.10281 0.78644 -0.4311 1.0981 0.5374 0.13997 1.07 -0.10371
2.4707 -8.7758 1.3041 -2.0852 1.3228 -0.73475 0.621 -0.12036 0.64564 0.59955 0.73391 0.9036 0.50774
2.0526 -7.5152 1.9125 -1.7271 1.3514 -0.10924 1.0584 -0.76549 0.32687 0.65534 0.018724 0.59177 0.25631
2.8628 -8.1948 2.3035 -2.0475 1.595 -0.44241 0.71124 0.24083 0.93091 -0.09135 -0.25351 0.82033 0.20313
3.1447 -8.0622 1.4774 -1.7431 1.6775 -0.87167 0.80577 0.38262 1.0331 0.67358 0.20991 0.30031 -0.044396
2.0988 -5.897 2.733 -1.0521 1.9338 -0.71862 -0.3097 -0.14583 0.075882 0.0125 -0.75557 0.13098 0.073911
2.4689 -0.60895 1.0344 -2.6105 -0.51931 -0.75417 -0.70878 -1.3464 0.45494 0.79697 -0.56685 -0.42495 -0.22602
4.0285 -0.74615 -0.47565 -2.3656 -0.60222 -1.1568 -0.97231 -0.4464 0.16211 1.4402 -1.283 -0.40477 -0.12695
4.4211 -0.74889 -0.80543 -1.9531 -0.63575 -1.0945 -1.2511 -0.12277 0.57368 1.1801 -1.3316 -0.34123 0.05153
4.3669 -1.2016 -0.99581 -2.0088 -1.0699 -1.2249 -1.4934 0.033139 0.25992 0.6073 -1.4794 -0.26455 -0.18105
4.5249 -1.1873 -1.6423 -1.4957 -0.92324 -1.62 -0.92382 0.16786 0.054949 0.59896 -1.5946 0.066944 -0.052183
4.7554 -1.5925 -2.3503 -0.71762 -1.1846 -1.3222 -1.1204 0.42156 -0.12074 0.47425 -1.2819 -0.088021 0.15655
4.336 -1.7467 -1.9573 -0.72677 -0.75225 -1.3416 -0.96265 0.75096 -0.27713 0.78119 -1.3278 -0.14801 0.10386
2.8656 -1.6337 -1.1621 -1.3831 0.0041051 -0.99132 -0.4064 0.65608 -0.24337 0.37458 -1.4786 -0.54137 -0.073727
1.2176 -1.4455 0.040451 -1.1252 0.14132 -0.31736 0.14913 -0.066862 0.098894 0.30697 -0.70391 -0.3399 0.072543
0.48544 -3.2196 1.3707 -0.53877 -0.38516 -0.27559 -0.072391 0.10698 0.76897 1.0062 -0.030532 -0.19766 -0.36085
0.29038 -4.2285 0.56962 -2.2204 -0.72642 -0.17845 0.63362 0.88459 0.426 0.87141 0.18027 0.60182 0.19426
-0.051244 -3.4887 0.74897 -0.74497 0.2142 0.041443 0.50676 0.63069 -0.091006 0.26233 -0.19505 0.13416 -0.2619
0.42403 -1.8708 0.79847 -1.1808 -0.097343 -0.12978 -0.18525 -0.041562 -0.40031 0.011074 -0.28765 -0.17575 -0.35122
1.1976 -0.61516 -0.13976 -2.3777 -0.057215 -0.071755 -0.11979 -0.67943 0.0071942 0.052572 -0.52437 -0.57072 0.015956
2.6328 -0.26406 -0.88159 -2.4634 -0.91382 -0.55763 0.12253 -0.73337 -0.15654 0.58966 -0.18463 -0.90176 -0.049792
3.3834 -0.26914 -1.4506 -2.8492 -0.5719 -1.1051 -0.042648 -0.4367 -0.38476 1.1255 -0.66433 -0.88855 0.03622
3.6802 -0.0037379 -2.062 -2.8125 -0.68363 -1.1096 0.22755 -0.64546 -0.29569 0.98336 -0.81546 -1.1256 0.17011
3.9118 -0.12193 -2.0794 -2.7682 -0.96875 -0.96183 0.13672 -0.54756 -0.089428 0.70953 -0.81932 -1.1391 0.036539
4.0314 -0.11087 -2.3744 -2.6698 -0.96867 -1.2079 0.28311 -0.6097 0.244 0.62153 -0.89597 -1.0692 0.019625
3.9958 -0.083725 -2.0268 -2.7353 -0.93128 -1.271 0.35484 -0.42906 -0.076355 0.88404 -0.95737 -1.2439 0.065485
3.7619 0.15726 -1.8837 -3.0671 -0.82827 -1.2642 0.23166 -0.61914 0.3305 0.49977 -0.55565 -1.4259 0.14254
2.5683 0.03781 -0.70077 -2.769 -1.3025 -0.48739 0.63142 -1.6152 0.90283 0.033027 -0.13181 -0.75497 -0.20135
1.1497 -0.80659 0.49766 -2.0658 -1.1959 -0.56143 0.1178 -1.4017 0.76113 0.3498 0.27596 -0.67526 -0.2153
2.2698 -1.0998 -0.80559 -2.1147 -1.3713 -0.75863 0.24506 -0.95725 0.74538 0.81037 0.033254 -1.0056 0.0085515
1.825 -1.9379 -1.0916 -2.3171 -1.1978 -0.83816 0.021048 -0.41792 0.65031 0.68935 -0.03793 -1.1275 -0.082875
0.017396 -1.81 0.2534 -1.4699 -0.91479 -1.1988 0.21292 -0.46332 0.95729 -0.14525 -0.10646 -0.53851 0.087415
