2.2961 -2.1443 1.4422 0.54919 -0.39604 -1.0857 -1.3437 -1.163 0.18971 -0.15799 0.097864 -0.10848 0.099465
3.2474 -2.0618 1.376 0.11309 -0.18435 -1.8278 -1.9716 -0.54412 -0.28848 -0.060021 -0.047333 0.20931 0.63766
3.7387 -2.131 0.66372 0.27089 -0.47706 -2.1295 -2.0294 -0.50833 -0.028205 -0.010413 -0.31755 0.043614 0.82171
3.861 -2.1986 0.21158 0.21508 -0.38922 -2.3677 -1.9746 -0.42716 -0.26178 0.062676 -0.072191 -0.35169 0.88232
3.1211 -2.1586 0.52574 0.080784 -0.33006 -1.5988 -1.6356 -0.7589 0.40155 0.0054298 -0.36817 -0.08081 0.57144
1.3866 -1.8842 1.2873 0.41788 -0.307 -0.40132 -0.49159 -1.6232 0.7571 -0.38646 -0.68483 -0.13117 -0.17468
-0.22917 -2.6907 0.73622 0.52809 0.34319 0.19979 -0.19202 -0.49579 0.53701 0.060623 -0.18618 0.25915 -0.25488
-2.0724 -2.956 0.5769 -0.083132 0.17273 0.034695 -0.091557 -0.25149 -0.18095 0.13603 0.49529 0.406 -0.18285
-1.6193 -2.7759 0.66078 -0.061742 -0.31684 -0.27592 0.40151 -0.10585 -0.052076 0.51993 1.6356 0.55768 0.18972
-2.7733 -2.9444 0.47044 -0.39647 -0.19191 -0.18742 0.37677 0.26626 -0.082936 0.5865 1.5034 0.60925 0.49262
-3.6191 -3.0536 0.51425 -0.15967 0.24874 0.12017 -0.038342 0.0076647 0.11346 0.15725 0.43631 0.3294 0.24375
-5.8997 -2.676 0.57911 0.12902 0.46889 0.22428 0.26496 0.088573 0.20789 0.34152 0.55765 0.42117 0.14646
-4.205 -3.3777 0.31282 -0.31797 0.77499 -0.20241 -0.31592 -0.0025955 0.38791 0.55868 0.13509 0.14669 -0.056829
-4.5679 -2.6762 0.59601 0.26919 0.15219 0.010319 0.029316 -0.0049828 0.64596 0.36392 0.11463 0.10963 0.18914
-5.1985 -2.8061 0.47893 0.19344 0.31549 0.4531 0.34414 0.43713 0.31716 0.22468 0.11308 0.19942 0.15459
-5.8064 -2.3841 0.77926 0.42254 0.79133 0.75131 0.93197 0.92823 0.87157 0.57357 0.33928 0.35604 0.60363
-2.3071 -2.259 1.0104 0.36918 0.19665 0.031446 -0.0051407 -0.49119 0.20805 -0.29948 -0.35506 -0.13346 -0.2769
2.1465 -1.6058 0.45882 -1.3101 -1.2228 -1.0462 -0.38887 -1.654 0.20939 -0.33997 -0.20782 -0.70262 -0.58999
3.3046 -1.0933 -0.12014 -2.2456 -1.023 -1.3601 -0.69931 -1.465 0.68024 0.21287 0.11912 -0.67553 -0.72294
3.72 -1.5977 -0.13024 -2.4266 -1.2865 -1.0479 -1.0874 -0.99169 0.52097 0.51817 0.18466 -1.2551 -0.15598
3.7544 -1.8355 -0.45501 -1.9747 -1.3045 -1.6001 -1.1761 -0.97624 0.69225 0.55469 -0.19978 -1.1826 0.033716
3.4893 -1.4776 -0.47221 -2.1532 -1.3955 -1.5046 -0.70543 -1.7532 0.60263 0.29618 -0.061085 -0.95512 -0.37134
1.672 -2.0472 0.027136 -0.88611 -0.87178 -1.3023 -0.72332 -1.375 0.59454 0.54711 0.32205 -0.49792 -0.23067
1.077 -2.6596 0.53881 -0.60861 -0.88463 -0.49526 0.17205 -0.9705 0.11769 0.091682 0.47457 -0.44122 -0.50113
1.8069 -2.1073 0.067848 -1.3502 -0.84483 -1.1298 -0.45035 -1.6322 0.28874 0.30336 0.16935 -0.77038 -0.37788
2.2302 -2.5053 -0.21369 -1.3192 -0.90435 -1.6616 -0.79201 -1.3326 0.43866 0.70135 0.12727 -0.89754 0.21076
1.4753 -2.6217 0.77199 -0.55045 -0.74282 -1.2938 -0.37575 -0.92617 0.2868 0.74133 1.108 -0.79614 -0.13047
0.62926 -3.0218 0.18837 -0.96361 -0.38849 -1.2409 -0.70458 -0.44768 0.80256 0.98678 0.42256 -0.59945 -0.03296
