1.5068 -1.5263 1.8104 0.10397 -1.36 -1.0697 -0.12126 -1.9286 0.036243 -0.76346 0.68695 0.0044024 -0.37073
2.5146 -1.4259 1.4849 0.48795 -1.5073 -2.0965 -1.0054 -1.2572 0.33957 -0.83772 0.31235 -0.24932 -0.041179
3.2557 -1.3395 0.49507 0.17516 -1.0916 -2.594 -1.1977 -0.50882 0.3814 -0.83552 -0.066665 -0.13558 0.30787
3.6219 -1.259 -0.3057 -0.2675 -1.1247 -2.475 -1.0528 -0.16635 -0.36475 -0.6314 0.52583 -0.65797 0.22552
3.3617 -1.2067 -0.73207 -0.6793 -0.87555 -2.2741 -1.0283 -0.51896 -0.082981 -0.39979 -0.11386 -0.65642 -0.019324
2.8334 -1.9753 -0.61823 -1.1117 -0.97393 -1.9097 -1.2217 -0.99948 -0.015166 -0.40179 -0.72891 -0.81152 -0.47013
1.7599 -1.557 0.17302 -1.2655 -0.74683 -0.51623 -0.46566 -0.90372 0.50113 -0.58909 -0.21717 -0.76029 -0.061988
0.68877 -2.2061 1.1869 -5.2697e-05 -1.1777 -0.98965 0.26064 -0.59206 0.56875 -0.059565 0.48469 -0.81214 0.17293
-0.35125 -2.8309 0.55715 -0.65901 -0.74588 -1.1835 0.12014 -0.061022 0.52732 0.82891 1.293 -0.49309 0.23382
-1.5159 -2.8579 0.52098 -0.035753 -0.23079 -0.41121 0.020663 -0.16671 0.57249 0.56188 0.5828 -0.33958 -0.36842
-1.8167 -2.8734 0.43203 0.072386 0.23511 0.28697 0.50157 0.30273 0.43902 0.0061031 -0.17779 -0.36988 -0.40959
-1.7655 -2.8467 0.3892 -0.055398 0.11828 -0.026218 0.058366 -0.15467 0.010879 -0.025302 0.061009 -0.14017 -0.46152
-2.1608 -3.0322 0.37288 0.20785 0.61536 0.48301 0.35743 0.34098 0.63052 0.20754 -0.24335 -0.13067 -0.67733
-2.67 -2.8621 0.47217 0.20329 0.39973 0.1644 -0.046745 -0.20083 0.25167 0.033237 -0.16245 -0.081793 -0.70054
-1.6552 -1.9417 1.4545 0.61583 -0.36646 -0.3392 -0.091182 -1.0571 0.25344 -0.32917 0.094967 -0.22623 -0.21629
2.9483 -0.87669 -0.033652 -2.7095 -1.571 -0.77642 -0.21206 -1.6323 0.15313 0.023358 0.010319 -1.0895 -0.56835
3.6795 -0.99705 -0.52163 -3.6509 -1.6143 -0.99378 -0.4524 -1.1748 -0.017099 0.19089 0.025963 -1.6771 -0.74567
3.6832 -0.8869 -0.32552 -3.4466 -1.385 -0.75079 -0.31327 -0.7345 0.33568 0.32041 -0.16948 -1.6613 -0.26559
3.4814 -0.97411 -0.44247 -3.1868 -1.6276 -1.125 -0.0059969 -0.93571 0.45402 0.174 -0.064805 -1.7181 -0.44085
3.3773 -0.78863 -0.44721 -3.1145 -1.5379 -1.1012 -0.029042 -1.0176 0.32457 0.17587 0.48559 -1.3947 -0.45956
2.1305 -1.5988 -0.16512 -1.9908 -1.2406 -1.3139 0.11833 -0.87202 0.24266 -0.084942 0.3917 -0.90335 -0.71852
0.58089 -2.9341 1.2358 -0.81429 -1.5641 -0.6396 0.59005 -0.20768 -0.60591 -0.13146 0.43293 -1.1191 -0.13727
1.5981 -2.0504 -0.21714 -2.0679 -1.4993 -1.5509 0.20399 -0.90254 0.51532 -0.065551 0.10829 -1.2236 -0.39224
2.3046 -2.1957 -0.79717 -2.5004 -1.3078 -1.4809 0.6317 -0.47396 0.18461 0.19851 0.722 -1.2816 -0.25726
1.0013 -2.5976 0.016867 -1.8979 -1.076 -1.2866 -0.011808 -0.69988 0.090408 0.49056 0.63423 -1.1026 -0.27601
-0.32291 -2.9744 -0.011132 -1.6933 -1.1415 -1.2299 0.24677 -0.21519 -0.42534 0.37649 1.0061 -0.96436 0.16289
