-2.5192 -2.9802 0.23418 -0.07297 0.29029 0.29853 0.54566 0.5816 0.49628 0.17305 -0.10057 0.098532 0.63173
-2.8692 -3.1299 0.82582 0.039206 0.42407 0.46799 0.57385 0.44552 0.57673 0.14604 0.10741 0.00030109 0.36046
0.55061 -8.2681 2.002 0.95447 0.57432 0.0039227 0.83429 0.77525 0.30318 -0.29817 0.65505 0.38557 0.18787
2.2277 -7.9414 2.0876 -0.70847 0.86942 -0.17724 0.3042 0.57005 0.6919 0.37543 0.30926 0.79026 0.5406
3.3663 -8.2378 1.7517 -1.4831 0.77982 -0.7279 -0.25991 -0.25857 -0.15757 -0.31816 0.032218 -0.011796 -0.65143
3.0993 -7.6353 1.1868 -0.7478 1.2234 0.48135 0.71636 0.098232 0.25322 -0.32465 -0.56735 -0.15788 -0.59969
2.4342 -6.0739 1.4128 -0.50953 -0.31257 0.3175 0.51394 -0.25736 0.2687 -0.52669 -0.22172 0.75668 -0.20121
2.0542 -5.0759 1.2379 -0.21185 0.2522 -0.10855 0.55767 -0.049236 0.18782 -0.84861 -0.17352 0.51525 -0.17492
4.2511 -1.0152 0.10125 -0.46034 -1.3968 -2.6499 -0.76028 -0.90219 -0.055026 -0.7247 -0.43204 0.023297 -0.80804
5.3252 -1.4831 0.34903 -0.89631 -2.0369 -3.33 -1.0937 0.10834 -0.18245 -0.63973 -0.90159 0.17486 -0.7747
5.5487 -1.9586 0.56773 -0.78769 -2.3911 -3.7497 -1.1225 0.42727 -0.50118 -0.54923 -1.3009 -0.048589 -0.56807
5.5506 -1.6894 -0.12087 -0.3045 -1.7992 -2.9693 -0.87904 0.04145 0.45705 -0.19169 -1.034 -0.32514 -0.096601
5.0046 -1.2579 -0.20427 -0.047491 -1.2436 -2.4912 -0.52583 -0.21629 0.29759 0.060342 -0.59366 -0.35912 -0.36146
4.0429 -0.94454 -0.95663 -0.43178 -0.58641 -1.6263 -0.63267 -0.78925 -0.11065 -0.19062 -0.15824 -0.83347 -0.033907
2.3145 -0.70239 0.5992 -0.25415 -0.25118 -0.83837 0.26858 -0.72732 0.23873 -0.71815 0.27693 -0.069709 0.073378
0.95693 -2.0079 1.5566 0.097943 -0.34133 -0.34297 -0.10663 -0.96088 0.21523 -0.28657 0.15186 0.15307 -0.039818
0.41136 -2.337 1.4383 0.13424 0.21189 -0.61144 -0.64048 -0.74892 0.49101 0.1158 0.18481 0.265 -0.26231
-0.030166 -3.4887 0.76781 -0.57362 -1.1519 -1.1623 -0.3716 -0.97902 0.15205 0.37355 0.97611 0.1786 0.21383
-0.37411 -3.0824 0.64778 -0.096855 -0.68238 -0.78163 -0.36787 -0.84649 -0.094814 0.13942 0.76179 0.051537 -0.40211
-0.64244 -3.3386 0.94542 0.10584 -0.6901 -0.47253 -0.29085 -1.1974 -0.43964 -0.22256 0.76174 0.44717 -0.35278
-0.21757 -4.2969 0.033399 -0.48775 -0.06368 -0.60417 0.062 -0.1855 0.45921 0.58663 0.83442 0.88117 0.0251
-1.57 -2.9582 0.62705 0.24086 0.13695 -0.14309 -0.21875 -0.44181 0.012179 0.41507 1.08 0.70225 -0.13633
-0.82376 -2.3147 1.2276 0.58678 0.26805 -0.050063 -0.40514 -1.0084 0.38145 0.176 0.60804 0.66578 -0.30699
-0.25551 -2.5133 0.93231 0.016636 -0.61049 -0.5369 -0.070219 -0.83526 -0.22734 -0.38866 0.087546 -0.26196 0.119
0.83844 -2.146 0.73356 -0.78527 -0.91656 -0.91474 0.22148 -0.60155 -0.083519 -0.20429 0.42341 -0.68157 0.15108
1.8544 -2.1867 0.20177 -2.0685 -0.98277 -1.0954 -0.065405 -0.96123 0.3168 0.32784 0.46621 -0.70088 -0.26936
2.5633 -1.2316 -0.23975 -2.3194 -1.4443 -1.3823 -0.064912 -0.87723 0.92154 0.47038 -0.012975 -1.4468 0.28342
2.5456 -1.9106 -0.050476 -2.2856 -1.078 -1.6264 -0.01159 -0.84331 0.42424 -0.13073 -0.2258 -1.6667 -0.25621
2.498 -1.7942 0.29134 -1.9982 -1.5802 -1.4919 -0.41153 -1.3864 1.2433 0.67589 0.041432 -1.0338 0.34955
1.2453 -2.098 0.8901 -0.4156 -1.0188 -0.97386 -0.090841 -1.3838 0.30863 -0.04065 0.48356 -0.54508 -0.28812
