-0.58634 -4.6944 1.847 -1.0413 1.305 -0.10757 0.55438 0.22916 0.37493 0.17883 0.015738 0.48973 0.36345
2.2605 -8.9155 1.2524 -1.414 1.5573 0.0027111 0.95609 0.60919 0.5013 0.36196 1.1335 0.94641 0.79316
2.4416 -7.883 1.2905 -1.8311 1.432 0.15624 1.6353 0.35668 0.023139 -0.2796 0.3751 0.13707 0.77262
2.759 -8.3397 1.0849 -2.1249 1.7055 0.3695 1.2201 -0.10098 0.087509 0.33183 0.87946 1.0022 0.69443
3.5077 -7.5025 1.8803 -1.3622 0.89891 -0.88473 0.90594 -0.04608 0.76875 0.027512 0.48138 0.58774 0.25192
4.3252 -7.9404 1.9155 -1.9537 1.67 -0.54796 0.94446 0.37753 0.37113 -0.69283 0.35673 0.24245 0.12737
4.408 -8.2275 1.2436 -0.81806 1.488 -0.6325 0.94249 -0.38968 0.70907 0.03913 0.2759 0.057906 0.014167
4.9987 -8.9077 1.7456 -1.2659 1.1611 -0.5646 0.80291 0.1172 0.43868 0.1191 0.13888 -0.057412 0.15765
4.9195 -8.3386 2.284 -0.88796 1.1987 -0.45903 -0.17281 0.34782 0.15283 0.059059 0.79924 0.50234 0.382
3.1545 -5.4836 2.2539 0.6299 0.39941 -0.37425 -0.23843 -0.26769 -0.36462 -0.022258 -0.65086 -0.4747 -0.55194
4.179 -2.3532 1.7963 0.23507 -0.6795 -0.57039 -0.84488 0.64522 -1.1023 -0.31643 -0.91157 0.0066276 -1.0072
4.698 -2.1163 1.1413 -0.44365 -1.6021 -1.041 -0.91791 0.73952 -0.57452 -0.42396 -0.58207 0.24227 -0.9243
4.6823 -2.5574 1.3984 -0.42963 -2.1211 -0.55252 -0.77795 0.33263 -0.82432 -0.23706 -0.66669 -0.1065 -1.01
4.4751 -1.9606 1.238 -0.44637 -1.7567 -1.2351 -0.58812 0.77434 -0.59702 -0.38264 -0.71199 -0.25222 -0.68444
3.6083 -1.6497 1.0371 -0.57088 -0.57621 -0.72727 0.11098 0.33843 -0.45563 -0.30116 -0.46765 -0.59377 -0.73403
2.4587 -4.1256 1.4771 -0.38128 0.060519 -0.24019 -0.013249 -0.035537 0.45454 -0.3454 -0.52465 0.055942 0.078444
1.4614 -5.1537 0.65769 -0.54837 -0.10261 -0.50878 -0.17919 0.28924 0.08767 0.66735 0.043872 0.30827 -0.4232
1.811 -6.2474 0.047284 -0.48765 0.22078 0.15962 0.12625 0.78066 0.086753 0.36822 0.078934 -0.40916 -0.69633
0.8065 -5.7439 0.3657 -0.3461 0.56246 0.36733 0.057648 0.13817 0.64086 0.74761 -0.082337 -0.74121 0.062949
1.4383 -7.7147 -0.87719 -0.17325 0.43649 0.086309 -0.15761 0.11352 0.63393 0.19907 -0.456 0.012032 0.092947
1.9651 -6.7607 -0.2903 -0.19342 1.4649 0.3894 -0.27349 -0.094463 0.5229 0.32635 0.15768 0.11658 -0.52875
2.5279 -6.4358 0.27956 -0.0039325 0.55003 -0.095941 0.26027 0.22489 0.26442 0.34733 -0.66195 -0.31712 -0.65566
2.7741 -4.5843 0.4587 -0.26605 0.19352 -0.17553 0.076799 -0.3892 0.32043 -0.16222 -0.70905 0.037412 0.51813
1.9942 -5.4458 -0.62322 0.10773 0.77887 0.6422 -0.139 -0.033973 0.48555 0.27577 -0.37815 -0.10129 -0.092529
2.8362 -0.776 1.0015 -0.84547 -0.56266 -0.2802 -0.29203 -0.52458 -0.17431 -0.27882 -0.74029 -1.1367 0.16436
4.494 -0.43147 -0.21347 -2.4066 -0.7387 0.74614 0.9059 0.028365 0.26155 0.3957 -0.61458 -1.575 -0.1741
4.8298 -0.41041 -0.41667 -2.859 -0.81057 0.28554 0.86408 0.10206 0.10713 0.25167 -0.55031 -0.96769 -0.73893
4.9627 -0.79744 -0.74269 -3.2702 -0.5158 0.68431 0.11371 0.66147 -0.10306 0.50562 -0.71034 -1.0594 -0.51689
5.0961 -1.629 -0.42191 -3.0082 -1.2182 0.73073 0.66267 0.28144 -0.24796 0.60974 -0.94895 -0.94108 -0.36509
4.7422 -0.66426 -0.3973 -3.3576 -0.3759 0.80671 -0.24091 0.70826 -0.093841 0.7001 -0.45403 -1.2543 -0.30533
3.7818 -0.70092 0.25808 -2.3796 0.018862 0.95656 -0.3322 0.30001 -0.1294 0.16229 -0.53558 -0.84093 -0.17853
3.228 -0.78078 0.63253 -1.7038 -0.20912 0.51199 -0.067075 0.19349 -0.18214 0.48333 0.13094 -0.56682 -0.5406
3.3776 -0.96497 0.71137 -1.6728 -0.25357 0.465 0.17142 0.1607 -0.26077 0.53985 -0.22092 -0.63531 -0.36632
3.2275 -0.80244 1.1121 -1.8283 -0.44102 0.81691 0.23653 -0.20168 -0.060907 0.28782 -0.05449 -1.0837 -0.24171
2.7466 -1.2125 0.80467 -0.90536 -0.39309 0.28156 0.8295 -0.014376 -0.113 -0.22685 -0.59744 -0.9218 -0.20825
2.5137 -1.2214 0.74 -0.77196 -0.053865 0.25769 0.6771 -0.0077492 0.32679 -0.8938 -0.37001 -1.0071 -0.31901
1.9479 -1.4425 1.2019 -0.60474 0.072141 0.17707 0.60492 -0.39987 0.59424 -0.169 -0.48579 -0.68712 -1.1515
1.2955 -2.275 0.87102 -0.11092 0.2978 0.28631 0.10771 -0.40632 0.77308 0.10044 -0.62333 -0.55527 -0.84774
0.54543 -3.1875 -0.3954 -0.90468 0.9688 1.39 0.87408 -0.43864 0.14761 -0.14853 -0.67078 -0.037133 -0.78757
