-1.8904 -3.0027 0.30302 0.078797 0.49681 0.46882 0.52681 0.60328 0.6304 0.24763 -0.13841 0.30142 0.73067
-0.58168 -6.31 1.7539 -0.31572 0.12348 0.27947 0.60583 -0.24987 0.42325 0.15516 0.15278 0.62662 0.28302
1.6946 -8.1116 1.1786 -1.6701 0.89556 0.072368 1.3388 0.54314 0.81198 0.17523 0.18783 0.22838 0.093481
2.4724 -7.2122 1.9578 -1.113 0.73382 -0.28021 0.66095 -0.084221 0.10853 0.032842 0.74072 0.2083 -0.17346
3.4875 -9.8103 0.38006 -1.4142 1.2612 -0.024799 0.95652 -0.08109 0.5517 0.071847 0.18233 0.65989 -0.019364
4.2259 -8.6152 0.95223 -1.5906 1.1446 -0.67209 0.97949 0.1654 0.84608 -0.038618 0.41003 0.37208 0.38458
4.0292 -8.9952 0.89723 -1.2895 0.87581 -0.28539 0.19143 -1.2395 0.416 -0.16153 0.29653 0.46319 -0.080219
4.5987 -8.9469 1.1942 -1.1429 1.1729 -0.88303 0.16453 -0.39399 0.24181 -0.011375 0.41671 -0.11904 -0.2201
4.6259 -8.0966 2.071 -0.8142 0.96002 -0.78873 0.022125 0.60248 -0.17156 -0.70023 -0.050969 0.18982 -0.086066
3.4863 -5.8825 2.2878 -0.53872 0.31458 -0.36341 0.66988 1.0353 0.12851 -0.62346 -0.13724 0.28355 0.54086
3.4677 -2.5619 0.63321 0.39657 0.44948 -0.060097 -1.0807 -0.2371 -0.39991 -0.11477 -1.2847 -0.17848 -0.61532
4.4557 -1.8924 0.33731 -0.9955 -1.3377 -1.2333 -0.82176 0.30732 -0.48782 -0.41987 -0.88126 -0.31104 -0.59809
4.6921 -2.0633 0.80073 -1.1665 -1.2716 -1.0488 -1.2159 0.82541 -0.72291 -0.64824 -0.78244 -0.34091 -0.77468
4.6441 -1.1029 0.30631 -0.90721 -1.3661 -0.48714 -0.48499 0.1936 -0.033506 -0.61872 -0.52761 -0.50481 -0.55315
3.1849 -1.3239 1.3302 -0.7214 -1.0837 -0.9979 0.13966 -0.35404 -0.28298 -0.14259 -0.32869 0.043124 -0.20395
0.40764 -2.2451 0.7083 -0.16753 0.61011 0.51695 -0.2019 -0.63437 -0.18107 -0.32068 -0.15288 0.29058 0.30755
1.0683 -6.6711 -0.18718 -0.30918 0.65024 -0.29382 -0.2722 0.30352 0.0337 0.050099 0.44337 -0.64661 0.25164
2.3316 -7.2466 0.26878 -0.93377 0.53213 -0.029132 0.3678 0.30092 0.47704 0.57731 0.23617 0.27048 -0.023124
0.35093 -6.0322 0.59938 -0.41482 0.92802 0.35527 0.4543 0.183 0.29732 -0.38585 -0.39505 0.31139 -0.57894
-0.5443 -6.0905 0.96846 -0.92584 0.3253 -0.2748 0.11166 0.25235 0.22142 0.16874 0.14167 0.46823 0.018495
1.2178 -6.66 1.05 -0.29487 0.60076 0.33003 0.042948 0.39672 0.54389 0.3387 0.30215 0.17975 -0.16475
2.3591 -7.3546 1.1745 -0.36858 0.062117 -0.47784 -0.021237 0.1344 0.060716 -0.073624 -0.60528 -0.25218 -0.40838
3.2349 -5.8649 0.30762 -0.59611 0.10353 -0.095689 -0.1588 -0.42914 0.26601 -0.10999 -0.071338 -0.37726 -0.4594
2.6595 -4.1132 0.34219 -0.67469 0.55513 -0.55054 -0.43865 -0.76815 0.45357 -0.032431 -0.66036 -0.31834 0.16604
2.8413 -2.6384 -0.13588 -0.28211 0.55922 0.9525 -0.59708 -1.1004 -0.15453 -0.032843 -0.87576 -0.070476 0.0054974
4.8902 -0.569 -0.72965 -1.2992 -0.93387 0.21143 0.31661 -0.14468 -0.57567 0.0091654 -0.35177 -1.0386 -0.31574
5.569 -1.4049 -1.6544 -1.9299 -1.2717 0.22498 0.45919 -0.41356 -0.67911 0.44882 -0.73189 -1.4859 -0.502
5.5242 -1.38 -0.70459 -2.0458 -1.6691 0.0021455 0.60873 0.033938 -0.56714 0.29076 -0.39754 -0.97272 -0.4355
5.1462 -0.94467 -0.78557 -2.0625 -1.0542 -0.042997 0.6242 -0.46223 -0.38597 0.44281 -0.48852 -1.0599 -0.76164
4.4556 -1.1933 0.52161 -2.5622 0.079594 1.1091 -0.61572 0.15033 -0.36587 0.55231 -0.65256 -0.93031 -0.15238
4.5352 -0.85284 0.37758 -2.5756 0.03991 0.96127 -0.37971 -0.036425 0.11986 0.58668 -0.91716 -0.40537 -0.57418
4.637 -0.6664 0.65284 -2.4886 0.022858 0.86652 -0.34017 -0.038412 -0.14568 0.35555 -0.77375 -0.83755 -0.79781
4.3632 -0.27335 0.16104 -2.5036 0.065897 0.89777 -0.12487 -0.06237 -0.026473 0.41044 -0.58945 -0.39283 -0.80754
4.0619 -0.84576 0.73252 -2.2956 0.0037113 0.92048 -0.3043 0.1836 -0.20988 0.60342 -0.81962 -0.75838 -0.36087
3.7217 -0.71449 1.1925 -2.2077 -0.12055 0.72127 0.4848 -0.19173 -0.29319 0.31329 -0.24808 -0.98772 -0.70735
3.2827 -1.1172 0.98752 -1.2328 -0.10436 0.56398 0.6837 -0.03515 -0.38432 -0.094998 -0.32259 -0.66324 -0.62154
2.7066 -1.9637 1.1272 -0.94462 0.32399 0.78883 0.60238 0.56136 -0.2802 -0.39258 -0.69628 -0.27004 -0.71993
1.9024 -1.0678 1.1703 -0.63951 0.16604 0.43825 0.4591 -1.038 0.47606 -0.34559 -0.5187 -0.19627 -0.64796
0.84248 -2.3779 0.99652 0.42163 0.40689 0.50247 0.27885 -0.55934 0.42224 -0.60512 -0.89795 -0.20351 -0.72988
