-0.13111 1.4472 -0.069982 -0.21984 1.2035 0.80123 0.23644 0.99853 0.11491 -1.0042 -0.13751 1 -0.7198
-0.072916 1.3883 -0.01585 0.60267 1.2911 0.14553 -0.32511 0.448 0.50914 0.10558 0.62749 0.81857 -0.0065054
-0.31283 1.3861 0.31918 0.26571 1.0535 -0.41769 0.2557 0.28306 0.063643 -0.18723 0.32168 1.4834 0.19618
-0.068017 0.68621 0.53299 0.51585 0.78307 0.29831 0.5472 0.80118 0.67703 0.56514 0.070049 0.78505 0.50082
-0.31191 1.0575 0.70161 -0.069509 1.2048 0.43969 -0.23133 0.37673 0.60815 0.8083 0.58858 1.0724 0.088768
0.41586 1.7437 0.9959 1.2336 1.1293 -0.36566 -0.3887 1.1309 0.71096 0.64147 0.6992 1.0264 0.11209
0.31485 1.6565 1.8257 0.61279 1.212 1.3509 0.21694 0.37639 0.060951 0.32485 -0.023653 0.83249 0.30107
-0.49221 1.7315 2.3102 0.65089 0.18857 0.089121 -0.12513 1.147 0.56669 0.76102 0.51883 0.43438 -0.088279
-0.77433 0.82711 2.3305 0.90012 0.40668 -0.25733 0.074429 1.1579 0.82727 0.31748 0.31856 0.44141 0.37826
-0.38038 2.0651 2.5005 0.88827 0.74281 0.072467 0.30445 0.50728 0.20977 0.58435 -0.082677 0.3088 0.33528
-0.15659 2.7349 2.6594 -0.42662 -1.0164 -0.47622 0.11206 0.25703 0.88774 0.72467 0.51296 0.30304 0.40263
-1.5178 2.1221 1.8783 0.089984 0.15991 0.47855 0.59673 0.95087 0.36373 0.37694 0.59798 -0.20151 -0.72469
-0.14196 1.7078 1.5933 0.53109 0.10199 0.015272 0.60969 0.42129 0.6834 0.50048 1.3101 0.73328 -0.074364
0.51828 -0.26379 2.7167 0.57108 1.2331 -0.28796 0.0019899 0.53326 0.95542 0.40599 0.63872 0.65551 -0.1198
0.21113 -0.89642 2.1363 0.41232 0.83237 0.04498 0.14274 0.46496 0.77135 0.57749 0.2872 0.56527 0.78787
0.25881 -1.1659 2.2895 0.39381 0.50575 -0.54202 0.20949 0.28598 0.80842 0.96232 0.61611 0.75081 0.097541
0.37993 -1.2456 2.8087 -0.64011 0.56404 -0.050275 0.75209 0.29374 0.92673 0.23439 0.62837 0.13365 0.35827
0.45178 -1.7503 2.7879 -0.47975 0.69533 0.043845 1.0339 0.91531 0.86601 0.69184 0.42319 0.61649 0.78133
0.28177 -1.8053 3.4664 1.0587 0.79952 -0.14203 -0.066584 0.24108 0.55298 0.10959 0.47346 0.34225 0.46917
0.43939 -2.6427 1.8533 -0.048126 0.69464 -0.042185 0.81139 0.47908 0.25047 -0.43423 0.008528 0.9 0.12404
2.2363 0.27875 2.3107 -0.15945 0.14322 -0.75071 0.14155 -0.33034 0.61849 0.45558 0.59054 0.70061 -0.23326
5.2506 2.7336 0.81743 1.8065 -1.0324 -1.8612 -0.70986 -0.35038 -0.073077 -0.29149 -0.31234 0.80512 -0.77628
7.5454 3.0997 -0.047815 1.7022 -1.8648 -2.0976 -1.1777 -0.056427 -0.20598 -0.19678 -0.55627 1.4153 -1.143
8.056 2.8079 1.0376 1.1861 -2.4019 -2.4547 -1.1928 0.12825 0.83859 -0.89877 -0.0052662 0.64947 -0.72432
8.4644 2.038 0.91276 1.1192 -2.813 -2.9186 -0.5279 0.44174 0.38846 -0.59937 -0.18736 0.7847 -0.74632
8.4955 1.9433 0.83019 1.3619 -2.7505 -3.0898 -0.98113 0.52264 0.15393 -0.46539 -0.59015 0.81691 -1.277
7.9825 2.68 1.1793 1.0947 -1.8197 -3.1792 -1.1474 0.33002 0.079235 0.064831 -0.96828 0.40094 -0.83415
5.1857 2.3403 2.0217 0.99884 0.12352 -0.84929 -0.85174 -0.14593 0.11518 0.035259 0.048545 0.30288 -0.41386
4.2031 0.64266 3.3028 1.262 0.32572 -1.617 -0.63632 0.13005 0.50426 0.014869 0.33214 0.062209 -0.37132
2.9015 -0.84723 2.4241 0.37669 0.55572 -1.068 -0.069015 -0.66796 0.14994 0.14447 0.051125 0.30014 0.017409
3.1847 -1.0872 1.6686 1.5 0.3573 -0.50405 -0.57735 0.057391 0.43443 0.35989 -0.23014 -0.063718 -0.74121
3.9323 -0.79725 1.6627 1.0727 0.58389 0.11533 -0.069895 -0.25508 -0.41332 -0.20749 -0.76525 -0.38625 -0.45571
4.805 1.6008 1.6404 0.98951 0.80259 -0.60015 -1.4118 -0.75239 -0.11045 -0.35525 -0.43255 0.11959 -0.50632
6.1536 3.8141 0.44933 -0.75426 -0.13559 -1.1133 -1.5648 -0.65517 -0.49152 0.51815 -0.82284 -0.86031 -0.42789
7.5529 3.4916 0.26902 -1.1837 -0.469 -1.3679 -1.3101 -0.46512 0.32697 1.0542 -1.5775 -0.097708 0.058603
8.1288 2.85 -0.02716 -0.48152 -1.6122 -2.1009 -0.99009 0.16154 0.6661 0.35667 -1.4593 0.053836 0.035227
8.2127 2.2846 0.039181 -0.32518 -1.8113 -2.5835 -0.64158 0.28392 0.53584 -0.10001 -1.1659 0.20498 -0.49359
8.084 2.9828 0.11567 0.62265 -2.1772 -2.7679 -0.75337 0.42406 0.74734 -0.44747 -0.95856 0.47687 -0.53777
7.0382 5.0282 -0.62957 1.9285 -1.5464 -2.5694 -0.1855 -0.76953 0.25685 0.37371 -0.76844 0.84213 -0.39371
5.1821 4.3198 0.97107 2.4903 -1.3269 -2.302 0.44689 -0.98349 -0.070331 0.3681 -0.78098 1.1739 -0.81098
6.2746 5.1532 0.37775 1.7224 -1.6557 -2.0172 -0.15009 -0.81211 0.25414 0.021548 -0.52033 0.78949 -1.0123
6.2207 5.1337 0.58243 1.4134 -0.95574 -2.2738 0.41592 -0.68356 0.031119 0.12889 -0.80802 1.1042 -1.5271
5.0628 4.3379 1.6732 1.5443 -0.27632 -1.8161 0.67589 -0.15967 -0.21146 0.2166 -0.6137 1.0053 -1.9463
3.7251 4.2553 1.8005 1.4222 0.20633 -1.5295 0.73147 0.71792 -0.16936 0.13806 -1.5651 0.36112 -0.82325
2.1639 3.6206 1.2676 1.0759 -0.83965 -1.9878 -0.66755 -0.26124 0.10493 0.16145 -0.30422 0.74903 -0.60759
1.8115 3.7613 1.4164 0.91957 -0.32757 -1.6089 -0.28516 0.83033 0.73696 0.63093 -0.18329 0.50841 -0.91531
2.6468 4.9204 1.6715 0.7041 -0.69822 -1.0619 0.14833 0.77653 1.0176 0.86328 -0.35244 1.0184 -0.46757
1.8383 4.6034 1.7664 0.87123 -1.0769 -0.79482 -0.14357 0.10031 0.42343 0.87157 0.032346 0.69427 -0.26649
0.45458 3.2657 0.71886 0.81961 -0.23028 -0.88793 -0.17593 0.018969 -0.43481 1.0426 -0.084981 0.98409 -0.42844
0.96282 3.5824 1.5859 0.55393 -0.74948 -1.4492 -0.35036 0.77246 0.21699 0.26593 0.14846 0.84534 0.13477
0.66317 3.48 0.90697 0.49372 0.34794 -0.52356 -1.0036 0.35378 -0.051156 0.28523 0.36754 0.78474 -0.01151
0.14857 3.2276 0.72416 0.94009 -0.044097 -1.01 -0.8499 0.082679 0.3268 0.16991 -0.36248 0.27705 -0.34108
0.043913 3.0499 0.4276 0.78435 0.33383 -0.32556 -1.0959 0.33116 0.40083 0.63048 -0.64645 0.47358 0.38526
0.64886 3.2784 1.1877 1.2961 0.25245 -0.81407 -1.0426 0.53742 1.0693 0.92657 0.29702 0.84842 0.33267
0.57617 3.1566 2.1535 1.1741 -0.099846 -0.97063 -0.63336 0.17878 0.60822 0.48781 0.38766 0.74913 -0.26619
0.29601 1.7624 2.8265 1.0124 0.14609 -0.2697 -0.85581 -0.29026 0.98436 0.40411 0.50742 0.83106 0.19755
0.31456 2.2178 3.0659 0.85234 0.12512 -0.55672 -0.99032 0.080206 0.84035 0.86796 0.37807 0.22823 0.064686
-0.54978 1.8688 3.2029 0.66061 -0.11655 -0.30377 -0.24759 0.65388 0.43103 0.49205 0.035397 -0.007991 0.21767
-0.30047 0.9761 3.4642 1.4521 0.79469 0.53704 -0.37619 -0.24044 -0.080165 0.20802 0.073628 0.015864 0.77357
-0.84336 1.4835 3.1144 1.6202 -0.062398 -0.6787 -0.30892 0.19364 0.50492 0.74846 0.43443 0.16105 -0.016525
-0.41322 1.1474 3.4082 1.6572 0.23443 -0.25929 -0.28111 -0.28077 0.29573 0.67341 0.63465 -0.031946 0.23276
-0.4238 0.52633 2.7577 1.8149 0.33647 0.1092 -0.46222 0.17663 0.36551 0.69907 0.86719 0.53487 0.71556
-0.50285 1.5167 3.3024 1.5016 -0.58566 -0.26851 -0.45737 0.62829 0.29063 0.24476 0.68445 0.72787 0.38094
-0.27899 1.9207 2.8832 0.86527 -0.04327 0.35265 0.71046 0.37864 0.036202 -0.2596 0.6456 0.35986 0.43097
0.31332 2.0672 3.336 1.0692 0.10176 0.55151 0.44545 0.2394 0.14743 0.43082 1.0524 0.48397 0.22178
