-1.9718 -2.5424 0.69968 0.51926 0.66406 0.54521 0.19796 0.0075447 0.55879 0.076661 -0.24002 0.3248 0.0055879
2.305 -2.0137 0.1828 -2.8171 -1.7775 -1.8013 -0.48717 -0.41382 -0.11065 -0.40925 -0.14561 -0.031027 0.35969
4.1427 -3.0878 -0.40875 -3.9432 -0.98764 -1.6215 -1.2417 0.77253 0.083077 -0.43374 -0.44769 -0.094475 -0.18362
4.5559 -3.8071 -0.98961 -4.0672 -0.64314 -1.3268 -1.3679 0.87534 -0.32617 -0.96959 -0.78293 -0.36488 -0.45793
4.4435 -3.8181 -1.0248 -4.0942 -0.85948 -1.3228 -1.4219 0.65081 -0.47876 -0.94746 -0.94359 -0.27855 -0.37945
3.8047 -3.5457 -0.36333 -3.6453 -1.2409 -1.012 -1.2805 0.55522 -0.74522 -0.79869 -0.38367 -0.27683 -0.41902
1.8134 -3.1353 1.377 -2.0018 -1.7165 -0.64089 -0.62799 -0.19813 -0.36116 -0.56927 -0.36266 -0.29109 -0.18052
-1.3163 -2.3692 0.97793 0.34295 0.69394 0.5163 0.15979 -0.41333 0.2727 -0.075289 -0.25595 0.16391 -0.25782
-1.5221 -3.8863 1.0796 -0.13346 0.093049 -0.074777 0.71091 0.62459 0.17029 0.3898 0.11053 0.19048 0.25346
-2.431 -3.9679 0.6002 -0.21771 0.037196 -0.053536 -0.035212 -0.15033 -0.0099991 -0.17183 0.43455 0.35155 0.21005
-2.3495 -3.508 -0.18902 -0.99597 -0.9002 -0.59163 0.49653 0.29624 -0.69656 -0.42112 0.30363 -0.88551 -0.096069
-2.3643 -3.9207 -0.27848 -1.4871 -0.78255 -1.0326 0.31743 0.43808 -0.54611 0.18077 0.36157 -1.0227 0.085275
-4.3141 -4.2932 0.53387 -1.4078 -1.1178 -0.85135 0.79847 1.0804 -0.78321 0.4984 1.4998 0.18914 0.1683
-3.2463 -3.4741 1.0677 0.16652 0.84113 0.36631 -0.15795 -0.19783 0.34086 0.14175 0.085671 0.57654 0.18898
-2.7459 -5.0937 1.5275 -0.23978 0.63749 0.42112 0.73585 0.65546 0.82137 -0.03513 -0.33904 -0.26909 0.24831
-1.8786 -5.0409 1.4812 0.20711 0.21622 -0.023001 0.68076 0.28845 0.25304 0.18428 0.29623 -0.10073 0.20901
-2.9395 -2.9744 0.38611 0.024525 0.029858 -0.17806 0.26475 0.26237 0.41274 -0.1169 -0.41716 -0.21965 0.058577
-2.3269 -2.6673 0.5564 0.22008 0.4629 0.48547 0.56754 0.47853 0.59936 0.022243 -0.44497 -0.14462 0.27196
2.0064 -1.1864 -0.70488 -3.1929 -1.2981 -0.97167 -0.84021 -0.53039 0.35363 -0.64101 0.043713 0.39598 0.98015
3.6971 -3.1268 -1.856 -3.73 -0.76407 -0.94519 -0.99019 0.3533 -0.2442 -1.0914 -0.23624 0.061214 -0.22797
4.0634 -4.6314 -2.2475 -4.0268 -1.4141 -1.1259 -1.6664 0.24189 -0.59846 -1.5669 -0.74743 -0.20297 -0.45414
4.3657 -5.2597 -2.1618 -3.924 -1.6515 -0.97673 -2.019 0.43361 -0.8592 -1.6947 -1.0557 -0.086336 -0.75434
4.1212 -4.4099 -1.6997 -3.3265 -1.2947 -0.79191 -1.6624 0.65044 -0.3943 -1.5485 -0.74282 0.091971 -0.77145
3.8941 -3.8028 -1.4952 -3.0561 -0.86967 -0.48411 -1.3354 0.97595 -0.082401 -1.5442 -0.37708 0.10768 -0.51901
3.5474 -4.0588 -1.6388 -3.8634 -1.0711 -1.0455 -1.8529 0.72612 -0.22353 -1.8175 -0.089972 -0.1785 -0.49723
3.1104 -3.5277 -0.95858 -3.4903 -1.3218 -1.0421 -1.1734 0.093916 -0.067241 -1.2593 -0.47258 -0.055747 -0.20194
2.5625 -3.4866 -0.31106 -3.112 -1.351 -1.4164 -0.40842 -0.10841 -0.48932 -0.95015 -0.65147 -0.29582 -0.20263
1.6122 -3.1181 -0.0077148 -2.1606 -1.6812 -1.8701 -0.38177 -0.23557 -0.24908 -0.9167 -0.26239 -0.63118 0.37334
0.45245 -3.3193 0.62231 -0.42977 -1.9314 -2.3337 -0.79319 -0.68303 0.098008 -0.74696 0.040059 -0.84561 0.49654
