1.3971 -1.887 0.19956 -1.6347 -1.2522 -1.6596 -0.096047 -0.83027 0.16217 -0.39642 -0.16584 -0.51914 -0.37726
1.638 -2.3685 0.11627 -2.0334 -1.3593 -2.3967 -0.31228 0.20783 -0.17272 -1.0228 -0.23301 -0.52226 -0.37959
1.8688 -2.2071 0.29566 -2.3365 -2.1662 -2.0764 0.72139 -0.33446 -0.61475 -0.88843 0.34553 -0.61204 -0.68689
1.9652 -2.0275 -0.14419 -2.4622 -2.173 -1.1657 0.48237 -0.50762 0.10279 -0.34653 -0.017995 -0.57931 -0.53375
1.6589 -1.8156 0.33578 -2.8431 -1.7709 -0.99166 0.33203 -0.77727 0.037901 -0.42961 -0.4273 -0.27098 -0.24247
0.75578 -1.9984 0.64711 -1.496 -1.2722 -1.0149 0.33942 -0.453 0.11039 -0.54326 -0.15898 -0.23867 -0.19468
-0.24223 -2.0112 1.5398 0.89033 0.070996 0.3403 0.22348 -0.72274 0.70215 -0.33091 -0.19771 0.30615 -0.042801
0.11337 -3.7459 0.60043 0.9045 0.64765 0.51572 0.49552 0.19841 0.20027 -0.17358 -0.20419 -0.29296 -0.078215
-1.8547 -2.8318 0.58869 0.50747 0.55851 0.57077 0.23397 -0.21146 0.59174 -0.084269 -0.4968 -0.15659 -0.64831
-2.1842 -2.6824 0.59554 0.41855 0.69921 0.65924 0.55951 0.50059 0.69732 0.049708 -0.5947 -0.12521 -0.0080067
-2.4714 -2.7262 0.55595 0.37699 0.79038 0.77159 0.70614 0.70055 0.8135 0.16372 -0.4762 -0.14233 -0.058733
-3.1925 -2.8256 0.79303 0.24867 0.62045 0.50102 0.12097 0.18091 0.31586 0.31185 0.26365 0.47936 0.30237
-3.622 -2.8087 0.59997 0.47107 1.0036 0.60245 0.10464 0.12225 0.69553 0.23168 -0.55107 0.34824 0.0183
-3.6049 -3.0215 0.15284 -0.03712 0.60134 0.34834 0.22049 0.23075 0.17265 0.050165 -0.29016 -0.20047 -0.52663
-3.1638 -3.3726 1.1554 0.24559 0.5998 0.17297 0.39109 0.22123 0.20326 0.41737 0.06261 0.542 0.29929
-2.8068 -3.5435 0.87509 0.24161 0.9315 0.49206 0.77963 0.56272 0.59125 0.23785 -0.59157 -0.16661 -0.39792
-3.8386 -3.0896 0.5747 0.033446 0.68502 0.37571 0.46068 0.67038 0.6109 -0.16928 -0.23536 -0.28699 0.095656
-4.6389 -2.7664 0.50269 0.27301 0.45176 0.31501 0.22558 0.088426 0.33306 0.043208 -0.1624 0.23054 0.42913
-3.7277 -2.5367 0.72492 0.26658 0.025337 -0.062563 -0.049551 -0.50964 0.026263 -0.14225 0.055771 -0.052275 -0.17091
0.33193 -1.7416 0.39555 -1.0891 -0.54202 -0.86979 -0.42691 -1.3329 0.69362 -0.43966 -0.55571 -0.19998 -0.20182
1.4091 -1.6806 -0.63317 -1.9182 -0.6048 -0.97943 0.20083 -0.52601 0.11879 -0.64259 -0.27713 -0.62593 0.071981
1.8051 -1.6637 -0.14264 -2.6271 -0.93335 -0.92903 0.3667 -0.13336 -0.23562 -0.71148 -0.2005 -0.40538 -0.13207
2.0439 -2.115 -0.42662 -2.8253 -1.3241 -0.89407 0.12826 -0.51639 -0.07384 -0.79133 -0.47283 -0.6052 -0.58646
2.1485 -2.1134 -0.71514 -2.8995 -1.1108 -0.95103 0.24102 -0.59182 -0.19288 -0.69495 -0.69993 -0.79336 -0.45099
1.9225 -2.4945 -1.2968 -2.9126 -1.335 -1.2115 -0.34305 -0.44493 -0.062647 -1.3009 -0.68818 -1.0163 -0.6255
1.4683 -2.7754 -1.0638 -2.7123 -1.3418 -1.1959 -0.59606 -0.82794 -0.002399 -0.67984 -0.72085 -0.90255 -0.27904
-0.78878 -2.6173 -0.028472 -1.4142 -0.41642 -0.28319 0.0016987 -0.73265 -0.047682 -0.44822 -0.4665 -0.16921 -0.38534
