1.3384 -3.2019 -0.41816 -1.7325 -1.8125 -3.3267 -0.93773 -0.046526 1.0895 0.10775 0.16992 -0.53139 0.47146
2.4738 -5.0141 -1.572 -2.2472 -1.9249 -3.2842 -0.7985 0.53206 0.14948 -1.0167 0.65969 -0.42814 -0.53477
3.4909 -5.8428 -0.61239 -1.6802 -1.7915 -2.8364 -0.075451 0.73546 0.30007 0.062292 0.69118 -1.4305 -0.67939
3.5923 -6.0805 -0.45586 -1.7081 -1.8374 -2.2193 0.13298 0.059983 0.4656 -0.20413 0.23148 -1.4048 -0.88306
4.0216 -6.7361 0.043083 -1.6687 -2.651 -2.273 0.24225 -0.28188 0.40569 -0.12101 0.12869 -1.2878 -0.60162
4.4704 -7.0645 -0.27213 -1.8845 -2.7948 -2.4206 0.39085 -0.6693 0.50286 -0.23741 -0.20436 -0.87861 -0.48756
4.2194 -6.7282 -0.035922 -1.9265 -2.3922 -1.9476 0.86606 -0.51243 0.42611 -0.029686 -0.34001 -0.76246 -0.15738
3.3068 -5.8677 -0.61898 -2.3377 -2.443 -2.3037 0.56472 -0.37436 0.37625 -0.26245 -0.062555 0.12321 0.27942
1.978 -3.6319 -0.20602 -2.4727 -1.8379 -2.1345 -0.1017 -0.25116 0.24794 -0.47383 -0.14832 -0.30482 0.39589
-0.46708 -2.906 0.65728 -1.4515 -1.7942 -1.7644 -0.1899 -0.93686 0.56155 -0.32947 -0.38 -1.419 0.16426
-2.9237 -3.4363 -0.062119 -0.47923 -0.42548 -0.51054 0.052278 -0.058566 -0.27041 -0.28814 -0.10244 -0.65734 0.30225
-3.3596 -3.3958 -0.033781 -1.1345 -0.7609 -0.77348 0.68828 0.71368 -0.22227 0.37847 0.8881 -0.41004 1.0006
-4.7908 -2.8431 0.39026 -0.29264 -0.13236 -0.0469 0.858 0.53083 -0.21504 -0.067346 0.50649 -0.37564 0.50657
-3.0622 -3.1707 0.13104 -0.88988 -0.54844 -0.22007 1.5039 1.2457 -0.19831 0.39972 1.4051 -0.72915 0.10363
-3.4987 -3.1704 0.019098 -1.052 -0.21668 -0.12611 1.7018 1.8474 0.25671 0.60841 1.1352 -0.85848 0.90072
-4.1769 -2.8147 0.30256 -0.25548 0.0086603 -0.00090069 0.59048 0.52005 0.20482 0.25053 0.42767 -0.042343 0.55864
-5.7621 -2.7764 0.35057 -0.16414 0.14316 0.08458 0.53708 0.36732 0.095635 0.11394 0.30536 -0.096826 0.11845
-2.8202 -6.0106 1.1403 0.29041 -0.42067 0.6461 0.0010387 0.53489 0.29036 0.66305 0.32718 0.15456 -0.2295
-2.3507 -3.1889 0.87395 -0.87968 -1.3552 -1.0391 0.032065 0.016616 0.53034 0.80304 0.74799 -0.16734 1.1737
0.9787 -3.2154 -1.696 -3.0502 -0.62349 -1.176 -0.89147 -1.206 0.33165 0.20605 -0.31145 0.075681 0.25953
2.864 -4.4422 -3.4532 -4.0721 -1.0103 -1.0822 -1.3737 -0.61015 -0.025043 -0.34501 -1.0744 -0.77875 -0.30139
4.0525 -4.6481 -3.3308 -3.9873 -0.56414 -0.30055 -0.65839 0.028018 0.52165 0.16016 -0.87842 -0.10027 -0.062607
4.3192 -4.8961 -3.3101 -3.6144 -0.30907 0.1434 -0.8704 -0.072058 0.60998 0.2431 -0.73091 0.31463 -0.050207
4.4885 -5.598 -3.9239 -4.0713 -0.33487 0.075589 -0.78014 -0.072945 0.51518 -0.031356 -0.86541 0.48286 0.22788
4.4689 -5.7075 -4.7435 -3.9437 -0.56356 -0.41351 -0.31976 -0.38861 0.58358 -0.18491 -0.54325 0.67271 0.50389
4.3955 -4.9122 -5.0162 -3.1151 -0.92467 -0.22138 -0.60773 0.005268 0.55982 -0.56436 -0.15294 0.34496 0.95685
4.1262 -4.2891 -4.3994 -2.931 -0.62193 -0.44972 -0.82282 0.30902 0.49211 -0.48055 0.15879 -0.21169 0.9061
3.0423 -4.0707 -3.667 -2.9976 -0.97549 -2.0455 -1.139 -0.016873 0.29382 -0.50033 -0.60027 -0.5081 0.16503
1.6987 -3.2638 -2.2287 -2.9911 -0.061691 -0.92015 -0.64109 -0.14082 -0.23847 -0.82074 -0.16684 0.0012121 0.80872
0.88902 -4.3874 -1.814 -1.8875 -0.18636 -1.7776 -0.71327 0.30844 -0.45971 -0.048662 -0.049443 -0.14168 0.95874
0.094086 -4.081 -0.97022 -1.5166 -0.79789 -0.98506 -0.54145 -0.78894 -0.38005 -0.066301 0.25001 -0.11017 1.0042
0.027302 -4.3774 -1.3652 -1.6949 -0.48268 -0.88638 -0.77499 -0.81535 -0.18374 -0.23828 -0.40724 0.27934 1.1772
-0.41634 -3.8064 -0.5463 -1.1808 -0.43497 -0.75319 -0.51613 -0.72336 -0.23281 0.23408 0.48175 0.34844 1.0027
-0.060157 -4.3787 -1.0861 -1.6074 -1.2319 -1.202 -0.43267 -0.78153 -0.35536 -0.40658 0.069765 -0.013308 1.5785
0.098767 -4.0921 -0.84906 -2.0108 -1.3824 -1.2656 -0.026603 -0.64037 -0.29055 -0.39335 0.2415 0.010298 1.5139
