-0.29768 -3.7716 1.7098 1.0577 1.2327 0.28363 0.49579 0.83643 1.1595 0.45571 -0.62973 -0.22382 -0.20031
0.34261 -5.7086 1.5176 0.65755 2.0316 0.70879 1.0601 1.0973 0.83338 0.02528 -0.89176 -0.31478 -0.10155
-0.72734 -5.3203 1.6076 0.13903 1.4318 0.76732 1.013 1.4047 1.7516 0.80748 -0.16306 -0.3071 0.7632
0.37571 -6.3149 1.9724 0.17846 0.63186 0.76844 0.57291 0.29873 1.1107 0.61313 0.56003 0.40828 0.822
0.92786 -6.9297 1.2085 -0.57541 0.14416 -0.011415 0.44802 0.2889 0.93475 0.58006 0.16211 0.21043 0.19659
1.4822 -8.5719 0.86809 0.20273 0.19358 0.18756 0.5548 0.55428 0.37898 0.14969 -0.050555 0.045953 -0.27357
1.4651 -9.0254 0.775 -0.1462 0.23878 0.53528 1.1827 -0.061788 -0.053495 0.5825 0.2338 0.12175 0.11339
1.8467 -7.5199 1.452 0.14946 0.9946 -0.4833 1.316 1.779 -0.023381 0.61355 0.39476 -0.10011 -0.33346
0.44791 -2.9043 1.2215 -1.5796 -0.85521 -1.424 -0.22417 0.092293 -0.24794 -0.019123 0.2818 0.47545 0.066443
3.594 -1.5174 -1.6986 -1.5735 -1.6609 -2.4079 -0.062492 -0.13189 0.46937 -1.1133 0.57078 0.54159 0.20519
4.9524 -3.5159 -2.756 -1.4469 -1.8355 -2.1906 0.088876 -0.2215 0.28334 -1.0427 -0.3423 -0.020707 -1.1803
5.3162 -3.7801 -3.0974 -1.8116 -1.8697 -2.0289 0.028111 0.30618 0.29119 -0.85773 -0.40363 -0.22124 -1.544
5.0743 -4.0737 -3.4202 -2.5132 -1.9886 -2.5444 -0.54302 -0.12323 -0.27927 -1.2238 -0.33494 -0.030462 -1.3357
3.9739 -2.9279 -2.5743 -1.7649 -1.7958 -2.3651 -0.83018 -0.11143 -0.14309 -0.94426 -0.38052 0.31045 -1.0307
1.9737 -2.7234 -1.0363 -1.3791 -0.90362 -1.9186 -1.045 -0.42986 -0.25754 -0.8741 -0.50685 -0.10874 -0.29555
0.89406 -3.2722 -0.024695 -0.94759 -1.5672 -1.341 -0.76288 -0.82706 -0.16759 -0.55782 -0.24391 -0.73911 -0.37091
0.03534 -3.5496 -0.018938 -1.2474 -0.66306 -1.2573 -0.30836 0.14009 0.015862 0.029606 -0.13771 -0.76809 -0.30798
0.61389 -5.2392 0.58031 -2.071 -1.276 -1.318 0.77906 0.94965 0.12205 0.61555 0.30259 -0.046683 -0.032609
0.19917 -5.5556 1.2623 -1.4317 -1.275 -1.3998 0.96182 0.90566 0.40306 0.124 0.17256 0.89235 0.01811
-0.58265 -5.3621 0.58281 -1.6406 -0.19729 -0.58914 0.54641 0.60645 0.23073 0.49457 0.11084 -0.38432 -0.12563
-1.0506 -4.7146 -0.29357 -1.4746 -0.97946 -0.29096 0.67187 1.0874 0.65204 0.48434 0.34861 0.054663 0.23957
-2.4546 -3.7901 0.57498 -0.9131 -0.63675 -0.11708 1.2492 1.1121 -0.018497 0.23209 0.65578 -0.39757 0.072126
-2.4318 -5.6565 0.31079 -1.1381 -0.16087 -0.074395 0.83764 0.85067 0.070215 0.40383 0.49104 -0.19652 0.020784
-2.3231 -4.5296 1.3598 -0.27289 0.8879 -0.72335 -0.15643 -0.081503 0.33219 0.26123 -0.064799 -0.48318 -0.71739
-1.6878 -6.2164 -0.40958 -0.21318 -0.044626 -0.23412 -0.86927 -0.0027198 0.51698 0.093322 -0.17649 0.021592 0.42351
-0.76803 -6.269 -1.1156 -0.51679 0.36907 0.3687 -0.23293 0.4196 0.87674 0.74265 0.24544 0.076916 0.33401
-0.34114 -6.7435 -1.1702 -1.2084 0.92721 0.44566 0.18095 0.24637 0.15183 0.95675 0.82927 0.32144 -0.32856
-0.64191 -6.9751 -1.7962 -1.2741 -0.28255 0.12326 1.5672 0.58645 0.3622 0.61087 0.090124 0.46931 0.15727
-0.83476 -7.2987 0.10447 -0.25431 -0.041049 -0.46598 0.88006 0.99793 0.58355 0.76951 0.49402 0.91045 0.34396
-2.4755 -5.125 0.76006 -0.59298 -0.36859 0.10033 1.1254 -0.099732 0.35741 0.38498 0.20312 0.31058 0.12429
0.49989 -0.54776 -1.553 -3.4417 -1.013 -1.1364 -0.40203 -1.1481 0.099709 -0.68378 -0.4733 0.11194 0.33572
4.4194 -1.32 -3.5109 -4.2378 -0.5731 -1.0891 -0.7134 -0.92965 0.232 -0.17078 -0.99372 0.16765 0.77739
5.1467 -2.6832 -4.712 -3.5748 -0.93452 -1.0048 -0.49422 -0.71877 0.46224 -0.30193 -0.6503 0.58894 1.0057
5.3848 -2.8795 -4.3214 -2.693 -0.53211 -0.84898 -0.73691 -0.77491 0.42098 -0.94015 -1.0482 0.4442 0.42664
5.4589 -4.4071 -5.5793 -3.4749 -1.4067 -1.5496 -1.5031 -0.97692 0.58487 -0.88158 -0.32546 0.44834 1.0446
5.4435 -3.7176 -4.3133 -2.9118 -0.82604 -1.0759 -1.5143 -0.53488 0.023391 -0.77625 -0.92167 0.27916 0.26707
5.316 -5.0032 -3.7134 -3.1215 -1.0584 -0.49304 -1.4742 -0.36803 -0.1137 -0.71766 -0.75074 1.0606 0.77093
4.9433 -3.5032 -3.8762 -2.3444 -1.7578 -0.52226 -0.92908 -0.62345 0.60948 -0.96966 -0.34985 1.5945 1.1217
2.8473 -2.5097 -2.4416 -2.0066 -1.9775 -0.50985 -0.84362 -0.56959 1.5099 -0.78591 -0.44862 1.1422 1.0765
2.2047 -4.7297 -2.3597 -0.87449 -2.5592 -1.0134 -0.091453 -1.4864 0.42758 0.012759 0.16711 0.62391 0.73438
3.0958 -3.5119 -3.1815 -2.3357 -1.7653 -1.4095 -0.98637 -0.99843 1.2192 -0.4823 0.12895 2.0245 2.0289
2.5223 -3.5204 -3.0161 -2.0774 -0.92023 -1.6102 -1.3764 -0.8829 0.31985 0.0074047 0.10753 1.7123 2.2355
0.9946 -3.9819 -0.95131 -0.9292 -0.43325 -1.9356 -2.003 -1.1105 -0.32204 0.13301 0.73142 1.008 1.7707
1.0338 -3.121 -0.68953 -2.0063 -0.71019 -1.7568 -0.82241 -0.82731 0.35929 0.17522 0.85053 1.0355 1.973
