-2.7395 -5.9526 1.0089 0.46854 0.83735 -0.046562 0.94621 0.33341 0.4887 0.72148 0.90395 -0.12646 0.68156
-1.8111 -6.0682 1.0718 -0.22431 1.0391 -0.37792 0.71119 0.999 0.67789 0.42419 0.31462 0.099211 -0.16563
-2.6017 -6.9795 0.232 -0.29696 1.2492 -0.039574 0.62661 0.82027 0.10203 0.084781 0.76825 0.60023 0.2095
-2.3238 -8.1084 1.1149 0.0037641 1.182 0.31748 0.80052 0.83588 0.13264 0.11487 0.59773 0.99139 0.8808
-1.8325 -7.7753 1.0617 -0.37153 1.2069 0.39313 1.2544 0.82422 0.64902 0.35706 -0.11699 0.37088 0.33896
-1.378 -7.811 1.3666 0.49121 1.4113 -0.14281 -0.17682 0.84439 0.76662 0.84434 0.2033 0.4294 -0.26434
-0.8511 -9.3452 1.014 -0.1369 1.9718 0.42723 0.96505 1.2611 0.68282 0.23816 0.39613 0.46425 -0.0019369
-0.50731 -9.3874 1.094 -0.36544 1.5265 0.32705 1.1137 1.0313 0.90093 0.55628 0.50761 1.0545 0.70077
-0.23647 -7.037 1.9766 -0.94938 1.19 0.057722 0.62661 0.34693 0.27533 0.22803 -0.092748 0.032128 0.020929
-0.66702 -7.0797 0.70772 -1.2551 0.76382 -0.46285 0.81351 0.047036 0.40108 0.59046 0.82839 0.45671 -0.13946
-0.10284 -5.0309 1.24 -0.95123 0.58515 -0.96963 -0.55268 -0.13222 -0.40076 -0.52713 -0.054212 -0.054821 -0.29655
2.7846 -3.0567 0.059585 -1.8512 -1.2879 -2.9805 -1.3219 -0.87941 -0.31134 -1.3444 -0.36114 0.058363 -1.3796
4.7114 -4.1368 -0.029775 -1.6007 -1.2239 -2.7999 -0.8276 -0.2477 0.055573 -1.1008 -0.26697 0.19896 -1.5357
5.2182 -4.738 -0.71095 -1.9825 -1.7504 -2.6213 -0.7615 -0.35776 -0.45428 -1.1033 -0.78493 -0.18061 -1.4876
5.1102 -4.6944 -1.3838 -1.9158 -1.8194 -2.5262 -0.82153 -0.41913 -0.63718 -1.3063 -0.91969 -0.24618 -1.5133
4.1825 -3.3727 -1.4056 -1.2751 -1.4112 -1.9453 -1.0055 0.12659 -0.47669 -1.1875 -0.73606 0.3712 -0.91141
2.3904 -2.6016 -1.1398 -1.8236 -1.4055 -1.6921 -1.8983 -0.39294 -1.023 -1.612 -0.70246 0.080667 -0.81581
0.88422 -2.6287 0.90062 -1.5 -0.47526 -1.1769 -1.6475 -0.86466 -1.1758 -0.31562 -0.80397 -0.53291 -1.1892
0.29305 -4.7543 0.72532 -0.29865 0.34683 -0.15161 -0.18424 -0.069502 -0.56796 -0.25443 -0.086216 -0.30168 -0.78285
0.35281 -5.7228 0.37314 -0.71604 -0.19843 -0.13495 0.49853 0.58331 0.7988 1.643 0.39462 0.16006 -1.2117
0.18674 -4.689 0.36479 0.19421 0.72038 -0.10053 0.62843 1.0569 0.11572 0.28701 -0.19091 -0.079712 -0.3828
0.14083 -4.5998 0.87781 0.87797 0.87174 -0.36958 0.12836 0.31139 -0.48794 -0.09873 -0.6747 -0.10895 -0.56744
-0.82405 -3.9092 1.2455 -0.16381 0.32502 -0.31081 -0.3055 -0.28801 -0.16817 0.11315 -0.55304 0.59566 -0.49501
-1.4362 -4.085 1.9365 0.5205 -0.30708 0.13443 -0.28165 -0.56227 0.072123 0.36669 -0.11591 -0.8285 -0.65335
-2.0678 -3.2987 1.6038 0.58738 0.42795 -0.018462 0.12362 0.18306 0.5906 0.30863 -0.12463 -0.053612 -0.37184
-1.4533 -4.4171 2.2788 0.46298 0.77205 -0.019081 0.26083 0.81706 0.55331 0.29835 -0.22536 -0.15034 -0.53209
-2.4536 -4.4112 2.1171 0.77715 0.71499 0.2108 0.47424 1.0024 0.67564 0.15823 -0.2205 -0.13025 -0.15039
-0.79248 -4.5551 1.6863 0.88747 0.7756 0.067622 -0.49773 0.49613 -0.071595 -0.39514 -0.27614 0.16642 0.17302
-1.4241 -4.3081 0.80184 -0.92678 1.2845 0.48224 0.5088 1.0198 0.72066 0.24868 -0.40119 -0.64008 -0.51109
-1.1407 -3.8748 0.55373 -0.57791 0.69897 0.32226 0.18662 0.51182 0.78354 0.757 0.30076 0.40339 0.078266
-1.9728 -4.2781 -0.17723 -0.63428 0.69805 0.46813 0.42281 0.87756 0.44992 0.27405 0.041902 0.55986 0.13351
-2.0907 -2.6728 0.47709 0.38591 1.2417 0.72538 0.56988 0.95935 0.48125 0.073273 -0.49885 0.08486 0.053276
0.11419 -0.82781 0.38285 -1.721 -1.0751 -0.39741 -0.50714 -0.86188 -0.48456 -0.92147 -0.093978 0.41877 0.25111
3.5914 -1.7465 -1.2502 -2.7066 -1.102 0.28788 -1.3679 0.058638 -0.47907 -1.2095 -0.32707 0.4141 0.18579
4.2305 -2.4379 -2.0933 -3.169 -1.5283 -0.27398 -1.9345 -0.097891 -0.74991 -1.2621 -0.58554 0.51087 0.016034
4.3217 -2.8628 -1.8158 -3.0257 -1.0968 -0.26162 -1.7621 -0.050899 -0.56288 -1.2894 -0.16602 0.51233 0.10518
4.1652 -2.733 -2.0577 -3.2901 -1.066 -0.61223 -1.3816 -0.45383 -0.55082 -1.369 -0.23479 0.66045 -0.090043
4.085 -2.9178 -2.0345 -3.2024 -0.79075 -1.0528 -1.2506 -0.548 -0.80736 -1.3114 -0.23064 0.4211 -0.14873
3.8679 -2.3248 -3.582 -2.9975 -1.1192 -2.1925 -0.7516 -1.2397 -0.79482 -0.671 -0.56607 0.4965 0.2166
2.4715 -1.0317 -2.5419 -1.4258 -0.84452 -1.526 -0.26244 -0.76343 -0.30718 -0.75105 -0.67523 -0.077273 0.27243
0.3878 -3.8035 0.5777 0.56842 -0.86855 -1.0168 -0.4232 -1.271 -1.094 -0.80982 0.026587 0.19826 0.25528
1.756 -3.1262 -1.5224 -1.3129 -1.9062 -2.0916 -1.6078 -1.2723 -0.47173 -0.17686 -1.017 -0.95344 0.57487
2.27 -1.5544 -3.0073 -2.1216 -1.0758 -2.017 -1.3644 -0.72962 0.45226 -0.54652 -0.24794 -0.011405 0.48088
0.92935 -1.6202 -1.3913 -1.8361 -0.39442 -1.5792 -0.96032 -0.60365 0.29233 -0.19851 -0.32443 0.23678 0.53019
0.94311 -1.4339 -1.4786 -2.2598 -0.4469 -1.963 -1.8917 -0.94218 0.81154 -0.23355 -0.3563 -0.14097 0.034137
0.11294 -1.1829 -0.85861 -1.897 0.10385 -1.82 -1.2799 -0.18065 0.43489 0.027302 0.26333 0.18745 0.5529
