-1.6141 -7.8809 1.1871 -0.094323 0.97544 1.6766 1.0387 0.78444 0.14905 -0.1506 -0.091269 0.8158 0.42384
-1.972 -8.1389 0.34209 -0.7046 0.81694 1.1438 1.2405 0.83387 0.36003 0.34329 0.65031 0.57831 1.0686
-3.0798 -6.3856 0.97625 -0.28354 0.13684 0.39696 0.97198 0.63319 0.65851 0.92824 0.62642 0.63877 0.88732
-2.4477 -7.0011 0.36776 -0.61773 0.94712 0.69788 0.97058 0.47893 0.73764 0.45707 0.2944 0.50385 0.29961
-1.9917 -8.7841 -0.14391 -0.49951 0.94575 1.7047 1.2287 0.27322 1.2394 1.1787 0.2127 1.0989 0.40855
-1.3766 -9.4445 0.3465 -0.81263 1.745 0.89981 1.1392 1.1354 0.94407 0.50678 0.43454 0.93582 0.17611
-1.8476 -5.9578 2.5597 0.010547 1.3324 0.36033 0.59351 0.015765 0.83993 0.42587 0.12659 0.13015 0.32563
-2.1107 -5.5246 1.6112 -0.33399 0.58571 0.50753 0.65664 0.63791 0.14887 0.10167 0.68716 0.41537 -0.24236
-1.2537 -4.7994 0.89041 -0.94514 -0.34181 -0.27733 0.1159 -0.29946 -0.023238 0.64134 0.081527 -0.0047 -0.65096
0.16188 -1.2541 1.1038 -0.513 -1.726 -2.054 -0.68073 -1.0001 0.14802 -0.65784 0.607 -0.6394 0.063284
2.4851 -2.233 0.48935 -1.1153 -2.0421 -2.4017 -0.38024 -0.15185 0.32789 -1.0723 0.21157 -0.28614 -1.0696
2.7737 -2.3942 -0.14314 -1.8538 -2.4094 -2.176 -0.25698 -0.23656 0.069915 -1.4694 0.13567 -0.65242 -1.2095
2.7286 -2.4663 -0.29911 -1.7004 -2.6171 -1.7264 -0.82735 -0.6335 0.37024 -1.1673 -0.52748 -0.74176 -1.1006
2.5497 -2.542 -0.21053 -2.077 -1.9514 -2.3115 -0.81985 -1.0333 -0.30753 -0.62282 -0.7776 -1.0046 -1.0701
2.1807 -2.3013 -0.40878 -1.3858 -1.6553 -2.4678 -0.79325 -0.97195 -0.55488 -0.6898 0.023498 -0.38477 -1.1878
1.1089 -2.4927 -0.1414 -0.0066608 -0.57517 -0.94307 -0.8602 -1.0101 -0.50161 -1.2061 -0.09215 -0.083522 -0.57136
-0.52562 -1.8792 1.3572 0.81323 0.55637 -0.30414 -0.33447 -0.28925 0.79699 0.3001 0.12801 0.073655 -0.31333
-1.3892 -2.5743 1.47 0.94943 -0.37068 -0.53734 0.21301 0.12983 0.85712 0.30222 0.38317 -0.26741 0.096749
-1.9282 -3.1524 0.9683 -0.28352 -0.43772 -0.24006 0.32836 0.14595 0.41985 0.83352 0.76374 0.085449 0.23032
-1.8611 -3.7709 0.94384 0.23168 0.69255 0.15837 -0.1189 0.24724 0.18524 0.0039065 0.85618 0.65133 -0.049758
-2.0551 -3.5621 0.6581 -0.0055931 0.12088 -0.027453 -0.30971 -0.14511 0.0083448 0.088083 0.085805 0.42216 0.040739
-3.1452 -3.4356 0.49167 -0.25268 0.0089925 0.16223 0.53644 0.55502 0.081412 0.14945 0.086543 0.0022924 0.41692
-3.7309 -3.8927 0.32965 -0.63597 0.26225 -0.18491 0.2023 0.21015 -0.078974 -0.1031 0.34192 -0.0097796 -0.25355
-4.0425 -4.0327 -0.31974 0.24346 -0.2642 -0.24718 -0.27075 0.3939 -0.31134 0.344 0.86047 0.1849 -0.088837
-3.0895 -3.3806 0.11561 0.3969 0.071221 0.49318 0.76359 0.95326 0.57546 0.32727 0.085958 -0.078471 -0.043443
-3.0064 -3.1151 0.44032 -0.65613 -0.19997 0.077935 -0.016741 0.29932 0.26008 0.36712 0.39562 0.1885 0.3435
-3.9269 -2.6478 0.51242 0.099109 0.58164 0.2434 0.11149 0.055039 -0.23125 -0.22084 0.19115 0.35429 0.1696
-3.0409 -2.749 0.50951 0.15398 0.6397 0.7184 0.59092 0.14984 0.10042 -0.025322 0.20054 0.49214 0.13478
-3.7586 -2.8522 0.4261 0.28442 0.68033 0.24506 -0.31986 -0.35655 0.34026 0.46245 0.3366 0.71324 0.0056312
-3.6377 -1.9096 1.1183 0.65135 1.2006 0.61197 -0.23341 -0.50718 0.70821 0.11766 -0.45508 0.72688 -0.027767
1.3904 -1.1729 -0.49956 -2.4817 -1.3401 -1.1814 -0.72412 -1.3698 0.31368 -0.49559 -0.084846 -0.10556 0.57011
2.5842 -1.29 -1.6841 -3.2665 -1.3706 -1.5203 -0.8063 -0.90013 -0.017304 -0.70938 -1.0622 -0.33455 0.49529
2.578 -1.4782 -2.2949 -2.984 -1.3104 -1.3538 -0.97122 -0.87352 0.33573 -0.90795 -1.196 0.27178 0.63122
2.3214 -2.1556 -2.3124 -2.4865 -1.0768 -1.5284 -1.1245 -0.99777 0.34403 -0.7967 -0.9191 0.74662 0.5205
2.248 -3.5607 -1.9181 -2.9141 -1.519 -1.5652 -1.6096 -0.74572 -0.18706 -0.71186 -0.84568 0.8836 1.0571
2.2053 -3.924 -1.279 -2.3722 -1.7983 -1.7557 -2.0385 -0.23016 0.60329 -1.0753 -0.89282 1.1729 1.108
2.3686 -3.9833 -1.839 -2.0897 -1.6377 -1.8577 -1.3256 -0.29111 0.71955 -1.0404 -0.81504 1.1374 1.493
2.0611 -2.8195 -1.7432 -2.5263 -1.8488 -2.1993 -0.98443 -0.21717 1.1637 -0.87213 -0.23736 0.3311 1.1608
