0.16616 -6.5067 0.36429 -0.96709 0.53342 0.25825 1.0279 0.473 -0.34845 0.045069 -0.082022 0.1528 -0.24099
-0.58388 -4.1922 -0.04422 -1.1151 -0.11091 -0.18565 0.42933 0.079456 -0.26612 0.37297 -0.19963 0.36217 0.32872
1.3919 -1.8246 0.10449 -1.7074 -1.6999 -1.7398 -0.36523 -1.2356 -0.94906 -1.1171 0.41934 -0.92019 -0.37325
2.5926 -2.59 0.037121 -2.0754 -1.0063 -1.8011 -0.73432 -0.16095 -0.63461 -0.70658 -0.21031 -1.0672 -0.6265
2.6915 -2.953 0.03827 -2.1542 -1.3295 -1.6805 -0.94777 0.19992 -0.94012 -0.88256 -0.17076 -0.72287 -1.0896
2.8217 -3.2828 -0.14327 -1.7896 -1.2505 -1.6743 -1.1221 0.63282 -0.9196 -1.0535 0.0068626 -0.85568 -1.231
2.2824 -3.2019 0.39258 -1.2259 -1.7755 -1.6292 -0.96182 0.04326 -1.1231 -0.51436 -0.28403 -0.72929 -0.92924
1.2105 -2.9447 0.67598 -0.58285 -1.0695 -1.3754 -0.62873 -0.39535 -0.68859 -0.3961 -0.12234 -0.78904 -0.92187
0.019217 -2.3235 1.1429 0.15637 -0.78136 -0.82047 -0.39274 -1.1882 0.3342 -0.81753 -0.32158 -0.27879 -0.34194
-2.7123 -2.6904 0.702 0.3771 0.34284 0.31879 0.44977 0.23741 0.65163 -0.078227 -0.41825 -0.4367 -0.38132
-4.0703 -2.5491 0.74407 0.48516 0.64051 0.26943 -0.18578 -0.42081 0.19208 0.060703 -0.042495 0.32047 -0.11215
-3.5062 -2.8294 0.30766 -0.029802 0.28623 0.21778 0.38698 0.36343 0.38352 0.16814 0.034124 0.10364 0.29906
-3 -3.8648 1.3121 -0.10094 0.65501 0.22586 0.30961 -0.088549 0.38818 0.15084 -0.08473 0.1355 0.33336
-3.4109 -2.9189 0.43702 0.46046 0.67555 0.45372 0.33215 0.50522 0.82736 0.49105 0.0063087 0.47858 0.22972
-3.0113 -2.7115 0.72057 0.26568 0.16745 0.17964 0.15569 -0.19908 0.49708 -0.0010701 -0.48032 -0.0086934 -0.088516
-1.8793 -2.6217 0.75786 0.54078 0.39782 0.33212 0.0033362 -0.37008 0.44967 -0.053355 -0.2466 0.19146 -0.27383
-3.3229 -2.7352 0.5512 0.44758 0.82704 0.49643 -0.0033851 -0.033707 0.56304 0.2297 -0.21673 0.20581 -0.42782
-2.8491 -2.7752 0.54954 0.43101 0.8264 0.71971 0.4982 0.63561 0.88671 0.304 -0.41467 0.36169 0.60453
-0.52057 -4.086 -0.13058 0.85558 -0.24484 -0.72 -0.57713 1.2982 1.0229 0.31834 0.012205 0.070557 0.38226
-0.43873 -4.0454 -0.58811 0.0086178 -0.56125 -1.0042 -0.74419 1.0355 0.53654 -0.041391 0.041842 0.054121 0.21938
-3.2554 -2.877 0.30677 -0.029794 0.36883 0.36897 0.59997 0.59779 0.49645 0.079039 -0.24277 -0.20879 0.13739
-2.912 -2.3992 1.0133 0.43207 -0.043322 -0.029814 0.24352 -0.1108 0.52415 0.031333 -0.088943 0.06454 0.91756
1.8461 -1.6114 -0.94465 -2.1814 -0.92263 -0.98953 -0.60015 -0.92112 0.13054 -0.74131 -0.414 -0.11691 0.27204
3.14 -2.7189 -1.7585 -2.4964 -1.4925 -1.0643 -0.41636 -0.41836 -0.24779 -1.1263 -0.76111 0.017872 -0.0047341
3.4602 -3.2485 -2.0632 -2.5255 -1.8952 -0.77562 -0.68893 -0.4437 -0.55781 -1.3348 -1.0177 -0.20144 0.16614
3.4615 -3.2397 -2.0168 -2.4203 -2.0074 -0.74058 -0.74363 -0.25688 -0.80767 -1.7449 -0.97376 -0.21097 0.036211
3.3617 -3.3267 -2.2967 -2.2984 -1.9833 -1.0881 -0.53062 -0.54297 -0.84206 -1.7341 -0.99175 -0.3614 0.18749
3.2439 -3.1886 -2.0847 -2.3691 -1.6149 -1.1569 -0.16755 -0.48084 -0.8248 -1.6354 -0.789 -0.17848 0.25336
3.0116 -3.7226 -2.0383 -2.4196 -1.5685 -0.95732 -0.52317 -0.40041 -0.65743 -1.842 -0.79559 0.10848 0.23023
2.9892 -3.6994 -1.5351 -1.7667 -1.7305 -0.54182 -0.32594 -0.5076 -0.46514 -1.4229 -0.88015 0.24352 0.24338
2.6017 -3.002 -1.5711 -2.3736 -1.5849 -1.0341 0.068874 -0.80959 -0.10351 -1.73 -0.25715 0.16359 0.21895
1.7288 -1.8678 -0.31188 -1.5243 -1.8451 -1.1954 0.23493 -0.81185 0.20501 -1.053 0.047806 0.072487 0.11418
-1.3167 -2.9598 -0.69947 -0.29228 0.66557 -0.2549 0.80565 0.049107 -0.25359 0.30438 0.21739 -0.18182 0.41411
-1.6067 -1.9906 0.98669 0.36648 -0.4175 -0.47105 -0.027949 -0.91718 0.25854 0.078639 0.28453 0.11984 0.83648
1.4006 -2.1109 -0.99687 -1.8936 -0.97238 -1.9028 -0.65886 -0.60216 -0.077037 -0.45176 0.11037 -0.43927 0.95856
0.59298 -2.9569 -0.2268 -1.0687 -1.0353 -1.2189 -0.25446 -0.48973 0.096255 -0.58701 -0.016348 -0.20777 0.51522
-0.27687 -2.9981 -0.087537 -1.2458 -1.216 -1.1583 -0.16989 -0.51204 0.36161 -0.4059 0.14631 0.03064 0.54286
0.85965 -3.781 -1.0599 -1.8021 -1.1818 -1.7814 -0.53136 -0.19223 0.2616 -0.59251 -0.096425 0.13398 0.95338
0.67198 -3.6808 -0.76858 -1.9694 -1.0013 -1.7137 -0.35675 0.0069633 0.22109 -0.53126 -0.40956 -0.24616 1.0135
