4.533 -2.4976 0.55424 -1.7115 -2.4697 -2.5568 0.11274 -0.56918 -0.49605 -0.59932 0.28932 -0.6284 -0.42363
5.5527 -4.5221 -0.089996 -1.4526 -2.7525 -1.9707 -0.28893 0.11088 -0.25809 0.12657 -0.44964 -0.86744 -0.5137
5.6663 -4.5664 -0.43502 -2.0868 -2.7982 -1.8246 0.00094333 0.17022 -0.61172 -0.33346 -0.3058 -0.72304 -0.87682
5.6376 -4.8047 -1.039 -2.7673 -3.6492 -2.0538 -0.45173 -0.62632 -1.0089 -0.34913 -0.72704 -1.0058 -0.47968
5.2626 -3.9847 -0.19843 -1.8151 -2.9808 -1.8891 0.54444 -0.084481 -0.80452 -0.90415 -0.023573 -0.50475 -0.70843
3.6495 -2.5273 0.32735 -0.9796 -1.1809 -1.3555 -0.21061 -0.94645 -0.034178 -0.47334 0.28234 -0.37413 -0.22633
1.1467 -3.1652 0.45463 -0.0075845 -0.15963 -0.36561 -0.41948 -1.0403 0.016866 -0.32814 -0.026136 0.064118 -0.058273
0.88638 -4.5711 0.94967 0.10231 -0.59258 -0.97778 -0.26349 0.12992 -0.097701 -0.3786 0.04149 0.039964 -0.0083087
1.6543 -5.8801 -0.65612 -0.36154 -0.30574 -0.93859 -0.20725 -0.0048712 -0.14155 -0.31494 -0.58203 -0.23309 -0.95643
1.7004 -5.0767 0.16 1.1655 0.77586 -0.81299 -0.21621 0.27007 -0.066521 -0.17147 -0.53388 -0.57421 -0.41096
1.5465 -3.7185 1.5421 0.84156 0.71384 0.35118 -0.061204 -0.41187 -0.2754 -0.17866 0.072955 -0.054122 -0.81616
0.33684 -4.3026 0.37244 -0.037695 0.46038 -0.21732 -0.23407 0.36569 0.0051354 0.060115 0.37241 0.015288 0.10562
0.89365 -5.5594 -0.75545 -1.1388 -0.12937 0.25064 0.13168 0.94386 0.99059 0.4839 0.36644 0.38527 -0.23682
0.68506 -6.4407 -0.75263 -0.1421 0.57578 0.43986 -0.17434 -0.12306 0.19324 0.52401 -0.049559 -0.032493 0.24581
0.66667 -6.7858 -1.2449 -0.57249 0.48211 0.70188 0.37813 -0.21136 -0.054562 0.20295 0.070868 -0.51955 -0.64236
-0.90962 -4.5053 0.91585 -0.54118 0.31209 0.089104 0.059835 -0.036123 -0.025355 0.45434 0.82286 0.38904 0.093359
-1.9567 -3.5016 0.51635 -0.3487 0.24732 0.085598 0.10485 0.078655 0.15586 0.0028477 0.17614 -0.024579 0.0445
-0.1193 -2.8544 -0.0531 -1.3306 -1.0281 -1.5999 -0.80486 -0.68577 0.15626 0.011665 -0.064625 -0.51645 0.69362
4.0573 -3.4627 -1.6539 -3.2891 -1.373 -1.5564 -0.61363 -0.9567 -0.34127 -0.55657 -0.36284 -0.010088 0.796
5.0737 -4.3249 -2.6512 -3.2742 -0.98492 -0.77491 -0.76841 -0.9426 -0.2288 -0.78766 -0.72462 -0.092462 0.16541
5.4603 -4.7305 -3.6853 -3.2477 -1.1537 -0.94676 -0.77444 -0.91047 -0.57749 -1.2514 -0.67684 0.23737 -0.3763
5.538 -4.8076 -3.5945 -3.4714 -1.3274 -1.2039 -0.68892 -0.78067 -0.75179 -0.9588 -0.38244 0.57823 -0.14614
5.2924 -3.875 -2.7542 -2.8762 -0.75818 -1.0451 -0.26653 -0.34216 -0.65346 -0.75927 -0.016031 0.7594 -0.20684
4.6595 -4.0377 -2.2373 -2.8804 -1.2182 -1.3527 -0.037424 -0.68825 -0.20614 -0.69449 0.1054 0.20281 0.25619
2.2998 -3.5511 -0.70051 -2.0373 -1.466 -1.5109 -0.19551 -0.45761 -0.31259 -0.65637 0.27686 -0.14095 0.028326
1.7194 -4.2176 -0.80865 -1.0048 -0.49906 -0.77313 -0.83919 -0.9788 -0.81491 -0.3327 0.12491 0.29283 0.45434
2.7465 -4.091 -0.6764 -1.7841 -1.696 -1.8136 -0.68005 -1.0021 -0.34266 -0.3201 0.10514 -0.90217 0.28591
3.5382 -3.9413 -0.82503 -2.3287 -1.7956 -1.6867 0.19415 -0.36573 -0.45734 -0.76 0.0020889 -0.99455 0.16741
3.6359 -3.8817 -1.3926 -2.8436 -1.7957 -1.558 0.023745 -0.33116 0.0017142 -0.74874 -0.04818 -0.60369 -0.006724
3.1836 -3.9107 -1.3904 -2.2406 -1.585 -1.3452 -0.0032638 -0.51812 0.12514 -0.52814 -0.027617 -0.61136 0.018017
2.8702 -3.9831 -1.1103 -2.803 -1.5589 -1.1945 -0.21672 -0.97796 0.15936 -0.25666 -0.43623 -0.51304 -0.18953
2.0708 -3.3626 -0.61998 -2.3944 -1.3331 -1.0332 0.057238 -0.5155 0.38305 0.042988 -0.005633 -0.51346 -0.24655
