0.66154 -6.2974 0.61378 0.055989 0.49013 -0.47834 0.80733 0.034046 -0.077197 0.38989 0.74571 0.097857 0.32878
1.8158 -4.1577 1.4266 -0.40299 0.12216 -1.5333 0.32097 -0.51973 -0.3632 -0.046388 0.40606 -0.057526 0.29192
4.7197 -2.2988 0.042386 -1.4867 -2.1515 -2.3146 -0.037715 -0.10712 -0.41838 -0.15543 0.049975 -0.81086 -0.33954
6.1943 -4.7194 -1.0049 -1.81 -2.9555 -1.5279 0.051248 0.38405 -0.79091 0.032786 -0.4861 -0.66603 -1.3414
6.3335 -5.0175 -1.3331 -1.8925 -3.1382 -1.3698 0.12328 -0.060627 -1.0684 -0.031917 -0.56101 -0.26952 -0.90017
6.0714 -4.4696 -1.4312 -2.1066 -3.1829 -1.7377 -0.23894 -0.086794 -1.5589 -0.46998 -0.55172 -0.46608 -0.85591
5.1896 -2.9408 -1.618 -1.399 -1.8448 -1.2269 -0.077132 0.043309 -1.1154 -0.53302 -0.036844 -0.29191 -0.94812
2.996 -2.3473 1.0908 -0.54641 -0.55184 -0.41214 -0.59385 -0.67208 -0.90686 -0.0078484 0.051384 0.1392 -0.44097
1.3345 -3.0883 0.81762 -1.0401 0.49387 0.29853 0.37038 -0.12622 -0.9236 -0.16296 0.047451 -0.34034 -0.50476
0.84053 -4.1602 -0.51244 -0.88873 -0.035968 0.027584 0.088735 0.53505 0.30715 0.51218 0.14596 0.39873 -0.23745
0.91193 -4.5882 0.95583 0.40168 -0.083752 -0.11545 -0.029467 0.03117 0.22823 0.47535 0.41442 0.10634 -0.35329
-0.59507 -4.289 -0.35427 -1.0394 -0.21376 -0.34625 0.12234 0.12462 -0.25542 -0.10359 -0.052464 -0.40433 -0.0786
0.55236 -6.2358 -0.75056 -0.55933 0.079504 -0.43131 -0.66888 0.37076 0.0059709 0.76028 0.38233 0.096389 0.13331
1.0358 -7.4085 -0.26929 -0.10855 0.51465 -0.45067 0.18714 0.27809 -0.60647 0.23378 0.23348 0.62784 0.17524
0.98293 -6.5231 -0.18959 0.24576 0.41635 -0.13987 0.56345 0.49243 0.57009 0.27451 0.43166 0.38091 -0.23892
-0.18386 -5.1606 0.96857 -0.39991 0.50218 0.55137 0.28969 -0.018787 -0.4146 0.04261 0.48312 0.77021 0.21835
-0.72613 -6.2618 1.1598 0.39466 0.15682 0.094781 -0.41389 0.17681 0.24331 0.11805 0.28966 0.076715 -0.15061
-2.9168 -3.6254 0.31838 0.068746 0.58621 0.096913 -0.24533 0.43335 0.61104 0.39503 0.033806 0.11676 -0.16731
-4.3621 -3.4807 -0.24036 -0.71891 0.44263 0.19114 1.0352 1.3184 0.54087 1.1155 0.69038 0.019704 0.41845
-3.9716 -2.608 0.56551 0.28781 0.68083 0.60673 0.64533 0.68111 0.74879 0.31168 -0.10665 0.11723 0.29428
-4.1888 -2.7155 0.40661 0.041165 0.34704 0.19445 0.27704 0.20202 0.25502 0.2428 0.29349 0.33708 0.38711
0.56296 -2.8806 -0.17295 -1.6521 -0.9305 -1.0961 -0.24237 -0.72993 -0.61206 -0.62341 -0.21706 -1.1048 -0.71241
1.9735 -2.0834 -0.39221 -2.6151 -1.0258 -0.32615 0.16949 -0.89911 0.47712 -0.15263 -0.32511 -0.65544 -0.2646
2.4395 -1.9385 -1.0674 -2.4331 -0.85629 -0.39055 0.18091 -0.45973 0.38381 -0.59669 -0.22541 -0.75408 0.44556
2.3903 -2.3563 -1.5371 -2.3226 -0.90852 -0.50133 0.078836 -0.37762 0.019401 -0.82843 -0.47524 -0.43962 0.058851
2.09 -2.7871 -1.3428 -2.002 -0.69014 -0.42739 0.079217 -0.38478 -0.1332 -0.84999 -0.40899 -0.50638 0.027839
1.1721 -2.4674 -0.79359 -1.1016 -0.308 -0.45848 -0.14577 -0.50847 -0.097078 -0.6945 -0.52656 -0.12169 -0.14665
0.33978 -2.5303 0.51056 0.081636 0.2287 -0.16435 -0.9184 -1.3794 0.084157 -0.20802 -0.38647 0.30465 -0.72584
0.37903 -2.9201 0.63006 0.18171 -0.21776 -0.19035 -0.40168 -1.0853 -0.31874 -0.73823 -0.6977 -0.40576 -0.83133
