-1.3779 -4.503 1.179 -0.71026 -0.42977 -0.20798 0.010345 -0.036656 0.68578 0.63841 0.097947 0.4973 0.3937
-1.3262 -4.276 1.6301 -0.76288 0.75983 0.083221 0.23954 0.13515 -0.11017 -0.054283 0.11522 0.034329 -0.46195
1.5847 -2.734 0.56363 -1.9857 -1.7393 -2.4363 -1.8571 -0.20919 -0.13381 -0.69986 -0.39759 -0.21363 -0.24655
4.2748 -4.6378 -0.226 -1.766 -1.9052 -2.0361 -1.5859 0.88604 -0.40393 -0.14315 0.43388 -0.00073616 -1.3575
4.4092 -5.2548 -0.57091 -1.8281 -2.2589 -2.0558 -1.0227 1.4813 -0.6996 -0.37232 0.26704 -0.12815 -1.0677
4.3569 -5.3288 -1.052 -2.0134 -2.8439 -2.0888 -1.202 0.99442 -1.2737 -0.41486 -0.35329 -0.72811 -1.2033
4.6278 -5.3987 -1.0562 -1.7672 -2.9165 -1.9049 -1.0326 1.0517 -1.2363 -0.2934 -0.29821 -0.58519 -1.1336
4.4292 -4.8518 -0.92915 -1.319 -2.7812 -1.8115 -0.96988 1.0022 -0.92413 -0.34819 -0.063259 -0.49044 -1.0228
3.6575 -4.3312 -0.6169 -1.5197 -2.5209 -1.8719 -1.2785 0.40311 -0.65355 -0.764 -0.001609 -0.41888 -1.0467
1.655 -2.6007 0.40267 -0.97131 -1.8321 -1.8762 -0.53931 0.31923 -0.63795 -1.0743 -0.086005 -0.52913 -0.30482
-0.8511 -2.7171 0.60475 -0.32935 -0.75153 -1.0064 -0.24392 -0.39217 -0.46043 -0.98359 -0.57769 -1.1175 -0.10226
-1.8821 -2.9458 -0.026474 -1.0866 -0.28601 -0.85135 0.26531 0.82758 -0.067557 -0.076017 0.43386 -0.5247 0.22646
-3.0406 -2.8326 0.22978 -0.83578 -0.32424 -0.63634 0.52065 0.72769 0.16272 0.14786 0.29461 -0.90547 0.37946
-3.1962 -3.1814 0.058506 -0.78993 -0.59973 -0.78002 0.40912 0.72752 0.62975 0.73414 0.50255 -0.91793 0.63551
-2.7524 -2.9613 0.27396 -0.93004 -1.048 -1.1831 0.29006 0.42664 0.4976 0.86522 1.1448 -0.54327 1.2404
-4.1897 -2.7455 0.3674 -0.3662 -0.17137 -0.10441 0.77197 0.59824 0.10407 0.052483 0.3651 -0.39372 0.41152
-4.1983 -2.9208 0.2823 -0.5282 -0.30668 -0.23147 0.96652 0.87275 0.49653 0.81349 1.3098 -0.056773 0.46129
-3.6754 -3.1356 -0.29704 -1.0167 0.35907 -0.16132 0.46861 1.0058 0.21927 0.87664 0.87828 0.091699 0.7678
-3.4466 -2.9889 0.068968 -0.6681 -0.32822 -0.31534 0.62333 0.63227 0.20088 0.5291 1.0502 -0.015213 0.55649
-1.9054 -4.0645 0.78215 -0.82503 0.50144 0.43253 0.27849 0.48598 -0.072861 -0.21351 0.078407 0.014514 -0.056598
-3.1461 -2.8397 1.0567 -0.017071 0.33146 0.0092944 -0.074948 -0.25489 -0.35714 -0.40326 -0.063333 0.025581 0.28009
1.4472 -1.2428 -1.2052 -2.9681 -1.1819 -1.3124 -0.82624 -1.3848 0.12782 -0.46879 -0.3915 -0.14521 0.25431
2.5736 -2.7008 -1.9312 -3.3753 -0.88056 -0.92307 -1.4791 -0.67304 0.09595 -0.82956 -1.0672 -0.43141 -0.44445
2.8823 -2.9623 -1.6344 -3.3211 -0.67253 -1.067 -1.5544 -0.27297 0.16857 -1.061 -0.96288 0.29406 -0.51114
2.9745 -3.2954 -2.2619 -2.9843 -1.1158 -1.3396 -1.3289 -0.16259 0.082924 -1.2766 -0.70407 0.10677 -0.30172
2.8953 -2.8002 -2.2324 -2.5285 -1.2186 -1.1005 -1.3625 -0.18723 0.38504 -1.5159 -0.3786 -0.12545 -0.4805
1.9748 -2.1209 -1.3323 -2.225 -0.73548 -1.3949 -1.0907 -0.42579 0.51234 -1.2707 -0.56978 -0.16821 -0.22097
-0.46018 -2.8753 0.50115 -1.0886 -0.54802 -0.85817 -0.84584 0.071367 0.17776 -0.78867 -0.52488 -0.22897 0.14024
-0.084251 -4.9997 0.36542 -0.65656 -0.56828 -1.0175 -0.98959 -0.33021 -0.46037 0.032551 0.1851 0.33863 0.21089
0.50666 -3.0295 -0.63373 -0.93137 -0.68032 -1.4485 -1.5661 -1.0359 -0.41795 -0.86148 -0.18283 -0.016548 0.5054
-0.12441 -4.4301 0.58077 -0.322 -0.41692 -0.69439 -1.1259 0.32113 -0.82921 0.03601 -0.38244 -0.11306 0.92772
