3.3747 -3.8837 -0.12765 -2.1837 -1.9677 -2.3411 -1.2802 -0.077322 -0.33233 -0.44267 -0.30248 -1.0031 -0.51135
4.0093 -4.3741 -0.7802 -2.5577 -1.9928 -2.1277 -1.3759 0.17526 -0.33196 -0.32379 0.11339 -0.39823 -1.153
4.2108 -4.2669 -0.59238 -2.1001 -1.579 -1.8597 -1.1848 0.57321 -0.17866 -0.72205 0.026059 -0.03094 -1.0466
4.3949 -4.5415 -0.45115 -2.037 -1.7794 -1.6503 -1.0996 0.5819 -0.22515 -0.88071 -0.028808 -0.1698 -1.0412
4.5317 -4.8515 -1.0247 -2.2775 -2.222 -1.7921 -1.2349 0.65137 -0.46346 -0.96714 0.1569 -0.34232 -0.87961
4.6044 -5.3111 -1.4261 -2.3139 -2.5149 -1.9594 -1.3381 0.37111 -0.559 -1.1741 -0.069113 -0.3951 -0.90776
4.4275 -4.7896 -1.0429 -1.638 -2.2164 -1.6555 -1.1586 0.82518 -0.79434 -1.1185 -0.14053 -0.66311 -0.94177
4.3581 -4.5672 -1.2097 -1.8837 -2.2394 -1.9921 -1.3165 0.37025 -0.079082 -0.9794 -0.51775 -0.57537 -0.64598
4.132 -4.2637 -0.89327 -1.7456 -2.0056 -1.7318 -1.4959 0.42708 0.17534 -0.81578 -0.45271 -0.49084 -0.3028
2.8128 -3.9004 -0.45395 -1.6476 -1.6059 -1.8827 -1.1095 -0.36406 -0.15455 -0.82404 -0.32416 -0.8247 0.036054
0.67313 -3.4047 -0.14736 -0.97146 -0.83704 -1.0832 -0.83072 -1.1486 -0.39103 -0.79419 -0.76679 -0.78433 -0.58068
-2.0026 -3.1077 0.11323 -0.5184 -0.41447 -0.40927 0.11769 -0.2341 -0.47329 -0.25061 0.2642 -0.33382 -0.10485
-2.9362 -3.1455 -0.13332 -0.64959 -0.099909 -0.47795 0.066644 0.75208 0.65684 1.0859 0.29224 -0.24897 0.77948
-3.844 -2.9558 0.27783 -0.23949 0.17425 0.052074 0.51151 0.59887 0.30409 0.27476 0.097227 -0.045086 0.3272
-2.5514 -3.1925 -0.16346 -0.84912 -0.015107 -0.39369 0.24161 0.70003 0.21748 0.29097 -0.082409 -0.63141 0.54168
-4.2858 -2.6363 0.4324 -0.04373 0.42211 0.05136 0.15029 0.20121 0.20767 0.37677 0.36157 0.13687 0.28646
-4.6585 -2.6705 0.47232 -0.092093 0.20723 -0.032622 0.47994 0.70055 0.4376 0.41592 0.29297 -0.11011 0.65587
-5.9656 -2.7269 0.40527 0.1033 0.47126 0.030754 0.15385 0.41342 0.13462 0.3841 0.57911 0.32985 0.45332
-4.4466 -2.6032 0.49875 0.11787 0.43302 0.27743 0.3691 0.27313 0.30737 0.23943 0.25083 0.19057 0.1795
-4.8907 -2.4392 0.66186 0.28219 0.59442 0.43846 0.53065 0.43919 0.47129 0.40718 0.41882 0.36969 0.36579
-1.1507 -2.268 0.94095 -0.20641 -0.59589 -0.51673 -0.47994 -1.4904 0.1211 -0.50621 -0.17553 0.12459 -0.042535
2.3485 -2.9512 -0.66651 -2.5011 -1.6795 -1.4024 -0.5159 -1.3664 0.041694 -0.28349 -0.23709 -0.79261 0.15074
2.7673 -3.6271 -1.6544 -2.8539 -1.652 -1.4715 -0.52675 -1.1683 -0.34401 -0.92315 -0.41237 -0.4889 -0.13367
2.9291 -3.4138 -1.3979 -2.9183 -1.2461 -1.1968 -0.59384 -0.80065 -0.15056 -0.82642 -0.54739 -0.28375 0.016518
3.0528 -3.8151 -1.6309 -3.3437 -1.5984 -1.1428 -0.96247 -0.75644 -0.29104 -1.0842 -0.74674 -0.41 0.29155
3.2832 -3.839 -1.3918 -3.6775 -1.5602 -0.77625 -1.029 -0.70444 -0.55947 -1.1638 -0.9289 -0.64569 0.17555
3.2576 -3.5657 -1.4749 -3.3062 -1.3403 -1.0436 -0.65331 -0.71342 -0.29534 -0.92313 -0.82427 -0.35563 0.48653
3.0725 -3.95 -1.852 -3.2348 -1.5523 -1.4763 -0.73056 -0.76107 -0.40105 -0.9998 -0.56325 -0.45551 0.48682
2.6474 -3.5012 -1.079 -2.6913 -1.3737 -1.3875 -0.92951 -0.90327 -0.15817 -0.59503 -0.31577 -0.55537 0.24385
1.3377 -3.5801 -0.35071 -0.98026 -1.2579 -1.591 -1.241 -1.473 0.20062 -0.05621 0.030904 -0.30723 0.060289
0.068613 -3.578 -0.19917 -0.63257 -0.62035 -0.81934 -0.56358 -0.82481 -0.35013 -0.3221 -0.089431 -0.48409 -0.078173
-0.22238 -3.6724 -0.27845 -0.78178 -0.75824 -0.8899 -0.4133 -0.63624 -0.49027 -0.32252 0.12034 -0.3388 0.21446
0.44787 -3.5504 -0.13633 -1.1238 -1.7226 -1.5814 -0.55464 -0.91964 -0.19619 -0.26042 0.18438 -0.56816 0.56996
0.81453 -3.1134 0.11922 -2.0366 -2.4545 -1.8155 -0.027514 -1.1238 0.58138 0.17021 0.23001 -0.97231 1.1561
