-1.1593 -7.4956 1.7959 -0.10984 1.1941 -0.02195 0.11798 -0.21839 0.8749 0.35431 0.69712 0.65347 -0.002979
-1.7152 -7.0486 2.2067 0.16975 0.89525 -0.27945 0.18165 0.68951 1.056 0.39386 0.24804 0.19206 0.29026
-2.1176 -6.8444 1.7644 -0.19658 0.49844 -0.0014943 0.6077 0.40832 0.41319 0.27067 0.70486 0.44603 0.3481
-1.2984 -6.802 1.8334 -0.40851 1.0719 -0.043196 0.65974 0.93965 0.83459 0.28744 0.23885 0.32349 0.34008
-2.2121 -4.9857 -0.79141 -1.5004 1.6298 0.24696 0.61019 0.91539 0.022723 -0.14174 0.78678 0.25108 -0.058597
-3.3216 -2.779 0.079456 -0.30123 1.0198 0.10628 -0.22226 0.10893 -0.23582 -0.25742 -0.6771 -0.21955 -0.26615
3.3518 -2.464 -2.0186 -2.5956 -1.1663 -0.50669 -1.253 -0.47278 -0.35684 -1.1735 -0.98484 -0.10703 -0.51806
4.3979 -3.0072 -2.9585 -2.5717 -1.0334 -0.081667 -1.1375 -0.12263 -0.064163 -0.84749 -0.80043 0.17075 -0.45732
4.9144 -3.2452 -3.2015 -2.2246 -1.0252 0.33485 -1.1293 0.12971 -0.2576 -1.0507 -0.76008 0.33873 -0.3536
5.13 -3.2968 -3.6313 -2.3035 -0.99525 0.17888 -1.1727 -0.14804 -0.20416 -1.3886 -0.65988 0.10834 -0.58133
5.1334 -3.286 -4.0148 -1.9987 -1.2662 0.10659 -1.2574 -0.27219 -0.39424 -1.4704 -0.73348 -0.051242 -0.55845
4.8521 -3.3386 -3.8798 -2.4529 -1.3225 -0.2398 -1.4077 -0.54505 -0.52078 -1.5241 -0.93925 -0.22088 -0.7273
3.453 -0.84049 -1.9081 -2.3928 -0.12877 -0.3354 -0.02517 -0.67692 0.56644 -1.3234 -0.40176 0.57853 -0.60706
0.61151 -1.184 0.98078 -0.87027 -0.40372 -0.020695 0.51819 -0.7071 0.38558 -0.88226 -0.16244 0.23537 -0.15938
-1.7765 -2.8899 0.46141 0.34865 0.77957 0.30377 -0.4302 -0.57407 0.04238 -0.13009 -0.16454 0.60532 -0.099291
-2.3059 -3.1606 -0.089992 0.11195 0.47693 0.28552 -0.10601 -0.11943 -0.2515 0.18138 0.40422 0.28904 -0.13147
-3.8905 -2.5475 0.83841 0.21302 -0.2054 0.091206 0.64665 -0.13049 -0.42467 -0.091254 1.0487 0.36155 0.17922
-4.9198 -2.5156 0.73675 0.39872 0.35767 0.28057 0.38327 0.13299 0.20391 0.24211 0.64954 0.32998 0.019317
-4.1384 -3.9369 0.78283 -0.20594 0.036868 0.012514 0.13352 0.451 -0.042046 0.95074 1.1403 0.81306 0.25847
-2.1433 -6.3269 0.91589 0.22161 0.86478 0.39643 -0.16997 0.19216 0.40382 0.94842 0.56569 0.46059 0.23816
-3.2354 -2.8072 0.3896 -0.29817 0.1816 0.12827 0.76236 0.81837 0.30601 0.17808 0.056907 -0.38854 0.54271
-2.5681 -1.7914 0.51767 -0.75931 -0.43527 -0.4422 0.12141 -0.44965 -0.13284 -0.86513 -0.16832 0.15331 0.041549
3.5825 -1.8811 -2.5488 -2.7246 -0.85084 -0.23116 -0.72774 -0.95886 -0.054312 -0.67642 -0.83959 -0.31689 -0.15537
4.6837 -2.9468 -3.9037 -2.5607 -1.2333 0.33566 -0.96995 -0.63627 -0.1016 -0.68517 -1.1794 -0.28298 -0.33991
4.69 -3.0137 -3.43 -2.6642 -0.92292 0.34489 -0.78555 -0.82464 -0.15941 -1.0083 -1.1622 0.0015576 -0.67381
4.7911 -3.3337 -4.0103 -2.8161 -1.143 0.15026 -0.86709 -0.9992 -0.33013 -1.168 -1.2981 -0.12568 -0.7857
4.9126 -3.4853 -4.0117 -2.695 -0.99913 0.46259 -0.87086 -0.73441 -0.4502 -1.0153 -1.3001 -0.080466 -0.73026
4.8835 -3.3648 -3.7317 -2.5392 -0.79821 0.96537 -0.94881 -0.62784 -0.34826 -0.88207 -1.2037 0.017672 -0.58779
4.5661 -3.4443 -3.896 -2.8319 -0.72313 0.61369 -1.0881 -0.76804 -0.57475 -1.1034 -1.2578 -0.3231 -0.7783
4.1228 -2.9601 -3.5731 -2.796 -0.67094 0.66487 -0.64627 -0.88408 -0.19494 -1.321 -1.0264 -0.28238 -0.55875
3.4254 -2.2172 -2.8006 -2.5612 -0.069165 0.62669 -0.49561 -0.94422 -0.035427 -1.236 -0.56317 -0.21121 -0.54235
2.6554 -2.2819 -2.4175 -3.3057 0.018528 0.24202 -0.88068 -0.88106 -0.42844 -0.91963 -0.7477 -0.12431 -0.48748
1.6154 -2.0859 -1.7864 -2.2133 0.18854 -0.32892 -0.63158 -0.53168 -0.04578 -0.36623 -0.75931 -0.22099 -0.06861
