3.2577 -4.5701 0.35337 -1.677 -1.9476 -2.4813 -1.2246 0.62719 -0.11852 -0.45167 0.34543 0.44823 -1.1449
3.2984 -5.0955 -0.35183 -1.9452 -2.1953 -2.4646 -1.0115 0.81941 -0.14415 -0.5635 0.2167 0.27618 -1.0086
3.9383 -6.0424 -0.44468 -1.962 -1.9207 -1.768 -0.81199 0.59358 -0.25797 -0.45474 -0.22457 0.1706 -1.0692
3.8834 -5.5768 -0.79101 -2.1646 -2.0613 -1.9186 -1.171 0.47278 -0.54825 -0.78797 -0.28039 -0.20933 -1.0905
2.4621 -1.7969 -0.10368 -1.8541 -0.94707 -1.2844 0.11889 0.081411 -0.15737 -0.42034 0.29931 0.0030418 -0.82123
-0.050912 -1.9121 1.3927 0.18418 -0.26642 -0.36399 -0.10794 -1.2156 0.62188 0.10036 0.26896 0.31574 -0.19186
0.2194 -2.5698 1.7391 0.52253 0.27033 0.38495 0.38146 -0.13716 0.64349 0.27906 0.39027 0.35381 0.093201
0.71333 -3.4952 2.0104 1.1799 0.87481 0.72037 -0.34857 -0.46878 0.45169 0.19938 0.16996 0.2329 0.33078
0.10023 -3.5161 1.5985 0.27942 0.85306 0.16186 0.20516 0.55267 0.57476 0.47799 -0.03198 -0.19235 -0.4273
-0.74186 -3.6241 0.86921 0.47564 0.89209 0.65768 0.15068 0.47041 0.55947 0.37554 0.1542 0.010638 -0.44147
-1.014 -3.7 0.9761 0.60225 0.4519 0.36796 0.51317 1.0468 0.39472 0.20309 0.34572 -0.13115 -0.34801
-0.60354 -3.0224 1.5738 0.53322 1.2468 0.47642 0.055229 0.33502 0.6177 0.63264 0.6175 0.75827 -0.16422
-1.6023 -2.3006 0.84697 0.097305 0.20933 0.16602 0.0082759 -0.19795 0.62706 0.032223 -0.37657 0.35159 0.62366
2.4484 -2.3498 -0.83444 -2.9015 -0.88852 -0.72447 -0.60626 -0.43573 0.08891 -0.02678 -0.095249 -0.26709 0.67777
3.5845 -3.9531 -1.8338 -2.845 -1.2488 -0.53482 -0.84466 -0.0036046 0.09319 -0.87907 -0.75409 -0.47398 0.0056794
3.9763 -4.8397 -2.1407 -2.9811 -1.3946 -0.77426 -0.83767 0.14503 -0.24893 -0.98698 -0.97596 -0.00841 -0.28463
4.042 -4.4936 -1.5432 -3.0267 -1.0477 -0.29114 -0.87024 0.4524 -0.23886 -1.0375 -0.87408 -0.10835 -0.4182
3.9353 -5.0438 -1.8199 -3.1315 -1.2046 -1.199 -0.67399 0.26899 -0.55001 -0.91197 -0.88112 -0.20149 -0.47666
3.2099 -3.9228 -2.4823 -3.2252 -1.2234 -2.583 -0.3143 -0.45658 -0.53446 -0.49498 -1.2136 -0.46246 0.11429
0.67149 -2.4425 -1.4007 -1.9209 -0.83721 -2.1166 -0.10696 0.044942 0.32347 -0.20063 -0.61456 -0.72033 0.34789
-2.7148 -3.8228 -0.29529 -0.057432 0.16943 -0.11709 -0.18144 0.022407 0.20636 0.28926 -0.34558 0.013836 0.24147
