3.5154 -1.2683 -0.43272 -2.15 -1.4354 -2.1986 -0.81295 -0.43507 0.34877 -0.67063 0.82078 -0.41089 -1.2953
4.5349 -3.3736 -1.573 -2.9647 -1.3205 -2.3157 -0.85633 0.43765 0.051892 -0.75505 0.31898 -0.69292 -1.7357
4.6737 -3.8934 -2.7536 -2.6021 -1.3341 -2.2762 -0.63448 0.57782 -0.42356 -1.1878 -0.14393 -0.421 -1.8133
4.3004 -3.5382 -2.7513 -2.1958 -1.4981 -1.7614 -0.62494 0.28981 -0.45571 -1.4703 0.23962 -0.34412 -1.2319
4.6296 -4.0329 -2.9413 -2.5057 -1.9416 -1.8457 -0.79859 0.18087 -0.42113 -1.6001 0.019339 -0.12884 -1.2629
4.5053 -3.7093 -2.7958 -2.9563 -1.8189 -1.8194 -1.233 0.057724 -0.40868 -1.5485 -0.26536 0.10406 -1.2416
2.7014 -2.3472 -1.9005 -2.4216 -1.0552 -1.2951 -1.1181 -0.41042 -0.22862 -1.1229 -0.52652 0.10474 -0.89134
-0.16093 -2.2788 0.20461 -0.76915 0.042937 -0.29475 -0.70939 -1.4849 0.091702 -0.57784 -0.6081 0.056754 -0.52734
-2.4512 -3.1629 0.95649 0.094586 0.18638 0.016813 0.10402 -0.16786 0.28956 -0.0088563 -1.6231e-05 -0.2052 -0.42622
-2.7131 -5.0326 0.085273 -0.072605 -0.011914 0.60691 0.39509 0.74316 0.64837 0.8143 0.03367 0.43789 0.29737
-1.4861 -5.9857 0.6454 -0.8075 -0.46986 -0.42935 0.39999 0.75118 0.38671 0.5617 -0.039731 0.22004 0.25538
-1.5585 -5.715 0.97584 -1.3181 -0.32161 0.20928 -0.10866 -0.13715 0.7576 1.0979 0.22421 0.16998 0.42385
-1.8141 -6.9483 0.45908 -0.22607 0.02114 -0.13369 0.15999 0.71806 0.82427 0.78771 0.34263 0.19211 -0.16246
-2.1906 -6.2711 0.021866 -0.85501 -0.21665 -0.64215 0.50319 0.97478 0.40621 0.50176 0.29915 0.73747 0.25717
-1.1125 -7.1672 0.29682 -0.1084 -0.38487 -0.022984 -0.12951 -0.46342 0.27485 0.2951 0.25678 0.5589 0.14745
-0.72566 -6.7215 0.0018943 0.41553 0.27769 -0.31092 -0.1615 -0.013685 -0.45758 0.063072 0.71562 0.53228 0.51115
0.62095 -1.8239 -0.13285 -2.1389 -0.79384 -1.4868 -0.93306 -1.3346 -0.21641 -0.58076 -0.32962 0.20755 0.16872
2.728 -2.2306 -2.0727 -3.0795 -1.4429 -1.2924 -1.1646 -1.2246 0.071547 -0.86051 -1.5911 -0.10839 0.010312
3.9215 -2.8468 -2.4938 -3.194 -1.8954 -1.2151 -1.4563 -0.54184 0.20479 -0.69203 -1.6312 -0.10059 -0.1905
4.4908 -3.1414 -2.6201 -2.842 -1.4637 -1.0276 -1.1338 -0.0082693 0.090759 -0.72364 -1.529 -0.27966 -0.36113
4.7813 -3.7122 -3.3066 -3.3256 -1.6872 -1.3523 -1.5988 -0.0066666 -0.17404 -1.3579 -1.5084 -0.37696 -0.79183
4.8893 -3.7946 -3.4819 -3.1116 -1.5712 -1.4676 -1.4686 0.0062424 -0.23147 -1.0824 -1.3675 0.036851 -0.80067
4.9786 -3.1524 -3.1348 -2.1238 -1.3304 -0.88244 -1.006 0.43109 0.18879 -0.89932 -0.96187 0.064272 -0.55245
4.9207 -2.9518 -3.8187 -2.0375 -2.0153 -1.8136 -1.0547 -0.23701 0.3281 -1.2287 -0.62152 -0.55783 -0.16975
4.5611 -2.3938 -3.908 -1.4059 -1.5888 -2.6508 -0.52908 -0.36647 0.30332 -0.67365 -0.2257 -0.982 0.25637
3.9349 -2.229 -3.6073 -1.445 -0.91497 -2.4971 -0.46079 0.0030469 0.25042 -0.86362 -0.036029 -1.1575 0.17632
3.2542 -1.9253 -2.8662 -2.1253 -0.88267 -2.5514 -0.60649 0.16452 0.4296 -0.90615 -0.23885 -1.5149 0.27588
2.2908 -1.4905 -1.6169 -2.9823 -1.0757 -1.9003 -0.57456 -0.14449 0.69745 -0.12468 0.0069022 -0.92598 0.54719
1.4227 -1.8039 -0.8473 -2.6783 -1.3023 -2.0389 -0.90449 -0.59986 1.1984 -0.3178 0.13107 -0.73547 0.53049
