-0.26565 -7.3476 0.84552 -0.5397 0.98332 0.83028 0.055795 0.13175 0.53167 -0.10363 0.35903 -0.18624 0.77339
0.14544 -7.733 -0.67108 -0.76494 1.0806 -0.39044 0.13174 1.0556 0.85388 0.44457 0.16154 0.53537 0.85031
0.51757 -6.7921 0.70926 -0.45656 0.82411 0.33429 0.20667 0.38674 0.64769 -0.20469 0.060562 0.53002 0.53976
-1.2514 -3.7815 0.74056 -0.089116 0.28474 -0.50157 -0.40614 -0.060881 0.66262 0.15898 -0.30612 0.37125 0.90768
1.023 -1.1578 0.95525 -0.61069 -0.74899 -0.76481 -0.40181 -1.1729 0.6034 -0.40319 -0.51732 -0.34113 0.13346
2.3909 -0.62907 0.24641 -1.6323 -0.51003 -1.0854 -1.2618 -0.84013 0.75123 -0.10304 -0.55195 -0.12178 0.30033
2.7176 -0.882 -0.2554 -1.8341 -0.88205 -1.4012 -1.301 -0.99609 0.73565 -0.20182 -0.61539 -0.25736 -0.11963
2.626 -0.61264 -0.070349 -2.27 -1.0483 -0.99773 -1.4274 -1.4775 0.43579 -0.23298 -0.53695 -0.5508 -0.21587
1.9722 -1.2055 0.13181 -1.7778 -0.62161 -0.88709 -1.09 -1.3639 -0.19025 -0.13287 -0.22751 -0.47563 -0.53558
0.60986 -1.3835 0.65224 -1.2573 -0.53719 -0.34028 -0.5214 -1.419 0.23665 -0.41052 -0.47417 -0.32296 -0.12267
-0.962 -2.5645 0.71062 0.2425 0.037207 -0.0845 0.10415 -0.51684 0.047185 0.058428 0.78818 0.40986 -0.12461
-1.6906 -3.5282 0.56725 0.037623 0.30321 -0.093539 0.4236 0.45013 0.4578 0.62558 0.2758 -0.10431 -0.72277
-1.6747 -4.903 1.0862 -0.4019 0.26637 0.17209 -0.13598 0.73937 0.35628 0.35754 -0.011944 -0.017258 -0.11509
-2.9849 -3.6619 0.52586 -0.3978 0.27452 0.1908 0.43068 0.60559 0.1217 0.31872 0.31832 -0.010499 0.13549
-2.4833 -4.2711 1.4147 -0.27678 0.55603 -0.66571 0.34473 0.39356 -0.046699 0.3688 0.10736 0.33625 -0.14405
-2.2648 -4.3946 0.59144 -0.33204 0.24075 -0.085126 0.03702 0.22231 -0.016335 0.1905 0.01092 -0.092938 0.1867
-1.9535 -6.0514 0.67699 -0.059625 0.94156 0.25954 0.15561 0.58325 0.16217 -0.13397 0.67371 0.6117 0.19891
-1.4948 -6.413 1.2637 -0.46532 0.12311 0.13233 -0.089051 0.137 0.67455 0.078056 0.33776 0.71088 0.29337
-2.6076 -4.8504 0.90001 0.45936 0.4374 -0.041896 -0.3986 -0.15283 0.029144 0.37626 0.61183 0.62893 0.25092
-3.702 -4.1905 0.051539 0.46684 0.23351 0.34794 0.1508 0.37239 0.68314 0.41958 0.59317 0.73226 0.64782
-2.7699 -3.4936 1.7499 0.40275 0.63979 0.32757 -0.19966 -0.66138 0.13352 -0.17283 -0.2128 0.25488 -0.1766
-0.07217 -1.5535 0.62405 -0.90654 -0.70403 -0.60129 -0.11146 -1.6575 -0.040484 -1.0226 -0.48056 0.0143 -0.70481
1.4363 -1.2046 0.13508 -1.8422 -1.2603 -0.97475 0.086659 -1.4747 0.20313 -0.32276 -0.058508 -0.58461 -0.35319
2.422 -0.99427 -0.37446 -2.8267 -1.1745 -0.69848 -0.84436 -1.0603 0.13368 0.16978 -0.46936 -0.61184 -0.035933
3.1644 -1.2418 -0.45695 -3.2168 -1.367 -0.61379 -0.8662 -1.1585 0.39031 0.54942 -1.1002 -0.26141 0.15987
3.3153 -1.4945 -0.93881 -3.1415 -1.6572 -1.0218 -0.97547 -1.0532 0.075245 0.27854 -1.0936 -0.65864 0.22984
3.2177 -1.5203 -0.75348 -3.0065 -1.8612 -0.99025 -0.98972 -0.93829 0.039076 0.26875 -1.1324 -0.70053 0.37066
3.0571 -1.1489 -0.68318 -2.4692 -1.8042 -1.0109 -0.65344 -0.67719 0.38617 -0.20139 -0.39647 -0.68928 0.78747
2.8373 -1.0247 -1.106 -2.3767 -1.4102 -1.2397 -0.73796 -1.278 0.46539 0.054442 -0.5892 -0.60115 0.52001
0.33747 -1.2533 -0.29684 -1.2167 -0.46461 -0.79541 0.28061 -0.47646 -0.13544 0.31764 0.56371 -0.54251 0.70088
-0.96601 -3.1749 0.6117 0.47752 -0.49604 -0.9225 -0.49196 -1.1631 0.12162 0.44621 0.35538 -0.26116 0.38671
1.4958 -1.6376 -0.47949 -2.1559 -1.0622 -1.0553 -1.0331 -1.2478 0.39622 0.30449 -0.30593 -0.60682 0.46165
2.3741 -2.0873 -0.97248 -1.9965 -1.0021 -1.4554 -0.9356 -0.7727 0.49001 0.30584 -0.38532 -0.15232 0.63427
1.5644 -2.0393 -0.66908 -1.2934 -0.35605 -1.5861 -0.94658 -0.65689 0.45909 0.27597 -0.12747 0.0907 0.51062
0.29359 -2.2851 -0.086211 -1.496 -0.53477 -1.5234 -0.78398 -0.29972 0.52878 0.21779 -0.3002 -0.24853 0.56841
