-1.0892 -8.7579 0.83393 -0.33022 1.3025 1.1973 1.3166 -0.10504 0.96489 0.57599 0.26403 0.92761 0.18037
-3.3416 -7.7889 1.5021 0.41732 1.4231 0.69677 0.88998 0.71674 0.75735 0.67783 0.77345 0.70858 0.70686
-1.8662 -5.2297 1.441 -0.37156 0.1384 0.17682 0.30345 0.072609 0.1127 0.17959 0.34612 0.33175 0.40493
-2.375 -6.8519 1.4427 -0.87851 1.2982 0.15243 0.45129 0.29399 0.33066 -0.022868 0.13106 0.9979 0.34434
-1.9728 -4.1038 1.2899 -0.42268 0.55998 0.095705 0.37113 0.30423 0.22817 0.10442 0.35641 0.25528 0.43961
-1.538 -6.1614 1.4354 -0.46251 0.95674 0.25706 0.3534 0.2024 0.54679 0.30915 0.36731 0.17527 0.42682
-3.2895 -3.3386 1.2256 -0.51918 -0.28355 0.12626 1.2196 0.88471 -0.15347 0.22826 0.65831 -0.22206 0.09657
1.172 -2.4341 0.97043 1.4446 -0.15338 -0.77535 -1.0657 -0.49972 -0.23194 -0.38891 -0.39599 -0.13551 -0.72258
3.9216 -3.8236 1.7299 1.1778 -1.0849 -1.6607 -1.5584 0.11628 -0.97101 -0.17582 0.059573 -0.017174 -0.50322
3.5423 -2.7092 1.7604 0.83815 -0.63358 -1.8897 -1.2829 -0.43085 -0.80848 -0.26358 0.63156 -0.018534 -0.14867
3.5872 -3.0896 1.4989 0.79954 -0.70705 -1.6737 -1.4462 -0.3947 -0.82713 -0.49035 0.53701 0.32461 -0.22551
3.1089 -2.9098 1.8277 0.27798 -1.4013 -1.3813 -0.96585 -0.75474 -0.062635 -0.29311 -0.15691 -0.19663 -0.65706
2.1271 -2.3521 1.1461 0.12809 -0.22037 -0.94601 -1.2075 -0.59952 0.17476 -0.37396 -0.043021 -0.092298 -1.0444
0.54612 -2.6739 0.96254 0.94637 0.55815 0.26066 -0.44864 -0.64987 0.70709 -0.18511 -0.88826 -0.079411 -0.71294
-1.3162 -2.7481 0.57582 0.25829 0.31334 0.2518 0.21961 -0.01396 0.39977 0.014281 -0.17629 -0.097416 -0.34262
-3.0284 -2.9273 0.50461 0.17925 0.48708 0.42196 0.56187 0.37822 0.35384 0.10632 -0.059033 -0.36681 -0.66915
-3.3803 -2.785 0.59189 0.23915 0.60583 0.64194 0.87751 0.83248 0.7201 0.1021 -0.42197 -0.48982 -0.17138
-2.4922 -2.8216 0.46129 -0.015237 0.35584 -0.15219 -0.41036 -0.5956 -0.29719 0.22841 0.79041 0.60231 -0.14475
-3.1412 -2.6703 0.69278 0.15713 0.32528 0.0062829 0.35048 -0.1542 0.034835 0.19958 0.81878 0.26285 -0.19524
-2.8578 -3.0244 0.10472 -0.26721 0.27048 0.029043 0.11714 0.087794 -0.011304 0.1698 0.29931 0.06259 -0.26626
-3.0651 -2.7835 0.34711 -0.048475 0.24872 -0.014481 -0.07033 -0.20581 -0.035195 0.045452 0.18179 0.14021 -0.12092
-2.5073 -2.5408 0.69213 0.29068 0.34115 0.15668 0.073944 -0.26525 0.030244 0.026867 0.2712 0.21293 -0.087956
1.5927 -1.9218 0.68453 -0.54549 0.058498 -0.65771 -0.76621 -0.48884 0.13688 -0.66451 -0.97569 -0.30785 -0.52275
3.8842 -2.7567 0.38843 -0.92009 -0.96856 -1.3713 -1.4647 -0.6053 0.49214 0.066052 -1.0438 -0.14188 0.060536
4.3462 -3.1715 0.27712 -0.89572 -0.89629 -2.1904 -1.8781 -0.79677 0.27914 -0.027903 -0.9692 -0.34881 -0.015046
4.796 -3.3043 0.3676 -0.9878 -0.60188 -2.012 -2.0816 -0.44533 0.25279 0.33922 -1.0135 -0.083433 0.11689
4.8333 -3.3076 0.56438 -1.4156 -0.84857 -1.7805 -2.4123 -0.75078 0.3545 0.11583 -1.0511 0.090055 -0.2178
4.8565 -3.4821 0.45164 -1.4285 -1.1332 -1.8157 -2.3573 -0.72867 0.16115 0.1983 -0.9907 -0.30735 -0.10778
4.8012 -3.3219 0.32643 -1.7427 -0.79611 -1.9608 -2.5081 -0.85139 0.16457 0.29014 -1.2263 -0.33123 -0.21398
4.6188 -3.1403 -0.082614 -1.5615 -0.81902 -2.0745 -1.9135 -1.1023 0.17843 0.49988 -1.1304 -0.046967 -0.43317
3.9981 -2.2322 -0.43961 -0.92687 -0.75666 -2.0826 -1.4924 -1.5232 0.58261 0.45039 -0.96341 -0.42006 -0.13148
2.24 -2.1919 0.098259 -0.88651 -0.6396 -1.5413 -1.0204 -0.6375 0.59957 -0.23639 -0.79122 -0.70075 0.12491
1.9736 -2.0728 0.78048 -0.69142 -0.88318 -1.4836 -0.74011 -0.7407 0.34554 -0.39437 -0.5549 -0.57216 0.027423
2.1931 -2.8186 0.28323 -0.75433 -0.57806 -1.2161 -0.86749 -0.98272 0.17517 -0.059918 -0.22529 -0.4814 -0.45215
1.2282 -2.6508 0.5916 -0.49747 -0.66451 -1.0239 -0.5679 -1.1602 -0.2025 -0.085278 0.52212 -0.092213 0.13062
1.5351 -2.7748 0.21015 -1.4596 -0.63815 -1.6549 -0.78875 -0.54507 0.36581 0.68469 0.62006 -0.36398 0.52199
0.84054 -3.0342 0.47607 -0.34787 -1.0126 -1.2536 -0.90987 -1.5276 -0.19221 -0.039126 0.6662 -0.082689 -0.12617
