0.24104 -7.7011 0.93142 -0.66681 0.89371 -0.55765 1.2199 0.095514 0.77408 0.14208 0.10321 1.0138 1.2023
0.90935 -8.1353 1.0099 -1.3513 1.3798 0.15967 0.88302 0.68655 0.50709 -0.0060592 0.1754 -0.059143 0.067827
1.523 -8.7552 1.2312 -1.3981 1.0455 0.37554 0.45372 -0.09859 0.53512 -0.40179 -0.2762 0.31957 -0.17287
1.9979 -8.6633 1.2194 -1.3658 0.41597 0.068133 0.35638 0.54317 0.54782 -0.091616 0.83054 1.1145 -0.044831
1.0629 -8.0276 1.0657 -0.75486 -0.31193 0.12034 0.38105 0.58839 0.8552 0.82374 0.73323 0.6195 -0.44227
0.55926 -5.553 1.4962 -0.2131 1.256 -0.33576 0.047455 -0.62564 -0.24247 -0.62155 -0.25028 0.60446 -0.33576
1.1125 -1.5616 1.1977 -0.18283 -0.0076103 -0.57891 -0.93159 -0.090107 0.85131 -0.45647 -1.4632 0.2522 0.19818
2.7627 -1.3124 0.69904 -0.020861 -1.6404 -0.76844 -1.3094 -0.27206 0.66018 -0.19625 -0.42429 0.31252 0.43393
2.982 -1.2148 0.38353 0.35128 -1.9008 -0.94333 -1.1895 -0.067591 0.36841 -0.23731 -0.35471 0.28358 0.51174
2.4126 -1.1883 -0.051818 0.11329 -1.2031 -0.74933 -0.9461 -0.31529 0.54164 -0.086991 -0.16897 0.091312 0.76939
1.0904 -2.4289 0.067567 0.057932 -0.24943 -0.52007 -0.44692 0.14244 0.27605 0.44331 0.23176 -0.26159 0.26574
0.40026 -4.0143 0.49979 0.46797 0.4919 -0.52913 -0.21148 0.060395 -0.33668 -0.070919 -0.50333 0.3176 0.44654
0.87411 -5.7069 -1.1322 -0.70753 -0.26495 -0.62405 0.37313 0.66932 1.0756 0.57313 0.52642 1.0497 0.26112
0.74001 -6.2442 -1.2877 -0.80136 -0.65801 -0.19399 0.42235 0.31502 0.61968 -0.070188 0.40581 0.76812 -0.089962
0.77106 -5.8419 -1.4018 -1.0532 0.6131 0.14098 0.49727 0.58338 0.032314 -0.87603 0.15894 0.10483 0.31133
1.2511 -7.0015 -1.4267 -1.3639 0.89178 0.55849 -0.078717 0.14322 0.68397 -0.084768 -0.010991 0.25308 -0.13755
0.96088 -6.9586 -1.4596 -1.6007 -0.43066 0.32885 0.024822 0.09491 0.55454 0.75131 -0.044789 0.19933 -0.12361
1.231 -8.158 -1.8846 -1.621 -0.28821 -0.12574 0.54827 0.91398 0.99538 0.18487 -0.16983 0.35326 0.39701
0.083505 -5.7427 -0.71656 -1.9911 -0.61559 -0.33743 -0.3057 0.059675 1.1748 0.34692 -0.32897 0.20141 0.40077
0.12341 -1.3105 -0.0075632 -0.83093 -0.77588 0.12161 0.017105 -0.45377 0.47121 -0.2475 -0.5381 -0.29984 -0.61253
2.1595 -0.31153 -0.66341 -1.2122 -1.7533 0.25009 -0.48716 -1.2218 0.082266 0.61774 0.042872 -1.0361 -0.22569
2.4114 0.16595 -0.51966 -1.2383 -1.8957 -0.29341 -0.34295 -1.8125 0.39062 0.36857 -0.23501 -0.7001 -0.58534
1.9954 0.048931 -1.0554 -0.89715 -1.515 -0.98484 -0.066419 -1.8884 0.11599 0.62715 0.031024 -0.77839 -0.11514
-0.81624 -1.0519 0.62433 -0.57425 0.59813 -0.017296 -0.061635 -1.2561 0.45231 0.39621 0.28436 -0.013624 -0.63558
0.80465 -0.068896 -0.53812 -1.057 -0.16876 -0.8886 -0.17966 -1.2031 0.3432 0.27159 0.2394 0.060484 -1.1481
1.5621 -0.0056311 -0.93828 -1.1685 -0.35712 -1.2089 -0.5342 -1.1238 -0.21592 -0.052131 0.61656 -0.78293 -0.98156
1.283 0.80192 -0.47006 -1.7302 -0.10211 -0.94218 -0.23377 -1.3072 0.49317 0.12647 0.12108 -0.36534 -0.58334
0.44683 0.26201 0.091018 -1.0983 -0.1099 -0.7485 0.029937 -0.92004 0.74513 0.14537 0.45836 -0.53568 -0.88929
