0.81625 0.51852
0.81625 0.51852
0.81625 0.5162
0.81431 0.5162
0.81238 0.5162
0.81238 0.51852
0.80851 0.51157
0.80271 0.50231
0.79497 0.49769
0.7911 0.5162
0.77756 0.48611
0.75822 0.45833
0.73308 0.43519
0.70406 0.42824
0.67311 0.43287
0.65184 0.44444
0.6383 0.46296
0.63443 0.48611
0.63443 0.50231
0.63443 0.53472
0.63636 0.5463
0.62282 0.56713
0.60542 0.59028
0.58994 0.60648
0.57253 0.61806
0.55126 0.61806
0.53191 0.61806
0.50677 0.60417
0.48356 0.58333
0.46615 0.55324
0.45068 0.51852
0.43327 0.48843
0.41006 0.46296
0.37911 0.4537
0.34816 0.46991
0.32108 0.50231
0.30174 0.53704
0.28433 0.57639
0.27079 0.62037
0.25532 0.64815
0.23598 0.68287
0.2147 0.70602
0.19342 0.72454
0.17602 0.7338
0.15861 0.72917
