0.4613 -0.84901 -0.32561
0.4613 -0.84901 -0.32561
0.4613 -0.84901 -0.32561
0.4613 -0.84901 -0.32561
0.4613 -0.84901 -0.32561
0.4613 -0.84901 -0.32561
0.4613 -0.84901 -0.32561
0.4613 -0.84901 -0.32561
0.4613 -0.84901 -0.32561
0.4613 -0.84901 -0.32561
0.4613 -0.84901 -0.32561
0.4613 -0.84901 -0.32561
0.4613 -0.84901 -0.32561
0.4613 -0.84901 -0.32561
0.4613 -0.84901 -0.32561
0.4613 -0.84901 -0.32561
0.4613 -0.84901 -0.32561
0.4613 -0.84901 -0.32561
0.4613 -0.84901 -0.34029
0.4613 -0.84901 -0.36245
0.4613 -0.84901 -0.3889
0.4613 -0.84901 -0.39905
0.4613 -0.84901 -0.40324
0.4613 -0.84901 -0.40324
0.4613 -0.84901 -0.40324
0.4613 -0.84901 -0.40324
0.4613 -0.84901 -0.40324
0.4613 -0.84901 -0.40324
0.4613 -0.84901 -0.40324
0.4613 -0.84901 -0.40324
0.4613 -0.84901 -0.40324
0.4613 -0.84901 -0.40324
0.4613 -0.84901 -0.40324
0.4613 -0.84901 -0.40324
0.4613 -0.84901 -0.40324
0.4613 -0.84901 -0.4001
0.4613 -0.84901 -0.3928
0.4613 -0.84901 -0.37963
0.46746 -0.84901 -0.36266
0.47982 -0.84901 -0.34192
0.50158 -0.84901 -0.31547
0.52335 -0.82832 -0.28902
0.54512 -0.78967 -0.26256
0.56688 -0.72488 -0.23611
0.5962 -0.66009 -0.21424
0.63178 -0.5953 -0.19618
0.67531 -0.53052 -0.18295
0.7109 -0.48938 -0.16489
0.7396 -0.46876 -0.14265
0.76115 -0.46811 -0.11619
0.77498 -0.44449 -0.08974
0.78069 -0.3967 -0.063285
0.78069 -0.33813 -0.03683
0.78069 -0.31573 -0.010376
0.78069 -0.35492 0.016079
0.77901 -0.41472 0.042534
0.77271 -0.46073 0.068989
0.75363 -0.46876 0.095443
0.73398 -0.46876 0.1219
0.71771 -0.46876 0.14835
0.71681 -0.46876 0.17481
0.71681 -0.47578 0.20126
0.71681 -0.49298 0.22772
0.71681 -0.55776 0.25417
0.71681 -0.61537 0.28209
0.71681 -0.65888 0.31289
0.71681 -0.65888 0.35257
0.71681 -0.65213 0.39363
0.71681 -0.62618 0.43861
0.71681 -0.5614 0.49152
0.71681 -0.49661 0.54443
0.71681 -0.43182 0.59734
0.71681 -0.36703 0.65025
0.71542 -0.30224 0.70316
0.70298 -0.23746 0.75607
0.68109 -0.17303 0.80898
0.6581 -0.11188 0.86189
0.60716 -0.13392 0.9148
0.54186 -0.1987 0.96771
0.47656 -0.26349 1.0206
0.39444 -0.37833 1.0735
0.30751 -0.50751 1.1264
0.22044 -0.63708 1.1793
0.13337 -0.71113 1.2096
0.046303 -0.77756 1.2367
-0.0404 -0.84235 1.2634
-0.10753 -0.90713 1.302
-0.17361 -0.97192 1.3412
-0.24154 -1.0367 1.3792
-0.32596 -1.1015 1.4073
-0.41223 -1.1663 1.4342
-0.4946 -1.2311 1.455
-0.56336 -1.2959 1.4592
-0.62929 -1.3606 1.46
-0.68801 -1.4059 1.456
-0.73582 -1.4186 1.4453
-0.77963 -1.4194 1.4323
-0.8149 -1.4194 1.414
-0.84147 -1.4194 1.3905
-0.86324 -1.4194 1.364
-0.89476 -1.3904 1.3435
-0.93342 -1.3401 1.3273
-0.97696 -1.2753 1.3141
-1.0094 -1.2105 1.3076
-1.036 -1.1457 1.3047
-1.0577 -1.0809 1.3047
-1.0916 -1.0523 1.2973
-1.1308 -1.0391 1.2868
-1.1743 -1.0391 1.2735
-1.2048 -0.96141 1.2444
-1.2304 -0.85506 1.2095
-1.2522 -0.72893 1.1705
-1.274 -0.63689 1.1385
-1.2957 -0.56261 1.1101
-1.3175 -0.49782 1.0806
-1.3393 -0.43303 1.0398
-1.361 -0.36824 0.98971
-1.3864 -0.31425 0.93901
-1.4192 -0.28216 0.89277
-1.4615 -0.27863 0.85237
-1.5005 -0.27863 0.81269
-1.5337 -0.27863 0.77301
-1.5555 -0.27863 0.73332
-1.5773 -0.26279 0.68717
-1.5991 -0.23019 0.63418
-1.6208 -0.1654 0.56804
-1.6367 -0.11811 0.50548
-1.6467 -0.088504 0.44652
-1.6467 -0.088504 0.39362
-1.6529 -0.088504 0.3445
-1.6658 -0.088504 0.29942
-1.6875 -0.088504 0.25973
-1.7029 -0.069428 0.21616
-1.7105 -0.027349 0.16788
-1.7105 0.036606 0.11515
-1.7105 0.083229 0.065945
-1.7105 0.10162 0.022507
-1.7097 0.10422 -0.017705
-1.7044 0.11996 -0.060602
-1.6871 0.17125 -0.11076
-1.6654 0.22846 -0.16366
-1.6436 0.26661 -0.21657
-1.6218 0.21788 -0.26948
-1.6001 0.15749 -0.32239
-1.5783 0.1036 -0.3753
-1.5565 0.10162 -0.42821
-1.5348 0.10162 -0.48022
-1.513 0.10162 -0.53045
-1.4912 0.10162 -0.57013
-1.4695 0.10162 -0.60981
-1.4477 0.10162 -0.64949
-1.4259 0.10162 -0.68917
-1.4042 0.10162 -0.72886
-1.3824 0.10162 -0.76854
-1.3606 0.10162 -0.80822
-1.3392 0.099489 -0.8479
-1.3273 0.041072 -0.88758
-1.3273 -0.088504 -0.92727
-1.3273 -0.21808 -0.96695
-1.3392 -0.34766 -0.99937
-1.3606 -0.47723 -1.026
-1.3824 -0.60681 -1.0525
-1.3902 -0.69487 -1.0789
-1.3911 -0.76242 -1.1054
-1.3911 -0.82721 -1.1319
-1.3754 -0.892 -1.1583
-1.3549 -0.95678 -1.1848
-1.3332 -1.0216 -1.2112
-1.3114 -1.0347 -1.2271
-1.2896 -1.0391 -1.2413
-1.2679 -1.0372 -1.2541
-1.2461 -0.98327 -1.2563
-1.2243 -0.92288 -1.2572
-1.1999 -0.86612 -1.2572
-1.1608 -0.85279 -1.2572
-1.1185 -0.84901 -1.2572
-1.0795 -0.84901 -1.26
-1.0525 -0.84901 -1.27
-1.0298 -0.84901 -1.2827
-0.98954 -0.83061 -1.2959
-0.92078 -0.78399 -1.3091
-0.83456 -0.72004 -1.3224
-0.75512 -0.67796 -1.3402
-0.68341 -0.65888 -1.3628
-0.6181 -0.65888 -1.3892
-0.56169 -0.65888 -1.4049
-0.51191 -0.65888 -1.4125
-0.46838 -0.65888 -1.4125
-0.42484 -0.65888 -1.4185
-0.38131 -0.65888 -1.4282
-0.33778 -0.65888 -1.4414
-0.29424 -0.65888 -1.4481
-0.25071 -0.65888 -1.4513
-0.20717 -0.65888 -1.4513
-0.16364 -0.62468 -1.4513
-0.1201 -0.57351 -1.4513
-0.077757 -0.51225 -1.4513
-0.045004 -0.47955 -1.4513
-0.019609 -0.46876 -1.4513
-0.00012783 -0.46876 -1.4513
0.011671 -0.46876 -1.4513
0.014161 -0.46876 -1.4513
0.014161 -0.46876 -1.4494
0.014161 -0.46876 -1.4438
0.014161 -0.46876 -1.4313
0.018063 -0.46876 -1.4204
0.026774 -0.46876 -1.4125
0.048541 -0.46876 -1.4125
0.070308 -0.4556 -1.4071
0.092075 -0.42698 -1.3954
0.11384 -0.36219 -1.369
0.13561 -0.31152 -1.3454
0.15738 -0.27863 -1.3254
0.17914 -0.27863 -1.3122
0.20091 -0.26413 -1.299
0.22268 -0.22837 -1.2858
0.24445 -0.16359 -1.2725
0.27102 -0.098798 -1.2564
0.30629 -0.034009 -1.235
0.34982 0.029962 -1.2087
0.39336 0.082035 -1.1848
0.43689 0.10162 -1.1676
0.48043 0.1054 -1.154
0.52396 0.12599 -1.1386
0.56749 0.22756 -1.115
0.61103 0.35476 -1.0886
0.65456 0.47646 -1.0621
0.6981 0.54908 -1.0357
0.74086 0.61157 -1.0092
0.78256 0.67091 -0.98277
0.8047 0.672 -0.95632
0.82701 0.67364 -0.92986
0.85189 0.6829 -0.90341
0.89543 0.74769 -0.87695
0.93883 0.81247 -0.8505
0.97741 0.87726 -0.82404
0.99918 0.94205 -0.79759
1.0209 1.0068 -0.77113
1.0427 1.0716 -0.74032
1.0645 1.1364 -0.701
1.0862 1.2012 -0.66136
1.108 1.266 -0.62735
1.1298 1.3308 -0.60004
1.1515 1.3956 -0.57359
1.1733 1.4268 -0.54028
1.1951 1.4325 -0.50177
1.2168 1.4325 -0.46208
1.2517 1.4713 -0.4224
1.2929 1.5294 -0.38272
1.3365 1.5942 -0.34304
1.3654 1.659 -0.30336
1.3896 1.7237 -0.26367
1.4113 1.7885 -0.22399
1.4331 1.7581 -0.18431
1.4549 1.7074 -0.14463
1.4766 1.6453 -0.10495
1.4984 1.6289 -0.065263
1.5202 1.6226 -0.025581
1.5392 1.6306 0.014101
1.5455 1.6767 0.053783
1.5472 1.7365 0.093465
1.5472 1.7884 0.13576
1.5472 1.8096 0.18434
1.5472 1.8128 0.23662
1.5415 1.8128 0.28606
1.5277 1.8128 0.33056
1.5061 1.8128 0.37037
1.4913 1.8128 0.41427
1.4833 1.8128 0.46235
1.4833 1.8128 0.51526
1.4754 1.8128 0.573
1.4612 1.8128 0.63455
1.4394 1.8128 0.70069
1.4176 1.8128 0.75615
1.3959 1.8128 0.80428
1.3741 1.8128 0.84396
1.3523 1.8408 0.87792
1.3306 1.8872 0.90812
1.3089 1.952 0.93469
1.2969 2.0168 0.97301
1.2917 2.0816 1.0196
1.2894 2.1395 1.0711
1.2715 2.151 1.1132
1.236 2.11 1.1445
1.1904 2.0513 1.1722
1.1387 2.0107 1.2036
1.0761 2.0029 1.2416
1.0135 1.9949 1.2813
0.95548 1.9731 1.321
0.91089 1.9114 1.3607
0.86419 1.8561 1.4023
0.81344 1.8128 1.4464
0.74814 1.8128 1.4993
0.67939 1.8128 1.5522
0.60574 1.8128 1.6051
0.51867 1.8128 1.658
0.42806 1.7917 1.7066
0.33131 1.734 1.7478
0.22247 1.6045 1.7742
0.11364 1.4851 1.8007
0.004803 1.3889 1.8271
-0.10403 1.3241 1.8536
-0.216 1.2407 1.8762
-0.33778 1.0989 1.8869
-0.46818 0.90571 1.8867
-0.59634 0.72588 1.8837
-0.71209 0.61993 1.8657
-0.81994 0.55514 1.8388
-0.92389 0.49035 1.8104
-0.98184 0.42556 1.7633
-1.0256 0.36077 1.7104
-1.07 0.29599 1.6575
-1.1328 0.2312 1.6046
-1.1981 0.16641 1.5517
-1.2634 0.10162 1.4988
