0.18104 1.5574 1.3049
0.18104 1.5574 1.3049
0.18104 1.5574 1.3049
0.18104 1.5574 1.3049
0.18104 1.5574 1.3049
0.18104 1.5574 1.3049
0.18104 1.5574 1.3049
0.18104 1.5574 1.3049
0.18104 1.5574 1.3049
0.18104 1.5574 1.3049
0.18104 1.5574 1.3049
0.18104 1.5574 1.3049
0.18104 1.5574 1.3049
0.18104 1.5574 1.3049
0.18104 1.5574 1.3049
0.18104 1.5574 1.3049
0.18104 1.5574 1.3049
0.18104 1.5574 1.3049
0.18104 1.5574 1.3049
0.18104 1.5574 1.3049
0.18104 1.5574 1.3049
0.18104 1.5574 1.3049
0.18104 1.5574 1.3049
0.18104 1.5574 1.3049
0.18024 1.5574 1.3047
0.17498 1.5574 1.3036
0.14158 1.5574 1.2967
-0.034649 1.5574 1.2599
-0.18431 1.5574 1.2343
-0.21062 1.5574 1.26
-0.23192 1.5527 1.2926
-0.23192 1.528 1.354
-0.23192 1.5009 1.4252
-0.23192 1.4641 1.5349
-0.23192 1.4274 1.6477
-0.23192 1.3907 1.7716
-0.23327 1.3539 1.8841
-0.23919 1.3172 1.9575
-0.25428 1.2805 2.031
-0.29834 1.2437 2.1045
-0.35305 1.2159 2.1602
-0.4392 1.2142 2.1635
-0.52587 1.2206 2.1432
-0.61398 1.2491 2.0576
-0.7021 1.2799 1.9652
-0.79021 1.3166 1.855
-0.87297 1.3579 1.7358
-0.94267 1.4099 1.5949
-1.0078 1.4605 1.4436
-1.0624 1.5077 1.2686
-1.1276 1.5283 1.1039
-1.2157 1.4916 0.96132
-1.3038 1.4548 0.84146
-1.3919 1.4181 0.76797
-1.4402 1.3703 0.70554
-1.412 1.3012 0.66441
-1.3671 1.2306 0.6431
-1.2922 1.1571 0.65791
-1.2124 1.0907 0.68077
-1.1243 1.0364 0.71752
-1.0419 0.98396 0.74468
-0.9689 0.93461 0.7562
-0.9101 0.88053 0.75115
-0.87328 0.81912 0.72043
-0.85137 0.78258 0.70216
-0.85137 0.78258 0.70216
-0.85137 0.78258 0.68704
-0.85137 0.78258 0.65084
-0.88193 0.78258 0.60166
-0.95295 0.78258 0.5353
-1.0193 0.78258 0.46578
-1.0798 0.78258 0.39229
-1.1148 0.77508 0.3113
-1.1194 0.75863 0.22136
-1.1068 0.72806 0.13116
-1.0746 0.68145 0.040665
-1.056 0.6235 -0.022392
-1.052 0.55332 -0.055847
-1.0283 0.49965 -0.072786
-0.9842 0.46291 -0.072786
-0.94014 0.3923 -0.072786
-0.89609 0.28867 -0.072786
-0.85203 0.20951 -0.072786
-0.80797 0.15303 -0.072786
-0.77685 0.10705 -0.061998
-0.75712 0.07031 -0.041705
-0.75708 0.033572 -0.012458
-0.77352 -0.0031656 0.024288
-0.80534 -0.039903 0.057062
-0.8494 -0.076641 0.086678
-0.8942 -0.11307 0.099112
-0.93958 -0.14926 0.098563
-1.0355 -0.16437 0.076938
-1.1677 -0.16437 0.040193
-1.256 -0.18264 -0.014825
-1.3146 -0.21335 -0.082283
-1.3643 -0.24772 -0.15341
-1.4083 -0.28445 -0.2269
-1.4394 -0.32119 -0.31127
-1.4624 -0.35793 -0.40232
-1.4542 -0.40161 -0.49856
-1.4279 -0.44931 -0.59783
-1.3684 -0.51082 -0.67196
-1.2909 -0.57991 -0.73229
-1.2643 -0.6277 -0.72872
-1.2643 -0.66444 -0.69198
-1.2643 -0.678 -0.65523
-1.2643 -0.6802 -0.61848
-1.3102 -0.70001 -0.60086
-1.3773 -0.72797 -0.59208
-1.4411 -0.76204 -0.60431
-1.5036 -0.79878 -0.6257
-1.5404 -0.82502 -0.66847
-1.5667 -0.84696 -0.72002
-1.5669 -0.85306 -0.7874
-1.5571 -0.85306 -0.8609
-1.5236 -0.85306 -0.93439
-1.4815 -0.85306 -1.0079
-1.4708 -0.85306 -1.0814
-1.4708 -0.85306 -1.1549
-1.4418 -0.85306 -1.2284
-1.4037 -0.85306 -1.3018
-1.3844 -0.85306 -1.3559
-1.3705 -0.85306 -1.4041
-1.3676 -0.85306 -1.4433
-1.3676 -0.85306 -1.4801
-1.3676 -0.85306 -1.4976
-1.3676 -0.85306 -1.5102
-1.3676 -0.85306 -1.4784
-1.3676 -0.85306 -1.4362
-1.3676 -0.85306 -1.3682
-1.3676 -0.85306 -1.2947
-1.3676 -0.88284 -1.251
-1.3676 -0.91848 -1.2132
-1.3085 -0.93041 -1.2009
-1.2388 -0.93808 -1.1932
-1.1532 -0.9585 -1.2115
-1.0651 -0.98098 -1.234
-0.97697 -1.002 -1.2828
-0.88885 -1.0229 -1.3355
-0.80074 -1.017 -1.4149
-0.71262 -1.0077 -1.4977
-0.62746 -0.98109 -1.6027
-0.54263 -0.95257 -1.7102
-0.49496 -1.017 -1.7867
-0.4509 -1.0905 -1.8602
-0.47976 -1.1336 -1.8728
-0.51461 -1.1741 -1.8805
-0.52852 -1.2111 -1.9057
-0.54101 -1.2479 -1.932
-0.51917 -1.2659 -1.9495
-0.4955 -1.2829 -1.9665
-0.40667 -1.2708 -1.9291
-0.31526 -1.2577 -1.8896
-0.14118 -1.2344 -1.7619
0.035055 -1.2108 -1.632
0.21129 -1.2468 -1.4126
0.38752 -1.2835 -1.1922
0.51969 -1.357 -1.0819
0.65187 -1.4297 -0.97321
0.78404 -1.4428 -0.98363
0.91479 -1.4557 -0.99651
0.99041 -1.4557 -1.104
1.0633 -1.4557 -1.2117
1.0666 -1.4557 -1.3247
1.0656 -1.4551 -1.4357
0.98402 -1.4447 -1.5092
0.89736 -1.4326 -1.5819
0.73494 -1.3959 -1.6439
0.58151 -1.3592 -1.6984
0.53745 -1.3224 -1.6616
0.50784 -1.2887 -1.6188
0.62686 -1.286 -1.5141
0.74722 -1.2863 -1.406
0.87939 -1.3137 -1.2684
1.0116 -1.3398 -1.1296
1.1437 -1.3557 -0.98265
1.2738 -1.3696 -0.84289
1.3888 -1.3696 -0.75294
1.4976 -1.3707 -0.67659
1.5673 -1.3783 -0.68427
1.6262 -1.3899 -0.69653
1.6249 -1.4234 -0.73437
1.6165 -1.4392 -0.77808
1.5725 -1.3657 -0.85157
1.5284 -1.3033 -0.9306
1.4844 -1.2924 -1.0354
1.4403 -1.2741 -1.1318
1.3963 -1.2248 -1.1927
1.3522 -1.1779 -1.245
1.3081 -1.1406 -1.2636
1.2671 -1.1088 -1.2733
1.2368 -1.0973 -1.2503
1.2161 -1.0812 -1.2135
1.228 -1.0494 -1.1301
1.2582 -1.0252 -1.0315
1.3463 -1.0252 -0.88448
1.445 -1.0341 -0.72861
1.5753 -1.0692 -0.54653
1.6969 -1.1123 -0.37917
1.7949 -1.1776 -0.25248
1.8755 -1.239 -0.13648
1.911 -1.2905 -0.048183
1.9308 -1.3288 0.022393
1.9124 -1.3349 0.049815
1.8862 -1.3226 0.055077
1.8421 -1.2683 0.0095564
1.7972 -1.197 -0.044121
1.7505 -1.089 -0.11542
1.6902 -0.99234 -0.17534
1.6021 -0.91886 -0.21209
1.514 -0.85644 -0.23778
1.4258 -0.81532 -0.24216
1.3596 -0.77575 -0.245
1.3333 -0.73901 -0.245
1.3082 -0.70932 -0.23795
1.2852 -0.69177 -0.21875
1.2657 -0.68089 -0.1881
1.2519 -0.68089 -0.13874
1.2608 -0.68326 -0.079916
1.3049 -0.68929 -0.0064247
1.3489 -0.70776 0.067066
1.393 -0.7445 0.14056
1.4189 -0.78123 0.21405
1.4196 -0.81797 0.28754
1.4199 -0.80374 0.33554
1.4199 -0.72204 0.3498
1.4077 -0.63791 0.35774
1.3801 -0.55072 0.35774
1.345 -0.46979 0.35774
1.3009 -0.39631 0.35774
1.2568 -0.32746 0.36236
1.2128 -0.26385 0.37224
1.1706 -0.21476 0.39503
1.1305 -0.18131 0.43178
1.1102 -0.16437 0.46852
1.1102 -0.16437 0.50527
1.1102 -0.16437 0.55896
1.1102 -0.16437 0.62916
1.1102 -0.17832 0.68712
1.1102 -0.20518 0.73373
1.0843 -0.22651 0.7751
1.0357 -0.24296 0.81185
0.98343 -0.22061 0.81874
0.9282 -0.16578 0.80064
0.89896 -0.059643 0.73123
0.89041 0.087308 0.62099
0.86126 0.23363 0.51138
0.81655 0.37949 0.40224
0.74656 0.4832 0.33525
0.65845 0.55667 0.29851
0.59224 0.63015 0.29831
0.54095 0.70362 0.32299
0.51163 0.74778 0.36966
0.4965 0.773 0.43054
0.51686 0.79346 0.52101
0.55895 0.81101 0.6296
0.6052 0.82682 0.75555
0.65386 0.84163 0.89156
0.64266 0.82599 1.0053
0.5986 0.79364 1.1067
0.55455 0.78258 1.1656
0.51049 0.78258 1.2023
0.46643 0.7594 1.2159
0.42237 0.72486 1.2181
0.35539 0.72705 1.1423
0.2778 0.74624 1.0304
0.19288 0.77765 0.89411
0.10476 0.81438 0.74713
0.016642 0.85112 0.61065
-0.071474 0.88786 0.47847
-0.16671 0.91866 0.374
-0.26469 0.94717 0.28022
-0.38632 0.95475 0.23072
-0.51653 0.95475 0.19727
-0.6153 0.95475 0.21624
-0.70341 0.95475 0.25299
-0.7336 0.90645 0.31389
-0.74543 0.84284 0.38245
-0.72477 0.77161 0.45481
-0.69452 0.69814 0.5283
-0.65344 0.63929 0.6018
-0.60938 0.58446 0.67529
-0.55378 0.53444 0.69105
-0.49526 0.48564 0.69214
-0.42342 0.42573 0.57772
-0.34845 0.36322 0.43622
-0.33517 0.35215 0.32045
-0.33517 0.35215 0.21021
-0.33517 0.35215 0.07019
-0.33517 0.35215 -0.075695
-0.30561 0.35215 -0.17321
-0.27076 0.35215 -0.26205
-0.22798 0.35215 -0.33768
-0.18392 0.35215 -0.41117
-0.13986 0.35215 -0.45688
-0.095805 0.35215 -0.49856
-0.041841 0.35215 -0.49505
0.013396 0.35215 -0.48573
0.095228 0.34968 -0.45176
0.18006 0.34694 -0.41501
0.22773 0.31322 -0.37827
0.27179 0.27648 -0.34152
0.31584 0.23974 -0.27437
0.3599 0.203 -0.20472
0.37439 0.16627 -0.13147
0.38689 0.12953 -0.057978
0.40999 0.11153 -0.0032313
0.43367 0.094533 0.050516
0.46177 0.10655 0.075244
0.49005 0.11971 0.098827
0.49845 0.14943 0.09301
0.50634 0.17959 0.086428
0.54994 0.17997 0.050065
0.594 0.17997 0.013319
