-0.3865 -0.2223 -0.23067
-0.3865 -0.2223 -0.23067
-0.3865 -0.2223 -0.23067
-0.38981 -0.22536 -0.22959
-0.45388 -0.28459 -0.2087
-0.54903 -0.37256 -0.17768
-0.65474 -0.47029 -0.14321
-0.65474 -0.47029 -0.14321
-0.65474 -0.47029 -0.14321
-0.65474 -0.47029 -0.14321
-0.65474 -0.47029 -0.14321
-0.65474 -0.47029 -0.14321
-0.65474 -0.47029 -0.14321
-0.65474 -0.47029 -0.14321
-0.65474 -0.47029 -0.14321
-0.65474 -0.47029 -0.14321
-0.65474 -0.47029 -0.14321
-0.65474 -0.47029 -0.14321
-0.65474 -0.47029 -0.14321
-0.65474 -0.47029 -0.14321
-0.65474 -0.47029 -0.14321
-0.65474 -0.47029 -0.14321
-0.65474 -0.47029 -0.14321
-0.71336 -0.47029 -0.085879
-0.77496 -0.47029 -0.025636
-0.8302 -0.47029 0.028397
-0.83357 -0.47029 0.031694
-0.83357 -0.47029 0.031694
-0.83357 -0.47029 0.031694
-0.83357 -0.47029 0.0717
-0.81901 -0.47029 0.10101
-0.79001 -0.46853 0.1204
-0.74245 -0.42667 0.14992
-0.6949 -0.3368 0.21552
-0.64734 -0.2223 0.30854
-0.59979 -0.2223 0.40156
-0.59741 -0.15965 0.49459
-0.62598 -0.058785 0.59094
-0.67354 0.040729 0.7068
-0.72798 0.098619 0.84529
-0.79314 0.11573 1.002
-0.88825 0.049785 1.1881
-0.98336 0.028663 1.3109
-1.0706 0.036604 1.4081
-1.1341 0.080437 1.5011
-1.1566 0.12152 1.5661
-1.1513 0.14969 1.6075
-1.1091 0.14969 1.6128
-1.1018 0.14969 1.6521
-1.0878 0.16916 1.6986
-1.0479 0.22445 1.7451
-1.0013 0.28909 1.7687
-0.95374 0.35504 1.7754
-0.90619 0.42099 1.762
-0.85916 0.48694 1.7178
-0.83357 0.55288 1.6713
-0.83357 0.61883 1.6248
-0.86794 0.63712 1.5783
-0.90932 0.63027 1.5427
-0.95688 0.59869 1.5184
-1.0044 0.53274 1.5184
-1.052 0.4668 1.5184
-1.0995 0.40592 1.5148
-1.1471 0.4 1.4725
-1.1947 0.39769 1.4276
-1.2399 0.39769 1.3811
-1.2703 0.39769 1.3346
-1.2833 0.39403 1.2907
-1.2955 0.37716 1.2561
-1.343 0.31121 1.2561
-1.3631 0.2833 1.2561
-1.3822 0.27369 1.2561
-1.4329 0.27369 1.2561
-1.4988 0.27369 1.2561
-1.5489 0.27369 1.2561
-1.5489 0.27369 1.2561
-1.587 0.27369 1.2561
-1.6225 0.28966 1.2561
-1.6365 0.33626 1.2561
-1.6561 0.37497 1.2735
-1.6844 0.39769 1.304
-1.7245 0.39769 1.3505
-1.7277 0.39769 1.397
-1.7277 0.39769 1.407
-1.7277 0.39769 1.3716
-1.7277 0.39769 1.2981
-1.7199 0.39769 1.2219
-1.7035 0.39769 1.1449
-1.6533 0.39769 1.0984
-1.5785 0.39769 1.0519
-1.4834 0.39769 1.0054
-1.3883 0.39769 0.95888
-1.3219 0.39769 0.91236
-1.2793 0.39769 0.86719
-1.2685 0.39769 0.83126
-1.2337 0.39769 0.81878
-1.1942 0.38649 0.82668
-1.1919 0.3237 0.87097
-1.1686 0.29011 0.89466
-1.1372 0.27369 0.89336
-1.1088 0.27369 0.83738
-1.0973 0.27369 0.69171
-1.0796 0.27369 0.44836
-1.0321 0.27369 0.029745
-0.9845 0.18313 -0.22918
-0.93694 0.077033 -0.37605
-0.88939 -0.016952 -0.37494
-0.85406 -0.086849 -0.26686
-0.83357 -0.1534 -0.15551
-0.83357 -0.22093 -0.066945
-0.83357 -0.34709 -0.14377
-0.84912 -0.45743 -0.2368
-0.88471 -0.53996 -0.32982
-0.93182 -0.63656 -0.40167
-0.9702 -0.74431 -0.45624
-0.99788 -0.86243 -0.49303
-0.95033 -0.92838 -0.49303
-0.90277 -0.92866 -0.51619
-0.85522 -0.8751 -0.55734
-0.80766 -0.8518 -0.57377
-0.76011 -0.84229 -0.64177
-0.71255 -0.84303 -0.76493
-0.665 -0.84935 -1.0351
-0.61744 -0.89402 -1.2512
-0.58307 -0.96911 -1.3985
-0.61354 -1.0892 -1.3556
-0.63788 -1.1925 -1.2779
-0.65474 -1.2818 -1.1932
-0.65474 -1.3478 -1.1377
-0.65474 -1.4137 -1.1584
-0.64187 -1.4797 -1.2049
-0.5946 -1.5456 -1.2514
-0.5471 -1.5737 -1.3513
-0.49955 -1.5863 -1.4531
-0.45199 -1.5863 -1.5308
-0.40444 -1.5863 -1.5425
-0.35688 -1.5863 -1.5425
-0.30933 -1.5863 -1.5425
-0.30002 -1.5863 -1.5799
-0.29708 -1.5863 -1.6235
-0.29708 -1.5863 -1.67
-0.28161 -1.6077 -1.7166
-0.25038 -1.649 -1.7631
-0.20283 -1.7103 -1.8096
-0.15527 -1.7103 -1.8561
-0.10772 -1.7103 -1.8636
-0.060163 -1.7122 -1.8355
-0.012608 -1.7461 -1.789
0.021685 -1.7895 -1.7489
0.038649 -1.8343 -1.7174
-0.008906 -1.8343 -1.7174
-0.027403 -1.8746 -1.7174
-0.028839 -1.9313 -1.7123
-0.028839 -1.9518 -1.6802
-0.0019033 -1.9209 -1.6515
0.047802 -1.8539 -1.6299
0.13636 -1.7402 -1.6299
0.1947 -1.7103 -1.6299
0.25303 -1.6953 -1.6405
0.34159 -1.6385 -1.6806
0.43532 -1.5744 -1.7042
0.52577 -1.5149 -1.7128
0.60608 -1.4695 -1.6984
0.65742 -1.4623 -1.6598
0.68648 -1.4623 -1.6494
0.68648 -1.4623 -1.6959
0.68648 -1.507 -1.6794
0.68648 -1.5504 -1.6552
0.68648 -1.5844 -1.6313
0.68648 -1.5863 -1.6115
0.68648 -1.5863 -1.5575
0.68648 -1.5863 -1.4645
0.64227 -1.5863 -1.3715
0.61253 -1.5636 -1.2944
0.59792 -1.518 -1.2328
0.61615 -1.4267 -1.1863
0.65117 -1.3204 -1.1397
0.69873 -1.2143 -1.0932
0.74628 -1.2143 -1.0467
0.79384 -1.18 -1.0244
0.84139 -1.129 -1.0139
0.88895 -1.0997 -0.98796
0.92745 -1.1028 -0.94813
0.95478 -1.1308 -0.90173
0.95507 -1.196 -0.85577
0.98975 -1.1657 -0.87711
1.0285 -1.0998 -0.915
1.0413 -1.0338 -0.92754
1.0441 -0.96786 -0.9303
1.0494 -0.8983 -0.9303
1.0664 -0.82051 -0.9303
1.1484 -0.69776 -0.9303
1.2281 -0.56586 -0.9153
1.2802 -0.43396 -0.87324
1.3547 -0.30207 -0.80144
1.4394 -0.17017 -0.71863
1.5345 -0.038277 -0.6256
1.6262 0.088823 -0.53596
1.6974 0.1876 -0.46629
1.7449 0.25355 -0.41978
1.7549 0.3195 -0.37327
1.7595 0.36766 -0.32676
1.7586 0.39769 -0.28024
1.7346 0.39769 -0.23373
1.6706 0.39769 -0.18722
1.5755 0.39769 -0.13261
1.4804 0.39769 0.0047005
1.4058 0.39769 0.1033
1.3488 0.40164 0.17095
1.3215 0.42968 0.19769
1.3219 0.48299 0.2066
1.3517 0.54894 0.2066
1.4468 0.61488 0.2066
1.4822 0.72225 0.14818
1.519 0.85751 0.098
1.6329 1.0289 0.14423
1.7582 1.1714 0.22757
1.8495 1.2666 0.29603
1.8518 1.2698 0.30272
1.8913 1.3245 0.41855
1.9261 1.4082 0.53313
1.9369 1.525 0.60081
1.9177 1.5978 0.65
1.8803 1.6377 0.70063
1.8222 1.6377 0.75744
1.7298 1.6377 0.84775
1.6347 1.6377 0.92094
1.5396 1.6377 0.96996
1.4445 1.6377 0.98607
1.3683 1.6508 0.99369
1.3125 1.6777 0.994
1.3182 1.7358 1.0051
1.3471 1.7617 1.0616
1.3947 1.7617 1.1515
1.4422 1.7617 1.2053
1.4734 1.7844 1.2547
1.4912 1.8231 1.2994
1.4912 1.8697 1.3322
1.4907 1.8857 1.3424
1.4812 1.8857 1.324
1.4337 1.8857 1.231
1.3861 1.8857 1.1624
1.3386 1.8857 1.1068
1.291 1.8857 1.0603
1.2435 1.8761 1.007
1.1959 1.8481 0.94077
1.1484 1.7822 0.84775
1.1008 1.7653 0.78933
1.043 1.7474 0.75031
0.96493 1.7051 0.7336
0.88715 1.6632 0.71665
0.82117 1.6354 0.69304
0.77362 1.6294 0.65906
0.72606 1.5686 0.74135
0.66142 1.5026 0.80095
0.57513 1.4367 0.81821
0.48031 1.3707 0.81878
0.3852 1.3048 0.81274
0.29009 1.2388 0.79984
0.19498 1.1729 0.75333
0.099873 1.0714 0.73185
0.0071489 0.94359 0.73133
-0.054075 0.85869 0.73133
-0.094754 0.80227 0.69496
-0.11919 0.76838 0.62438
-0.12688 0.75772 0.48484
-0.1604 0.71124 0.3453
-0.20063 0.64529 0.22009
-0.20604 0.57934 0.16299
-0.18735 0.54157 0.15305
-0.15773 0.5167 0.16448
-0.12612 0.49459 0.1798
-0.11825 0.44252 0.14658
-0.11825 0.39769 0.08517
-0.11825 0.39769 -0.007855
-0.11825 0.39769 -0.071588
-0.1103 0.39769 -0.12483
-0.086095 0.39769 -0.17134
-0.051428 0.39769 -0.20858
-0.028839 0.39769 -0.23067
-0.028839 0.39769 -0.23067
0.012444 0.39769 -0.27105
0.058867 0.39769 -0.31645
0.10642 0.39769 -0.36296
0.15398 0.42341 -0.42761
0.20153 0.46076 -0.49751
0.24909 0.50826 -0.57102
0.29664 0.44231 -0.5245
0.3224 0.43681 -0.49931
0.33051 0.48262 -0.49468
0.35813 0.51027 -0.5217
0.39745 0.52169 -0.54348
0.445 0.52169 -0.55446
0.49256 0.52169 -0.50934
0.54011 0.52169 -0.49303
0.58177 0.52169 -0.49303
0.59345 0.52169 -0.49303
0.59707 0.49988 -0.49303
0.59707 0.46377 -0.49099
0.59707 0.41125 -0.48152
0.59707 0.39769 -0.44457
0.58525 0.38131 -0.40961
0.54112 0.3201 -0.40627
0.51889 0.28928 -0.38149
0.51338 0.26575 -0.34597
0.53132 0.24087 -0.29946
0.57428 0.19263 -0.25295
0.62184 0.18405 -0.20644
0.66939 0.25 -0.15993
0.71695 0.26708 -0.14788
0.75344 0.27369 -0.14321
0.77479 0.27369 -0.14321
0.7759 0.25647 -0.14321
0.7759 0.21564 -0.14321
0.7759 0.14969 -0.14321
