0.50679 -1.1102 -0.52054
0.50679 -1.1102 -0.52054
0.50864 -1.1102 -0.52054
0.51459 -1.1102 -0.52054
0.53193 -1.1102 -0.52054
0.55614 -1.1102 -0.52054
0.56925 -1.1102 -0.52054
0.57854 -1.1102 -0.52054
0.57854 -1.1102 -0.52054
0.57854 -1.1102 -0.52054
0.57854 -1.1102 -0.52054
0.57854 -1.1102 -0.52054
0.57854 -1.1102 -0.52054
0.57854 -1.1102 -0.52054
0.57854 -1.1102 -0.52054
0.57854 -1.1102 -0.52054
0.57854 -1.1102 -0.52054
0.57921 -1.1102 -0.51992
0.58492 -1.1102 -0.5147
0.59339 -1.1102 -0.50697
0.6055 -1.1102 -0.49591
0.61117 -1.1102 -0.49074
0.61441 -1.1102 -0.48778
0.61441 -1.1102 -0.48778
0.61441 -1.1102 -0.48778
0.61441 -1.1102 -0.48778
0.61441 -1.1102 -0.48778
0.61441 -1.1102 -0.48778
0.61441 -1.1102 -0.48778
0.61441 -1.1102 -0.48778
0.61441 -1.1102 -0.48778
0.61441 -1.1102 -0.48778
0.61441 -1.1102 -0.48778
0.61441 -1.1102 -0.48778
0.61441 -1.1102 -0.48778
0.61441 -1.1102 -0.48778
0.61441 -1.1102 -0.48778
0.61441 -1.1102 -0.48778
0.61834 -1.1102 -0.48778
0.62629 -1.1102 -0.48778
0.65051 -1.1102 -0.48778
0.67219 -1.1102 -0.48545
0.69115 -1.1102 -0.48065
0.70466 -1.1102 -0.47087
0.71765 -1.1124 -0.45981
0.73799 -1.1322 -0.44875
0.75995 -1.1561 -0.43769
0.78417 -1.1854 -0.42663
0.79202 -1.1949 -0.42305
0.79377 -1.197 -0.42225
0.79377 -1.197 -0.42225
0.79377 -1.197 -0.42225
0.79377 -1.197 -0.42225
0.79712 -1.197 -0.41919
0.80215 -1.197 -0.4146
0.8141 -1.197 -0.40368
0.82621 -1.1914 -0.3905
0.83832 -1.172 -0.37214
0.85043 -1.1467 -0.35151
0.86254 -1.1174 -0.32939
0.87465 -1.0639 -0.29812
0.88594 -1.0084 -0.26499
0.89439 -0.95426 -0.22847
0.89179 -0.91347 -0.18186
0.87968 -0.88418 -0.12656
0.86349 -0.85489 -0.063812
0.84541 -0.8256 0.0024059
0.82119 -0.79631 0.079825
0.79329 -0.7848 0.15724
0.7613 -0.79309 0.23466
0.72591 -0.81786 0.31208
0.68334 -0.84967 0.3933
0.58258 -0.90493 0.50995
0.48042 -0.95997 0.62387
0.37623 -1.0147 0.73384
0.29476 -1.0511 0.78849
0.22195 -1.0807 0.82167
0.14473 -1.1211 0.85485
0.064905 -1.1677 0.88803
-0.019862 -1.2263 0.92121
-0.11452 -1.2849 0.95891
-0.21437 -1.3434 0.99897
-0.32306 -1.402 1.0431
-0.43498 -1.4606 1.0846
-0.55448 -1.5192 1.1193
-0.67492 -1.5797 1.1531
-0.79602 -1.6416 1.1862
-0.91712 -1.727 1.2194
-1.0363 -1.8126 1.25
-1.1488 -1.89 1.2713
-1.253 -1.9574 1.2814
-1.3499 -2.016 1.2814
-1.4222 -2.0449 1.2758
-1.487 -2.0646 1.2684
-1.5354 -2.0646 1.2574
-1.5648 -2.0186 1.2376
-1.5721 -1.9192 1.2078
-1.572 -1.806 1.1746
-1.5678 -1.6888 1.1395
-1.5436 -1.5717 1.0952
-1.5178 -1.4506 1.0495
-1.4894 -1.3234 1.0015
-1.4554 -1.1826 0.94834
-1.4191 -1.0362 0.89304
-1.3828 -0.88971 0.83774
-1.3464 -0.74325 0.78244
-1.3101 -0.5968 0.72714
-1.2738 -0.45035 0.67184
-1.2375 -0.3039 0.61654
-1.202 -0.16167 0.56124
-1.1696 -0.034203 0.50594
-1.1454 0.053669 0.45064
-1.1257 0.13609 0.39946
-1.1092 0.21456 0.35126
-1.1074 0.27528 0.31646
-1.1074 0.33386 0.28201
-1.1074 0.39244 0.24257
-1.1074 0.45102 0.20065
-1.1074 0.50961 0.15641
-1.1237 0.54851 0.12703
-1.1439 0.58256 0.10123
-1.1674 0.61185 0.078486
-1.1858 0.64114 0.051028
-1.1979 0.67043 0.017848
-1.2072 0.69972 -0.015332
-1.2151 0.72901 -0.048511
-1.2151 0.7583 -0.081691
-1.2125 0.78759 -0.11253
-1.2059 0.81688 -0.13966
-1.1954 0.84617 -0.16328
-1.1831 0.87546 -0.1855
-1.1518 0.90475 -0.21638
-1.1189 0.93404 -0.24814
-1.0825 0.96333 -0.28174
-1.0462 0.99262 -0.32209
-1.0099 1.0219 -0.36633
-0.98004 1.0434 -0.4076
-0.95505 1.0589 -0.44667
-0.94294 1.0589 -0.47985
-0.93083 1.0501 -0.51636
-0.91872 1.0346 -0.55538
-0.90661 1.007 -0.599
-0.8945 0.97332 -0.6449
-0.88239 0.92137 -0.69769
-0.87005 0.86635 -0.75175
-0.85748 0.80832 -0.80705
-0.82549 0.77377 -0.86235
-0.78875 0.74548 -0.91803
-0.74923 0.72393 -0.97625
-0.70577 0.71188 -1.0381
-0.65733 0.71188 -1.1044
-0.60889 0.70064 -1.1623
-0.56045 0.6848 -1.2167
-0.51202 0.65551 -1.2609
-0.46014 0.62621 -1.3052
-0.40256 0.59692 -1.3494
-0.34294 0.56763 -1.3936
-0.28239 0.53834 -1.4379
-0.24606 0.53834 -1.46
-0.20973 0.5361 -1.4821
-0.1734 0.52892 -1.5042
-0.13707 0.50795 -1.5264
-0.10075 0.47866 -1.5485
-0.064416 0.44937 -1.5655
-0.028087 0.42008 -1.5808
0.0082414 0.39079 -1.5919
0.039588 0.3615 -1.5984
0.067006 0.3322 -1.6013
0.091638 0.30291 -1.6017
0.11803 0.27888 -1.6017
0.15413 0.27832 -1.6017
0.18899 0.27805 -1.6017
0.22257 0.27805 -1.6017
0.24861 0.27805 -1.6017
0.27215 0.27805 -1.6011
0.29066 0.27805 -1.5959
0.30641 0.27805 -1.5881
0.31852 0.27805 -1.5771
0.33707 0.29363 -1.566
0.35805 0.31507 -1.555
0.38227 0.34436 -1.5439
0.40649 0.36335 -1.5328
0.43071 0.36445 -1.5218
0.45493 0.36481 -1.5123
0.47915 0.36481 -1.5035
0.50337 0.36481 -1.5034
0.52593 0.36481 -1.5019
0.54467 0.36481 -1.4969
0.55934 0.36481 -1.4882
0.57145 0.36481 -1.4771
0.57575 0.36481 -1.4661
0.57854 0.36481 -1.455
0.57854 0.36481 -1.4439
0.57854 0.36481 -1.4329
0.57854 0.36481 -1.4218
0.57657 0.36481 -1.4108
0.5726 0.36481 -1.3997
0.56049 0.36481 -1.3886
0.556 0.37096 -1.3753
0.55966 0.38367 -1.3594
0.57968 0.40958 -1.3386
0.6039 0.44101 -1.3164
0.62812 0.49019 -1.2943
0.65234 0.54332 -1.2722
0.67656 0.6019 -1.2501
0.70078 0.64068 -1.2205
0.72508 0.67251 -1.1879
0.75136 0.71175 -1.151
0.7812 0.76825 -1.1075
0.81753 0.85612 -1.0522
0.85051 0.93588 -0.99389
0.88181 1.0116 -0.934
0.90618 1.0705 -0.86778
0.9304 1.1347 -0.80142
0.95462 1.2127 -0.73506
0.97884 1.2966 -0.6687
1.0031 1.3845 -0.60234
1.0473 1.4238 -0.53598
1.0932 1.4574 -0.46924
1.138 1.4867 -0.40122
1.1717 1.516 -0.32814
1.1959 1.5453 -0.25072
1.2201 1.5647 -0.1733
1.2443 1.5795 -0.095881
1.2686 1.5795 -0.018462
1.2965 1.5706 0.055601
1.3284 1.5519 0.12592
1.3638 1.5248 0.19314
1.4012 1.5006 0.25855
1.4483 1.5232 0.3151
1.4966 1.5502 0.37174
1.5466 1.5833 0.4285
1.6042 1.6348 0.49217
1.6646 1.6934 0.5584
1.7206 1.752 0.62058
1.774 1.8105 0.6804
1.8224 1.8691 0.7357
1.856 1.9277 0.78648
1.8818 1.9863 0.83489
1.8944 2.0449 0.87927
1.8947 2.075 0.92351
1.8648 2.0319 0.96775
1.8295 1.9797 1.0127
1.7904 1.9211 1.0582
1.7319 1.8625 1.1126
1.6695 1.7994 1.1679
1.6003 1.7198 1.2232
1.5229 1.6204 1.2785
1.4381 1.5033 1.3338
1.3533 1.3713 1.3891
1.2686 1.2347 1.4444
1.1838 1.0882 1.4997
1.1038 0.96478 1.5506
1.0293 0.86806 1.5965
0.9571 0.78033 1.6387
0.88653 0.69751 1.6772
0.82598 0.63893 1.6883
0.75725 0.58035 1.6949
0.67614 0.52176 1.6947
0.56666 0.46318 1.6789
0.44617 0.40497 1.6569
0.3534 0.36352 1.6413
0.26734 0.32613 1.6272
0.19468 0.29684 1.6161
0.12851 0.28323 1.605
0.065908 0.27826 1.594
0.0035219 0.27381 1.5829
-0.064873 0.25483 1.5719
-0.14964 0.19625 1.5608
-0.23441 0.13767 1.5477
-0.31918 0.079091 1.5331
-0.40394 0.02051 1.5118
-0.48591 -0.034684 1.4896
-0.55697 -0.076686 1.4675
-0.6226 -0.11213 1.4454
-0.68315 -0.14142 1.4233
-0.73556 -0.13136 1.4086
-0.78587 -0.11181 1.3957
-0.83362 -0.084173 1.3847
-0.87622 -0.06902 1.3736
-0.91255 -0.06902 1.3626
-0.94888 -0.062269 1.349
-0.98521 -0.051888 1.334
-1.0215 -0.022597 1.3119
-1.0579 0.00048961 1.2897
-1.0942 0.013753 1.2676
-1.1305 0.017747 1.2455
-1.1668 0.017996 1.2234
-1.2032 0.041207 1.2013
-1.2398 0.066023 1.1791
-1.277 0.094208 1.157
-1.3291 0.10451 1.1349
-1.3896 0.10451 1.1128
-1.4469 0.096669 1.0877
-1.5018 0.082959 1.0604
-1.5502 0.053669 1.0272
-1.5987 0.024378 0.99071
-1.6471 -0.0049121 0.95169
-1.6956 -0.034203 0.90806
-1.7404 -0.063493 0.86051
-1.7701 -0.092784 0.79916
-1.7965 -0.12152 0.73528
-1.8199 -0.1497 0.66892
-1.8043 -0.13092 0.60256
-1.7797 -0.10063 0.5362
-1.7523 -0.0636 0.46984
-1.7209 -0.017071 0.40348
-1.6846 0.04151 0.33712
-1.6483 0.08886 0.27076
-1.6119 0.13159 0.20441
-1.5756 0.16088 0.13805
-1.5358 0.19017 0.074828
-1.4904 0.21946 0.016816
-1.4429 0.24875 -0.03933
-1.3944 0.27805 -0.094629
