1 -11 -1 -6 -15 74
1 -11 0 -5 -15 26
1 -11 0 -5 -15 10
1 -11 0 -5 -15 6
1 -11 -1 -6 -15 6
1 -11 -1 -6 -15 3
1 -11 0 -6 -16 3
1 -11 0 -6 -15 3
1 -11 0 -6 -15 3
1 -11 -1 -5 -15 3
1 -11 0 -6 -15 682
1 -11 0 -6 -15 512
1 -11 0 -6 -15 1520
1 -11 -1 -6 -15 1859
1 -11 -1 -6 -15 2208
1 -11 -1 -6 -15 2266
1 -11 0 -6 -15 2333
1 -11 0 -6 -15 2365
1 -11 0 -6 -15 2390
1 -11 -1 -6 -15 2400
1 -11 0 -6 -16 2400
2047 945 -56 609 44 2448
2047 1075 -56 601 -44 2416
2047 938 -51 602 -43 2406
2047 790 -46 603 -42 2400
2047 705 -42 602 -44 2400
2047 629 -39 603 -44 2400
2047 587 -37 602 -44 2397
2047 545 -35 603 -44 2400
2047 521 -34 603 -44 2397
2047 501 -33 603 -44 2403
2047 479 -32 603 -44 2403
2047 465 -31 603 -43 2403
2047 449 -31 602 -43 2400
36 -4 0 -3 -14 2317
1 -11 -1 -5 -14 253
1 -11 -1 -5 -14 83
1 -11 -1 -5 -14 48
1 -11 0 -5 -14 29
1 -11 0 -5 -14 22
1 -11 -1 -5 -14 16
1 -11 -1 -5 -14 13
1 -11 -1 -5 -14 10
1 -11 -1 -5 -15 10
1 -11 0 -5 -14 618
1 -11 -1 -5 -14 800
1 -11 -1 -5 -14 1184
1 -11 0 -6 -17 1338
1 -11 -1 -5 -16 1354
1 -11 0 -5 -13 1379
1 -11 -1 -5 -13 1392
564 400 48 485 314 1392
1063 720 -45 557 89 1386
1207 868 -74 547 -38 1382
1209 880 -72 548 -41 1386
1210 889 -74 550 -42 1386
1208 894 -75 550 -40 1389
1210 899 -76 551 -40 1389
1213 904 -77 550 -42 1389
1216 909 -78 550 -42 1389
1220 914 -78 550 -42 1389
1225 918 -78 551 -42 1389
1228 921 -79 551 -42 1389
1231 922 -79 551 -41 1389
1233 922 -79 552 -41 1392
1234 920 -79 551 -42 1395
1237 921 -79 551 -42 1395
1241 921 -79 552 -42 1395
1241 920 -79 550 -42 1392
1244 919 -80 551 -40 1392
1247 919 -80 551 -41 1392
1252 921 -80 551 -41 1392
1256 921 -80 551 -41 1392
1257 921 -81 551 -42 1392
1261 921 -81 551 -42 1392
1260 918 -83 551 -42 1392
1262 918 -83 551 -41 1392
1262 917 -83 551 -41 1392
1264 916 -83 551 -41 1392
1266 916 -83 552 -41 1392
1266 914 -83 550 -41 1392
1268 915 -83 550 -41 1389
1270 914 -83 551 -41 1389
1271 915 -83 551 -41 1392
1273 916 -83 550 -41 1389
1275 916 -84 551 -41 1389
1277 916 -84 551 -41 1389
1282 919 -82 551 -41 1389
1283 920 -82 550 -41 1389
1284 920 -82 551 -40 1389
1284 919 -83 551 -40 1389
1283 917 -84 550 -41 1389
1284 918 -84 551 -41 1389
1288 921 -82 551 -42 1389
1289 921 -83 551 -42 1389
1289 921 -83 551 -41 1389
1290 922 -83 551 -42 1389
1289 922 -83 551 -41 1389
1289 923 -83 551 -41 1392
1289 923 -83 551 -41 1389
1288 923 -83 551 -41 1389
1288 924 -83 551 -42 1389
1288 924 -83 551 -41 1389
1288 924 -83 551 -41 1389
1284 924 -82 551 -41 1392
1274 924 -82 551 -42 1392
1238 921 -80 551 -40 1395
1208 924 -79 551 -40 1398
1181 926 -78 550 -42 1402
1167 931 -78 551 -42 1392
1156 932 -77 551 -41 1395
1144 932 -77 551 -42 1395
1130 933 -76 551 -42 1395
1123 933 -76 550 -42 1395
1121 935 -76 550 -42 1389
1119 934 -76 550 -42 1389
1118 932 -76 550 -43 1389
1118 932 -76 550 -43 1389
1118 931 -76 551 -41 1389
1118 931 -76 551 -41 1389
1118 930 -76 551 -42 1389
1118 930 -76 551 -42 1389
1115 927 -75 551 -42 1392
1114 927 -75 551 -41 1392
1114 927 -75 551 -41 1389
1115 927 -75 551 -42 1392
1115 927 -75 551 -42 1389
1115 927 -75 551 -42 1392
1115 927 -75 551 -42 1389
164 123 -4 20 -15 1389
1 -11 0 -5 -15 486
1 -11 -1 -5 -15 403
1 -11 0 -5 -15 394
1 -11 -1 -5 -15 394
1 -11 0 -5 -15 394
1 -11 0 -5 -15 394
1 -11 0 -5 -15 394
1 -11 0 -5 -15 394
