1 -11 -1 -6 -19 32
1 -12 -1 -6 -19 13
1 -12 0 -6 -19 6
1 -12 0 -6 -19 6
1 -11 -1 -6 -19 3
0 -11 -1 -6 -19 3
1 -12 -1 -6 -19 3
1 -12 -1 -6 -19 3
1 -12 -1 -6 -19 3
1 -12 -1 -6 -19 3
1 -12 0 -6 -19 659
0 -12 -1 -6 -19 486
0 -12 -1 -6 -19 1558
0 -12 0 -6 -19 1882
0 -12 -1 -6 -19 2182
0 -12 0 -6 -19 2243
0 -12 -1 -6 -19 2291
0 -12 0 -6 -19 2323
0 -12 0 -6 -19 2349
1 -12 0 -6 -19 2381
1 -12 0 -6 -19 2403
1 -12 0 -6 -19 2400
2047 949 -51 604 -21 2467
2047 1006 -60 600 -47 2432
2047 852 -61 602 -45 2413
2047 753 -59 602 -46 2403
2047 678 -58 603 -46 2400
2047 610 -56 603 -45 2394
2047 569 -54 603 -45 2397
2047 531 -53 603 -45 2397
2047 508 -52 603 -46 2394
2047 488 -52 603 -46 2394
2047 467 -50 602 -45 2394
2047 452 -50 603 -45 2394
2047 438 -49 602 -46 2394
34 -4 -1 -4 -19 2317
1 -11 0 -6 -19 256
1 -11 0 -6 -19 83
1 -11 0 -6 -19 48
1 -12 0 -6 -19 29
1 -12 0 -6 -19 22
1 -11 0 -6 -19 16
1 -11 0 -6 -19 13
1 -12 -1 -6 -19 10
1 -12 -1 -6 -19 10
1 -12 -1 -6 -19 614
1 -12 0 -6 -19 819
0 -12 0 -6 -19 1181
0 -12 -1 -6 -19 1270
0 -12 -1 -7 -22 1290
0 -12 -1 -7 -20 1318
1 -12 -1 -6 -18 1344
0 -12 -1 -6 -18 1386
0 -12 0 -6 -18 1386
865 628 6 545 117 1395
1131 789 -54 556 54 1392
1241 951 -87 547 -46 1389
1259 1023 -100 552 -40 1392
1261 1041 -101 548 -43 1389
1269 1057 -102 550 -43 1392
1274 1065 -102 549 -45 1392
1278 1071 -102 550 -44 1392
1284 1077 -100 550 -44 1392
1287 1077 -100 550 -45 1389
1292 1076 -99 550 -45 1392
1293 1071 -98 550 -44 1392
1296 1068 -98 550 -44 1395
1299 1065 -97 550 -44 1395
1299 1060 -97 550 -46 1392
1301 1056 -97 551 -45 1392
1305 1055 -97 551 -45 1395
1306 1052 -97 551 -45 1392
1310 1052 -97 550 -46 1395
1311 1049 -96 551 -45 1392
1312 1046 -96 551 -44 1395
1313 1045 -96 551 -45 1392
1316 1045 -96 551 -45 1392
1318 1044 -96 551 -45 1392
1320 1044 -96 551 -44 1392
1322 1043 -96 551 -45 1392
1324 1042 -96 551 -44 1392
1324 1040 -96 551 -44 1392
1325 1039 -96 550 -44 1392
1325 1037 -96 551 -44 1392
1326 1036 -96 551 -44 1392
1327 1035 -96 551 -44 1395
1328 1035 -96 551 -44 1395
1330 1035 -96 551 -44 1395
1332 1036 -96 551 -44 1395
1334 1037 -97 551 -44 1392
1336 1037 -97 551 -44 1392
1337 1037 -97 551 -44 1392
1338 1037 -97 551 -44 1389
1339 1037 -97 551 -44 1392
1340 1037 -97 551 -44 1392
1341 1037 -97 551 -44 1392
1341 1037 -97 551 -44 1392
1346 1041 -98 551 -44 1392
1346 1040 -98 551 -45 1392
1345 1039 -98 551 -45 1389
1346 1039 -98 551 -45 1389
1349 1041 -98 551 -45 1392
1349 1041 -98 551 -45 1392
1349 1042 -98 550 -45 1392
1349 1042 -98 550 -45 1392
1349 1041 -98 550 -45 1392
1348 1040 -98 551 -45 1395
1347 1040 -99 551 -45 1395
1347 1040 -99 551 -45 1395
1347 1041 -99 551 -45 1395
1345 1044 -99 551 -46 1392
1336 1044 -99 550 -46 1392
1312 1048 -97 550 -46 1392
1288 1051 -96 550 -45 1392
1268 1056 -95 550 -46 1392
1256 1058 -95 550 -46 1392
1240 1056 -94 550 -46 1392
1230 1061 -94 550 -46 1392
1216 1060 -94 551 -46 1392
1188 1044 -92 550 -45 1392
1179 1042 -92 550 -46 1392
1175 1041 -93 550 -46 1392
1172 1038 -94 550 -46 1392
1170 1034 -94 550 -46 1392
1170 1032 -95 551 -46 1392
1169 1029 -96 550 -46 1392
1169 1027 -96 551 -46 1392
1170 1026 -96 551 -46 1392
1170 1025 -97 551 -46 1392
1170 1024 -97 551 -46 1392
1170 1024 -97 550 -46 1389
1171 1023 -97 551 -46 1392
1169 1020 -98 551 -46 1392
1171 1021 -98 551 -46 1392
1172 1022 -98 551 -46 1389
1172 1022 -99 551 -46 1389
1172 1021 -99 551 -46 1389
1172 1021 -99 551 -46 1389
1171 1020 -99 551 -46 1392
1170 1019 -99 551 -46 1389
1 -11 -1 -5 -19 611
1 -11 0 -6 -19 419
1 -11 -1 -6 -19 397
1 -12 0 -6 -19 394
1 -11 0 -6 -19 394
1 -12 0 -6 -19 394
1 -11 0 -6 -19 394
1 -11 -1 -6 -19 394
1 -12 0 -6 -20 394
