2 -11 -2 2 22 51
2 -11 -1 2 22 19
2 -11 -1 2 22 6
2 -11 -1 2 22 10
2 -11 0 2 22 6
2 -11 -1 2 22 3
2 -12 -1 2 22 3
2 -12 -1 2 22 3
2 -11 -1 2 22 3
2 -12 -1 2 22 3
2 -12 -2 2 22 618
2 -12 -1 2 22 493
2 -12 -1 2 22 1546
2 -12 0 2 22 1866
2 -12 -1 2 22 2253
2 -12 0 2 22 2330
2 -12 -1 2 22 2400
2 -12 0 2 22 2403
2047 814 -96 603 49 2464
2047 1025 -64 603 -47 2397
2047 967 -49 601 -69 2400
2047 861 -43 602 -71 2394
2047 744 -39 603 -69 2400
2047 681 -38 603 -71 2397
2047 621 -36 603 -71 2400
2047 586 -35 602 -71 2400
2047 560 -34 602 -72 2400
2047 533 -33 604 -71 2403
2047 514 -32 602 -71 2400
2047 495 -32 603 -70 2400
2047 482 -32 604 -69 2397
2047 470 -32 602 -69 2397
3 -11 0 3 22 422
2 -11 -1 2 22 115
2 -11 0 2 22 54
2 -11 0 2 22 38
2 -11 0 2 22 26
2 -11 0 2 22 19
2 -11 0 2 22 16
2 -12 0 2 22 13
2 -11 0 2 22 10
2 -12 -1 2 22 614
2 -12 0 2 22 758
2 -11 0 2 22 1062
2 -12 0 2 22 1238
2 -12 -1 2 22 1338
2 -12 -1 2 22 1357
2 -12 0 2 22 1389
1 -12 0 1 19 1389
1001 632 -59 557 83 1386
1205 863 -108 550 -52 1389
1220 909 -110 549 -61 1389
1220 932 -110 550 -62 1389
1221 940 -111 550 -63 1389
1229 953 -112 549 -65 1386
1231 956 -112 549 -67 1389
1234 961 -113 550 -65 1386
1236 960 -113 551 -63 1389
1239 960 -113 551 -62 1395
1245 962 -114 551 -64 1389
1249 963 -114 550 -64 1389
1253 962 -115 550 -64 1382
1257 960 -115 550 -64 1386
1257 953 -115 550 -66 1389
1259 948 -116 549 -67 1389
1262 946 -116 549 -66 1389
1266 945 -116 549 -68 1386
1269 942 -116 549 -68 1389
1274 944 -117 549 -67 1386
1281 945 -118 549 -68 1386
1281 941 -118 550 -67 1386
1281 937 -117 549 -68 1389
1284 935 -118 550 -66 1392
1285 933 -118 550 -66 1392
1289 935 -118 549 -68 1389
1290 933 -118 549 -68 1386
1292 931 -118 549 -67 1389
1293 930 -119 549 -68 1389
1295 931 -119 550 -68 1392
1296 929 -119 550 -68 1389
1298 929 -119 550 -68 1392
1299 929 -119 550 -68 1389
1302 932 -120 550 -68 1389
1304 932 -120 550 -68 1389
1304 931 -120 550 -67 1386
1308 935 -121 550 -68 1386
1305 931 -120 550 -68 1389
1303 928 -120 550 -67 1395
1302 927 -119 550 -68 1395
1303 929 -119 550 -67 1392
1303 929 -120 550 -67 1395
1305 933 -120 550 -67 1392
1304 933 -120 550 -67 1389
1306 937 -120 550 -67 1389
1305 937 -120 550 -68 1386
1308 942 -121 550 -68 1386
1305 942 -121 550 -68 1386
1303 948 -121 551 -67 1386
1293 961 -120 550 -67 1386
1239 970 -119 551 -66 1392
1193 992 -118 550 -67 1392
1158 1001 -116 550 -67 1392
1135 1004 -115 551 -67 1392
1129 1002 -115 550 -68 1395
1126 999 -115 551 -67 1389
1127 999 -115 550 -67 1389
1127 1000 -115 551 -66 1389
1127 997 -115 550 -67 1386
1126 995 -115 550 -68 1386
1125 992 -115 551 -66 1386
1124 990 -115 550 -67 1386
1124 987 -115 551 -67 1389
1124 985 -115 551 -67 1386
1124 984 -115 551 -66 1389
1122 979 -115 551 -66 1386
1121 977 -115 551 -66 1386
1120 973 -114 550 -67 1389
1120 973 -114 551 -67 1386
1121 972 -114 551 -66 1386
1121 970 -115 551 -67 1386
3 -11 -1 3 21 602
2 -11 0 3 21 416
2 -11 -1 2 22 394
2 -12 0 2 21 390
2 -12 -1 2 21 390
2 -12 -1 2 21 390
2 -11 -1 2 21 390
2 -12 0 2 21 390
2 -12 0 2 21 390
