2 -11 -1 2 21 67
2 -12 0 2 21 22
2 -12 -1 2 21 13
2 -12 -1 2 21 6
2 -11 0 2 21 6
2 -11 0 2 21 3
2 -11 0 2 21 6
2 -11 0 2 21 3
2 -11 0 2 21 6
2 -12 -1 2 21 3
2 -12 -1 2 21 624
2 -12 -1 2 21 509
2 -12 0 2 21 1434
2 -12 -1 2 21 1885
2 -12 -1 2 21 2179
2 -12 0 2 21 2301
2 -12 0 2 21 2384
2 -12 0 2 21 2397
2 -12 -1 2 21 2400
1830 601 -97 586 209 2438
2047 1019 -74 606 -38 2394
2047 989 -60 602 -74 2397
2047 907 -53 603 -73 2397
2047 809 -49 603 -75 2400
2047 746 -46 603 -74 2400
2047 688 -44 603 -75 2400
2047 652 -43 604 -74 2400
2047 619 -42 603 -77 2403
2047 597 -42 603 -75 2403
2047 577 -41 603 -77 2403
2047 558 -40 604 -74 2394
2047 544 -40 603 -72 2397
2047 531 -40 603 -73 2397
3 -11 -1 3 22 426
2 -11 -1 3 22 115
2 -11 -1 3 22 58
2 -11 -1 3 22 38
2 -11 -1 2 23 26
2 -11 -1 2 21 19
2 -12 -1 2 21 13
2 -12 -1 2 21 13
2 -11 0 2 21 10
2 -12 -1 2 21 624
2 -12 0 2 21 762
2 -12 0 2 21 1082
2 -12 -1 2 21 1213
2 -12 -1 2 21 1402
2 -12 0 1 19 1395
1037 649 -59 557 80 1392
1173 798 -100 556 3 1382
1265 936 -109 549 -66 1389
1269 956 -110 549 -68 1386
1274 968 -111 549 -67 1386
1280 976 -112 550 -66 1386
1287 983 -113 549 -71 1382
1292 985 -113 550 -69 1386
1295 986 -114 551 -66 1386
1300 987 -114 552 -65 1382
1303 983 -115 552 -64 1386
1305 980 -115 548 -70 1389
1312 979 -115 550 -70 1392
1314 975 -115 550 -70 1395
1318 974 -116 550 -71 1395
1322 973 -116 550 -71 1392
1327 975 -116 550 -69 1392
1330 972 -116 550 -71 1395
1332 969 -117 550 -71 1395
1334 969 -117 550 -71 1392
1337 967 -117 550 -71 1392
1340 968 -117 550 -71 1392
1342 965 -118 551 -70 1395
1348 968 -118 550 -70 1392
1349 966 -118 550 -71 1392
1356 970 -118 551 -70 1389
1356 968 -119 550 -72 1389
1357 966 -119 551 -71 1392
1360 967 -119 551 -70 1389
1359 965 -119 551 -70 1392
1362 965 -119 550 -72 1389
1364 965 -119 551 -71 1389
1365 966 -119 550 -71 1389
1365 964 -119 551 -72 1389
1364 962 -119 551 -70 1392
1364 961 -119 551 -71 1392
1366 963 -119 552 -70 1389
1368 965 -120 550 -71 1389
1373 970 -120 550 -70 1389
1369 967 -120 549 -72 1389
1374 972 -120 550 -70 1389
1375 976 -121 550 -69 1386
1374 974 -121 550 -70 1392
1375 977 -121 551 -69 1389
1373 976 -121 550 -70 1389
1371 974 -121 550 -72 1392
1371 977 -120 550 -72 1392
1370 981 -121 550 -71 1392
1361 989 -120 550 -71 1392
1335 1004 -120 549 -72 1392
1273 1023 -118 549 -70 1392
1224 1034 -117 549 -72 1402
1188 1033 -116 549 -71 1392
1176 1030 -116 550 -70 1386
1169 1024 -116 550 -70 1386
1168 1023 -117 550 -70 1386
1168 1021 -117 550 -69 1386
1167 1019 -117 549 -73 1386
1164 1013 -116 550 -71 1389
1163 1010 -116 550 -71 1392
1162 1009 -116 549 -73 1392
1162 1007 -116 550 -71 1392
1162 1006 -116 550 -71 1392
1162 1004 -116 550 -71 1392
1162 1002 -116 550 -71 1392
1161 1001 -116 550 -71 1392
1161 998 -116 550 -70 1392
1162 998 -116 549 -72 1392
1161 996 -116 550 -71 1392
1161 995 -116 551 -69 1392
1161 994 -116 550 -71 1392
3 -11 -1 3 21 608
2 -11 -1 2 21 413
2 -12 0 2 21 394
2 -11 0 2 22 390
2 -11 0 2 21 390
2 -11 0 2 21 390
2 -11 0 2 21 390
2 -11 0 2 21 390
2 -11 0 2 21 390
