2 -12 0 2 21 70
2 -12 0 2 21 22
2 -12 0 2 21 10
2 -12 0 2 21 6
2 -11 0 2 21 6
2 -12 0 2 21 6
2 -11 0 2 21 3
2 -12 0 2 21 3
2 -12 -1 2 21 3
2 -12 0 2 21 3
2 -12 0 2 21 621
1 -12 -1 2 21 506
2 -12 -1 2 21 1562
2 -12 -1 2 21 1843
2 -12 -1 2 21 2166
2 -12 -1 2 21 2310
2 -12 -1 2 21 2400
2 -12 -1 2 21 2400
2047 752 -101 604 46 2461
2047 980 -78 604 -47 2403
2047 982 -59 602 -72 2397
2047 896 -52 601 -75 2400
2047 804 -48 603 -73 2397
2047 745 -47 603 -74 2397
2047 697 -45 603 -76 2394
2047 647 -43 602 -76 2397
2047 616 -42 602 -77 2400
2047 589 -42 603 -74 2400
2047 573 -41 603 -75 2397
2047 558 -40 603 -75 2397
2047 541 -40 603 -74 2403
2047 529 -39 603 -74 2400
3 -11 -1 3 22 883
2 -11 -1 2 21 115
2 -11 0 2 21 64
2 -11 -1 2 21 38
2 -11 0 2 21 26
2 -11 0 2 21 19
2 -12 0 2 21 13
2 -11 0 2 21 10
2 -11 0 2 21 10
2 -12 0 2 21 621
2 -12 -1 2 21 774
2 -12 -1 2 21 1059
2 -12 0 2 21 1197
2 -12 -1 2 21 1309
2 -11 -1 2 21 1325
2 -12 -2 1 18 1389
2 -11 -1 1 20 1392
1035 651 -60 558 87 1389
1234 879 -106 551 -44 1392
1264 934 -108 548 -66 1389
1269 959 -110 550 -66 1386
1273 968 -110 550 -65 1386
1281 977 -111 550 -71 1386
1288 983 -112 551 -69 1389
1290 984 -113 551 -67 1392
1294 983 -113 552 -64 1389
1297 983 -113 549 -68 1386
1300 980 -113 549 -68 1389
1303 977 -114 550 -66 1389
1307 976 -114 550 -67 1389
1314 978 -114 549 -69 1386
1318 976 -115 550 -69 1389
1324 977 -116 550 -69 1389
1327 975 -116 550 -70 1389
1328 972 -116 550 -71 1389
1333 971 -116 550 -71 1389
1338 973 -116 550 -70 1389
1338 969 -117 550 -70 1386
1342 969 -117 550 -72 1389
1344 966 -117 551 -70 1389
1345 965 -117 551 -70 1389
1345 962 -117 550 -69 1389
1345 960 -117 549 -70 1392
1349 961 -117 550 -68 1389
1348 956 -117 550 -69 1392
1350 957 -117 550 -69 1389
1351 956 -117 550 -68 1389
1354 957 -118 550 -69 1392
1356 957 -118 550 -68 1389
1355 955 -118 551 -67 1389
1356 954 -117 551 -67 1389
1360 958 -118 551 -68 1389
1359 954 -118 550 -70 1395
1360 955 -118 551 -67 1389
1360 955 -118 551 -67 1392
1361 958 -118 550 -69 1386
1359 955 -118 551 -69 1389
1360 957 -118 551 -69 1392
1360 958 -118 551 -68 1386
1361 961 -119 551 -68 1389
1360 960 -119 551 -68 1386
1359 961 -119 552 -67 1389
1356 961 -119 550 -69 1389
1356 964 -118 550 -68 1386
1352 964 -118 550 -68 1389
1342 978 -118 549 -72 1389
1307 997 -118 548 -72 1389
1252 1015 -116 552 -65 1389
1190 1014 -114 549 -68 1392
1163 1009 -114 549 -71 1395
1154 1004 -113 549 -70 1392
1150 1000 -113 550 -69 1395
1150 999 -113 550 -70 1395
1149 997 -114 550 -69 1392
1150 997 -114 550 -68 1395
1149 996 -114 550 -68 1392
1149 994 -114 550 -69 1389
1148 992 -114 550 -69 1389
1148 990 -114 550 -68 1392
1151 992 -114 550 -70 1386
1151 992 -115 549 -71 1386
1149 988 -115 550 -70 1386
1148 984 -114 550 -70 1392
1148 983 -114 550 -69 1389
1149 983 -114 551 -68 1392
1147 980 -114 550 -68 1392
5 -9 -1 3 21 979
2 -11 -1 3 21 416
2 -11 0 3 22 394
2 -11 0 2 21 390
2 -12 0 2 21 390
2 -11 0 2 21 390
2 -12 0 2 22 390
2 -12 0 2 21 390
2 -11 0 2 22 390
