2 -11 0 2 21 38
1 -11 0 2 21 19
2 -11 0 2 21 6
1 -12 0 2 21 6
1 -12 0 2 21 6
1 -11 0 2 21 6
2 -12 0 2 21 6
1 -12 0 2 21 6
2 -11 -1 2 21 3
1 -12 0 2 21 3
1 -11 0 2 21 458
1 -12 -1 2 21 483
1 -12 0 2 21 1565
1 -12 0 2 21 1843
1 -12 0 2 21 2246
1 -12 0 2 21 2378
1 -12 0 2 21 2394
1 -12 -1 1 21 2394
2047 817 -69 609 60 2435
2047 956 -53 602 -59 2390
2047 849 -39 601 -65 2394
2047 733 -34 602 -65 2394
2047 660 -31 603 -64 2397
2047 592 -29 602 -64 2400
2047 552 -28 603 -64 2403
2047 514 -27 603 -66 2403
2047 492 -27 603 -67 2403
2047 475 -26 603 -64 2400
2047 458 -26 604 -64 2400
2047 444 -25 603 -66 2400
2008 429 -24 603 -64 2403
284 48 1 28 21 2394
2 -11 -1 2 21 416
2 -12 -1 2 21 96
2 -11 0 2 21 58
2 -12 -1 2 22 32
1 -12 -1 2 21 26
1 -11 -1 2 21 19
1 -11 0 2 21 13
1 -11 0 2 21 10
1 -11 -1 2 21 10
1 -12 -1 2 21 592
1 -12 -1 2 21 771
1 -12 -1 2 21 1114
1 -12 -1 2 21 1251
1 -12 -1 2 21 1347
1 -12 -1 2 21 1386
1 -12 -1 2 21 1386
1 -12 0 1 20 1386
1000 628 -64 563 129 1389
1183 870 -100 549 -54 1389
1181 896 -101 550 -57 1389
1177 920 -108 550 -58 1389
1180 928 -108 550 -59 1389
1183 936 -109 550 -57 1389
1186 941 -110 549 -64 1392
1192 948 -110 550 -60 1389
1196 951 -111 550 -60 1389
1200 953 -111 550 -59 1386
1207 954 -112 549 -62 1382
1211 953 -112 550 -61 1389
1213 950 -113 549 -62 1386
1216 945 -113 550 -62 1389
1221 944 -113 551 -61 1386
1224 942 -113 551 -60 1386
1231 943 -113 551 -61 1386
1225 928 -114 551 -61 1392
1229 926 -114 550 -61 1392
1232 925 -114 550 -60 1389
1233 923 -114 551 -59 1389
1235 919 -114 551 -59 1392
1237 918 -114 551 -58 1389
1237 912 -114 551 -59 1392
1245 917 -115 550 -61 1389
1246 915 -115 550 -61 1389
1247 914 -115 550 -60 1389
1248 913 -115 551 -60 1386
1250 911 -115 551 -59 1386
1253 912 -115 551 -60 1382
1252 910 -115 550 -61 1389
1253 909 -116 550 -61 1389
1253 908 -115 551 -60 1389
1257 909 -116 551 -59 1389
1256 906 -116 551 -59 1392
1258 908 -116 551 -61 1389
1261 910 -116 551 -60 1382
1259 906 -116 550 -61 1386
1259 905 -116 550 -60 1389
1257 903 -116 550 -60 1392
1258 902 -116 550 -60 1392
1259 904 -116 549 -61 1389
1259 904 -116 549 -61 1389
1258 904 -116 549 -62 1392
1260 905 -116 550 -61 1389
1259 905 -116 550 -61 1389
1259 906 -116 550 -61 1392
1258 906 -116 550 -62 1389
1260 909 -116 550 -61 1392
1259 909 -116 550 -61 1392
1259 910 -116 549 -62 1386
1257 911 -116 549 -61 1389
1255 913 -116 549 -62 1389
1244 925 -115 549 -62 1389
1212 935 -114 549 -60 1386
1163 962 -111 549 -61 1386
1124 966 -109 550 -62 1392
1106 965 -108 550 -61 1389
1102 962 -108 549 -62 1392
1102 960 -109 550 -61 1389
1103 960 -109 550 -62 1386
1103 959 -109 550 -61 1389
1104 959 -109 550 -60 1386
1104 960 -109 550 -60 1386
1100 952 -108 550 -62 1392
1098 948 -108 550 -61 1395
1098 948 -108 550 -60 1395
1099 947 -108 550 -61 1392
1099 946 -108 550 -61 1392
1100 946 -108 549 -63 1389
1099 944 -108 549 -63 1392
1095 938 -108 549 -62 1398
1097 940 -108 550 -61 1395
1098 940 -108 549 -62 1395
1101 942 -108 550 -60 1392
1100 941 -108 550 -61 1389
2 -11 -1 2 21 490
2 -11 0 2 22 410
2 -12 0 2 21 397
1 -12 -1 2 21 394
2 -12 0 2 21 394
2 -11 -1 2 21 394
2 -12 0 1 21 390
1 -12 0 1 21 390
