2 -11 0 2 21 70
2 -12 0 2 22 26
1 -12 0 2 22 13
2 -12 -1 2 22 6
2 -12 -1 2 22 6
2 -12 0 2 21 6
2 -12 -1 2 21 3
1 -12 0 2 22 6
2 -12 -1 2 22 3
2 -12 0 2 22 6
1 -12 -1 2 21 624
1 -12 0 2 22 493
1 -12 0 2 21 1562
1 -12 0 2 22 1878
1 -12 -1 2 22 2246
1 -12 -1 2 22 2310
1 -12 0 2 21 2403
1 -12 -1 2 21 2403
2047 788 -79 608 59 2464
2047 966 -53 601 -65 2397
2047 861 -40 602 -62 2397
2047 759 -34 603 -63 2403
2047 668 -31 603 -63 2403
2047 612 -30 602 -64 2400
2047 561 -28 604 -63 2397
2047 531 -28 603 -64 2397
2047 507 -27 603 -64 2397
2047 481 -26 603 -66 2403
2047 466 -26 603 -64 2400
2047 448 -26 604 -63 2403
2041 435 -25 603 -62 2403
288 49 1 27 21 2394
3 -11 -1 2 21 416
2 -11 0 2 21 115
2 -12 0 2 22 58
2 -11 0 2 21 35
2 -11 0 2 21 26
2 -11 -1 2 21 19
2 -12 -1 2 21 13
1 -12 -1 2 21 10
1 -11 -1 2 21 10
1 -12 0 2 21 614
1 -12 -1 2 21 771
1 -12 0 2 21 1085
1 -12 -1 2 21 1242
1 -12 -1 2 21 1341
1 -12 -1 2 21 1354
1 -12 0 1 19 1389
2 -12 -1 1 20 1389
1002 626 -63 564 135 1389
1156 832 -102 550 -39 1398
1176 890 -102 549 -57 1392
1180 912 -103 550 -56 1395
1183 923 -104 549 -60 1392
1189 934 -105 549 -61 1389
1191 937 -106 550 -61 1392
1198 946 -107 550 -59 1389
1204 951 -107 551 -57 1389
1209 955 -108 550 -59 1389
1216 955 -108 550 -61 1389
1217 952 -108 550 -62 1392
1218 948 -109 550 -63 1389
1223 945 -109 550 -63 1389
1224 940 -110 549 -63 1389
1228 937 -110 550 -63 1392
1227 929 -110 549 -64 1392
1230 927 -110 550 -62 1395
1233 925 -110 549 -65 1398
1237 924 -110 550 -63 1395
1240 922 -111 550 -64 1398
1241 919 -111 550 -64 1395
1242 917 -111 550 -64 1392
1242 913 -111 550 -64 1398
1248 917 -111 550 -64 1392
1251 916 -112 550 -63 1392
1253 916 -112 550 -64 1392
1252 912 -112 551 -63 1392
1253 910 -112 551 -63 1395
1253 907 -112 550 -63 1398
1255 907 -112 551 -62 1398
1256 906 -112 550 -63 1398
1267 916 -112 550 -64 1392
1266 915 -112 551 -63 1389
1265 911 -113 551 -63 1395
1265 910 -113 551 -63 1392
1266 911 -112 551 -62 1392
1268 911 -113 551 -63 1392
1270 912 -113 551 -64 1395
1272 913 -114 550 -64 1386
1273 914 -114 550 -64 1386
1273 914 -114 550 -64 1389
1271 911 -113 550 -64 1395
1269 910 -113 550 -65 1392
1270 912 -113 550 -64 1389
1276 918 -114 551 -64 1386
1274 916 -114 550 -64 1389
1271 914 -114 550 -65 1386
1269 913 -113 550 -64 1392
1269 914 -114 550 -64 1386
1268 914 -113 550 -64 1389
1267 914 -113 551 -63 1389
1263 917 -113 550 -66 1389
1249 919 -113 550 -64 1395
1214 928 -111 550 -64 1392
1175 940 -110 550 -66 1392
1141 948 -109 551 -63 1398
1114 954 -107 550 -64 1395
1104 957 -106 551 -62 1392
1100 958 -106 552 -61 1392
1098 956 -107 551 -63 1392
1094 949 -106 550 -63 1395
1093 945 -106 550 -64 1398
1093 945 -106 550 -64 1395
1096 946 -106 550 -63 1392
1098 948 -106 550 -64 1386
1099 948 -107 550 -63 1386
1095 943 -106 550 -64 1389
1095 941 -106 549 -64 1389
1098 944 -106 550 -62 1389
1098 943 -106 550 -62 1386
1097 941 -106 550 -63 1386
1096 939 -106 550 -64 1389
1097 939 -106 550 -64 1389
1097 938 -106 550 -62 1389
1097 937 -106 550 -63 1389
20 4 -2 4 21 1357
2 -11 0 2 21 429
2 -12 -1 2 20 397
2 -11 0 2 21 394
1 -12 -1 2 20 390
2 -12 -1 1 21 390
2 -12 -1 2 20 390
2 -12 0 2 20 390
2 -12 0 1 20 390
