2 -11 -1 2 21 38
2 -12 -1 2 22 16
2 -12 -1 2 22 10
2 -12 -1 2 22 6
2 -11 -1 2 22 3
2 -11 0 2 22 3
2 -11 0 2 22 3
2 -12 0 2 22 6
2 -12 0 2 22 6
2 -11 0 2 22 6
2 -12 0 2 22 627
2 -12 0 2 22 502
2 -12 -1 2 22 1414
2 -12 0 2 22 1862
2 -12 0 2 22 2157
2 -12 -1 2 22 2288
2 -12 -1 2 22 2381
2 -12 0 2 22 2397
2 -12 0 2 22 2397
1636 551 -88 581 234 2435
2047 929 -68 605 -32 2394
2047 897 -54 601 -68 2400
2047 816 -48 602 -68 2397
2047 725 -44 602 -67 2400
2047 666 -42 602 -68 2397
2047 612 -39 603 -64 2397
2047 578 -38 602 -68 2397
2047 555 -38 602 -68 2397
2047 531 -37 603 -67 2400
2047 514 -37 603 -67 2400
2047 495 -36 603 -67 2400
2047 484 -36 602 -70 2397
2047 473 -35 603 -68 2397
3 -11 0 3 22 413
2 -12 0 2 21 115
2 -12 0 2 22 54
2 -12 0 2 21 35
2 -12 0 2 22 26
2 -12 -1 2 22 19
2 -12 0 2 22 16
2 -12 0 2 21 13
2 -12 0 2 21 10
2 -12 -1 2 21 618
2 -12 0 2 21 768
2 -12 0 2 21 1107
2 -12 -1 2 21 1261
2 -12 0 2 21 1389
2 -12 -1 2 21 1389
983 612 -52 558 95 1386
1110 743 -93 552 -13 1389
1194 865 -102 548 -64 1386
1194 882 -102 550 -60 1389
1194 889 -103 550 -61 1392
1198 898 -103 550 -62 1392
1201 903 -103 549 -63 1389
1207 909 -104 550 -61 1386
1211 912 -105 549 -67 1386
1214 913 -105 550 -63 1389
1216 911 -105 550 -63 1389
1220 910 -106 550 -64 1389
1226 911 -106 550 -63 1389
1231 911 -107 550 -64 1389
1233 909 -107 551 -64 1392
1237 908 -107 549 -68 1386
1239 906 -107 549 -68 1389
1240 901 -107 549 -67 1392
1244 900 -107 550 -68 1398
1248 902 -108 549 -72 1395
1253 903 -108 549 -71 1389
1256 903 -108 550 -71 1389
1256 899 -108 549 -70 1392
1258 898 -109 550 -70 1392
1259 897 -109 550 -70 1392
1265 899 -109 550 -68 1389
1268 901 -110 550 -68 1389
1272 901 -110 550 -68 1389
1274 902 -110 550 -69 1386
1274 900 -110 550 -68 1389
1277 901 -110 551 -67 1382
1276 898 -110 550 -68 1382
1276 895 -110 551 -68 1392
1276 893 -110 551 -68 1392
1278 894 -110 550 -69 1389
1280 896 -110 551 -67 1392
1281 895 -110 551 -68 1389
1281 895 -110 550 -70 1395
1281 894 -110 550 -69 1389
1283 897 -111 551 -68 1386
1283 897 -111 551 -68 1389
1285 900 -111 551 -68 1386
1284 900 -111 551 -70 1389
1286 903 -111 551 -68 1386
1282 897 -111 551 -69 1389
1280 897 -111 551 -69 1392
1280 898 -111 551 -68 1392
1281 901 -111 551 -69 1389
1281 903 -111 551 -68 1389
1281 904 -111 551 -69 1386
1276 908 -111 551 -71 1386
1264 917 -111 551 -69 1389
1230 942 -110 550 -70 1389
1190 958 -109 550 -68 1389
1144 959 -107 550 -71 1389
1114 953 -106 551 -69 1392
1105 949 -106 551 -69 1392
1098 942 -106 551 -71 1395
1097 941 -106 551 -70 1392
1097 940 -106 551 -69 1389
1095 937 -106 551 -69 1392
1094 935 -106 551 -70 1392
1097 937 -106 551 -70 1389
1096 936 -107 551 -70 1389
1096 934 -107 552 -68 1389
1093 930 -106 552 -69 1392
1095 931 -106 551 -70 1392
1095 929 -107 552 -69 1389
1092 925 -106 550 -71 1389
1093 925 -106 550 -69 1389
1093 923 -106 550 -69 1389
1096 926 -106 550 -69 1392
1094 923 -106 550 -69 1392
1096 924 -106 550 -69 1389
1096 924 -106 550 -70 1389
2 -11 0 3 21 486
2 -11 0 2 21 406
2 -12 0 2 21 390
2 -12 -1 2 21 390
2 -12 -1 2 21 390
2 -12 -1 2 21 390
2 -12 0 2 21 390
2 -12 0 2 21 390
