1 -11 0 -5 -15 32
1 -11 0 -5 -15 13
1 -11 0 -5 -15 10
1 -11 0 -5 -14 6
1 -11 -1 -5 -14 6
1 -11 0 -5 -15 6
1 -11 0 -5 -15 6
1 -11 0 -5 -14 6
1 -11 -1 -5 -14 3
1 -11 -1 -5 -14 3
1 -11 -1 -5 -14 650
1 -11 -1 -5 -14 518
1 -11 -1 -5 -14 1373
1 -11 -1 -5 -14 1827
1 -11 -1 -5 -14 2070
1 -11 -1 -5 -14 2218
1 -11 -1 -5 -14 2298
1 -11 -1 -5 -14 2310
1 -11 -1 -5 -14 2352
1 -11 -1 -5 -14 2387
1 -11 0 -5 -14 2406
1 -11 0 -5 -14 2400
2047 855 -86 601 8 2464
2047 972 -46 603 -89 2419
2047 857 -35 603 -99 2403
2047 721 -30 602 -100 2394
2047 641 -27 603 -100 2390
2047 581 -26 603 -100 2397
2047 528 -24 603 -100 2400
2047 498 -24 603 -100 2400
2047 469 -23 603 -100 2400
2047 452 -22 603 -100 2400
2047 437 -22 603 -100 2400
2047 421 -21 602 -100 2397
2036 411 -21 603 -100 2397
34 -4 -1 -2 -13 2326
2 -11 -1 -4 -14 259
2 -11 -1 -5 -14 99
1 -11 -1 -5 -14 51
1 -11 -1 -5 -14 35
1 -11 -1 -5 -14 22
1 -11 -1 -5 -14 19
1 -11 -1 -5 -14 16
1 -11 0 -5 -14 13
1 -11 0 -5 -14 10
1 -11 0 -5 -14 614
1 -11 -1 -5 -14 797
1 -11 0 -5 -14 1085
1 -11 0 -5 -14 1274
1 -11 0 -6 -16 1296
1 -11 -1 -5 -15 1325
1 -11 -1 -4 -13 1350
1 -11 -1 -4 -13 1370
1 -11 0 -4 -13 1386
561 398 19 486 288 1389
1130 756 -85 554 -12 1386
1198 841 -99 546 -102 1389
1203 855 -98 548 -100 1389
1211 868 -98 550 -99 1389
1217 876 -99 550 -98 1389
1220 881 -100 550 -99 1389
1225 888 -101 551 -98 1392
1230 893 -101 551 -99 1392
1238 900 -101 551 -99 1389
1240 900 -101 552 -98 1389
1247 902 -101 552 -98 1392
1248 899 -101 550 -98 1389
1251 898 -101 550 -100 1389
1257 897 -101 550 -99 1389
1261 897 -101 551 -99 1389
1264 895 -101 551 -99 1389
1266 892 -101 551 -99 1392
1275 896 -102 550 -100 1389
1279 895 -102 551 -99 1389
1283 896 -102 551 -99 1386
1286 895 -102 552 -99 1389
1288 893 -102 551 -99 1389
1290 892 -103 551 -99 1389
1293 891 -103 551 -98 1389
1295 891 -103 551 -98 1386
1296 889 -103 551 -98 1389
1299 890 -103 551 -98 1389
1301 889 -103 551 -98 1389
1305 891 -103 551 -98 1386
1307 890 -103 551 -98 1386
1310 891 -104 550 -99 1382
1312 890 -104 550 -99 1386
1312 889 -104 551 -99 1389
1314 889 -104 551 -99 1389
1315 889 -104 551 -99 1389
1315 887 -104 551 -99 1389
1316 887 -104 551 -99 1392
1315 886 -104 551 -99 1395
1316 887 -104 551 -99 1392
1315 886 -103 551 -99 1395
1316 887 -103 551 -99 1395
1317 889 -104 551 -99 1392
1316 888 -104 551 -99 1395
1318 891 -104 551 -99 1389
1318 892 -104 551 -99 1392
1318 893 -104 551 -99 1389
1317 894 -104 551 -99 1389
1314 894 -104 551 -99 1389
1304 903 -103 551 -101 1392
1269 918 -101 551 -98 1392
1195 935 -98 551 -99 1392
1135 920 -96 551 -99 1395
1107 905 -96 551 -98 1395
1098 896 -96 551 -99 1392
1095 892 -96 551 -99 1392
1093 890 -96 551 -99 1392
1093 888 -96 551 -100 1389
1092 886 -96 551 -100 1392
1090 884 -96 551 -100 1392
1088 881 -95 551 -99 1392
1089 882 -96 551 -99 1392
1090 882 -96 551 -100 1389
1090 883 -96 551 -99 1389
1088 880 -95 551 -100 1392
1088 879 -95 551 -100 1392
1087 878 -95 551 -100 1395
1087 878 -95 551 -100 1395
1088 879 -95 551 -100 1395
161 117 -6 20 -14 1392
2 -11 -1 -4 -14 486
1 -11 -1 -4 -14 403
1 -11 -1 -5 -14 394
1 -11 -1 -5 -14 394
1 -11 -1 -5 -14 394
1 -11 -1 -5 -14 394
1 -11 0 -5 -14 394
1 -11 0 -5 -14 394
