1 -11 0 -5 -18 74
1 -11 0 -5 -17 26
1 -11 0 -5 -17 13
1 -11 0 -5 -17 6
1 -11 0 -5 -18 6
1 -11 -1 -5 -18 6
1 -11 -1 -5 -18 6
1 -11 0 -5 -18 6
1 -11 0 -5 -18 6
1 -11 0 -5 -18 3
1 -12 0 -5 -18 637
1 -11 0 -5 -18 474
1 -11 0 -5 -18 1517
1 -12 0 -5 -18 1843
1 -11 -1 -5 -18 2131
1 -11 -1 -5 -18 2227
1 -12 -1 -5 -18 2272
1 -12 -1 -5 -17 2310
1 -12 0 -5 -17 2342
1 -12 0 -5 -18 2368
1 -11 0 -5 -18 2400
1 -11 0 -5 -18 2406
2047 863 -71 609 44 2458
2047 1002 -49 601 -63 2413
2047 864 -35 603 -61 2406
2047 725 -29 603 -63 2400
2047 646 -26 603 -63 2400
2047 578 -24 603 -62 2400
2047 539 -23 603 -63 2400
2047 510 -23 604 -63 2394
2047 481 -22 603 -62 2397
2047 464 -21 603 -63 2394
2047 447 -21 603 -63 2390
2047 435 -21 603 -63 2394
2047 425 -21 603 -62 2390
34 -5 0 -2 -16 2317
2 -11 -1 -4 -17 256
1 -11 0 -5 -17 83
1 -11 0 -5 -17 51
1 -11 -1 -5 -16 35
1 -11 0 -5 -16 22
1 -11 0 -5 -17 19
1 -11 -1 -5 -17 13
1 -11 0 -5 -17 13
1 -11 -1 -5 -17 10
1 -12 -1 -5 -17 614
1 -12 -1 -5 -17 813
1 -12 -1 -5 -17 1133
1 -11 0 -5 -17 1216
1 -12 0 -4 -16 1322
1 -11 -1 -4 -15 1344
1 -11 -1 -4 -15 1376
1 -12 -1 -5 -16 1386
552 390 23 484 295 1386
1031 679 -68 555 56 1392
1166 817 -87 546 -61 1392
1164 823 -87 547 -63 1392
1165 830 -88 548 -64 1392
1169 836 -88 549 -64 1392
1172 840 -89 550 -63 1392
1176 844 -89 550 -63 1392
1178 847 -90 550 -63 1392
1182 850 -90 550 -63 1392
1185 853 -90 550 -64 1392
1189 857 -91 551 -62 1392
1193 860 -91 551 -62 1395
1196 862 -91 552 -62 1392
1198 862 -91 551 -61 1392
1201 863 -91 551 -61 1392
1205 864 -92 551 -61 1389
1208 862 -92 551 -61 1392
1210 862 -92 551 -61 1392
1214 862 -92 552 -61 1392
1216 860 -92 551 -61 1392
1218 860 -92 550 -62 1392
1220 859 -92 551 -60 1392
1222 857 -93 550 -62 1392
1223 854 -94 550 -62 1392
1225 854 -95 550 -62 1392
1227 853 -94 550 -62 1392
1230 853 -95 550 -62 1392
1231 853 -95 551 -61 1392
1233 852 -95 550 -62 1392
1234 852 -95 550 -63 1392
1236 852 -95 550 -62 1392
1239 853 -95 551 -62 1392
1241 854 -96 551 -61 1392
1242 854 -96 551 -62 1389
1244 855 -96 551 -62 1389
1245 854 -96 551 -62 1389
1247 856 -96 551 -62 1389
1246 854 -96 551 -62 1392
1247 855 -96 552 -62 1392
1246 854 -96 550 -62 1392
1245 853 -95 550 -62 1395
1245 854 -95 550 -62 1395
1245 854 -95 550 -62 1395
1245 855 -95 550 -62 1395
1245 855 -95 550 -63 1395
1246 856 -95 550 -62 1392
1246 857 -95 550 -62 1392
1246 857 -95 550 -62 1392
1245 859 -95 550 -61 1392
1239 865 -94 550 -62 1392
1213 874 -93 549 -63 1392
1151 882 -91 550 -62 1392
1110 886 -90 549 -62 1392
1084 885 -89 549 -63 1395
1076 882 -89 549 -63 1395
1074 878 -89 549 -63 1392
1072 875 -88 549 -63 1392
1072 873 -88 549 -63 1392
1072 872 -88 550 -63 1392
1072 872 -88 550 -63 1392
1072 871 -88 550 -63 1392
1072 870 -88 550 -63 1392
1072 870 -88 550 -63 1392
1070 868 -88 550 -62 1392
1071 868 -88 550 -62 1392
1071 869 -88 550 -62 1392
1071 868 -88 550 -62 1392
1070 868 -88 550 -62 1392
1070 868 -87 550 -63 1392
1071 868 -87 550 -62 1392
1070 868 -88 550 -62 1395
18 3 -1 -2 -18 1373
1 -11 0 -4 -18 451
1 -11 0 -5 -18 400
1 -11 0 -5 -18 394
1 -11 -1 -5 -18 394
1 -11 0 -5 -18 394
1 -11 0 -5 -18 394
1 -11 -1 -5 -18 394
1 -11 -1 -5 -18 394
