1 -11 0 -5 -17 32
1 -11 0 -5 -17 16
1 -11 0 -5 -17 10
1 -11 0 -5 -17 6
1 -11 0 -5 -17 6
1 -11 -1 -5 -17 6
1 -11 -1 -5 -17 6
1 -11 0 -5 -17 3
1 -11 -1 -5 -17 3
1 -11 0 -5 -17 3
1 -11 -1 -5 -17 474
1 -11 0 -5 -17 477
1 -11 -1 -5 -17 1661
1 -11 -1 -5 -17 1834
1 -11 -1 -5 -17 2202
1 -12 -1 -5 -17 2307
1 -11 0 -5 -17 2336
1 -11 -1 -5 -17 2374
1 -11 -1 -5 -17 2390
1 -11 -1 -5 -17 2397
2047 887 -57 605 9 2454
2047 976 -44 602 -57 2410
2047 820 -31 602 -58 2403
2047 721 -27 602 -57 2403
2047 647 -25 602 -57 2403
2047 581 -23 602 -58 2403
2047 544 -23 603 -56 2400
2047 510 -22 603 -58 2397
2047 488 -21 603 -57 2394
2047 465 -21 603 -58 2400
2047 450 -20 603 -58 2400
2047 437 -20 604 -57 2403
2047 422 -19 603 -57 2400
35 -4 0 -3 -16 2326
1 -11 0 -5 -16 186
1 -11 -1 -5 -16 83
1 -11 -1 -5 -16 51
1 -11 -1 -5 -16 32
1 -11 -1 -5 -16 22
1 -11 -1 -5 -16 16
1 -11 0 -5 -16 13
1 -11 -1 -5 -16 10
1 -11 -1 -5 -16 10
1 -11 -1 -5 -16 614
1 -12 0 -5 -16 1040
1 -11 -1 -5 -16 1197
1 -11 0 -5 -16 1277
1 -12 0 -5 -16 1312
1 -11 -1 -5 -16 1334
1 -11 0 -6 -19 1357
1 -11 0 -5 -16 1379
1 -12 -1 -4 -15 1386
859 584 -23 544 119 1389
1103 746 -82 554 28 1382
1213 943 -110 547 -52 1386
1218 966 -111 547 -57 1386
1227 985 -112 549 -57 1386
1232 995 -112 549 -55 1386
1237 1005 -113 550 -54 1386
1241 1010 -114 550 -54 1386
1245 1014 -114 550 -56 1386
1248 1015 -115 550 -54 1386
1250 1013 -115 550 -55 1389
1253 1010 -115 550 -56 1389
1254 1005 -115 550 -56 1392
1256 1001 -116 550 -55 1392
1260 997 -116 550 -56 1392
1262 994 -116 550 -55 1392
1265 990 -116 550 -56 1389
1268 988 -116 551 -55 1392
1269 983 -116 550 -55 1392
1272 980 -116 551 -55 1392
1273 976 -116 551 -56 1392
1276 974 -116 552 -54 1392
1274 969 -116 550 -54 1392
1277 968 -116 550 -54 1395
1279 966 -116 550 -54 1392
1281 966 -116 551 -54 1392
1285 966 -116 551 -54 1392
1289 968 -117 551 -55 1389
1293 969 -117 551 -55 1389
1294 967 -117 551 -55 1389
1295 966 -117 551 -55 1389
1297 966 -118 551 -55 1389
1298 965 -118 551 -55 1389
1298 963 -117 551 -54 1389
1300 962 -117 551 -55 1392
1301 962 -118 551 -55 1389
1303 962 -117 551 -54 1392
1302 960 -117 551 -54 1392
1303 960 -118 551 -55 1392
1303 957 -117 551 -55 1395
1304 958 -118 551 -54 1392
1305 958 -117 551 -55 1395
1309 966 -118 550 -56 1395
1309 966 -118 550 -56 1392
1311 967 -118 550 -56 1392
1311 968 -118 550 -56 1392
1310 967 -118 550 -57 1392
1310 968 -118 550 -56 1395
1310 968 -118 551 -56 1392
1310 969 -118 550 -56 1395
1310 969 -118 550 -56 1395
1309 969 -118 551 -56 1395
1309 969 -118 550 -57 1395
1308 970 -118 550 -57 1395
1304 973 -118 551 -56 1392
1292 976 -116 550 -56 1395
1257 988 -115 550 -56 1395
1221 997 -113 551 -55 1398
1182 997 -112 551 -55 1398
1153 1000 -110 551 -55 1398
1141 1000 -109 550 -55 1395
1136 996 -109 550 -56 1395
1135 993 -108 550 -56 1395
1134 990 -108 550 -55 1392
1135 988 -108 550 -55 1395
1134 986 -108 550 -55 1395
1133 983 -108 550 -55 1395
1133 982 -108 550 -55 1392
1135 983 -108 550 -55 1389
1135 983 -108 550 -55 1389
1135 981 -108 550 -55 1392
1135 980 -108 551 -55 1392
1136 981 -108 551 -54 1392
1135 980 -108 551 -55 1389
1136 982 -108 550 -55 1392
1137 982 -108 550 -55 1389
1136 981 -108 550 -55 1392
1136 981 -108 551 -55 1392
165 129 -7 19 -17 1389
1 -11 -1 -5 -17 448
1 -11 -1 -5 -17 400
1 -11 -1 -5 -17 394
1 -11 -1 -5 -17 394
1 -11 0 -5 -17 394
1 -11 0 -5 -17 394
1 -11 0 -5 -17 394
1 -11 0 -5 -17 394
