1 -11 -1 -5 -18 51
1 -11 0 -5 -17 22
1 -11 0 -5 -17 10
1 -11 -1 -5 -17 6
1 -11 -1 -5 -17 6
1 -11 -1 -5 -18 6
1 -11 -1 -5 -18 6
1 -11 -1 -5 -17 6
1 -11 -1 -5 -18 3
1 -11 -1 -5 -17 3
1 -11 -1 -5 -17 637
1 -11 -1 -5 -17 486
1 -11 -1 -5 -17 1421
1 -11 0 -5 -18 1872
1 -11 -1 -5 -18 2134
1 -12 0 -5 -17 2221
1 -11 0 -5 -17 2253
1 -11 -1 -5 -17 2266
1 -12 0 -5 -17 2317
1 -12 -1 -5 -17 2346
1 -11 0 -5 -17 2387
1 -12 -1 -5 -17 2400
1 -12 -1 -5 -17 2400
2047 871 -58 604 -1 2464
2047 954 -44 601 -58 2410
2047 807 -31 602 -61 2403
2047 711 -27 602 -61 2403
2047 637 -25 602 -60 2403
2047 572 -23 603 -60 2403
2047 535 -23 603 -58 2400
2047 500 -22 603 -60 2400
2047 478 -21 603 -60 2400
2047 460 -21 603 -60 2400
2047 442 -20 603 -60 2400
2047 429 -20 604 -60 2400
2017 415 -19 602 -60 2400
33 -5 0 -3 -17 2326
2 -11 0 -5 -17 256
1 -11 -1 -5 -17 83
1 -11 -1 -5 -17 51
1 -11 -1 -5 -17 32
1 -11 -1 -5 -17 22
1 -11 0 -5 -17 16
1 -11 0 -5 -17 13
1 -11 -1 -5 -17 10
1 -11 -1 -5 -17 10
1 -11 -1 -5 -17 614
1 -11 -1 -5 -17 816
1 -11 -1 -6 -19 1213
1 -11 -1 -5 -18 1293
1 -11 0 -5 -16 1325
1 -11 -1 -5 -16 1344
1 -11 0 -5 -16 1370
1 -11 0 -5 -16 1382
558 400 23 484 282 1389
1100 746 -82 553 20 1389
1209 934 -109 546 -57 1389
1213 960 -110 548 -55 1389
1220 977 -111 550 -55 1389
1226 989 -111 549 -58 1389
1232 999 -113 550 -57 1389
1236 1005 -113 549 -57 1389
1239 1008 -113 549 -58 1389
1243 1010 -114 549 -59 1389
1245 1008 -114 550 -57 1389
1249 1006 -115 550 -57 1389
1253 1006 -115 550 -57 1386
1256 1002 -116 550 -58 1386
1257 994 -115 550 -58 1392
1258 988 -115 551 -58 1392
1261 985 -115 551 -57 1392
1261 979 -115 551 -58 1392
1264 976 -115 551 -57 1392
1268 976 -115 552 -56 1392
1273 976 -115 550 -57 1392
1275 974 -115 550 -57 1392
1278 974 -115 550 -57 1392
1281 973 -115 551 -57 1392
1283 972 -116 551 -57 1392
1285 970 -115 550 -59 1392
1289 971 -116 550 -58 1389
1290 969 -116 551 -58 1389
1291 968 -116 550 -58 1389
1293 967 -116 551 -56 1392
1295 966 -116 551 -58 1389
1296 964 -116 551 -57 1392
1297 965 -116 551 -58 1389
1299 964 -116 551 -58 1389
1299 962 -116 551 -58 1392
1300 961 -116 551 -57 1389
1304 963 -116 551 -57 1389
1305 963 -116 551 -57 1389
1305 961 -117 551 -56 1389
1306 961 -116 551 -57 1389
1305 960 -117 551 -56 1389
1304 957 -116 551 -56 1392
1305 957 -116 550 -57 1392
1306 958 -117 551 -56 1389
1308 962 -117 550 -58 1392
1308 962 -117 550 -57 1395
1309 963 -117 550 -58 1392
1310 964 -117 550 -58 1389
1309 964 -117 550 -59 1392
1309 964 -118 550 -58 1392
1309 965 -118 550 -59 1389
1309 966 -117 550 -59 1389
1309 967 -117 550 -58 1392
1310 968 -117 549 -59 1389
1308 967 -117 550 -59 1392
1306 969 -117 550 -59 1392
1298 972 -117 550 -59 1392
1274 967 -115 550 -57 1395
1251 982 -114 549 -59 1392
1207 992 -113 550 -58 1392
1171 990 -111 550 -58 1392
1149 993 -110 550 -59 1389
1141 993 -109 550 -58 1389
1139 993 -109 550 -58 1389
1137 989 -109 550 -58 1389
1134 984 -108 550 -58 1392
1135 982 -108 550 -59 1395
1135 980 -108 550 -58 1392
1134 978 -108 550 -59 1395
1134 977 -108 550 -58 1392
1135 977 -108 550 -59 1395
1134 976 -108 550 -59 1392
1134 976 -108 550 -59 1392
1134 976 -108 550 -58 1392
1134 975 -107 550 -59 1392
1135 976 -108 550 -59 1392
1136 977 -108 550 -58 1389
1136 977 -107 550 -58 1389
1135 976 -107 550 -59 1392
1134 975 -107 550 -58 1392
19 5 -1 -3 -18 1366
1 -11 0 -5 -18 448
1 -11 -2 -5 -18 403
1 -11 0 -5 -18 394
1 -11 -1 -5 -18 394
1 -11 -1 -5 -18 394
1 -11 -1 -5 -18 394
1 -11 0 -6 -18 394
1 -11 0 -5 -18 394
