1 -11 -1 -5 -18 54
1 -12 0 -5 -17 19
1 -11 -1 -5 -17 10
1 -11 -1 -5 -17 6
1 -11 -1 -5 -17 6
1 -11 -1 -5 -18 6
1 -11 -1 -5 -17 3
1 -11 -1 -5 -17 3
1 -11 -1 -5 -17 6
1 -11 0 -5 -17 3
1 -11 0 -5 -17 637
1 -12 0 -5 -17 486
1 -11 0 -5 -17 1376
1 -12 0 -5 -17 1830
1 -12 -1 -5 -17 2128
1 -11 0 -5 -17 2230
1 -11 0 -5 -17 2368
1 -12 0 -5 -17 2394
1 -12 0 -5 -17 2394
2047 821 -78 605 49 2470
2047 970 -46 602 -52 2416
2047 873 -33 601 -52 2403
2047 760 -28 603 -53 2403
2047 657 -25 603 -53 2400
2047 597 -23 602 -53 2403
2047 545 -23 602 -54 2400
2047 515 -22 602 -53 2400
2047 486 -21 602 -53 2400
2047 468 -21 603 -52 2397
2047 453 -20 602 -54 2400
2047 436 -20 603 -52 2397
2047 427 -20 603 -53 2397
304 51 1 22 -17 2387
2 -11 0 -4 -17 435
1 -11 0 -5 -17 115
1 -11 0 -5 -17 54
1 -11 0 -5 -17 38
1 -11 0 -5 -17 26
1 -11 0 -5 -17 19
1 -11 0 -5 -17 16
1 -11 -1 -5 -17 13
1 -11 -1 -5 -17 10
1 -11 -1 -5 -17 592
1 -11 0 -5 -17 813
1 -11 0 -5 -17 1078
1 -11 0 -5 -18 1242
1 -11 0 -5 -18 1347
1 -11 0 -5 -18 1382
1 -11 -1 -6 -20 1386
1 -11 0 -6 -19 1382
1021 661 -62 556 84 1389
1192 870 -104 551 -26 1389
1212 918 -106 549 -48 1389
1216 931 -107 549 -48 1389
1221 941 -107 549 -48 1389
1229 954 -109 549 -51 1389
1233 962 -109 550 -49 1389
1243 975 -111 550 -49 1389
1247 980 -111 551 -49 1389
1249 982 -111 551 -49 1389
1253 981 -112 550 -51 1389
1256 981 -112 550 -51 1389
1260 979 -112 551 -51 1389
1264 978 -112 551 -51 1392
1266 976 -112 551 -51 1389
1269 974 -113 551 -51 1389
1274 974 -113 551 -52 1386
1275 970 -113 551 -52 1386
1277 968 -113 551 -52 1389
1279 966 -113 551 -51 1389
1283 966 -113 551 -51 1389
1284 963 -113 550 -51 1389
1285 960 -113 551 -51 1389
1286 958 -113 551 -50 1392
1288 958 -113 551 -50 1389
1291 957 -113 551 -50 1389
1292 956 -113 551 -50 1389
1295 956 -113 551 -50 1389
1297 955 -113 551 -50 1389
1298 954 -113 551 -50 1389
1299 953 -113 551 -50 1392
1301 953 -113 552 -50 1392
1301 951 -113 550 -51 1392
1301 950 -113 550 -51 1389
1302 949 -113 550 -52 1389
1302 948 -113 550 -52 1392
1303 947 -113 550 -51 1392
1304 947 -113 550 -51 1392
1307 948 -113 550 -52 1392
1307 948 -113 550 -51 1395
1309 949 -113 550 -51 1392
1309 949 -113 550 -52 1392
1308 948 -113 550 -51 1392
1308 948 -113 550 -52 1392
1309 950 -113 550 -51 1392
1309 950 -113 550 -51 1395
1309 950 -113 550 -52 1392
1309 955 -114 550 -51 1392
1311 957 -114 550 -52 1392
1310 958 -114 551 -51 1392
1310 960 -114 551 -50 1392
1308 961 -113 551 -50 1392
1299 970 -114 551 -51 1389
1274 982 -113 550 -52 1389
1230 995 -111 550 -50 1389
1176 993 -109 550 -51 1389
1153 985 -107 550 -51 1392
1143 978 -106 550 -51 1392
1139 973 -106 550 -51 1392
1137 968 -106 550 -51 1392
1136 966 -106 550 -51 1389
1136 964 -106 550 -51 1389
1136 963 -106 550 -51 1389
1136 961 -106 550 -52 1389
1136 962 -106 550 -52 1386
1135 960 -105 550 -52 1392
1135 960 -105 550 -52 1389
1135 959 -105 550 -52 1392
1135 958 -105 550 -52 1389
1135 958 -105 550 -52 1389
1134 956 -104 550 -52 1392
1133 956 -104 550 -52 1392
1133 955 -104 550 -52 1395
1133 956 -105 550 -52 1395
1134 956 -104 550 -52 1392
19 5 -2 -3 -18 1366
1 -11 -2 -5 -18 448
1 -11 -2 -5 -18 400
1 -11 0 -5 -18 394
1 -11 0 -5 -18 394
1 -11 -1 -5 -18 394
1 -12 -1 -5 -18 394
1 -12 -1 -5 -18 394
1 -11 -1 -5 -18 394
