1 -11 0 -5 -18 51
1 -11 0 -5 -18 19
1 -11 0 -5 -18 10
1 -11 0 -5 -18 6
1 -12 -1 -5 -18 6
1 -12 -1 -5 -18 6
1 -12 0 -5 -18 6
1 -11 -1 -5 -18 6
1 -11 0 -5 -18 3
1 -11 -1 -5 -18 3
1 -12 0 -5 -18 630
1 -12 0 -5 -18 483
1 -12 -1 -5 -18 1536
1 -12 0 -5 -18 1862
1 -12 0 -5 -18 2112
1 -12 0 -5 -18 2234
1 -12 0 -5 -18 2288
1 -12 -1 -5 -18 2326
1 -12 0 -5 -18 2349
1 -11 -1 -5 -18 2368
1 -12 -1 -5 -18 2400
1 -12 0 -5 -18 2403
2047 855 -64 608 44 2458
2047 969 -44 604 -48 2419
2047 844 -32 602 -49 2403
2047 715 -27 602 -49 2403
2047 639 -24 603 -49 2403
2047 574 -23 603 -49 2400
2047 536 -22 603 -49 2403
2047 508 -22 603 -49 2403
2047 480 -21 603 -49 2403
2047 462 -21 603 -49 2406
2047 445 -20 603 -49 2400
2047 433 -20 603 -49 2400
2040 422 -20 604 -50 2400
33 -5 -1 -3 -18 2320
1 -11 -1 -5 -18 256
1 -12 0 -5 -18 83
1 -12 0 -5 -18 51
1 -11 -1 -5 -18 35
1 -11 0 -5 -18 22
1 -11 0 -5 -18 19
1 -12 -1 -5 -18 13
1 -11 -1 -5 -18 10
1 -11 0 -5 -18 10
1 -12 0 -5 -18 611
1 -12 0 -5 -18 810
0 -12 0 -5 -18 1126
1 -11 0 -6 -20 1232
1 -12 0 -6 -19 1350
1 -11 -1 -5 -17 1382
1 -12 -1 -5 -17 1386
542 386 27 485 329 1386
1059 698 -71 556 66 1382
1205 890 -105 549 -41 1389
1212 920 -106 548 -49 1389
1216 932 -107 549 -49 1386
1221 943 -107 550 -47 1389
1226 951 -108 551 -44 1389
1231 958 -109 552 -44 1389
1234 964 -109 550 -47 1389
1236 966 -109 551 -45 1392
1241 969 -110 551 -46 1392
1244 970 -110 551 -46 1392
1245 967 -110 550 -46 1392
1250 968 -111 550 -47 1395
1253 966 -111 551 -47 1395
1256 963 -111 551 -47 1398
1260 964 -111 551 -47 1395
1262 962 -111 551 -47 1395
1264 960 -111 551 -47 1395
1266 958 -112 551 -48 1392
1269 957 -112 551 -48 1395
1276 960 -112 551 -47 1392
1277 958 -112 551 -47 1392
1276 953 -112 550 -47 1392
1278 953 -112 551 -47 1392
1280 952 -112 551 -47 1392
1284 953 -112 551 -46 1392
1286 953 -112 551 -47 1389
1288 952 -112 551 -47 1392
1289 950 -113 551 -47 1392
1292 952 -113 551 -47 1392
1293 951 -113 551 -47 1392
1295 951 -112 551 -47 1392
1298 952 -113 551 -46 1389
1299 951 -113 551 -46 1389
1302 953 -113 552 -46 1389
1300 950 -113 550 -46 1386
1301 949 -113 550 -46 1389
1301 948 -113 550 -46 1392
1301 947 -113 550 -46 1392
1304 949 -113 550 -46 1392
1303 948 -113 550 -46 1392
1304 949 -113 550 -46 1389
1305 950 -113 550 -46 1389
1306 951 -113 550 -46 1389
1305 951 -113 550 -47 1389
1305 951 -113 550 -47 1389
1304 950 -113 550 -47 1389
1301 947 -113 550 -47 1395
1298 945 -112 550 -47 1398
1300 948 -112 550 -47 1395
1300 950 -112 550 -47 1395
1300 953 -113 550 -47 1392
1292 961 -113 550 -47 1392
1272 975 -112 550 -48 1389
1222 988 -110 550 -46 1392
1178 988 -108 550 -48 1395
1153 981 -106 550 -48 1395
1138 972 -105 550 -47 1395
1133 967 -106 550 -47 1392
1130 961 -105 550 -47 1392
1129 958 -105 550 -48 1392
1128 956 -105 550 -48 1392
1127 953 -104 550 -48 1395
1126 952 -104 550 -48 1392
1126 952 -105 550 -47 1392
1125 950 -104 550 -47 1392
1125 949 -104 550 -48 1395
1128 952 -104 550 -48 1389
1129 952 -105 550 -47 1389
1128 951 -104 550 -47 1389
1128 951 -104 550 -48 1389
1129 952 -104 550 -48 1389
1128 951 -104 550 -48 1389
1128 951 -104 550 -48 1389
1127 950 -104 550 -48 1389
4 -9 -1 -4 -18 979
1 -11 0 -5 -18 432
1 -12 0 -5 -18 397
1 -12 -1 -5 -17 394
1 -12 -1 -5 -18 394
1 -12 -1 -5 -18 394
1 -12 -1 -5 -18 394
1 -12 -1 -5 -18 394
1 -12 -1 -5 -18 394
