1 -11 -1 -5 -18 42
1 -12 -1 -5 -18 19
1 -11 0 -5 -18 10
1 -11 -1 -5 -18 6
1 -11 -1 -5 -18 6
1 -11 0 -5 -18 6
1 -11 0 -5 -18 6
1 -11 -1 -5 -18 3
1 -11 -1 -5 -18 3
1 -11 -1 -5 -18 3
1 -11 0 -5 -18 637
1 -12 0 -5 -18 483
1 -11 0 -5 -18 1539
1 -12 -1 -5 -18 1843
1 -12 0 -5 -18 2144
1 -12 -1 -5 -18 2240
1 -12 -1 -6 -18 2304
1 -12 -1 -5 -18 2339
1 -12 -1 -5 -18 2381
1 -11 0 -6 -19 2400
1 -12 -1 -5 -18 2397
2047 853 -63 606 50 2438
2047 969 -44 602 -48 2403
2047 838 -32 602 -49 2406
2047 733 -27 602 -51 2403
2047 637 -24 603 -49 2400
2047 582 -23 603 -50 2406
2047 532 -22 603 -49 2400
2047 503 -21 603 -50 2400
2047 480 -21 603 -50 2403
2047 457 -20 604 -49 2403
2047 442 -20 602 -49 2400
2027 426 -19 602 -50 2406
2002 415 -19 603 -49 2403
277 46 1 20 -18 2397
2 -11 -1 -5 -18 253
1 -11 -1 -5 -18 96
1 -11 -1 -5 -18 51
1 -11 0 -5 -18 35
1 -11 0 -6 -19 26
1 -11 0 -5 -18 19
1 -11 0 -6 -19 13
1 -11 -1 -5 -19 13
1 -11 -1 -6 -19 10
1 -12 0 -5 -18 592
1 -11 -2 -6 -19 816
1 -12 -1 -6 -19 1091
1 -11 -1 -5 -19 1248
1 -11 -1 -5 -19 1318
1 -12 0 -5 -19 1347
1 -12 -1 -5 -18 1376
1 -12 -1 -5 -17 1386
547 391 25 484 301 1382
1046 682 -69 556 76 1389
1209 890 -105 546 -46 1392
1207 911 -105 547 -48 1392
1216 926 -106 548 -48 1392
1221 937 -107 549 -48 1395
1226 946 -108 549 -48 1392
1230 952 -108 549 -49 1392
1235 960 -109 549 -48 1392
1241 965 -110 550 -48 1389
1247 969 -111 550 -48 1389
1249 968 -111 550 -48 1392
1252 967 -111 550 -48 1392
1256 965 -111 550 -49 1389
1258 963 -112 551 -47 1392
1261 961 -112 552 -46 1392
1260 956 -112 550 -47 1392
1262 954 -111 550 -48 1389
1265 952 -112 550 -48 1389
1266 950 -112 550 -48 1392
1271 950 -112 550 -47 1392
1272 948 -112 550 -47 1392
1274 947 -112 550 -47 1389
1276 946 -112 550 -48 1389
1278 944 -112 550 -48 1392
1280 943 -112 550 -47 1392
1282 943 -112 550 -48 1392
1283 942 -112 551 -47 1389
1285 941 -112 550 -47 1392
1286 940 -112 551 -47 1392
1287 939 -111 550 -49 1392
1289 939 -112 550 -48 1392
1290 939 -112 550 -48 1389
1292 939 -112 550 -48 1389
1292 937 -112 551 -47 1392
1294 936 -112 550 -48 1392
1294 935 -112 550 -48 1395
1297 937 -112 551 -48 1395
1298 937 -112 551 -48 1392
1300 937 -112 551 -47 1392
1301 938 -112 551 -47 1392
1303 940 -112 551 -47 1389
1303 940 -112 551 -47 1392
1304 941 -112 551 -47 1389
1301 938 -112 551 -47 1392
1301 938 -112 551 -47 1395
1300 938 -112 551 -48 1395
1302 939 -112 551 -48 1395
1304 941 -112 551 -48 1392
1304 943 -113 551 -47 1389
1304 944 -113 551 -48 1389
1304 944 -112 551 -47 1392
1303 946 -112 551 -48 1389
1301 955 -113 551 -49 1389
1289 965 -113 550 -49 1389
1246 988 -112 550 -47 1389
1208 1005 -110 550 -48 1389
1170 998 -109 550 -49 1389
1152 989 -108 551 -49 1389
1143 980 -107 550 -49 1389
1136 971 -106 551 -48 1389
1133 966 -106 550 -49 1392
1133 964 -105 550 -49 1392
1133 963 -106 551 -49 1389
1131 960 -105 550 -49 1392
1130 957 -105 550 -49 1392
1130 956 -105 551 -48 1395
1129 955 -104 550 -49 1392
1129 954 -105 550 -49 1392
1130 954 -104 551 -49 1395
1129 953 -104 550 -49 1392
1129 952 -104 550 -50 1395
1130 954 -104 551 -48 1395
1129 952 -104 551 -48 1395
1128 952 -104 551 -49 1395
1130 954 -104 551 -49 1392
1130 953 -104 550 -48 1395
4 -9 -1 -4 -18 1005
1 -11 0 -5 -18 419
1 -11 0 -5 -18 397
1 -11 -1 -5 -18 394
1 -12 0 -5 -18 394
1 -12 -1 -5 -18 394
1 -12 0 -5 -18 394
1 -12 -1 -5 -18 394
1 -12 -1 -5 -18 394
