1 -11 0 -5 -16 3
1 -11 -1 -5 -16 3
1 -11 -1 -5 -16 3
1 -11 -1 -5 -16 3
1 -12 -1 -5 -16 627
1 -12 -1 -5 -16 486
1 -12 0 -5 -15 1530
1 -11 0 -5 -15 1837
1 -12 0 -5 -15 2102
1 -12 0 -4 -15 2240
1 -11 0 -5 -15 2403
2047 907 -44 599 -51 2432
2047 690 -25 601 -52 2400
2047 615 -23 602 -52 2397
2047 548 -21 602 -51 2400
2047 510 -21 602 -52 2397
2047 476 -20 602 -52 2397
2047 455 -20 602 -52 2397
2047 431 -19 603 -53 2394
2029 418 -19 603 -53 2394
2005 407 -18 603 -52 2397
1984 396 -18 603 -52 2394
6 -11 -1 -4 -15 1731
1 -11 -1 -4 -15 186
1 -11 -1 -4 -15 83
1 -11 -1 -4 -15 45
1 -11 0 -4 -15 32
1 -11 -1 -5 -15 22
1 -11 -1 -4 -15 16
1 -11 -1 -5 -15 13
1 -11 -1 -5 -15 10
1 -11 0 -5 -17 10
1 -11 0 -5 -16 707
1 -11 0 -4 -14 1027
1 -11 0 -4 -14 1203
1 -12 0 -4 -14 1309
1 -11 0 -4 -14 1331
1 -11 0 -4 -14 1357
1 -12 0 -5 -18 1376
1 -12 -1 -5 -17 1382
844 579 -20 542 124 1389
1099 734 -82 553 26 1382
1216 897 -108 546 -50 1386
1216 909 -108 548 -49 1386
1221 918 -109 549 -49 1386
1227 927 -110 549 -49 1389
1231 933 -110 549 -49 1389
1235 938 -111 550 -49 1392
1238 943 -111 550 -49 1392
1242 947 -112 550 -49 1392
1246 949 -112 551 -48 1389
1249 951 -113 551 -48 1389
1252 949 -113 551 -48 1389
1254 947 -113 551 -48 1389
1257 947 -113 552 -49 1389
1259 944 -113 551 -49 1389
1262 945 -113 551 -49 1389
1264 942 -113 551 -49 1389
1265 940 -113 551 -49 1392
1268 940 -113 551 -49 1389
1270 938 -113 551 -49 1392
1273 938 -113 552 -48 1392
1278 940 -114 551 -48 1389
1280 939 -114 551 -49 1389
1282 939 -113 552 -48 1389
1283 937 -113 550 -48 1389
1284 936 -113 550 -49 1389
1288 937 -113 550 -49 1389
1291 938 -113 550 -49 1386
1293 938 -113 550 -49 1386
1293 936 -113 550 -49 1389
1295 936 -113 550 -49 1389
1298 937 -113 550 -49 1389
1299 937 -113 551 -49 1386
1299 936 -114 551 -48 1389
1300 934 -113 551 -47 1389
1301 934 -113 551 -48 1389
1299 931 -113 550 -47 1392
1300 932 -113 550 -49 1392
1301 931 -113 550 -48 1389
1302 931 -113 550 -48 1389
1302 931 -113 550 -47 1392
1302 930 -113 550 -49 1392
1303 931 -113 550 -48 1395
1302 930 -113 550 -48 1392
1303 932 -113 550 -48 1392
1304 932 -113 550 -47 1392
1305 934 -113 550 -48 1389
1304 933 -113 550 -48 1392
1303 933 -113 550 -49 1392
1305 936 -113 551 -48 1392
1305 936 -113 550 -48 1392
1305 937 -113 551 -48 1392
1304 938 -113 551 -47 1392
1301 941 -113 551 -48 1392
1284 953 -113 549 -50 1392
1248 969 -114 549 -48 1389
1194 986 -111 550 -50 1392
1163 981 -109 549 -50 1395
1150 976 -108 550 -49 1392
1139 967 -107 550 -49 1395
1134 960 -107 550 -49 1395
1131 955 -106 550 -49 1395
1131 953 -106 550 -50 1395
1129 950 -106 550 -49 1395
1128 947 -106 550 -50 1398
1127 944 -106 550 -50 1398
1128 945 -106 550 -50 1398
1128 944 -106 550 -50 1395
1129 944 -106 550 -50 1395
1129 944 -106 550 -50 1395
1130 944 -106 550 -50 1395
1131 944 -106 550 -50 1392
1129 943 -106 550 -50 1395
1129 942 -105 550 -50 1395
1129 941 -105 550 -50 1395
1128 941 -105 550 -50 1395
1129 942 -105 550 -50 1392
166 125 -6 20 -17 1392
1 -11 -1 -4 -17 490
1 -11 0 -5 -16 403
1 -11 0 -5 -16 394
1 -11 0 -5 -16 394
1 -11 -1 -5 -17 394
1 -11 -1 -5 -17 394
1 -11 -1 -5 -17 394
1 -11 -1 -5 -17 394
