1 -11 -1 -6 -19 70
1 -11 0 -5 -18 26
1 -11 0 -5 -18 13
1 -12 -1 -5 -18 6
1 -11 -1 -6 -19 6
1 -11 -1 -6 -19 6
1 -12 -1 -6 -19 6
1 -11 -1 -6 -19 6
1 -11 -1 -6 -19 3
1 -11 -1 -6 -19 3
1 -11 -1 -6 -19 634
1 -11 -1 -6 -19 480
1 -11 -1 -6 -19 1395
1 -11 -1 -6 -19 1878
1 -12 -1 -6 -19 2160
1 -12 -1 -6 -19 2310
1 -12 -1 -6 -19 2387
1 -11 -1 -6 -19 2394
2047 804 -78 604 49 2467
2047 936 -51 603 -40 2426
2047 865 -33 602 -50 2406
2047 755 -28 602 -50 2403
2047 674 -26 603 -50 2400
2047 597 -24 603 -49 2400
2047 552 -23 603 -50 2403
2047 511 -22 603 -50 2400
2047 488 -21 603 -50 2397
2047 469 -21 603 -50 2394
2047 448 -20 603 -50 2397
2046 435 -20 603 -50 2400
2013 420 -20 603 -50 2400
1992 410 -19 603 -50 2400
2 -11 0 -5 -19 883
1 -11 -1 -5 -19 115
1 -11 0 -5 -19 64
1 -11 -1 -5 -18 38
1 -11 0 -5 -18 26
1 -12 0 -5 -18 19
1 -11 0 -5 -18 16
1 -11 -1 -5 -18 13
1 -11 0 -5 -18 10
1 -11 0 -5 -18 621
1 -12 -1 -5 -18 800
1 -11 -1 -5 -19 1085
1 -11 0 -5 -18 1267
1 -11 0 -5 -19 1350
1 -12 0 -6 -19 1373
1 -11 0 -6 -20 1386
981 642 -48 552 68 1386
1128 780 -93 552 -4 1386
1209 909 -105 548 -46 1386
1213 923 -106 549 -45 1386
1216 931 -107 550 -45 1389
1220 937 -107 550 -44 1389
1230 949 -108 543 -80 1392
1240 961 -110 546 -79 1392
1246 968 -110 547 -78 1389
1251 972 -111 549 -76 1392
1258 976 -112 549 -77 1392
1261 974 -112 548 -81 1392
1267 975 -113 549 -81 1392
1270 973 -113 549 -81 1392
1275 973 -113 549 -80 1389
1277 971 -114 549 -80 1389
1280 969 -114 549 -81 1389
1283 967 -114 549 -80 1389
1285 965 -114 549 -81 1389
1287 962 -114 550 -80 1392
1288 960 -114 550 -80 1392
1291 960 -114 549 -81 1392
1294 959 -114 550 -81 1389
1296 958 -114 549 -81 1392
1298 957 -114 550 -81 1392
1302 958 -114 550 -81 1392
1304 957 -114 550 -81 1392
1305 956 -114 550 -81 1389
1307 955 -114 549 -81 1392
1308 953 -115 549 -81 1392
1311 954 -115 549 -81 1392
1312 953 -115 549 -81 1392
1314 953 -115 549 -82 1392
1316 954 -115 550 -81 1392
1319 955 -115 550 -81 1389
1320 954 -115 550 -81 1389
1320 952 -115 550 -82 1392
1321 952 -115 550 -82 1392
1320 949 -115 550 -81 1395
1322 951 -115 550 -80 1392
1324 952 -115 550 -81 1392
1324 953 -115 550 -81 1392
1324 952 -115 550 -81 1392
1324 952 -115 550 -81 1395
1325 954 -115 550 -81 1392
1325 954 -115 550 -81 1392
1326 955 -115 550 -81 1392
1326 957 -115 550 -82 1392
1326 958 -115 550 -81 1392
1325 958 -115 550 -82 1389
1325 961 -116 550 -82 1392
1324 963 -115 550 -82 1392
1320 969 -115 550 -83 1392
1300 982 -115 550 -83 1392
1244 1000 -113 549 -82 1395
1194 999 -110 550 -82 1392
1170 997 -109 550 -83 1395
1156 990 -108 549 -83 1395
1150 984 -108 550 -83 1395
1148 979 -108 550 -82 1395
1146 975 -108 549 -82 1392
1146 974 -108 549 -83 1392
1146 973 -108 549 -83 1392
1146 972 -108 549 -84 1389
1146 971 -108 549 -83 1389
1145 969 -107 549 -83 1389
1144 968 -107 549 -84 1389
1144 967 -107 550 -83 1392
1144 966 -107 550 -83 1392
1145 968 -107 549 -84 1392
1145 966 -107 550 -83 1392
1145 966 -107 549 -83 1392
1145 966 -107 549 -84 1392
1144 966 -107 549 -84 1392
1144 966 -107 549 -84 1392
166 126 -6 19 -19 1392
1 -11 0 -5 -19 486
1 -11 -1 -5 -19 403
1 -11 -1 -5 -19 394
1 -11 -1 -5 -19 394
1 -11 0 -5 -19 394
1 -12 0 -5 -19 394
1 -11 0 -5 -19 394
1 -12 0 -5 -19 394
