1 -11 -1 -6 -19 70
1 -11 0 -5 -18 26
1 -11 -1 -5 -18 10
1 -11 -1 -5 -18 6
1 -11 0 -5 -19 6
1 -11 0 -6 -19 6
1 -12 -1 -6 -19 6
1 -11 0 -6 -19 3
1 -11 0 -6 -19 3
1 -11 0 -5 -19 3
1 -11 0 -6 -19 630
1 -12 0 -6 -19 477
1 -11 -1 -6 -18 1539
1 -12 -1 -6 -18 1850
1 -11 0 -5 -18 2122
1 -12 0 -6 -19 2237
1 -12 -1 -6 -19 2304
1 -11 -1 -5 -19 2339
1 -12 -1 -6 -18 2362
1 -12 0 -5 -18 2394
1 -12 -1 -5 -18 2397
1 -12 -1 -5 -18 2397
2047 905 -58 605 -30 2448
2047 978 -43 602 -85 2410
2047 847 -32 602 -84 2403
2047 713 -27 602 -84 2397
2047 638 -25 602 -85 2397
2047 573 -23 602 -85 2394
2047 535 -22 603 -85 2397
2047 505 -22 602 -85 2397
2047 479 -21 603 -85 2394
2047 461 -21 603 -85 2397
2047 442 -20 603 -85 2397
2041 430 -20 603 -85 2397
2017 419 -19 603 -85 2397
33 -5 -1 -3 -18 2323
2 -11 0 -5 -19 256
1 -11 0 -5 -18 83
1 -11 0 -5 -18 51
1 -11 -1 -5 -18 35
1 -11 0 -5 -18 22
1 -11 -1 -5 -18 19
1 -11 -1 -5 -18 13
1 -11 -1 -5 -18 13
1 -11 -1 -5 -18 10
1 -11 0 -5 -18 611
1 -12 0 -5 -18 800
1 -12 -1 -6 -20 1203
1 -12 -1 -5 -19 1296
1 -11 -1 -5 -17 1344
1 -12 0 -5 -17 1382
1 -11 0 -5 -17 1382
564 405 24 485 263 1389
1066 701 -73 558 45 1389
1226 902 -107 548 -82 1386
1236 932 -106 549 -82 1389
1239 941 -107 549 -80 1389
1246 952 -108 550 -81 1392
1252 961 -108 549 -83 1392
1257 968 -109 549 -83 1392
1264 976 -109 550 -83 1389
1267 979 -110 550 -82 1389
1272 980 -110 550 -82 1389
1274 979 -110 551 -81 1392
1278 979 -111 550 -81 1389
1281 978 -111 551 -82 1389
1285 977 -111 550 -82 1389
1288 974 -111 550 -82 1389
1290 972 -112 551 -82 1389
1292 969 -112 551 -82 1392
1295 967 -112 551 -81 1389
1297 966 -112 551 -81 1389
1300 965 -112 551 -81 1392
1304 965 -112 552 -81 1389
1304 962 -113 552 -81 1389
1308 962 -113 552 -81 1389
1306 958 -112 551 -81 1389
1309 958 -113 550 -81 1392
1311 957 -112 550 -81 1392
1313 957 -113 550 -82 1389
1316 956 -113 550 -81 1392
1319 958 -113 550 -82 1392
1320 957 -113 550 -82 1389
1323 958 -113 550 -81 1389
1324 957 -114 550 -82 1389
1325 956 -114 550 -82 1392
1326 956 -113 550 -82 1392
1327 955 -114 551 -81 1389
1328 954 -114 551 -81 1395
1329 954 -114 551 -81 1392
1331 955 -114 551 -81 1389
1332 955 -114 551 -81 1392
1333 956 -114 551 -81 1392
1333 956 -114 551 -81 1392
1334 957 -114 551 -81 1392
1334 956 -114 551 -81 1392
1334 957 -114 551 -82 1392
1334 957 -114 551 -81 1392
1334 958 -114 551 -81 1392
1334 960 -114 551 -81 1392
1332 958 -114 551 -82 1392
1333 960 -114 551 -82 1392
1332 960 -114 551 -81 1392
1331 962 -114 551 -81 1392
1325 970 -114 551 -82 1389
1295 986 -113 550 -83 1392
1247 995 -112 551 -80 1392
1200 1001 -110 550 -83 1392
1178 999 -109 550 -83 1392
1163 990 -109 550 -83 1392
1149 977 -108 550 -83 1392
1144 972 -107 551 -82 1392
1140 964 -107 551 -82 1392
1138 961 -107 550 -82 1392
1137 960 -106 551 -82 1392
1137 958 -107 551 -82 1392
1136 956 -106 551 -82 1395
1136 956 -106 551 -83 1392
1138 957 -106 551 -82 1389
1138 956 -106 551 -82 1389
1137 954 -106 551 -83 1389
1136 953 -106 551 -83 1392
1136 952 -106 551 -83 1392
1135 952 -106 551 -83 1392
1136 952 -106 551 -83 1392
1136 952 -106 551 -83 1392
1136 952 -106 551 -82 1392
4 -9 -1 -4 -19 973
1 -11 -1 -5 -19 432
1 -11 -1 -5 -19 400
1 -12 0 -5 -19 394
1 -12 -1 -5 -19 394
1 -11 -1 -5 -19 394
1 -11 -1 -5 -19 394
1 -11 -1 -5 -19 394
1 -12 0 -5 -19 394
