2 -11 0 2 21 70
2 -12 -1 2 21 22
2 -12 0 2 21 10
2 -12 -1 2 21 10
2 -12 -1 2 21 6
2 -12 -1 2 21 3
2 -11 0 2 21 3
2 -11 -1 2 21 3
2 -12 -1 2 21 3
2 -11 -1 2 21 3
2 -12 -2 2 21 621
2 -12 -1 2 21 499
1 -12 -1 2 21 1590
1 -11 0 2 21 1866
1 -12 0 2 21 2205
1 -12 -1 2 21 2285
1 -12 0 2 21 2368
2 -12 -1 2 21 2400
2 -11 -1 2 21 2400
2047 711 -96 601 80 2454
2047 968 -67 604 -50 2397
2047 916 -53 602 -66 2397
2047 808 -46 602 -68 2397
2047 734 -43 602 -69 2397
2047 676 -42 602 -67 2394
2047 620 -39 602 -69 2397
2047 585 -38 603 -69 2403
2047 553 -37 604 -68 2397
2047 530 -36 603 -68 2400
2047 511 -36 602 -72 2397
2047 493 -35 603 -68 2406
2047 479 -35 602 -69 2403
300 56 0 28 22 2394
3 -11 0 3 22 419
2 -11 -1 2 21 115
2 -12 0 2 21 54
2 -12 0 2 21 35
2 -12 0 2 21 26
2 -11 -1 2 21 19
2 -12 -1 2 21 13
2 -12 0 2 21 10
2 -11 0 2 21 10
2 -12 0 2 21 592
2 -12 0 2 21 765
2 -12 0 2 21 1046
2 -12 -1 2 21 1206
2 -12 -1 2 21 1328
2 -12 -1 1 18 1386
2 -12 -1 1 20 1392
1 -11 -1 2 22 1389
1007 626 -64 562 125 1386
1172 823 -101 549 -44 1389
1194 871 -103 548 -62 1386
1189 884 -103 549 -63 1386
1194 895 -104 549 -67 1392
1206 911 -105 550 -64 1389
1212 919 -106 550 -64 1386
1214 919 -106 549 -65 1389
1219 922 -106 551 -63 1392
1223 923 -107 550 -64 1392
1229 926 -107 550 -65 1389
1231 925 -108 550 -66 1386
1230 918 -107 550 -66 1389
1233 917 -108 550 -66 1389
1235 914 -108 550 -67 1389
1237 911 -108 550 -67 1389
1245 913 -109 550 -67 1389
1249 913 -109 550 -68 1389
1252 912 -109 551 -67 1389
1257 910 -110 551 -66 1389
1260 908 -110 550 -67 1389
1261 905 -110 550 -67 1389
1265 907 -110 551 -68 1392
1266 904 -110 551 -68 1386
1269 904 -111 552 -66 1389
1272 904 -111 552 -66 1386
1270 899 -111 550 -68 1389
1271 898 -111 550 -67 1389
1272 897 -110 550 -66 1389
1274 897 -110 550 -67 1392
1275 898 -111 549 -69 1389
1276 896 -111 549 -68 1389
1277 896 -111 550 -68 1389
1276 893 -111 550 -68 1389
1278 895 -111 549 -69 1389
1278 894 -111 549 -68 1389
1279 893 -111 550 -67 1386
1275 891 -111 550 -66 1389
1284 898 -111 550 -66 1389
1282 896 -112 551 -66 1389
1284 900 -112 550 -67 1386
1283 899 -112 551 -67 1386
1281 897 -111 551 -67 1389
1280 898 -111 551 -66 1389
1281 898 -112 551 -66 1386
1278 896 -111 551 -67 1392
1278 898 -111 550 -67 1395
1278 898 -111 550 -68 1392
1279 902 -112 551 -67 1389
1274 900 -111 550 -67 1392
1266 907 -111 550 -69 1392
1239 929 -110 549 -69 1395
1200 945 -109 551 -66 1392
1160 955 -108 551 -67 1392
1118 948 -106 550 -67 1398
1104 943 -106 551 -66 1395
1098 942 -106 551 -66 1392
1096 940 -107 551 -66 1392
1093 937 -106 551 -66 1392
1095 938 -107 551 -66 1389
1093 935 -107 550 -67 1392
1091 933 -106 551 -67 1392
1092 932 -107 550 -67 1392
1090 929 -106 551 -67 1395
1088 926 -106 550 -68 1398
1090 927 -106 551 -68 1392
1092 928 -107 550 -67 1392
1086 920 -106 551 -67 1395
1088 922 -106 550 -68 1395
1092 925 -107 550 -67 1392
1094 927 -107 550 -67 1389
1097 929 -108 550 -67 1389
1097 929 -108 551 -67 1386
20 4 -2 4 21 1354
2 -11 -1 2 21 445
2 -12 -1 2 21 397
2 -11 -1 2 21 390
2 -11 -1 3 21 390
2 -12 -1 2 21 390
2 -12 -1 2 21 390
2 -12 -1 2 21 390
2 -12 -1 2 21 390
