1 -11 0 -5 -18 42
1 -11 -1 -5 -18 16
1 -11 -1 -5 -18 10
1 -11 0 -5 -18 6
1 -11 -1 -5 -18 6
1 -11 -1 -5 -18 6
1 -11 0 -6 -18 6
1 -11 0 -5 -18 6
1 -11 -1 -5 -18 3
1 -11 0 -5 -18 3
1 -12 -1 -5 -18 643
1 -12 -1 -5 -18 486
1 -12 -1 -5 -18 1530
1 -12 -1 -5 -18 1824
1 -12 -1 -5 -18 2128
1 -11 -1 -5 -18 2205
1 -11 0 -5 -18 2240
1 -11 0 -5 -18 2269
1 -12 0 -5 -18 2301
1 -11 0 -5 -18 2330
1 -11 0 -5 -18 2365
1 -12 0 -5 -18 2394
1 -12 0 -5 -18 2397
593 145 -25 556 601 2397
2047 925 -58 605 -27 2445
2047 964 -39 601 -86 2403
2047 838 -31 602 -87 2400
2047 713 -27 602 -87 2400
2047 642 -24 602 -86 2400
2047 590 -23 602 -87 2400
2047 543 -22 602 -87 2400
2047 515 -22 602 -87 2400
2047 487 -21 603 -87 2403
2047 469 -21 603 -87 2400
2047 455 -20 603 -87 2400
2047 439 -20 603 -88 2400
2047 429 -20 603 -87 2397
6 -11 0 -4 -17 1741
1 -11 -1 -5 -17 182
1 -11 0 -5 -17 83
1 -11 -1 -5 -17 45
1 -11 -1 -5 -17 32
1 -11 0 -5 -17 22
1 -11 0 -5 -17 16
1 -11 0 -5 -17 13
1 -11 0 -5 -17 10
1 -11 0 -5 -17 10
1 -11 -1 -5 -17 707
1 -11 0 -5 -17 1014
1 -11 -1 -6 -19 1165
1 -12 -1 -5 -17 1338
1 -12 -1 -5 -16 1357
1 -11 -1 -4 -16 1386
1 -11 -1 -4 -16 1382
561 402 24 485 268 1386
1112 746 -82 554 -5 1389
1230 909 -104 547 -85 1392
1235 930 -105 549 -84 1392
1238 938 -106 549 -83 1392
1245 948 -107 549 -83 1389
1251 959 -107 549 -85 1392
1256 965 -108 549 -85 1392
1261 971 -109 550 -84 1392
1265 974 -109 550 -85 1392
1267 973 -109 550 -85 1392
1271 974 -110 550 -84 1392
1275 973 -110 550 -84 1389
1278 971 -110 550 -85 1389
1281 969 -110 550 -85 1389
1285 968 -111 550 -85 1389
1288 965 -111 550 -84 1389
1290 963 -111 550 -84 1389
1293 961 -111 550 -84 1389
1296 960 -111 551 -81 1392
1297 958 -111 551 -83 1389
1301 958 -112 551 -84 1389
1304 957 -112 551 -84 1389
1306 956 -112 551 -84 1392
1308 955 -112 551 -84 1392
1311 954 -112 551 -84 1389
1313 953 -112 551 -84 1389
1314 953 -113 551 -84 1389
1317 952 -113 551 -84 1389
1318 952 -113 551 -84 1392
1320 951 -113 551 -84 1392
1321 950 -113 551 -84 1392
1324 951 -113 551 -84 1389
1325 950 -113 551 -84 1389
1325 948 -113 552 -84 1392
1325 947 -113 550 -85 1392
1326 947 -113 550 -84 1392
1329 948 -113 550 -84 1389
1330 948 -113 550 -84 1389
1330 948 -113 550 -84 1389
1332 948 -113 550 -84 1389
1332 948 -113 550 -84 1392
1331 946 -113 551 -82 1392
1330 946 -113 551 -84 1392
1330 947 -113 551 -85 1392
1331 948 -113 550 -84 1392
1330 948 -113 551 -85 1392
1330 948 -113 551 -85 1392
1330 949 -113 551 -84 1392
1329 949 -113 551 -85 1392
1329 950 -113 550 -85 1395
1328 953 -113 550 -86 1392
1321 959 -113 551 -85 1392
1291 975 -113 550 -86 1389
1241 981 -110 550 -83 1392
1201 986 -109 550 -84 1392
1165 973 -107 550 -86 1392
1152 972 -107 550 -84 1395
1140 962 -106 550 -85 1392
1135 956 -106 550 -85 1392
1132 953 -106 550 -84 1392
1132 950 -106 550 -84 1392
1131 949 -106 551 -84 1392
1130 948 -106 550 -85 1389
1129 946 -106 551 -84 1392
1129 946 -106 551 -82 1392
1131 946 -106 550 -85 1392
1131 946 -106 550 -85 1389
1130 945 -106 550 -85 1392
1130 945 -106 550 -85 1389
1129 944 -106 550 -85 1392
1129 944 -106 550 -86 1392
1128 943 -105 550 -86 1392
1130 944 -105 550 -85 1392
1130 944 -105 550 -86 1392
4 -9 0 -4 -19 998
1 -11 -1 -5 -18 419
1 -11 0 -5 -18 397
1 -11 -1 -5 -18 394
1 -11 -1 -5 -18 394
1 -11 -1 -5 -18 394
1 -11 0 -5 -18 394
1 -11 -1 -5 -18 394
1 -11 -1 -5 -18 394
