1 -12 -1 -5 -19 70
1 -12 -1 -6 -19 19
1 -11 -1 -6 -19 10
1 -11 -1 -6 -19 6
1 -11 -1 -5 -19 6
1 -11 -1 -5 -19 6
1 -11 -1 -6 -19 3
1 -11 -1 -6 -19 3
1 -12 0 -6 -19 3
1 -11 -1 -6 -19 3
1 -12 -1 -6 -19 630
1 -12 0 -6 -19 486
1 -12 0 -6 -19 1539
1 -12 -1 -6 -19 1856
1 -12 0 -6 -19 2157
1 -12 0 -6 -19 2202
1 -12 -1 -6 -19 2253
1 -12 0 -6 -19 2285
1 -11 -1 -6 -19 2317
1 -12 0 -6 -19 2342
1 -11 -1 -6 -19 2371
1 -12 -1 -6 -19 2406
655 167 -26 554 528 2406
2047 883 -57 605 -14 2448
2047 940 -39 602 -86 2406
2047 818 -31 603 -87 2403
2047 695 -26 603 -87 2403
2047 625 -24 603 -87 2403
2047 573 -23 603 -87 2403
2047 525 -22 603 -88 2403
2047 498 -21 603 -87 2406
2047 472 -21 604 -87 2403
2047 455 -20 603 -87 2403
2047 440 -20 602 -87 2400
2030 425 -20 603 -87 2400
2009 415 -19 602 -88 2397
33 -5 0 -3 -18 2317
1 -11 -1 -5 -19 186
1 -11 -1 -5 -18 83
1 -11 0 -5 -18 45
1 -11 -1 -5 -18 32
1 -12 0 -5 -18 22
1 -12 -1 -5 -18 16
1 -11 -2 -5 -19 13
1 -12 -1 -5 -19 10
1 -12 -1 -5 -19 10
1 -12 0 -6 -19 704
1 -12 0 -6 -20 1037
1 -12 -1 -5 -19 1171
1 -11 -1 -5 -17 1331
1 -11 -1 -5 -17 1360
1 -11 -1 -5 -17 1382
1 -12 -1 -5 -17 1386
551 396 26 484 299 1386
1116 749 -82 552 -8 1386
1231 906 -103 547 -83 1389
1235 926 -105 549 -82 1389
1240 935 -105 549 -82 1389
1245 943 -106 548 -85 1389
1254 954 -107 550 -83 1392
1260 961 -108 550 -84 1392
1263 965 -108 550 -84 1392
1268 968 -108 551 -84 1392
1270 968 -109 551 -82 1392
1273 967 -109 551 -83 1395
1274 963 -109 551 -84 1395
1278 963 -109 551 -83 1395
1282 962 -110 551 -84 1395
1285 961 -110 551 -84 1395
1289 960 -110 551 -83 1395
1292 958 -111 551 -84 1395
1294 956 -111 552 -83 1392
1297 956 -111 551 -83 1392
1299 954 -111 551 -83 1392
1302 954 -112 552 -83 1392
1303 952 -111 550 -84 1392
1305 951 -111 550 -84 1392
1308 950 -112 550 -84 1392
1310 950 -112 550 -84 1392
1312 949 -112 550 -84 1389
1314 949 -112 550 -84 1392
1316 949 -112 550 -84 1392
1318 948 -112 550 -84 1389
1320 948 -112 551 -84 1392
1321 947 -112 551 -84 1392
1322 946 -112 551 -84 1392
1324 947 -112 551 -83 1392
1327 948 -113 551 -83 1389
1328 948 -113 551 -83 1389
1329 948 -113 551 -83 1389
1332 949 -113 551 -83 1389
1333 950 -113 552 -83 1389
1331 948 -113 550 -83 1389
1332 949 -113 550 -82 1386
1331 948 -113 550 -83 1386
1332 949 -113 550 -83 1389
1331 949 -113 551 -83 1389
1333 952 -113 551 -82 1389
1333 952 -113 550 -83 1386
1333 953 -113 552 -80 1386
1332 953 -113 550 -83 1386
1331 952 -113 550 -83 1389
1330 954 -113 550 -84 1389
1328 957 -113 551 -84 1386
1309 970 -112 550 -84 1389
1271 984 -112 550 -83 1389
1211 993 -109 549 -85 1392
1184 993 -109 550 -84 1392
1165 986 -108 550 -84 1392
1149 976 -107 550 -84 1392
1139 965 -106 550 -85 1389
1135 960 -106 550 -85 1386
1134 958 -106 550 -85 1386
1132 955 -106 550 -84 1389
1130 952 -105 550 -85 1389
1132 951 -105 550 -84 1392
1131 950 -105 550 -84 1389
1131 950 -105 550 -85 1389
1130 948 -105 549 -85 1392
1130 948 -105 550 -85 1392
1130 947 -105 550 -85 1389
1130 946 -104 550 -85 1392
1130 947 -104 550 -85 1392
1129 946 -105 550 -85 1392
1130 946 -104 550 -85 1392
19 5 -2 -3 -19 1363
1 -11 0 -5 -19 432
1 -11 0 -5 -19 400
1 -11 -2 -5 -18 394
1 -11 0 -5 -19 394
1 -12 0 -5 -18 394
1 -12 0 -5 -19 394
1 -12 0 -5 -18 394
1 -11 0 -5 -18 394
