1 -11 0 -5 -19 32
1 -11 -1 -5 -18 13
1 -11 0 -5 -18 6
1 -11 -1 -5 -19 6
1 -11 0 -5 -18 6
1 -11 -1 -5 -18 3
1 -11 0 -5 -19 3
1 -11 -1 -5 -19 3
1 -11 0 -5 -18 3
1 -11 -1 -5 -18 3
1 -11 0 -5 -18 646
1 -11 0 -5 -18 480
1 -11 0 -5 -18 1526
1 -11 0 -5 -18 1840
1 -12 0 -5 -18 2163
1 -11 -1 -5 -18 2227
1 -11 0 -5 -18 2365
1 -12 -1 -5 -18 2394
2047 847 -61 606 39 2464
2047 965 -42 602 -46 2400
2047 841 -30 602 -46 2400
2047 713 -25 602 -47 2400
2047 637 -23 602 -48 2397
2047 582 -22 603 -47 2400
2047 533 -21 603 -47 2400
2047 504 -20 603 -48 2400
2047 477 -20 603 -47 2400
2047 459 -19 603 -47 2400
2047 444 -19 603 -48 2397
2046 427 -18 602 -48 2400
2021 416 -18 603 -46 2400
33 -5 -1 -3 -18 2323
1 -11 -1 -5 -18 256
1 -11 -1 -5 -18 96
1 -11 -1 -5 -18 51
1 -11 -1 -5 -18 35
1 -11 -1 -5 -18 22
1 -11 -1 -5 -18 16
1 -11 0 -5 -18 13
1 -11 -1 -5 -18 10
1 -11 -1 -5 -19 10
1 -11 0 -5 -18 611
1 -11 0 -5 -18 800
1 -12 -1 -5 -19 1088
1 -11 -1 -5 -18 1232
1 -11 0 -5 -18 1347
1 -11 0 -5 -18 1373
1 -12 -1 -6 -21 1386
1 -11 -1 -6 -19 1389
1046 684 -67 558 94 1382
1210 890 -102 547 -42 1389
1210 921 -103 548 -43 1389
1214 936 -103 549 -44 1389
1219 946 -104 549 -44 1389
1225 956 -105 548 -48 1389
1229 964 -105 550 -46 1392
1234 970 -106 550 -46 1392
1236 973 -106 551 -44 1392
1240 974 -106 551 -44 1392
1244 975 -107 550 -47 1392
1247 974 -107 551 -45 1392
1249 970 -108 551 -46 1395
1250 967 -108 551 -46 1395
1255 968 -108 551 -45 1395
1258 966 -108 552 -45 1392
1259 963 -108 550 -46 1392
1262 962 -108 551 -45 1392
1264 960 -108 550 -46 1389
1266 960 -108 550 -47 1392
1268 957 -108 551 -46 1392
1270 956 -108 551 -46 1392
1276 960 -108 550 -47 1392
1279 960 -109 551 -46 1389
1280 960 -109 551 -46 1389
1282 958 -109 551 -46 1392
1283 957 -109 551 -46 1392
1286 958 -109 551 -46 1392
1290 960 -109 551 -46 1389
1292 960 -109 551 -46 1386
1293 959 -109 551 -46 1389
1293 957 -110 551 -46 1389
1296 958 -109 552 -46 1389
1294 955 -109 550 -46 1392
1296 956 -109 551 -46 1389
1296 955 -109 551 -45 1392
1297 954 -109 551 -45 1392
1298 954 -109 551 -45 1392
1298 954 -109 551 -45 1392
1300 954 -109 551 -46 1392
1300 954 -109 551 -45 1392
1299 953 -109 551 -46 1392
1300 953 -109 551 -45 1392
1300 954 -109 551 -45 1392
1300 955 -109 551 -45 1392
1301 957 -109 551 -45 1392
1300 956 -109 551 -45 1392
1301 958 -109 551 -45 1392
1301 960 -110 551 -45 1389
1301 960 -110 551 -45 1389
1300 961 -110 551 -45 1392
1300 962 -110 551 -45 1389
1293 966 -109 551 -46 1392
1277 975 -109 550 -47 1389
1241 988 -108 550 -46 1389
1192 997 -106 550 -47 1389
1162 991 -104 550 -47 1392
1144 988 -103 551 -46 1392
1136 983 -102 550 -47 1389
1133 979 -102 550 -47 1389
1131 974 -102 550 -47 1389
1130 971 -102 550 -47 1389
1130 969 -102 550 -47 1389
1129 967 -102 551 -47 1389
1129 965 -101 551 -47 1389
1129 965 -101 550 -47 1389
1128 963 -101 550 -47 1389
1128 962 -101 550 -47 1389
1128 961 -101 551 -47 1389
1128 961 -100 551 -47 1389
1128 961 -101 551 -47 1389
1128 960 -101 551 -47 1389
1127 959 -101 551 -47 1392
1126 958 -100 551 -47 1392
1126 958 -100 551 -47 1392
3 -9 -1 -4 -19 1005
1 -11 0 -5 -19 432
1 -11 0 -5 -18 397
1 -11 0 -5 -18 394
1 -11 -1 -5 -19 394
1 -11 0 -5 -18 394
1 -11 0 -5 -19 394
1 -11 0 -5 -19 394
1 -11 0 -5 -18 394
