1 -11 0 -5 -19 70
1 -11 0 -5 -19 19
1 -11 -1 -5 -18 10
1 -11 -1 -5 -19 6
1 -11 0 -5 -19 6
1 -11 -1 -5 -19 6
1 -11 -1 -5 -18 6
1 -11 -1 -5 -19 3
1 -11 -1 -5 -18 3
1 -11 0 -5 -19 3
1 -12 -1 -5 -18 637
1 -12 0 -5 -19 486
1 -12 0 -5 -19 1526
1 -11 -1 -5 -19 1846
1 -12 -1 -5 -19 2173
1 -11 -1 -5 -19 2227
1 -12 0 -5 -18 2285
1 -12 -1 -5 -19 2314
1 -12 0 -5 -19 2342
1 -12 -1 -5 -18 2384
1 -12 -1 -5 -19 2397
386 88 -17 562 828 2400
2047 874 -55 606 8 2448
2047 961 -42 602 -48 2413
2047 809 -28 601 -47 2403
2047 709 -25 601 -48 2403
2047 617 -23 601 -49 2403
2047 568 -22 603 -47 2403
2047 531 -21 604 -47 2400
2047 495 -20 603 -47 2400
2047 473 -19 602 -48 2403
2047 450 -19 602 -48 2406
2047 435 -19 602 -48 2406
2034 421 -18 603 -47 2403
2014 411 -18 603 -48 2400
33 -5 0 -3 -19 2326
1 -11 -1 -5 -19 182
1 -11 -1 -5 -19 83
1 -11 0 -5 -19 51
1 -11 0 -5 -19 32
1 -11 -1 -5 -19 22
1 -11 0 -5 -19 16
1 -11 -1 -6 -19 13
1 -11 0 -5 -19 10
1 -11 -1 -5 -19 10
1 -12 0 -5 -19 611
1 -11 -1 -5 -19 1014
1 -11 -1 -6 -21 1165
1 -11 -2 -6 -20 1325
1 -11 -1 -5 -17 1366
1 -12 0 -5 -17 1386
546 392 31 484 305 1386
1046 688 -67 557 86 1386
1210 893 -101 547 -42 1386
1213 925 -103 547 -47 1386
1217 940 -104 548 -47 1386
1224 952 -104 549 -46 1386
1227 960 -105 550 -43 1386
1230 966 -105 550 -44 1386
1236 973 -107 549 -46 1386
1240 978 -107 550 -46 1382
1242 978 -107 549 -47 1382
1244 976 -107 550 -46 1386
1246 974 -107 550 -46 1386
1249 972 -108 550 -46 1389
1252 970 -108 550 -46 1389
1254 968 -108 550 -46 1389
1256 964 -108 550 -46 1392
1260 964 -108 550 -46 1392
1262 962 -108 550 -46 1389
1265 961 -108 550 -46 1389
1271 963 -108 551 -45 1392
1273 962 -108 551 -46 1389
1277 962 -108 551 -46 1389
1278 960 -108 551 -46 1389
1280 959 -108 551 -45 1392
1281 957 -108 551 -46 1392
1283 957 -108 551 -46 1389
1285 956 -108 551 -46 1392
1286 955 -108 551 -45 1392
1289 956 -108 551 -45 1389
1291 956 -109 551 -45 1389
1292 955 -109 552 -46 1389
1293 954 -109 551 -46 1389
1296 955 -109 551 -46 1392
1295 952 -109 551 -46 1392
1296 952 -109 551 -46 1392
1298 952 -109 551 -46 1392
1300 954 -110 551 -46 1389
1299 951 -109 552 -46 1392
1298 949 -109 550 -46 1392
1299 949 -109 550 -45 1392
1300 950 -109 550 -46 1392
1299 949 -109 550 -46 1392
1298 948 -109 550 -46 1395
1300 950 -109 550 -46 1392
1299 949 -109 551 -45 1395
1300 951 -109 551 -46 1392
1300 951 -109 551 -45 1392
1300 952 -109 551 -46 1392
1299 952 -109 551 -45 1392
1300 954 -109 551 -46 1392
1300 955 -109 551 -46 1392
1297 954 -109 551 -46 1392
1295 956 -109 550 -46 1395
1278 968 -108 550 -47 1392
1235 976 -107 550 -45 1392
1190 986 -105 550 -44 1392
1157 987 -103 550 -46 1392
1143 983 -102 550 -47 1392
1134 976 -101 550 -46 1392
1130 972 -100 550 -47 1392
1131 970 -100 551 -46 1389
1128 965 -100 550 -46 1392
1128 964 -100 550 -46 1389
1128 963 -100 550 -47 1389
1129 962 -100 550 -46 1389
1127 960 -100 551 -46 1392
1127 958 -100 550 -47 1392
1127 957 -100 550 -47 1392
1127 957 -100 550 -47 1389
1126 956 -100 550 -47 1392
1126 956 -100 550 -47 1392
1125 954 -100 550 -47 1392
1125 954 -100 550 -47 1392
1130 959 -100 551 -45 1389
1129 958 -100 551 -46 1389
4 -9 -1 -4 -19 973
1 -11 0 -5 -19 419
1 -11 0 -5 -19 397
1 -11 0 -5 -18 394
1 -11 0 -5 -19 394
1 -11 -1 -5 -19 394
1 -11 0 -5 -19 394
1 -11 0 -5 -19 394
1 -12 0 -5 -19 394
