2 -11 0 2 23 38
2 -11 -1 2 23 16
2 -11 -1 3 23 6
2 -11 -1 3 23 6
2 -11 0 2 23 6
2 -11 0 2 23 3
2 -11 -1 2 23 3
2 -11 -1 2 23 3
2 -11 -1 2 23 3
2 -11 0 2 23 3
2 -11 -1 2 23 640
2 -12 0 2 23 496
2 -11 0 2 23 1533
2 -11 -1 2 23 1859
2 -12 0 2 23 2173
2 -11 -1 2 23 2288
2 -12 0 2 23 2381
2 -11 0 2 24 2397
2 -12 0 2 24 2400
2042 715 -98 602 89 2448
2047 950 -63 605 -50 2394
2047 878 -49 604 -63 2394
2047 764 -42 603 -64 2397
2047 696 -39 602 -64 2400
2047 641 -38 603 -62 2403
2047 593 -36 603 -64 2397
2047 563 -35 603 -64 2403
2047 531 -34 602 -64 2403
2047 511 -33 603 -64 2403
2047 494 -33 603 -64 2403
2045 478 -32 603 -64 2403
2018 466 -32 604 -63 2397
285 53 0 29 24 2390
3 -11 0 3 24 422
2 -11 -1 3 23 115
2 -11 -1 3 24 54
2 -11 -1 3 24 38
2 -11 0 3 24 26
2 -11 -1 3 23 19
2 -11 -1 3 24 13
2 -11 -1 3 24 13
2 -11 0 2 24 10
2 -11 -1 3 24 595
2 -12 -1 3 24 752
2 -11 -1 2 24 1062
2 -11 -1 2 23 1242
2 -11 -1 2 24 1331
2 -11 -1 2 23 1386
2 -11 -1 3 23 1389
2 -12 0 2 21 1392
979 609 -62 561 121 1382
1107 756 -92 548 -46 1386
1121 786 -94 548 -59 1389
1124 801 -95 549 -60 1386
1124 809 -96 549 -62 1389
1130 820 -97 549 -66 1386
1131 823 -97 549 -66 1389
1136 829 -98 550 -64 1386
1141 834 -98 550 -64 1386
1146 838 -99 550 -63 1386
1150 839 -99 550 -63 1386
1151 838 -99 550 -63 1389
1153 836 -99 549 -66 1389
1158 837 -99 550 -65 1386
1160 835 -99 550 -64 1392
1164 834 -100 551 -64 1389
1167 833 -100 550 -65 1389
1168 829 -100 550 -66 1389
1171 828 -100 550 -66 1392
1174 828 -100 550 -66 1389
1172 821 -100 551 -65 1392
1175 822 -100 551 -64 1389
1178 821 -100 549 -69 1392
1180 820 -100 551 -64 1389
1180 817 -100 551 -64 1389
1179 814 -100 550 -65 1392
1182 814 -100 550 -66 1389
1183 813 -100 550 -64 1395
1184 811 -100 550 -64 1389
1185 811 -100 550 -64 1389
1184 808 -100 550 -66 1392
1185 807 -100 550 -64 1392
1186 807 -100 550 -66 1389
1187 807 -100 550 -66 1389
1187 805 -100 550 -66 1392
1188 806 -100 551 -64 1389
1189 805 -100 550 -66 1389
1189 804 -100 550 -66 1386
1189 804 -100 550 -66 1392
1189 804 -100 550 -65 1389
1188 804 -100 550 -66 1392
1188 805 -100 550 -66 1389
1190 806 -100 550 -67 1389
1195 810 -100 550 -67 1382
1192 807 -100 550 -66 1389
1194 810 -100 551 -65 1389
1195 811 -101 550 -66 1392
1193 810 -101 550 -66 1395
1192 809 -100 550 -67 1398
1193 813 -101 551 -64 1395
1191 812 -101 550 -67 1392
1190 812 -100 551 -66 1392
1188 812 -100 550 -66 1392
1183 814 -100 550 -67 1395
1175 825 -99 550 -67 1392
1149 847 -99 550 -66 1386
1118 872 -100 553 -58 1389
1092 906 -101 549 -63 1392
1071 902 -101 549 -64 1395
1064 900 -101 549 -63 1395
1065 902 -102 549 -63 1386
1064 902 -102 549 -64 1386
1064 901 -102 549 -63 1386
1061 897 -101 549 -64 1389
1058 895 -101 549 -64 1395
1057 893 -101 549 -64 1392
1059 894 -101 549 -64 1392
1058 893 -101 549 -64 1392
1058 892 -101 549 -63 1389
1057 890 -101 549 -64 1395
1057 889 -101 549 -64 1392
1056 888 -101 550 -63 1395
1059 890 -101 549 -64 1392
1056 887 -101 550 -63 1392
1056 885 -101 549 -64 1395
1055 884 -100 549 -64 1395
1056 885 -101 549 -64 1392
1056 884 -100 549 -64 1395
1056 884 -100 549 -64 1392
1059 887 -101 550 -64 1386
2 -11 0 3 22 621
2 -11 0 3 22 416
2 -11 0 2 22 394
2 -11 -1 3 23 390
2 -11 0 3 22 390
2 -11 0 2 22 390
2 -11 -1 2 22 390
2 -11 -1 2 22 390
2 -11 -1 2 22 390
