1 -11 0 -5 -19 51
1 -11 0 -5 -18 19
1 -12 -1 -6 -18 10
1 -11 0 -5 -19 6
1 -11 0 -5 -19 6
1 -11 -1 -5 -19 3
1 -11 0 -5 -19 3
1 -11 0 -6 -19 3
1 -11 -1 -5 -19 3
1 -11 0 -6 -19 3
1 -11 -1 -6 -19 637
1 -11 -1 -5 -19 483
1 -12 0 -6 -19 1526
1 -12 0 -5 -19 1853
1 -11 0 -6 -19 2202
1 -11 0 -6 -19 2275
1 -12 0 -6 -19 2333
1 -12 -1 -5 -19 2368
1 -11 0 -6 -19 2394
1 -12 0 -6 -19 2397
2047 857 -62 606 40 2448
2047 975 -45 602 -46 2413
2047 852 -30 603 -48 2400
2047 745 -26 603 -48 2400
2047 647 -23 603 -48 2400
2047 591 -22 603 -48 2400
2047 551 -21 603 -48 2397
2047 510 -20 602 -47 2397
2047 486 -19 603 -47 2394
2047 463 -19 603 -48 2397
2047 448 -19 603 -48 2397
2047 434 -18 603 -48 2397
2042 421 -18 603 -47 2394
287 47 1 21 -18 2387
2 -11 -1 -5 -19 250
1 -11 -1 -6 -19 96
1 -11 -1 -5 -19 58
1 -11 -1 -6 -19 32
1 -11 -1 -6 -19 22
1 -12 -1 -6 -19 16
1 -11 -1 -6 -19 13
1 -11 -1 -6 -19 10
1 -11 -1 -6 -19 10
1 -11 -1 -5 -19 592
1 -11 -1 -5 -19 803
1 -11 0 -6 -19 1120
1 -12 0 -6 -19 1184
1 -12 0 -5 -19 1286
1 -12 0 -6 -21 1312
1 -11 0 -6 -19 1344
1 -12 0 -5 -18 1366
1 -12 -1 -5 -17 1386
550 396 30 484 307 1386
1052 696 -67 557 81 1386
1216 908 -101 546 -46 1386
1217 932 -102 548 -45 1386
1220 946 -103 549 -45 1389
1221 953 -103 550 -44 1389
1226 960 -103 551 -43 1392
1230 966 -104 550 -45 1392
1234 973 -104 550 -45 1389
1237 975 -105 551 -45 1392
1242 979 -106 551 -45 1389
1248 981 -106 551 -46 1386
1251 981 -106 551 -45 1389
1252 977 -107 552 -45 1386
1254 975 -107 552 -46 1389
1258 974 -107 552 -45 1389
1259 971 -107 550 -46 1386
1261 968 -107 550 -46 1389
1262 965 -107 550 -46 1389
1264 964 -107 551 -46 1389
1268 963 -107 551 -45 1389
1270 963 -107 551 -45 1389
1273 961 -107 551 -44 1389
1274 961 -107 551 -45 1389
1276 960 -107 551 -45 1389
1278 958 -107 551 -45 1389
1280 958 -107 551 -45 1389
1284 960 -108 552 -44 1389
1285 960 -108 551 -44 1386
1283 956 -107 550 -45 1386
1285 955 -108 550 -44 1386
1287 955 -108 550 -45 1386
1288 955 -108 550 -45 1389
1290 955 -108 550 -45 1386
1291 955 -108 550 -45 1386
1293 954 -108 551 -44 1389
1292 952 -108 550 -45 1389
1292 950 -107 551 -44 1392
1292 949 -107 551 -44 1392
1294 950 -107 551 -44 1392
1296 951 -108 551 -44 1389
1296 951 -108 551 -44 1392
1297 951 -108 551 -44 1392
1298 952 -108 551 -44 1389
1298 952 -108 551 -44 1389
1296 950 -107 551 -44 1395
1296 950 -107 551 -44 1392
1296 950 -107 551 -44 1392
1297 952 -107 551 -44 1395
1297 952 -108 551 -45 1392
1297 953 -108 551 -45 1395
1297 953 -108 551 -45 1392
1294 952 -107 551 -45 1395
1292 952 -107 551 -45 1395
1286 957 -107 551 -46 1398
1255 966 -106 550 -45 1395
1214 982 -105 550 -46 1395
1167 985 -103 550 -46 1392
1150 987 -101 550 -46 1392
1140 984 -100 550 -45 1392
1133 977 -100 550 -46 1392
1132 974 -100 550 -46 1392
1132 970 -99 551 -46 1392
1131 968 -99 551 -46 1392
1131 966 -99 551 -46 1392
1131 965 -99 550 -46 1392
1131 963 -99 551 -46 1392
1130 961 -99 551 -46 1395
1131 961 -99 551 -46 1392
1133 962 -99 551 -46 1389
1133 962 -99 551 -46 1389
1132 960 -99 551 -46 1389
1134 962 -99 551 -46 1389
1133 961 -99 551 -46 1389
1132 960 -99 551 -46 1392
1132 960 -99 551 -46 1392
1131 960 -99 550 -46 1392
2 -11 -1 -5 -19 614
1 -11 -1 -5 -19 419
1 -11 0 -5 -19 397
1 -11 0 -5 -19 394
1 -12 -1 -5 -19 394
1 -12 0 -5 -19 394
1 -11 0 -5 -19 394
1 -11 0 -5 -19 394
1 -11 -1 -5 -19 394
