1 -11 0 -5 -18 51
1 -11 -1 -5 -18 19
1 -11 0 -5 -18 10
1 -12 0 -5 -18 6
1 -11 -1 -5 -19 6
1 -11 -1 -6 -19 3
1 -12 -1 -6 -19 3
1 -12 -1 -5 -19 3
1 -11 -1 -5 -19 3
1 -11 -1 -5 -19 3
1 -12 -1 -5 -18 634
1 -12 0 -6 -18 486
1 -12 0 -5 -18 1530
1 -11 0 -6 -18 1853
1 -12 -1 -5 -18 2195
1 -11 0 -6 -18 2301
1 -11 0 -5 -19 2406
1 -11 0 -6 -19 2403
2047 795 -75 605 57 2467
2047 960 -49 602 -40 2426
2047 882 -32 602 -47 2400
2047 770 -26 603 -47 2403
2047 664 -24 603 -48 2403
2047 604 -22 603 -48 2400
2047 550 -21 603 -48 2403
2047 517 -20 603 -48 2403
2047 492 -19 603 -48 2403
2047 467 -19 604 -48 2403
2047 449 -18 603 -48 2403
2046 433 -18 603 -48 2400
2022 421 -18 603 -48 2403
1999 411 -17 603 -48 2400
2 -11 -1 -5 -18 422
1 -11 -1 -5 -18 115
1 -11 -1 -5 -18 54
1 -11 -1 -5 -18 38
1 -11 -1 -5 -18 26
1 -11 0 -5 -19 19
1 -11 0 -6 -19 16
1 -11 0 -5 -18 10
1 -11 -1 -5 -19 595
1 -12 0 -5 -18 810
1 -11 -1 -5 -18 1114
1 -12 0 -5 -19 1184
1 -11 -1 -5 -19 1360
1 -12 0 -5 -19 1386
1 -12 0 -5 -19 1386
1137 785 -90 552 -3 1389
1174 867 -95 548 -45 1389
1196 914 -100 553 -35 1392
1220 953 -103 549 -46 1392
1225 964 -104 550 -46 1392
1229 970 -104 550 -47 1392
1232 974 -105 550 -46 1392
1235 977 -105 550 -46 1395
1238 977 -106 550 -47 1395
1242 978 -106 551 -46 1392
1246 976 -106 551 -47 1392
1249 974 -107 551 -46 1392
1252 973 -107 551 -46 1392
1256 972 -107 551 -46 1392
1259 970 -107 551 -45 1392
1261 968 -108 552 -45 1392
1262 966 -108 551 -45 1392
1265 966 -108 551 -45 1392
1268 964 -108 551 -45 1392
1269 963 -108 551 -45 1392
1273 964 -108 551 -46 1392
1276 963 -108 551 -45 1392
1276 961 -108 551 -46 1392
1279 961 -108 551 -45 1392
1280 960 -109 551 -46 1395
1282 960 -109 551 -45 1395
1284 960 -109 551 -45 1392
1286 960 -109 552 -45 1392
1285 957 -109 550 -46 1392
1288 958 -109 550 -46 1392
1290 958 -109 550 -46 1392
1291 957 -109 550 -46 1392
1293 957 -109 550 -46 1392
1293 957 -109 550 -46 1392
1295 957 -109 550 -45 1392
1296 956 -109 550 -45 1395
1297 957 -109 550 -45 1392
1299 958 -109 550 -45 1392
1300 958 -110 550 -45 1392
1301 958 -110 550 -45 1392
1304 961 -110 550 -45 1389
1305 962 -110 550 -45 1392
1305 962 -110 550 -45 1392
1305 963 -110 551 -45 1389
1305 964 -110 551 -45 1389
1304 964 -110 551 -45 1389
1304 964 -110 551 -45 1392
1304 965 -110 551 -45 1389
1303 966 -110 551 -45 1389
1292 970 -109 550 -46 1392
1270 977 -108 550 -46 1392
1233 984 -106 550 -44 1392
1200 1001 -106 550 -46 1389
1175 996 -104 550 -46 1389
1151 991 -103 550 -46 1389
1142 991 -101 551 -45 1389
1136 990 -100 551 -46 1392
1134 988 -100 550 -46 1389
1133 985 -100 550 -46 1389
1131 980 -100 550 -46 1392
1131 978 -99 551 -46 1392
1130 975 -99 550 -46 1392
1130 974 -99 550 -46 1392
1132 975 -99 550 -46 1389
1130 971 -99 550 -46 1392
1130 971 -99 551 -46 1392
1130 970 -99 551 -46 1392
1130 970 -99 550 -46 1389
1130 970 -99 550 -46 1389
1131 970 -99 550 -46 1389
1130 968 -99 551 -46 1392
1130 969 -99 551 -46 1389
1131 969 -99 550 -46 1392
3 -9 0 -4 -19 982
1 -11 0 -5 -19 419
1 -11 -1 -5 -19 397
1 -11 0 -5 -18 394
1 -12 -1 -5 -19 394
1 -12 -1 -5 -18 394
1 -11 0 -5 -19 394
1 -11 -1 -5 -19 394
