1 -11 -1 -6 -19 70
1 -11 -1 -6 -19 26
1 -11 -1 -5 -19 10
1 -11 -1 -5 -19 6
1 -11 0 -5 -19 6
1 -11 -1 -6 -19 6
1 -12 -1 -6 -19 3
1 -11 -1 -6 -19 3
1 -11 -1 -6 -19 3
1 -11 -1 -6 -19 3
1 -11 -1 -6 -19 637
1 -11 0 -6 -19 490
1 -11 -1 -6 -19 1549
1 -11 -1 -6 -19 1837
1 -12 0 -6 -19 2115
1 -12 -1 -6 -19 2176
1 -12 -1 -6 -19 2227
1 -12 -1 -6 -19 2256
1 -12 -1 -5 -19 2275
1 -11 -1 -5 -19 2310
1 -11 0 -6 -19 2349
1 -11 0 -6 -19 2381
1 -12 0 -5 -19 2403
620 156 -20 554 564 2400
2047 873 -53 606 18 2458
2047 948 -38 601 -48 2406
2047 829 -29 602 -49 2400
2047 702 -24 602 -49 2406
2047 632 -23 603 -49 2406
2047 580 -22 603 -49 2403
2047 533 -20 603 -49 2397
2047 505 -20 603 -49 2394
2047 478 -19 602 -49 2394
2047 460 -19 603 -49 2390
2047 444 -18 603 -47 2394
2032 427 -18 603 -48 2397
2007 416 -18 603 -48 2397
6 -10 -1 -4 -19 1827
1 -11 0 -5 -19 186
1 -11 0 -5 -19 83
1 -11 -1 -5 -19 45
1 -12 -1 -5 -19 32
1 -11 0 -6 -19 19
1 -11 0 -6 -19 16
1 -11 0 -6 -19 13
1 -11 -1 -6 -19 10
1 -11 -1 -6 -19 10
1 -11 0 -6 -22 707
1 -11 0 -6 -20 1014
1 -11 -1 -5 -18 1168
1 -12 0 -5 -18 1296
1 -12 -1 -5 -18 1325
1 -11 -1 -5 -18 1363
1 -12 -1 -5 -18 1389
1 -11 0 -7 -22 1389
833 578 -15 542 129 1392
1092 735 -77 554 35 1389
1206 910 -102 547 -45 1389
1205 928 -102 548 -44 1389
1209 939 -103 549 -47 1392
1216 949 -104 549 -47 1392
1216 954 -104 549 -47 1392
1222 963 -105 549 -47 1392
1224 965 -105 550 -47 1392
1233 974 -106 550 -46 1386
1238 975 -106 550 -46 1386
1242 975 -107 550 -46 1382
1245 973 -107 551 -46 1382
1247 970 -107 551 -46 1386
1249 968 -108 551 -46 1386
1252 965 -108 551 -46 1386
1253 961 -107 552 -44 1389
1255 958 -108 552 -46 1389
1257 957 -107 551 -46 1389
1258 954 -107 551 -46 1389
1261 953 -107 551 -45 1389
1263 952 -107 551 -46 1389
1264 949 -107 551 -46 1389
1265 948 -107 551 -46 1389
1269 949 -108 551 -46 1389
1271 949 -108 551 -46 1392
1272 947 -108 551 -46 1392
1273 945 -108 551 -46 1392
1276 946 -108 551 -46 1392
1279 948 -108 551 -46 1389
1281 948 -108 551 -45 1392
1282 947 -108 551 -45 1389
1284 947 -108 552 -45 1389
1283 944 -108 550 -46 1389
1283 943 -108 550 -46 1389
1285 943 -108 550 -46 1392
1285 942 -108 550 -46 1392
1287 943 -108 550 -46 1392
1288 942 -109 550 -46 1392
1288 941 -109 550 -45 1392
1290 942 -109 551 -45 1392
1292 943 -109 551 -44 1389
1292 943 -109 551 -45 1389
1292 942 -109 551 -45 1392
1292 941 -108 551 -45 1392
1292 942 -108 551 -45 1392
1294 945 -109 551 -45 1386
1292 943 -109 551 -46 1389
1293 944 -108 551 -46 1386
1292 944 -108 551 -46 1389
1290 942 -108 551 -46 1392
1290 942 -108 551 -47 1395
1290 944 -108 550 -47 1392
1289 944 -108 551 -46 1392
1288 947 -108 550 -47 1392
1276 952 -108 550 -48 1389
1249 961 -107 550 -46 1392
1201 975 -105 550 -47 1392
1165 971 -103 550 -47 1392
1148 973 -102 550 -47 1392
1136 975 -101 550 -47 1392
1132 975 -101 550 -47 1392
1129 970 -100 550 -47 1392
1128 967 -100 550 -47 1395
1127 964 -100 550 -47 1392
1126 962 -100 550 -47 1392
1125 960 -100 550 -47 1392
1125 958 -100 550 -47 1395
1125 957 -100 550 -47 1395
1126 957 -100 550 -47 1395
1126 956 -100 550 -47 1395
1126 956 -100 550 -47 1392
1125 956 -100 550 -47 1395
1125 954 -99 550 -47 1395
1125 954 -99 550 -47 1392
1126 956 -99 550 -47 1395
1125 954 -99 550 -47 1392
1126 956 -99 550 -47 1392
165 126 -6 19 -19 1389
1 -11 0 -5 -19 486
1 -11 -1 -5 -19 403
1 -11 0 -5 -19 394
1 -11 -1 -5 -19 394
1 -11 -1 -5 -19 394
1 -11 -1 -5 -19 394
1 -12 -1 -5 -19 394
1 -12 -1 -5 -19 394
