1 -11 -1 -5 -19 70
1 -11 0 -5 -19 26
1 -11 -1 -5 -19 13
1 -11 0 -5 -19 6
1 -11 0 -5 -19 6
1 -11 0 -6 -19 3
1 -12 0 -6 -19 3
1 -11 0 -5 -19 3
1 -11 -1 -6 -19 3
1 -11 0 -5 -19 3
1 -11 0 -5 -19 640
1 -11 0 -5 -19 480
1 -11 -1 -5 -19 1354
1 -11 0 -5 -19 1837
1 -12 0 -5 -19 2128
1 -11 -1 -5 -19 2240
1 -12 0 -5 -19 2282
1 -12 0 -5 -19 2298
1 -11 -1 -5 -19 2362
1 -11 -1 -5 -19 2387
1 -12 -1 -5 -19 2387
1 -12 -1 -5 -19 2394
2047 836 -58 605 54 2438
2047 978 -42 601 -48 2403
2047 859 -30 602 -48 2400
2047 732 -24 602 -48 2400
2047 655 -23 602 -48 2400
2047 598 -21 602 -49 2400
2047 546 -20 603 -48 2400
2047 516 -20 603 -48 2400
2047 486 -19 603 -48 2400
2047 468 -19 603 -48 2400
2047 453 -18 603 -48 2400
2047 436 -18 603 -49 2400
2047 425 -18 603 -48 2400
33 -4 0 -3 -19 2317
2 -11 -1 -5 -19 253
1 -11 0 -5 -19 96
1 -11 0 -5 -19 51
1 -11 -1 -5 -19 32
1 -11 -1 -5 -19 22
1 -11 -1 -5 -19 16
1 -11 0 -5 -19 13
1 -11 -1 -5 -19 10
1 -11 -1 -5 -19 10
1 -11 -1 -5 -19 611
1 -12 0 -5 -19 794
1 -11 -1 -6 -20 1152
1 -11 -1 -6 -20 1286
1 -12 -1 -5 -17 1312
1 -11 -1 -5 -18 1350
1 -11 -1 -5 -17 1379
1 -11 -1 -5 -18 1386
548 396 32 485 302 1389
1049 690 -67 557 80 1392
1222 929 -101 547 -47 1395
1222 958 -103 548 -47 1392
1225 974 -104 550 -46 1392
1223 979 -104 550 -46 1392
1229 989 -105 549 -48 1392
1236 1000 -106 550 -47 1392
1240 1004 -107 550 -47 1392
1244 1007 -107 550 -47 1389
1246 1005 -108 551 -46 1389
1254 1008 -108 551 -46 1392
1258 1005 -108 551 -47 1389
1260 1001 -108 551 -47 1392
1261 997 -108 551 -47 1392
1266 996 -109 551 -47 1389
1269 994 -109 552 -46 1389
1269 988 -108 550 -47 1389
1271 985 -108 551 -46 1392
1273 983 -108 551 -46 1392
1276 981 -109 551 -46 1392
1276 977 -109 551 -46 1395
1280 978 -109 551 -46 1392
1284 979 -110 551 -46 1392
1286 978 -109 551 -46 1392
1289 977 -110 551 -46 1392
1292 978 -110 551 -46 1389
1294 977 -110 552 -46 1389
1295 976 -110 551 -46 1389
1293 972 -110 550 -46 1389
1296 973 -110 550 -46 1389
1298 973 -110 550 -46 1386
1299 972 -110 550 -46 1389
1300 970 -110 550 -46 1392
1301 971 -110 551 -46 1392
1303 970 -110 550 -46 1389
1303 968 -110 550 -47 1392
1306 969 -110 550 -46 1392
1307 970 -111 550 -46 1389
1307 969 -111 550 -46 1389
1307 967 -110 550 -46 1392
1308 967 -110 550 -46 1392
1309 968 -111 551 -46 1392
1310 969 -111 551 -46 1392
1312 970 -111 551 -46 1392
1310 968 -110 551 -46 1392
1310 968 -111 551 -46 1392
1311 969 -110 551 -46 1392
1310 969 -110 551 -46 1395
1310 969 -111 551 -46 1395
1310 970 -110 551 -46 1395
1310 970 -110 551 -46 1392
1309 973 -111 551 -46 1392
1301 974 -110 551 -47 1392
1284 979 -110 550 -47 1392
1243 985 -107 550 -46 1392
1221 998 -105 550 -47 1392
1167 997 -103 550 -47 1395
1147 990 -102 550 -47 1395
1138 988 -101 551 -46 1392
1136 985 -100 551 -47 1395
1133 981 -100 550 -47 1395
1133 979 -100 550 -47 1395
1132 977 -100 550 -47 1395
1134 977 -100 550 -47 1392
1133 975 -100 550 -47 1392
1132 972 -99 550 -47 1395
1133 973 -100 550 -47 1392
1133 972 -100 550 -47 1392
1136 975 -100 551 -47 1392
1134 973 -100 550 -47 1389
1135 973 -100 550 -47 1389
1135 973 -100 551 -47 1389
1136 974 -100 551 -47 1386
1136 974 -100 551 -47 1389
1134 973 -100 551 -47 1392
2 -11 -1 -5 -19 614
1 -11 -1 -5 -19 419
1 -11 -1 -5 -19 397
1 -11 -1 -5 -19 394
1 -11 0 -5 -19 394
1 -12 0 -6 -19 394
1 -12 0 -5 -19 394
1 -11 0 -6 -19 394
1 -12 0 -5 -19 394
