1 -11 -1 -5 -19 42
1 -11 -1 -5 -18 16
1 -11 -1 -5 -18 10
1 -11 -1 -5 -18 6
1 -11 0 -5 -19 6
1 -11 0 -5 -19 3
1 -11 -1 -5 -19 3
1 -11 -1 -5 -19 3
1 -11 0 -5 -18 3
1 -11 0 -5 -18 3
1 -12 0 -5 -18 650
1 -11 0 -5 -18 480
1 -12 -1 -5 -18 1350
1 -12 0 -5 -19 1827
1 -11 0 -5 -19 2134
1 -12 -1 -5 -19 2269
1 -12 0 -5 -19 2339
1 -12 -1 -5 -19 2349
1 -11 -1 -5 -19 2400
1 -12 -1 -5 -19 2403
2047 854 -59 605 13 2451
2047 968 -43 602 -48 2419
2047 889 -31 602 -47 2406
2047 761 -25 602 -48 2403
2047 683 -24 603 -48 2403
2047 610 -22 603 -48 2403
2047 569 -21 603 -48 2400
2047 536 -20 603 -47 2397
2047 505 -20 603 -48 2397
2047 485 -19 603 -48 2394
2047 464 -19 603 -48 2394
2047 449 -18 602 -47 2394
2047 437 -18 602 -48 2390
292 49 1 21 -18 2381
2 -11 0 -5 -18 435
1 -11 -1 -5 -18 99
1 -11 -1 -5 -18 54
1 -11 -1 -5 -19 38
1 -11 -1 -5 -18 22
1 -11 -1 -5 -18 19
1 -11 -1 -5 -18 13
1 -11 -1 -5 -18 10
1 -11 -1 -5 -19 10
1 -11 -1 -5 -19 592
1 -11 -1 -5 -18 813
1 -11 -1 -5 -18 1136
1 -11 0 -5 -19 1242
1 -11 -1 -5 -18 1318
1 -12 -1 -5 -18 1344
1 -11 0 -6 -20 1363
1 -11 -1 -5 -18 1382
1 -11 -1 -5 -17 1386
1029 673 -60 553 64 1389
1212 926 -101 548 -40 1392
1208 958 -102 549 -43 1392
1212 980 -104 549 -47 1392
1217 993 -104 549 -46 1392
1221 1001 -105 549 -45 1389
1226 1009 -106 550 -43 1389
1231 1014 -107 551 -42 1389
1236 1015 -107 550 -45 1386
1240 1013 -108 550 -44 1389
1241 1007 -108 551 -44 1392
1247 1007 -108 551 -45 1389
1249 1003 -109 551 -45 1389
1255 1002 -109 551 -44 1389
1256 998 -110 550 -45 1389
1259 996 -110 551 -46 1389
1262 992 -111 551 -45 1386
1263 989 -111 551 -46 1386
1264 985 -111 551 -45 1389
1265 983 -111 551 -46 1389
1270 985 -111 551 -46 1389
1274 985 -111 551 -46 1389
1276 984 -111 551 -46 1386
1277 981 -111 551 -46 1386
1278 980 -111 552 -46 1389
1280 980 -111 552 -46 1389
1278 974 -111 550 -45 1389
1277 970 -110 550 -45 1389
1280 971 -111 551 -45 1389
1281 971 -111 551 -45 1389
1283 970 -111 551 -46 1389
1285 972 -111 551 -45 1389
1286 970 -111 551 -45 1389
1287 969 -111 551 -45 1392
1288 969 -111 551 -45 1392
1290 970 -111 551 -45 1389
1292 970 -111 551 -45 1392
1293 970 -111 551 -46 1389
1294 970 -111 551 -45 1389
1295 970 -111 551 -45 1389
1296 969 -111 551 -45 1392
1295 968 -111 551 -45 1392
1297 971 -112 552 -45 1389
1298 972 -112 551 -45 1392
1297 970 -112 551 -45 1389
1296 970 -111 551 -46 1392
1297 971 -112 551 -45 1392
1297 971 -112 551 -46 1392
1297 973 -112 551 -45 1392
1298 974 -112 551 -45 1392
1298 975 -112 551 -45 1389
1297 975 -112 552 -45 1392
1294 977 -112 551 -46 1389
1281 980 -111 551 -47 1392
1254 984 -109 551 -45 1392
1228 999 -108 550 -46 1392
1193 1006 -106 550 -47 1395
1164 1004 -104 550 -46 1395
1142 1006 -102 551 -46 1395
1134 1006 -101 551 -46 1392
1133 1006 -101 551 -46 1392
1132 1002 -101 551 -46 1392
1130 998 -101 551 -47 1392
1130 996 -100 551 -46 1392
1129 993 -100 551 -46 1392
1130 993 -100 551 -46 1392
1129 990 -100 551 -46 1395
1130 990 -100 551 -46 1392
1131 989 -100 551 -46 1392
1131 989 -100 551 -47 1389
1131 989 -100 551 -46 1392
1132 988 -100 551 -46 1389
1131 987 -100 551 -46 1392
1131 986 -100 551 -46 1389
1132 986 -100 551 -47 1389
1132 986 -100 551 -46 1389
1132 986 -100 551 -46 1389
1132 985 -100 551 -46 1389
2 -11 -1 -4 -19 618
1 -11 -1 -5 -18 419
1 -11 -1 -5 -18 397
1 -11 0 -5 -18 394
1 -11 0 -5 -19 394
1 -11 -1 -5 -19 394
1 -12 -1 -5 -19 394
1 -11 -1 -5 -19 394
1 -11 -1 -5 -19 394
