1 -11 0 -5 -19 70
1 -11 0 -5 -19 26
1 -11 0 -5 -19 10
1 -11 -1 -5 -19 6
1 -11 0 -5 -19 6
1 -11 0 -5 -19 3
1 -11 0 -5 -19 3
1 -11 -1 -5 -19 3
1 -11 -1 -5 -19 3
1 -11 -1 -5 -19 3
1 -12 -1 -5 -19 637
1 -11 -1 -5 -19 483
1 -11 -1 -5 -19 1526
1 -11 -1 -5 -19 1830
1 -11 -1 -6 -19 2109
1 -11 -1 -6 -19 2202
1 -11 0 -6 -19 2240
1 -11 -1 -6 -19 2282
1 -11 0 -6 -19 2310
1 -11 0 -6 -19 2342
1 -11 -1 -6 -19 2378
1 -11 0 -6 -19 2406
618 165 -28 553 533 2394
2047 833 -51 607 34 2470
2047 917 -37 601 -48 2413
2047 807 -28 602 -48 2400
2047 715 -25 603 -48 2397
2047 628 -23 603 -48 2387
2047 576 -22 603 -49 2397
2047 525 -20 603 -49 2413
2047 500 -20 603 -48 2394
2047 479 -19 604 -48 2387
2047 451 -18 603 -47 2406
2047 437 -19 602 -49 2400
2038 424 -18 603 -48 2390
2004 412 -18 603 -49 2397
32 -5 0 -3 -19 2336
1 -11 0 -5 -19 186
1 -11 -1 -5 -19 83
1 -11 0 -5 -19 45
1 -11 0 -5 -19 32
1 -11 -1 -5 -19 22
1 -11 0 -5 -19 16
1 -11 -1 -5 -19 13
1 -11 0 -5 -19 10
1 -11 -1 -5 -19 10
1 -11 0 -5 -19 611
1 -11 -1 -6 -21 1034
1 -11 0 -6 -20 1197
1 -12 0 -5 -18 1334
1 -11 -1 -5 -18 1354
1 -11 -1 -5 -18 1382
1 -11 0 -5 -18 1382
547 398 31 484 298 1386
1048 691 -68 556 86 1382
1210 934 -102 546 -46 1386
1210 963 -103 548 -46 1389
1216 982 -104 549 -44 1389
1221 992 -104 550 -44 1389
1228 1004 -106 549 -46 1389
1232 1010 -106 550 -45 1389
1237 1013 -107 550 -45 1386
1241 1013 -107 550 -46 1386
1244 1011 -108 550 -45 1386
1248 1008 -108 550 -45 1389
1251 1005 -108 550 -45 1386
1253 1001 -108 550 -45 1386
1256 997 -109 550 -46 1389
1258 994 -109 550 -46 1389
1261 991 -109 550 -46 1389
1263 989 -109 550 -46 1389
1265 986 -109 551 -44 1389
1268 984 -110 551 -45 1389
1269 982 -110 551 -46 1392
1271 980 -110 551 -45 1389
1274 980 -110 551 -45 1392
1276 979 -110 551 -45 1389
1279 981 -110 551 -45 1389
1280 978 -111 551 -46 1389
1282 977 -111 551 -46 1389
1283 976 -111 551 -46 1389
1284 976 -111 551 -46 1389
1285 974 -111 551 -46 1392
1287 975 -111 551 -46 1392
1286 971 -111 551 -46 1392
1287 971 -111 551 -46 1395
1288 969 -111 551 -45 1398
1290 971 -111 551 -46 1395
1294 974 -112 552 -46 1392
1294 973 -112 550 -45 1389
1295 973 -112 550 -46 1389
1295 972 -112 551 -45 1389
1297 973 -112 550 -47 1389
1298 974 -112 550 -46 1389
1300 974 -112 550 -46 1392
1300 974 -112 550 -46 1389
1300 975 -112 550 -46 1389
1300 975 -112 551 -46 1389
1301 976 -112 550 -46 1392
1300 975 -112 550 -46 1389
1300 975 -112 550 -46 1392
1300 976 -112 550 -46 1392
1300 978 -112 551 -46 1389
1301 980 -112 551 -46 1389
1299 977 -112 550 -46 1392
1298 978 -112 551 -46 1392
1296 982 -112 550 -47 1392
1282 991 -111 550 -47 1389
1252 994 -109 550 -45 1392
1212 1007 -107 550 -47 1392
1188 1015 -106 550 -46 1392
1159 1009 -104 550 -47 1395
1138 1006 -102 550 -46 1395
1133 1005 -101 550 -47 1392
1129 1000 -100 550 -46 1395
1126 995 -100 550 -47 1395
1125 992 -99 550 -47 1398
1126 991 -99 550 -47 1395
1126 989 -99 550 -47 1395
1127 989 -99 550 -47 1395
1127 988 -99 550 -47 1392
1125 984 -99 550 -47 1395
1125 983 -99 550 -47 1395
1126 984 -99 550 -47 1392
1127 983 -99 550 -47 1392
1127 982 -99 550 -47 1395
1127 981 -99 550 -47 1395
1126 980 -99 550 -47 1392
1127 980 -99 550 -47 1392
1126 979 -99 550 -47 1395
1 -11 0 -5 -19 618
1 -11 0 -5 -19 419
1 -11 0 -5 -19 397
1 -11 -1 -5 -19 394
1 -11 0 -5 -19 394
1 -11 0 -5 -19 394
1 -11 0 -5 -19 394
1 -11 -1 -6 -19 394
1 -12 0 -6 -19 394
