1 -11 -1 -6 -19 70
1 -11 -1 -5 -19 26
1 -11 0 -5 -19 13
1 -11 0 -5 -19 6
1 -11 0 -6 -19 6
1 -12 0 -6 -19 3
1 -11 0 -6 -19 3
1 -11 0 -6 -19 3
1 -11 -1 -6 -19 3
1 -11 0 -6 -19 3
1 -11 -1 -6 -19 634
1 -12 -1 -6 -19 490
1 -12 -1 -6 -19 1414
1 -12 -1 -6 -19 1869
1 -11 -1 -6 -19 2154
1 -12 0 -6 -19 2310
1 -11 0 -6 -19 2419
1 -11 -1 -6 -19 2413
1 -12 0 -6 -19 2403
2047 782 -74 604 55 2467
2047 971 -44 602 -45 2416
2047 884 -32 602 -48 2406
2047 775 -26 602 -48 2403
2047 671 -23 602 -48 2403
2047 611 -22 602 -49 2403
2047 556 -21 603 -46 2400
2047 524 -20 603 -48 2400
2047 498 -20 602 -48 2400
2047 472 -19 603 -48 2403
2047 455 -18 603 -49 2400
2047 439 -18 603 -49 2397
2047 428 -18 604 -48 2397
2030 417 -18 603 -48 2397
2 -11 -1 -5 -19 432
1 -11 -1 -5 -19 115
1 -11 -1 -5 -19 58
1 -11 -1 -5 -19 35
1 -11 -1 -5 -19 26
1 -11 0 -5 -19 19
1 -11 -1 -5 -19 13
1 -11 -1 -5 -19 10
1 -11 0 -5 -19 10
1 -11 -1 -5 -19 618
1 -11 -1 -5 -19 819
1 -11 0 -5 -19 1110
1 -12 0 -5 -19 1251
1 -11 -1 -5 -19 1338
1 -11 0 -6 -22 1350
1 -11 0 -5 -20 1382
1 -11 0 -5 -18 1389
1024 667 -59 557 93 1386
1187 893 -99 554 -1 1389
1210 958 -102 548 -44 1389
1216 984 -104 548 -49 1389
1221 998 -104 550 -47 1392
1227 1010 -105 551 -46 1392
1230 1015 -106 552 -44 1389
1233 1019 -106 551 -44 1389
1238 1019 -107 550 -46 1392
1242 1018 -107 550 -45 1389
1245 1014 -107 550 -45 1392
1248 1012 -108 550 -46 1389
1252 1009 -108 550 -46 1389
1252 1002 -108 550 -46 1392
1256 1001 -109 550 -46 1392
1258 997 -109 550 -46 1392
1260 994 -109 551 -46 1392
1262 991 -109 551 -46 1392
1264 989 -109 551 -47 1392
1268 989 -110 551 -46 1392
1271 988 -110 551 -46 1389
1271 985 -110 551 -45 1392
1273 984 -109 551 -46 1392
1274 981 -110 551 -46 1392
1277 982 -110 551 -46 1392
1276 979 -110 550 -45 1392
1277 978 -110 550 -45 1392
1279 978 -110 550 -45 1392
1282 978 -110 551 -45 1389
1283 977 -110 550 -45 1389
1284 977 -111 551 -45 1392
1285 976 -111 550 -46 1392
1286 975 -110 550 -46 1389
1288 976 -111 550 -46 1392
1290 976 -111 550 -46 1389
1291 975 -111 551 -46 1392
1292 976 -111 551 -45 1392
1292 974 -111 551 -45 1392
1293 975 -111 550 -46 1392
1294 975 -111 551 -46 1392
1296 975 -111 551 -46 1389
1297 976 -111 551 -45 1392
1297 976 -111 551 -45 1392
1298 976 -112 551 -46 1392
1299 978 -112 551 -46 1389
1299 978 -112 551 -45 1389
1301 982 -112 551 -46 1386
1300 981 -112 551 -46 1386
1298 979 -112 551 -46 1389
1299 981 -112 551 -45 1392
1300 982 -112 551 -46 1389
1298 981 -112 551 -46 1389
1297 983 -111 551 -46 1389
1293 989 -111 551 -46 1389
1279 999 -110 550 -47 1389
1238 1006 -108 550 -45 1389
1211 1014 -106 550 -47 1392
1187 1020 -105 550 -47 1392
1153 1015 -102 550 -47 1389
1140 1013 -101 551 -46 1392
1133 1008 -100 550 -46 1392
1128 1000 -99 551 -46 1392
1128 998 -99 551 -45 1392
1127 995 -99 551 -45 1392
1127 993 -98 551 -45 1392
1127 991 -98 551 -46 1392
1127 989 -98 551 -46 1392
1126 988 -98 551 -46 1392
1128 988 -98 551 -45 1389
1128 987 -98 551 -46 1392
1126 984 -98 551 -46 1389
1127 985 -98 551 -45 1389
1128 984 -98 551 -46 1392
1127 982 -98 551 -46 1389
1127 982 -98 551 -46 1392
1127 982 -98 551 -45 1392
1127 982 -98 551 -45 1392
1128 982 -98 552 -45 1389
4 -9 0 -4 -19 982
1 -11 0 -5 -18 432
1 -11 -1 -5 -19 397
1 -11 -1 -5 -18 394
1 -11 0 -5 -19 394
1 -11 0 -5 -19 394
1 -11 -1 -5 -19 394
1 -11 0 -5 -19 394
1 -11 -1 -5 -19 394
