1 -11 -1 -5 -19 38
1 -11 -1 -5 -19 16
1 -11 -1 -5 -19 6
1 -11 -1 -5 -19 6
1 -11 0 -6 -20 6
1 -11 -1 -6 -19 3
1 -11 0 -6 -20 3
1 -11 -1 -6 -19 3
1 -11 -1 -6 -19 3
1 -11 -1 -6 -19 3
1 -11 0 -6 -19 643
1 -12 0 -6 -19 477
1 -11 0 -6 -19 1523
1 -12 0 -6 -19 1850
1 -11 0 -5 -19 2134
1 -12 0 -6 -19 2234
1 -11 0 -5 -19 2278
1 -12 0 -5 -19 2317
1 -12 0 -5 -19 2336
1 -11 -1 -6 -19 2374
1 -11 0 -6 -19 2400
1 -11 -1 -5 -19 2400
2047 862 -53 606 19 2458
2047 962 -42 602 -47 2410
2047 849 -30 602 -48 2400
2047 725 -25 603 -48 2400
2047 651 -23 603 -49 2400
2047 583 -21 603 -49 2403
2047 543 -20 604 -49 2403
2047 510 -19 602 -49 2400
2047 481 -19 603 -48 2400
2047 462 -19 603 -48 2400
2047 443 -18 603 -48 2400
2047 430 -18 603 -48 2400
2028 419 -18 603 -48 2400
33 -5 0 -3 -19 2323
2 -11 -1 -5 -19 256
1 -11 -1 -5 -19 83
1 -11 -1 -5 -19 48
1 -11 0 -5 -19 32
1 -11 -1 -6 -19 22
1 -11 -1 -5 -19 16
1 -11 -1 -5 -19 13
1 -11 0 -5 -19 10
1 -11 0 -6 -19 10
1 -11 0 -5 -19 614
1 -11 0 -5 -19 826
1 -11 -1 -5 -20 1229
1 -11 -1 -5 -19 1270
1 -11 0 -6 -22 1286
1 -11 -1 -5 -19 1325
1 -11 -1 -5 -18 1354
1 -11 -1 -5 -18 1382
1 -12 -1 -5 -18 1382
547 397 31 484 301 1389
1097 745 -77 555 40 1389
1213 941 -102 547 -47 1389
1214 976 -103 548 -47 1389
1220 994 -104 550 -45 1389
1225 1004 -105 550 -45 1389
1230 1013 -106 549 -48 1389
1233 1018 -106 550 -47 1389
1238 1020 -107 550 -46 1389
1241 1019 -107 550 -48 1389
1243 1016 -107 550 -48 1392
1246 1011 -108 551 -47 1392
1249 1008 -108 551 -47 1392
1252 1004 -109 551 -48 1389
1255 1001 -109 551 -47 1389
1257 998 -109 551 -47 1392
1259 993 -109 551 -48 1392
1262 992 -109 551 -47 1392
1265 989 -109 551 -48 1392
1266 987 -110 552 -47 1389
1266 984 -109 550 -47 1392
1266 980 -109 550 -47 1392
1268 978 -109 550 -47 1395
1271 977 -109 551 -46 1395
1273 977 -110 551 -47 1392
1273 974 -110 551 -47 1395
1276 975 -110 551 -46 1395
1277 974 -110 551 -47 1395
1279 973 -110 551 -47 1395
1280 973 -110 551 -47 1395
1282 973 -110 551 -47 1395
1284 973 -110 551 -47 1392
1286 973 -110 551 -47 1392
1288 974 -111 551 -47 1392
1288 973 -111 551 -47 1392
1289 973 -111 551 -46 1392
1291 973 -111 551 -46 1392
1293 973 -111 551 -46 1392
1294 974 -111 550 -46 1392
1294 973 -111 550 -46 1392
1295 973 -111 550 -46 1392
1296 973 -111 550 -47 1392
1295 972 -111 550 -47 1392
1295 971 -111 550 -47 1395
1296 972 -111 550 -47 1395
1296 972 -111 550 -47 1392
1296 973 -111 550 -47 1392
1297 975 -111 550 -47 1392
1296 975 -111 550 -47 1392
1297 976 -111 550 -47 1392
1296 976 -111 551 -47 1392
1297 977 -112 550 -47 1392
1297 978 -112 550 -47 1392
1293 981 -111 550 -47 1389
1283 988 -111 550 -48 1389
1257 993 -109 550 -48 1389
1218 1006 -108 549 -48 1392
1193 1012 -106 550 -48 1395
1160 1011 -103 550 -48 1395
1140 1007 -101 550 -47 1395
1133 1006 -100 550 -48 1395
1131 1004 -100 550 -48 1395
1130 1001 -100 550 -48 1395
1130 998 -99 550 -48 1395
1126 993 -99 550 -48 1392
1126 991 -99 550 -48 1392
1127 989 -99 550 -48 1395
1128 989 -99 550 -48 1395
1128 988 -99 550 -48 1392
1129 989 -99 550 -48 1392
1130 989 -99 550 -48 1392
1131 989 -99 550 -48 1392
1130 988 -99 550 -47 1392
1131 987 -99 550 -48 1392
1131 987 -99 550 -48 1392
1132 987 -99 550 -47 1389
1130 985 -99 550 -47 1392
1129 984 -99 550 -48 1392
164 129 -6 19 -19 1392
1 -11 0 -5 -19 490
1 -11 0 -5 -19 410
1 -11 0 -5 -19 394
1 -11 0 -5 -19 394
1 -11 0 -5 -19 394
1 -12 0 -5 -19 394
1 -11 -1 -5 -19 394
1 -12 0 -5 -19 394
