1 -11 0 -5 -17 70
1 -11 -1 -5 -17 26
1 -11 0 -5 -17 13
1 -11 0 -5 -18 6
1 -11 -1 -5 -17 6
1 -11 0 -5 -18 3
1 -11 -1 -5 -17 3
1 -11 0 -5 -17 3
1 -11 -1 -5 -17 3
1 -11 -1 -5 -17 3
1 -11 -1 -5 -17 640
1 -11 -1 -5 -17 490
1 -12 -1 -5 -18 1373
1 -12 -1 -5 -18 1850
1 -12 0 -5 -17 2118
1 -11 -1 -5 -17 2234
1 -11 0 -5 -18 2275
1 -12 0 -5 -18 2291
1 -11 -1 -5 -18 2342
1 -11 -1 -5 -18 2374
1 -12 0 -5 -18 2394
1 -11 0 -5 -18 2397
2047 845 -68 608 55 2445
2047 996 -46 601 -47 2406
2047 868 -32 601 -47 2400
2047 728 -24 604 -45 2403
2047 646 -23 603 -47 2403
2047 587 -21 602 -47 2400
2047 536 -21 603 -47 2400
2047 508 -20 602 -47 2403
2047 481 -20 603 -46 2403
2047 463 -19 603 -46 2406
2047 449 -19 603 -47 2403
2047 433 -18 603 -47 2403
2047 423 -18 603 -46 2400
34 -4 0 -2 -17 2326
1 -11 0 -4 -17 256
1 -11 -1 -5 -17 96
1 -11 -1 -5 -17 48
1 -11 -2 -5 -17 32
1 -11 -1 -5 -17 22
1 -11 -1 -5 -17 16
1 -11 -1 -5 -17 13
1 -11 -1 -5 -17 10
1 -11 -1 -5 -17 10
1 -11 -1 -5 -17 614
1 -11 -1 -5 -17 781
1 -11 -1 -5 -17 1133
1 -11 0 -5 -17 1290
1 -12 -1 -5 -17 1334
1 -11 -1 -4 -15 1366
1 -11 -1 -4 -16 1386
1 -11 0 -5 -17 1386
1031 684 -64 555 67 1386
1157 815 -89 547 -44 1389
1169 836 -83 548 -45 1389
1168 842 -83 549 -45 1389
1168 846 -84 549 -45 1389
1169 849 -84 549 -46 1389
1173 854 -84 550 -46 1389
1176 858 -85 550 -46 1389
1179 862 -85 550 -46 1389
1183 866 -86 550 -46 1389
1186 869 -86 550 -46 1389
1189 870 -86 550 -46 1389
1192 871 -86 551 -45 1392
1194 871 -86 551 -45 1389
1198 872 -87 551 -44 1392
1202 872 -87 551 -45 1389
1205 872 -87 551 -45 1392
1205 868 -88 552 -45 1389
1208 868 -89 552 -45 1389
1208 865 -89 550 -45 1389
1211 865 -89 551 -45 1392
1214 866 -89 551 -45 1389
1219 868 -90 551 -45 1389
1220 867 -90 551 -45 1389
1222 866 -90 551 -45 1389
1224 865 -90 551 -45 1392
1225 865 -90 551 -45 1392
1228 865 -90 551 -45 1389
1229 865 -90 551 -45 1392
1229 864 -90 551 -46 1389
1231 864 -91 551 -45 1389
1232 864 -91 551 -45 1392
1234 865 -91 551 -45 1392
1234 864 -90 551 -45 1395
1235 864 -90 551 -45 1392
1237 865 -91 551 -45 1392
1240 866 -91 551 -45 1392
1240 866 -91 551 -45 1389
1241 867 -91 551 -45 1389
1241 866 -91 551 -45 1392
1241 867 -91 551 -45 1389
1240 866 -91 550 -45 1389
1240 868 -91 550 -45 1389
1240 868 -91 550 -45 1389
1240 868 -91 550 -44 1389
1240 869 -91 551 -45 1389
1239 868 -91 550 -45 1392
1239 869 -91 550 -45 1389
1238 869 -91 550 -45 1392
1238 870 -91 550 -45 1392
1234 872 -90 550 -45 1389
1219 876 -89 550 -46 1389
1178 884 -87 550 -44 1386
1137 888 -86 550 -45 1389
1109 893 -85 550 -46 1389
1086 894 -84 550 -46 1389
1078 892 -84 550 -46 1389
1076 890 -84 550 -45 1386
1076 888 -84 550 -46 1386
1074 885 -84 550 -46 1386
1073 883 -84 550 -46 1389
1075 883 -84 550 -46 1386
1074 882 -84 550 -46 1386
1073 881 -84 550 -46 1386
1073 881 -84 550 -46 1389
1072 879 -83 550 -46 1386
1073 880 -83 550 -46 1389
1072 879 -83 550 -46 1386
1072 880 -83 550 -46 1389
1071 878 -83 550 -47 1392
1072 879 -83 550 -47 1392
1071 878 -83 550 -46 1389
18 4 -1 -3 -18 1373
1 -11 0 -5 -18 448
1 -11 0 -5 -18 403
1 -11 -1 -5 -18 394
1 -11 -2 -5 -18 394
1 -11 0 -5 -18 394
1 -11 0 -5 -18 394
1 -11 -1 -5 -18 394
1 -11 -1 -5 -18 394
