1 -11 0 -5 -18 54
1 -11 -1 -5 -18 19
1 -11 -1 -5 -18 10
1 -11 -1 -5 -18 6
1 -11 -1 -5 -18 6
1 -11 -1 -5 -18 3
1 -11 -1 -5 -18 3
1 -11 -1 -5 -18 3
1 -11 -1 -5 -18 3
1 -11 0 -5 -18 3
1 -12 -1 -5 -18 637
1 -11 -1 -5 -18 477
1 -12 0 -5 -18 1373
1 -12 -1 -5 -18 1830
1 -11 0 -5 -18 2138
1 -11 -1 -5 -18 2301
1 -12 -1 -5 -18 2394
1 -12 0 -5 -19 2394
2047 795 -74 604 49 2467
2047 942 -48 602 -38 2432
2047 877 -31 601 -48 2406
2047 772 -26 602 -48 2403
2047 689 -24 602 -48 2400
2047 609 -22 602 -48 2403
2047 565 -21 603 -49 2403
2047 523 -20 603 -49 2403
2047 498 -20 603 -49 2403
2047 478 -19 603 -49 2403
2047 457 -19 603 -48 2400
2047 443 -18 603 -48 2400
2047 429 -18 603 -48 2397
2040 420 -18 603 -48 2394
2 -11 -1 -5 -19 429
1 -11 0 -5 -19 115
1 -11 0 -5 -19 54
1 -11 -1 -5 -19 38
1 -11 0 -5 -18 22
1 -11 -1 -5 -18 19
1 -11 0 -5 -18 13
1 -12 0 -5 -18 10
1 -11 -1 -5 -19 10
1 -12 0 -5 -18 595
1 -12 -1 -5 -18 781
1 -12 -1 -5 -19 1117
1 -12 0 -5 -19 1171
1 -12 -1 -5 -19 1318
1 -12 -1 -5 -19 1338
1 -12 -1 -5 -19 1376
1 -12 -1 -6 -20 1386
1 -11 -1 -5 -19 1389
1060 707 -67 556 72 1386
1218 914 -100 548 -40 1389
1220 948 -101 550 -41 1389
1222 960 -101 550 -43 1392
1229 973 -103 549 -46 1392
1235 984 -103 549 -45 1392
1239 990 -104 550 -45 1395
1243 995 -104 551 -42 1395
1246 997 -104 551 -42 1395
1250 998 -105 550 -44 1395
1254 997 -105 550 -44 1395
1257 994 -106 551 -44 1395
1259 990 -106 551 -44 1395
1264 990 -106 551 -45 1395
1266 988 -106 551 -44 1395
1269 985 -107 551 -45 1392
1273 985 -107 551 -45 1392
1276 984 -107 551 -45 1392
1279 983 -108 551 -45 1392
1281 982 -108 551 -46 1392
1281 978 -108 551 -45 1389
1284 978 -108 550 -46 1389
1288 978 -108 550 -45 1389
1289 977 -108 550 -45 1389
1290 975 -108 550 -44 1389
1292 975 -108 550 -45 1389
1296 976 -109 551 -45 1389
1299 977 -109 550 -45 1389
1301 976 -109 551 -45 1389
1301 975 -109 551 -45 1389
1303 975 -109 551 -45 1389
1304 974 -109 551 -44 1392
1306 974 -109 551 -45 1389
1308 974 -109 551 -45 1389
1309 974 -109 551 -45 1389
1310 974 -109 551 -44 1389
1311 973 -109 551 -44 1389
1313 974 -109 551 -45 1389
1313 973 -109 551 -44 1392
1314 972 -109 551 -45 1392
1315 972 -109 551 -44 1389
1316 972 -109 551 -44 1392
1316 973 -109 551 -45 1392
1317 973 -109 551 -44 1392
1314 970 -109 551 -46 1392
1315 971 -109 551 -46 1392
1314 970 -109 551 -46 1392
1313 971 -109 551 -46 1392
1314 971 -109 551 -45 1392
1312 970 -109 551 -45 1392
1313 972 -109 551 -45 1389
1313 972 -109 551 -45 1392
1313 973 -109 551 -46 1392
1313 975 -109 551 -46 1392
1312 976 -109 551 -46 1392
1307 978 -109 551 -46 1392
1284 982 -108 550 -46 1392
1249 990 -106 550 -46 1392
1212 1001 -104 550 -46 1392
1171 996 -102 551 -45 1392
1152 992 -100 551 -46 1392
1144 990 -100 551 -46 1395
1141 985 -100 551 -46 1392
1138 980 -99 551 -46 1392
1138 978 -99 551 -46 1389
1137 976 -99 551 -46 1389
1138 974 -99 551 -46 1389
1137 972 -99 551 -46 1389
1137 972 -99 551 -46 1389
1140 974 -99 551 -46 1386
1140 973 -99 551 -46 1386
1140 972 -99 551 -46 1386
1140 971 -99 551 -46 1386
1140 970 -99 551 -46 1386
1138 969 -99 551 -46 1389
1139 968 -99 551 -46 1389
1137 967 -98 551 -46 1389
1137 967 -98 551 -46 1389
1136 966 -99 551 -46 1392
166 128 -6 19 -19 1389
1 -11 -2 -5 -19 486
1 -11 -1 -5 -19 403
1 -11 -1 -5 -19 394
1 -12 0 -5 -19 394
1 -12 -1 -5 -19 394
1 -12 -1 -5 -19 394
1 -12 -1 -5 -19 394
1 -12 -1 -5 -19 394
