2 -12 0 2 22 38
2 -12 -1 2 23 16
2 -11 -1 2 22 10
2 -11 0 2 22 6
2 -11 -1 2 22 6
2 -12 0 2 22 3
2 -11 0 2 22 6
2 -11 0 2 22 3
2 -12 -1 2 22 6
2 -12 0 2 22 3
2 -12 -1 2 22 630
2 -12 -1 2 22 493
1 -12 -1 2 22 1565
2 -12 -1 2 22 1869
2 -12 0 2 22 2179
2 -12 -1 2 22 2269
2 -12 -1 2 22 2349
1 -12 -1 2 22 2397
2 -12 -1 2 22 2397
2047 808 -92 604 44 2467
2047 1001 -64 602 -64 2397
2047 922 -50 602 -66 2397
2047 805 -44 603 -64 2397
2047 726 -41 602 -67 2400
2047 665 -39 603 -64 2400
2047 609 -37 603 -67 2400
2047 576 -36 602 -69 2400
2047 543 -35 602 -69 2403
2047 524 -35 603 -68 2403
2047 507 -34 603 -67 2400
2047 489 -34 603 -68 2403
2047 477 -33 603 -68 2403
310 57 0 29 22 2400
3 -11 -1 2 22 419
2 -11 0 2 22 115
2 -11 -1 2 22 54
2 -11 -1 2 22 38
2 -12 -1 2 22 26
2 -12 0 2 22 19
2 -11 0 2 22 13
2 -12 -1 2 22 10
2 -11 -1 2 22 10
2 -12 -1 2 22 592
2 -12 -1 2 22 771
2 -12 -1 2 22 1075
1 -12 -1 2 22 1232
2 -12 -1 2 22 1338
2 -12 -1 2 22 1386
2 -12 -1 2 22 1386
2 -12 0 1 20 1389
1023 640 -68 562 119 1386
1195 836 -107 550 -46 1386
1224 886 -110 550 -61 1392
1226 904 -110 549 -63 1389
1228 912 -111 550 -63 1389
1228 917 -111 549 -68 1395
1236 928 -112 550 -64 1389
1243 935 -112 551 -62 1382
1245 936 -113 551 -64 1389
1252 942 -113 552 -61 1382
1250 936 -113 550 -64 1395
1253 936 -113 550 -64 1392
1257 936 -113 550 -64 1389
1261 934 -113 550 -64 1392
1265 934 -114 549 -67 1392
1269 932 -114 550 -64 1392
1272 930 -114 549 -66 1392
1276 928 -114 549 -69 1392
1278 926 -114 549 -67 1395
1281 924 -115 549 -68 1392
1284 922 -115 550 -66 1392
1286 920 -115 550 -67 1395
1291 921 -115 548 -71 1389
1294 920 -116 550 -67 1386
1295 918 -116 551 -64 1389
1296 915 -116 551 -64 1392
1299 916 -116 550 -67 1389
1301 915 -116 550 -66 1386
1302 913 -116 550 -66 1386
1304 914 -116 550 -66 1389
1305 912 -116 550 -67 1389
1307 913 -116 551 -66 1389
1304 908 -116 550 -66 1389
1306 908 -116 550 -64 1389
1307 908 -116 549 -67 1389
1308 908 -116 549 -68 1389
1309 909 -116 549 -67 1392
1312 911 -117 549 -67 1386
1311 910 -117 549 -68 1386
1313 913 -117 549 -67 1389
1310 910 -117 549 -67 1386
1309 911 -117 550 -66 1389
1308 910 -117 550 -66 1389
1307 909 -116 550 -66 1395
1307 911 -117 550 -66 1392
1308 913 -117 549 -68 1389
1308 915 -117 549 -68 1389
1307 917 -117 549 -69 1386
1304 920 -117 549 -68 1386
1296 933 -117 549 -68 1382
1267 960 -116 549 -69 1386
1232 982 -116 549 -67 1389
1183 987 -113 550 -66 1395
1151 977 -113 549 -68 1395
1136 968 -112 549 -67 1389
1129 962 -112 550 -67 1392
1127 960 -112 550 -68 1392
1126 958 -112 550 -67 1395
1127 960 -113 549 -68 1389
1127 960 -113 550 -66 1389
1128 960 -113 549 -70 1386
1127 960 -113 550 -66 1386
1126 958 -113 549 -69 1389
1124 956 -113 549 -69 1392
1124 956 -112 549 -69 1389
1128 960 -113 550 -68 1389
1128 960 -113 549 -70 1386
1131 962 -113 550 -66 1382
1124 955 -113 550 -66 1392
1124 954 -112 551 -64 1389
1120 949 -112 549 -68 1395
2 -11 -1 3 22 486
2 -11 -1 3 22 406
2 -11 -1 2 22 394
2 -11 -1 2 22 390
2 -11 -1 2 22 390
2 -12 -1 2 22 390
2 -12 0 2 22 390
2 -12 -1 2 22 390
