1 -11 -1 -6 -19 70
1 -11 0 -5 -18 19
1 -11 0 -5 -18 10
1 -11 -1 -5 -18 6
1 -11 0 -6 -19 6
1 -11 -1 -6 -19 6
1 -11 -1 -6 -19 3
1 -11 -1 -6 -19 3
1 -11 0 -6 -19 3
1 -11 -1 -6 -19 3
1 -11 -1 -6 -19 643
1 -11 -1 -6 -19 477
1 -11 -1 -6 -19 1530
1 -11 0 -6 -19 1840
1 -12 0 -6 -19 2221
1 -11 -1 -6 -19 2224
1 -11 -1 -6 -19 2282
1 -11 -1 -6 -19 2310
1 -11 0 -6 -19 2339
1 -11 -1 -6 -19 2374
1 -11 -1 -6 -19 2403
430 105 -24 559 773 2400
2047 944 -53 609 64 2458
2047 1120 -45 602 -47 2413
2047 928 -38 602 -47 2403
2047 805 -35 603 -46 2400
2047 696 -32 603 -48 2397
2047 634 -31 603 -48 2397
2047 587 -30 603 -48 2397
2047 543 -28 603 -48 2403
2047 517 -27 603 -47 2403
2047 491 -26 602 -48 2403
2047 474 -25 603 -47 2403
2047 460 -25 603 -48 2400
2047 446 -24 603 -47 2400
37 -3 -1 -3 -18 2330
1 -11 0 -5 -19 186
1 -11 -1 -5 -19 83
1 -11 0 -5 -19 48
1 -11 0 -5 -19 32
1 -11 0 -6 -19 22
1 -11 0 -6 -19 16
1 -11 0 -5 -19 13
1 -11 -1 -6 -18 10
1 -11 0 -6 -19 10
1 -11 0 -6 -19 618
1 -11 -1 -6 -20 1050
1 -11 0 -6 -21 1206
1 -11 0 -6 -19 1309
1 -11 -1 -5 -18 1350
1 -11 -1 -5 -18 1379
1 -11 -1 -5 -18 1382
561 411 41 484 296 1386
1068 713 -58 557 96 1386
1244 967 -94 547 -46 1389
1244 997 -96 548 -44 1389
1252 1019 -97 550 -43 1389
1258 1030 -98 550 -43 1389
1263 1038 -99 550 -45 1389
1269 1045 -100 551 -44 1389
1272 1045 -100 551 -44 1389
1276 1042 -100 551 -45 1389
1280 1039 -101 551 -45 1389
1282 1036 -101 551 -44 1389
1285 1031 -101 551 -45 1392
1288 1027 -102 551 -44 1389
1291 1024 -102 551 -45 1392
1292 1020 -102 551 -45 1392
1294 1017 -102 551 -45 1392
1297 1016 -103 552 -46 1392
1298 1013 -103 551 -45 1392
1298 1009 -103 550 -44 1395
1300 1008 -103 551 -45 1395
1301 1007 -103 550 -44 1392
1305 1008 -103 551 -44 1395
1307 1008 -103 551 -45 1395
1310 1008 -103 551 -44 1392
1311 1006 -103 551 -45 1395
1312 1005 -103 551 -44 1395
1313 1004 -103 551 -44 1395
1315 1004 -104 551 -44 1392
1317 1005 -104 551 -44 1395
1320 1005 -104 551 -44 1395
1321 1005 -104 551 -44 1395
1321 1004 -104 551 -45 1392
1322 1003 -104 551 -45 1392
1324 1003 -104 551 -45 1392
1325 1004 -104 551 -45 1395
1326 1003 -104 551 -45 1395
1325 1001 -104 551 -44 1395
1327 1001 -104 551 -45 1395
1328 1002 -104 551 -44 1395
1329 1002 -104 552 -45 1392
1331 1003 -105 552 -44 1392
1329 1000 -104 551 -44 1392
1330 1001 -104 551 -44 1392
1331 1001 -104 551 -44 1392
1331 1001 -104 550 -45 1395
1333 1002 -105 550 -45 1395
1333 1002 -105 551 -45 1395
1332 1002 -105 551 -44 1395
1333 1004 -105 551 -44 1395
1334 1004 -105 550 -45 1395
1334 1005 -105 551 -44 1395
1334 1006 -105 551 -44 1395
1333 1005 -105 551 -44 1395
1334 1007 -105 551 -44 1395
1333 1006 -105 551 -44 1395
1332 1008 -104 551 -44 1395
1327 1010 -105 551 -44 1392
1307 1016 -103 550 -46 1395
1277 1023 -101 550 -44 1395
1246 1027 -99 550 -46 1395
1231 1032 -99 550 -45 1395
1218 1037 -97 550 -45 1395
1197 1039 -96 550 -46 1395
1179 1036 -94 550 -45 1395
1158 1021 -92 550 -46 1395
1154 1019 -91 550 -46 1395
1153 1017 -91 550 -45 1392
1153 1014 -91 550 -46 1392
1154 1013 -91 550 -45 1392
1154 1012 -91 550 -45 1392
1153 1009 -91 550 -45 1392
1154 1009 -91 550 -46 1392
1155 1008 -91 550 -45 1392
1155 1007 -91 550 -46 1392
1154 1006 -91 550 -45 1389
1154 1005 -91 550 -46 1392
1155 1004 -91 550 -46 1392
1154 1002 -91 550 -46 1392
1154 1001 -91 550 -46 1392
1155 1002 -91 550 -46 1392
1154 1000 -91 550 -46 1392
1158 1005 -91 550 -46 1392
1159 1005 -91 550 -45 1392
3 -9 0 -4 -19 979
1 -11 0 -5 -19 432
1 -11 -1 -5 -19 397
1 -11 -1 -6 -19 394
1 -11 -1 -5 -19 394
1 -11 -1 -5 -19 394
1 -12 0 -6 -19 394
0 -11 0 -6 -19 394
1 -11 -1 -5 -19 394
