1 -11 0 -6 -19 32
1 -11 0 -6 -19 13
1 -11 -1 -6 -19 10
1 -11 -1 -6 -19 6
1 -11 0 -6 -19 6
1 -11 0 -6 -19 3
1 -11 0 -6 -19 3
1 -11 0 -6 -19 3
1 -11 0 -6 -19 3
1 -11 0 -6 -19 3
1 -11 -1 -6 -19 650
1 -11 0 -6 -19 486
1 -11 0 -6 -19 1542
0 -11 0 -6 -19 1837
0 -11 -1 -6 -19 2163
1 -12 -1 -6 -19 2224
1 -12 -1 -6 -19 2282
0 -12 -1 -5 -19 2310
1 -11 0 -6 -19 2336
0 -12 0 -6 -19 2365
1 -11 0 -6 -19 2397
1 -11 0 -6 -19 2400
757 206 -35 552 440 2400
2047 929 -49 605 0 2442
2047 975 -40 601 -47 2406
2047 854 -38 602 -47 2400
2047 734 -35 603 -47 2400
2047 663 -33 603 -47 2400
2047 609 -32 603 -47 2400
2047 560 -30 603 -47 2400
2047 530 -28 604 -47 2400
2047 499 -27 602 -47 2400
2047 480 -26 602 -47 2397
2047 463 -26 602 -47 2400
2047 447 -25 603 -47 2397
2047 435 -24 603 -47 2397
33 -4 0 -3 -19 2317
1 -11 -1 -5 -19 186
1 -11 -1 -5 -19 83
1 -12 -1 -5 -19 45
1 -11 -1 -5 -19 29
1 -11 -1 -5 -19 19
1 -11 -1 -5 -19 16
1 -11 0 -5 -19 13
1 -11 0 -6 -19 10
1 -11 -1 -5 -19 10
1 -11 -1 -5 -19 717
1 -11 -1 -5 -19 1040
1 -11 0 -6 -20 1194
1 -11 -1 -6 -20 1306
0 -12 -1 -5 -18 1331
1 -11 -1 -5 -18 1357
1 -11 0 -5 -18 1376
1 -11 -1 -5 -18 1386
827 588 2 536 148 1389
1129 776 -66 553 36 1386
1248 973 -92 546 -46 1386
1249 999 -94 548 -45 1386
1255 1017 -96 550 -43 1386
1259 1025 -96 550 -43 1389
1265 1036 -97 550 -46 1386
1269 1040 -98 550 -45 1389
1272 1040 -98 550 -45 1389
1275 1037 -98 550 -45 1389
1279 1035 -99 550 -45 1392
1283 1033 -99 551 -44 1386
1285 1029 -99 551 -45 1389
1289 1026 -100 551 -45 1389
1291 1023 -100 551 -45 1389
1294 1021 -100 551 -46 1389
1296 1018 -100 551 -45 1389
1298 1016 -101 551 -45 1389
1300 1014 -101 550 -46 1389
1303 1014 -101 551 -45 1389
1304 1012 -101 552 -45 1389
1304 1008 -101 550 -45 1389
1306 1008 -101 550 -46 1389
1309 1009 -101 550 -45 1389
1309 1007 -102 550 -46 1389
1310 1004 -102 550 -46 1389
1312 1004 -102 550 -45 1389
1313 1003 -102 550 -46 1392
1315 1003 -102 550 -45 1392
1315 1001 -102 550 -45 1392
1315 998 -102 550 -45 1395
1315 997 -102 550 -45 1395
1316 996 -102 550 -46 1395
1318 997 -102 551 -45 1395
1319 996 -102 551 -45 1395
1320 996 -102 551 -45 1398
1321 996 -102 551 -45 1395
1322 996 -102 551 -45 1398
1324 996 -102 551 -45 1395
1323 995 -103 551 -45 1395
1320 990 -102 550 -46 1398
1322 992 -102 550 -45 1398
1323 992 -102 550 -45 1395
1323 992 -102 550 -46 1398
1324 992 -102 550 -45 1395
1327 994 -102 550 -45 1395
1328 996 -103 550 -46 1392
1327 994 -102 550 -46 1392
1327 995 -102 550 -45 1392
1327 996 -103 550 -45 1392
1329 998 -103 550 -45 1392
1329 999 -103 550 -46 1392
1329 999 -103 551 -45 1392
1327 998 -103 550 -46 1392
1328 1000 -103 550 -45 1392
1326 999 -102 550 -45 1392
1326 1000 -102 550 -46 1392
1319 1004 -102 550 -46 1392
1300 1012 -101 550 -46 1392
1272 1018 -99 550 -45 1395
1251 1028 -98 550 -46 1395
1236 1031 -97 550 -46 1395
1224 1034 -96 550 -46 1395
1203 1033 -95 550 -46 1392
1180 1026 -93 550 -46 1392
1163 1017 -91 550 -46 1392
1156 1012 -90 550 -46 1398
1154 1010 -89 550 -46 1395
1153 1008 -89 550 -46 1395
1153 1005 -89 550 -46 1395
1153 1003 -89 550 -46 1395
1153 1002 -89 550 -47 1395
1152 1000 -89 550 -46 1395
1153 1000 -89 550 -47 1392
1154 999 -89 550 -47 1395
1154 998 -89 550 -47 1392
1153 997 -89 550 -46 1392
1153 996 -89 550 -47 1395
1153 996 -89 550 -46 1395
1154 996 -89 550 -47 1392
1153 995 -89 550 -46 1395
1153 995 -89 550 -46 1392
1154 996 -89 550 -47 1395
1154 996 -89 550 -46 1392
1155 996 -89 550 -46 1392
169 132 -5 19 -19 1392
1 -11 0 -5 -19 490
1 -11 0 -5 -19 403
1 -11 0 -5 -19 397
1 -11 0 -5 -19 394
1 -11 -1 -6 -19 394
1 -12 -1 -6 -19 394
1 -11 0 -6 -19 394
1 -12 0 -6 -19 394
