1 -11 -1 -6 -19 42
1 -11 -1 -6 -19 16
1 -11 -1 -6 -19 10
1 -11 -1 -5 -19 6
1 -11 -1 -6 -19 3
1 -11 0 -6 -19 3
1 -11 0 -6 -19 3
1 -11 -1 -6 -19 3
1 -11 0 -6 -19 3
1 -11 0 -6 -19 3
1 -11 0 -6 -19 662
1 -11 0 -6 -19 502
1 -11 -1 -6 -19 1373
1 -12 0 -6 -19 1834
1 -11 0 -6 -19 2154
1 -11 0 -6 -19 2256
1 -11 0 -6 -19 2320
1 -11 0 -6 -19 2339
1 -11 -1 -6 -19 2387
1 -11 -1 -6 -19 2394
1 -11 0 -6 -19 2394
2047 855 -56 608 77 2458
2047 1007 -45 603 -39 2406
2047 891 -40 602 -47 2403
2047 786 -38 603 -47 2403
2047 685 -35 603 -47 2406
2047 627 -33 603 -48 2403
2047 583 -32 603 -48 2400
2047 541 -30 603 -48 2400
2047 513 -28 603 -48 2400
2047 487 -27 603 -48 2400
2047 470 -27 604 -48 2400
2047 455 -26 602 -48 2397
2047 439 -25 603 -46 2400
296 49 1 20 -19 2397
1 -11 0 -5 -19 256
1 -11 -1 -6 -19 96
1 -11 0 -6 -19 58
1 -11 0 -6 -19 32
1 -11 0 -6 -19 22
1 -11 -1 -6 -19 16
1 -11 0 -6 -19 13
1 -11 0 -6 -19 10
1 -11 -1 -6 -19 10
1 -11 -1 -6 -19 598
1 -11 0 -6 -19 803
1 -11 0 -6 -19 1120
1 -11 0 -6 -19 1232
1 -11 -1 -6 -19 1334
1 -11 -2 -7 -22 1360
1 -11 -1 -6 -19 1382
1 -11 0 -5 -18 1386
1049 695 -46 556 92 1386
1242 948 -90 548 -40 1389
1245 985 -93 548 -43 1392
1248 1008 -95 548 -48 1392
1255 1021 -96 549 -47 1392
1260 1031 -96 550 -46 1389
1265 1040 -97 551 -44 1392
1270 1043 -97 551 -44 1389
1275 1043 -98 550 -46 1389
1279 1042 -99 551 -45 1389
1282 1039 -99 551 -45 1389
1287 1036 -99 551 -45 1389
1290 1033 -100 551 -46 1389
1293 1030 -100 551 -45 1389
1295 1027 -100 551 -45 1389
1299 1027 -100 551 -46 1386
1302 1025 -101 551 -45 1389
1304 1024 -101 551 -45 1389
1307 1021 -101 551 -45 1386
1307 1017 -101 551 -46 1389
1308 1015 -101 552 -46 1389
1308 1012 -101 551 -45 1392
1309 1010 -101 551 -45 1389
1309 1006 -101 551 -45 1392
1311 1006 -101 551 -44 1392
1311 1005 -101 551 -45 1395
1314 1006 -102 551 -45 1392
1316 1005 -102 551 -45 1392
1317 1004 -102 551 -44 1392
1321 1006 -102 550 -46 1389
1321 1005 -102 550 -46 1392
1322 1005 -102 551 -46 1392
1324 1005 -102 550 -46 1392
1326 1005 -102 550 -46 1389
1326 1004 -102 551 -46 1392
1328 1004 -103 550 -46 1389
1329 1005 -103 551 -46 1389
1330 1004 -103 551 -46 1389
1332 1006 -103 551 -46 1389
1332 1004 -103 551 -46 1389
1332 1004 -103 551 -45 1392
1333 1004 -103 551 -46 1392
1333 1002 -103 551 -46 1392
1333 1001 -103 551 -46 1392
1332 999 -103 551 -46 1395
1332 999 -103 551 -46 1395
1334 1000 -103 551 -46 1395
1335 1002 -103 551 -46 1395
1335 1003 -103 551 -46 1395
1335 1002 -103 551 -45 1395
1336 1004 -103 551 -46 1392
1336 1005 -103 551 -46 1392
1335 1004 -103 552 -46 1395
1332 1003 -103 550 -46 1395
1331 1001 -103 550 -46 1395
1328 1002 -102 550 -46 1395
1322 1007 -102 550 -46 1395
1302 1008 -101 550 -45 1398
1272 1018 -98 550 -46 1395
1250 1022 -98 550 -46 1398
1233 1024 -97 550 -46 1395
1220 1030 -96 550 -46 1395
1201 1027 -95 550 -46 1395
1177 1020 -93 550 -45 1395
1166 1016 -91 550 -45 1395
1161 1015 -91 550 -46 1395
1158 1011 -90 550 -46 1392
1155 1007 -90 550 -46 1395
1157 1007 -90 550 -46 1392
1156 1004 -90 550 -46 1395
1157 1004 -90 550 -46 1392
1156 1001 -90 550 -46 1395
1156 1001 -90 550 -46 1395
1156 1000 -90 550 -46 1392
1157 999 -90 550 -46 1392
1158 1000 -90 550 -46 1392
1157 998 -90 550 -46 1392
1157 998 -90 550 -46 1392
1158 998 -90 550 -46 1389
1156 997 -90 550 -46 1392
1157 997 -90 550 -46 1392
1157 997 -90 550 -46 1392
21 6 -1 -3 -19 1370
1 -11 -1 -5 -19 451
1 -11 -1 -5 -19 403
1 -11 -1 -5 -19 394
1 -11 0 -5 -18 394
1 -11 -1 -5 -19 394
1 -11 -1 -6 -19 394
1 -11 -1 -6 -19 394
1 -11 -1 -5 -19 394
