1 -11 0 -6 -19 42
1 -11 -1 -5 -19 16
1 -11 0 -6 -19 6
1 -11 0 -6 -19 6
1 -11 -1 -6 -19 6
1 -11 0 -6 -19 3
1 -11 0 -6 -19 3
1 -11 0 -6 -19 3
1 -11 0 -6 -19 3
1 -11 0 -6 -19 3
1 -11 0 -6 -19 656
1 -11 0 -6 -19 499
1 -11 0 -6 -19 1542
1 -11 0 -6 -19 1837
1 -11 -1 -6 -19 2134
1 -11 0 -6 -19 2202
1 -11 0 -6 -19 2246
1 -11 0 -6 -19 2275
1 -11 0 -6 -19 2307
1 -11 -1 -6 -19 2330
1 -11 -1 -6 -20 2374
1 -11 -1 -6 -19 2387
524 133 -24 557 672 2406
2047 879 -49 606 41 2448
2047 1004 -46 602 -47 2410
2047 862 -42 602 -47 2403
2047 763 -39 602 -48 2400
2047 671 -37 603 -48 2394
2047 618 -35 603 -48 2390
2047 575 -33 603 -48 2394
2047 534 -31 603 -48 2400
2047 508 -30 603 -48 2403
2047 483 -29 603 -48 2403
2047 468 -28 603 -48 2400
2047 455 -27 603 -48 2397
2047 442 -27 604 -48 2390
34 -4 -1 -3 -19 2326
1 -11 0 -5 -19 189
1 -11 0 -6 -19 83
1 -11 -1 -6 -19 51
1 -11 -1 -6 -19 29
1 -11 0 -6 -19 22
1 -11 -1 -6 -19 16
1 -11 0 -6 -19 13
1 -11 0 -6 -19 10
1 -11 -1 -6 -19 10
1 -11 0 -6 -19 614
0 -11 0 -6 -19 1005
1 -11 -1 -6 -19 1181
1 -12 -2 -6 -22 1277
0 -11 0 -6 -19 1363
1 -11 0 -5 -18 1382
552 403 45 484 321 1386
1083 726 -55 556 77 1382
1239 943 -90 548 -38 1386
1244 989 -93 548 -48 1389
1249 1008 -95 549 -46 1389
1254 1022 -96 550 -45 1389
1257 1028 -96 551 -43 1389
1262 1035 -97 551 -42 1389
1268 1040 -97 551 -44 1389
1273 1040 -98 551 -44 1389
1278 1039 -99 551 -44 1386
1284 1039 -99 551 -44 1389
1286 1036 -99 551 -45 1386
1288 1029 -99 552 -44 1389
1291 1027 -100 551 -44 1389
1295 1024 -100 551 -45 1389
1296 1021 -100 552 -45 1389
1298 1020 -100 550 -45 1389
1301 1018 -100 550 -45 1389
1303 1017 -100 550 -45 1389
1305 1014 -101 550 -45 1389
1308 1014 -101 550 -44 1389
1307 1011 -101 551 -44 1392
1309 1009 -101 551 -44 1389
1310 1008 -101 550 -45 1392
1311 1005 -101 550 -45 1392
1313 1006 -101 550 -45 1392
1314 1004 -102 550 -45 1392
1316 1004 -102 550 -45 1392
1318 1005 -102 551 -45 1392
1320 1004 -103 551 -44 1392
1320 1004 -102 551 -45 1392
1322 1005 -102 551 -45 1392
1320 1000 -102 550 -44 1395
1322 1001 -102 550 -44 1392
1324 1001 -102 550 -44 1392
1324 1001 -102 550 -44 1392
1326 1001 -103 550 -44 1392
1327 1001 -103 550 -44 1392
1325 998 -102 550 -45 1389
1326 998 -102 551 -44 1389
1326 998 -103 550 -45 1392
1328 1000 -103 550 -45 1392
1329 1000 -103 550 -45 1389
1329 998 -103 550 -45 1389
1329 998 -103 550 -45 1392
1330 999 -103 550 -45 1392
1330 997 -103 550 -45 1392
1330 999 -103 550 -45 1392
1331 1000 -103 550 -45 1389
1332 1002 -103 550 -45 1389
1332 1003 -103 550 -45 1389
1331 1001 -103 550 -45 1389
1331 1002 -103 550 -45 1392
1331 1002 -103 550 -45 1392
1330 1003 -103 550 -45 1392
1326 1005 -103 550 -46 1392
1315 1008 -102 550 -46 1392
1286 1015 -100 550 -44 1392
1255 1021 -98 550 -45 1392
1238 1025 -98 550 -45 1392
1226 1031 -97 550 -45 1392
1205 1031 -95 550 -45 1392
1186 1025 -94 551 -45 1392
1168 1018 -92 550 -45 1395
1162 1017 -91 550 -45 1392
1158 1014 -91 550 -45 1392
1157 1012 -91 550 -46 1389
1157 1009 -91 550 -46 1392
1156 1006 -91 550 -46 1392
1156 1004 -90 550 -46 1392
1156 1003 -91 550 -46 1392
1156 1002 -90 550 -46 1392
1157 1002 -90 550 -46 1392
1158 1002 -90 550 -45 1392
1158 1001 -90 550 -46 1392
1157 1000 -91 550 -45 1392
1157 999 -90 550 -46 1392
1157 998 -90 550 -46 1392
1157 998 -90 550 -46 1392
1157 999 -90 550 -46 1392
1157 998 -90 550 -46 1392
1157 998 -90 550 -46 1395
19 5 -1 -3 -19 1366
1 -11 -1 -5 -19 432
1 -11 -1 -5 -19 400
1 -11 0 -5 -19 394
1 -11 0 -6 -19 394
1 -11 0 -6 -19 394
1 -11 -1 -6 -19 394
1 -11 -1 -6 -19 394
1 -11 -1 -6 -19 394
