1 -12 0 -6 -19 70
1 -11 -1 -6 -19 26
1 -12 0 -6 -19 10
1 -11 0 -6 -19 6
0 -11 -1 -6 -19 6
0 -11 -1 -6 -19 3
1 -11 0 -6 -19 3
0 -12 -1 -6 -19 3
0 -12 0 -6 -19 3
0 -11 0 -6 -19 3
0 -12 -1 -6 -19 646
0 -12 -1 -6 -19 483
0 -12 -1 -6 -19 1530
0 -12 0 -6 -19 1866
0 -12 0 -6 -19 2134
0 -12 -1 -6 -19 2224
0 -12 -1 -6 -19 2272
0 -12 -1 -6 -19 2310
0 -12 0 -6 -19 2342
0 -11 -1 -6 -19 2374
1 -12 0 -6 -19 2394
0 -11 0 -6 -19 2394
2047 896 -49 606 25 2438
2047 997 -48 602 -45 2403
2047 873 -48 602 -44 2406
2047 746 -46 602 -45 2400
2047 670 -44 602 -45 2397
2047 600 -41 602 -46 2400
2047 558 -40 602 -45 2403
2047 518 -38 602 -44 2403
2047 495 -37 603 -45 2403
2047 474 -36 602 -46 2403
2047 454 -35 603 -44 2400
2047 441 -34 603 -43 2403
2047 429 -34 603 -45 2403
33 -4 -1 -3 -19 2326
1 -11 -1 -5 -19 256
1 -11 -1 -6 -19 83
1 -11 -1 -6 -19 51
1 -11 -1 -6 -19 32
1 -11 -1 -6 -19 22
1 -11 0 -6 -19 16
1 -12 -1 -6 -19 13
0 -11 -1 -6 -19 10
0 -12 0 -6 -19 10
0 -12 0 -6 -19 611
0 -12 0 -6 -20 995
0 -12 0 -6 -21 1190
0 -12 0 -6 -20 1302
1 -11 0 -5 -18 1344
1 -12 -1 -5 -18 1373
1 -12 0 -5 -18 1382
565 417 45 484 294 1386
1077 720 -50 556 89 1386
1222 923 -79 546 -43 1392
1217 945 -82 548 -42 1392
1258 1021 -93 553 -39 1392
1252 1021 -93 549 -41 1392
1258 1030 -93 548 -44 1392
1265 1040 -95 549 -44 1392
1270 1043 -95 550 -43 1392
1274 1042 -96 550 -43 1392
1277 1039 -96 551 -43 1389
1279 1035 -96 551 -42 1389
1282 1031 -96 551 -42 1392
1284 1028 -97 551 -43 1392
1286 1023 -97 551 -42 1395
1292 1024 -97 551 -44 1395
1293 1021 -97 551 -43 1392
1295 1018 -98 551 -44 1395
1297 1017 -98 551 -43 1395
1297 1013 -98 550 -43 1395
1300 1012 -98 550 -42 1395
1302 1012 -98 550 -43 1392
1304 1011 -99 550 -43 1392
1305 1009 -99 550 -42 1392
1309 1010 -99 550 -43 1392
1310 1009 -99 550 -43 1392
1310 1006 -99 551 -43 1392
1310 1004 -99 551 -42 1392
1312 1004 -99 551 -43 1395
1317 1007 -99 551 -42 1395
1318 1006 -100 551 -42 1392
1320 1008 -100 551 -42 1389
1321 1006 -100 551 -42 1392
1320 1005 -100 550 -44 1392
1321 1004 -100 550 -43 1392
1322 1004 -100 550 -43 1392
1323 1004 -100 550 -43 1389
1325 1004 -100 550 -43 1392
1326 1004 -100 550 -42 1392
1328 1005 -100 550 -43 1392
1328 1004 -100 550 -43 1392
1329 1005 -100 550 -43 1392
1330 1005 -100 550 -42 1392
1331 1006 -100 550 -42 1392
1333 1006 -100 551 -42 1392
1333 1006 -100 550 -43 1392
1333 1005 -100 550 -43 1392
1333 1006 -100 550 -42 1392
1333 1006 -100 550 -43 1392
1333 1007 -100 550 -43 1389
1333 1007 -101 550 -43 1392
1333 1008 -100 551 -42 1392
1334 1009 -101 550 -43 1392
1333 1009 -101 551 -42 1389
1333 1010 -101 550 -43 1392
1332 1010 -101 550 -44 1389
1328 1011 -101 550 -44 1389
1314 1012 -101 550 -45 1392
1281 1014 -97 550 -42 1395
1263 1027 -97 550 -44 1395
1245 1029 -96 549 -44 1395
1229 1032 -95 550 -43 1395
1214 1034 -95 550 -43 1395
1192 1032 -93 550 -43 1392
1173 1025 -91 550 -43 1392
1164 1024 -90 550 -45 1392
1161 1024 -90 550 -44 1392
1160 1022 -89 549 -45 1392
1160 1020 -90 550 -44 1392
1158 1016 -90 550 -44 1392
1158 1014 -89 550 -44 1392
1158 1012 -89 550 -43 1392
1158 1010 -89 550 -44 1392
1158 1009 -89 550 -43 1392
1158 1009 -90 550 -44 1392
1159 1009 -89 550 -44 1392
1159 1008 -90 550 -44 1392
1160 1008 -90 550 -44 1389
1160 1007 -90 550 -45 1392
1159 1006 -90 550 -44 1392
1159 1006 -90 550 -45 1392
1159 1005 -90 550 -43 1392
1159 1005 -90 550 -44 1392
1159 1005 -90 550 -45 1389
3 -9 0 -4 -19 1002
1 -12 0 -5 -19 432
1 -11 0 -5 -19 400
1 -11 -1 -5 -19 397
1 -12 0 -5 -19 397
1 -12 0 -6 -19 397
1 -12 0 -6 -19 394
0 -12 0 -6 -19 394
1 -12 -1 -6 -19 394
