14 4
48 -28
162 -156
268 -244
140 -117
98 10
-30 86
-12 150
68 204
48 312
54 354
18 258
14 130
-44 14
-78 4
-88 -10
-96 -6
-102 -12
-112 -10
-116 -2
-100 -18
-106 -12
-140 -10
-130 -30
-132 -8
-118 -24
-146 -30
-180 -36
-144 -28
-166 -42
-144 -52
-168 -54
-172 -66
-164 -74
-148 -72
-138 -88
-114 -88
-116 -96
-88 -84
-56 -92
-20 -74
10 -74
26 -68
42 -46
92 -40
70 -30
88 -8
94 -8
98 6
92 8
78 10
102 4
88 22
110 10
80 8
86 18
96 12
104 20
86 12
102 14
96 12
108 12
90 2
90 24
104 6
96 4
96 10
80 6
100 4
88 4
72 2
82 -2
80 0
78 0
88 2
78 12
96 20
114 18
120 24
120 26
108 16
90 8
86 -8
84 -10
62 0
66 -4
54 -14
62 -20
34 10
60 -6
44 -4
52 8
60 -2
46 -6
28 0
40 0
46 10
36 -8
40 2
46 26
