22 10
112 -76
188 -204
264 -150
160 -23
32 26
-96 118
22 178
50 244
54 338
72 344
58 216
10 88
-54 12
-58 0
-66 4
-80 -14
-72 -2
-80 -8
-82 -18
-98 -4
-86 -18
-102 -16
-112 -32
-134 -22
-110 -28
-158 -28
-158 -34
-148 -42
-172 -54
-142 -54
-158 -70
-156 -58
-148 -86
-116 -80
-98 -84
-84 -86
-46 -80
-24 -76
-8 -66
30 -62
36 -46
54 -26
64 -20
68 -18
66 -6
98 8
66 6
60 10
62 24
52 8
70 22
38 12
48 28
40 30
48 18
34 32
34 28
44 26
34 32
18 32
34 16
46 42
20 26
22 28
8 30
28 28
8 24
16 40
-2 24
8 28
14 36
2 44
36 40
54 60
42 52
60 42
40 28
8 -6
10 10
-14 8
-16 2
4 -2
-16 -2
-18 -10
-14 6
-20 12
-6 -2
-24 2
-16 12
-14 12
-18 6
-12 10
-24 8
-10 16
-20 24
6 50
