-1.1794 -0.037816 0.69227
-1.1794 -0.037816 0.69227
-1.1794 -0.037816 0.69227
-1.1794 -0.037816 0.69227
-1.1794 -0.037816 0.69227
-1.1794 -0.037816 0.69227
-1.1794 -0.037816 0.69227
-1.1794 -0.037816 0.69227
-1.1794 -0.037816 0.69227
-1.1794 -0.037816 0.69227
-1.1794 -0.037816 0.69227
-1.1794 -0.037816 0.69227
-1.1794 -0.037816 0.69227
-1.1794 -0.037816 0.69227
-1.1794 -0.037816 0.69227
-1.1794 -0.037816 0.69227
-1.1794 -0.037816 0.69227
-1.1794 -0.037816 0.69227
-1.1794 -0.037816 0.69227
-1.1794 -0.037816 0.69227
-1.1794 -0.037816 0.69227
-1.1794 -0.037816 0.69227
-1.1794 -0.037816 0.69227
-1.1794 -0.037816 0.69227
-1.1794 -0.037816 0.69227
-1.1794 -0.037816 0.69227
-1.1794 -0.037816 0.69227
-1.1777 -0.034997 0.69394
-1.1574 -0.0021113 0.71341
-1.1267 0.047602 0.74284
-1.0819 0.10142 0.77469
-1.0238 0.15523 0.80655
-0.95732 0.20904 0.8384
-0.89084 0.30014 0.89233
-0.82437 0.40294 0.95319
-0.76813 0.494 1.0169
-0.72835 0.5584 1.0806
-0.69511 0.61222 1.1443
-0.66187 0.62869 1.208
-0.62863 0.63272 1.2717
-0.59539 0.63272 1.3202
-0.56215 0.63272 1.3273
-0.52892 0.63272 1.3274
-0.47351 0.63272 1.3274
-0.4081 0.63272 1.3274
-0.34162 0.63272 1.3274
-0.27514 0.63272 1.3274
-0.20867 0.63014 1.3274
-0.14219 0.5977 1.3274
-0.075715 0.54566 1.3274
-0.0092381 0.49861 1.3274
0.057238 0.49861 1.3274
0.11965 0.49202 1.3313
0.16803 0.46274 1.3486
0.20254 0.41302 1.3792
0.24316 0.38313 1.404
0.30679 0.42771 1.4068
0.37327 0.48153 1.4014
0.43974 0.53534 1.385
0.50672 0.58916 1.3536
0.58427 0.64297 1.3324
0.67874 0.69678 1.3274
0.77846 0.7506 1.3274
0.87817 0.80441 1.3274
0.97789 0.85822 1.3274
1.064 0.91204 1.3144
1.1372 0.96585 1.2889
1.1978 1.0101 1.2514
1.2464 1.035 1.2025
1.2797 1.035 1.1388
1.3275 1.035 1.075
1.3868 1.035 1.0113
1.4486 1.035 0.94318
1.4948 1.035 0.86
1.5287 1.035 0.76509
1.5472 1.0112 0.69778
1.554 0.96841 0.65283
1.554 0.91857 0.61863
1.554 0.90362 0.56377
1.554 0.90093 0.50164
1.554 0.90093 0.45128
1.554 0.90093 0.41417
1.554 0.90093 0.38231
1.581 0.90093 0.35045
1.6126 0.90093 0.3186
1.6458 0.88121 0.27507
1.6791 0.8326 0.21443
1.7123 0.77878 0.15072
1.7455 0.76812 0.087011
1.7788 0.76683 0.023299
1.8025 0.76683 -0.049515
1.8025 0.7668 -0.14508
1.8007 0.76082 -0.23887
1.7761 0.68141 -0.31094
1.7429 0.57642 -0.37465
1.7097 0.48238 -0.43836
1.6764 0.42857 -0.50207
1.6383 0.37475 -0.56112
1.583 0.32094 -0.60371
1.5189 0.26337 -0.63556
1.4606 0.19623 -0.66742
1.4274 0.088603 -0.69927
1.4011 0.0034288 -0.73778
1.3884 -0.037816 -0.78928
1.3884 -0.041184 -0.851
1.3884 -0.059122 -0.90409
1.3884 -0.10957 -0.93794
1.3884 -0.15031 -0.9698
1.3884 -0.17192 -1.0017
1.3874 -0.17192 -1.0326
1.3727 -0.17192 -1.0503
1.3435 -0.17192 -1.0542
1.3103 -0.18532 -1.0542
1.277 -0.21805 -1.0542
1.2438 -0.27186 -1.0542
1.1933 -0.32568 -1.0708
1.1319 -0.37949 -1.0977
1.0655 -0.40887 -1.1296
0.99899 -0.39316 -1.1614
0.93251 -0.33934 -1.1933
0.90185 -0.34352 -1.208
0.89136 -0.38034 -1.213
0.88548 -0.42464 -1.213
0.86148 -0.43959 -1.213
0.82858 -0.44014 -1.213
0.79534 -0.44014 -1.213
0.7621 -0.44014 -1.213
0.73214 -0.44014 -1.213
0.7266 -0.44014 -1.213
0.7257 -0.44014 -1.213
0.7093 -0.46669 -1.2287
0.67874 -0.51616 -1.258
0.6455 -0.56997 -1.2899
0.61226 -0.57338 -1.3217
0.57903 -0.57424 -1.3536
0.54579 -0.59731 -1.3854
0.51228 -0.65156 -1.4173
0.47719 -0.70836 -1.4492
0.41495 -0.80914 -1.481
0.34847 -0.91328 -1.5108
0.28199 -1.0005 -1.5306
0.21563 -1.0543 -1.5306
0.15469 -1.1081 -1.5306
0.11422 -1.1619 -1.5306
0.08098 -1.2103 -1.5306
0.047742 -1.2448 -1.5306
0.014504 -1.2448 -1.5306
-0.018735 -1.2581 -1.5385
-0.051973 -1.2969 -1.5614
-0.085211 -1.3507 -1.5898
-0.11845 -1.4045 -1.6099
-0.15169 -1.4583 -1.6099
-0.19484 -1.5282 -1.6099
-0.25088 -1.6189 -1.6099
-0.31132 -1.7168 -1.6099
-0.34825 -1.7766 -1.6099
-0.35112 -1.7812 -1.6099
-0.36177 -1.7812 -1.6099
-0.38436 -1.7812 -1.6099
-0.41616 -1.7812 -1.6099
-0.43093 -1.7812 -1.6099
-0.43395 -1.7812 -1.6099
-0.4444 -1.7981 -1.5999
-0.46772 -1.8359 -1.5776
-0.50095 -1.8897 -1.5457
-0.51312 -1.9094 -1.5341
-0.51678 -1.9153 -1.5306
-0.52609 -1.9153 -1.5216
-0.55107 -1.9153 -1.4977
-0.58431 -1.9153 -1.4658
-0.61755 -1.9153 -1.434
-0.65079 -1.9153 -1.4021
-0.67679 -1.9153 -1.3772
-0.68233 -1.9153 -1.3719
-0.68244 -1.9153 -1.3718
-0.70307 -1.9153 -1.352
-0.73415 -1.9153 -1.3222
-0.76316 -1.9153 -1.2904
-0.76501 -1.9153 -1.2585
-0.76528 -1.9153 -1.2267
-0.78427 -1.9153 -1.213
-0.81697 -1.9153 -1.2125
-0.84811 -1.9153 -1.2105
-0.84811 -1.9153 -1.1786
-0.84543 -1.911 -1.1468
-0.82859 -1.8837 -1.1149
-0.79625 -1.8299 -1.0831
-0.76856 -1.7761 -1.0512
-0.76528 -1.7223 -1.0193
-0.76085 -1.6685 -0.98749
-0.74523 -1.6146 -0.95564
-0.71233 -1.5603 -0.92443
-0.68832 -1.4915 -0.91027
-0.68244 -1.3934 -0.93086
-0.68244 -1.3028 -0.95769
-0.68244 -1.2448 -0.97485
-0.68244 -1.2448 -0.97485
-0.68244 -1.2257 -0.97485
-0.68244 -1.1841 -0.97485
-0.68244 -1.1386 -0.97485
-0.68244 -1.1107 -0.97485
-0.68244 -1.1107 -0.97485
-0.68244 -1.0896 -0.96237
-0.68244 -1.0492 -0.93845
-0.67837 -0.98877 -0.89879
-0.65991 -0.90506 -0.83154
-0.62758 -0.79889 -0.7377
-0.62103 -0.69127 -0.65493
-0.63813 -0.58364 -0.58348
-0.67137 -0.47938 -0.51777
-0.7046 -0.40763 -0.43283
-0.73784 -0.35045 -0.33925
-0.78382 -0.29663 -0.24368
-0.84336 -0.24282 -0.14812
-0.90984 -0.18901 -0.052548
-1.0013 -0.17568 0.043019
-1.0987 -0.17192 0.13859
-1.1984 -0.1538 0.24488
-1.2981 -0.10786 0.36765
-1.3979 -0.054046 0.49507
-1.4727 -0.040452 0.52726
-1.5408 -0.037816 0.5335
-1.5899 -0.037816 0.5335
-1.5936 -0.037816 0.5335
-1.5936 -0.037816 0.5335
-1.5699 0.00062213 0.55625
-1.5366 0.054436 0.58887
-1.5034 0.10825 0.62704
-1.4701 0.16206 0.69076
-1.4369 0.21588 0.74831
-1.4037 0.26969 0.77166
-1.3721 0.31801 0.76516
-1.3451 0.35169 0.74132
-1.3451 0.29788 0.6139
-1.3506 0.24406 0.49173
-1.3699 0.19025 0.38282
-1.4015 0.13912 0.29043
-1.4255 0.10026 0.21256
-1.4279 0.096291 0.176
-1.4143 0.10735 0.15069
-1.3773 0.13729 0.13656
-1.3108 0.19111 0.13722
-1.2443 0.24492 0.14961
-1.1779 0.29873 0.17702
-1.1041 0.35255 0.20887
-1.019 0.40636 0.24073
-0.91933 0.46017 0.27258
-0.85041 0.46413 0.28968
-0.80537 0.42942 0.29534
-0.76543 0.38647 0.3082
-0.71252 0.3645 0.3459
-0.64604 0.3645 0.40961
-0.59581 0.41712 0.47333
-0.55635 0.50459 0.53704
-0.51787 0.61222 0.59069
-0.46247 0.71985 0.61193
-0.39649 0.82747 0.61289
-0.36235 0.88275 0.64387
-0.35112 0.90093 0.69682
-0.35397 0.90093 0.76327
-0.37982 0.90093 0.85175
-0.41179 0.90093 0.94611
-0.41473 0.92546 1.0272
-0.38963 0.97268 1.0948
-0.35639 1.0265 1.1585
-0.26503 1.1274 1.1943
-0.16752 1.2332 1.2272
-0.067801 1.3195 1.2591
0.031914 1.3759 1.291
0.13163 1.4297 1.3228
0.23134 1.4374 1.3547
0.33106 1.4408 1.3855
0.43077 1.4767 1.4068
0.53049 1.5842 1.4067
0.6302 1.6859 1.3996
0.72992 1.7526 1.3511
0.82715 1.8023 1.2874
0.91668 1.8397 1.2237
0.98316 1.8397 1.16
1.0366 1.8397 1.0963
1.057 1.8397 1.0326
1.054 1.8349 0.97742
1.0438 1.8183 0.94307
1.0106 1.7645 0.97493
0.98577 1.7107 0.99872
0.97419 1.6569 1.0098
0.97926 1.6072 1.005
1.0051 1.5743 0.98019
1.0681 1.5715 0.91981
1.1252 1.5563 0.8561
1.1705 1.5219 0.79239
1.2014 1.4681 0.72868
1.2014 1.4143 0.66497
1.1752 1.3605 0.60126
1.1513 1.2915 0.5465
1.1399 1.2025 0.50367
1.1399 1.0948 0.47181
1.1207 0.9872 0.4216
1.0918 0.87958 0.36208
1.0586 0.79919 0.29837
1.0254 0.76683 0.23466
0.99213 0.76683 0.17095
0.95889 0.7351 0.12602
0.92565 0.68824 0.090045
0.89242 0.63443 0.058189
0.85918 0.58061 0.026333
0.82594 0.5268 -0.0055231
0.77359 0.47299 -0.037379
0.7104 0.41917 -0.069235
0.64766 0.37141 -0.10109
0.61073 0.36543 -0.13295
0.57692 0.3645 -0.1648
0.54368 0.30725 -0.19666
0.51044 0.20392 -0.22851
0.4772 0.096291 -0.26037
