-0.71337 -0.55453 0.44249
-0.71337 -0.55453 0.44249
-0.71337 -0.55453 0.44249
-0.71337 -0.55453 0.44249
-0.71337 -0.55453 0.44249
-0.71337 -0.55453 0.44249
-0.71337 -0.55453 0.44249
-0.71337 -0.55453 0.44249
-0.71337 -0.55453 0.44249
-0.71337 -0.55453 0.44249
-0.71337 -0.55453 0.44249
-0.71337 -0.55453 0.44249
-0.71337 -0.55453 0.44249
-0.71337 -0.55453 0.44249
-0.71337 -0.55453 0.44249
-0.71337 -0.55453 0.44249
-0.71337 -0.55453 0.44249
-0.71337 -0.55453 0.44249
-0.71337 -0.55453 0.44249
-0.71337 -0.55453 0.44249
-0.71337 -0.55453 0.44249
-0.71337 -0.55453 0.44249
-0.71337 -0.55453 0.44249
-0.71337 -0.55453 0.44249
-0.71337 -0.55453 0.44249
-0.71337 -0.55453 0.44249
-0.71337 -0.55453 0.44249
-0.71337 -0.55453 0.44249
-0.70897 -0.55453 0.44249
-0.70328 -0.55453 0.44249
-0.6673 -0.55453 0.44249
-0.63452 -0.55453 0.4518
-0.62827 -0.55453 0.51623
-0.62407 -0.55453 0.58495
-0.62407 -0.55453 0.66239
-0.62407 -0.55453 0.73982
-0.62407 -0.55453 0.81726
-0.62407 -0.55453 0.89469
-0.62407 -0.55453 0.97213
-0.5954 -0.50669 1.0496
-0.56264 -0.45204 1.124
-0.52538 -0.38988 1.1589
-0.48596 -0.3241 1.1894
-0.44017 -0.24771 1.2072
-0.38176 -0.15027 1.2511
-0.30725 -0.025951 1.3286
-0.25386 0.027866 1.384
-0.21319 0.039254 1.4263
-0.17528 0.070993 1.4657
-0.13803 0.10753 1.5044
-0.090874 0.18605 1.5431
-0.03877 0.27298 1.5819
0.035743 0.39729 1.6206
0.1231 0.52161 1.6593
0.23288 0.64592 1.698
0.34375 0.74887 1.7234
0.45552 0.83428 1.7379
0.55894 0.91655 1.7417
0.65933 0.99769 1.7417
0.73594 1.1185 1.7417
0.81046 1.2365 1.7378
0.88497 1.2996 1.6997
0.96663 1.3743 1.6539
1.0659 1.4778 1.5895
1.1589 1.5709 1.5315
1.2451 1.6525 1.4807
1.2996 1.6803 1.4628
1.3377 1.6803 1.4619
1.4066 1.6803 1.4291
1.4803 1.6803 1.3911
1.5287 1.6803 1.3796
1.5716 1.6854 1.3642
1.5946 1.7091 1.3347
1.6085 1.7466 1.286
1.6085 1.805 1.2086
1.6085 1.8293 1.1311
1.6085 1.8293 1.0537
1.6297 1.7939 0.95422
1.6573 1.7479 0.84812
1.6792 1.6865 0.73243
1.6983 1.6252 0.61734
1.702 1.5692 0.50888
1.7166 1.5313 0.42299
1.7538 1.5313 0.38427
1.7616 1.5067 0.33022
1.7408 1.4583 0.26135
1.7204 1.4004 0.18654
1.7002 1.3382 0.10911
1.6933 1.276 0.036348
1.6861 1.2139 -0.033644
1.6489 1.1517 -0.072361
1.6192 1.0896 -0.11894
1.6124 1.0274 -0.18928
1.6005 0.96525 -0.27103
1.582 0.90309 -0.36767
1.5559 0.84094 -0.46797
1.5252 0.77878 -0.57053
1.5192 0.71662 -0.6218
1.5192 0.65446 -0.66051
1.5192 0.64483 -0.73195
1.5192 0.63738 -0.80474
1.5192 0.63738 -0.88218
1.5192 0.63262 -0.95961
1.5192 0.61933 -1.037
1.5192 0.57949 -1.1145
1.5192 0.51734 -1.1919
1.495 0.45518 -1.2442
1.4617 0.39302 -1.287
1.4248 0.33086 -1.3261
1.3875 0.26871 -1.3658
1.3503 0.20655 -1.4142
1.313 0.14439 -1.4709
1.2757 0.082232 -1.5484
1.2385 0.047178 -1.592
1.2012 0.042907 -1.5973
1.164 0.016632 -1.6146
1.1267 -0.021327 -1.6383
1.0985 -0.064455 -1.6651
1.0727 -0.10756 -1.692
1.0727 -0.10756 -1.692
1.0652 -0.10756 -1.6998
1.029 -0.10756 -1.7373
0.99247 -0.10756 -1.7655
0.95522 -0.10756 -1.7791
0.91796 -0.11936 -1.7775
0.8807 -0.13976 -1.7647
0.84345 -0.19202 -1.7322
0.80619 -0.25418 -1.6935
0.76893 -0.31634 -1.6548
0.73168 -0.37849 -1.6196
0.69442 -0.44065 -1.6075
0.65282 -0.50281 -1.5992
0.60191 -0.56497 -1.5992
0.53914 -0.62713 -1.5992
0.46462 -0.68928 -1.5992
0.39011 -0.75144 -1.5992
0.3156 -0.8136 -1.5992
0.28825 -0.83641 -1.5992
0.26721 -0.85396 -1.5992
0.23706 -0.87911 -1.5992
0.19691 -0.91197 -1.5984
0.12552 -0.96891 -1.5952
0.068734 -1.0015 -1.5767
0.031477 -1.0015 -1.538
-0.0057797 -1.0306 -1.4993
-0.043036 -1.078 -1.4606
-0.080293 -1.0933 -1.4355
-0.11755 -1.1004 -1.414
-0.15481 -1.0544 -1.4089
-0.19206 -1.0257 -1.3985
-0.22932 -1.0879 -1.3598
-0.26658 -1.1324 -1.332
-0.30383 -1.1448 -1.3243
-0.33146 -1.1505 -1.3208
-0.3508 -1.1505 -1.3208
-0.35616 -1.1577 -1.3163
-0.35616 -1.1676 -1.3101
-0.35616 -1.225 -1.2744
-0.35906 -1.2823 -1.2387
-0.39034 -1.2923 -1.2325
-0.42328 -1.2995 -1.2224
-0.46054 -1.2995 -1.2023
-0.4978 -1.3052 -1.1771
-0.53505 -1.3175 -1.1461
-0.57231 -1.3621 -1.1352
-0.60957 -1.4243 -1.1352
-0.6196 -1.3956 -1.1635
-0.62371 -1.3489 -1.1972
-0.60295 -1.3214 -1.2143
-0.57885 -1.2965 -1.228
-0.54159 -1.2818 -1.228
-0.50434 -1.2487 -1.228
-0.46708 -1.1865 -1.228
-0.44935 -1.1244 -1.2077
-0.44623 -1.0622 -1.1722
-0.46226 -1.0561 -1.1343
-0.48445 -1.068 -1.0956
-0.53048 -1.1111 -1.0468
-0.58141 -1.1505 -0.9939
-0.65592 -1.1505 -0.91646
-0.73044 -1.169 -0.85056
-0.80495 -1.2283 -0.81007
-0.86773 -1.2695 -0.78265
-0.91864 -1.2922 -0.76847
-0.95228 -1.2995 -0.76396
-0.97788 -1.2995 -0.76396
-0.98128 -1.2995 -0.76396
-0.98128 -1.2995 -0.76396
-0.98128 -1.2995 -0.76396
-0.98128 -1.2896 -0.75779
-0.98128 -1.2478 -0.73178
-0.9868 -1.2067 -0.69468
-0.99988 -1.1663 -0.64236
-1.0276 -1.1505 -0.5748
-1.0649 -1.1505 -0.49737
-1.1022 -1.1505 -0.41993
-1.1394 -1.1505 -0.3425
-1.1767 -1.1936 -0.29191
-1.2116 -1.2367 -0.24622
-1.2343 -1.2747 -0.22258
-1.2501 -1.298 -0.20621
-1.2526 -1.2937 -0.20355
-1.2736 -1.2587 -0.18172
-1.3109 -1.1965 -0.143
-1.3282 -1.1677 -0.1458
-1.3376 -1.152 -0.16501
-1.3241 -1.1265 -0.18689
-1.3067 -1.0969 -0.20713
-1.2734 -1.0347 -0.20713
-1.2492 -0.97255 -0.20713
-1.2492 -0.91039 -0.20713
-1.2492 -0.87055 -0.20713
-1.2492 -0.85727 -0.20713
-1.2603 -0.85251 -0.19557
-1.2777 -0.85251 -0.17754
-1.307 -0.85996 -0.14705
-1.3385 -0.86959 -0.11433
-1.3385 -0.93175 -0.11433
-1.3445 -0.98383 -0.10806
-1.3752 -0.99475 -0.076137
-1.4013 -1.0015 -0.041624
-1.4198 -1.0015 -0.0029063
-1.4278 -0.99504 0.031793
-1.4278 -0.98366 0.063417
-1.4278 -0.93412 0.071278
-1.4278 -0.87196 0.071278
-1.3977 -0.8098 0.071278
-1.3649 -0.74764 0.076372
-1.3277 -0.68549 0.11834
-1.293 -0.62754 0.17117
-1.2639 -0.57915 0.24861
-1.2492 -0.55453 0.32604
-1.2492 -0.55453 0.40348
-1.2265 -0.51666 0.45733
-1.1929 -0.46067 0.49989
-1.1748 -0.39937 0.55848
-1.1603 -0.33796 0.61995
-1.17 -0.29193 0.68734
-1.1861 -0.25655 0.7481
-1.2233 -0.25655 0.78681
-1.2606 -0.25655 0.84066
-1.2978 -0.25655 0.91573
-1.3351 -0.23345 0.99222
-1.3723 -0.19501 1.0697
-1.3922 -0.13793 1.138
-1.4072 -0.075772 1.2039
-1.3715 -0.013614 1.2434
-1.3342 0.058022 1.2822
-1.297 0.18091 1.3209
-1.2597 0.29038 1.3509
-1.2225 0.37389 1.3642
-1.1786 0.44616 1.3637
-1.1288 0.50832 1.3507
-1.0607 0.57048 1.3194
-0.98502 0.63264 1.2807
-0.84363 0.69479 1.242
-0.69879 0.76045 1.2032
-0.60153 0.86578 1.1645
-0.5066 0.96998 1.1297
-0.41816 1.071 1.1054
-0.31919 1.1546 1.0912
-0.20742 1.2167 1.0891
-0.095651 1.2789 1.0637
0.016119 1.341 1.025
0.10548 1.4032 0.98631
0.18989 1.4654 0.94759
0.2644 1.5275 0.90888
0.33827 1.5875 0.87084
0.40937 1.6383 0.83566
0.46775 1.6466 0.81371
0.50501 1.5845 0.81371
0.54226 1.5492 0.78023
0.57952 1.5349 0.72053
0.61678 1.5313 0.66061
0.65403 1.5313 0.60061
0.68679 1.5238 0.56509
0.71547 1.5095 0.5353
0.71547 1.4473 0.5353
0.73359 1.4003 0.5353
0.79388 1.3884 0.5353
0.85224 1.3823 0.52611
0.90855 1.3823 0.5072
0.95209 1.3823 0.47936
0.98934 1.3823 0.44715
1.0266 1.3823 0.44249
1.0626 1.3845 0.44117
1.0683 1.4371 0.40836
1.0727 1.4772 0.37422
1.0727 1.4738 0.3355
1.0727 1.4464 0.29678
1.0727 1.3842 0.25807
1.0727 1.3221 0.21935
1.0727 1.2599 0.18063
1.0469 1.1978 0.16867
1.0139 1.1356 0.16424
0.97683 1.0734 0.16408
0.93957 1.0136 0.16266
0.90232 0.96658 0.1532
0.86506 0.93536 0.13394
0.8278 0.93536 0.095217
0.79055 0.90549 0.0565
0.75329 0.84808 0.017782
0.71603 0.78732 -0.0044695
0.67878 0.72516 -0.019838
0.64152 0.663 -0.021526
0.60426 0.60085 -0.021526
0.56701 0.53869 -0.021526
0.52975 0.49208 -0.021526
0.49249 0.48971 -0.021526
0.45524 0.47065 -0.021526
0.41798 0.4308 -0.021526
0.3732 0.38944 -0.021526
0.324 0.34722 -0.021526
0.25416 0.3394 -0.021526
0.17965 0.3394 -0.021526
