0.77563 0.60417
0.77563 0.60417
0.7795 0.59722
0.75629 0.53935
0.70793 0.44444
0.64217 0.39815
0.54352 0.43519
0.4294 0.4838
0.37524 0.53935
0.32882 0.6088
0.31721 0.73148
0.31335 0.75694
0.31335 0.75
0.31141 0.64352
0.34816 0.56713
0.37718 0.51852
0.44101 0.48148
0.52998 0.45833
0.61122 0.45602
0.65957 0.43981
0.70019 0.49537
0.72921 0.53009
0.73308 0.64352
0.74662 0.64583
0.74468 0.60185
0.73308 0.50231
0.70213 0.48148
0.6499 0.44676
0.58607 0.44213
0.5087 0.43056
0.43133 0.4537
0.35977 0.49306
0.33075 0.54861
0.30368 0.60185
0.28627 0.69907
0.29207 0.78704
0.28433 0.74306
0.29207 0.62963
0.32689 0.56481
0.3675 0.51852
0.45648 0.45833
0.54545 0.4537
0.61509 0.47685
0.66344 0.46759
0.7118 0.53472
