1.0766 1.1486 2.5117
1.0418 1.2299 2.446
1.0106 1.3028 2.3871
1.0033 1.3197 2.3734
0.99795 1.3323 2.3633
0.99795 1.3323 2.3633
0.99795 1.3323 2.3633
0.99795 1.3323 2.3633
0.99795 1.3323 2.3633
0.99795 1.3323 2.3633
0.99795 1.3323 2.3633
0.99795 1.3323 2.3633
0.99795 1.3323 2.3633
0.99795 1.3323 2.3633
0.99795 1.3323 2.3633
0.99795 1.3323 2.3633
0.99795 1.3323 2.3633
0.99589 1.3395 2.3543
0.98437 1.3798 2.3035
0.96695 1.4408 2.2269
0.93638 1.5479 2.0924
0.91928 1.6078 2.0171
0.91928 1.6078 2.0171
0.91928 1.6078 2.0171
0.91928 1.6078 2.0171
0.91928 1.6078 2.0171
0.91928 1.6078 2.0171
0.89047 1.6246 1.9447
0.8559 1.6448 1.8577
0.79717 1.6734 1.6796
0.7399 1.6996 1.497
0.70508 1.6996 1.3034
0.67026 1.6996 1.119
0.63544 1.6996 0.96572
0.62226 1.7123 0.79884
0.64807 1.7477 0.60747
0.70078 1.7725 0.41332
0.7817 1.7862 0.21627
0.84788 1.7915 0.019227
0.905 1.7915 -0.17782
0.88734 1.7915 -0.36683
0.84475 1.7915 -0.55317
0.68629 1.7902 -0.70967
0.51218 1.7883 -0.86189
0.33806 1.7476 -0.99326
0.17629 1.6973 -1.1194
0.088606 1.5894 -1.2146
0.0058609 1.4639 -1.2965
-0.063786 1.2916 -1.3435
-0.13343 1.1135 -1.3803
-0.20308 0.9269 -1.4022
-0.27273 0.75753 -1.4241
-0.34237 0.6031 -1.4459
-0.41202 0.47031 -1.4678
-0.48166 0.34835 -1.4897
-0.55131 0.22638 -1.529
-0.62096 0.10441 -1.5726
-0.66525 0.012051 -1.6164
-0.70714 -0.077512 -1.6594
-0.74196 -0.15882 -1.6906
-0.77435 -0.24298 -1.72
-0.7964 -0.3392 -1.7419
-0.81136 -0.43957 -1.7616
-0.81136 -0.54866 -1.7765
-0.81136 -0.6268 -1.7748
-0.81136 -0.66746 -1.7529
-0.79207 -0.73063 -1.7068
-0.759 -0.8099 -1.6433
-0.76154 -0.89062 -1.5783
-0.77832 -0.97193 -1.5126
-0.79469 -1.0349 -1.437
-0.81097 -1.0946 -1.3597
-0.82236 -1.1486 -1.2793
-0.83616 -1.2048 -1.2004
-0.87098 -1.2815 -1.1347
-0.90581 -1.3495 -1.069
-0.94063 -1.3902 -1.0033
-0.97545 -1.4172 -0.93766
-1.0103 -1.421 -0.87198
-1.0451 -1.4371 -0.80629
-1.0799 -1.4655 -0.74061
-1.1255 -1.4891 -0.68169
-1.1774 -1.5098 -0.62671
-1.2502 -1.5148 -0.58494
-1.3296 -1.5148 -0.5473
-1.4336 -1.5148 -0.5209
-1.5414 -1.5148 -0.49489
-1.6807 -1.5148 -0.42921
-1.8153 -1.5202 -0.36353
-1.9246 -1.5553 -0.29784
-2.0324 -1.5996 -0.23216
-2.1369 -1.6669 -0.16648
-2.2349 -1.7324 -0.1008
-2.3238 -1.7956 -0.035115
-2.3886 -1.8465 0.027721
-2.4335 -1.8871 0.088206
-2.4243 -1.9254 0.13565
-2.3894 -1.9625 0.17692
-2.3546 -1.9038 0.14933
-2.3198 -1.8225 0.10554
-2.2044 -1.7412 0.02798
-2.0841 -1.6581 -0.05324
-1.9661 -1.5519 -0.1542
-1.848 -1.4525 -0.25154
-1.7295 -1.3797 -0.33454
-1.6063 -1.3285 -0.40306
-1.4738 -1.3206 -0.4426
-1.3542 -1.2975 -0.47394
-1.2498 -1.2568 -0.49584
-1.1453 -1.24 -0.49204
-1.0408 -1.2394 -0.47078
-0.91672 -1.2622 -0.44906
-0.7852 -1.2938 -0.42716
-0.66398 -1.3133 -0.40527
-0.54448 -1.3309 -0.38337
-0.42745 -1.3022 -0.36148
-0.3078 -1.2675 -0.33998
-0.16851 -1.1923 -0.32139
-0.029213 -1.1258 -0.30745
0.11008 -1.0851 -0.30745
0.26188 -1.0445 -0.32317
0.43399 -1.0038 -0.36444
0.62021 -0.96316 -0.407
0.81988 -0.9225 -0.45079
1.0137 -0.89557 -0.49458
1.2044 -0.87627 -0.53837
1.3737 -0.8719 -0.57679
1.5368 -0.8719 -0.61365
1.6648 -0.8719 -0.63483
1.7846 -0.8719 -0.65366
1.7846 -0.8719 -0.65366
1.7689 -0.878 -0.65366
1.675 -0.91456 -0.65366
1.5779 -0.94398 -0.65816
1.4734 -0.95656 -0.67329
1.3618 -0.96374 -0.69583
1.2405 -0.96374 -0.72828
1.1145 -0.96996 -0.76037
0.98474 -0.98108 -0.79219
0.87399 -1.0108 -0.80106
0.77178 -1.0488 -0.79964
0.69631 -1.0556 -0.78141
0.62667 -1.0556 -0.75951
0.58541 -1.0556 -0.77332
0.54975 -1.0534 -0.78944
0.56003 -1.0271 -0.81133
0.56901 -0.99767 -0.83529
0.57327 -0.95702 -0.86679
0.5585 -0.91313 -0.90253
0.50764 -0.86311 -0.94632
0.43126 -0.79861 -0.99011
0.32679 -0.71818 -1.0339
0.22232 -0.6619 -1.0777
0.11785 -0.62124 -1.1215
0.013377 -0.58059 -1.1653
-0.091093 -0.53993 -1.2091
-0.19556 -0.52063 -1.2183
-0.30003 -0.50454 -1.2224
-0.39072 -0.50454 -1.2005
-0.47695 -0.50454 -1.1776
-0.53357 -0.50454 -1.1475
-0.57536 -0.50454 -1.1081
-0.57536 -0.50454 -1.0424
-0.53521 -0.48891 -0.97672
-0.43299 -0.44914 -0.91104
-0.32959 -0.42529 -0.83653
-0.22512 -0.41593 -0.75399
-0.13345 -0.4127 -0.6762
-0.048521 -0.4127 -0.60091
0.014755 -0.39018 -0.53923
0.072125 -0.36152 -0.48127
0.095049 -0.29532 -0.44496
0.11058 -0.22902 -0.4133
0.040935 -0.22902 -0.43519
-0.022896 -0.22902 -0.45709
-0.059974 -0.22902 -0.47898
-0.08069 -0.23816 -0.47133
-0.064907 -0.2677 -0.39777
-0.040737 -0.30214 -0.29341
-0.0059138 -0.3428 -0.14992
0.028909 -0.38345 0.015537
0.063733 -0.42411 0.19746
0.098556 -0.45901 0.38691
0.13338 -0.49148 0.57955
0.1682 -0.46301 0.73937
0.20303 -0.42235 0.89263
0.17794 -0.3817 1.0082
0.14991 -0.34104 1.1205
0.11509 -0.30039 1.215
0.084007 -0.25973 1.3056
0.065719 -0.21908 1.3828
0.057273 -0.18228 1.4496
0.066542 -0.15245 1.4978
0.09611 -0.13946 1.517
0.14697 -0.14414 1.5056
0.36036 -0.19626 1.3793
0.67377 -0.27757 1.1823
0.78763 -0.30711 1.1107
0.83498 -0.3194 1.0809
0.89954 -0.32086 1.0403
0.96688 -0.32086 0.99812
1.0714 -0.32086 0.94189
1.1736 -0.31956 0.88673
1.2625 -0.3105 0.83806
1.3362 -0.29262 0.78473
1.3696 -0.25138 0.71905
1.3612 -0.19392 0.65337
1.2916 -0.11261 0.58769
1.2069 -0.066398 0.51255
1.1092 -0.050603 0.42923
1.0347 -0.045339 0.3605
0.97181 -0.045339 0.29907
0.93131 -0.045339 0.2585
0.89648 -0.045339 0.22322
0.86166 -0.052129 0.20402
0.82684 -0.061425 0.18713
0.79201 -0.10208 0.18713
0.77652 -0.14274 0.18713
0.84316 -0.18339 0.18713
0.91076 -0.20412 0.18177
0.98041 -0.18277 0.16507
1.0588 -0.15268 0.14602
1.1477 -0.11203 0.12413
1.2457 -0.06318 0.10224
1.3502 -0.0084855 0.080341
1.4479 0.065221 0.05631
1.5428 0.14653 0.031423
1.5869 0.22784 -0.0094403
1.6218 0.30915 -0.053229
1.5935 0.4273 -0.097017
1.5578 0.54038 -0.14249
1.4728 0.60385 -0.20203
1.3875 0.66189 -0.26037
1.3008 0.70255 -0.31487
1.2204 0.73867 -0.36053
1.1508 0.76704 -0.39109
1.0811 0.78123 -0.40535
1.0115 0.78123 -0.4033
0.94183 0.78123 -0.38873
0.87218 0.78123 -0.36683
0.82601 0.80864 -0.31542
0.78718 0.84461 -0.25478
0.70988 0.88477 -0.20285
0.62742 0.92542 -0.15215
0.52295 0.96608 -0.10836
0.41569 1.0084 -0.066325
0.29318 1.0595 -0.033877
0.15643 1.1188 -0.011015
-0.015935 1.198 -0.012118
-0.17452 1.2612 -0.021884
-0.31381 1.3018 -0.043778
-0.43705 1.3238 -0.05558
-0.54703 1.3302 -0.059045
-0.63832 1.3323 -0.050753
-0.72074 1.3323 -0.036892
-0.80478 1.3183 -0.016528
-0.88921 1.301 0.0053658
-0.99249 1.2618 0.036148
-1.0969 1.2211 0.069946
-1.2012 1.1802 0.13563
-1.2984 1.131 0.20131
-1.368 1.0497 0.26699
-1.4284 0.96842 0.32685
-1.4702 0.88711 0.37505
-1.5088 0.80579 0.42719
-1.5436 0.72448 0.4839
-1.5706 0.6524 0.53104
-1.5921 0.58659 0.57168
-1.598 0.54414 0.58006
-1.598 0.51051 0.57628
-1.598 0.5057 0.55697
-1.598 0.5057 0.53508
-1.5648 0.46698 0.47147
-1.528 0.43127 0.40521
-1.4669 0.42132 0.32299
-1.3846 0.41942 0.23943
-1.2388 0.44165 0.15185
-1.0824 0.46566 0.072736
-0.90874 0.49257 0.0073684
-0.77283 0.5057 -0.032842
-0.67287 0.5057 -0.049066
-0.5924 0.5057 -0.040785
-0.52275 0.5057 -0.018891
-0.47792 0.47673 -0.012598
-0.44034 0.4393 -0.010865
-0.40525 0.39895 -0.0107
-0.37106 0.35902 -0.010307
-0.35377 0.33884 0.0007192
-0.33937 0.32002 0.011404
-0.33937 0.30803 0.020382
-0.33937 0.28855 0.020734
-0.33937 0.25141 0.00073043
-0.33937 0.23018 -0.0107
-0.33937 0.23018 -0.0107
-0.33937 0.23018 -0.021452
-0.33937 0.23018 -0.040669
-0.32328 0.23018 -0.05162
-0.29998 0.23018 -0.058865
-0.26721 0.23018 -0.051879
-0.23239 0.23018 -0.041798
-0.18922 0.23018 -0.020466
-0.14358 0.23018 0.0014279
-0.075435 0.23018 0.023322
-0.014432 0.23018 0.045216
0.020392 0.23018 0.06711
0.065248 0.21847 0.095313
0.12913 0.18454 0.13548
0.175 0.13529 0.17737
0.20106 0.06919 0.22116
0.21129 0.004154 0.26495
0.21129 -0.060193 0.30873
0.22202 -0.10705 0.34578
0.23655 -0.14771 0.38043
0.29898 -0.18836 0.38497
0.36862 -0.22902 0.38497
