-0.85534 1.2536 1.9664
-0.85534 1.2536 1.9664
-0.85534 1.2536 1.9664
-0.85534 1.2536 1.9664
-0.85534 1.2536 1.9664
-0.85534 1.2536 1.9664
-0.85534 1.2536 1.9664
-0.85534 1.2536 1.9664
-0.85534 1.2536 1.9664
-0.85534 1.2536 1.9664
-0.85534 1.2536 1.9664
-0.85534 1.2536 1.9664
-0.85534 1.2536 1.9664
-0.85534 1.2536 1.9664
-0.85534 1.2536 1.9664
-0.85534 1.2536 1.9664
-0.85534 1.2536 1.9664
-0.85534 1.2536 1.9664
-0.85534 1.2536 1.9664
-0.85534 1.2536 1.9664
-0.85534 1.2536 1.9664
-0.85534 1.2536 1.9664
-0.85534 1.2536 1.9664
-0.83464 1.281 1.9578
-0.80629 1.3184 1.946
-0.76542 1.3725 1.929
-0.7122 1.4429 1.9069
-0.6737 1.4938 1.8908
-0.6737 1.4938 1.8908
-0.67202 1.4955 1.8877
-0.63808 1.5291 1.8242
-0.60414 1.5628 1.7606
-0.58131 1.5854 1.7179
-0.56087 1.6057 1.6796
-0.54801 1.6093 1.6512
-0.5403 1.6017 1.6296
-0.52021 1.5818 1.5732
-0.47895 1.5408 1.4573
-0.44023 1.4999 1.3414
-0.4169 1.459 1.2256
-0.39356 1.4181 1.1097
-0.36229 1.3771 0.98082
-0.33029 1.3362 0.85075
-0.29854 1.2821 0.71687
-0.26692 1.2221 0.58126
-0.24987 1.1331 0.45475
-0.24987 1.0103 0.33888
-0.24545 0.88752 0.22576
-0.22655 0.76473 0.12168
-0.20773 0.64229 0.017718
-0.19944 0.56847 -0.069879
-0.19115 0.49465 -0.15748
-0.1803 0.43753 -0.23137
-0.16873 0.38513 -0.3014
-0.14074 0.31643 -0.36118
-0.099471 0.23458 -0.41268
-0.058206 0.17843 -0.46013
-0.016942 0.17537 -0.49924
0.023002 0.17261 -0.5383
0.050961 0.17261 -0.57692
0.078921 0.17261 -0.61555
0.10049 0.17261 -0.65784
0.12112 0.17261 -0.70068
0.1415 0.17187 -0.74911
0.16175 0.17072 -0.80061
0.16489 0.11868 -0.85211
0.14426 -0.0041092 -0.9036
0.12363 -0.11605 -0.9534
0.103 -0.18223 -0.99599
0.082363 -0.2484 -1.0386
0.061731 -0.31974 -1.082
0.041098 -0.39127 -1.1254
0.019613 -0.49891 -1.1738
-0.0021763 -0.6194 -1.2238
-0.03391 -0.72016 -1.2615
-0.075175 -0.80202 -1.2872
-0.11644 -0.88388 -1.3076
-0.1577 -0.96573 -1.3143
-0.19946 -1.0466 -1.3207
-0.2494 -1.1113 -1.3207
-0.29934 -1.1759 -1.3207
-0.35921 -1.2244 -1.3196
-0.4211 -1.2695 -1.3182
-0.483 -1.3368 -1.3099
-0.5449 -1.4186 -1.2971
-0.60679 -1.4884 -1.2842
-0.66869 -1.5381 -1.2713
-0.73346 -1.5922 -1.2584
-0.81464 -1.6714 -1.2456
-0.89582 -1.7506 -1.2327
-1.0001 -1.87 -1.218
-1.1064 -1.9928 -1.2032
-1.2248 -2.1155 -1.1808
-1.3486 -2.2383 -1.1551
-1.4724 -2.3611 -1.1293
-1.5962 -2.4839 -1.1036
-1.7123 -2.5965 -1.0794
-1.8043 -2.6773 -1.0603
-1.8955 -2.7572 -1.0413
-1.9331 -2.782 -1.0309
-1.9707 -2.8069 -1.0206
-1.93 -2.78 -1.0184
-1.8681 -2.739 -1.0184
-1.7757 -2.6377 -1.0184
-1.6594 -2.4889 -1.0184
-1.5406 -2.3428 -1.0136
-1.4168 -2.202 -0.99914
-1.292 -2.0642 -0.98383
-1.1582 -1.9514 -0.96121
-1.0243 -1.8385 -0.93859
-0.86306 -1.7529 -0.92454
-0.698 -1.6711 -0.91167
-0.53294 -1.5892 -0.90656
-0.36788 -1.5074 -0.9056
-0.20282 -1.4467 -0.90838
-0.037767 -1.4145 -0.9162
0.12848 -1.3841 -0.92576
0.29951 -1.3604 -0.94237
0.47055 -1.3366 -0.95897
0.65582 -1.2564 -0.98446
0.84151 -1.1746 -1.0102
1.072 -1.0335 -1.0453
1.3179 -0.87206 -1.0835
1.5646 -0.70945 -1.1133
1.8122 -0.54574 -1.1351
2.0517 -0.38203 -1.153
2.2715 -0.21831 -1.1615
2.4877 -0.054747 -1.1695
2.6496 0.10667 -1.1693
2.8116 0.26809 -1.169
2.838 0.32867 -1.1582
2.838 0.3696 -1.1453
2.8116 0.37553 -1.1435
2.7682 0.35909 -1.1486
2.7086 0.33326 -1.1587
2.623 0.29233 -1.1765
2.5314 0.25141 -1.1954
2.4076 0.21048 -1.2203
2.2838 0.16955 -1.2452
2.16 0.12862 -1.2589
2.0363 0.087693 -1.2718
1.9016 0.025279 -1.2712
1.7624 -0.04625 -1.2648
1.6207 -0.11433 -1.2579
1.4763 -0.17859 -1.2506
1.3324 -0.23933 -1.2447
1.1903 -0.28944 -1.2433
1.0486 -0.3411 -1.2416
0.92481 -0.46388 -1.2287
0.80102 -0.58667 -1.2158
0.69025 -0.63197 -1.1867
0.58284 -0.65722 -1.1534
0.48901 -0.66814 -1.1136
0.40551 -0.66814 -1.0688
0.32826 -0.66814 -1.0211
0.26308 -0.66814 -0.96752
0.19594 -0.66814 -0.91275
0.11341 -0.66814 -0.84838
0.030879 -0.66814 -0.784
-0.0054954 -0.63762 -0.71003
-0.035962 -0.6032 -0.63482
-0.059942 -0.57861 -0.56271
-0.080574 -0.5591 -0.4922
-0.099371 -0.54439 -0.42435
-0.11576 -0.53598 -0.35997
-0.12878 -0.52088 -0.2956
-0.12878 -0.47995 -0.23123
-0.12878 -0.43902 -0.16685
-0.14671 -0.43366 -0.091289
-0.16503 -0.42907 -0.015484
-0.18508 -0.41039 0.066925
-0.20572 -0.38705 0.15151
-0.22362 -0.35991 0.24071
-0.23904 -0.32931 0.33409
-0.24987 -0.30782 0.43033
-0.24987 -0.30782 0.53332
-0.24714 -0.30511 0.63376
-0.20857 -0.26686 0.70066
-0.17001 -0.22861 0.76756
-0.12917 -0.1881 0.82563
-0.087901 -0.14717 0.88206
-0.050444 -0.098686 0.9307
-0.01535 -0.045518 0.9745
0.014103 0.018841 1.0113
0.034735 0.1007 1.037
0.055367 0.16945 1.0628
0.076 0.17098 1.0885
0.096632 0.17251 1.1143
0.10445 0.17261 1.124
0.11139 0.17261 1.1327
0.11341 0.15253 1.1289
0.11341 0.12423 1.12
0.11341 0.070097 1.1031
0.11341 -0.011759 1.0777
0.11341 -0.093616 1.0555
0.11341 -0.17547 1.0427
0.11424 -0.25568 1.0295
0.14355 -0.27939 1.0075
0.17286 -0.30311 0.98549
0.21175 -0.30782 0.96453
0.25301 -0.30782 0.94383
0.29605 -0.3043 0.92763
0.3404 -0.29818 0.91476
0.39802 -0.26574 0.90188
0.48055 -0.18389 0.88901
0.56307 -0.10577 0.87613
0.6456 -0.054893 0.86326
0.72813 -0.0040196 0.85038
0.81066 0.037967 0.8274
0.89319 0.078895 0.80321
0.97405 0.12314 0.76836
1.0541 0.16904 0.72817
1.1261 0.23075 0.68301
1.188 0.31261 0.63151
1.2499 0.38047 0.58221
1.3118 0.39653 0.54106
1.3737 0.4126 0.49991
1.406 0.39322 0.47359
1.4378 0.37333 0.44747
1.4481 0.34792 0.43141
1.4515 0.32076 0.41853
1.4641 0.32982 0.40566
1.4848 0.37075 0.39278
1.5054 0.42229 0.38325
1.526 0.49803 0.38132
1.5458 0.57254 0.37901
1.5555 0.63259 0.37215
1.5651 0.69265 0.3653
1.559 0.74391 0.35803
1.5501 0.79364 0.35069
1.521 0.86342 0.35596
1.4798 0.94527 0.36884
1.4385 1.0271 0.3863
1.3972 1.109 0.41073
1.3539 1.1868 0.43284
1.3007 1.2449 0.44367
1.2475 1.3031 0.4545
1.181 1.3248 0.45511
1.1137 1.3443 0.45511
1.0355 1.3205 0.45511
0.95297 1.2796 0.45511
0.87997 1.2576 0.44322
0.81691 1.2553 0.41891
0.75755 1.2536 0.39
0.70858 1.2536 0.34812
0.65942 1.2531 0.30605
0.60543 1.2405 0.25852
0.55144 1.2279 0.21099
0.47438 1.1924 0.17066
0.39185 1.1514 0.13204
0.29743 1.1105 0.093414
0.19446 1.0696 0.054789
0.086502 1.0189 0.022309
-0.030542 0.95043 0.0010111
-0.14751 0.88025 -0.019211
-0.26398 0.79839 -0.032086
-0.38044 0.71653 -0.044961
-0.48284 0.63606 -0.058269
-0.58369 0.55573 -0.071625
-0.64439 0.50195 -0.093332
-0.68566 0.46102 -0.11908
-0.72692 0.42009 -0.14069
-0.76819 0.37916 -0.15718
-0.8058 0.34185 -0.17287
-0.83049 0.31737 -0.18574
-0.85517 0.29289 -0.19862
-0.85707 0.29272 -0.21042
-0.8588 0.29272 -0.22221
-0.87501 0.29272 -0.22497
-0.89564 0.29272 -0.22497
-0.93332 0.27581 -0.23029
-0.98558 0.24444 -0.24015
-1.038 0.20437 -0.25096
-1.0906 0.14508 -0.26383
-1.1418 0.084323 -0.27656
-1.1777 0.0078219 -0.28776
-1.2135 -0.06868 -0.29895
-1.2186 -0.11465 -0.30053
-1.2186 -0.15558 -0.30053
-1.2186 -0.19651 -0.30053
-1.2186 -0.23744 -0.30053
-1.2104 -0.27017 -0.30053
-1.1899 -0.29083 -0.30053
-1.1658 -0.30782 -0.30053
-1.1245 -0.30782 -0.30053
-1.0833 -0.30782 -0.30053
-1.042 -0.30782 -0.30053
-1.0007 -0.30782 -0.30053
-0.9338 -0.28236 -0.30053
-0.85706 -0.24717 -0.30053
-0.78299 -0.20913 -0.29707
-0.71165 -0.1682 -0.29009
-0.64534 -0.12975 -0.28308
-0.5927 -0.098002 -0.27598
-0.54142 -0.067605 -0.26973
-0.52079 -0.067605 -0.2826
-0.50016 -0.067605 -0.29548
-0.47953 -0.067605 -0.29883
-0.4589 -0.067605 -0.30004
-0.43826 -0.081791 -0.30053
-0.41763 -0.10589 -0.30053
-0.397 -0.13607 -0.30053
-0.37637 -0.177 -0.30053
-0.35573 -0.21793 -0.30053
-0.3351 -0.25886 -0.30053
-0.31447 -0.29979 -0.30053
-0.31169 -0.3053 -0.30053
-0.31073 -0.30721 -0.30053
-0.30149 -0.32553 -0.29496
-0.28838 -0.35154 -0.28678
-0.27186 -0.38432 -0.27832
-0.25122 -0.42525 -0.26954
-0.23059 -0.46618 -0.26275
-0.20996 -0.50711 -0.26275
-0.18933 -0.54803 -0.26275
