0.2405 0.42826 -0.072331
0.2405 0.42826 -0.072331
0.2405 0.42826 -0.072331
0.2405 0.42826 -0.072331
0.2405 0.42826 -0.072331
0.2405 0.42826 -0.072331
0.2405 0.42826 -0.072331
0.2405 0.42826 -0.072331
0.2405 0.42826 -0.072331
0.2405 0.42826 -0.072331
0.2405 0.42826 -0.072331
0.2405 0.42826 -0.072331
0.2405 0.42826 -0.072331
0.2405 0.42826 -0.072331
0.2405 0.42826 -0.072331
0.2405 0.42826 -0.072331
0.2405 0.42826 -0.072331
0.2405 0.42826 -0.072331
0.2405 0.42826 -0.072331
0.2405 0.42826 -0.072331
0.2405 0.42826 -0.072331
0.2405 0.42826 -0.020668
0.2405 0.42826 0.019543
0.2405 0.42826 0.026489
0.30492 0.52939 0.026807
0.34916 0.59886 0.050814
0.37375 0.6312 0.095735
0.42809 0.6312 0.11784
0.47044 0.6312 0.14913
0.49902 0.61875 0.1849
0.49902 0.55412 0.21711
0.47301 0.48073 0.24504
0.43201 0.42826 0.28318
0.37685 0.42826 0.34696
0.36976 0.39896 0.39642
0.36976 0.33359 0.42826
0.36976 0.2263 0.43963
0.36976 0.22531 0.50293
0.37067 0.22531 0.5674
0.38129 0.22531 0.63932
0.46444 0.22531 0.76687
0.49521 0.22531 0.89443
0.49902 0.22531 1.0094
0.49902 0.22531 1.082
0.49902 0.22531 1.1476
0.49902 0.19332 1.227
0.49902 0.10154 1.3357
0.49902 0.048506 1.4253
0.49902 -0.010896 1.4856
0.49902 -0.081955 1.5139
0.49902 -0.15176 1.5139
0.49902 -0.18058 1.5139
0.49902 -0.18058 1.5168
0.49902 -0.18058 1.5363
0.49902 -0.18058 1.5871
0.49902 -0.18058 1.6534
0.49902 -0.18058 1.7267
0.49426 -0.18058 1.8411
0.45868 -0.18058 1.9414
0.37552 -0.18058 2.0052
0.37017 -0.18058 2.0093
0.36976 -0.18058 1.951
0.36976 -0.18058 1.8408
0.36976 -0.18058 1.8194
0.4088 -0.11929 1.7514
0.46487 -0.031246 1.6575
0.49204 0.011411 1.5729
0.49902 0.080004 1.5038
0.4731 0.15326 1.44
0.38747 0.2166 1.3762
0.26351 0.17626 1.2885
0.16574 0.10793 1.1721
0.11222 0.02391 1.0219
0.088613 0.022369 0.83128
0.033028 0.0083749 0.63995
-0.049129 -0.024913 0.44939
-0.1224 -0.12445 0.26563
-0.1451 -0.071994 0.119
-0.12422 0.058562 -0.0085542
-0.04107 0.18912 -0.13611
0.042084 0.31967 -0.2159
0.10037 0.41118 -0.3195
0.11025 0.42669 -0.49567
0.11124 0.52239 -0.68548
0.083673 0.59567 -0.85566
0.02413 0.6312 -1.0013
-0.0055091 0.6312 -1.1699
0.0091065 0.58861 -1.3101
0.055469 0.51582 -1.426
0.098281 0.44861 -1.5207
0.087706 0.3913 -1.6203
0.04824 0.30742 -1.7122
-0.0077449 0.13421 -1.776
-0.034823 -0.084387 -1.8398
-0.073678 -0.27623 -1.9036
-0.14284 -0.40679 -1.9673
-0.15421 -0.52646 -2.0205
-0.19874 -0.5871 -2.0153
-0.27654 -0.59551 -1.9515
-0.27654 -0.72607 -1.8878
-0.32411 -0.85662 -1.824
-0.39016 -0.9678 -1.7602
-0.40251 -0.98719 -1.6964
-0.45293 -1.0664 -1.6327
-0.50579 -1.1493 -1.5689
-0.53131 -1.1894 -1.5051
-0.57861 -1.2637 -1.4413
-0.62455 -1.3358 -1.3776
-0.66325 -1.3966 -1.3138
-0.70115 -1.3982 -1.2217
-0.77976 -1.3982 -1.1232
-0.89896 -1.4018 -1.0233
-1.0653 -1.4406 -0.95953
-1.2316 -1.5391 -0.89575
-1.3955 -1.6697 -0.83011
-1.5502 -1.8002 -0.75749
-1.6498 -1.9248 -0.64546
-1.733 -2.0071 -0.5415
-1.8161 -2.0071 -0.47773
-1.9718 -2.121 -0.46958
-2.0699 -2.2501 -0.46889
-2.0868 -2.3797 -0.46841
-2.1551 -2.4029 -0.41599
-2.1968 -2.4681 -0.38406
-2.2154 -2.5582 -0.36431
-2.2154 -2.6022 -0.32201
-2.182 -2.5634 -0.29056
-2.1249 -2.49 -0.26263
-2.0417 -2.4254 -0.23043
-1.93 -2.3232 -0.19465
-1.815 -2.1902 -0.17147
-1.7064 -2.0196 -0.17147
-1.6778 -2.0071 -0.15567
-1.6259 -1.9951 -0.1159
-1.5428 -1.9664 -0.052443
-1.4596 -1.85 0.0043877
-1.375 -1.8018 0.027954
-1.276 -1.777 0.040068
-1.1097 -1.6464 0.10384
-0.88613 -1.4259 0.12369
-0.66022 -1.2018 0.12595
-0.48321 -1.0544 0.12595
-0.25964 -0.92126 0.12595
0.0034415 -0.7907 0.10759
0.31218 -0.66014 0.062128
0.54241 -0.60928 0.037953
0.73778 -0.58646 0.0083155
0.90083 -0.58646 -0.02689
1.0276 -0.58646 -0.060357
1.1264 -0.61967 -0.072331
1.2095 -0.67894 -0.072331
1.2927 -0.76813 -0.072331
1.3758 -0.78941 -0.072331
1.459 -0.78941 -0.075576
1.5422 -0.78941 -0.085679
1.6253 -0.78941 -0.13861
1.7085 -0.78941 -0.17147
1.7916 -0.78941 -0.17147
1.7916 -0.78941 -0.17147
1.7916 -0.72213 -0.17147
1.7833 -0.62689 -0.18427
1.7133 -0.71608 -0.29162
1.6774 -0.90093 -0.34667
1.6488 -1.0746 -0.36975
1.592 -1.0681 -0.36975
1.5142 -1.0256 -0.36975
1.431 -1.0169 -0.36975
1.3479 -1.0854 -0.36975
1.2307 -1.1574 -0.39582
1.1176 -1.1953 -0.42996
1.0152 -1.1953 -0.46956
0.99131 -1.1953 -0.48787
0.93208 -1.1791 -0.53329
0.84893 -1.1385 -0.59707
0.76577 -1.0247 -0.66085
0.68556 -0.99235 -0.72463
0.62828 -0.99235 -0.7884
0.62828 -0.99235 -0.85218
0.56092 -0.99235 -0.91596
0.50849 -0.94646 -0.97973
0.49944 -0.83012 -1.0435
0.49902 -0.70021 -1.1073
0.49902 -0.6188 -1.1711
0.49902 -0.58646 -1.2379
0.49902 -0.58646 -1.3434
0.46879 -0.63392 -1.4396
0.41422 -0.70715 -1.5253
0.33107 -0.77308 -1.5891
0.24791 -0.78941 -1.6529
0.16476 -0.7757 -1.7032
0.081603 -0.73175 -1.7241
0.017105 -0.64161 -1.6712
-0.018017 -0.57643 -1.6074
-0.018017 -0.55316 -1.5436
-0.026175 -0.42359 -1.4736
-0.074743 -0.29303 -1.3733
-0.14728 -0.16248 -1.262
-0.14728 -0.031922 -1.262
-0.094895 0.016392 -1.262
-0.031976 0.022369 -1.262
-0.02045 0.022369 -1.262
0.0333 0.022369 -1.262
0.063898 0.054364 -1.262
0.030142 0.14614 -1.262
-0.04848 0.19918 -1.2259
-0.15282 0.22531 -1.1586
-0.2823 0.22531 -1.0593
-0.44861 0.22531 -0.93174
-0.63377 0.22531 -0.78973
-0.83219 0.21943 -0.63468
-1.0306 0.17936 -0.46292
-1.1342 0.096369 -0.33265
-1.1748 0.022369 -0.23524
-1.1501 0.022369 -0.18094
-1.0132 0.02984 -0.16782
-0.88249 0.085708 -0.14053
-0.79934 0.21626 -0.076752
-0.71618 0.22467 -0.072644
-0.67125 0.28532 -0.043018
-0.66876 0.39802 0.018848
-0.73791 0.41999 0.13567
-0.77677 0.48954 0.28912
-0.79357 0.57759 0.47544
-0.79357 0.62024 0.70971
-0.83028 0.6312 0.98762
-0.8899 0.6312 1.2785
-0.97306 0.6312 1.5646
-0.99373 0.6312 1.776
-0.95232 0.6312 1.9356
-0.83952 0.6312 2.0404
-0.71945 0.6312 2.0876
-0.6554 0.64519 2.1087
-0.63221 0.68005 2.1087
-0.54905 0.79509 2.1087
-0.4659 0.83414 2.1104
-0.38274 0.83414 2.1264
-0.29959 0.83414 2.1902
-0.21643 0.73637 2.2062
-0.15815 0.64828 2.1888
-0.14827 0.63277 2.1326
-0.14728 0.6312 2.0696
-0.14728 0.6312 1.9846
-0.14531 0.63274 1.8744
-0.038283 0.71676 1.7469
0.075885 0.7851 1.6193
0.19028 0.83414 1.496
0.27343 0.83414 1.3994
0.35659 0.8711 1.3077
0.43276 0.94402 1.2083
0.48875 1.0746 1.0807
0.51583 1.1787 0.96604
0.55995 1.2318 0.86425
0.6431 1.2098 0.77901
0.71932 1.0971 0.61044
0.75795 1.0377 0.52219
0.7633 1.0461 0.51808
0.84646 1.1767 0.4543
0.92961 1.2326 0.39053
1.0128 1.24 0.32675
1.0959 1.24 0.26297
1.2262 1.24 0.16305
1.3622 1.2666 0.058728
1.4709 1.3571 -0.024624
1.5578 1.4134 -0.091275
1.641 1.443 -0.15505
1.7241 1.443 -0.21883
1.8073 1.5008 -0.28261
1.9071 1.5981 -0.34638
2.0217 1.7251 -0.40842
2.1386 1.8169 -0.45326
2.1676 1.8489 -0.46889
2.1333 1.8489 -0.46702
2.0386 1.8489 -0.45818
1.8926 1.8429 -0.41284
1.757 1.7946 -0.39627
1.6739 1.664 -0.46005
1.5182 1.6473 -0.46819
1.3865 1.6459 -0.46889
1.2952 1.6459 -0.46841
1.212 1.6459 -0.41599
1.1289 1.7011 -0.38406
1.0244 1.7912 -0.35888
0.7758 1.8352 -0.27426
0.60308 1.8489 -0.21137
0.46782 1.8489 -0.15552
0.34185 1.8489 -0.091107
0.11618 1.804 0.0023601
-0.13328 1.7043 0.097432
-0.38274 1.5285 0.18331
-0.6734 1.2736 0.29201
-1.0038 1.0245 0.37396
-1.3633 0.79213 0.42304
-1.5296 0.64735 0.4161
-1.6929 0.43683 0.37589
-1.8277 0.22531 0.32422
-1.8277 0.22531 0.32422
-1.8277 0.31525 0.32422
-1.8277 0.40883 0.32422
-1.8277 0.42564 0.32422
-1.7721 0.42826 0.28159
-1.7471 0.42826 0.22572
-1.7825 0.42826 0.16194
-1.8131 0.42826 0.13709
-1.8035 0.42826 0.12595
-1.7511 0.43338 0.12344
-1.6284 0.49543 0.093133
-1.52 0.56826 0.057552
-1.4346 0.6312 0.026807
-1.4082 0.6312 0.026807
-1.3386 0.6312 0.038347
-1.2555 0.6312 0.069115
-1.1723 0.6312 0.13289
-1.0891 0.6312 0.18777
-1.006 0.6312 0.18972
-0.92283 0.6312 0.12595
