0.64112 1.1651 1.7272
0.64112 1.1651 1.7272
0.64112 1.1651 1.7272
0.64112 1.1602 1.7123
0.64112 1.1259 1.6095
0.64112 1.0973 1.5235
0.64112 1.0785 1.4671
0.64112 1.0785 1.4671
0.64112 1.0785 1.4671
0.64112 1.0785 1.4671
0.64112 1.0785 1.4671
0.64112 1.0785 1.4671
0.64112 1.0785 1.4671
0.64112 1.0785 1.4671
0.64112 1.0785 1.4671
0.64112 1.0785 1.4671
0.64112 1.0785 1.4671
0.64112 1.0785 1.4671
0.64112 1.0785 1.4555
0.64112 1.0785 1.4019
0.64112 1.0767 1.2963
0.64112 0.97732 1.0931
0.60337 0.92363 0.91139
0.53665 0.89468 0.74642
0.4555 0.83065 0.59069
0.37434 0.73735 0.45204
0.30013 0.63358 0.33281
0.24142 0.5298 0.24335
0.23448 0.4309 0.18213
0.23448 0.35372 0.10361
0.23448 0.30316 -0.00020629
0.23448 0.29984 -0.10403
0.27178 0.27467 -0.18399
0.32887 0.23283 -0.25129
0.36168 0.18094 -0.33413
0.37003 0.12906 -0.43261
0.37662 0.077169 -0.53643
0.39734 0.025281 -0.64025
0.4596 -0.03054 -0.74014
0.45809 -0.10885 -0.81752
0.37963 -0.2109 -0.87116
0.37273 -0.26721 -0.97056
0.37003 -0.34435 -1.0727
0.37003 -0.43187 -1.1765
0.37003 -0.50584 -1.2803
0.34527 -0.56314 -1.3524
0.30907 -0.61503 -1.3901
0.26591 -0.66692 -1.3779
0.32997 -0.71583 -1.336
0.37003 -0.74144 -1.3366
0.37332 -0.74144 -1.3864
0.44585 -0.74144 -1.3919
0.56 -0.76464 -1.3941
0.66129 -0.79944 -1.3941
0.59913 -0.82262 -1.3941
0.44599 -0.84328 -1.3789
0.29256 -0.87763 -1.3519
0.19414 -0.94056 -1.3111
0.037637 -1.0386 -1.3053
-0.12467 -1.1162 -1.2792
-0.28312 -1.1681 -1.2273
-0.37464 -1.22 -1.1754
-0.45965 -1.2719 -1.0777
-0.54944 -1.3293 -0.94674
-0.67376 -1.4088 -0.79101
-0.82744 -1.4926 -0.64979
-0.98438 -1.5661 -0.52428
-1.1312 -1.618 -0.42046
-1.2177 -1.6699 -0.31765
-1.2988 -1.7218 -0.23988
-1.38 -1.7709 -0.18234
-1.4611 -1.7786 -0.042076
-1.5423 -1.8039 0.040559
-1.6321 -1.8427 0.085411
-1.7547 -1.8946 0.11192
-1.9084 -1.9464 0.1721
-2.0609 -1.9952 0.24756
-2.1956 -2.0383 0.33371
-2.2053 -2.0414 0.33997
-2.2053 -2.0154 0.31402
-2.2004 -1.9636 0.26211
-2.1331 -1.9117 0.2102
-2.0568 -1.8819 0.18039
-1.9757 -1.8625 0.16103
-1.8945 -1.8371 0.13562
-1.8339 -1.8039 0.089256
-1.7943 -1.7814 0.042969
-1.7822 -1.7814 0.006521
-1.7055 -1.7814 0.052809
-1.6243 -1.7297 0.027125
-1.5378 -1.6314 -0.07022
-1.391 -1.5696 -0.13207
-1.2341 -1.5359 -0.18742
-1.0804 -1.5159 -0.23933
-0.95608 -1.4916 -0.29124
-0.84695 -1.4576 -0.33078
-0.72425 -1.4323 -0.35364
-0.5723 -1.4257 -0.35364
-0.48728 -1.3762 -0.35364
-0.36586 -1.3501 -0.32788
-0.20669 -1.3444 -0.2817
-0.044381 -1.3035 -0.27065
0.11793 -1.2553 -0.26694
0.28024 -1.2089 -0.26146
0.44255 -1.1802 -0.23826
0.60486 -1.1748 -0.21507
0.77046 -1.1726 -0.21844
0.94141 -1.1671 -0.26483
1.1816 -1.1173 -0.26694
1.425 -1.0655 -0.26694
1.6623 -1.0175 -0.27091
1.8436 -1.0054 -0.31068
1.9796 -1.0014 -0.37941
2.077 -1.0014 -0.45656
2.1236 -1.0014 -0.5162
2.0982 -1.0123 -0.52704
2.0122 -1.0389 -0.52704
1.8568 -1.0864 -0.52704
1.773 -1.0881 -0.52704
1.7316 -1.0881 -0.52704
1.7189 -1.0881 -0.52704
1.6585 -1.0881 -0.52704
1.6475 -1.0678 -0.56771
1.6688 -1.0377 -0.63325
1.7171 -1.0068 -0.71609
1.7255 -1.0014 -0.78339
1.7234 -1.0014 -0.86203
1.7182 -1.0014 -0.96254
1.6392 -1.0014 -1.0158
1.5184 -1.052 -1.093
1.3499 -1.1416 -1.1875
1.0701 -1.2079 -1.2538
0.79042 -1.2642 -1.2903
0.52844 -1.3108 -1.3074
0.31606 -1.3428 -1.3074
0.16 -1.3388 -1.3074
0.043916 -1.3102 -1.3092
-0.030332 -1.2561 -1.3136
0.047998 -1.1532 -1.4156
0.089894 -1.0997 -1.5194
0.10619 -1.0788 -1.6186
0.16317 -1.006 -1.686
0.23707 -0.93077 -1.7425
0.31823 -0.8561 -1.7893
0.39938 -0.78545 -1.8224
0.48054 -0.69519 -1.8276
0.56097 -0.6189 -1.8266
0.6404 -0.56701 -1.8244
0.64112 -0.51512 -1.7215
0.56326 -0.46323 -1.6675
0.42183 -0.41135 -1.6493
0.25952 -0.35946 -1.614
0.097209 -0.28878 -1.5857
-0.065101 -0.20822 -1.5675
-0.22741 -0.12211 -1.5675
-0.37792 -0.065246 -1.5448
-0.49764 -0.013358 -1.4631
-0.57879 0.038529 -1.3074
-0.57879 0.090417 -1.2035
-0.57879 0.1423 -1.0504
-0.58658 0.19917 -0.87277
-0.64011 0.28528 -0.76785
-0.65643 0.36584 -0.68275
-0.63405 0.44615 -0.59291
-0.55289 0.53116 -0.47252
-0.4613 0.67719 -0.32161
-0.33792 0.83285 -0.16588
-0.17561 0.98851 -0.0096847
-0.0133 1.1442 0.19685
0.11083 1.2998 0.42845
0.14909 1.435 0.71032
-0.13236 1.4582 1.1687
-0.48037 1.4091 1.5853
-0.79998 1.3247 1.9189
-0.9951 1.2209 2.0957
-1.0817 1.1287 2.2088
-1.121 1.0785 2.3126
-1.1196 1.0785 2.4155
-1.0419 1.0785 2.4696
-0.96212 1.0785 2.5224
-0.88916 1.0732 2.5691
-0.85808 1.0412 2.589
-0.82319 1.0117 2.5942
-0.77999 0.98739 2.5898
-0.72128 0.97304 2.5754
-0.72195 0.93045 2.5231
-0.76355 0.90516 2.4446
-0.83849 0.90516 2.3407
-0.69172 0.90516 2.2369
-0.61022 0.88131 2.1331
-0.57044 0.84481 2.0239
-0.5221 0.82384 1.8892
-0.47504 0.8185 1.7388
-0.44325 0.81428 1.5915
-0.44325 0.80103 1.4623
-0.44325 0.7573 1.398
-0.44325 0.73183 1.3196
-0.44325 0.73183 1.2158
-0.44325 0.73183 1.112
-0.44325 0.73183 1.0082
-0.43477 0.73183 0.90436
-0.38815 0.73183 0.80054
-0.29072 0.74766 0.71255
-0.16715 0.77478 0.63984
-0.023833 0.81452 0.58793
0.063538 0.8185 0.53602
0.14469 0.8185 0.48411
0.22585 0.8185 0.43431
0.307 0.8185 0.42878
0.38816 0.8185 0.42667
0.46074 0.8185 0.42667
0.497 0.8185 0.42667
0.50557 0.8185 0.41149
0.51138 0.8185 0.38455
0.52865 0.8185 0.34369
0.604 0.8185 0.33997
0.68515 0.8185 0.33997
0.7663 0.8185 0.33997
0.84746 0.8185 0.33997
0.96436 0.8185 0.31711
1.0987 0.82402 0.28309
1.2178 0.85162 0.25879
1.3076 0.89798 0.25327
1.3941 0.94987 0.25327
1.4908 1.0018 0.25327
1.6462 1.0547 0.25226
1.7678 1.1326 0.22621
1.8489 1.2307 0.1743
1.9301 1.2462 0.12239
2.0113 1.2518 0.07048
2.0751 1.2574 0.024112
2.0734 1.2838 -0.0012907
2.0095 1.3302 -0.020649
1.9284 1.3758 -0.05046
1.8472 1.41 -0.10237
1.7661 1.3644 -0.15428
1.6038 1.3385 -0.20619
1.3652 1.3385 -0.2581
1.1891 1.3385 -0.31001
1.0219 1.3385 -0.36192
0.86821 1.3385 -0.41383
0.74562 1.3385 -0.46574
0.63531 1.3254 -0.50455
0.49937 1.2932 -0.52985
0.31289 1.2335 -0.53759
-0.00294 1.1326 -0.58668
-0.16581 1.0805 -0.61273
-0.17753 1.0751 -0.61374
-0.24314 1.0331 -0.61374
-0.31893 1.0063 -0.59206
-0.40008 0.99182 -0.55465
-0.48124 0.99182 -0.50274
-0.58173 0.97946 -0.43846
-0.71216 0.94796 -0.35998
-0.88483 0.88944 -0.26278
-1.1244 0.78814 -0.2084
-1.3679 0.68436 -0.18224
-1.5997 0.58059 -0.18024
-1.7154 0.47681 -0.18024
-1.7417 0.39428 -0.20149
-1.7081 0.3327 -0.23274
-1.6269 0.304 -0.26146
-1.5276 0.31013 -0.26694
-1.4049 0.33881 -0.26694
-1.2512 0.3907 -0.26694
-1.1667 0.44259 -0.26694
-1.1256 0.46886 -0.21569
-1.1272 0.46787 -0.12181
-1.1894 0.42813 -0.05775
-1.2643 0.38021 -0.022667
-1.3454 0.32291 -0.0014112
-1.4266 0.24894 0.020678
-1.4908 0.16142 0.045479
-1.5222 0.087727 0.042386
-1.5084 0.040255 -0.0051062
-1.3515 0.038529 -0.0068332
-1.229 0.038529 -0.032306
-1.1351 0.038529 -0.071847
-0.99352 0.038529 -0.046444
-0.86959 0.058853 -0.0233
-0.76269 0.094281 -0.0068332
-0.68153 0.14617 -0.0068332
-0.60038 0.18801 0.0032176
-0.51922 0.21186 0.029946
-0.43807 0.21186 0.078543
-0.35691 0.21186 0.079868
-0.27576 0.21186 0.079868
-0.1946 0.20742 0.07543
-0.11345 0.16988 0.037878
-0.063312 0.14226 -0.0095944
-0.044805 0.12519 -0.045781
-0.075885 0.12519 -0.03805
-0.1344 0.11596 0.04081
-0.17074 0.090015 0.11596
-0.16729 0.042544 0.16567
-0.087548 0.092625 0.16657
-0.0063934 0.11941 0.19168
0.067509 0.12056 0.23317
0.091683 0.084124 0.24863
0.12915 0.056193 0.25327
0.17467 0.038529 0.25327
0.22648 0.038529 0.25327
0.24762 0.038529 0.25327
0.28915 0.038529 0.25327
0.36686 0.038529 0.25327
0.28715 0.038529 0.25327
0.24492 0.013639 0.25327
0.23448 -0.026757 0.25327
0.23448 -0.043316 0.25327
0.2051 -0.048134 0.27207
0.16025 -0.048134 0.29577
0.10672 -0.048134 0.31234
0.11074 -0.048134 0.27794
0.15333 -0.048134 0.25327
0.23448 -0.048134 0.25327
