0.66827 1.1132 2.0039
0.66827 1.1132 2.0039
0.66827 1.1132 2.0039
0.66827 1.1132 2.0039
0.66827 1.1132 2.0039
0.67181 1.1105 1.9987
0.70959 1.0816 1.9429
0.7387 1.0593 1.8998
0.75759 1.0448 1.8719
0.76094 1.0422 1.867
0.76094 1.0422 1.867
0.76094 1.0422 1.867
0.76094 1.0422 1.867
0.76094 1.0422 1.867
0.76094 1.0422 1.867
0.76094 1.0422 1.867
0.76094 1.0422 1.867
0.76094 1.0422 1.867
0.76094 1.0422 1.867
0.76094 1.0422 1.867
0.76094 1.0422 1.867
0.76094 1.0422 1.867
0.76094 1.0422 1.867
0.76094 1.0422 1.867
0.76094 1.0422 1.867
0.74323 1.0287 1.8277
0.70545 0.99974 1.744
0.62833 0.94066 1.5934
0.53398 0.87269 1.428
0.40177 0.79311 1.257
0.26955 0.69319 1.0959
0.13733 0.57745 0.94232
0.031382 0.44829 0.81467
-0.068371 0.32967 0.70636
-0.15809 0.23925 0.64006
-0.22302 0.13933 0.58751
-0.27496 0.035786 0.54156
-0.3269 -0.0040022 0.46829
-0.37885 -0.04379 0.40846
-0.43079 -0.083578 0.37008
-0.44377 -0.12337 0.3317
-0.44377 -0.15901 0.28532
-0.44377 -0.16263 0.17715
-0.42341 -0.16451 0.065639
-0.38091 -0.16451 -0.049508
-0.36232 -0.16451 -0.21176
-0.3511 -0.16979 -0.3871
-0.3511 -0.19511 -0.57901
-0.3511 -0.22871 -0.73494
-0.3511 -0.2685 -0.86404
-0.3511 -0.30829 -0.94407
-0.3511 -0.34808 -1.0208
-0.3511 -0.38787 -1.0976
-0.3511 -0.42765 -1.1604
-0.3511 -0.46744 -1.2147
-0.3511 -0.50723 -1.2217
-0.35297 -0.54702 -1.2411
-0.3577 -0.58681 -1.2795
-0.39832 -0.62659 -1.3179
-0.45027 -0.66638 -1.3514
-0.50221 -0.70617 -1.3514
-0.55415 -0.74596 -1.3514
-0.60609 -0.78575 -1.3514
-0.62174 -0.82553 -1.3514
-0.62911 -0.85899 -1.3514
-0.62911 -0.86984 -1.3514
-0.60983 -0.87437 -1.3514
-0.57678 -0.87437 -1.3514
-0.52582 -0.89494 -1.3514
-0.47388 -0.91664 -1.3514
-0.42193 -0.93834 -1.3514
-0.38278 -0.95515 -1.342
-0.3511 -0.97022 -1.327
-0.3511 -0.99916 -1.2886
-0.35494 -1.0163 -1.2503
-0.36438 -1.0163 -1.2119
-0.41023 -1.0191 -1.1708
-0.47329 -1.0276 -1.1242
-0.57717 -1.0674 -1.0474
-0.68106 -1.1271 -0.98987
-0.78494 -1.2067 -0.95149
-0.92965 -1.2863 -0.91311
-1.0818 -1.3658 -0.88912
-1.2377 -1.4454 -0.91354
-1.3935 -1.525 -0.92968
-1.5493 -1.6046 -0.94015
-1.6735 -1.6841 -0.96399
-1.7901 -1.7567 -0.98616
-1.894 -1.8146 -1.0036
-1.9817 -1.8476 -0.99707
-2.0595 -1.8682 -0.9778
-2.0926 -1.8682 -0.92546
-2.1118 -1.8636 -0.85859
-2.1118 -1.8528 -0.77135
-2.1045 -1.8193 -0.67322
-2.0888 -1.7795 -0.58119
-2.0369 -1.7398 -0.54281
-1.9849 -1.7 -0.50442
-1.933 -1.6602 -0.46604
-1.9265 -1.6204 -0.46124
-1.9039 -1.5806 -0.46124
-1.8094 -1.5408 -0.46124
-1.7093 -1.501 -0.46124
-1.6054 -1.4612 -0.46124
-1.4649 -1.4215 -0.48829
-1.3296 -1.3817 -0.51155
-1.2068 -1.3419 -0.52551
-1.0972 -1.3021 -0.52972
-0.9933 -1.2634 -0.52754
-0.88942 -1.2417 -0.49265
-0.7936 -1.2231 -0.44583
-0.7086 -1.2086 -0.38303
-0.61613 -1.1741 -0.34784
-0.50398 -1.1332 -0.3232
-0.29621 -1.0862 -0.31622
-0.085981 -1.0241 -0.29652
0.12651 -0.94814 -0.26512
0.38081 -0.90421 -0.2955
0.6665 -0.86442 -0.34348
1.0301 -0.82463 -0.42024
1.1905 -0.80707 -0.45412
1.2236 -0.80346 -0.4611
1.3075 -0.80338 -0.46124
1.386 -0.81333 -0.47084
1.4521 -0.84226 -0.49875
1.4848 -0.84302 -0.49948
1.5023 -0.83164 -0.48698
1.5023 -0.81355 -0.4486
1.4816 -0.81129 -0.40258
1.4344 -0.82938 -0.34675
1.3417 -0.85327 -0.28533
1.2379 -0.87437 -0.22659
1.134 -0.87437 -0.18821
1.0351 -0.87437 -0.15353
0.94067 -0.87437 -0.12213
0.88853 -0.87437 -0.12198
0.85361 -0.87437 -0.13456
0.85361 -0.87437 -0.17294
0.88607 -0.87437 -0.23531
0.93801 -0.87437 -0.31208
0.94323 -0.87437 -0.31978
0.96133 -0.87437 -0.33541
1.0038 -0.87437 -0.36682
1.026 -0.87437 -0.40323
1.0389 -0.87437 -0.44365
1.0389 -0.87437 -0.50646
1.0136 -0.89381 -0.56614
0.9569 -0.93721 -0.62197
0.82351 -0.99531 -0.64945
0.66571 -1.0555 -0.6642
0.47683 -1.1098 -0.65025
0.31352 -1.1719 -0.6344
0.17186 -1.2406 -0.61695
0.072995 -1.2765 -0.6501
-0.0086571 -1.2993 -0.68848
-0.055878 -1.2957 -0.72687
-0.073093 -1.2691 -0.76525
-0.073093 -1.2293 -0.80363
-0.021151 -1.1895 -0.88039
0.030792 -1.1497 -0.94444
0.082734 -1.1099 -0.98631
0.13468 -1.0701 -1.0256
0.18308 -1.0304 -1.064
0.19724 -0.99056 -1.1024
0.18977 -0.95078 -1.152
0.15671 -0.91099 -1.2148
0.13143 -0.88906 -1.2718
0.10782 -0.87437 -1.3244
0.08421 -0.87437 -1.3628
0.03453 -0.87437 -1.4012
-0.036301 -0.87437 -1.4396
-0.11146 -0.86442 -1.4683
-0.16842 -0.84543 -1.4884
-0.17786 -0.80564 -1.4884
-0.21171 -0.76352 -1.4862
-0.25843 -0.71973 -1.4823
-0.25843 -0.64016 -1.4439
-0.23896 -0.56058 -1.4055
-0.18701 -0.48101 -1.3672
-0.10015 -0.37468 -1.3288
-0.0049188 -0.26195 -1.2838
0.056468 -0.17514 -1.1827
0.11343 -0.091717 -1.088
0.16537 -0.012141 -1.0008
0.21731 0.067435 -0.92227
0.26925 0.14701 -0.84136
0.3212 0.22659 -0.74366
0.37314 0.30616 -0.64596
0.42508 0.38574 -0.54826
0.442 0.4519 -0.45703
0.42862 0.50963 -0.35002
0.34835 0.54941 -0.20347
0.22469 0.5892 -0.0065459
0.079389 0.62906 0.21619
-0.015052 0.67247 0.41159
-0.073093 0.72982 0.62044
-0.073093 0.80939 0.85073
0.0048204 0.88897 1.0234
0.10871 0.9644 1.169
0.21259 1.0078 1.2527
0.29611 1.0651 1.3632
0.3575 1.1374 1.5028
0.34717 1.167 1.6541
0.32454 1.1789 1.7975
0.30565 1.1536 1.9022
0.29759 1.1324 1.9789
0.29759 1.1144 2.0347
0.29759 1.1132 2.0905
0.309 1.1132 2.1358
0.34678 1.1132 2.1567
0.40974 1.106 2.1125
0.48352 1.0945 2.0356
0.50241 1.0619 1.9518
0.55307 1.0408 1.8556
0.65223 1.0372 1.7405
0.71549 1.0061 1.6254
0.75445 0.96628 1.5102
0.7025 0.9265 1.3951
0.67368 0.85129 1.2799
0.66896 0.73916 1.1648
0.66827 0.70427 1.1301
0.66 0.68731 1.1015
0.62223 0.68731 1.0457
0.59547 0.67254 0.97765
0.57658 0.64723 0.90089
0.54874 0.62876 0.80428
0.52041 0.61068 0.69567
0.49208 0.59259 0.56308
0.49572 0.5794 0.43521
0.51657 0.57066 0.31207
0.58268 0.61045 0.24577
0.66414 0.65024 0.19082
0.76802 0.69003 0.15243
0.87191 0.72982 0.11674
0.97579 0.7696 0.086575
1.0797 0.80939 0.086575
1.2095 0.88897 0.086575
1.3654 1.0083 0.086575
1.5212 1.0652 0.086575
1.677 1.1254 0.086575
1.8328 1.2303 0.086575
1.9438 1.3266 0.07
2.0241 1.4171 0.042086
2.1089 1.4728 0.050955
2.1908 1.5224 0.077197
2.2664 1.5622 0.13651
2.3095 1.6144 0.20783
2.3353 1.6719 0.28386
2.3165 1.7226 0.34667
2.2779 1.7611 0.3993
2.2118 1.7828 0.43768
2.1088 1.8385 0.47607
1.9893 1.8946 0.51394
1.8334 1.8982 0.54883
1.6776 1.9203 0.56592
1.5218 1.9601 0.56592
1.366 1.9302 0.53233
1.1649 1.8818 0.50231
0.82016 1.8058 0.49882
0.48972 1.6883 0.51641
0.16862 1.5437 0.54781
-0.14333 1.385 0.5319
-0.42193 1.2427 0.50747
-0.63443 1.1342 0.46909
-0.7876 1.0459 0.41609
-0.91214 0.96967 0.35351
-0.99242 0.94435 0.24185
-1.0606 0.94066 0.10635
-1.1125 0.96598 -0.061139
-1.1645 0.95408 -0.2231
-1.2149 0.92559 -0.36834
-1.2574 0.86048 -0.43115
-1.2778 0.82929 -0.46124
-1.2778 0.82929 -0.46124
-1.2778 0.82929 -0.46124
-1.2648 0.82929 -0.44205
-1.2129 0.82929 -0.36529
-1.19 0.85152 -0.33141
-1.1852 0.88769 -0.32443
-1.1851 0.86365 -0.32429
-1.2371 0.81346 -0.3051
-1.3882 0.7158 -0.24927
-1.5326 0.58483 -0.17861
-1.6694 0.44226 -0.10643
-1.745 0.32651 -0.09247
-1.7896 0.22659 -0.10141
-1.7943 0.14701 -0.13979
-1.7536 0.07904 -0.18937
-1.6992 0.02177 -0.24404
-1.6331 0.0036841 -0.31033
-1.547 0.016344 -0.35438
-1.4431 0.056132 -0.37881
-1.3392 0.09592 -0.34384
-1.2353 0.13571 -0.29289
-1.1314 0.1755 -0.21612
-1.06 0.19042 -0.11537
-1.0081 0.19042 -0.00022154
-0.95612 0.19042 0.080396
-0.90417 0.19042 0.15941
-0.85223 0.19042 0.23618
-0.80029 0.16962 0.29288
-0.7511 0.13978 0.33882
-0.73221 0.099989 0.35278
-0.6964 0.069922 0.35111
-0.63974 0.051837 0.33017
-0.58307 0.033751 0.26671
-0.52975 0.016947 0.19343
-0.49198 0.0060955 0.12016
-0.41839 0.022674 0.097915
-0.31451 0.062462 0.11885
-0.20206 0.10225 0.18406
-0.078504 0.14204 0.24345
0.072601 0.18183 0.27485
0.1937 0.22161 0.26191
0.29759 0.2614 0.22353
