16 -52
126 -180
238 -198
134 -71
36 28
-92 90
16 146
60 202
44 290
54 316
20 196
-14 68
-104 -4
-112 -8
-132 -18
-138 -22
-148 -16
-144 -22
-148 -24
-160 -18
-166 -28
-172 -24
-190 -24
-196 -28
-192 -26
-196 -30
-202 -32
-212 -44
-218 -48
-234 -64
-240 -50
-222 -54
-196 -50
-180 -56
-142 -68
-128 -90
-106 -102
-112 -108
-102 -106
-72 -90
-36 -84
-12 -72
-8 -56
6 -50
16 -36
20 -24
14 -22
12 -14
8 -14
2 -6
-8 -10
-8 -6
-14 0
-2 0
-14 4
-16 4
-10 2
-12 12
-4 18
-4 8
0 20
22 28
82 -18
198 -120
324 -148
210 -21
228 98
100 138
100 194
