-1.1651 -0.97617 -1.1552
-1.1651 -0.97617 -1.1552
-1.1651 -0.97617 -1.1552
-1.1651 -0.97617 -1.1552
-1.1582 -0.97441 -1.1552
-1.1443 -0.97083 -1.1552
-1.099 -0.95915 -1.1552
-1.0426 -0.94459 -1.1552
-0.98611 -0.93003 -1.1552
-0.93602 -0.91711 -1.1552
-0.90735 -0.90971 -1.1552
-0.8923 -0.90583 -1.1552
-0.8923 -0.90583 -1.1552
-0.8923 -0.90583 -1.1552
-0.8923 -0.90583 -1.1552
-0.8923 -0.90583 -1.1552
-0.8923 -0.90583 -1.1552
-0.8923 -0.90583 -1.1552
-0.8923 -0.90583 -1.1552
-0.8923 -0.90583 -1.1552
-0.8923 -0.90583 -1.1552
-0.8923 -0.90583 -1.1552
-0.8923 -0.90583 -1.1552
-0.8923 -0.90583 -1.1552
-0.8923 -0.90583 -1.1552
-0.8923 -0.90583 -1.1552
-0.8923 -0.90583 -1.1552
-0.8923 -0.90583 -1.1552
-0.8923 -0.90583 -1.1552
-0.8923 -0.90583 -1.1552
-0.8923 -0.90583 -1.1552
-0.8923 -0.90583 -1.1552
-0.8923 -0.90583 -1.1552
-0.8923 -0.90583 -1.1552
-0.8923 -0.90583 -1.1552
-0.8923 -0.90583 -1.1552
-0.8923 -0.90583 -1.1552
-0.8923 -0.90583 -1.1552
-0.8923 -0.90583 -1.1552
-0.8923 -0.90583 -1.1552
-0.8923 -0.90583 -1.1552
-0.8923 -0.90583 -1.1552
-0.8923 -0.90583 -1.1552
-0.8923 -0.90583 -1.1552
-0.8923 -0.90583 -1.1552
-0.8923 -0.90583 -1.1552
-0.8923 -0.90583 -1.1552
-0.8923 -0.90583 -1.1552
-0.8923 -0.90583 -1.1552
-0.8923 -0.90583 -1.1552
-0.8923 -0.90583 -1.1552
-0.8923 -0.90583 -1.1552
-0.8923 -0.90583 -1.1552
-0.88233 -0.90197 -1.1517
-0.85569 -0.89167 -1.1423
-0.82222 -0.87872 -1.1305
-0.78458 -0.86416 -1.1172
-0.74694 -0.8496 -1.104
-0.7093 -0.83504 -1.0879
-0.67166 -0.82048 -1.0493
-0.63401 -0.80591 -1.0103
-0.59637 -0.79135 -0.97052
-0.55987 -0.77503 -0.92913
-0.52411 -0.75756 -0.88669
-0.49474 -0.73019 -0.83523
-0.46651 -0.70107 -0.78218
-0.43828 -0.67195 -0.72913
-0.40861 -0.64282 -0.67809
-0.37618 -0.6137 -0.63095
-0.3407 -0.58458 -0.58813
-0.30305 -0.55545 -0.54834
-0.26541 -0.52633 -0.50855
-0.22726 -0.498 -0.46804
-0.1831 -0.47895 -0.41907
-0.13801 -0.46136 -0.36877
-0.090955 -0.4468 -0.31572
-0.043902 -0.43224 -0.26266
0.0031506 -0.41768 -0.20961
0.035797 -0.40312 -0.16671
0.065115 -0.38855 -0.12615
0.093347 -0.37399 -0.086361
0.12158 -0.36026 -0.048828
0.14981 -0.34838 -0.016384
0.17804 -0.34308 -0.0018834
0.20627 -0.34308 -0.0018834
0.2345 -0.34308 -0.0018834
0.26292 -0.3428 -0.0016281
0.2952 -0.33652 0.0040854
0.32904 -0.32784 0.011992
0.36669 -0.31328 0.025256
0.40433 -0.29872 0.038519
0.44197 -0.28416 0.051782
0.46965 -0.27731 0.072068
0.49438 -0.27273 0.094429
0.5132 -0.27273 0.12096
0.53202 -0.27273 0.14748
0.55084 -0.27273 0.17401
0.56966 -0.26575 0.20054
0.58849 -0.25231 0.22706
0.60731 -0.23801 0.25359
0.62611 -0.22345 0.28012
0.64334 -0.20889 0.30664
0.65856 -0.19432 0.33317
0.66797 -0.17976 0.3597
0.67738 -0.1652 0.38622
0.68679 -0.15064 0.41275
0.69913 -0.14061 0.43928
0.71245 -0.13209 0.46581
0.73124 -0.13204 0.49233
0.75006 -0.13204 0.51886
0.76888 -0.13204 0.54539
0.78467 -0.13204 0.56338
0.79727 -0.13204 0.57236
0.80753 -0.13204 0.57477
0.81694 -0.13204 0.57477
0.82635 -0.13204 0.57477
0.83386 -0.13204 0.57208
0.83472 -0.13204 0.56004
0.83519 -0.13204 0.54743
0.83519 -0.13204 0.53416
0.83519 -0.13365 0.51944
0.83519 -0.13589 0.50414
0.83519 -0.14997 0.47805
0.83519 -0.16453 0.45152
0.83519 -0.17909 0.42499
0.83519 -0.18838 0.39847
0.83519 -0.19129 0.37194
0.83519 -0.182 0.34541
0.83519 -0.16744 0.31889
0.83519 -0.15288 0.29236
0.83634 -0.13832 0.26583
0.84242 -0.12376 0.23931
0.84995 -0.10919 0.21278
0.85936 -0.094632 0.18625
0.86877 -0.08007 0.15973
0.87818 -0.065509 0.1332
0.89538 -0.038897 0.10667
0.91337 -0.01107 0.080146
0.93219 0.018053 0.053619
0.95101 0.047176 0.027092
0.96983 0.0763 0.00056519
0.98865 0.10542 -0.025962
1.0075 0.13455 -0.052488
1.0263 0.16367 -0.079015
1.0457 0.19367 -0.10474
1.0681 0.22839 -0.12617
1.0929 0.26672 -0.14431
1.1211 0.31041 -0.15758
1.1494 0.35409 -0.17084
1.1776 0.39778 -0.1841
1.2005 0.43325 -0.21232
1.2223 0.467 -0.24369
1.2411 0.49612 -0.28348
1.26 0.52525 -0.32327
1.2788 0.55437 -0.36306
1.308 0.59962 -0.41019
1.3433 0.65428 -0.46161
1.3807 0.71209 -0.51446
1.4183 0.77055 -0.56732
1.456 0.83059 -0.61874
1.4936 0.89534 -0.66587
1.5313 0.96815 -0.70566
1.5689 1.041 -0.74545
1.6066 1.1138 -0.78524
1.6502 1.1819 -0.83767
1.696 1.2484 -0.89482
1.7525 1.3067 -0.9744
1.809 1.3649 -1.054
1.8654 1.4231 -1.1336
1.9184 1.4867 -1.1936
1.9691 1.554 -1.2406
2.0167 1.6259 -1.2703
2.0638 1.6987 -1.2968
2.1108 1.7715 -1.3233
2.1524 1.8485 -1.3422
2.1833 1.9339 -1.3459
2.2126 2.0204 -1.3474
2.2408 2.1078 -1.3474
2.2649 2.1912 -1.3439
2.285 2.2711 -1.337
2.2662 2.3148 -1.2972
2.2473 2.3585 -1.2574
2.2285 2.4021 -1.2176
2.1984 2.44 -1.1752
2.1596 2.4734 -1.1307
2.0913 2.4915 -1.0793
2.016 2.5061 -1.0262
1.9407 2.5206 -0.97317
1.8552 2.5326 -0.91532
1.746 2.5384 -0.84635
1.6245 2.541 -0.77157
1.4928 2.541 -0.69199
1.361 2.541 -0.61241
1.229 2.5391 -0.53195
1.0892 2.4898 -0.42992
0.94913 2.438 -0.32674
0.80797 2.3797 -0.22063
0.66911 2.3208 -0.11712
0.5323 2.2612 -0.01591
0.42865 2.1913 0.047905
0.33455 2.1185 0.10096
0.24044 2.0457 0.15401
0.1489 1.9729 0.20707
0.064348 1.9001 0.26012
-0.010603 1.8273 0.31317
-0.076477 1.7545 0.36623
-0.14235 1.6817 0.41928
-0.20813 1.6089 0.47246
-0.2575 1.5446 0.54878
-0.30392 1.4818 0.62925
-0.34156 1.4236 0.7221
-0.37921 1.3653 0.81494
-0.41685 1.3071 0.90778
-0.46611 1.2489 1.0006
-0.51939 1.1906 1.0935
-0.57581 1.1324 1.1863
-0.63228 1.0733 1.2792
-0.68874 1.0117 1.372
-0.7452 0.93073 1.4648
-0.80167 0.8288 1.5577
-0.85813 0.72687 1.6505
-0.91459 0.62494 1.7434
-0.97401 0.52301 1.8362
-1.0349 0.42108 1.9291
-1.1008 0.31914 2.0219
-1.1666 0.21721 2.1148
-1.2325 0.11528 2.2076
-1.287 0.013348 2.2737
-1.3368 -0.088583 2.3288
-1.375 -0.19052 2.3566
-1.4126 -0.29245 2.3831
-1.4503 -0.39438 2.4096
-1.4742 -0.4857 2.4265
-1.4811 -0.56388 2.4314
-1.4833 -0.63834 2.4329
-1.4833 -0.71115 2.4329
-1.4833 -0.78228 2.4306
-1.4833 -0.84826 2.4212
-1.4833 -0.89194 2.3815
-1.4833 -0.93563 2.3417
-1.4833 -0.97931 2.3019
-1.4754 -1.0169 2.2538
-1.4639 -1.0517 2.2018
-1.4283 -1.0678 2.1243
-1.3906 -1.0824 2.0448
-1.353 -1.0969 1.9652
-1.3132 -1.1048 1.8826
-1.2703 -1.1032 1.7956
-1.2247 -1.0931 1.7048
-1.1777 -1.0786 1.612
-1.1306 -1.064 1.5191
-1.0835 -1.0477 1.4279
-1.0365 -1.0215 1.3456
-0.98944 -0.9941 1.2645
-0.94239 -0.96497 1.1849
-0.89562 -0.93542 1.1061
-0.849 -0.90562 1.0277
-0.81035 -0.86349 0.97186
-0.77271 -0.8198 0.9188
-0.73507 -0.77612 0.86575
-0.69743 -0.73405 0.81417
-0.65978 -0.69462 0.76499
-0.62214 -0.66164 0.72169
-0.5845 -0.63252 0.6819
-0.54686 -0.6034 0.64211
-0.51041 -0.57427 0.60399
-0.4829 -0.54515 0.57849
-0.45854 -0.51603 0.55742
-0.43972 -0.4869 0.54416
-0.4209 -0.45778 0.5309
-0.40208 -0.42865 0.51763
-0.38957 -0.4093 0.50437
-0.37834 -0.39191 0.49111
-0.36893 -0.37735 0.47784
-0.35952 -0.36279 0.46472
-0.35011 -0.34823 0.45187
-0.3407 -0.33367 0.44662
-0.33128 -0.31911 0.44662
-0.32187 -0.30454 0.44662
-0.31268 -0.29032 0.44601
-0.30588 -0.27979 0.43866
-0.30132 -0.27273 0.42499
-0.30132 -0.27273 0.39847
-0.30132 -0.27273 0.37194
-0.30132 -0.27273 0.34541
-0.30132 -0.26648 0.31889
-0.30132 -0.2584 0.29236
-0.30132 -0.24383 0.26583
-0.30132 -0.22927 0.23931
-0.30132 -0.21471 0.21278
-0.30132 -0.20641 0.19195
-0.30132 -0.20305 0.17563
-0.30132 -0.20239 0.16177
-0.30131 -0.20239 0.1485
-0.30116 -0.20239 0.13524
-0.29828 -0.20239 0.12198
-0.28887 -0.20239 0.10871
-0.27945 -0.20239 0.09545
-0.27004 -0.20239 0.082186
-0.26063 -0.19939 0.068923
-0.25122 -0.19522 0.055659
-0.24181 -0.18066 0.042396
-0.2324 -0.1661 0.029133
-0.22299 -0.15153 0.015869
-0.21107 -0.14086 -0.00093046
-0.19688 -0.13369 -0.020928
-0.17912 -0.13204 -0.045959
-0.1603 -0.13204 -0.072486
-0.14148 -0.13204 -0.099012
-0.12266 -0.12916 -0.12029
-0.10384 -0.11818 -0.12682
-0.085019 -0.10539 -0.13003
-0.066198 -0.090824 -0.13003
-0.047377 -0.076262 -0.13003
-0.028556 -0.0617 -0.13003
