0.17984 -1.2553 -1.2876
0.17984 -1.2553 -1.2876
0.17984 -1.2553 -1.2876
0.17984 -1.2553 -1.2876
0.17984 -1.2553 -1.2876
0.17984 -1.2553 -1.2876
0.17984 -1.2553 -1.2876
0.17984 -1.2553 -1.2876
0.17984 -1.2553 -1.2876
0.17984 -1.2553 -1.2876
0.17984 -1.2553 -1.2876
0.17984 -1.2553 -1.2876
0.17984 -1.2553 -1.2876
0.17984 -1.2553 -1.2876
0.17984 -1.2553 -1.2876
0.17984 -1.2553 -1.2876
0.17984 -1.2553 -1.2876
0.17984 -1.2553 -1.2876
0.17984 -1.2553 -1.2876
0.17984 -1.2553 -1.2876
0.17984 -1.2553 -1.2876
0.17984 -1.2553 -1.2876
0.17984 -1.2553 -1.2876
0.17984 -1.2553 -1.2876
0.17984 -1.2553 -1.2876
0.17984 -1.2553 -1.2876
0.17984 -1.2553 -1.2876
0.17984 -1.2553 -1.2876
0.17984 -1.2553 -1.2876
0.17984 -1.2553 -1.2876
0.17984 -1.2553 -1.2876
0.17984 -1.2553 -1.2876
0.17984 -1.2553 -1.2876
0.17984 -1.2553 -1.2876
0.17984 -1.2553 -1.2876
0.17984 -1.2553 -1.2876
0.17984 -1.2553 -1.2876
0.17984 -1.2553 -1.2876
0.17984 -1.2553 -1.2876
0.17984 -1.2553 -1.2876
0.17984 -1.2553 -1.2876
0.17984 -1.2553 -1.2876
0.17984 -1.2553 -1.2876
0.17984 -1.2553 -1.2876
0.17984 -1.2553 -1.2876
0.18562 -1.2452 -1.2906
0.22613 -1.1746 -1.3113
0.26664 -1.1039 -1.3321
0.30714 -1.0351 -1.3529
0.34765 -0.96683 -1.3736
0.38816 -0.90746 -1.3944
0.42866 -0.86036 -1.4152
0.46868 -0.81382 -1.4357
0.50109 -0.77614 -1.4523
0.5335 -0.73846 -1.4689
0.54324 -0.72713 -1.4739
0.54324 -0.72713 -1.4739
0.54735 -0.72235 -1.4739
0.5595 -0.70822 -1.4739
0.57166 -0.69409 -1.4739
0.61152 -0.64773 -1.4739
0.65203 -0.60063 -1.4739
0.68255 -0.56514 -1.4739
0.70685 -0.53688 -1.4739
0.72494 -0.51584 -1.4739
0.72494 -0.51584 -1.4739
0.72494 -0.51584 -1.4739
0.72494 -0.48424 -1.4693
0.72494 -0.44891 -1.4641
0.72494 -0.39472 -1.4561
0.72494 -0.32407 -1.4457
0.73125 -0.25097 -1.4267
0.7677 -0.16619 -1.3665
0.80416 -0.081408 -1.3063
0.86035 0.011025 -1.2191
0.92111 0.10523 -1.1256
0.95629 0.17712 -1.0289
0.96034 0.22187 -0.92818
0.9622 0.2647 -0.82718
0.94194 0.28825 -0.72335
0.92169 0.3118 -0.61951
0.84235 0.33535 -0.55203
0.74109 0.35891 -0.49804
0.63236 0.38246 -0.44863
0.51084 0.40601 -0.4071
0.3889 0.42924 -0.36557
0.2127 0.4104 -0.32403
0.036493 0.39156 -0.2825
-0.14364 0.36967 -0.24097
-0.32592 0.34612 -0.19943
-0.49663 0.34276 -0.14307
-0.6384 0.38986 -0.049619
-0.78018 0.43696 0.043831
-0.91821 0.47971 0.144
-1.0559 0.5221 0.24472
-1.1731 0.54058 0.38233
-1.2744 0.54058 0.54846
-1.3748 0.53867 0.71375
-1.472 0.52925 0.87573
-1.5692 0.51983 1.0377
-1.6528 0.47868 1.1857
-1.7338 0.43158 1.3311
-1.7973 0.39127 1.4659
-1.8419 0.3583 1.5895
-1.8762 0.3293 1.7069
-1.8357 0.3293 1.7796
-1.7952 0.3293 1.8523
-1.7485 0.33645 1.9124
-1.6999 0.34587 1.9684
-1.6464 0.36092 2.0146
-1.5857 0.38448 2.0457
-1.5253 0.40714 2.0757
-1.4747 0.40714 2.0757
-1.424 0.40714 2.0757
-1.3803 0.3912 2.0546
-1.3398 0.36765 2.0235
-1.2877 0.34856 1.9805
-1.2108 0.33914 1.912
-1.1338 0.32972 1.8435
-1.0336 0.3293 1.7511
-0.93237 0.3293 1.6577
-0.84794 0.31951 1.5642
-0.77503 0.30302 1.4708
-0.70495 0.28489 1.3773
-0.64419 0.26134 1.2839
-0.58343 0.23779 1.1904
-0.56507 0.1978 1.126
-0.55291 0.15541 1.0657
-0.54697 0.11061 1.0098
-0.54697 0.06351 0.95786
-0.54972 0.01322 0.90172
-0.56794 -0.055077 0.82177
-0.58617 -0.12337 0.74182
-0.606 -0.19353 0.65941
-0.62625 -0.26418 0.57634
-0.65518 -0.34493 0.51998
-0.69569 -0.43913 0.49921
-0.73606 -0.53318 0.47866
-0.77454 -0.62503 0.461
-0.81302 -0.71688 0.44335
-0.83862 -0.79374 0.44552
-0.85888 -0.8644 0.4559
-0.87773 -0.93179 0.46628
-0.89393 -0.99302 0.47667
-0.91014 -1.0543 0.48705
-0.91038 -1.0784 0.49743
-0.91038 -1.1019 0.50782
-0.90659 -1.1211 0.51625
-0.90051 -1.1376 0.52352
-0.8907 -1.1497 0.52888
-0.87045 -1.1497 0.52888
-0.8502 -1.1497 0.52888
-0.82263 -1.1412 0.52513
-0.79428 -1.1318 0.52098
-0.75935 -1.1147 0.51345
-0.71884 -1.0912 0.50307
-0.67468 -1.0612 0.49175
-0.61392 -1.0024 0.47617
-0.55316 -0.94348 0.4606
-0.4758 -0.85565 0.44077
-0.39478 -0.76145 0.42
-0.31377 -0.67372 0.39924
-0.23276 -0.59365 0.37847
-0.15174 -0.5145 0.3577
-0.070728 -0.44384 0.33694
0.010286 -0.37319 0.31617
0.070407 -0.31469 0.2954
0.12307 -0.26052 0.27464
0.17116 -0.20901 0.25387
0.21166 -0.16191 0.2331
0.25217 -0.11537 0.21259
0.29268 -0.10595 0.20843
0.33318 -0.09653 0.20428
0.37369 -0.093272 0.20284
0.4142 -0.093272 0.20284
0.44401 -0.099487 0.20558
0.44806 -0.12068 0.21493
0.45212 -0.14188 0.22427
0.45239 -0.16527 0.23459
0.45239 -0.18882 0.24497
0.46396 -0.18546 0.26129
0.48422 -0.16191 0.28205
0.50447 -0.13885 0.30282
0.52472 -0.11766 0.32359
0.54498 -0.096459 0.34435
0.56523 -0.093272 0.36512
0.58548 -0.093272 0.38589
0.60574 -0.09097 0.40462
0.62599 -0.08626 0.42124
0.64624 -0.079142 0.43573
0.6665 -0.055591 0.43573
0.68675 -0.03204 0.43573
0.71166 0.0023481 0.4405
0.73799 0.04003 0.44673
0.77008 0.091098 0.45887
0.81059 0.16175 0.47963
0.85182 0.2324 0.50021
0.90853 0.30306 0.51682
0.96524 0.37371 0.53344
1.0386 0.44436 0.54579
1.1196 0.51501 0.55617
1.1973 0.58947 0.56656
1.2682 0.6719 0.57694
1.3391 0.75433 0.58732
1.4003 0.84809 0.5977
1.461 0.9423 0.60809
1.5291 1.0365 0.61847
1.602 1.1307 0.62885
1.6769 1.2249 0.63924
1.7579 1.3191 0.64962
1.8389 1.4133 0.66
1.9074 1.5075 0.68318
1.9743 1.6017 0.7081
2.0379 1.6959 0.73625
2.0987 1.7901 0.7674
2.1544 1.8814 0.79986
2.1827 1.9567 0.83932
2.2111 2.0321 0.87877
2.233 2.1037 0.91988
2.2532 2.1743 0.96142
2.2417 2.245 1.0029
2.189 2.3157 1.0445
2.1357 2.3863 1.086
2.075 2.457 1.1275
2.0142 2.5276 1.1691
1.9245 2.5814 1.1958
1.8233 2.6285 1.2165
1.7191 2.6731 1.2351
1.6098 2.7132 1.2497
1.5004 2.7532 1.2642
1.3187 2.7301 1.2231
1.1364 2.7066 1.1815
0.93875 2.6682 1.1308
0.73216 2.6211 1.0748
0.49926 2.5485 1.0029
0.19546 2.4072 0.88873
-0.10834 2.2659 0.77452
-0.3845 2.1117 0.66314
-0.65793 1.9563 0.55203
-0.89244 1.7827 0.44492
-1.095 1.5943 0.34109
-1.2884 1.4041 0.23882
-1.4423 1.2063 0.14329
-1.5962 1.0085 0.047766
-1.6898 0.79897 -0.037455
-1.7709 0.58701 -0.12052
-1.833 0.39152 -0.20601
-1.8735 0.21489 -0.29427
-1.9097 0.041977 -0.38307
-1.9097 -0.099328 -0.47652
-1.9097 -0.24063 -0.56997
-1.9007 -0.35038 -0.66342
-1.8885 -0.4493 -0.75687
-1.8733 -0.53738 -0.85032
-1.853 -0.60803 -0.94377
-1.8321 -0.67794 -1.0367
-1.7835 -0.71562 -1.1084
-1.7349 -0.7533 -1.18
-1.6783 -0.78163 -1.2455
-1.6175 -0.80518 -1.3078
-1.5568 -0.8174 -1.3526
-1.496 -0.80327 -1.3567
-1.4352 -0.78914 -1.3609
-1.3745 -0.76616 -1.3514
-1.3137 -0.7426 -1.341
-1.2424 -0.70678 -1.2873
-1.1634 -0.66204 -1.2022
-1.084 -0.61678 -1.1152
-1.003 -0.56967 -1.0218
-0.92195 -0.52257 -0.92834
-0.8583 -0.49566 -0.81709
-0.79754 -0.47211 -0.70288
-0.73577 -0.44622 -0.58866
-0.67299 -0.41796 -0.47444
-0.60773 -0.38396 -0.36023
-0.52672 -0.3133 -0.24601
-0.44571 -0.24265 -0.1318
-0.36783 -0.17565 -0.019187
-0.29087 -0.1097 0.092952
-0.2206 -0.051553 0.20166
-0.15984 -0.0044515 0.30549
-0.099083 0.04265 0.40834
-0.038322 0.089752 0.49348
0.022438 0.13685 0.57862
0.083198 0.18396 0.6336
0.14396 0.23106 0.67513
0.19936 0.27504 0.71117
0.24392 0.31272 0.73609
0.28847 0.35041 0.76101
0.30946 0.37438 0.76176
0.32971 0.39793 0.76176
0.35613 0.42866 0.75544
0.38651 0.46398 0.74505
0.41941 0.50223 0.73209
0.45991 0.54933 0.71133
0.50042 0.59643 0.69056
0.51936 0.631 0.65874
0.53557 0.66397 0.62551
0.54324 0.69198 0.58791
0.54324 0.71553 0.54638
0.54559 0.73636 0.50485
0.55976 0.74342 0.46332
0.57394 0.75049 0.42178
0.59301 0.75187 0.38025
0.61326 0.75187 0.33872
0.63351 0.75187 0.30455
0.65377 0.75187 0.27963
0.67402 0.75187 0.25506
0.69427 0.75187 0.23429
0.71453 0.75187 0.21352
0.72162 0.72127 0.21974
0.72365 0.67888 0.23635
0.72494 0.63479 0.25446
0.72494 0.58769 0.27523
0.72494 0.54058 0.296
