-0.44948 -0.6062 -1.6131
-0.44948 -0.6062 -1.6131
-0.44948 -0.6062 -1.6131
-0.44948 -0.6062 -1.6131
-0.44948 -0.6062 -1.6131
-0.44948 -0.6062 -1.6131
-0.44948 -0.6062 -1.6131
-0.44948 -0.6062 -1.6131
-0.44948 -0.6062 -1.6131
-0.44948 -0.6062 -1.6131
-0.44948 -0.6062 -1.6131
-0.44948 -0.6062 -1.6131
-0.44948 -0.6062 -1.6131
-0.44948 -0.6062 -1.6131
-0.44948 -0.6062 -1.6131
-0.44948 -0.6062 -1.6131
-0.44948 -0.6062 -1.6131
-0.44948 -0.6062 -1.6131
-0.44948 -0.6062 -1.6131
-0.44948 -0.6062 -1.6131
-0.44948 -0.6062 -1.6131
-0.44948 -0.6062 -1.6131
-0.44948 -0.6062 -1.6131
-0.44948 -0.6062 -1.6131
-0.44948 -0.6062 -1.6131
-0.44948 -0.6062 -1.6131
-0.44948 -0.6062 -1.6131
-0.44948 -0.6062 -1.6131
-0.44948 -0.6062 -1.6131
-0.44948 -0.6062 -1.6131
-0.44948 -0.6062 -1.6131
-0.44948 -0.6062 -1.6131
-0.44948 -0.6062 -1.6131
-0.44948 -0.6062 -1.6131
-0.44948 -0.6062 -1.6131
-0.44948 -0.6062 -1.6131
-0.44948 -0.6062 -1.6131
-0.44948 -0.6062 -1.6131
-0.44948 -0.6062 -1.6131
-0.44948 -0.6062 -1.6131
-0.44948 -0.6062 -1.6131
-0.44955 -0.60634 -1.6132
-0.45123 -0.60952 -1.6155
-0.45291 -0.6127 -1.6179
-0.46039 -0.62687 -1.6284
-0.46963 -0.64436 -1.6413
-0.47969 -0.66184 -1.6537
-0.4906 -0.67933 -1.6654
-0.50516 -0.69681 -1.6746
-0.53287 -0.7143 -1.6746
-0.56057 -0.73179 -1.6746
-0.58827 -0.74927 -1.6746
-0.61598 -0.76676 -1.6746
-0.64368 -0.78424 -1.6746
-0.67138 -0.80173 -1.6746
-0.69908 -0.81922 -1.6746
-0.72679 -0.8367 -1.6746
-0.75157 -0.85419 -1.6746
-0.75409 -0.87167 -1.6746
-0.75661 -0.88916 -1.6746
-0.75701 -0.90665 -1.6746
-0.75701 -0.92413 -1.6746
-0.75274 -0.94162 -1.6687
-0.74518 -0.9591 -1.6581
-0.73714 -0.97659 -1.6468
-0.72791 -0.99408 -1.6339
-0.71857 -1.0112 -1.6209
-0.70262 -1.0032 -1.608
-0.68667 -0.9953 -1.595
-0.66886 -0.9803 -1.5821
-0.65039 -0.96281 -1.5692
-0.63193 -0.94533 -1.5448
-0.61346 -0.92784 -1.5071
-0.59499 -0.91035 -1.4668
-0.57652 -0.89287 -1.4151
-0.55805 -0.87538 -1.3633
-0.53498 -0.84919 -1.2922
-0.51148 -0.82216 -1.2193
-0.4853 -0.79007 -1.1351
-0.45759 -0.7551 -1.0445
-0.42989 -0.72301 -0.95394
-0.40219 -0.69598 -0.86336
-0.37448 -0.66979 -0.77278
-0.34678 -0.6523 -0.6822
-0.31908 -0.63482 -0.59163
-0.29138 -0.61733 -0.50487
-0.26367 -0.59985 -0.41899
-0.23597 -0.58236 -0.33754
-0.20827 -0.56487 -0.2599
-0.18056 -0.54863 -0.18226
-0.15286 -0.53592 -0.10462
-0.12516 -0.5232 -0.026983
-0.097455 -0.52301 0.050656
-0.069752 -0.52301 0.12829
-0.043241 -0.52527 0.20092
-0.017217 -0.52845 0.2715
0.0055219 -0.53785 0.32827
0.023991 -0.55534 0.36709
0.042325 -0.57257 0.40554
0.059954 -0.58847 0.442
0.077584 -0.60436 0.47847
0.087791 -0.6062 0.49414
0.097026 -0.6062 0.50708
0.10626 -0.6062 0.52002
0.11549 -0.6062 0.53296
0.12473 -0.6062 0.5459
0.13396 -0.6062 0.55884
0.1432 -0.6062 0.57178
0.15243 -0.6062 0.58471
0.16167 -0.6062 0.59765
0.17747 -0.59376 0.6198
0.1951 -0.57787 0.6445
0.21315 -0.56117 0.6698
0.23162 -0.54368 0.69568
0.2536 -0.52619 0.71911
0.28717 -0.50871 0.7344
0.32075 -0.49122 0.74969
0.35755 -0.47374 0.76273
0.39448 -0.45625 0.77567
0.42685 -0.4301 0.78861
0.45707 -0.3999 0.80155
0.48627 -0.36776 0.81449
0.51397 -0.33279 0.82743
0.54244 -0.29782 0.84037
0.57602 -0.26284 0.85331
0.6096 -0.22787 0.86625
0.64605 -0.1929 0.87919
0.68298 -0.15793 0.89213
0.72576 -0.12296 0.90916
0.77277 -0.087984 0.92916
0.82234 -0.053012 0.95095
0.87774 -0.01804 0.97683
0.93291 0.016932 1.0025
0.97992 0.051903 1.0225
1.0269 0.086875 1.0425
1.0663 0.12185 1.0572
1.1033 0.15682 1.0702
1.1386 0.18875 1.0808
1.1722 0.21736 1.0891
1.2046 0.24372 1.0956
1.2323 0.26121 1.0956
1.26 0.27869 1.0956
1.283 0.29618 1.0891
1.3057 0.31366 1.082
1.3196 0.33115 1.0627
1.3288 0.34864 1.0368
1.3374 0.36492 1.0101
1.345 0.37923 0.98182
1.3518 0.39209 0.95252
1.3518 0.39209 0.9137
1.3518 0.39209 0.87488
1.3511 0.3934 0.83703
1.3502 0.39499 0.79939
1.3448 0.40533 0.76822
1.3355 0.42282 0.74234
1.3263 0.4403 0.71647
1.3171 0.45779 0.69059
1.3078 0.47528 0.66471
1.3078 0.49276 0.63883
1.3078 0.51025 0.61295
1.3078 0.52773 0.58707
1.3078 0.54522 0.56119
1.3154 0.57699 0.53531
1.3322 0.62627 0.50943
1.3493 0.6761 0.48355
1.3677 0.72856 0.45767
1.3862 0.78102 0.43179
1.4114 0.83347 0.41542
1.4375 0.88593 0.40013
1.4645 0.93839 0.38631
1.4922 0.99085 0.37337
1.5223 1.0477 0.3637
1.5567 1.1129 0.36017
1.5913 1.1784 0.3569
1.6282 1.2484 0.3569
1.6652 1.3183 0.3569
1.7021 1.3705 0.36346
1.7391 1.4182 0.37169
1.776 1.4593 0.38238
1.8129 1.4942 0.39532
1.8449 1.5269 0.40652
1.8617 1.5523 0.41241
1.8785 1.5777 0.41829
1.879 1.5954 0.41846
1.879 1.6129 0.41846
1.8702 1.6304 0.41437
1.8576 1.6479 0.40849
1.8387 1.6654 0.39964
1.811 1.6829 0.3867
1.7818 1.7004 0.37444
1.744 1.7178 0.36621
1.7063 1.7353 0.35797
1.6531 1.7528 0.3569
1.5977 1.7703 0.3569
1.5408 1.7821 0.3548
1.4829 1.7901 0.35127
1.4228 1.7899 0.34474
1.3582 1.7724 0.3318
1.2936 1.7551 0.31896
1.2289 1.7408 0.30838
1.1643 1.7265 0.29779
1.0996 1.7231 0.29533
1.035 1.7231 0.29533
0.97078 1.7231 0.29591
0.90698 1.7231 0.29709
0.845 1.7231 0.30082
0.7896 1.7231 0.31376
0.73419 1.7231 0.3267
0.67879 1.7231 0.33964
0.62338 1.7231 0.35258
0.5926 1.7465 0.34827
0.57413 1.7814 0.33533
0.55566 1.8164 0.32239
0.53719 1.8514 0.30945
0.52165 1.8845 0.29788
0.52836 1.9036 0.2967
0.53508 1.9226 0.29552
0.54391 1.9404 0.29533
0.55314 1.9579 0.29533
0.5453 1.9754 0.3073
0.52431 1.9928 0.32848
0.50138 2.0103 0.35102
0.47367 2.0278 0.37689
0.44548 2.0446 0.40332
0.3842 2.0112 0.46684
0.32292 1.9778 0.53036
0.25233 1.9303 0.60432
0.17846 1.8779 0.68196
0.090955 1.8151 0.7596
-0.012302 1.7404 0.83724
-0.11872 1.6633 0.91487
-0.23877 1.5758 0.99251
-0.35881 1.4884 1.0702
-0.48346 1.3661 1.1349
-0.60854 1.2406 1.1984
-0.7363 1.0947 1.2544
-0.86558 0.93733 1.3062
-0.99486 0.7742 1.3516
-1.1241 0.60093 1.3857
-1.2534 0.426 1.418
-1.3827 0.23365 1.4309
-1.512 0.041306 1.4438
-1.6276 -0.14072 1.4415
-1.7401 -0.32035 1.4356
-1.8369 -0.48804 1.4121
-1.92 -0.64542 1.3733
-1.9985 -0.79906 1.3335
-2.064 -0.94212 1.2912
-2.1294 -1.0852 1.2488
-2.1486 -1.1907 1.1972
-2.1671 -1.2956 1.1454
-2.1784 -1.3915 1.0953
-2.1868 -1.4837 1.0459
-2.1755 -1.551 1.0011
-2.1385 -1.5859 0.96232
-2.1012 -1.6197 0.92369
-2.0617 -1.6467 0.88605
-2.0223 -1.6737 0.8484
-1.9605 -1.6305 0.82116
-1.8959 -1.578 0.79528
-1.8313 -1.5255 0.7694
-1.7666 -1.4731 0.74352
-1.6989 -1.4206 0.71764
-1.625 -1.3682 0.69176
-1.5512 -1.3157 0.66588
-1.4773 -1.2633 0.64
-1.4034 -1.2108 0.61412
-1.3427 -1.1708 0.59745
-1.2856 -1.1342 0.58333
-1.2294 -1.0985 0.56981
-1.174 -1.0635 0.55687
-1.1221 -1.0285 0.54148
-1.0818 -0.99355 0.51795
-1.0415 -0.95857 0.49443
-1.0044 -0.9236 0.46865
-0.96744 -0.88863 0.44277
-0.93508 -0.85366 0.41689
-0.90486 -0.81869 0.39101
-0.87566 -0.78371 0.36513
-0.84795 -0.74874 0.33925
-0.81948 -0.71377 0.31445
-0.7859 -0.6788 0.2968
-0.75232 -0.64383 0.27916
-0.71587 -0.60885 0.26553
-0.67894 -0.57388 0.25259
-0.64492 -0.53338 0.24784
-0.61302 -0.48887 0.24901
-0.5824 -0.44194 0.25377
-0.55469 -0.38948 0.26671
-0.52687 -0.33726 0.27948
-0.49497 -0.29275 0.28654
-0.46307 -0.24824 0.2936
-0.42737 -0.21092 0.29533
-0.39043 -0.17594 0.29533
-0.3551 -0.14097 0.29308
-0.32152 -0.106 0.28838
-0.28914 -0.071028 0.282
-0.26143 -0.036056 0.26906
-0.23373 -0.0010843 0.25612
-0.20836 0.029464 0.24318
-0.18318 0.059667 0.23024
-0.16237 0.081577 0.2173
-0.14391 0.099063 0.20436
-0.12544 0.11775 0.19231
-0.10697 0.13841 0.18172
-0.0885 0.16053 0.17221
-0.070032 0.1955 0.17221
-0.051563 0.23047 0.17221
-0.033788 0.26282 0.17124
-0.016159 0.29461 0.17006
-0.0031528 0.30889 0.16241
0.0060815 0.30889 0.14947
0.015316 0.30889 0.13653
0.02455 0.30889 0.12359
0.033784 0.30889 0.11065
