-1.1588 -0.64965 -1.2593
-1.1588 -0.64965 -1.2593
-1.1588 -0.64965 -1.2593
-1.1588 -0.64965 -1.2593
-1.1588 -0.64965 -1.2593
-1.1588 -0.64965 -1.2593
-1.1588 -0.64965 -1.2593
-1.1588 -0.64965 -1.2593
-1.1588 -0.64965 -1.2593
-1.1588 -0.64965 -1.2593
-1.1588 -0.64965 -1.2593
-1.1588 -0.64965 -1.2593
-1.1588 -0.64965 -1.2593
-1.1588 -0.64965 -1.2593
-1.1588 -0.64965 -1.2593
-1.1588 -0.64965 -1.2593
-1.1588 -0.64965 -1.2593
-1.1588 -0.64965 -1.2593
-1.1588 -0.64965 -1.2593
-1.1588 -0.64965 -1.2593
-1.1588 -0.64965 -1.2593
-1.1588 -0.64965 -1.2593
-1.1588 -0.64965 -1.2593
-1.1588 -0.64965 -1.2593
-1.1588 -0.64965 -1.2593
-1.1588 -0.64965 -1.2593
-1.1588 -0.64965 -1.2593
-1.1588 -0.64965 -1.2593
-1.1588 -0.64965 -1.2593
-1.1588 -0.64965 -1.2593
-1.1588 -0.64965 -1.2593
-1.1588 -0.64965 -1.2593
-1.1588 -0.64965 -1.2593
-1.1588 -0.64965 -1.2593
-1.1588 -0.64965 -1.2593
-1.1588 -0.64965 -1.2593
-1.1588 -0.64965 -1.2593
-1.1588 -0.64965 -1.2593
-1.1588 -0.64965 -1.2593
-1.1588 -0.64965 -1.2593
-1.1588 -0.64965 -1.2593
-1.1588 -0.64965 -1.2593
-1.1588 -0.64965 -1.2593
-1.1588 -0.64965 -1.2593
-1.1588 -0.64965 -1.2593
-1.1588 -0.64965 -1.2593
-1.1588 -0.64965 -1.2593
-1.1588 -0.64965 -1.2593
-1.1588 -0.64965 -1.2593
-1.1588 -0.64965 -1.2593
-1.1588 -0.64965 -1.2593
-1.1588 -0.64965 -1.2593
-1.1588 -0.64965 -1.2593
-1.1588 -0.64965 -1.2593
-1.1588 -0.64965 -1.2593
-1.1588 -0.64965 -1.2593
-1.1588 -0.64965 -1.2593
-1.1576 -0.64819 -1.2589
-1.1375 -0.62252 -1.2517
-1.1025 -0.57798 -1.2392
-1.0478 -0.50845 -1.2198
-0.99321 -0.43891 -1.2004
-0.93954 -0.37673 -1.1782
-0.89037 -0.34892 -1.1432
-0.84571 -0.35548 -1.0954
-0.80473 -0.39024 -1.0371
-0.76376 -0.42501 -0.97878
-0.72279 -0.45977 -0.92293
-0.68182 -0.49454 -0.87299
-0.64084 -0.52931 -0.83045
-0.59987 -0.56407 -0.79157
-0.5589 -0.59884 -0.75269
-0.52315 -0.62695 -0.71382
-0.49478 -0.64568 -0.67494
-0.478 -0.64965 -0.63607
-0.46434 -0.64965 -0.59719
-0.45068 -0.64965 -0.55831
-0.4442 -0.64965 -0.52454
-0.44399 -0.64965 -0.49524
-0.45636 -0.64965 -0.47488
-0.47002 -0.64965 -0.45544
-0.48367 -0.64965 -0.436
-0.49267 -0.64965 -0.42984
-0.49901 -0.64965 -0.43122
-0.49901 -0.64965 -0.45066
-0.49901 -0.64965 -0.47009
-0.49901 -0.64965 -0.48953
-0.49901 -0.64965 -0.50066
-0.49901 -0.64965 -0.50807
-0.49901 -0.64965 -0.50807
-0.49901 -0.64965 -0.50807
-0.49901 -0.64965 -0.50807
-0.48478 -0.66777 -0.50807
-0.46581 -0.69191 -0.50807
-0.4385 -0.72667 -0.50807
-0.41118 -0.76144 -0.50807
-0.38378 -0.79621 -0.50783
-0.34806 -0.83097 -0.4839
-0.31033 -0.86574 -0.45425
-0.26935 -0.9005 -0.41537
-0.22838 -0.93527 -0.37649
-0.18512 -0.96713 -0.33924
-0.1265 -0.97943 -0.31293
-0.063016 -0.98555 -0.29007
0.0052725 -0.98555 -0.27063
0.073561 -0.98555 -0.25119
0.14185 -0.98555 -0.22521
0.21014 -0.98555 -0.17945
0.27843 -0.98555 -0.12589
0.34672 -0.98555 -0.067576
0.415 -0.98555 -0.0092619
0.47618 -0.98555 0.043992
0.52514 -0.98555 0.08855
0.56818 -0.98555 0.1289
0.60915 -0.98555 0.16777
0.65013 -0.98555 0.20665
0.68619 -0.99805 0.25252
0.71707 -1.0237 0.30575
0.74489 -1.0572 0.36335
0.77221 -1.092 0.42167
0.79952 -1.1268 0.47998
0.80773 -1.1615 0.5111
0.80353 -1.1963 0.52456
0.79007 -1.2311 0.52484
0.77641 -1.2658 0.52484
0.76275 -1.3006 0.52484
0.74909 -1.3152 0.53612
0.73543 -1.3214 0.55205
0.72178 -1.3214 0.57149
0.70812 -1.3214 0.59093
0.69446 -1.3214 0.61037
0.69039 -1.3214 0.6298
0.68858 -1.3214 0.64924
0.68858 -1.3214 0.66868
0.68858 -1.3214 0.68812
0.68858 -1.3214 0.70756
0.71126 -1.3214 0.77541
0.73606 -1.3214 0.84781
0.76338 -1.3214 0.92556
0.7907 -1.3214 1.0033
0.81902 -1.3214 1.0811
0.85852 -1.3214 1.1588
0.8987 -1.3214 1.2366
0.93967 -1.3214 1.3143
0.98064 -1.3214 1.3921
1.0216 -1.315 1.4662
1.0626 -1.2829 1.526
1.1036 -1.2492 1.585
1.1445 -1.2145 1.6433
1.1855 -1.1797 1.7016
1.2223 -1.1449 1.748
1.2502 -1.1102 1.7692
1.2778 -1.0754 1.7892
1.3051 -1.0406 1.8087
1.3324 -1.0059 1.8281
1.3538 -0.95603 1.8475
1.3676 -0.88703 1.867
1.3813 -0.8176 1.8864
1.395 -0.74817 1.9056
1.4084 -0.67917 1.9239
1.4143 -0.62933 1.8993
1.4143 -0.59456 1.8409
1.4143 -0.55979 1.7826
1.4143 -0.52503 1.724
1.4143 -0.49026 1.6648
1.4143 -0.4555 1.593
1.4143 -0.42073 1.5153
1.4143 -0.38596 1.4375
1.4148 -0.3512 1.3591
1.4158 -0.31643 1.2799
1.4269 -0.28166 1.1863
1.4406 -0.2469 1.0891
1.4543 -0.21213 0.99195
1.4679 -0.1794 0.89704
1.4816 -0.14838 0.80403
1.4952 -0.14581 0.74284
1.5089 -0.14581 0.68453
1.5225 -0.14581 0.62621
1.5349 -0.14581 0.57147
1.5463 -0.14581 0.51975
1.5463 -0.14581 0.50032
1.5463 -0.14581 0.48088
1.5463 -0.14581 0.46144
1.5445 -0.15041 0.442
1.5404 -0.16078 0.42256
1.5267 -0.19555 0.40313
1.5131 -0.23032 0.38369
1.4994 -0.26508 0.36425
1.4858 -0.28731 0.34481
1.4721 -0.2929 0.32537
1.4585 -0.25813 0.30593
1.4448 -0.22336 0.2865
1.4312 -0.1886 0.26687
1.4207 -0.15383 0.23846
1.4143 -0.11906 0.19828
1.4143 -0.084297 0.13996
1.4143 -0.049531 0.081649
1.4148 -0.013492 0.022623
1.4184 0.030367 -0.040775
1.4271 0.087395 -0.11154
1.4408 0.15693 -0.18929
1.4545 0.22646 -0.26704
1.466 0.29599 -0.34479
1.4717 0.36553 -0.42255
1.4652 0.43506 -0.5003
1.4515 0.50459 -0.57805
1.4379 0.57412 -0.6558
1.4225 0.63516 -0.72881
1.4045 0.68223 -0.794
1.3794 0.69393 -0.83942
1.3521 0.69393 -0.8783
1.3248 0.69393 -0.91717
1.2975 0.70005 -0.94921
1.2702 0.71236 -0.97433
1.2429 0.74421 -0.97758
1.2156 0.77898 -0.97758
1.1882 0.81375 -0.97758
1.1544 0.84027 -0.97297
1.1166 0.86166 -0.96549
1.0622 0.86188 -0.94618
1.0075 0.86188 -0.92674
0.95291 0.86188 -0.9073
0.89828 0.85126 -0.88192
0.84365 0.8346 -0.85318
0.78901 0.79984 -0.8143
0.73438 0.76507 -0.77542
0.67975 0.73031 -0.73655
0.63554 0.72206 -0.7125
0.59655 0.7271 -0.69588
0.56923 0.76186 -0.69588
0.54192 0.79663 -0.69588
0.5146 0.8314 -0.69588
0.48728 0.88231 -0.68685
0.45997 0.93997 -0.67405
0.43265 1.0095 -0.65461
0.40534 1.079 -0.63517
0.37802 1.1469 -0.61389
0.35071 1.1988 -0.57471
0.32339 1.2427 -0.52661
0.29608 1.2775 -0.4683
0.26876 1.3122 -0.40999
0.24145 1.347 -0.35834
0.21413 1.3818 -0.33143
0.18681 1.4165 -0.32027
0.1595 1.4513 -0.32027
0.13218 1.4861 -0.32027
0.10229 1.5274 -0.3166
0.067201 1.582 -0.30554
0.027965 1.6471 -0.28857
-0.013008 1.7166 -0.26913
-0.053981 1.7861 -0.2497
-0.098648 1.8369 -0.225
-0.14782 1.8647 -0.1939
-0.20148 1.8696 -0.15639
-0.25612 1.8696 -0.11752
-0.31075 1.8696 -0.078641
-0.3752 1.8446 -0.032777
-0.44706 1.8007 0.01836
-0.52843 1.7326 0.076266
-0.61038 1.6631 0.13458
-0.69232 1.5936 0.19289
-0.76181 1.5557 0.25121
-0.82512 1.5337 0.30952
-0.87975 1.5337 0.36784
-0.93438 1.5337 0.42615
-0.98901 1.5337 0.48447
-1.0284 1.5142 0.54278
-1.0626 1.4882 0.60109
-1.0899 1.4534 0.65941
-1.1172 1.4187 0.71772
-1.1445 1.3839 0.77604
-1.1627 1.3725 0.82132
-1.179 1.3657 0.86396
-1.1926 1.3657 0.90283
-1.2063 1.3657 0.94171
-1.219 1.367 0.98127
-1.212 1.3932 1.0348
-1.2023 1.423 1.0903
-1.1886 1.4577 1.1487
-1.175 1.4925 1.207
-1.1613 1.5227 1.2653
-1.1476 1.5302 1.3236
-1.134 1.5337 1.3819
-1.1203 1.5337 1.4402
-1.1067 1.5337 1.4985
-1.0867 1.5337 1.5433
-1.0507 1.5337 1.5541
-1.0115 1.5337 1.5577
-0.97052 1.5337 1.5577
-0.92954 1.5337 1.5577
-0.89324 1.5218 1.5577
-0.86383 1.4924 1.5577
-0.83604 1.4588 1.5577
-0.80873 1.424 1.5577
-0.78141 1.3893 1.5577
-0.76036 1.3705 1.5488
-0.74503 1.3662 1.5318
-0.73119 1.3657 1.5126
-0.71754 1.3657 1.4932
-0.70388 1.3657 1.4737
-0.69022 1.3455 1.4429
-0.67656 1.3138 1.4058
-0.6629 1.2791 1.367
-0.64925 1.2443 1.3281
-0.63559 1.2095 1.2892
-0.62193 1.1996 1.2364
-0.60827 1.1978 1.1792
-0.59462 1.1978 1.1208
-0.58096 1.1978 1.0625
-0.5673 1.1978 1.0042
-0.53032 1.2275 0.91271
-0.48998 1.2614 0.81641
-0.449 1.2962 0.71922
-0.40803 1.331 0.62203
-0.36706 1.3657 0.52484
