-1.1467 -0.74113 -1.4951
-1.1467 -0.74113 -1.4951
-1.1467 -0.74113 -1.4951
-1.1467 -0.74113 -1.4951
-1.1467 -0.74113 -1.4951
-1.1467 -0.74113 -1.4951
-1.1467 -0.74113 -1.4951
-1.1467 -0.74113 -1.4951
-1.1467 -0.74113 -1.4951
-1.1467 -0.74113 -1.4951
-1.1467 -0.74113 -1.4951
-1.1467 -0.74113 -1.4951
-1.1467 -0.74113 -1.4951
-1.1467 -0.74113 -1.4951
-1.1467 -0.74113 -1.4951
-1.1467 -0.74113 -1.4951
-1.1467 -0.74113 -1.4951
-1.1467 -0.74113 -1.4951
-1.1467 -0.74113 -1.4951
-1.1467 -0.74113 -1.4951
-1.1467 -0.74113 -1.4951
-1.1467 -0.74113 -1.4951
-1.1467 -0.74113 -1.4951
-1.1467 -0.74113 -1.4951
-1.1467 -0.74113 -1.4951
-1.1467 -0.74113 -1.4951
-1.1467 -0.74113 -1.4951
-1.1467 -0.74113 -1.4951
-1.1467 -0.74113 -1.4951
-1.1467 -0.74113 -1.4951
-1.1467 -0.74113 -1.4951
-1.1467 -0.74113 -1.4951
-1.1467 -0.74113 -1.4951
-1.1467 -0.74113 -1.4951
-1.1467 -0.74113 -1.4951
-1.1467 -0.74113 -1.4951
-1.1467 -0.74113 -1.4951
-1.1467 -0.74113 -1.4951
-1.1467 -0.74113 -1.4951
-1.1467 -0.74113 -1.4951
-1.1467 -0.74113 -1.4951
-1.1467 -0.74113 -1.4951
-1.1467 -0.74113 -1.4951
-1.1467 -0.74113 -1.4951
-1.1467 -0.74113 -1.4951
-1.1467 -0.74113 -1.4951
-1.1467 -0.74113 -1.4951
-1.1467 -0.74113 -1.4951
-1.1467 -0.74113 -1.4951
-1.1467 -0.74113 -1.4951
-1.1467 -0.74113 -1.4951
-1.1467 -0.74113 -1.4951
-1.1467 -0.74113 -1.4951
-1.1467 -0.74113 -1.4951
-1.144 -0.7353 -1.4907
-1.1363 -0.71823 -1.478
-1.127 -0.69796 -1.4628
-1.1152 -0.67186 -1.4433
-1.1033 -0.64576 -1.4238
-1.0914 -0.61966 -1.4042
-1.0795 -0.59966 -1.3847
-1.0677 -0.58962 -1.3652
-1.0558 -0.58352 -1.3456
-1.0439 -0.58352 -1.3261
-1.032 -0.58352 -1.3066
-1.0201 -0.58352 -1.287
-1.0025 -0.58981 -1.2675
-0.97697 -0.60487 -1.248
-0.94707 -0.62468 -1.2285
-0.91144 -0.65078 -1.2089
-0.87581 -0.67688 -1.1894
-0.84019 -0.70298 -1.1699
-0.80165 -0.72268 -1.1408
-0.75962 -0.73473 -1.1002
-0.71504 -0.74113 -1.0512
-0.66753 -0.74113 -0.9926
-0.62003 -0.74113 -0.93401
-0.57253 -0.74113 -0.87542
-0.52796 -0.74757 -0.81201
-0.48639 -0.76062 -0.74365
-0.44783 -0.78028 -0.67035
-0.41221 -0.80638 -0.59223
-0.37658 -0.83248 -0.51412
-0.34095 -0.85858 -0.436
-0.30532 -0.87828 -0.35788
-0.2697 -0.89233 -0.27976
-0.23407 -0.89874 -0.20164
-0.19844 -0.89874 -0.12352
-0.16282 -0.89874 -0.045401
-0.12719 -0.89874 0.032719
-0.091562 -0.89874 0.11554
-0.055935 -0.89874 0.20193
-0.020308 -0.89874 0.29487
0.015319 -0.89874 0.39252
0.050946 -0.89874 0.49017
0.086573 -0.89874 0.58782
0.11942 -0.89264 0.67177
0.15048 -0.8826 0.74689
0.17701 -0.8626 0.79964
0.20076 -0.8365 0.8387
0.22451 -0.8104 0.87776
0.24827 -0.7843 0.91682
0.27202 -0.7582 0.94715
0.29577 -0.7321 0.97269
0.31952 -0.70599 0.98142
0.34327 -0.67989 0.98142
0.36702 -0.65379 0.98142
0.39077 -0.62769 0.98142
0.41452 -0.60159 0.9732
0.43828 -0.57549 0.96118
0.46203 -0.54939 0.93034
0.48578 -0.52329 0.89128
0.50953 -0.49719 0.85222
0.53328 -0.47109 0.81316
0.56165 -0.45006 0.78169
0.59179 -0.43098 0.75314
0.63468 -0.42591 0.74556
0.68218 -0.42591 0.74556
0.72969 -0.42591 0.74556
0.77719 -0.42591 0.74556
0.82053 -0.43049 0.74898
0.86255 -0.43651 0.75349
0.89047 -0.45804 0.76959
0.91422 -0.48414 0.78912
0.93797 -0.51024 0.80865
0.96172 -0.53634 0.82818
0.98729 -0.56244 0.8537
1.0133 -0.58854 0.88074
1.0471 -0.61464 0.93334
1.0828 -0.64074 0.99193
1.1184 -0.66684 1.0505
1.154 -0.69294 1.1091
1.1866 -0.7224 1.1652
1.2186 -0.75252 1.2208
1.2335 -0.80136 1.2623
1.2454 -0.85356 1.3014
1.2572 -0.90576 1.3405
1.2691 -0.95797 1.3795
1.281 -1.0075 1.4166
1.2929 -1.0567 1.4534
1.3047 -1.0855 1.4749
1.3166 -1.1116 1.4944
1.3285 -1.1377 1.514
1.3404 -1.1638 1.5335
1.3514 -1.1899 1.5503
1.3624 -1.216 1.5668
1.3632 -1.2421 1.55
1.3632 -1.2682 1.5305
1.3632 -1.2943 1.511
1.3632 -1.3204 1.4914
1.3632 -1.3446 1.4712
1.3632 -1.3687 1.4509
1.3632 -1.3445 1.4126
1.3632 -1.3184 1.3735
1.3632 -1.2923 1.3345
1.3632 -1.2662 1.2954
1.3632 -1.2401 1.2563
1.3632 -1.214 1.2173
1.3513 -1.1879 1.1977
1.3395 -1.1618 1.1782
1.3276 -1.1357 1.1587
1.3157 -1.1096 1.1392
1.3038 -1.0835 1.1196
1.2924 -1.0573 1.0994
1.2919 -1.0312 1.0611
1.2915 -1.0051 1.0227
1.2915 -0.97905 0.98367
1.2915 -0.95295 0.94461
1.2915 -0.92685 0.90555
1.2915 -0.90258 0.86786
1.2915 -0.90057 0.84683
1.2915 -0.89874 0.82593
1.2915 -0.89874 0.8064
1.2915 -0.89874 0.78687
1.2915 -0.89874 0.76734
1.2915 -0.88822 0.7419
1.2915 -0.79586 0.67055
1.2915 -0.70198 0.59833
1.2915 -0.59758 0.52021
1.2915 -0.49317 0.44209
1.2915 -0.38877 0.36397
1.2915 -0.29108 0.28836
1.2915 -0.23085 0.22677
1.2915 -0.17193 0.16567
1.2915 -0.11973 0.10708
1.2915 -0.067532 0.048493
1.2915 -0.015331 -0.010097
1.2933 0.028865 -0.068686
1.3029 0.038903 -0.12728
1.313 0.046909 -0.18586
1.3248 0.046909 -0.24445
1.3367 0.046909 -0.30304
1.3486 0.046909 -0.36163
1.3563 0.056058 -0.42022
1.3499 0.096213 -0.47881
1.3422 0.13926 -0.5374
1.3303 0.19147 -0.59599
1.3184 0.24367 -0.65458
1.3066 0.29587 -0.71317
1.2947 0.34807 -0.76038
1.2828 0.40027 -0.77615
1.2709 0.45247 -0.78753
1.2591 0.50467 -0.78753
1.2472 0.55688 -0.78753
1.2353 0.60908 -0.78753
1.2234 0.65579 -0.78342
1.2116 0.68992 -0.7699
1.1997 0.72151 -0.75448
1.1878 0.74761 -0.73495
1.1759 0.77371 -0.71542
1.1641 0.79981 -0.69589
1.1442 0.82591 -0.66763
1.1091 0.85201 -0.62257
1.0695 0.87811 -0.5727
1.022 0.90421 -0.51412
0.97451 0.93032 -0.45553
0.92701 0.95642 -0.39694
0.88505 0.98252 -0.34748
0.85217 1.0086 -0.31292
0.82287 1.0347 -0.28426
0.79911 1.0608 -0.26474
0.77536 1.0869 -0.24521
0.75161 1.113 -0.22568
0.725 1.1391 -0.21085
0.6944 1.1652 -0.20259
0.66163 1.1913 -0.19788
0.626 1.2174 -0.19788
0.59038 1.2435 -0.19788
0.55475 1.2696 -0.19788
0.51329 1.2957 -0.19788
0.46488 1.3218 -0.19788
0.41133 1.3479 -0.19788
0.35195 1.374 -0.19788
0.29257 1.4001 -0.19788
0.23319 1.4262 -0.19788
0.17381 1.4459 -0.19306
0.11444 1.4589 -0.1833
0.055057 1.4654 -0.16859
-0.0043215 1.4654 -0.14906
-0.0637 1.4654 -0.12953
-0.12308 1.4654 -0.11
-0.17954 1.4526 -0.085677
-0.23344 1.4285 -0.057134
-0.28386 1.3891 -0.022866
-0.33136 1.3369 0.016193
-0.37886 1.2847 0.055253
-0.42636 1.2325 0.094312
-0.47673 1.1866 0.12867
-0.52926 1.1454 0.15946
-0.58577 1.113 0.1837
-0.64515 1.0869 0.20323
-0.70453 1.0608 0.22276
-0.76391 1.0347 0.24229
-0.82051 1.0147 0.26638
-0.87532 0.99865 0.29342
-0.9256 0.99256 0.32792
-0.9731 0.99256 0.36698
-1.0206 0.99256 0.40604
-1.0681 0.99256 0.4451
-1.1209 0.99839 0.50598
-1.1766 1.0074 0.57884
-1.2426 1.0277 0.69373
-1.3138 1.0538 0.83043
-1.3851 1.0799 0.96714
-1.4564 1.106 1.1039
-1.5101 1.1211 1.2159
-1.5558 1.1312 1.3166
-1.5614 1.116 1.3607
-1.5495 1.0899 1.3803
-1.5377 1.0638 1.3998
-1.5258 1.0377 1.4193
-1.4954 1.0218 1.4161
-1.458 1.0097 1.4041
-1.3696 1.0257 1.3292
-1.2627 1.0518 1.2315
-1.1558 1.0779 1.1339
-1.0489 1.104 1.0362
-0.96078 1.1255 0.95571
-0.87856 1.1456 0.8806
-0.85983 1.1502 0.86349
-0.85983 1.1502 0.86349
-0.85983 1.1502 0.86349
-0.85983 1.1502 0.86349
-0.85436 1.1582 0.8575
-0.84751 1.1682 0.84998
-0.81735 1.2124 0.81691
-0.78172 1.2646 0.77785
-0.74609 1.3168 0.7388
-0.71047 1.369 0.69974
-0.67637 1.4212 0.66319
-0.64257 1.4734 0.62713
-0.61729 1.5256 0.60509
-0.59354 1.5778 0.58556
-0.56979 1.63 0.56603
-0.54604 1.6822 0.5465
-0.52109 1.7292 0.52894
-0.49597 1.7753 0.51166
-0.46154 1.7806 0.5097
-0.42591 1.7806 0.5097
-0.39028 1.7806 0.5097
-0.35465 1.7806 0.5097
-0.31903 1.7824 0.5097
-0.2834 1.7844 0.5097
-0.24777 1.8087 0.5097
-0.21215 1.8348 0.5097
-0.17652 1.8609 0.5097
-0.14089 1.887 0.5097
-0.10483 1.9112 0.50898
-0.068747 1.9353 0.50823
-0.021678 1.9111 0.48942
0.025825 1.885 0.46989
0.073327 1.8589 0.45036
0.12083 1.8328 0.43083
0.16833 1.8067 0.4113
0.21584 1.7806 0.39177
