0.41393 0.625
0.41586 0.625
0.41586 0.62269
0.41779 0.62269
0.41586 0.62269
0.41779 0.62269
0.41779 0.62269
0.41779 0.62269
0.41779 0.62269
0.41779 0.62269
0.41973 0.62037
0.41779 0.62037
0.41779 0.62037
0.41779 0.62037
0.41586 0.62037
0.41006 0.62037
0.39652 0.61806
0.39265 0.61111
0.38878 0.60185
0.38298 0.59722
0.37524 0.62269
0.37524 0.62037
0.37524 0.59954
0.36944 0.60185
0.35783 0.6088
0.34816 0.60185
0.34429 0.58565
0.34043 0.5787
0.34043 0.58102
0.34623 0.58565
0.34043 0.60185
0.34236 0.61111
0.34043 0.60648
0.35397 0.58565
0.35203 0.58333
0.35397 0.58565
0.35783 0.59259
0.34816 0.6088
0.34816 0.61111
0.34429 0.59954
0.34429 0.58333
0.34816 0.58102
0.34816 0.59028
0.33849 0.6088
0.34429 0.61574
