-0.31763 -8.4485 1.4962 -0.57092 1.5079 0.22772 0.73313 -0.14667 0.83992 0.74131 1.1688 0.70702 0.68763
0.72348 -8.8854 0.60998 -2.1014 1.2852 0.57316 1.7381 0.65939 1.0874 0.46017 0.47651 0.59468 0.24032
0.77246 -9.4536 0.4086 -1.7831 1.19 0.30237 1.0704 0.041369 0.99074 1.0158 0.75008 0.16627 0.25835
0.68576 -9.9134 0.32609 -0.70831 1.175 0.1153 0.38084 0.18974 0.80815 0.90587 1.0123 0.57413 0.46315
0.64141 -9.4266 0.72036 -0.99005 0.84851 0.38635 0.54189 0.075953 1.0976 0.52418 0.43272 0.56521 0.37326
2.8469 -8.8134 0.47127 -1.8729 1.0379 -0.67427 0.51626 -0.024062 0.23708 0.16595 0.45894 0.64888 -0.13831
2.5876 -8.833 0.62542 -0.88723 0.65141 -0.15701 1.2835 0.34654 0.94823 0.36202 0.31227 0.084029 -0.43325
1.9957 -5.4285 3.0586 0.69361 1.3935 -0.43612 0.69255 -0.61741 -0.025579 -0.45696 0.26728 0.13221 -0.45644
2.0597 -2.0972 1.192 1.2332 -1.3188 -1.7345 0.499 -0.66399 0.13582 0.13036 0.209 -0.34408 -0.48973
4.1119 -4.047 1.4643 1.2606 -2.2968 -2.5011 -0.31031 -0.6419 -0.77304 0.72086 -0.052196 0.065986 -1.0148
4.3217 -3.9753 1.4536 1.1689 -2.4577 -2.4012 -0.76308 -0.66895 -0.93864 0.89313 -0.49781 0.1899 -0.8243
3.9438 -3.4447 1.0439 0.88516 -2.8081 -3.0444 -0.56412 -0.6651 -1.0797 0.41167 -0.51983 -0.11484 -0.39323
3.8075 -3.2044 0.53831 0.88409 -2.3406 -3.4145 -0.74617 -0.18099 -1.4125 0.034309 -0.1349 0.027559 -0.43564
2.8159 -3.0888 -0.19516 0.7816 -1.2041 -2.9684 -1.4607 -0.093408 -0.76157 0.10893 -0.58149 -0.13939 -0.57135
0.19698 -2.7421 0.85852 0.92844 -0.59515 -1.0248 -0.97052 -0.54507 0.044916 -0.31296 -0.43321 -0.13252 -0.1757
0.055802 -4.1025 1.52 -0.10561 -0.055533 -1.268 -0.77948 -0.070902 -0.011759 0.11849 0.69306 0.63072 0.048763
0.20592 -4.9051 0.83559 -0.25943 -0.19951 -1.1069 -0.14986 -0.21371 0.072539 0.2639 0.81461 1.4345 0.31652
0.26803 -4.4173 2.3826 0.8719 1.251 -0.045288 -0.14884 -0.025365 0.5226 0.36973 0.69266 0.46954 0.069701
-0.3828 -4.4843 1.3419 0.37672 0.86938 0.36868 0.59485 0.87322 0.86831 0.4207 -0.058009 0.090358 0.56014
0.2623 -5.1511 1.6565 0.60001 1.571 0.48453 0.69825 0.94351 0.33685 0.25804 0.4127 0.40865 1.0118
0.87058 -3.8727 1.6426 0.71405 0.85306 0.1641 0.5804 0.97934 0.96789 0.64677 0.0132 0.20772 0.30409
1.2496 -5.7946 -0.11757 -0.6709 0.13697 0.40707 0.11845 0.74657 0.45493 0.29111 0.079499 0.37675 0.13661
1.1753 -5.104 -0.48076 -0.67873 0.18082 0.19776 -0.22762 0.41128 -0.079551 0.20671 -0.99787 -0.10405 0.099307
1.1822 -1.1203 0.01713 -1.2127 -0.50063 -0.61579 -0.029625 -1.2283 0.15812 -0.26048 -0.61858 -0.33657 -0.31475
3.2349 -1.1543 -1.4267 -1.5865 -0.71874 -1.1318 -0.6953 -0.85774 0.55427 0.40748 -0.61636 -0.83578 -0.012285
4.1157 -2.2575 -2.2019 -1.7742 -1.2807 -1.2984 -1.297 -0.74138 0.049233 0.5808 -1.2576 -1.2064 -0.043493
4.2072 -1.7119 -2.3492 -2.1814 -0.95639 -1.8394 -1.1281 -0.64654 -0.06575 0.85151 -1.2874 -1.1741 -0.035453
4.0094 -1.5229 -2.4938 -2.9768 -0.74855 -2.6231 -1.3068 -0.91217 -0.43601 0.45778 -1.5149 -1.4109 -0.55223
3.7081 -0.91775 -2.3016 -1.7377 -0.76179 -2.2984 -0.44392 -1.1151 0.25274 0.62722 -0.94114 -1.1111 -0.017504
2.7061 -1.4556 -1.9917 -1.512 -0.65578 -1.8716 -0.64654 -1.0687 0.18883 0.52567 -0.57917 -1.4323 -0.14545
2.2125 -1.4479 -1.3066 -1.2051 -0.093318 -1.9925 -0.67506 -1.3117 0.42357 0.82986 -0.47305 -1.0985 -0.40178
2.574 -1.3892 -1.5174 -1.9812 -0.72145 -1.9074 -0.51302 -1.5968 0.28904 0.11273 -0.92476 -1.0098 -0.30331
1.9961 -1.7709 -0.91245 -1.231 -0.67753 -1.8457 -0.41561 -1.602 -0.28718 0.4696 -0.55388 -1.4569 0.14341
1.2933 -2.1796 -0.23764 -0.85599 -0.52714 -1.2941 -0.80602 -1.4584 -0.10071 0.40655 -0.2102 -1.1211 -0.21797
1.1052 -1.8521 0.18941 -1.5639 -1.1109 -0.96453 -0.31513 -1.5273 0.69753 0.27836 -0.75191 -0.94533 -0.14936
