-0.43367 -7.1792 1.8213 -0.54409 1.3104 0.43751 0.82461 0.083803 0.52473 0.64359 0.6654 0.51208 0.53969
-0.29324 -7.6973 1.5724 -0.2314 1.4854 0.48285 0.41037 0.093683 0.9665 0.69575 0.1067 0.44056 0.45789
0.45037 -7.2016 1.3743 -1.409 2.3452 0.2442 0.23075 0.023588 0.42581 0.28284 -0.24556 0.50454 -0.26294
0.36553 -8.3244 1.4993 -0.448 0.83922 0.1756 0.80528 -0.091629 0.39067 0.29874 0.2132 0.3112 -0.70041
-3.8109 -5.3313 1.5237 -0.21418 0.28708 -0.18985 -0.32325 -0.63833 0.028681 0.48049 1.0321 0.97671 -0.27021
-0.13993 -0.73351 -0.27686 0.48524 -0.43517 -1.4016 -0.28663 -0.26615 0.36515 -0.6394 0.019196 0.097344 -0.9747
2.4368 -0.66471 0.57751 -0.22692 -1.4776 -2.2907 -0.40265 0.029886 0.29529 -1.012 0.22579 0.1126 -0.96406
2.6879 -0.67493 0.37025 -0.54912 -2.0213 -1.8318 -0.54974 -0.1642 0.4496 -0.72425 0.61571 -0.68562 -0.69185
3.0663 -1.1208 0.23359 -0.65017 -2.1049 -2.0024 -0.50795 -0.048848 0.52735 -0.69011 0.27957 -0.62526 -0.66327
3.1775 -0.97201 -0.29443 -0.82074 -2.1615 -1.9786 -0.8462 -0.33812 0.71085 -0.66314 -0.24886 -0.96085 -0.41816
3.0415 -0.95541 -0.47623 -0.90976 -1.7978 -2.0987 -0.97035 -0.15742 0.41701 -0.51875 -0.20705 -0.87247 -0.31001
2.7306 -0.47394 -0.40203 -1.1165 -1.8504 -1.6847 -0.82324 -1.0442 0.8337 -0.47968 -0.29997 -0.9678 0.039264
2.1432 -0.6393 -0.053505 -1.2365 -1.9285 -1.5154 -0.70707 -1.2754 0.5555 -0.60951 -0.40666 -0.9163 0.16792
0.59918 -1.1685 1.0676 -0.55655 -1.1836 -0.98609 0.037316 -1.0671 0.80053 -0.18602 -0.18605 -0.48674 0.28345
-0.63266 -2.885 1.27 -0.042998 -0.92141 -0.67287 -0.027673 -0.17621 0.51226 0.12956 0.49386 -0.11197 -0.43474
-1.3868 -3.8187 0.49573 -1.0649 -0.70798 -0.29932 0.16204 0.33603 0.35735 0.81208 0.96603 0.31967 0.17388
-1.5228 -4.3503 1.5513 0.27535 -0.68085 0.029199 -0.044835 0.25548 0.29783 0.56042 -0.10404 0.29058 -0.16633
-1.5934 -3.6089 1.0779 -0.28385 -0.45432 0.0026607 -0.0061186 0.34817 0.067978 0.89974 0.8141 0.043199 -0.41605
-2.9069 -2.9996 0.6425 -0.8537 -0.74478 -0.68182 0.27277 0.72526 -0.43736 0.5148 1.437 -0.20059 0.36395
-3.2639 -3.0068 0.35165 -0.28571 -0.057057 -0.29645 -0.17054 -0.39492 -0.23903 -0.18039 0.013267 -0.21301 -0.6153
-2.4289 -4.7662 0.70979 0.28177 -0.14382 -0.4405 -0.56951 0.39939 -0.21441 -0.16532 0.078804 -0.35424 -0.21616
-0.82978 -5.9811 1.2935 0.39718 0.11315 -0.52528 0.001221 -0.1682 0.030292 0.41065 0.27704 0.11415 -0.10172
-0.71444 -4.7956 0.32849 -0.74635 -0.19081 -0.036374 -0.049135 0.055371 -0.25619 0.065164 0.19382 0.20951 -0.091739
-1.7046 -3.471 0.43389 -0.52789 0.29418 0.11238 0.30609 0.27488 -0.12838 0.022623 0.33477 0.25458 -0.37624
1.5245 0.41439 0.47458 -2.1637 -1.3359 -0.61007 0.94997 -1.3475 0.21159 -0.6861 -0.084884 -0.37596 -0.54384
2.7171 0.47115 -0.3316 -2.9988 -1.3508 -0.72439 1.0416 -1.4037 -0.13508 0.186 0.46273 -1.237 -0.38439
2.8485 0.1043 -0.25071 -3.6633 -1.5791 -0.52827 0.24807 -1.2078 0.040564 -0.055632 -0.1559 -1.6124 -0.35993
3.018 -0.56834 -1.3947 -4.5243 -2.12 -1.2305 -0.63706 -1.7838 -0.64188 -0.57283 -0.87448 -2.3105 -0.65143
3.1514 -0.4876 -1.3554 -3.8869 -1.9263 -0.7752 -0.36619 -1.6288 -0.060126 -0.46983 -1.0606 -1.8145 -0.47924
3.2074 -0.31828 -1.0068 -3.4945 -1.5745 -0.5806 -0.25547 -1.0265 0.24673 -0.16053 -0.89452 -1.4018 -0.18666
3.1335 -0.20372 -0.92693 -3.5262 -1.4213 -0.96297 0.096606 -1.0906 0.35415 -0.15881 -0.94739 -1.1723 -0.57603
2.87 -0.57237 -0.34713 -3.2789 -1.7419 -0.76831 0.10462 -1.0277 0.52726 -0.062564 -0.60247 -1.6824 -0.17944
1.8783 -0.38132 0.29064 -2.9906 -1.7815 -1.0932 0.1397 -0.77156 0.61054 -0.28073 0.058659 -0.95199 -0.23276
-1.2129 -2.3602 0.91914 0.11455 -0.28471 -0.090416 0.32988 -0.52471 0.0011793 -0.49112 -0.27002 -0.50415 0.025515
-1.091 -2.6438 0.40165 -0.62576 -0.5874 -0.61918 0.070706 -0.73028 -0.33116 -0.82122 0.21404 0.0062566 0.057675
1.0233 -1.5857 -0.098378 -2.2024 -0.90204 -1.2083 0.056231 -1.0601 0.37949 0.13563 0.048962 -0.93457 -0.41626
0.8872 -1.5135 -0.41139 -2.3135 -0.3372 -0.56649 -0.0024629 -0.62835 0.48818 0.14647 -0.61563 -0.87123 -0.19501
