-1.7019 -4.2885 1.5146 -1.1129 0.27283 -0.92076 0.49093 -0.17644 -0.50613 0.24957 0.44416 0.4736 0.46074
0.28591 -4.3798 2.1615 -0.65467 0.4611 -1.254 0.41035 -1.5677 0.20099 -0.48189 0.42395 0.013108 -0.31635
-0.21141 -4.0666 2.1326 -0.89331 0.64286 -0.71275 0.47614 -0.7613 0.41222 -0.48519 0.26447 0.0063212 -0.10588
-1.0433 -4.5939 2.196 -0.29101 1.0728 -0.76524 0.00025384 -1.0281 0.17347 0.038457 0.23422 0.11451 0.29551
-0.47933 -5.9879 2.3166 -1.3109 1.038 -0.51676 0.32702 -0.82954 0.58387 0.13763 0.46406 0.65258 0.16196
1.2647 -7.0841 2.6076 -1.6012 1.1845 -0.27155 1.2882 -0.30282 0.4108 -0.25428 -0.069857 0.33068 0.27018
1.2691 -7.1054 2.369 -1.9862 1.3649 -0.86766 0.35957 -0.23867 0.14971 0.071304 0.13144 0.68967 0.91366
2.2541 -6.9887 2.2697 -2.0238 1.0843 -0.8491 0.66016 -0.38466 0.20926 -0.076784 0.32679 0.036584 0.48143
2.7671 -7.9224 1.929 -2.3041 1.1046 -1.4043 0.22309 -0.30283 0.86133 0.7732 0.095747 0.71943 0.23025
3.1689 -7.9581 1.1918 -2.9515 0.91546 -0.97297 0.28298 -0.60954 0.57781 0.39336 0.47774 1.138 0.26487
1.7392 -2.8753 3.4255 -2.2502 -0.39574 -1.644 0.077411 -0.74553 0.14523 0.020346 -0.60589 0.071063 -0.43771
2.6762 -0.65835 0.10608 -2.611 -1.7464 -0.84055 -1.218 -1.1893 -0.33987 0.58755 -0.68102 -1.0248 0.14075
3.7872 -0.95867 -0.89149 -2.3944 -1.5417 -0.85218 -1.6545 -0.35967 0.057082 0.79339 -1.376 -0.58998 0.29244
4.1409 -1.3952 -0.76533 -2.0564 -1.3222 -1.1868 -1.5118 0.25342 0.13042 1.2094 -1.9593 -0.4086 0.37491
4.3438 -1.9602 -1.3279 -1.9416 -0.79782 -1.8321 -1.5262 0.16846 -0.32558 1.1959 -1.8257 -0.18646 -0.31818
4.376 -2.7051 -1.2849 -1.3703 -1.7045 -0.41012 -1.7597 0.3938 -0.37165 0.64342 -1.5377 -0.10124 0.26203
4.2778 -2.872 -1.0199 -1.1782 -0.80508 -0.86988 -1.3089 1.0116 -0.73956 1.3317 -1.8182 -0.29439 0.17066
1.2832 -2.0145 0.49566 -1.0998 0.18175 -0.53984 -0.42936 0.38699 0.24178 0.55133 -1.2816 -0.10519 0.5841
1.4104 -4.3377 1.5601 -1.7894 0.41394 -0.40422 0.66844 0.79191 0.13326 -0.032227 -0.6885 -0.050378 -0.20915
1.0459 -4.526 1.4993 -0.89658 0.0051304 -1.3217 -0.81557 -0.13162 -0.25911 0.073109 0.075054 0.51181 0.5598
0.38652 -3.9386 0.86598 -1.3227 -0.62187 -0.50592 -0.027402 0.42064 0.071967 0.46622 0.11013 -0.12409 0.092549
0.38771 -4.2822 1.4708 -1.1497 0.67618 -0.090489 -0.18327 -0.031406 0.38495 0.061318 -0.73541 0.059196 -0.19022
0.52396 -1.7823 0.64829 -2.145 -0.80404 0.10834 -0.73081 -0.67004 -0.058666 0.015996 -0.48232 0.3489 -0.39625
1.8499 -0.22502 -0.093012 -2.7408 -1.2126 -0.38662 0.21912 -0.99128 -0.53596 0.80239 0.26728 -0.97168 0.11162
2.6989 -0.19022 -1.1516 -2.5194 -0.98853 -0.52537 0.22845 -0.59534 -0.62352 0.81024 0.10882 -1.2186 0.14159
3.3497 0.401 -1.5163 -2.9713 -0.96471 -0.4881 0.081657 -0.8589 -0.018814 0.77495 -0.32673 -1.1724 0.18372
3.5857 0.42806 -0.73973 -3.5752 -0.99361 -0.045795 -0.36084 0.11831 -0.35135 0.95519 -0.39511 -1.3551 0.22905
3.5659 0.58972 -1.2244 -3.3967 -1.1497 -0.35905 -0.37404 0.054917 -0.22871 0.5884 -0.012496 -1.7793 0.18666
3.2611 0.1227 -2.0052 -2.2413 -1.4415 -0.85366 0.39517 -0.92952 0.05524 0.63559 -0.38499 -1.114 -0.35249
0.87174 -0.85611 -0.090439 -2.0552 -1.1728 -0.55544 0.45654 -0.84292 0.13284 0.40692 0.031643 -0.74195 -0.062696
0.3029 -1.2838 0.41848 -1.5812 -1.5716 -0.51854 0.14089 -1.3229 0.63562 -0.11265 0.13037 -0.52536 -0.25991
1.2673 -1.0363 -0.0085738 -1.6135 -1.5603 -0.33358 -0.24873 -1.9379 0.98434 0.53031 0.026635 -0.44837 -0.47709
1.2428 -0.97492 -0.73549 -2.0812 -0.89376 -0.9475 0.19858 -1.187 0.6782 0.69206 -0.12534 -0.97902 -0.41557
0.16879 -1.4658 0.4088 -1.4551 -0.54696 -0.89812 0.11272 -0.81183 0.69733 0.50552 -0.28789 -1.0834 0.11404
