1.5229 -8.6014 0.83384 -1.5675 0.74856 -0.026412 0.98992 -0.20014 0.97129 -0.10877 0.12105 0.59613 0.13395
1.7175 -8.8981 1.2878 -0.95208 1.2597 0.00021834 1.2338 0.27642 0.72228 -0.23558 0.32334 0.17097 0.09521
2.0916 -8.344 1.3779 -1.7033 1.0084 -0.53267 0.59414 -0.11387 0.54567 -0.033956 0.70729 1.2436 1.0723
2.0914 -8.6082 1.2922 -1.3935 1.4662 -0.54707 0.52659 0.21556 0.84748 -0.067166 0.099217 0.55911 0.25427
2.1646 -8.8448 1.181 -1.9325 0.39729 -0.30261 0.64145 -0.15344 0.34334 -0.23991 0.33717 0.56435 0.42381
2.3245 -8.6967 1.4042 -1.5868 0.9309 -0.67759 0.22913 -0.27577 0.14614 -0.31563 0.15188 0.45281 -0.43134
0.63651 -2.8289 1.6873 -0.7837 -0.48687 -0.68835 -1.2708 -0.18583 0.168 -0.1639 -0.90017 -0.019457 -0.010627
3.3418 -1.8483 -0.22834 -0.76463 -1.093 -1.1981 -1.6836 -0.07686 0.35049 -0.052698 -0.54384 0.30127 0.067273
4.0609 -2.16 -0.83816 -0.69206 -1.5499 -1.352 -1.8462 -0.033455 0.5013 -0.0029091 -0.80923 0.048117 0.032775
3.9772 -2.3505 -1.1221 -0.49138 -1.5727 -1.1648 -1.6211 -0.13082 0.4257 0.027542 -0.72553 -0.020329 -0.16842
3.4369 -1.5947 -1.0362 -0.61176 -1.3449 -0.81864 -1.4797 -0.4152 0.46233 0.063211 -0.68004 -0.13897 0.04767
1.8219 -1.2421 -0.22065 -0.89078 -0.92076 -0.50394 -0.79841 -0.88667 0.41662 0.11531 -0.16167 -0.2644 0.39986
-0.32512 -1.9456 1.1343 -0.021913 -0.6573 -0.47207 -0.11554 -0.85573 0.63624 -0.022864 0.22403 -0.27124 0.0084142
-1.9303 -3.1861 0.18995 -0.39568 0.038814 -0.57172 -0.52094 0.11584 0.20952 0.38026 0.53638 0.19163 0.016978
-1.5244 -2.8526 0.76237 0.18819 -0.29011 -0.18501 0.0054502 -0.51889 0.33966 0.038851 0.0056928 -0.16637 -0.17093
-1.6229 -3.8275 0.79469 -0.16202 0.4525 0.54028 0.20521 0.21144 0.53054 0.034025 -0.23006 -0.64237 -0.27059
-2.2777 -2.923 1.267 -0.17975 -0.032798 -0.27924 -0.17559 -0.3485 0.3645 0.049748 0.46188 0.15928 -0.54739
-1.9158 -3.3702 0.87005 0.032135 0.53421 0.2235 -0.20633 -0.23109 0.40887 0.37003 0.44495 0.45769 -0.44836
-0.97517 -5.4239 0.23351 -0.3002 1.1095 -0.035454 -0.8646 0.11628 0.43342 0.95279 -0.11809 -0.34517 -0.52361
-1.7619 -3.5875 0.82974 -1.1172 0.15218 -0.047686 -0.1121 -0.21679 -0.16958 0.06462 -0.3112 -0.02727 0.20366
1.8355 -1.4965 -0.54214 -1.6616 -1.145 0.28619 -0.50596 -0.80035 0.55186 0.13201 -0.20018 -0.38508 -0.087726
3.1055 -1.8076 -1.2755 -1.4361 -1.3048 0.23929 -0.51459 -0.42225 0.88506 0.39304 -0.27164 -0.72725 0.059241
2.9439 -1.556 -1.6859 -1.4234 -1.0868 -0.079606 -0.66418 -0.50092 1.232 0.13532 -0.40425 -0.69347 0.011926
2.1183 -0.97901 -0.51339 -2.1541 -0.82984 -0.614 -0.077793 -0.84196 1.2378 0.10297 -0.74474 -0.5286 0.018136
1.4231 -0.36373 0.61702 -1.9732 -1.1007 -0.50006 -0.051874 -1.3122 1.6466 -0.02323 -0.72715 -0.4901 0.32706
-1.7152 -2.2435 0.40927 -0.61713 -0.24619 -0.4442 0.30973 0.32352 1.0748 0.51026 0.18827 -0.62247 -0.35723
-1.6738 -2.9987 0.26929 0.51809 0.66083 0.41262 0.30786 0.66314 1.2247 0.56677 -0.30024 -0.015741 -0.08278
-0.48096 -1.1487 0.73947 -0.53317 -0.37928 -0.44624 0.14993 -0.5369 1.1238 -0.3795 -0.63499 -0.12319 -0.078421
-0.37515 -1.9417 0.68165 -0.43175 0.12956 -0.27364 -0.20797 -0.69663 0.67476 0.16483 -0.095018 0.032426 -0.4124
