-1.427 -3.4182 0.28531 -0.16764 0.10089 0.52919 0.72773 0.57422 0.67858 0.59597 0.15487 0.096815 0.80024
1.7379 -6.6476 1.7862 -1.0921 0.69794 -0.38713 0.35358 -0.001412 0.7672 0.32425 0.27223 0.42056 0.88086
1.9621 -7.0325 1.4236 -1.0134 -0.044376 -0.44847 0.19823 0.34011 1.0891 0.20276 0.42633 1.2545 0.77352
2.2283 -8.1711 1.3317 -0.93435 0.71582 0.027937 0.67082 -0.039501 0.56544 0.29538 0.703 0.87395 0.5882
2.6661 -7.8852 1.4284 -1.3328 0.9105 -0.37059 0.94225 0.4288 0.49775 0.71578 1.0452 0.039809 0.073218
2.1742 -8.3373 1.0785 -1.0919 1.3639 0.16752 0.98809 -0.063103 -0.075574 -0.23179 0.36679 0.12433 0.48296
1.7237 -8.2081 1.0618 -1.1374 1.0252 -0.25484 0.80404 0.29528 0.090687 -0.68452 0.065746 0.21742 0.53282
2.4447 -10.055 0.3388 -1.244 0.95895 -0.31293 0.10425 0.18336 0.72168 0.4397 0.14627 -0.23816 -0.26149
4.0574 -9.281 0.54326 -1.925 0.932 -0.89693 0.2926 -0.22113 -0.12201 -0.16553 0.32358 0.18532 0.2608
5.1816 -8.9383 1.1511 -2.329 0.4375 -0.63407 0.77556 0.049441 0.4322 0.1292 -0.069246 0.072554 -0.0019495
5.8742 -9.8045 0.97491 -2.5232 0.85624 -0.63682 0.53412 0.671 0.13115 -0.45424 0.17281 -0.2345 0.078639
4.3156 -4.1786 3.6863 -0.42615 1.2085 -1.0671 -0.61155 -0.4888 -0.29798 -0.87332 -0.27289 -0.17214 0.13868
4.8006 -0.98364 1.036 0.30502 -0.058448 -1.6469 -1.0215 -0.73985 -0.13246 -0.73163 0.051151 0.37217 0.15617
5.5308 -1.0116 -0.31084 0.57624 -0.73792 -2.1092 -0.97141 -0.92461 -0.71206 -0.63318 0.32133 -0.053191 0.58785
5.6271 -0.96741 -0.58137 0.5325 -0.89754 -2.427 -1.0944 -0.91121 -0.89126 -0.55879 -0.22328 -0.10396 0.081332
5.6239 -2.0493 0.12571 0.36511 -1.2943 -2.8848 -1.2768 -0.79937 -0.87266 -0.62136 -0.36105 -0.44301 -0.10674
5.4058 -1.5916 -0.23098 -0.0091998 -1.1279 -2.0472 -1.4396 -0.47473 -0.65463 -0.52564 -0.22876 -0.23532 0.061789
4.7246 -0.71381 0.96764 0.53503 0.13882 -1.6402 -0.78843 -0.24119 0.38009 -0.2761 -0.48645 0.46153 0.43299
3.4813 -1.6788 2.4825 0.71372 0.31977 -0.21648 -0.32981 -0.52666 0.43561 -0.012427 -0.51245 0.29607 -0.18813
2.9512 -3.578 2.7382 -0.12129 -0.16185 -0.026131 -0.070949 0.0021041 -0.18041 -0.17291 -0.06044 -0.25667 0.27856
3.3457 -4.6644 1.5554 0.34693 0.84762 -0.040371 -0.56403 -0.38388 -0.51844 -0.1702 -0.21576 -0.12721 0.26296
3.0861 -5.2653 -0.19628 -0.6219 0.98111 -0.74777 -0.3127 0.4934 0.11713 -0.29892 -1.0912 -0.54087 -0.20853
2.6078 -4.1568 0.50873 -0.54366 -0.067097 -1.3656 -0.75122 0.4548 0.48807 -0.10593 -0.27321 0.074023 0.22123
3.3619 -3.5845 0.11708 -1.2075 -0.0019933 0.024987 -0.44375 0.12731 0.70841 1.034 0.86754 0.29371 -0.010389
3.3554 -2.4979 1.4747 -0.030324 0.25597 0.27686 0.11098 0.41312 0.73439 0.067309 -0.12523 0.057386 -0.081342
4.3301 -0.36673 0.29506 -0.50564 0.45306 -0.059895 0.063112 -0.66533 0.41486 -0.25891 -0.50711 -0.40508 -0.24082
5.3517 -0.31662 -0.51076 -1.2576 -0.34215 -1.1087 -0.71682 -0.8243 0.25928 0.056224 -0.27696 -0.75422 -0.23761
5.7538 -0.75252 -0.61172 -2.0107 -0.93495 -1.0828 -1.0424 -0.95164 0.27359 0.54827 -0.4408 -0.88018 -0.074103
5.7659 -1.0117 -0.69414 -1.9325 -0.81767 -1.5121 -1.4052 -0.44175 -0.0027641 0.55143 -0.63901 -0.8152 -0.11475
5.2942 -0.79472 -1.3392 -2.1961 -1.133 -1.6931 -1.405 -1.5556 -0.29303 0.14343 -0.48322 -1.1293 -0.31981
3.0259 -1.6122 0.044291 -1.1675 -0.42428 -0.67801 -0.50468 -1.0661 0.18368 0.20128 -0.073657 -0.59915 -0.6044
2.8836 -1.2508 1.0281 -0.73332 0.071304 -0.34238 -0.37161 -1.3327 0.033958 -0.019923 0.015957 -0.45422 -0.27092
2.6868 -1.8433 0.92742 -0.20879 -0.22111 -0.042714 -0.38318 -1.3233 -0.084745 -0.21091 -0.088524 -0.33229 -0.22666
2.2823 -2.0505 0.48085 -1.1072 -0.46254 -0.57476 -0.41548 -1.326 -0.10202 -0.19566 0.10764 -0.34341 -0.54457
2.5375 -2.1826 -0.11354 -1.54 -0.65442 -0.70817 -0.55702 -1.8184 0.07612 -0.1101 -0.31117 -0.44259 -0.64042
2.8687 -2.4205 -0.017454 -1.4688 -0.59997 -1.1764 -0.92129 -1.9784 -0.19232 -0.073984 -0.14175 -0.68389 -0.54065
2.933 -2.0027 0.054393 -1.5773 -0.23568 -1.0802 -1.0732 -1.8416 -0.33452 -0.11699 -0.013012 -0.37965 -0.61656
2.577 -1.997 0.73921 -1.1859 -0.54566 -1.0314 -1.1179 -2.1999 -0.03398 0.085473 0.22871 -0.12192 -0.09524
1.0273 -3.1619 0.21033 -0.85155 -1.5966 -1.4793 -0.75059 -1.4483 -0.37094 -0.42614 0.24622 -0.42947 0.10586
