0.33062 -7.8216 1.6868 -0.58204 1.5632 -0.68325 0.26936 0.51851 0.55357 0.098759 0.46742 0.34827 0.49345
1.8003 -9.2936 0.67911 -1.5025 1.1571 -0.18455 1.305 0.98074 0.63262 -0.28927 0.27307 0.238 0.38898
2.3843 -9.5998 0.14853 -2.6013 0.74595 -0.36038 1.0746 0.20867 0.43079 0.50346 1.3367 1.1153 0.92891
2.2586 -9.3181 1.1552 -0.95273 0.93763 -0.19562 0.13475 0.71577 0.25927 0.039817 0.51471 0.51937 0.12445
0.80634 -8.0779 1.4444 -0.19655 0.57691 -0.12358 0.28082 0.59971 0.19122 0.34212 0.43518 0.40079 0.25516
2.0117 -0.98095 1.3013 -0.84643 -1.2622 -1.5395 -1.2855 -1.1146 0.040273 -0.93936 -0.66733 -0.44105 -0.48104
4.1621 -1.2936 0.61274 -1.592 -1.3876 -1.8473 -1.8198 -0.2117 -0.07087 -0.23629 -0.18362 -0.24913 -0.66568
4.5588 -2.24 -0.13554 -1.2368 -1.8766 -1.8883 -1.6519 -0.020549 -0.4692 -0.38737 -0.5337 -0.44549 -0.7432
4.5155 -1.8241 -0.9063 -1.0033 -1.9312 -2.2911 -1.3709 -0.21519 -0.78787 -0.30743 -0.60152 -0.84338 -0.5341
3.916 -1.2303 -1.3922 -1.2472 -1.284 -2.394 -0.9607 -0.76055 -0.39945 -1.0996 -0.53333 -0.87345 -0.63718
2.4587 -1.8926 0.026588 -0.93114 -0.85338 -1.4634 -0.53887 -0.29897 -0.55407 -1.2292 -0.80242 -0.97425 -0.46161
0.97195 -3.2612 1.2801 0.3686 0.46857 -0.28778 -0.35052 -0.30304 0.48168 -0.17622 -0.91157 -0.32463 -0.59697
0.61722 -5.4038 1.0378 0.49822 -0.29138 -0.099234 0.0039506 -0.21417 -0.17886 0.37667 0.34108 0.15803 -0.11137
0.091381 -4.4165 1.2977 -0.63101 -0.40761 -0.40108 -0.4919 -0.0065313 0.4248 0.33686 -0.042235 0.20966 0.12581
-0.25623 -5.0614 0.83798 -1.0411 -1.1831 -1.0164 -0.027122 -0.16429 0.49823 0.47095 0.055242 -0.17991 0.48525
-1.146 -4.1178 0.014159 -0.87998 -0.652 -0.78983 -0.55403 0.095918 0.14589 0.098221 0.68947 0.34212 -0.39165
-1.2511 -4.3133 0.49331 -0.59172 -0.58181 -0.53801 -0.4893 -0.33493 -0.1531 0.24424 0.87592 0.22819 -0.4475
0.32052 -6.1195 1.1004 -0.68316 -0.033438 -0.1007 -0.27115 -0.35695 -0.60052 0.15594 0.35807 0.40957 0.091232
-1.5099 -4.0953 0.52727 -0.61248 0.088396 -0.026738 -0.39374 -0.020226 -0.43725 -0.079292 0.76124 0.71998 0.27375
-2.147 -3.3019 0.11967 -0.011374 0.40408 -0.25107 -0.35137 0.32736 -0.38273 -0.17511 0.057726 -0.13166 -0.072203
-3.2126 -3.2033 0.021717 0.15699 0.51935 -0.12972 -0.37852 0.23339 -0.13209 0.27491 0.17965 0.075282 0.08944
-0.63252 -0.97824 1.2564 -0.14331 -0.42328 -0.24233 -0.049618 -1.1629 0.40039 -0.52306 -0.30573 -0.071198 -0.44598
2.8105 -0.083329 0.82935 -2.3553 -1.5118 -0.8733 0.008805 -1.6668 0.54552 -0.24263 -0.047529 -0.91523 -0.75282
3.5699 -0.77578 0.33883 -2.8804 -2.1791 -1.1348 -0.020863 -1.0169 -0.21349 0.046727 -0.25467 -1.7397 -0.37509
3.5289 -0.77346 -0.21363 -2.9794 -1.9172 -1.0267 -0.43645 -1.5512 0.32479 -0.11267 -0.62798 -1.6836 -0.42478
1.7772 -0.94378 0.14089 -1.9406 -1.0648 -0.70592 -0.031397 -1.3868 0.87919 -0.028632 -0.39147 -0.67281 -0.2715
0.60561 -2.9909 -1.254 -0.40828 1.0535 0.19985 0.035727 0.27575 0.23269 0.017869 -0.84226 -0.18908 -0.64415
2.1695 -0.81641 0.30432 -1.7029 -1.0027 -0.87726 -0.20508 -1.417 0.55258 -0.22388 -0.45176 -0.7598 -0.8116
2.5163 -0.99421 0.49532 -1.8432 -1.6322 -1.7893 0.023729 -0.95543 0.76422 -0.043887 -0.46148 -1.4692 -0.21838
1.2723 -1.7786 1.2935 -0.61207 -1.5082 -1.561 0.10629 -0.7758 0.43624 -0.3481 0.06789 -1.1258 -0.30323
-0.1623 -2.3842 1.2701 0.05547 -1.8555 -1.2938 -0.065321 -1.2668 0.087383 -0.61028 0.51728 -0.57629 -0.19969
