-3.9697 -3.2129 0.98577 0.33043 1.1111 0.79927 0.43461 0.40512 0.98088 0.30269 -0.44792 0.10786 0.52729
-1.7981 -5.7324 1.5949 -0.56225 0.46947 0.6868 0.24216 0.35033 0.89426 0.69402 -0.042462 0.94879 0.61153
-0.61828 -6.3899 1.8463 -0.089742 1.7386 0.64655 0.96245 1.0019 -0.024775 -0.10227 -0.13111 0.5058 -0.042379
-0.82952 -6.0469 1.6913 -0.91158 1.465 0.3596 0.040086 0.16347 0.46491 0.83213 0.014487 0.77705 -0.16926
-0.44942 -6.4227 1.2301 -0.52917 1.2574 0.058777 0.66616 0.21477 0.30261 0.64656 -0.15482 0.47109 -0.089212
2.6911 -8.0265 1.8597 -2.7124 2.1502 -1.1701 0.32064 0.61731 0.33091 0.91297 0.24344 0.91728 0.19907
2.851 -9.0066 1.9699 -2.1453 2.5224 -0.4379 -0.099856 0.42074 -0.12433 0.5349 -0.27619 0.45838 0.0023026
3.2637 -9.065 1.9794 -2.6461 1.6088 -0.021258 0.99643 0.52746 0.60908 1.1915 -0.37248 0.54154 -0.14535
3.2748 -9.4694 1.9912 -2.4134 2.3746 -0.097199 0.41767 0.66265 0.54758 0.38493 -0.17029 0.8404 0.18599
3.1867 -8.9872 2.1381 -1.6189 1.9571 -0.22169 0.60532 0.25998 0.36075 0.24847 -0.086488 0.63595 -0.37156
3.5507 -8.7961 2.4015 -1.3217 1.9086 0.077853 0.92622 0.91137 0.27824 0.36862 0.029084 0.12314 -0.12764
4.074 -9.1304 1.9509 -1.3865 1.4644 -0.12517 0.67854 -0.12728 -0.47845 -0.4959 -0.312 0.56074 0.092217
3.8585 -8.4688 2.0785 -1.1921 1.0097 -0.81318 0.53076 0.16034 0.048653 0.53105 0.39656 0.2493 -0.36189
2.7915 -7.7791 1.8425 -0.79153 0.99048 -0.32646 -0.07376 0.98749 0.96612 0.39421 -0.093581 0.51723 -0.71291
1.5636 -1.0336 2.238 -1.2978 0.27399 -1.0247 -0.34459 -0.61164 -0.14276 0.20426 -0.82019 0.065945 -0.22548
3.4454 -0.37962 -0.15004 -1.4781 -0.12624 -0.98735 -1.2874 -0.74593 0.93034 0.72672 -0.85093 -0.59115 0.24093
4.2969 -0.71846 -0.8637 -1.162 -0.72923 -0.98874 -1.0573 -0.070077 0.96914 0.61942 -0.70922 -0.61151 0.28661
4.4789 -1.3461 -0.89177 -0.77825 -1.1045 -0.83153 -0.71792 -0.011614 0.50182 0.45865 -0.91146 -0.33673 0.32368
4.4988 -1.732 -1.0052 -0.96645 -0.9892 -0.43233 -0.53712 -0.13094 0.49415 0.15755 -1.0034 -0.074235 0.34954
4.7851 -1.4867 -1.5451 -1.1892 -0.79897 -0.40904 -0.38229 0.074077 0.41799 -0.065269 -0.80549 0.086662 0.28719
3.3643 -0.32359 -1.4416 -0.65922 -0.58949 -0.14913 -0.42766 -0.073599 0.377 0.040685 -0.95579 0.073715 0.33048
0.75242 -0.38873 1.1643 -0.45748 -0.059607 0.30368 -0.20722 0.43365 1.0095 0.3193 -0.094633 -0.19127 0.35365
-1.4719 -1.7077 0.91606 0.053275 1.0879 -0.061757 -0.080218 -0.49307 0.076757 0.63066 -0.18854 0.35264 0.2713
-1.2536 -3.3019 0.78762 -0.41323 0.20886 -0.12331 0.086098 -0.16708 -0.15341 -0.15377 0.23443 0.4209 0.32044
-1.8502 -4.0511 0.13481 -0.37366 0.31335 0.14761 0.25481 -0.16858 0.23366 0.41081 0.18939 0.19662 0.73516
-1.9362 -3.3169 0.050114 -0.9016 0.49816 -0.12626 -0.35348 0.27106 0.4142 -0.32552 -0.047792 -0.46087 -0.48124
-1.8049 -3.7091 0.85455 -0.68504 0.049242 -0.0043581 0.10601 0.20914 -0.1715 -0.035782 0.2962 -0.328 -0.69556
-1.9671 -2.4792 1.0766 -0.49783 0.12614 -0.1562 -0.33529 -0.47564 -0.029861 -0.29735 -0.0043603 0.27869 -0.19507
-1.4539 -2.0031 0.9837 0.251 -0.078853 -0.19488 -0.4018 -0.51389 0.071906 0.0047859 -0.36647 -0.52141 -0.12634
1.3293 -0.070465 -0.2699 -1.121 -0.48265 0.37505 0.15762 -0.58434 0.23104 0.27119 -0.57942 -0.54198 0.040294
4.0756 -0.2223 -1.4209 -1.7452 -1.2913 0.28702 -0.15449 -0.69909 0.41836 0.52232 -0.55122 -0.81181 0.22776
4.4408 -0.031673 -1.978 -1.927 -1.7422 0.28123 -0.23559 -0.58052 0.30367 0.25083 -0.90648 -1.1192 0.30394
4.4844 -0.19937 -2.1989 -1.927 -1.5885 0.35366 -0.46978 -0.44283 0.3219 0.092552 -1.0674 -1.0687 0.18049
4.2246 -0.35822 -2.0757 -1.835 -1.4149 0.029869 -0.11934 -0.79657 0.59478 0.080507 -1.001 -0.95575 -0.0375
3.8681 -0.16427 -2.3774 -1.3048 -1.2547 -0.55077 0.4039 -1.2075 0.24752 0.98525 -1.5413 -0.15636 -0.47055
2.1115 -0.25592 -1.7233 -0.43558 -1.1197 -0.47458 0.4891 -0.93442 0.069245 0.74184 -0.27277 -0.67533 0.081392
0.96053 -0.90448 -0.4326 -0.037545 -1.4591 -0.37993 0.41195 -0.93904 0.1423 0.90086 -0.21339 -0.85018 0.36649
1.377 0.24217 -1.5463 -0.941 -0.60012 -0.59939 0.53348 -0.99415 0.31532 0.54763 -0.52834 -0.20466 0.073391
1.1659 0.24255 -1.6379 -1.2554 -0.38664 -0.71858 0.73858 -1.3513 0.48044 0.45901 -0.84375 -0.52231 -0.11031
