-0.84955 -6.2509 1.9231 -1.114 1.2079 0.0087175 0.57746 0.027025 0.78067 0.57281 0.67493 0.91719 0.23211
-0.19783 -6.2879 1.9369 -1.3564 0.88184 0.075444 0.85189 -0.27852 0.15527 0.1893 0.15067 0.13276 0.017436
0.8382 -9.5204 0.59683 -1.1927 0.45842 -0.65674 0.76907 0.70946 0.57845 0.38203 1.1407 0.076813 0.90288
1.0842 -8.9765 0.97794 -0.72187 1.0338 0.31029 0.95441 -0.29535 -0.017924 0.016927 0.79736 0.5532 0.89289
1.8313 -9.2147 0.74989 -1.1308 1.6071 -0.098829 0.59485 0.71885 0.14913 0.17238 0.82092 0.56107 0.6641
2.1483 -9.4901 0.31762 -1.9144 1.9016 0.37862 0.74877 0.78958 -0.61173 -0.079268 1.1549 0.61313 -0.11786
-1.9371 -3.3722 1.9102 0.035696 0.51389 -0.056277 0.48073 -0.15785 0.36826 -0.18128 -0.27032 -0.58446 -0.14121
1.7219 -1.2524 1.9124 0.42093 -0.74401 -0.73379 -0.67851 -1.3768 0.37962 -0.90063 -0.42014 -0.2059 -0.11293
3.427 -1.9392 2.0268 0.21997 -0.81258 -1.7279 -1.5476 -0.30241 -0.7075 -0.39898 -0.32394 0.077986 0.81754
3.7155 -1.9777 1.9136 0.025158 -0.93781 -1.7028 -1.7725 -0.27783 -1.0019 -0.50962 -0.20549 0.20897 0.56025
3.6759 -1.9261 1.4302 -0.046419 -0.9956 -1.6163 -1.8398 -0.70304 -0.97744 -0.099667 -0.13561 -0.16362 0.36795
3.331 -1.9363 1.3837 0.093867 -0.52977 -1.7349 -1.8454 -0.96716 -0.40766 -0.32239 -0.077797 -0.18255 0.40518
2.6445 -1.3736 1.0706 0.12997 -0.43653 -1.4276 -1.0864 -1.3579 0.14413 -0.4894 -0.056853 -0.46725 0.63739
1.3408 -1.798 1.2155 0.235 -0.14227 -0.45709 -0.76825 -1.3837 0.459 -0.51037 -0.6579 -0.26904 0.021821
-0.057975 -2.5141 1.0256 0.73778 0.13321 0.020686 -0.39893 -1.1527 0.20677 -0.18533 0.0080003 0.21777 -0.54274
-2.063 -2.898 0.46413 -0.036693 0.009921 -0.16341 -0.093623 -0.47935 -0.2346 0.048519 0.51586 0.16195 -0.35298
-3.2601 -2.8174 0.44377 -0.46202 -0.34014 -0.2238 0.80796 0.47509 -0.12722 0.48776 1.4412 0.23148 0.51641
-3.6678 -2.6338 0.90815 0.32997 0.41167 -0.029183 -0.16938 -0.62372 -0.35295 0.44072 1.3194 0.65254 -0.49103
-4.0646 -3.0101 0.64471 -0.24914 -0.01995 -0.091574 0.38992 0.052391 -0.31855 0.14606 0.84086 0.23644 0.17461
-4.2222 -4.3935 1.178 -0.32334 0.12937 -0.049038 0.11851 -0.13153 -0.049484 0.30147 0.68813 0.55389 0.20208
-3.0044 -3.0409 0.70454 0.0019963 0.38834 -0.082037 -0.11169 -0.36826 -0.13498 0.19146 0.60734 0.24135 -0.31929
-4.8227 -3.2605 0.83336 -0.017087 0.60524 0.26598 0.28856 0.15569 0.3453 0.19939 0.42298 0.24649 0.066426
-3.0566 -5.0305 1.1953 -0.56728 0.29968 1.4641 1.3602 0.95721 -0.025106 0.27661 0.015908 -0.353 -0.029783
-3.3875 -2.7924 0.46396 0.074675 0.57382 0.54756 0.75169 0.75483 0.54532 0.13184 -0.22953 -0.15163 0.15833
-3.8989 -2.4462 0.80377 0.6224 0.98994 0.65462 0.18346 0.016805 0.48398 0.26658 0.049226 0.31674 -0.42511
1.0993 -1.1419 1.0551 -1.059 -1.145 -0.88359 -0.33007 -1.5229 0.79069 -0.68775 -0.60066 -0.6145 -0.4127
2.4536 -0.84881 0.22326 -2.0913 -1.1162 -1.1121 -0.17855 -1.3989 0.43451 0.072525 -0.19558 -0.98611 -0.17757
2.8708 -1.021 -0.43054 -2.2465 -0.94144 -1.2482 -0.5419 -1.3395 0.26964 0.28551 -0.38418 -1.2168 -0.13309
2.8004 -0.87906 -0.48982 -1.5945 -0.90966 -1.4902 -0.42941 -1.4781 0.29923 0.25918 -0.44668 -0.88146 -0.20952
1.977 -1.0546 0.51743 -1.7802 -0.58608 -0.80232 -1.0462 -1.5938 0.59729 -0.32706 -0.17732 -0.42413 -0.32926
1.5069 -1.2395 0.82794 -1.466 -0.14416 -0.80876 -0.72771 -1.8655 0.20884 -0.23406 -0.063843 -0.099914 -0.51754
1.8647 -1.2944 0.45288 -1.4967 -0.67704 -1.1927 -0.93312 -1.86 0.73103 -0.1124 -0.47952 -0.5147 -0.35194
1.4304 -1.7431 0.53189 -1.3627 -0.92451 -1.111 -0.72054 -1.6996 0.19491 0.1089 -0.15605 -0.7767 -0.21808
0.61643 -2.0661 1.2556 -0.0068906 -0.91297 -1.2589 -0.76336 -1.5366 0.30042 -0.15414 0.41777 -0.4766 -0.51924
0.40181 -2.2748 1.2229 0.11029 -1.0959 -1.0034 -0.61317 -1.804 0.18388 -0.40334 0.10182 -0.28899 0.044603
