2.3798 -1.8184 0.99364 -0.16837 -0.26377 -1.1715 -1.1473 -0.96025 0.28034 -0.37891 -0.23924 0.32097 0.043281
3.6117 -1.2959 0.83134 -0.15056 -1.0838 -2.1207 -1.2406 -0.52179 0.34133 -1.038 0.0015689 0.23929 0.42738
4.1725 -1.2198 0.79 -0.42131 -0.77955 -2.2028 -2.0355 0.039562 -0.078548 -0.81918 0.26821 0.15816 0.27619
4.2796 -1.188 0.85646 -0.63671 -1.6444 -2.3955 -1.322 -0.20487 -0.44817 -0.33564 0.37256 -0.28857 0.25168
4.3999 -1.2045 1.1337 -0.99657 -1.7965 -2.521 -1.3656 -0.23775 -0.54247 -0.54526 0.5894 -0.25627 -0.11129
4.5117 -1.4238 0.84034 -1.2022 -1.8261 -2.6047 -1.3794 -0.34634 -0.25062 -0.16771 0.37051 -0.38053 -0.24005
4.6651 -1.7072 0.55089 -0.7053 -1.8943 -3.064 -1.1253 -0.094995 -0.22728 0.15316 0.42321 -0.38202 -0.026055
4.38 -1.6408 0.15025 -1.084 -1.9402 -3.0305 -1.2825 -0.43567 -0.23776 -0.042899 -0.0352 -0.38936 0.16849
3.8695 -2.0556 -0.66788 -1.6761 -1.2634 -2.1536 -1.5143 -1.0078 0.18215 -0.19324 -0.39757 -0.72948 -0.013711
3.9264 -1.6478 -0.96945 -1.1791 -1.1892 -1.8228 -0.99697 -0.93504 0.64958 -0.2021 -0.012869 -0.67526 0.073032
2.7161 -1.3087 0.31085 -1.6978 -0.61243 -1.1211 -0.19471 -0.72983 0.32742 0.036263 0.27464 -1.2486 0.015889
0.44322 -2.208 1.118 0.018889 -0.66618 -0.48812 0.047119 -0.81857 0.62215 -0.35571 -0.38545 -0.39731 -0.1162
-1.3356 -2.7885 0.58988 -0.030454 -0.42001 -0.40912 0.12967 -0.22973 0.253 0.11792 0.35079 -0.29461 -0.081365
0.28714 -3.1235 0.28151 -0.67493 -0.77977 -1.3397 -0.61502 -0.83386 0.085449 0.55282 0.9859 -0.14467 0.58434
0.79829 -3.6454 -0.00021178 -0.80275 -0.65548 -1.2632 -0.35922 -0.047351 0.58009 0.89237 0.69018 -0.55292 0.28737
-0.074599 -3.4425 -0.0056167 -0.93489 -1.0961 -1.3207 -0.34862 -0.29749 0.093364 0.23951 0.87441 -0.0050383 0.072179
-2.4764 -3.0986 0.013867 -0.67167 -0.24661 -0.80879 -0.47783 -0.28782 -0.076994 0.48527 0.65697 -0.082446 0.17261
-2.6445 -3.235 0.13409 -0.98683 -0.90913 -0.87198 0.54392 0.17932 -0.74845 0.48564 2.1599 0.28854 0.45477
-1.8062 -3.0163 0.23174 -0.76339 -0.70691 -0.90908 0.43026 0.48395 0.23533 0.46971 0.82945 -0.56596 0.68556
2.3014 -1.1598 0.41805 -2.11 -1.3862 -1.0352 0.024522 -1.772 0.55494 0.051549 -0.11408 -1.0952 -0.33036
3.9693 -0.85427 -0.96137 -3.2774 -1.2369 -1.6213 -0.41545 -1.1561 0.4395 0.20487 -0.17739 -1.3168 -0.56624
4.2824 -1.0164 -0.80566 -3.4427 -1.3415 -1.4455 -0.98828 -1.137 0.52128 0.0035809 -0.097507 -1.4966 -0.5595
4.439 -1.236 -1.0388 -3.2515 -1.7095 -1.6996 -0.95196 -1.0884 0.35282 0.086237 -0.13456 -1.6489 -0.45807
4.284 -1.2167 -1.4241 -3.34 -1.5036 -2.1755 -0.86029 -1.5481 0.41033 -0.22951 -0.26173 -1.3103 -1.2474
3.0263 -1.563 -0.48583 -2.4264 -1.1266 -1.6869 -0.66356 -1.2594 0.49801 0.47295 -0.09047 -1.0987 -0.6502
1.7328 -2.4299 0.49939 -1.0016 -1.1823 -1.6044 -0.59949 -0.95444 0.24548 -0.11574 0.64816 -0.2694 -0.40186
3.021 -2.1839 -0.8276 -2.2679 -1.5191 -2.1915 -0.75709 -1.6708 0.29114 0.0028132 0.24124 -1.2736 -1.1207
3.1605 -1.949 -0.68184 -2.6952 -1.1689 -1.898 -0.037584 -0.95161 0.24549 0.47314 0.73089 -1.3063 -0.75374
2.5651 -2.0637 0.09704 -2.5708 -1.633 -1.8971 0.1473 -0.71598 0.40946 0.033424 0.43605 -1.0888 0.22964
1.2574 -2.9456 0.090802 -1.6947 -1.6139 -1.3618 0.19349 -0.62848 -0.067849 0.079762 0.63137 -0.97678 0.15299
