-2.265 -4.1928 1.4286 -0.41469 1.0446 0.20107 0.5662 0.47497 0.60656 0.24957 0.2233 0.10082 0.36867
-0.11973 -7.6961 1.5453 -0.63289 0.55239 0.53502 0.61151 -0.33396 0.41898 0.61095 0.61955 0.74656 0.20314
1.434 -8.9773 -0.18629 -2.3194 0.94697 0.12235 0.64625 0.02779 0.5705 0.34443 1.0409 0.72825 0.64737
0.17763 -6.0887 0.16038 -0.60014 0.20871 0.44969 0.55947 0.21506 0.4152 -0.47969 -0.32136 -0.094767 0.012979
1.1008 -4.5648 -0.17688 -0.96111 -0.2777 -0.17083 0.43114 0.29765 0.36046 0.10739 -0.11525 0.014819 -0.10153
0.98016 -4.1219 -0.79048 -1.1612 -1.0593 -0.37638 0.28663 0.23875 0.44755 0.46749 -0.03288 0.29263 0.069563
2.9879 -2.5143 1.3302 1.2033 -0.68916 -1.3105 -1.1075 0.5893 -0.99189 0.11502 -0.44673 0.12437 0.0078729
4.6838 -3.1214 0.9079 1.1431 -1.3743 -1.7389 -1.1669 0.50168 -0.85569 -0.042216 -0.15115 0.23888 0.012615
4.7479 -3.1704 0.44984 0.81111 -1.188 -1.9816 -1.1219 0.33973 -1.0919 0.28486 -0.25032 0.3628 0.039577
3.8638 -2.1091 0.60161 1.0506 -0.8986 -1.7954 -1.0191 0.48403 -0.72983 0.061123 -0.21987 0.038247 0.0059485
1.9225 -2.3591 1.9817 0.65989 -0.52923 -0.96557 -1.0156 0.056474 -0.090836 -0.354 0.019247 0.26712 -0.14752
0.24624 -2.914 1.1728 0.21987 0.034073 -0.31299 -0.29058 -0.21048 -0.34324 -0.025388 0.064282 0.049266 0.066023
-0.83268 -3.7796 0.65105 -0.18781 0.33103 0.42556 0.59958 0.66622 0.19524 0.34402 0.60551 0.41332 -0.36405
0.80826 -5.8694 0.57861 -1.0562 0.042907 0.34654 0.69843 0.72555 -0.21307 0.070837 0.47405 0.60538 -0.28869
1.4833 -5.9026 0.97705 -0.74137 -0.18977 -1.2537 -0.37084 0.47198 -0.46778 0.17976 0.5897 0.30673 0.118
2.1828 -7.6105 0.94788 -0.79419 0.59779 -0.19712 0.39805 -0.29255 -0.62795 -0.0077241 -0.37311 0.54092 0.030051
1.6907 -7.0047 1.5234 -0.4459 -0.15146 -0.10737 0.32695 0.24499 -0.19116 0.66155 0.084289 0.37298 -0.24726
2.7242 -8.267 1.8084 -0.26833 0.21956 -0.10104 -0.23418 -0.16624 -0.26014 0.74405 0.2643 0.47313 -0.11017
1.78 -7.7186 1.485 -0.41608 0.47528 -0.16176 0.3527 0.33104 0.68825 0.23981 -0.044075 -0.45775 -0.12177
1.1022 -1.3085 0.19924 -0.79932 -0.38969 -0.47318 -0.43076 -0.38532 -0.070475 -0.44184 -0.071496 -0.33433 -0.13571
3.4346 -1.1888 -0.51497 -1.5801 -0.49015 -0.44858 -0.76606 -0.48262 -0.22272 0.42209 -0.13369 -0.74097 0.16873
3.9558 -0.60468 -0.433 -1.7245 -0.71704 -0.29567 -0.9195 -0.49429 -0.14076 0.24811 0.085207 -0.98619 0.11911
4.2178 -0.49978 -1.0351 -1.703 -0.67259 -0.5321 -1.0171 -0.39105 -0.36733 0.43644 -0.090787 -1.088 0.4543
4.2078 -0.55666 -0.77938 -1.6792 -0.69975 -0.82591 -0.62018 -0.75051 -0.11018 0.53369 -0.26505 -0.83886 0.23142
3.7651 -0.21839 -1.2509 -1.1413 -0.73501 -1.0516 -0.42913 -1.7367 0.37825 0.52804 -0.4737 -0.62058 0.16395
0.42282 -1.7821 0.19677 -0.1094 0.38097 -0.60874 -1.2843 -0.6445 1.0769 0.73314 -0.20555 0.10188 0.16371
