-2.6847 -5.2914 0.64054 -0.22913 1.2662 0.90256 0.23987 0.40316 0.017309 0.28869 0.56733 0.5265 1.3297
-2.0853 -4.8638 0.21709 -1.1825 0.51574 -0.26957 0.63449 0.9404 0.73238 0.73083 0.76098 0.095702 0.63452
-1.0779 -4.6814 -0.094662 -0.4716 0.28692 0.72646 1.1538 0.91887 -0.24527 -0.029373 0.27105 -0.4854 0.0071766
0.26492 -5.7301 -0.84685 -0.59399 0.018445 -0.016239 0.14804 0.031472 0.69253 0.083963 0.19583 0.31753 0.16
-0.83117 -3.4564 -0.36226 -1.2015 -0.53068 -0.57767 0.28679 -0.23898 0.37919 0.38834 0.61634 0.50179 0.53467
1.5878 -1.7175 1.4024 1.1154 -0.66567 -1.0906 -0.77965 -0.15676 -0.056106 -0.28135 0.043025 0.078908 0.41518
4.4641 -2.6889 0.28601 1.1477 -1.418 -1.5844 -1.4303 0.47415 -0.58166 0.20776 0.11337 0.20903 0.50183
4.2189 -1.9763 -0.24132 0.9307 -1.0404 -1.727 -1.4295 0.32951 -0.43952 -0.18836 0.022151 -0.22259 0.37834
3.2716 -1.6374 -0.20655 0.77659 -0.44354 -1.87 -1.2688 0.21946 -0.26419 -0.50933 0.088288 -0.25633 0.24131
0.77951 -1.4523 0.8094 -0.26793 -0.052363 -1.2432 -0.62313 0.12631 0.23236 -0.30287 -0.074925 -0.24314 0.053294
-0.78322 -3.6129 0.75593 -0.016986 -0.3835 -0.50352 -0.65638 -1.0242 -0.3305 0.57665 0.48561 0.28592 0.025625
0.014892 -5.3698 1.0479 -0.34153 -0.048319 -0.54849 -0.335 0.18224 0.047636 -0.20751 0.4563 0.64913 0.32482
2.752 -7.3643 2.0615 -0.04801 0.75776 -0.95134 -0.23407 0.17939 -0.27408 -0.11816 -0.056929 0.4188 0.61872
2.6206 -7.2965 1.9243 -0.24745 0.47185 0.11964 0.48128 0.82878 0.52205 -0.33666 -0.55055 0.072612 0.42577
3.3648 -7.6998 2.3757 -0.18904 0.54535 -0.069174 0.075342 0.38573 -0.1427 -0.070181 0.080998 0.57647 0.33192
2.9162 -8.1328 1.0301 0.60394 0.79921 0.097375 -0.12599 0.40838 -0.32796 0.094291 0.040738 0.66035 0.93646
2.6281 -7.2427 0.72017 0.63617 -0.064186 0.20405 0.35191 0.39548 0.14868 0.028919 -0.25007 0.29418 0.16363
-0.25964 -4.1378 0.48526 0.25869 0.11381 0.26074 0.061859 -0.060669 0.38096 -0.27314 -0.6962 -0.27432 -0.49318
2.6836 -1.0947 -0.27505 -1.318 -0.82821 -0.029588 -0.20141 -0.45705 -0.19441 0.087349 0.19569 -0.8281 0.20897
3.1483 -0.048151 -0.14049 -2.071 -0.625 0.16485 -0.28296 -0.89445 0.14639 0.05131 0.2399 -0.79507 0.033589
3.5226 -0.080868 -0.50832 -1.8079 -1.1572 -0.18677 -0.42403 -0.87642 -0.24445 0.029212 0.073195 -0.86169 0.069252
3.7659 -0.25341 -0.53323 -2.0144 -0.98263 0.14255 -0.88844 -0.77129 0.026231 0.16521 0.1946 -0.91886 0.1671
3.7496 0.050397 -0.74375 -1.6808 -0.92161 -0.28729 -0.47564 -0.92955 -0.13608 0.43524 -0.03145 -0.76215 0.26318
3.3606 0.33172 -0.88928 -1.5183 -0.64515 -0.90591 -0.11941 -1.7386 0.18422 0.38502 -0.20373 -0.33556 0.059901
-0.37773 -1.6019 0.3666 -1.2084 0.15079 -0.59326 -0.22986 -0.4275 0.65235 0.78673 -0.0047682 -0.12527 0.073549
