0.86566 -9.3747 0.75539 -0.78647 1.772 0.019933 0.6439 1.1429 0.59995 0.47117 -0.17062 0.11349 0.72976
2.0882 -9.3117 0.3615 -2.2785 1.1459 0.69234 2.0876 0.64659 0.98228 0.16666 0.10645 -0.18241 0.025033
1.7226 -9.3549 0.23399 -1.6162 1.7443 0.23719 1.0806 0.70152 0.42339 -0.13065 -0.1403 0.42314 0.57397
2.361 -8.4968 0.75921 -2.1737 1.7969 -0.046381 0.74991 0.60294 0.89979 0.5713 0.30891 0.32418 -0.007174
2.7879 -9.05 0.89629 -1.8201 1.7567 0.32459 0.86583 0.062948 0.033208 -0.10435 0.27869 0.89172 0.48727
3.2669 -9.1848 0.15104 -3.3203 1.5025 -0.62071 0.2087 0.11118 0.73675 0.64952 0.29714 0.57506 0.19284
4.3561 -9.2724 0.97074 -2.7017 1.3168 -0.24007 1.4108 0.75104 0.41222 -0.14736 -0.011794 0.39463 0.34164
5.1037 -9.7183 0.47897 -3.3572 1.1074 -0.42997 1.2642 -0.36311 0.070184 0.40642 0.032461 1.2609 0.22473
4.0369 -11.105 0.42458 -1.7144 0.76177 -0.75074 1.1055 1.236 0.33375 0.91841 0.48294 1.669 0.13571
1.9414 -7.654 2.2457 0.034313 0.051857 -0.70103 -0.53254 0.0010917 -0.0023887 -0.083205 -0.5585 0.071382 -0.52182
2.8314 -2.491 2.5747 -0.19401 -1.4316 -2.8584 -1.4133 -0.71096 -0.39945 -0.38407 -0.66005 0.13344 -1.133
4.625 -1.7792 0.59977 -0.84025 -1.1639 -3.42 -2.0227 -1.0135 -0.62061 -0.19247 0.070825 -0.066942 -0.78571
4.5465 -1.2416 0.27783 -1.0388 -0.8713 -3.1112 -1.5203 -0.5094 0.18081 -0.43418 -0.17195 -0.12407 -0.27442
2.5913 -1.7353 0.51905 -1.0246 -0.59184 -1.1712 -1.4799 -1.6283 0.40592 -0.1179 -0.74953 -0.52555 -0.51254
1.4205 -1.9895 1.0313 -0.62303 -0.31159 -0.80995 -1.0297 -1.9889 0.062932 -0.6994 -0.46365 -0.22331 -1.1722
0.39571 -2.8589 1.0094 0.3722 -0.38727 -0.76748 -0.79207 -1.8523 -0.19233 -0.42188 0.087331 -0.11987 -0.90222
-0.63057 -3.6393 0.76478 -0.43904 -0.44401 -1.0682 -0.73333 -1.0133 -0.20303 0.098696 0.44437 -0.37265 -0.61957
-0.60377 -4.3254 0.15282 -0.70558 -0.32448 -1.1834 -0.82884 -0.86362 -1.0434 -0.067192 0.44738 0.17477 -0.063771
0.18049 -5.3289 0.77829 -0.61158 -0.19945 -0.53502 -0.56903 -0.47368 -0.35323 -0.051879 0.18736 0.15729 -0.66431
1.3498 -6.4389 0.76656 -1.2491 -0.53401 -0.41865 -0.24077 0.03031 0.13971 -0.13674 -0.20186 0.12816 -0.17507
1.5271 -8.3983 -0.55172 -0.75791 -0.1084 -0.40705 0.14967 0.55996 1.0238 0.87755 0.73452 0.18064 -0.074481
0.22396 -6.0187 0.55254 0.45391 0.10417 -0.049301 0.82003 -0.31648 -0.23777 -0.4953 -0.33907 -0.14275 -0.021409
-0.15568 -5.5621 0.89828 -0.25202 -0.34153 -0.39983 0.88647 0.51791 0.21949 -0.2983 -0.30928 0.080646 0.32304
0.18048 -2.4335 1.2265 -0.24357 0.007846 -0.53639 -0.44999 -0.6015 0.21976 -0.35667 -0.84198 -0.6416 -0.33471
2.1514 -1.7306 1.0295 -0.59815 -1.2029 -1.0172 -0.17115 -1.0456 0.23919 -0.65326 -0.13661 -0.79374 -0.35364
2.4041 -1.1846 1.7675 -0.54733 -1.0798 -1.5627 -0.40562 -1.0188 0.51022 -0.50099 -0.12699 -0.92505 -0.16155
2.2765 -1.3817 1.4627 -0.37047 -0.81866 -1.4529 -0.62006 -1.2193 0.61901 -0.46223 -0.27091 -0.84786 -0.18615
1.6684 -1.4717 1.5112 0.18249 -0.31722 -1.1916 -0.94556 -1.6851 0.61089 -0.046268 -0.23507 -0.49504 -0.068967
-0.78541 -2.3187 1.2325 0.77598 -0.38421 -0.19947 0.020122 -0.55943 0.856 -0.030259 -0.24515 -0.33731 0.063216
