-0.99862 -6.4419 1.9914 -0.67437 0.60586 0.14308 1.1037 -0.077479 1.0664 0.23841 0.8638 1.0459 1.0249
1.8391 -7.6917 1.6901 -1.2771 1.1713 0.15936 1.5894 0.44434 0.24906 -0.3523 0.31178 0.10962 0.63834
2.6851 -7.3708 1.405 -1.9267 0.96166 -0.42154 1.1379 -0.13924 0.91053 0.17238 0.088796 0.12286 -0.00026921
1.8179 -7.9038 1.314 -1.9939 0.68354 -0.35844 1.1156 -0.086336 0.20051 -0.10835 0.49498 -0.1833 -0.11025
2.4487 -7.5433 1.2739 -1.486 1.6139 0.068048 1.0793 -0.67713 0.23667 0.32245 0.39594 0.60162 -0.079491
3.427 -8.6206 1.1354 -1.1615 1.2097 -1.0322 0.60393 0.25351 0.45437 -0.058836 0.20903 0.70422 -0.10053
3.5587 -7.3698 1.8644 -0.81622 -0.34444 -1.0177 0.44671 0.81102 0.36864 -0.92589 -0.78153 0.15007 0.0021165
2.9392 -6.1963 1.9205 -0.41903 0.19922 -0.82574 -0.80044 0.32749 -0.10949 -0.47657 -1.1327 -0.039224 -0.79244
3.5844 -2.75 1.845 0.17081 0.012475 -1.0093 -0.6795 0.38157 -0.86259 -0.77575 -0.49238 -0.39773 -1.0787
4.5907 -1.6997 1.2783 -1.1684 -0.96287 -0.82297 -1.1598 0.79554 -0.53591 -0.11957 -1.008 -0.05515 -0.62288
4.65 -2.0606 1.206 -0.79197 -1.7794 -1.1665 -0.28566 0.77369 -0.60744 -0.093275 -0.74648 -0.20286 -0.71881
4.6567 -1.1875 1.2863 -1.1076 -1.602 -0.91614 0.06775 0.77232 -0.45356 -0.18951 -0.70238 -0.041581 -0.6969
3.7591 -0.78888 1.224 -1.2424 -0.82804 -0.71725 0.46896 -0.13517 -0.13817 -0.24647 -0.29625 -0.15487 -0.22206
2.6097 -3.0004 1.4558 -0.7877 -0.1182 -0.29865 -0.23282 -0.33836 -0.4336 -0.38115 -0.41848 0.01766 0.42868
2.8039 -5.1749 1.1395 -0.61725 0.20066 -0.21758 -0.59931 0.24889 0.19793 -0.28209 -0.20385 -0.04554 0.02541
2.2365 -6.0255 0.52808 0.11456 -0.18983 -1.1024 -0.86329 -1.008 -0.56303 0.087006 -0.43221 -0.40124 -0.52777
3.0012 -7.4495 -0.50461 0.13096 0.50982 0.26191 0.1914 0.20147 0.58881 0.13588 0.23584 -0.32802 -0.23852
2.6359 -7.254 -0.83736 0.22601 1.1833 0.18665 0.34923 0.44339 0.42685 0.21269 0.19822 0.095465 -0.0063285
3.3775 -7.7526 -1.0651 0.22773 1.2169 -0.75643 -0.44964 0.21037 0.020752 -0.016626 -0.47295 -0.48137 -0.67277
3.6123 -6.8384 0.021547 0.2804 0.5801 -0.98083 0.018644 0.099231 -0.18133 0.13143 -0.11184 0.064215 -0.21438
3.4114 -6.5458 -0.66668 0.054715 0.98274 -0.1904 -0.88387 -0.62761 -0.43404 0.035493 0.2042 0.08866 0.050124
2.2637 -4.0347 0.20329 -0.44617 0.53258 0.10381 -0.54259 0.3098 -0.029275 -0.0047739 0.037804 -0.28938 -0.57205
3.8143 -0.86695 -0.027736 -1.1316 0.16289 0.11521 0.1668 -0.49075 -0.44814 -0.055074 -0.98864 -0.93577 0.1111
5.0212 -1.1316 -0.66865 -1.7656 -0.94446 0.49583 0.8778 -0.1293 -0.17606 0.33778 -0.5618 -1.0714 -0.74781
5.2874 -1.7792 -0.24868 -2.4343 -1.5001 0.10389 0.77344 -0.10174 -0.35675 0.4597 -0.43903 -1.3066 -0.32918
5.2145 -1.4004 -0.99091 -2.445 -1.1527 0.20829 0.96584 0.010328 -0.14528 0.60124 -0.7546 -0.98656 -0.54663
5.2124 -1.6685 -0.90798 -2.5825 -1.1657 0.70002 0.57908 -0.024876 0.17621 0.54223 -0.79861 -0.97539 -0.33282
4.7581 -1.0714 -0.24477 -2.431 -0.8854 0.71915 0.39239 -0.062417 0.28492 0.70692 -0.83137 -0.57569 -0.097518
3.7082 -0.83824 0.39528 -1.9229 0.14847 0.51868 0.41155 0.25123 -0.090991 0.7377 -0.058199 -0.50604 -0.2158
3.8771 -1.0679 1.01 -1.6403 -0.44854 0.67263 -0.46059 0.17385 -0.33283 0.25673 -0.35243 -0.43223 -0.76437
3.6983 -0.88734 1.227 -2.124 -0.51315 0.68471 0.1102 -0.11493 -0.5781 0.42622 -0.096409 -0.87009 -0.65612
3.1957 -1.426 1.7347 -1.396 -0.74222 0.75986 0.43005 -0.097252 -0.29391 0.1172 -0.11208 -0.86931 -0.1372
2.5593 -1.5669 1.7047 -0.70883 -0.015413 0.20518 0.54328 0.18872 -0.469 -1.2266 -0.50117 -0.049345 -0.4097
2.3027 -1.2023 1.27 -0.81025 -0.012787 0.098406 0.42527 0.026776 -0.13452 -0.8111 -0.4833 -0.54248 -0.39207
1.6094 -1.4626 1.5129 -0.14729 -0.078907 -0.075752 0.11153 -0.68836 0.53987 -0.429 -0.97193 -0.4378 -0.7272
0.39327 -2.2327 1.051 0.39465 0.37778 0.1137 -0.26386 -0.9598 0.16812 -0.88004 -1.035 0.17096 -0.28592
