-3.7695 -3.1562 1.0306 -0.099864 0.40313 0.15966 0.71742 -0.011883 0.042113 0.25411 0.63113 0.50814 0.56616
-2.5878 -5.3019 0.9733 0.58528 0.47106 -0.65177 -0.58596 -1.3355 -0.5639 0.1526 1.8941 1.6888 0.63985
-2.9426 -5.7434 2.2986 0.012199 -0.2434 0.011578 0.96734 0.18384 0.079655 -0.046262 0.45812 0.80759 0.16899
-2.7736 -7.2069 0.85963 -1.24 0.63263 0.55731 1.2922 1.221 1.0937 0.67145 0.58764 0.3403 0.70364
-1.836 -8.5327 1.4317 -0.60045 1.3784 0.9608 1.5685 0.54802 0.49342 0.85503 0.59988 0.32606 0.41661
-1.0775 -8.3317 1.3309 -0.071642 0.90791 0.81022 1.5005 0.49173 0.087123 -0.03428 0.68211 0.39327 0.035483
-0.62845 -8.939 0.29277 -0.79302 1.1827 1.2863 1.8096 0.59955 0.44586 -0.17479 0.0084441 0.47208 0.16769
0.72457 -9.3401 0.95658 -0.92102 0.4878 0.49639 1.8364 0.97932 0.52754 0.58516 0.33811 -0.12785 -0.22763
0.49372 -6.2546 0.25436 -0.58042 0.49597 -0.92883 0.27381 0.16091 0.50641 0.80279 0.63547 0.26881 -0.30836
1.2566 -3.3723 1.7263 -2.7932 -0.57293 -1.8357 -1.1211 -0.92254 -0.13433 -0.049336 -0.013506 0.44924 0.15942
5.5467 -4.0654 0.91706 -4.6506 -0.64966 -2.0278 -1.5691 -1.4696 1.0079 0.016685 -0.85847 0.37233 -1.1779
6.4811 -5.2992 0.47571 -4.3523 -0.24732 -1.5972 -0.84795 -0.42813 2.1316 0.11143 -0.94434 -0.073545 -1.7129
5.9266 -5.4136 -0.96241 -4.1388 -0.84062 -1.8648 -0.89606 -0.39319 1.9716 -0.67802 -0.84682 0.34474 -1.0971
5.2085 -5.2344 -1.4283 -3.5918 -1.4811 -1.7808 -0.9637 -0.47683 1.2441 -0.95355 -0.60904 0.0077637 -1.1355
5.9633 -6.407 -1.2861 -3.7506 -1.7668 -1.6897 -1.136 -0.13296 1.1685 -0.63936 -0.169 -0.025788 -0.76074
6.64 -7.2726 -1.66 -4.0672 -2.3814 -1.9342 -1.4437 -0.80848 1.099 -0.63777 -0.35182 -0.10378 -0.55122
5.3235 -5.2774 -1.3725 -3.3301 -2.5305 -1.6476 -1.4648 -0.71183 1.1792 -0.61075 -0.20555 -0.09183 -0.13676
2.7149 -3.3724 -0.71484 -3.0379 -2.4263 -1.0486 -1.4219 -1.1895 0.099728 -0.91318 -0.22377 0.044085 -0.077979
1.7888 -4.0401 0.24576 -1.7023 -1.0032 -1.759 -1.4477 -0.69424 -0.015281 -0.68745 -0.89285 -0.033518 -0.53613
1.8373 -5.157 1.4712 -1.4186 -1.1266 -2.0272 -0.89721 0.05021 0.32364 0.43452 -0.43276 0.19356 -0.35348
1.3959 -5.3466 1.329 -0.88609 -0.5526 -1.497 -0.82758 -0.50557 0.63811 0.7276 -0.54704 -0.23585 -0.3273
0.89145 -4.8095 0.63519 -1.075 -0.27728 -0.97309 -0.0018796 0.21141 0.70761 0.5378 -0.49276 -0.0098112 0.48687
0.91729 -5.0515 0.60528 -0.90876 0.048224 -0.44545 0.63241 1.4308 1.3629 0.63901 0.30062 0.084955 -0.37147
1.4173 -6.5366 0.53218 -1.2254 0.093265 -0.71442 1.1011 1.4358 1.2288 1.2302 -0.24233 0.11802 -0.28044
2.0096 -6.6577 1.0333 -1.873 -0.25788 -0.95335 0.28609 0.44965 0.75143 0.78793 0.042191 0.33089 0.070673
1.1099 -6.7776 0.2016 -1.5086 -0.30409 -0.73522 0.1096 0.67783 0.40245 0.75806 0.22369 0.3709 0.51412
1.4948 -6.9266 0.55241 -1.3268 -0.062084 -1.4631 0.072057 0.61642 1.1144 0.63987 0.19014 0.49489 0.33668
0.92063 -6.7279 0.81341 -1.3534 -0.53374 -1.0132 0.34674 0.024508 0.72488 0.67934 0.44672 0.47848 -0.11027
1.0082 -6.944 1.1232 -1.3614 0.24044 -0.39717 0.59346 0.61268 0.42113 0.50952 0.099368 0.01004 0.091319
0.096044 -6.5621 0.39385 -0.839 0.25745 -0.48944 0.40809 0.64627 0.6282 0.67439 -0.27692 -0.19478 -0.34064
-0.22321 -7.1297 0.38354 -1.2273 -0.5712 -0.57676 0.51476 0.93676 0.61563 1.0528 0.68808 -0.19134 0.116
0.34757 -3.3589 -0.71848 -2.8837 -1.6012 -0.96307 -0.59452 -0.55805 0.14431 0.69627 0.56024 0.88024 0.81676
3.11 -3.8453 -1.9547 -4.5462 -1.9888 -0.38796 -1.3436 -1.0654 0.56341 0.1711 -0.15292 0.92355 1.0052
4.6047 -4.4121 -2.1176 -3.9024 -1.7149 -0.55783 -1.1456 -0.62831 0.63166 -0.3772 -0.9315 0.45867 0.97968
5.3078 -4.5569 -2.367 -3.7058 -1.7571 -0.94329 -0.88774 -0.52813 0.52743 -0.91487 -1.5424 0.0087351 0.39228
5.6512 -5.1651 -3.0012 -3.7869 -1.5508 -1.2199 -0.52987 -0.33023 0.86796 -0.84186 -1.1001 0.82766 0.56138
5.7635 -4.4253 -2.6435 -3.3141 -0.87553 -1.1998 -0.48025 -0.32899 0.81881 -1.2347 -1.0285 0.30165 0.28317
5.6742 -4.4203 -2.417 -3.6312 -1.2589 -1.3786 -0.37243 -0.58934 0.58307 -1.7029 -0.83064 0.4713 0.11014
5.416 -4.8162 -2.812 -4.4484 -1.219 -1.649 -0.39948 -0.55932 0.79142 -1.0754 -0.70386 0.8333 0.60022
4.0086 -3.344 -2.2882 -3.8417 -0.059857 -1.3119 -0.55724 -0.65501 0.34612 -0.87112 -0.91462 1.5093 0.65019
0.9676 -2.9483 -1.2119 -2.9132 -1.0758 -1.714 -0.81493 -0.62631 0.53336 -0.42793 0.28114 0.57804 1.2612
0.69283 -3.7228 -1.2704 -1.8908 -1.6536 -2.0843 -0.16955 -0.26689 0.38363 -0.40931 0.7587 0.4107 2.1924
0.86451 -3.6982 -2.0826 -2.5313 -1.6262 -2.1044 -0.23268 0.43052 0.56435 -0.16709 0.7533 -0.034058 1.0758
1.1633 -2.2997 -1.4095 -3.1501 -0.96053 -1.3033 -0.11204 0.070772 0.69385 0.30145 0.50428 0.60341 1.4555
1.0381 -2.8819 -1.4986 -3.1693 -1.2032 -2.0321 -0.69087 -0.51943 0.51997 0.36184 0.25501 0.34137 1.813
0.64987 -3.3544 -1.6702 -3.7018 -1.1501 -1.2928 0.014456 -0.11341 1.072 1.1202 1.7389 0.97687 2.0473
0.25794 -3.6085 -1.1256 -2.978 -1.1055 -1.2823 0.034092 -0.29745 0.77584 0.33758 0.79199 0.81979 1.712
-0.13142 -3.1169 -0.68565 -2.4982 -1.2339 -1.7381 0.51642 0.3388 0.59159 -0.036868 0.64828 0.20792 1.8083
0.10741 -3.4716 -1.0661 -3.072 -2.1662 -1.8761 0.96673 0.82433 0.62536 -0.329 1.3644 0.37991 1.674
-0.23603 -3.6735 -0.17703 -2.5566 -2.0256 -2.4711 0.65734 1.2227 0.32133 -0.28548 1.1472 -0.17119 2.1619
