2.038 -3.8803 -0.90853 -2.315 -1.6123 -2.6576 -0.64145 0.54841 0.013178 -0.90086 0.89537 -0.051584 0.26413
2.7433 -5.1395 -0.83549 -2.1442 -1.8952 -2.3723 -0.15827 0.29734 -0.12459 -0.72071 0.50042 -0.67984 0.2427
3.1999 -5.3078 -0.23434 -2.1542 -2.0425 -2.2361 0.17889 0.17771 0.11803 -0.30108 0.19627 -0.89143 0.33281
3.543 -6.0332 -0.12206 -2.2404 -2.3547 -2.1253 0.0060782 -0.37961 0.21474 0.052013 -0.24917 -0.70879 -0.10468
4.0158 -5.8564 0.71655 -1.6944 -2.2597 -1.6568 0.6818 -0.51494 0.68394 0.064801 -0.30631 -0.92874 -0.33905
4.0417 -6.409 0.29946 -1.8123 -2.5389 -1.8989 0.63215 -0.45308 0.90268 -0.0067021 -0.17887 -0.78559 -0.21573
3.5291 -5.5028 0.094358 -1.8184 -2.272 -2.1701 0.76631 -0.33744 0.26462 -0.047586 -0.37538 -0.6336 -0.34044
2.4724 -4.5982 -0.45159 -1.7237 -1.9167 -2.0117 -0.072434 -0.15284 0.32684 -0.37755 -0.26369 -0.52565 -0.055332
1.2528 -3.5595 0.19213 -1.5163 -1.6849 -1.8432 0.12467 -0.073115 0.28005 -0.71323 -0.12936 -1.3972 0.30015
-0.62677 -3.1869 0.43456 -0.60313 -1.4294 -1.1848 -0.016254 -0.59623 0.093502 -0.60592 -0.4604 -1.0705 0.84341
-2.8971 -3.4103 -0.18972 -0.90293 -0.079785 -0.59246 0.1386 0.53737 -0.030726 0.29037 0.14161 -0.60669 1.008
-4.2184 -3.0155 0.12221 -0.5863 -0.35855 -0.26725 0.67214 0.49155 -0.065329 0.20272 0.76897 -0.24132 0.30575
-4.6408 -3.0056 0.050812 -0.4084 0.18193 -0.24923 -0.10035 0.031817 -0.11553 0.16777 0.23512 0.098134 0.44163
-3.6476 -2.9617 0.10388 -0.62462 -0.037982 0.018104 1.0883 1.0743 0.061628 0.47111 1.0301 -0.048835 0.65151
-3.3521 -3.0485 0.14229 -1.1462 -0.78588 -0.47594 1.4587 1.1788 -0.57622 0.33243 1.6861 -0.48925 0.63786
-4.4438 -2.917 0.20969 -0.66814 -0.46746 -0.25682 1.015 0.75818 -0.22613 0.040603 0.80988 -0.31924 0.80472
-5.8939 -2.4684 0.70324 0.27132 0.53053 0.37051 0.6212 0.45788 0.2794 0.29214 0.44159 0.15619 0.36164
-6.2674 -2.2758 0.90242 0.37 0.60713 0.45796 0.75224 0.47332 0.3075 0.62153 1.1085 0.54413 0.41002
-5.913 -2.2374 0.8574 0.13859 0.32688 0.33176 1.1352 0.92146 0.35391 0.59707 1.1538 0.2626 0.67256
-0.65439 -2.4138 -0.48393 -2.6129 -0.96391 -0.78214 -0.19945 -1.6686 0.14181 0.077825 0.25968 0.012182 0.42261
1.9408 -3.4158 -2.2471 -3.9398 -0.58705 -0.76781 -0.71495 -0.91011 0.19319 -0.13773 -0.56428 -0.37199 -0.11341
3.3686 -3.6661 -3.0345 -3.9076 -0.54597 -0.20162 -0.60114 -0.48745 0.40299 0.022161 -0.61657 -0.26214 -0.21164
4.1127 -3.4211 -3.4165 -3.9498 -0.10566 0.2394 -0.57668 -0.14022 0.35081 0.1178 -0.84293 0.2274 -0.41617
4.364 -3.7429 -4.2859 -4.3818 -0.21463 -0.15593 -1.0815 -0.42075 -0.010564 -0.37078 -0.6415 0.088833 -0.4993
4.4745 -4.2075 -4.4057 -4.5902 -0.1656 -0.11338 -0.81517 -0.57883 0.097135 -0.41847 -0.57406 0.46756 0.024187
4.4081 -4.5243 -4.9612 -4.4996 -0.55914 -0.26568 -0.67254 -0.52496 0.19151 -0.89152 -0.37702 0.70404 0.25511
4.3779 -4.2377 -4.9835 -3.9607 -0.50048 -0.042503 -0.57904 -0.54748 0.21865 -0.8367 -0.54427 0.80451 0.30459
4.259 -3.6195 -4.5906 -3.64 -0.21126 -0.44389 -0.45966 -0.044772 0.072785 -0.50267 -0.44944 0.81706 0.53376
4.0436 -3.6938 -4.4153 -3.5883 -0.14813 -1.1004 -0.97431 -0.02465 -0.18484 -0.44197 -0.72845 0.046012 0.62174
3.5872 -3.187 -3.8732 -3.7536 -0.40296 -1.7985 -0.60401 0.042624 0.11227 -0.79062 -0.46349 0.15171 0.52703
2.7277 -3.61 -2.6221 -2.9586 -0.49213 -2.0595 -0.71829 0.58049 0.013336 -0.65885 -0.069742 -0.70245 0.69816
1.8303 -3.6054 -1.9845 -2.5284 -0.10545 -1.7624 -0.53918 0.077417 0.13253 -0.20495 -0.38647 -0.22522 0.86719
1.1116 -3.9641 -1.2678 -2.5213 -0.86792 -1.3945 -0.54417 -0.45017 0.23821 0.083194 -0.17975 -0.17982 1.1675
0.3248 -3.7435 -0.57989 -2.2901 -1.6428 -1.3969 0.25983 -0.6836 -0.34763 -0.72655 0.19854 -0.17433 1.7081
