0.016778 -6.3459 -0.381 0.056724 -0.44211 -0.021219 0.64831 0.73014 -0.023659 0.1256 -0.65508 -0.39314 -0.066205
-0.41218 -4.4211 -0.051399 -0.3713 -0.38448 -0.41193 0.12422 1.1056 0.33818 -0.067397 -0.21624 -1.0155 -0.77413
-0.749 -1.4797 1.1476 -0.21099 -0.90061 -1.1059 -0.59469 -1.0217 0.01603 -0.80335 -0.15655 0.074409 -0.18636
3.016 -1.7405 -0.10618 -1.8924 -2.1653 -2.2316 -1.0592 -0.21543 -0.70972 -0.83889 0.37884 -0.46913 -0.94877
3.6507 -2.9858 -0.82934 -2.2569 -1.7261 -2.2067 -0.9145 0.19514 -0.29993 -0.71367 0.3945 -0.5699 -1.4446
3.6713 -3.1436 -1.2366 -2.4521 -1.6589 -2.453 -1.3437 0.28498 -0.60315 -1.0777 0.017222 -0.55327 -1.6422
3.555 -2.733 -0.78122 -2.3036 -1.6359 -1.9892 -1.1035 -0.063227 -0.12285 -0.81818 -0.22266 -0.2759 -1.1886
2.9661 -1.9871 -0.027983 -1.6725 -1.8502 -1.7641 -0.74112 -0.56172 -0.18164 -0.57471 0.2131 -0.22973 -0.73623
0.98552 -1.0774 1.2279 0.27213 -0.052939 -1.0485 -0.18657 -0.018163 0.77519 -0.18125 0.43017 -0.46675 -0.12912
-0.021276 -1.7826 1.6352 0.30297 -0.26109 -0.16989 0.44949 -0.82871 0.63833 0.01667 0.45212 -0.32802 -0.31391
-1.6835 -2.9042 0.55174 0.040073 -0.38522 -0.28148 0.68265 0.54723 0.74744 0.53344 1.2305 0.47438 0.52274
-2.1855 -2.8212 0.58631 0.24921 0.27129 -0.071842 -0.037508 -0.21026 0.44149 0.49169 0.4934 0.091288 0.061841
-3.1747 -2.8043 0.40061 -0.64261 -0.13344 -0.23976 0.43516 0.13148 0.085411 0.45104 1.1203 0.49665 0.24444
-3.5045 -3.3623 0.24998 -0.95973 -0.48329 -0.65745 0.32685 0.53348 -0.06585 0.45032 0.61196 -0.2787 0.52705
-5.1568 -2.9295 0.42448 -0.19743 -0.087546 -0.32041 0.2659 0.054899 0.091315 0.63337 1.4287 0.47419 0.26783
-5.5673 -2.7097 0.57773 0.60131 1.0629 0.81497 0.0085017 -0.15889 0.68578 0.19717 -0.60605 0.18098 -0.3827
-4.2887 -2.7649 0.54788 0.25998 0.53399 0.36953 0.43191 0.32643 0.48161 0.29862 0.15074 -0.073222 -0.30058
-3.6289 -2.6389 0.71048 0.62768 0.76949 0.38695 -0.31136 -0.36905 0.63892 0.18652 -0.38852 0.4019 0.03463
-3.1648 -2.5813 0.69526 0.43379 0.47946 0.4229 0.307 0.17641 0.78917 0.56496 0.45483 0.77747 0.49382
0.030566 -0.91238 0.43445 -1.6541 -1.3574 -0.86449 -0.22442 -1.3029 0.52532 -0.59652 -0.45559 0.010431 0.31346
2.9945 -1.4629 -0.85833 -3.5581 -1.5156 -1.0777 -1.4666 -0.8756 0.32642 -0.68867 -0.51311 -0.60053 -0.25601
3.6467 -2.1072 -1.2563 -4.0169 -1.6711 -1.1944 -1.7733 -0.2901 0.15724 -1.0004 -0.58084 -1.1166 -0.15546
3.5637 -2.0319 -1.2424 -3.2823 -1.6032 -0.92867 -1.0191 -0.14076 0.11274 -1.0434 -0.23251 -1.1195 0.085704
3.4018 -2.2336 -1.3217 -3.2114 -1.464 -0.99147 -0.7625 -0.093302 0.089729 -1.0267 -0.28066 -0.9037 0.19698
3.2005 -2.5771 -1.2808 -3.574 -1.6201 -1.3935 -0.86164 -0.19651 -0.15591 -1.2746 -0.42607 -0.9121 0.017953
2.8458 -2.0114 -1.0895 -3.2526 -1.8947 -1.5684 -1.4054 -0.22744 0.056185 -1.0553 -0.29872 -0.93472 0.27603
-0.07282 -1.2185 0.26011 -1.7759 -0.57654 -1.3023 -0.42324 0.17852 0.73153 -0.24767 -0.27819 -0.61557 0.1737
