-2.4169 -5.6551 0.76774 0.92721 1.3694 1.094 0.95588 0.16676 0.33847 0.26502 0.027196 -0.013028 0.2715
-1.3765 -4.5618 -0.36158 -0.26839 0.088992 0.005614 0.44548 0.36315 0.13181 0.3799 0.35175 0.49772 0.16027
-0.80053 -6.5428 -1.9521 -0.6675 -0.92686 -0.65968 -0.099956 0.6664 -0.11356 0.31605 0.58296 -0.15708 0.56919
-0.54106 -6.7009 -0.56271 -0.33466 -0.15808 0.45211 0.5892 0.43477 0.038271 0.10037 0.66505 0.082111 0.25359
-1.2118 -5.4486 -0.70102 0.048177 -0.21477 0.31411 0.8263 1.2042 0.43631 0.42093 0.54612 0.16697 -0.088389
-1.5999 -5.768 0.20214 0.66876 0.070105 0.66453 0.64157 0.072362 -0.21234 0.58741 0.76233 0.69933 0.7888
-1.8128 -3.6818 0.54673 0.62979 0.39102 0.87407 1.1069 1.1875 1.2346 0.25629 0.047287 -0.21588 0.22837
-0.40396 -1.7489 0.87237 -0.64528 -1.1619 -0.80125 0.11094 -0.86786 0.11601 -0.59457 0.14478 -0.09596 -0.035947
2.8765 -3.0084 -0.27982 -1.6555 -2.7896 -1.0253 -0.30219 -0.42494 -0.34982 -0.56554 -0.007879 -0.38229 -0.3992
3.418 -3.5297 -0.66571 -1.3482 -2.577 -1.3572 0.064185 -0.020661 -0.24902 -0.48101 -0.056846 -0.54389 -0.86371
3.2567 -4.0288 -0.53835 -1.7616 -2.8276 -1.6779 -0.28622 0.0072701 -0.61761 -0.87145 -0.21218 -0.43789 -0.9261
2.4011 -3.5435 -0.07676 -1.3164 -2.4666 -1.9201 -0.28384 0.093753 -0.94187 -1.2471 -0.37865 -0.28979 -0.76919
0.46365 -2.7189 0.82844 -0.66808 -1.7888 -1.3696 -0.094217 -0.50981 -0.95772 -0.90812 0.10594 -0.88881 -0.6459
-1.3058 -2.9132 0.89769 0.56523 -0.27367 -0.20629 0.42819 -0.11216 0.67958 0.17636 0.45438 -0.57529 -0.45304
-2.8952 -4.0178 0.030868 -0.94777 -0.096438 0.12782 1.1478 1.3846 0.79072 1.3979 1.6789 0.48001 0.68313
-2.507 -2.9242 0.26192 -0.10847 0.18797 -0.084009 0.59291 0.71521 0.00074184 0.37097 0.90811 0.1062 0.22527
-4.0509 -2.9708 0.50365 -0.27113 -0.0047226 -0.17714 0.43923 0.16843 0.099461 0.43115 0.97624 0.38211 0.23046
-4.3646 -3.3294 0.58472 -0.11953 0.33033 -0.018912 0.45502 -0.09672 0.21582 0.25843 0.24413 0.28724 0.27841
-3.9146 -4.1822 -0.49875 -0.66916 -0.86882 -0.62726 0.47824 0.35045 0.14418 0.84676 1.7832 0.16849 0.018477
-3.8857 -3.6906 0.14784 0.49883 0.38047 -0.038259 0.17892 -0.29759 -0.050693 0.63553 1.0461 0.94397 -0.269
-3.2716 -3.5664 0.97533 0.14881 0.28112 0.056335 0.30946 0.21225 0.11222 0.18656 0.51859 0.45794 -0.21152
-3.3315 -5.2449 2.166 0.68208 -0.16678 0.4935 0.45687 0.50304 0.30859 0.3152 0.34373 0.18586 -0.026248
-4.9403 -2.8649 0.87793 0.034638 -0.26676 0.43193 1.0327 1.1792 0.1492 0.61889 0.5338 0.15487 0.5211
-4.4543 -2.9369 0.28157 -0.039546 0.33369 0.27823 0.39843 0.37663 0.31463 -0.18608 -0.57282 -0.45247 -0.058365
0.57463 -1.6702 -0.4169 -2.7339 -1.4128 -0.59352 -0.23365 -1.2387 -0.17811 -0.49472 -0.46487 -0.23118 0.30604
3.2013 -2.6659 -1.7441 -3.5815 -1.4327 -0.38828 -0.55173 -0.54592 -0.54832 -1.0615 -0.45976 0.17716 -0.63294
3.8144 -3.5119 -2.3144 -3.701 -1.4072 -0.050506 -1.1675 -0.46558 -0.92382 -0.88779 -0.86485 0.3793 -1.0314
3.9098 -3.7705 -2.4743 -3.6519 -1.144 -0.32738 -0.97195 -0.29759 -0.75418 -0.93227 -0.81744 0.35431 -0.87503
3.8145 -3.6979 -2.1498 -3.6103 -1.0376 -0.16809 -1.1127 -0.24429 -0.58219 -1.262 -0.89971 0.42122 -1.3355
3.4249 -3.4847 -2.0359 -2.7911 -0.76507 -0.1592 -0.77399 -0.2487 -0.41003 -1.0379 -0.48242 0.18539 -0.7412
2.6727 -2.9255 -1.8719 -2.6867 -0.62742 -0.48545 -0.69501 -0.50736 -0.39868 -1.116 -0.33624 0.050796 -0.55069
1.5027 -1.8818 -0.67522 -1.2122 -0.50817 -0.38134 0.10442 -0.55345 -0.033659 -1.0374 0.26399 -0.41638 -0.34622
-1.2347 -4.1693 -0.82584 0.76899 -1.0894 0.23189 0.82395 -0.099427 0.47253 -0.18177 0.40507 0.36341 0.44759
1.577 -6.0837 -2.0846 1.2025 -1.1639 0.59574 0.63724 0.064641 0.51749 0.072715 0.32656 0.14106 0.11506
