-0.96717 -8.6195 0.74385 -0.69065 1.5006 0.4106 0.24666 -0.0022046 0.13863 0.54126 0.39552 0.57529 -0.3112
-0.39725 -6.9769 1.7401 -0.66524 1.0113 0.42857 0.83073 0.094556 0.18647 0.053528 0.091128 0.8177 0.076457
-0.42425 -8.9466 1.028 -0.73753 1.7028 0.02732 0.65853 0.9197 0.65543 0.7009 0.62732 0.41706 0.7493
-1.028 -9.3528 0.53884 -0.55666 1.1582 1.0898 1.3244 0.16282 0.96246 0.59523 0.14365 0.54716 0.38621
-1.0786 -8.8679 0.9724 -0.45753 1.7732 0.50587 0.68147 0.54035 0.22561 0.37195 0.59455 0.64589 0.44936
0.2158 -9.9361 0.46219 -0.59123 1.845 0.93472 1.1337 0.75814 0.81405 0.65309 0.13503 -0.13897 -0.36653
1.6069 -8.644 1.0845 -1.0423 1.3068 0.62375 0.90432 -0.078054 0.062189 0.12898 0.66797 0.73043 -0.028231
0.18269 -6.7601 0.92793 -0.51791 0.27268 0.13697 0.52346 -0.25551 0.26215 0.06523 -0.092298 0.5267 -0.44872
1.4169 -1.7695 -0.16341 -1.7751 -2.0601 -2.4817 -0.80051 -1.5531 -0.11945 -1.1318 -0.0033315 0.13155 -0.31593
3.5203 -2.6352 -0.74269 -1.7751 -2.3585 -2.504 -0.54006 -0.10296 -0.28604 -1.1917 -0.22483 -0.54239 -0.93736
3.9787 -3.0878 -1.695 -2.5663 -2.5589 -2.515 -0.7187 -0.12377 -0.64268 -1.0602 -0.30105 -0.66466 -0.81558
3.8688 -3.0798 -1.7895 -2.2706 -2.6813 -2.3097 -0.50936 -0.5162 -0.34298 -1.2728 -0.16845 -0.34952 -0.62713
3.664 -2.829 -2.1153 -1.6868 -2.4046 -2.3061 -0.36333 -0.36725 -0.52666 -1.4607 -0.14519 -0.41084 -0.39765
2.7811 -2.9079 -1.7019 -0.8867 -2.083 -1.3156 -0.32159 -0.3656 -0.92535 -1.5628 -0.049043 -0.37146 -0.815
0.7157 -1.9346 0.92187 -0.046504 -0.3327 -0.71507 0.022807 -0.77651 -0.13204 -0.43233 0.36181 -0.5452 -0.70782
-1.4458 -3.4078 -0.05407 0.64079 0.366 0.16815 0.3263 0.74899 -0.074168 -0.19221 -0.37249 -0.28413 -0.43117
-0.43873 -4.1378 0.2923 1.5564 -0.091117 0.29929 -0.086049 0.1879 -0.050118 -0.15012 0.41446 -0.025974 -0.49359
-1.4912 -2.8302 0.8086 0.59802 0.23861 -0.27178 -0.049846 0.40961 0.15681 -0.01722 0.16887 0.066184 0.28433
-2.4486 -2.879 0.70804 0.7169 0.76416 0.21184 -0.7507 -0.77934 0.14456 -0.0092229 -0.48528 0.20869 -0.77827
-1.966 -2.5464 0.95502 1.1828 1.0356 0.65714 -0.25892 -0.30035 0.87803 0.5909 0.045793 0.63776 -0.019471
-2.0495 -2.7088 0.712 0.67877 0.65045 0.59144 0.38371 0.36468 0.79008 -0.091692 -0.66578 -0.079685 -0.25603
-2.5928 -2.6567 0.56454 0.41801 0.72193 0.19562 -0.14506 -0.016418 0.15081 0.2054 0.28486 0.36616 -0.11592
-3.2004 -3.0857 0.121 -0.13041 0.18112 0.062439 0.025411 -0.0788 0.15238 -0.059149 -0.16597 -0.090047 -0.29265
-3.26 -3.055 0.30141 -0.0042079 0.44795 0.50313 0.71659 0.80371 0.7114 0.17557 -0.23256 0.04214 0.71604
-4.0644 -3.0663 1.1728 0.19611 0.42444 0.26097 0.61721 0.23849 0.1885 0.23547 0.40326 -0.068461 -0.31075
-3.9721 -2.6395 0.5971 0.20035 0.45927 0.10665 -0.010074 -0.12701 0.14583 0.28821 0.67488 0.63142 -0.1966
-4.0657 -2.7215 0.37715 -0.069122 0.2324 0.14874 0.447 0.35592 0.23863 0.24518 0.37601 0.17356 0.38864
-2.471 -2.1327 1.1549 -0.12417 -0.56088 -0.56732 -0.13459 -0.91358 0.14251 -0.2968 0.35731 0.29349 0.111
2.5831 -1.7793 -2.0408 -2.5731 -0.63616 -0.66137 0.086386 -1.3353 0.042288 -0.75629 -0.51172 0.12895 0.35682
3.9671 -2.4076 -3.1411 -2.6349 -0.87676 -1.115 -0.14911 -0.7559 -0.10481 -1.1151 -1.5691 -0.025459 0.64662
4.1557 -2.8609 -3.0734 -2.6611 -1.3394 -1.3745 -0.37169 -0.77962 0.24689 -1.5691 -1.4932 -0.0071011 0.99021
4.1827 -2.6637 -2.773 -2.2913 -1.3198 -0.86393 -0.1478 -0.55863 0.14077 -1.2525 -1.4268 -0.081744 0.63621
4.1508 -2.5761 -2.6526 -1.9944 -1.1132 -1.5906 -0.06595 -0.20508 0.26148 -1.5257 -1.836 0.25549 0.85697
4.0258 -2.3939 -2.8627 -2.1273 -1.1435 -1.6779 -0.13418 -0.2774 0.15935 -1.9155 -1.6683 -0.19998 0.68349
3.7982 -2.5898 -2.9294 -2.2515 -1.5697 -1.8202 -0.25562 -0.61198 0.074513 -2.1183 -1.6617 -0.57798 0.53425
3.4262 -2.9244 -2.8289 -2.4049 -1.9008 -1.1581 -0.20763 -0.97208 0.083998 -1.5904 -0.98234 -0.55269 0.43377
2.2178 -2.0398 -1.9466 -2.2426 -1.2999 -1.4023 -0.003957 -1.0603 0.50416 -0.87133 -0.39272 -0.12451 -0.12195
-1.6132 -2.7499 0.38103 -0.58046 -0.8235 -0.50928 0.11226 -0.57417 -0.050935 -0.40033 -0.04982 -0.21134 0.70325
-0.70264 -3.6694 -0.30778 -1.3943 -1.7283 -1.4824 0.02404 -0.28606 -0.29307 -0.28007 0.66383 -0.15839 1.3779
1.3086 -2.9655 -0.83002 -2.5376 -1.8405 -1.903 0.23074 -0.86211 -0.70943 -0.90908 -0.072433 -0.51211 0.4876
1.341 -3.0917 -0.2875 -1.6539 -1.5841 -1.7075 0.58938 -0.20664 -0.20515 -0.82659 0.40335 -0.85503 0.60007
