-2.8058 -6.4301 1.2537 -0.2317 1.1849 0.68136 1.0494 0.68118 0.67066 0.25585 0.063307 0.25065 0.13349
-1.5289 -8.9188 0.9318 0.2822 1.0383 0.75291 1.0473 0.67976 1.0274 0.46435 0.37155 1.0243 0.15654
-1.5613 -8.5342 -0.68806 -0.45565 1.3708 0.64319 1.0831 1.0587 1.3978 0.39511 0.50937 1.022 0.58689
-0.23481 -8.0068 1.2135 0.22095 0.55797 0.49783 0.83809 0.012691 0.7242 0.11339 0.20074 0.3077 0.161
0.31261 -7.7036 0.094884 -0.18406 -0.40454 -0.48201 -0.71207 0.12626 0.68765 0.40014 0.69182 0.096625 -0.12366
-2.578 -3.728 0.80473 0.95307 -0.15693 -0.21077 -0.47069 -0.44137 -0.062878 -0.38626 0.148 0.15749 0.10761
2.231 -1.493 -0.30445 -1.3671 -1.7565 -2.6849 -0.24617 -0.52249 -0.40311 -1.1155 0.29568 -0.015658 -0.59735
3.4479 -2.3359 -1.2982 -1.7324 -2.2488 -2.4881 0.0036096 0.015777 -0.56745 -1.1027 0.30651 -0.61524 -1.2274
3.2786 -2.3221 -1.1299 -1.8418 -1.9996 -2.4477 0.024333 -0.68281 -1.0596 -0.91789 0.37668 -0.65233 -0.68301
3.4173 -2.8863 -1.8123 -1.7671 -2.5533 -2.5702 -0.14015 -0.90127 -1.2885 -0.91944 -0.083042 -0.76273 -0.68499
3.4471 -2.7987 -1.7055 -1.0223 -2.3375 -2.0092 -0.047615 -0.42314 -0.94315 -0.96667 -0.055926 -0.68987 -0.26633
3.1172 -2.8832 -1.7471 -0.81341 -1.9767 -1.7964 -0.15096 -0.80627 -1.0209 -1.0759 -0.0040836 -0.38329 -0.37613
1.8833 -2.4319 -1.185 -1.3975 -1.4831 -1.9271 -0.43955 -1.1323 -0.8952 -1.337 -0.19265 -0.66115 -0.66028
0.43621 -1.8877 1.2462 0.3111 -0.50457 -0.60873 0.075284 -0.78994 -0.06411 -1.1957 -0.12848 -0.061536 -0.53454
-1.142 -2.8883 0.50936 0.016197 0.17999 -0.14045 -0.60518 -1.1126 0.29113 -0.23401 -0.54101 -0.1003 -0.7252
-1.5797 -3.2486 0.44639 0.71791 0.37082 0.21346 0.42131 0.78297 0.49412 0.080973 -0.25511 -0.52153 0.19576
-1.966 -3.3825 0.49523 0.45147 0.62405 0.2878 -0.19568 0.59659 0.63629 0.11084 -0.16487 0.46979 -0.082482
-4.0157 -2.8046 0.46265 0.22596 0.74062 0.55008 0.3977 0.56696 0.85623 0.35357 -0.2534 0.40674 0.23183
-2.9439 -3.1139 0.92356 0.77579 1.2482 0.37912 0.12205 0.073807 0.5988 0.33249 0.048594 0.29279 -0.64345
-2.967 -2.8347 0.41924 0.42955 0.48156 0.41606 0.46903 0.44608 0.66666 0.2404 -0.04658 0.16718 -0.020514
-2.2314 -2.6605 0.661 0.6357 0.95679 0.7685 0.19873 0.22221 0.90133 0.15703 -0.68588 0.18913 -0.12158
-4.1016 -2.8906 0.30325 0.093359 0.42467 0.22319 0.012714 -0.033444 0.30553 -0.016586 -0.33759 0.083602 0.0083
-3.6997 -2.6767 0.64176 0.57732 1.0193 0.40202 -0.32654 -0.45505 0.36711 0.23037 -0.0080085 0.38865 -0.66925
-3.3886 -2.841 0.27557 -0.037755 0.45967 0.35257 0.4756 0.44966 0.33324 0.18514 0.29848 0.015418 -0.091837
-4.3307 -2.4894 0.6367 0.29207 0.72824 0.38327 0.23379 0.23901 0.47016 0.63463 0.69617 0.76668 0.38121
-0.83085 -1.5785 0.1888 -1.3037 -0.33841 -0.27341 -0.066825 -0.91852 0.21786 -0.39569 -0.18009 0.37557 0.32047
3.0803 -1.6515 -2.6558 -3.267 -0.8388 -0.97555 -0.25268 -1.3614 0.016882 -0.65892 -1.2541 -0.0088071 0.083653
4.0723 -2.4427 -3.207 -3.6013 -1.4556 -0.84215 -0.74815 -1.4324 -0.067895 -0.8884 -1.8335 -0.55239 0.28958
4.4115 -2.1532 -3.252 -3.1616 -1.2483 -0.86101 -0.47034 -1.1005 0.064794 -0.85006 -1.8258 -0.18607 0.34546
4.4762 -2.2862 -3.0412 -2.7886 -1.21 -0.82572 -0.45678 -0.81426 0.26654 -1.1736 -1.819 -0.10835 0.44248
4.4754 -2.1116 -3.2511 -2.6814 -1.201 -0.96004 -0.41102 -0.81694 0.34678 -1.2994 -1.6201 0.044974 0.20823
4.399 -2.2803 -3.1806 -2.5944 -1.6234 -1.1351 -0.66675 -0.68724 0.21372 -1.6484 -1.8003 -0.26273 0.20223
4.3058 -2.5308 -3.1133 -2.3515 -1.7005 -0.95175 -0.71871 -0.83013 0.49911 -1.7033 -1.7187 -0.44136 0.32597
3.8457 -2.4532 -3.1008 -2.1144 -1.8084 -1.0506 -0.39509 -1.2922 0.64624 -1.014 -1.3884 -0.30012 0.18312
2.0875 -2.5389 -2.2127 -1.7417 -0.78325 -1.0706 -0.12176 -0.97414 0.37715 -0.37662 -1.0892 -0.37539 0.16867
2.265 -2.6944 -2.2907 -2.9762 -1.2402 -1.3245 -0.75939 -1.4296 -0.14239 -0.3938 -1.1235 -0.6897 -0.057765
2.6978 -2.431 -2.6168 -2.8332 -1.2094 -1.3154 -0.39734 -1.6714 0.29219 -0.25366 -1.1075 -0.46678 -0.1733
1.0043 -2.6646 -1.2622 -2.0421 -0.78658 -1.282 -0.27589 -1.0761 0.098216 0.03283 -0.15105 -0.46717 0.0016299
0.6279 -2.6783 -0.58693 -1.9649 -1.0569 -1.1404 -0.17839 -1.1303 0.22122 -0.32353 -0.65805 -0.7658 0.19612
1.4565 -2.2507 -1.1752 -2.2538 -0.80522 -1.4947 -0.40985 -1.2078 0.38972 -0.04949 -0.44979 -0.92269 -0.090795
1.1571 -1.911 -0.81941 -2.65 -0.84612 -1.8799 -0.55084 -0.99983 0.62018 -0.27766 0.16064 -0.40672 0.30075
0.80691 -2.8915 0.15135 -1.7552 -1.1104 -1.8714 -0.36338 -0.54262 0.5096 -0.48484 -0.3809 -0.92543 0.87824
0.46612 -3.0846 0.29996 -1.6405 -1.6144 -1.7787 0.20766 -0.50524 0.048886 -0.76893 -0.10667 -1.265 0.84846
