-2.1233 -2.894 0.54166 0.52962 0.89619 0.78234 0.43904 0.5501 0.88786 0.24489 -0.55545 0.35648 0.73196
-1.7897 -3.0171 0.61901 -0.20201 0.22969 0.079634 0.92608 0.90428 1.2292 0.65502 0.14933 0.31729 0.84388
-1.4862 -4.411 1.3314 -0.31324 0.6091 0.41461 0.91777 1.368 0.72374 -0.041598 -0.65219 0.79312 0.31553
-2.0014 -4.1979 1.4731 0.32944 0.64669 0.3418 0.52494 0.15817 0.34542 0.29187 -0.062679 -0.070571 -0.015707
-2.0232 -4.9167 0.44733 -0.15241 0.40749 0.66194 1.3974 0.4229 -0.35179 0.4137 0.86543 0.61034 0.80159
-1.1254 -8.2547 0.76234 0.074231 0.77267 0.31794 0.36942 -0.25063 -0.30006 -0.3418 -0.21002 0.54968 0.16251
-0.23649 -6.2442 1.0473 -0.87208 -0.6438 0.14243 0.060769 0.26397 -0.45812 -0.066571 -0.051476 0.75665 -0.33943
0.41685 -8.0381 0.66858 -0.49847 -0.0067544 0.17564 -0.3737 -0.23815 0.19436 0.086538 0.54509 0.37345 -0.52614
0.62612 -7.3383 0.38616 -1.3723 -0.3523 0.52499 -0.31623 0.62898 0.52085 0.23231 -0.031926 -0.052211 -0.25627
2.1258 -5.3129 -0.10131 -3.0477 -0.39471 -0.0075792 -0.55052 0.13523 0.26126 0.2412 -0.20775 0.21026 0.096195
1.5825 -8.4882 -0.39387 -1.1508 0.39302 0.51083 0.44665 0.3388 -0.075778 0.69269 0.25973 0.31427 0.25388
1.2954 -8.4043 -0.95032 -0.73909 0.39389 -0.1234 0.3884 0.54336 0.63219 0.22689 0.31927 0.18441 -0.085525
1.4227 -6.2718 -0.74942 -0.61242 0.40685 0.57528 0.28661 0.55056 0.75402 0.13826 0.33982 0.1726 0.12318
2.0185 -4.0087 1.1133 -1.0585 -1.0288 -0.30759 0.88751 0.71628 0.38629 0.016098 -0.41761 -0.41363 0.13316
1.2653 -4.7465 0.75933 0.11329 0.038347 0.10994 -0.28709 0.232 0.38878 0.33435 0.408 0.048664 -0.019148
3.9421 -1.0647 0.29995 -1.5084 -1.2692 -2.7705 -0.73564 -0.38187 0.047321 -1.5439 -0.099161 0.47159 -0.77302
5.5629 -2.3706 -0.03872 -1.9584 -1.9079 -3.3292 -0.17639 -0.026502 0.27858 -1.2522 -0.11472 0.48008 -1.5722
5.9202 -3.8794 -0.47675 -2.9662 -2.3312 -3.1197 0.24759 -0.69626 -0.37261 -1.1306 -0.69222 0.018239 -1.9679
6.2057 -4.4272 -0.27337 -2.789 -2.1433 -2.5831 0.40229 -0.6408 -0.20066 -0.78024 -0.24365 0.049089 -1.8196
6.0557 -3.8645 0.042194 -2.6915 -1.8551 -1.9797 0.32451 -0.27505 0.003826 -0.75373 -0.29031 0.27939 -1.3268
5.5963 -4.2253 -1.4741 -2.9408 -2.4514 -2.3513 0.12097 -0.44998 -0.41009 -0.44411 -0.32747 0.64311 -0.086483
4.6064 -3.3205 -0.93533 -1.4801 -1.0265 -2.0418 0.028368 0.53396 -0.85567 -0.65923 -0.45444 0.42196 -0.94471
2.1512 -1.5884 0.047267 0.21172 -0.78527 -1.0445 0.22826 0.14866 -0.27641 -0.44899 -0.14653 0.22816 -0.11227
1.5235 -2.166 0.78658 -0.67705 -0.35077 -0.4861 0.29074 0.00028426 -0.2083 -0.15456 -0.070711 0.36656 0.37912
1.7263 -3.1606 0.12305 -1.3179 0.20873 -0.37947 0.18545 0.27529 0.036551 0.71559 0.15201 0.1398 0.07647
1.4404 -3.2456 0.28578 -0.82131 -0.097541 -0.088408 0.14602 0.019161 -0.31997 -0.16104 0.091063 0.012384 -0.19064
2.9865 -6.1998 1.1457 -0.42151 0.19992 0.27547 0.79302 0.49921 0.0069501 0.36091 0.19698 0.0022333 0.043122
3.0469 -6.1182 0.19142 0.05866 0.5378 -0.14888 0.048596 -0.26852 0.17778 0.54735 0.43398 0.1763 -0.12429
3.18 -6.3219 0.6699 0.83292 0.32455 -0.28335 0.25653 0.057855 -0.33838 0.014556 0.12449 0.56785 0.32997
3.2059 -6.6164 0.28216 0.29651 -0.23503 -0.426 -0.21246 -0.31459 -0.02541 -0.010702 0.23136 0.41422 0.42635
2.6784 -5.8699 0.51956 0.49362 0.53495 -0.44424 -0.36218 -0.46035 -1.0875 -0.566 -0.22918 0.17932 0.10368
2.6057 -6.5057 0.30843 -0.15119 -0.21193 -1.2682 -0.68996 0.17647 -0.36461 -0.40915 -0.43345 0.11837 -0.4132
2.1183 -5.8111 -0.12168 0.29565 -0.045271 -0.8361 -0.076051 -0.18392 -0.074564 -0.26713 0.004921 -0.041276 -0.23938
2.3465 -5.7786 -0.1361 0.30307 -0.046966 -0.54402 0.62194 0.034167 -0.31908 -0.2108 0.04648 -0.13762 -0.34151
2.8308 -6.5582 -0.32048 0.018985 0.94064 0.41274 0.52294 0.46693 0.041293 0.13773 0.46739 0.051317 -0.70588
2.8041 -5.4019 0.25926 -0.93909 -0.27836 -0.44567 -0.24887 -0.0092472 -0.50232 0.57137 -0.073411 0.33967 0.012076
1.047 -3.0776 0.12338 -0.92645 0.51017 0.037252 -0.76057 -0.41474 -0.028431 -0.12706 -0.34409 0.51676 0.26856
3.5081 -0.63118 -0.92068 -2.4653 -0.82921 -0.59012 -0.011291 -0.61561 -0.39395 -0.23912 0.20075 0.7233 1.0606
5.0228 -1.827 -2.6968 -2.5431 -1.4397 -0.82527 -0.3703 -1.0437 -0.7897 -0.61539 -0.098483 0.68563 0.6965
5.3533 -2.8342 -3.2585 -2.7333 -1.732 -0.50714 -0.53142 -0.93385 -0.7488 -0.12867 -0.030353 1.2613 0.86608
5.3145 -2.9004 -2.9844 -2.5578 -1.3753 -0.71949 -0.30283 -1.0466 -0.52596 -0.29659 -0.0057754 1.1891 0.52518
5.2335 -3.0815 -3.1437 -2.574 -1.31 -0.75185 -0.41352 -1.0718 -0.58247 -0.43311 -0.090664 1.0311 0.62424
5.099 -2.7793 -3.0909 -2.722 -1.3027 -0.93861 -0.4965 -1.1608 -0.597 -0.8204 -0.31406 0.68137 0.20759
4.9629 -3.2983 -3.667 -3.2693 -1.3656 -1.085 -0.86009 -1.2964 -0.55267 -1.0921 -0.12851 0.8177 0.62932
4.6995 -2.5794 -3.6011 -3.3302 -0.68682 -1.1399 -0.40752 -1.3301 0.18124 -0.85958 -0.30171 1.3881 0.89243
3.6149 -1.9677 -2.9125 -2.9106 -1.4767 -1.1091 -0.27439 -0.9206 1.164 -0.58061 0.17967 0.86629 0.67282
-1.0346 -2.0791 0.2022 -1.0799 -1.0948 -0.48797 0.35504 -0.33723 0.052398 -0.25574 0.60061 0.32789 0.5395
0.30059 -3.1366 -2.1409 -0.35925 -0.073999 0.36742 0.38237 -0.2722 0.60961 -0.51613 0.087536 -0.26572 -0.048758
-0.72268 -2.9485 -1.1215 -0.78561 -0.001886 0.27706 0.6602 0.19605 0.82839 -0.1968 0.36612 0.15608 0.68201
