-0.28715 -6.247 1.1736 -0.25583 0.67629 0.030868 0.65112 0.55485 0.081596 0.041962 0.38494 0.627 0.1631
0.31196 -6.2129 1.0134 0.0417 0.53445 -0.82643 -0.39068 0.24703 0.020124 0.41646 -0.22146 -0.19698 0.042927
0.94589 -6.1671 0.60475 0.10435 0.66066 0.2696 0.72429 0.338 -0.55633 -0.2274 0.29368 0.18566 0.42065
-0.10552 -4.2585 0.43825 0.2267 0.43119 -0.31697 0.17677 1.1196 0.37269 0.18675 -0.19939 -0.49047 -0.76577
-0.49102 -2.4475 0.95269 -0.28892 -0.92038 -0.77735 0.58002 0.059203 0.62622 0.36955 0.77012 -0.64453 -0.010424
-1.2041 -1.4091 1.0382 -0.024021 -0.56333 -0.98638 0.081461 -0.15101 -0.6893 -0.15175 0.62818 -0.17638 0.25063
3.2951 -2.0268 -1.0626 -2.1105 -1.9598 -2.3162 -0.1079 -0.692 -0.93701 -0.78158 -0.21731 -0.6511 -0.56806
3.8185 -3.2207 -1.7455 -1.4876 -2.1667 -1.9418 -0.63437 -0.23075 -0.82625 -0.97527 -0.3653 -0.94423 -1.2372
3.8376 -2.9456 -1.9574 -1.7569 -1.73 -1.9519 -0.81397 -0.40741 -0.57347 -1.28 -0.24197 -0.51115 -1.2916
3.5171 -2.8017 -1.5745 -1.8185 -1.1362 -1.9005 -0.85361 -0.36419 -0.58891 -0.87639 -0.45802 0.031625 -1.1414
2.8535 -2.7028 -1.4392 -2.6726 -1.5364 -2.0117 -1.872 -0.88426 -0.39238 -1.4631 -0.55731 -0.15473 -0.75774
1.3061 -2.2309 -0.30449 -1.3728 -0.58417 -1.3916 -0.81361 -0.99416 -0.46294 -0.83503 0.2517 -0.54367 -0.60833
-0.94071 -3.1342 0.39222 -0.10683 -0.36231 -0.70694 -0.94119 -1.507 -0.14034 -0.71903 -0.67747 -0.41887 -0.76381
-2.4304 -2.8908 0.16271 -0.19654 0.0097305 -0.21117 -0.090465 -0.051728 0.099307 0.28857 0.51139 0.048167 0.0065189
-2.5956 -3.4363 -0.13965 -0.42328 -0.036567 -0.23544 0.23411 0.37954 0.11759 0.31824 0.61966 0.0096992 0.20442
-2.4394 -2.9321 0.23217 -0.69721 -0.79337 -0.45603 1.0785 0.62238 -0.29336 0.16202 1.2562 -0.51768 0.34426
-4.1937 -3.0103 0.26913 -0.41307 -0.19578 -0.13378 0.67856 0.30153 -0.40925 0.062739 0.87156 -0.31948 -0.3035
-5.5466 -5.3346 -0.917 1.559 0.012362 1.0647 0.46139 0.97372 0.54635 0.6494 0.4378 0.59716 0.65301
-5.8028 -4.3204 0.29812 1.2431 0.42608 0.70281 0.71549 0.71743 0.66159 0.40932 0.40611 0.43723 0.5569
-4.7098 -4.6258 1.2035 -0.912 -0.35495 0.11996 1.0034 0.93432 0.082051 0.53002 1.025 0.41925 0.39691
-1.8464 -7.7803 0.82307 0.43536 1.0297 0.70392 0.47748 0.45686 0.50807 0.36765 0.52274 0.32551 0.37619
-2.1151 -6.3287 0.38943 -0.66669 0.33584 0.20254 0.67355 0.52804 -0.032499 0.53405 0.52917 0.27593 -0.07135
-2.7739 -4.9212 0.55281 0.71106 0.47506 0.41252 0.62124 0.16435 0.12335 0.40434 0.57971 0.27002 0.066912
-3.9199 -2.5925 0.57774 0.18585 0.45538 0.22688 0.40009 0.28848 0.33537 0.48721 0.73721 0.37621 0.10719
-3.3769 -2.4898 0.69075 0.028885 0.13332 -0.1198 -0.12979 -0.46798 0.11791 0.078747 0.38401 0.48456 0.20268
0.95953 -2.3287 -0.089051 -2.1932 -1.1469 -0.95989 -0.59389 -1.3624 -0.37503 -0.72572 -0.19898 -0.12393 0.42599
2.3967 -3.115 -1.3249 -2.7767 -1.4071 -0.92731 -0.74352 -1.5666 -0.7306 -0.89026 -0.30987 -0.65162 0.30159
2.888 -3.3288 -1.4855 -2.8431 -1.1243 -0.90931 -1.2383 -1.354 -0.4406 -0.91284 -0.81402 -0.36621 0.031807
2.9988 -3.2749 -1.7698 -3.1238 -0.80524 -1.2966 -1.1211 -0.74925 -0.41167 -1.0574 -0.8072 0.17116 0.044004
3.0487 -3.2817 -1.6957 -2.7872 -0.88359 -1.6671 -0.65255 -1.1003 -0.059394 -1.0869 -1.0054 0.25693 -0.056655
2.8387 -2.5568 -1.9858 -2.4179 -1.2431 -2.2289 -0.60357 -0.62832 0.064839 -1.0913 -0.4797 0.12568 0.30502
0.75582 -2.8395 -0.42877 -1.7795 -0.80135 -1.3536 -0.65313 -0.41279 0.29483 -0.66592 -0.72999 -0.055083 0.46618
0.93574 -3.726 -1.0403 -1.2631 -1.4396 -1.736 -0.99267 -1.2285 -0.2282 -0.085517 0.23322 -0.10628 1.0812
1.4827 -3.1124 -1.4578 -2.0185 -1.1865 -2.0065 -0.75157 -0.5355 0.16887 -0.76924 -0.43117 -0.20506 0.8518
0.85474 -3.6639 -0.33306 -1.3659 -1.6729 -1.9993 -0.76214 -0.45198 0.34484 -0.35735 -0.14917 -0.2648 0.92319
0.29359 -3.7441 -0.54146 -1.5983 -0.95242 -1.4333 -0.98142 -1.1556 0.25111 0.12384 0.51972 0.73821 0.74877
0.49511 -4.005 -0.61958 -1.0166 -0.97083 -1.5475 -1.2052 -1.1001 -0.04358 -0.19156 -0.019718 0.074217 1.1238
