1.373 -7.0843 1.748 -0.48136 0.65131 -0.36517 0.55936 0.89257 -0.40379 0.67077 0.9051 0.24456 -0.40359
1.1196 -4.7242 0.73665 0.3081 0.64623 -0.22754 0.47277 0.83679 0.37388 0.15816 0.10048 0.038395 -0.15143
-0.070217 -4.1686 0.63623 -0.53462 0.11243 -0.13929 0.41312 0.78853 0.75968 0.51618 0.86145 0.36726 -0.6639
-1.3007 -1.7564 1.0366 -0.42128 -0.86987 -1.0063 -0.6742 -1.0047 -0.036817 -0.31591 -0.1859 -0.18322 -0.040123
3.2208 -2.3525 0.29813 -2.0458 -2.5592 -1.8009 0.004147 -0.83121 -0.62256 -0.99745 -0.29381 -0.38378 -0.76493
4.1252 -3.2256 -1.3783 -1.9761 -1.8972 -2.0172 -0.32481 0.037526 -1.0897 -0.73538 0.16131 -0.68403 -0.83878
3.9336 -2.8114 -1.6097 -2.2602 -1.627 -2.1601 -0.38745 -0.62895 -1.1223 -0.91661 -0.052112 -0.68442 -1.0545
3.6686 -2.3731 -1.4074 -2.7209 -1.5323 -2.1307 -0.79653 -0.47677 -1.3482 -0.87518 -0.034555 -0.83048 -0.99892
3.1066 -2.26 -0.66346 -1.8924 -1.5088 -1.7105 -0.26444 -1.0272 -0.867 -0.84423 0.066705 -0.64258 -0.67522
2.1281 -2.1989 -0.17757 -1.5231 -1.4813 -2.0685 -0.85111 -0.89732 -0.61704 -1.4379 0.002814 -0.57742 -0.6824
0.095302 -3.1257 0.20716 -0.0080866 -0.031214 -0.5822 -0.87306 -1.1777 -0.65552 -1.0272 -0.61667 -0.23292 -0.79339
-2.1237 -3.0858 0.14017 -0.50448 -0.45422 -0.54095 0.13248 0.15334 0.23904 -0.2305 0.025751 -0.09752 0.21302
-2.3089 -3.3991 -0.034228 -0.55265 -0.41934 -0.24352 0.84215 1.0368 0.57654 0.73513 1.2797 0.077042 -0.10951
-2.7653 -3.5939 -0.15532 -0.49189 -0.4297 -0.27659 0.37613 -0.028559 -0.15191 -0.14117 0.35715 -0.10234 -0.14671
-2.6986 -3.4081 -0.35977 -0.79077 0.24981 -0.4459 -0.085239 0.68977 0.16853 0.54913 0.25999 -0.25967 0.29024
-3.8381 -3.6814 0.071714 0.022048 -0.09026 0.25164 0.20263 0.097479 0.2826 0.058088 0.11031 0.32226 0.0099227
-4.4351 -4.0423 0.93873 -0.087032 0.56879 0.27305 0.024411 0.054678 0.25529 0.15139 0.333 0.16382 0.15081
-3.2836 -5.9172 0.199 -0.71571 1.2326 1.042 0.50977 0.93289 0.53619 -0.026909 0.075651 -0.10665 -0.19452
-3.7882 -3.7515 0.72156 -0.194 0.30059 0.51567 0.63589 0.75221 0.42176 0.26518 0.1873 -0.50999 -0.87854
-3.3364 -3.4552 -0.12657 -0.029036 0.50991 0.54841 0.73509 0.61031 -0.21788 0.41174 0.22035 -0.13845 -0.15349
-4.1893 -2.7659 0.31813 0.081582 0.80193 0.67101 0.52065 0.35133 0.26907 0.46929 0.42029 0.39293 -0.042757
-0.80663 -2.3829 0.89542 -0.53115 -1.1091 -0.79997 -0.25897 -1.5372 -0.060627 -1.049 -0.036925 0.32095 0.42285
1.8144 -2.4391 -0.22431 -2.26 -1.8115 -0.96986 -0.12142 -1.6448 -0.2368 -1.1127 -0.08891 -0.15816 0.25869
2.6953 -2.4358 -1.1424 -2.9884 -1.3485 -0.90286 -0.47766 -1.5467 -0.23516 -0.56323 -0.043495 -0.62962 0.67139
3.4491 -2.7732 -2.1584 -3.4692 -1.1998 -1.0317 -0.96404 -1.1673 -0.31505 -0.86658 -0.43141 -0.59385 0.26716
3.7627 -2.6649 -2.6267 -3.5801 -0.61224 -1.2323 -1.2154 -0.95506 -0.10235 -0.68169 -0.73726 -0.37353 -0.10131
3.8572 -2.7549 -2.8402 -2.956 -0.70365 -1.3095 -0.79384 -0.73307 0.15671 -0.62999 -0.62416 -0.027561 -0.067714
3.8466 -3.0661 -3.3472 -2.9606 -1.1585 -2.0104 -0.86433 -1.015 0.51106 -0.61936 -0.56861 -0.13408 0.24837
2.6423 -2.5798 -2.0097 -2.0961 -0.85029 -2.3421 -1.0996 -0.44939 0.25249 -0.39058 -0.61189 -0.43013 0.24263
1.2417 -3.4786 -0.50024 -0.8819 -0.38069 -2.0271 -1.4158 -0.36571 0.46189 0.15467 -0.56061 -0.55718 0.85408
1.6275 -3.9232 -1.5071 -2.1488 -1.257 -2.225 -1.2993 -0.86874 -0.052549 -0.51446 -0.36534 -0.50409 0.5521
1.3562 -3.7858 -1.0548 -1.5468 -1.2013 -1.9092 -0.7131 -0.56297 -0.004057 -0.22042 0.2284 -0.9416 0.78357
0.58627 -3.7075 -0.38314 -0.81235 -0.65881 -1.3785 -1.1248 -1.0679 -0.16405 -0.059355 0.203 -0.21002 0.41914
0.69653 -3.633 -0.71524 -2.1175 -0.88131 -1.1317 -0.29149 -0.94104 -0.032905 0.0083608 0.43624 0.26619 0.8434
0.77546 -3.9153 -0.7226 -2.2107 -1.2553 -1.5307 -0.52708 -0.95121 0.21717 0.26987 0.20598 -0.15169 1.0661
0.65847 -3.5598 -0.57008 -2.4723 -1.5814 -1.5706 -0.65902 -1.4256 0.24106 0.18674 0.20865 0.32123 1.4913
