-1.2677 -5.4433 -0.15275 0.32192 0.66631 -0.31202 0.5815 0.19558 0.40183 0.55377 0.36558 0.16283 0.17857
1.6064 -2.3104 -0.11759 -1.6586 -1.992 -2.2886 -0.98877 -1.8199 -0.54708 -0.82483 -0.10915 -0.80524 -0.21486
3.7166 -2.7285 -0.51866 -1.5981 -1.7295 -2.4759 -0.67194 -0.17462 0.13154 -0.72975 -0.1715 -0.70588 -0.65427
3.8863 -3.1714 -0.7296 -1.5146 -1.5123 -2.2445 -0.66802 -0.046066 -0.32492 -0.74734 0.074705 -0.72796 -1.0107
3.9796 -3.5285 -1.0036 -1.3639 -2.1764 -2.2716 -0.87312 0.0098984 -0.79092 -1.0243 0.21723 -0.7404 -0.87908
3.7681 -3.3607 -0.64708 -1.4309 -2.143 -2.633 -0.76681 -0.072013 -0.82051 -1.1311 -0.13485 -0.74719 -0.72619
3.3179 -3.2959 -0.17403 -1.4938 -2.4414 -2.4021 -0.88794 -0.75306 -0.38485 -1.2299 -0.47594 -0.61564 -0.55648
2.4415 -3.0821 0.21685 -1.5053 -1.9854 -2.3439 -0.89393 -1.2983 -0.60495 -1.1118 -0.3251 -1.1794 -0.33605
1.1542 -2.6631 0.52714 -0.67135 -0.76935 -1.0592 -0.64969 -1.6967 -0.27135 -0.92708 -0.21594 -0.14156 -0.77607
-0.81271 -2.7834 0.56275 -0.0046808 -0.2956 -0.29232 0.021453 -0.55916 -0.041543 -0.40334 -0.11451 -0.3814 -0.13542
-2.0502 -2.8489 0.32561 -0.69379 -0.70412 -0.66412 0.60144 0.46439 0.16655 0.2968 0.80516 -0.46802 0.45557
-2.5949 -3.0022 0.11488 -0.39174 -0.065468 -0.02738 0.47997 0.40702 0.19265 0.33442 0.59711 0.23858 0.4277
-3.3457 -2.9005 0.80267 0.066979 -0.39575 -0.14179 0.59774 0.082944 0.23989 0.058145 0.4146 0.32585 0.47266
-3.6137 -2.797 0.32248 -0.11477 0.097287 0.14582 0.74636 0.7078 0.2786 0.35734 0.42671 0.13627 0.74374
-2.2939 -3.2234 0.15548 0.20545 0.64503 -0.28992 0.12277 0.91194 -0.038928 0.041863 0.32489 -0.44136 0.47377
-3.4054 -3.1011 -0.068518 -0.70093 -0.21432 -0.20233 0.70061 0.61321 0.1408 0.29487 0.90513 0.02206 0.86946
-5.2634 -2.4327 0.76731 0.20538 0.40809 0.63252 1.3369 0.95267 0.37484 0.39921 0.84005 0.092595 0.37226
-3.2061 -2.7901 0.33798 0.036887 0.3691 0.13895 0.018557 -0.051953 0.18383 0.13921 0.099258 0.26583 0.084969
-4.318 -2.7099 0.41597 0.065928 0.39425 0.30737 0.46841 0.43913 0.4269 0.26744 0.1649 0.23763 0.47087
-4.7101 -3.3491 -0.063825 -0.34538 -0.27597 -0.062217 0.7081 1.1458 0.83949 0.12964 0.44462 0.6838 0.38355
-4.4339 -3.9079 0.74407 0.1652 0.6497 0.47859 0.51237 0.41887 0.469 0.38372 0.4557 0.40564 0.41966
-4.8378 -3.7774 -0.20336 -0.46106 -0.91898 0.0355 1.489 1.3113 0.68292 0.63174 1.4 0.41549 0.95255
-2.1297 -2.7794 0.45516 -0.27907 0.0031191 -0.55193 -0.69872 -0.98897 -0.43051 -0.1644 0.25991 0.29397 0.019753
2.7106 -2.3701 -1.6019 -2.5664 -1.2053 -1.2113 -0.93509 -0.94701 -0.063724 -1.1426 -0.4271 -0.16904 0.48438
3.6876 -3.2131 -1.8372 -2.9342 -1.6656 -1.5002 -0.86116 -0.4714 -0.25968 -2.2266 -1.2346 -0.15607 0.35689
3.9316 -3.3058 -2.5633 -2.852 -1.7214 -1.2319 -0.31967 -0.75996 -0.47927 -2.112 -0.81938 -0.60899 0.23546
3.9551 -3.122 -2.6051 -2.9379 -1.5547 -1.6046 -0.17384 -0.85964 -0.60875 -1.777 -0.82584 -0.62786 0.45327
3.8548 -3.0197 -2.5618 -2.8021 -1.6605 -1.5288 -0.18467 -0.89146 -0.5212 -2.0601 -0.82641 -0.55232 0.5611
3.771 -2.5812 -2.1211 -2.2357 -1.1654 -1.049 0.16738 -0.81492 0.020118 -1.7373 -0.19645 -0.21701 0.48378
3.7307 -3.9804 -2.4169 -2.5194 -1.9372 -1.1367 -0.38777 -1.297 -0.38452 -1.4697 -0.27239 -0.32749 0.26819
3.5361 -3.6042 -2.1565 -2.3676 -1.36 -1.0673 -0.46383 -1.2867 -0.41099 -1.1449 -0.35621 -0.31246 0.11267
3.2655 -3.1267 -1.6536 -1.7062 -1.1968 -1.3217 -0.17659 -0.77319 0.04502 -1.0208 -0.30792 0.26044 0.38961
1.7193 -2.2698 0.27168 0.45595 -0.67673 -0.68632 0.78146 0.14243 0.12269 -0.78053 -0.58667 -0.22821 0.28871
2.7599 -5.691 -3.4579 0.79256 -0.60644 -1.1497 1.0395 -0.14964 0.28852 0.53298 0.18776 0.46565 -0.079591
0.31627 -3.4746 -0.48879 0.15719 -0.9446 -1.3291 0.081656 -0.87782 -0.50964 -0.3918 0.28839 0.25624 0.41853
1.273 -3.1736 -0.12688 -1.4019 -0.87888 -1.3402 -1.0123 -1.4363 -0.020298 -0.23681 0.23011 0.17428 0.58304
0.42475 -3.4402 0.011684 -0.63352 -0.48903 -0.79342 -0.76104 -1.1249 -0.43307 -0.31083 0.6346 0.75973 0.46124
0.44219 -3.4097 0.26268 -0.55914 -0.59223 -0.62215 -0.37209 -1.3526 -0.78797 -0.50427 0.85618 0.75664 0.46735
