-0.18037 -8.556 -0.36204 -0.97905 0.1973 0.58845 0.96429 0.17035 0.88821 0.62721 0.60158 0.73398 0.29029
-0.81813 -5.67 -1.2638 -0.60075 0.34727 0.31679 0.6803 0.54893 0.28203 0.16125 0.076293 0.41214 0.18049
0.67977 -2.3615 -0.052203 -1.3007 -1.683 -1.9551 -0.7603 -1.3443 -0.66881 -1.0415 -0.10057 -0.27112 -0.56617
2.9824 -1.988 -0.35836 -2.1245 -1.4049 -2.5102 -0.53557 -0.32284 -0.37333 -0.73656 0.14876 -0.86051 -0.6882
3.054 -2.7553 -0.44835 -1.7556 -1.3304 -2.1829 -0.43653 -0.1089 -0.33211 -0.79955 0.14723 -0.4621 -1.0223
3.029 -2.8997 -0.50846 -1.2131 -2.1 -2.0065 0.13161 -0.39614 -0.34752 -0.67114 0.038254 -0.69421 -0.86616
2.8982 -3.2385 -0.24221 -1.7326 -2.2901 -2.7114 -0.3777 -0.62456 -0.97719 -0.70952 -0.40846 -0.76508 -0.89788
2.3867 -3.3281 0.16809 -1.5373 -2.1476 -2.6427 -0.60648 -0.41025 -0.93547 -0.90597 -0.27178 -0.88814 -0.98389
1.3061 -2.9115 0.79673 -0.57786 -1.8074 -2.0344 -0.7069 -0.7565 -0.55903 -0.94083 0.18973 -0.76812 -0.61231
0.14137 -2.8189 0.69679 -0.065872 -0.62977 -0.85974 -0.84177 -1.4654 -0.020388 -0.51615 -0.066795 -0.0096185 -0.17036
-0.98898 -5.1502 0.72736 1.23 -0.79355 0.11292 -0.040315 -0.25206 -0.056227 0.29124 0.21205 -0.072634 -0.22085
-2.4737 -3.3191 0.39221 0.35345 0.16876 0.585 0.95079 0.89918 0.96731 0.48527 0.17255 0.2171 0.59702
-3.8713 -3.4071 0.048154 -0.15259 0.42071 0.52555 0.62142 0.77415 0.67172 -0.26606 -1.1773 -0.69316 0.0091979
-3.8147 -2.9092 0.46254 -0.045713 0.18111 0.2639 0.84808 0.611 0.40757 0.11429 0.010937 -0.36319 -0.068428
-0.84714 -5.5787 -0.52349 0.94141 0.4291 0.81474 -0.16808 0.28311 0.29774 0.52782 0.41832 0.49416 0.25281
-2.2473 -3.7916 0.092665 0.38767 0.13329 0.39764 0.30826 0.46277 0.53468 0.60235 0.68651 0.38461 0.10343
-2.6416 -3.8103 0.23639 -0.4479 0.13952 -0.29858 0.39939 0.33898 0.3847 0.96727 1.2717 0.28925 -0.34809
-3.7865 -2.9495 0.41854 -0.21065 0.10756 -0.013085 0.36679 0.41635 0.19671 0.27315 0.35399 0.1686 0.34205
-3.4997 -3.0884 0.2611 -0.30664 0.18415 -0.097683 0.040534 0.15061 0.30484 0.46764 0.45224 0.10849 0.11385
-3.4743 -3.4765 0.0052863 0.036012 -0.37705 -0.069829 0.46081 0.56125 0.25025 0.18222 0.58991 0.61538 0.37063
-4.3161 -3.5281 0.034088 -0.48034 0.39419 -0.53573 0.18927 0.3358 0.1866 0.6497 0.45552 0.40887 0.44961
-4.322 -4.2947 0.55524 0.96473 -0.012489 -0.11102 0.48774 1.1263 0.59294 -0.081536 0.08524 0.73562 0.20168
-3.368 -3.2761 0.2953 0.54646 -0.17819 0.28767 0.74863 0.8216 0.64453 0.27209 0.38671 -0.017894 0.072268
-4.3577 -2.5407 0.83573 0.19716 -0.35893 -0.17048 0.39066 0.04889 0.51243 -0.10835 -0.20326 -0.16614 0.82114
-0.10984 -1.9975 0.060832 -1.9854 -0.97831 -0.85141 -0.99543 -1.8503 0.59962 -0.70474 -0.72968 0.31178 0.024269
2.9676 -2.1836 -1.5385 -2.9644 -1.2255 -1.2953 -0.65989 -0.90271 0.19993 -1.2603 -0.85409 -0.016974 0.31545
3.3042 -3.038 -1.489 -2.3661 -1.6287 -1.1408 -0.39789 -0.30589 -0.30399 -1.5055 -0.87179 -0.39818 0.45078
3.4529 -3.1416 -1.9365 -2.7804 -1.5449 -1.5095 -0.68368 -0.50002 -0.79145 -1.6932 -1.1794 -0.61272 0.074529
3.4632 -3.325 -2.2107 -3.4037 -1.5468 -1.5296 -0.64263 -0.68617 -1.0353 -1.6548 -1.2914 -0.49444 0.30782
3.3467 -2.885 -2.1217 -2.5984 -1.2582 -1.0946 -0.040772 -0.70738 -0.33305 -1.8396 -0.73563 -0.3913 0.31287
3.2922 -3.8046 -2.2359 -3.0799 -1.6291 -1.4347 -0.42671 -0.8499 -0.79963 -1.5318 -0.78366 -0.042052 0.17279
3.2408 -3.654 -2.4258 -2.8489 -1.6212 -1.2527 -0.27809 -0.98703 -0.48766 -0.89806 -0.38414 -0.070253 0.64212
3.1538 -3.6042 -2.421 -2.6994 -1.9885 -1.322 -0.33913 -1.4067 0.057714 -0.75338 0.13507 -0.08742 0.71138
1.951 -2.3413 -0.59741 -1.6645 -1.3723 -0.77031 0.38386 -0.94615 0.4329 -0.57181 -0.39479 -0.27577 0.27403
-1.8632 -2.8242 0.37886 -0.32283 0.047708 -0.3434 0.25477 0.31061 -0.065411 -0.16653 0.073249 -0.28768 0.39417
-0.624 -2.486 0.5997 -0.73168 -1.0364 -1.1601 -0.56689 -1.0482 0.45858 -0.22487 0.22477 0.2558 0.45957
1.8778 -3.1561 -0.81106 -1.1569 -2.0483 -1.5229 -0.082156 -0.94656 -0.011587 -0.55528 -0.39767 0.051563 1.7499
0.64907 -2.9099 -0.50031 -1.4979 -0.84433 -1.2422 -0.59755 -0.92036 0.22175 -0.13052 0.12926 0.23243 1.1962
