-4.0794 -3.2725 0.52074 -0.14542 0.20389 0.41026 0.94959 0.96632 0.83583 0.36681 0.54706 0.38158 0.42684
-1.6582 -5.8983 1.7615 -0.29406 0.79546 0.18932 0.16451 0.45622 0.3514 0.4519 0.33514 0.17652 0.56317
-0.23012 -6.8284 1.1442 -0.42643 0.65594 0.0088923 1.2026 0.63871 0.19275 0.51263 -0.16489 0.15414 0.069699
0.62814 -7.5798 1.293 0.71695 0.084172 0.35727 1.5122 0.2712 0.084809 0.76175 0.27598 0.45542 0.10939
0.22722 -7.348 -0.071035 -0.6436 0.079036 0.44362 0.13429 0.35011 0.24081 1.0088 0.70421 -0.24932 -0.37373
0.42771 -7.4151 0.47869 -0.15238 0.47064 0.87525 0.54106 0.21236 -0.082406 0.0088708 0.17778 -0.050149 0.2055
0.40776 -7.71 -0.10803 -0.40377 0.37193 0.59779 0.50784 0.26739 0.0023952 0.39157 0.021616 -0.67798 -0.74499
1.3097 -6.569 1.15 0.011499 0.46179 0.73251 0.42102 0.027979 0.12764 0.18397 -0.080709 -0.016801 -0.3775
2.7404 -6.1502 1.0772 -0.74566 1.1441 0.47246 -0.60024 0.74241 -0.04587 0.1734 -0.0091917 -0.0013784 -0.063379
1.6023 -6.271 0.30602 -0.91888 0.76973 0.49133 0.42807 0.84467 -0.23286 -0.27351 0.060267 0.024978 0.040107
1.1971 -2.5162 0.88158 -1.9932 -0.75404 -1.3797 -1.0334 -0.67483 -0.514 -0.29758 -0.1709 -0.013043 -0.42783
5.014 -2.7027 -1.916 -1.9389 -1.7243 -1.8765 -1.1673 0.093874 -0.40083 -1.4163 -0.41521 -0.19248 -1.1182
6.1793 -3.8653 -1.788 -1.7312 -0.93311 -1.9584 -0.14285 0.28387 -0.12247 -1.3776 0.19274 0.065155 -1.3972
6.5141 -4.8854 -1.9992 -2.0788 -1.7743 -2.3833 -0.50945 -0.11275 -0.67632 -1.7714 0.14594 -0.33197 -1.4024
5.969 -3.9438 -1.9626 -1.6213 -1.7227 -2.0684 -0.44853 -0.12259 -0.49357 -1.4627 -0.069813 -0.17456 -1.3317
5.1068 -3.0823 -1.5614 -1.5983 -1.3346 -1.729 -0.61555 0.17608 -0.45969 -1.585 0.06168 -0.024783 -1.1384
2.9049 -1.3135 -0.7171 -1.7445 -0.60602 -1.1782 -0.73349 0.4375 -0.34889 -1.6765 0.1932 0.33237 -1.0507
1.8903 -4.1102 0.84203 -0.39627 -0.71872 -1.0855 -0.4964 1.0596 -0.29025 -0.86475 -0.97402 -0.33251 -0.97294
1.5081 -5.3367 0.3398 -0.17258 0.042558 -1.1141 -0.1138 0.37386 -0.49166 -0.93446 -0.39354 0.0035079 -0.55662
1.8857 -6.1681 0.55968 -0.72794 0.21566 -0.6675 -0.11561 -0.29241 0.51245 -0.025908 0.4303 -0.12248 -1.081
1.6953 -5.8829 0.26641 -0.87888 0.52921 -0.60068 0.051169 0.26977 -0.57013 -0.115 0.063817 0.44276 -0.59739
1.0797 -6.1288 -0.057583 -1.0279 0.029583 -0.063253 0.81857 0.84932 0.54436 0.42171 0.78219 0.28567 -0.16941
0.94226 -6.0444 0.30625 -0.22497 1.1285 0.18862 0.35802 0.45758 -0.083981 -0.24884 -0.01801 -0.1219 -0.57262
1.889 -6.3319 1.0621 -0.042665 -0.065847 -0.20551 0.25406 -0.021417 -0.22582 0.30617 -0.18373 -0.28781 -0.11203
1.2323 -6.4902 0.37147 -0.70983 0.65699 0.21798 0.16038 0.1355 -0.017485 -0.06211 0.084465 0.43614 0.35777
0.97262 -7.1089 -0.74615 -0.38107 0.63787 0.53544 -0.97057 -0.19551 -0.46318 0.068178 0.072325 0.58625 0.51379
0.54217 -6.6862 0.12037 0.064116 0.57699 0.73511 -0.37923 -0.07652 -0.553 -0.17744 0.074135 -0.23353 -0.29114
-0.29139 -5.1261 -0.13345 -0.15391 -0.2076 0.25398 -0.34773 0.31699 0.18119 0.35674 0.59917 -0.17888 -0.048777
-1.4534 -5.6491 0.99935 0.51728 -0.17299 0.35236 0.74801 0.27884 0.97268 0.17673 0.15414 0.48927 0.35012
-1.1555 -1.5085 -0.31749 -1.553 -1.2517 -0.64619 -0.18009 -1.2623 -0.59008 -0.56301 -0.022436 -0.39884 0.39754
3.219 -0.77903 -2.0645 -3.7785 -1.7453 0.39924 -1.196 -1.1338 -0.10698 -1.0207 -0.33256 -0.73884 0.40701
4.4299 -2.4627 -2.8807 -3.5468 -2.1348 0.86355 -1.4507 -0.88094 -0.15464 -1.3627 -0.37093 -0.72106 0.1014
4.9472 -2.8047 -2.9734 -2.99 -1.8774 0.8483 -1.3293 -0.56254 -0.084457 -1.5012 -0.63837 -0.67923 -0.062377
5.0039 -2.9326 -3.4427 -2.7767 -1.8961 0.24505 -0.84023 -0.94908 -0.028235 -1.1794 -1.1118 -0.0050039 -0.1245
4.3099 -1.2016 -3.7196 -2.552 -0.48572 -1.3615 -0.048508 -0.14364 -1.2278 0.40482 -1.385 0.024985 0.15179
2.7376 -0.57407 -3.1232 -2.5314 -0.04665 -1.8941 -0.69176 -0.11377 -0.44552 -0.72624 -0.23069 -0.56896 0.066832
2.9388 -0.39539 -3.6509 -2.8961 -0.47231 -1.8684 -0.59126 -0.58165 0.041123 -0.61416 -0.45354 -0.16407 0.028103
2.8882 -0.70875 -3.374 -2.878 -0.60467 -1.7935 -0.55516 -0.27944 -0.10789 -0.18175 -0.44116 -0.2005 0.30115
2.839 -0.3459 -3.2538 -3.6816 -0.10847 -1.9655 -0.7349 -0.20501 -0.078919 -0.25022 -0.12688 -0.31341 0.42407
2.5848 -0.011573 -2.9565 -3.5229 -0.33484 -2.1911 -0.69203 -0.11482 -0.13548 -0.14931 -0.30548 -0.50419 0.37878
1.2952 -0.25897 -1.4351 -3.231 -1.1697 -2.0005 -0.30654 -0.28912 0.368 -0.30888 0.49304 -0.5886 0.96625
0.6292 -1.6698 -1.6596 -2.7387 -1.0455 -1.5067 -0.4634 -1.1569 0.081154 -0.50495 0.33689 -0.13226 1.8047
