-3.6179 -2.937 0.37408 0.36622 0.81245 0.57299 0.10593 0.17149 0.65799 0.2509 -0.24131 0.69221 0.53146
-3.2293 -3.2526 1.1479 0.11446 0.5247 0.056261 0.55791 0.2034 0.62805 0.15556 -0.20163 -0.082168 0.042831
-0.48285 -5.2122 1.6011 -0.88065 1.5308 0.46991 0.5154 0.40524 1.0135 0.19861 -0.35743 0.10542 -0.19141
0.049358 -6.4595 1.8943 -0.9791 0.9712 0.10317 0.1334 0.62738 0.33972 -0.055143 0.36054 -0.053382 0.076843
0.66078 -6.9715 1.7114 -0.79763 0.93931 0.49829 1.2891 1.4362 0.86062 0.25169 0.12838 0.50869 0.42451
0.49725 -7.3593 1.9506 -0.77802 0.73431 -0.20327 0.25902 0.71375 0.33252 0.4213 -0.0074898 0.22413 -0.45384
1.0335 -8.4249 0.55171 -1.0441 1.1586 0.64077 1.1712 0.85444 0.41594 0.082582 -0.82609 0.10384 -0.46605
1.8321 -8.2455 1.0783 -1.8345 -0.18961 -0.12421 0.18042 -0.43541 0.17523 0.46973 0.46736 0.4041 0.37875
1.7076 -6.3312 1.3079 -0.94066 0.40152 -0.50117 -0.20346 -0.43469 -0.5952 -0.45226 -0.23593 -0.19562 0.19957
1.7515 -5.4255 -0.38796 -1.3435 -0.36067 -0.45093 -0.40492 -0.047799 -0.071093 0.40223 -0.18027 -0.28903 0.16735
1.6906 -1.5974 -0.43045 -1.6761 -0.83506 -1.5802 -1.3709 0.10779 -0.064149 -0.80786 -0.10797 0.14888 -0.25986
5.7585 -3.7479 -1.4789 -2.0258 -1.7949 -1.7503 -1.3511 0.75923 -0.036308 -1.041 -0.076417 0.010497 -1.234
6.5036 -4.5981 -0.88741 -1.7869 -1.4549 -1.7684 -0.92764 1.1044 0.0032542 -1.3288 0.019303 -0.26357 -1.2294
6.8724 -4.6965 -0.27708 -1.3995 -1.6739 -1.7942 -0.54263 1.4148 -0.18077 -1.3085 0.034235 -0.39842 -1.2766
7.1444 -5.3794 -0.4288 -1.5022 -2.0411 -2.1695 -0.48508 1.478 -0.29037 -1.3848 0.05423 -0.39433 -1.3208
6.9036 -5.3876 -0.90643 -1.6513 -2.2918 -2.3181 -0.56156 0.81582 -0.47808 -1.5473 -0.12396 -0.83729 -1.5442
5.9486 -4.1703 -2.1877 -1.526 -1.8368 -2.0088 -0.35309 -0.17037 -0.75467 -1.2772 -0.2486 -0.66879 -1.3942
4.1133 -2.0395 -1.805 -1.2141 -1.4342 -1.387 -0.72648 -0.04978 -1.1464 -1.1145 0.16388 -0.41905 -1.0446
1.7086 -2.3209 0.74746 -0.4853 -0.99295 -0.66098 0.034768 -0.13364 -0.77553 -1.124 0.12689 0.14399 -0.85894
1.0637 -5.1649 -0.41303 -0.32538 0.077266 -0.10455 0.59623 0.8792 0.34436 -0.53956 -0.12377 -0.31786 -0.77184
1.5012 -6.4105 -0.68634 -0.62212 0.71464 0.24512 1.6157 0.52697 -0.58452 -0.79263 -1.136 -0.76715 -0.28746
2.2044 -7.2248 -0.60305 -1.4695 -0.62676 -0.10713 0.31651 0.87954 0.32973 -0.40539 -1.0989 -0.52683 -0.67059
3.0393 -7.8676 0.027443 -1.3924 -0.6608 -0.82649 0.013111 0.99839 -0.23637 0.012892 -0.075297 -0.21134 -0.4789
2.0246 -7.0573 0.043934 -1.0795 0.46776 -0.22654 0.94437 0.61049 0.071729 -0.38343 -0.56983 -0.034017 -0.52969
1.2912 -7.4601 -0.46846 -1.6951 -0.50685 -0.74768 0.4273 0.60863 -0.33962 0.16981 -0.58149 -0.49136 -0.52862
0.79251 -6.2262 -0.17248 -0.67475 -0.28216 -0.5615 0.16175 0.25441 0.34683 -0.090444 -0.020394 0.53768 0.29871
1.0633 -6.9666 -0.0028639 -0.63924 -0.39366 -0.22517 0.61875 1.0089 -0.23317 0.082018 0.07948 0.76092 0.49799
0.61636 -7.5102 0.81676 -0.2455 0.19369 -0.5151 -0.072874 -0.044589 -0.22771 0.41443 0.19317 0.067912 0.67452
-0.64022 -5.8658 -0.27489 -0.13677 -0.059263 0.10179 0.0019732 0.002497 0.25921 0.51695 0.27449 0.41539 0.54935
-1.6564 -4.2476 0.59506 -0.5973 0.38819 0.092161 0.15374 0.1608 -0.091239 0.69402 0.765 0.35096 -0.19432
-1.8489 -3.9328 -0.62708 -1.1714 -0.19765 0.43078 0.36804 0.30125 -0.31269 0.33506 0.10934 0.16634 -0.071101
0.37134 -0.45411 -0.33398 -2.4755 -0.30243 -0.79277 -0.63166 -0.75635 -0.14913 -0.61188 -0.28412 -0.097586 0.43205
3.5715 -1.6527 -1.781 -4.0736 -1.4168 0.18319 -1.4922 -0.9675 -0.35294 -1.3169 -0.55003 -0.55443 0.17079
4.298 -3.5197 -2.6326 -4.4668 -1.6994 -0.12483 -1.9531 -1.2808 -0.20182 -2.0407 -0.94323 -0.93686 -0.067545
4.6517 -3.3547 -2.8657 -3.3967 -1.3339 0.45456 -1.532 -0.53623 -0.12005 -1.6071 -0.48701 -0.64933 0.25576
5.03 -4.0767 -3.1091 -3.4544 -1.4559 0.24946 -1.6809 -0.34873 -0.29698 -1.6237 -0.15573 -0.64927 0.1621
5.1571 -4.7766 -3.4196 -3.4747 -1.5578 0.077792 -1.735 -0.42503 -0.39033 -1.7717 -0.47125 -0.59148 0.0034179
4.9772 -4.0687 -3.9602 -2.7914 -2.0325 0.34192 -1.6808 -0.19244 0.089783 -1.5208 -0.23607 -0.18909 0.3057
4.6482 -3.3408 -3.9504 -2.158 -2.0151 0.36139 -1.4883 -0.4267 0.51613 -1.2265 -0.04008 0.0058675 0.21197
4.1868 -3.165 -4.634 -2.7941 -2.6665 -1.2138 -1.0747 -1.5872 0.62642 -1.394 -0.64079 -0.024463 0.15696
3.094 -2.5884 -3.5591 -3.2012 -2.1844 -1.5706 -0.33196 -1.5405 0.64881 -0.58464 -0.30326 0.32407 1.2225
1.3034 -2.7384 -1.3098 -2.351 -1.9439 -1.4392 0.14772 -1.4659 -0.16761 -0.16815 0.17756 0.74522 1.9398
-0.16068 -4.2515 -1.2292 -1.0722 -1.4902 -1.3295 -0.22817 -0.93313 -0.82613 -0.30965 0.37509 0.47825 1.569
