3.4434 -5.0334 -0.2483 -1.7352 -1.6869 -2.3201 -1.3363 0.54072 -0.049053 -0.40152 -0.1026 -0.21437 -1.3867
3.213 -5.268 -0.37756 -2.0724 -1.3572 -1.5195 -0.7133 1.0639 -0.37813 -1.1013 -0.17414 -0.022387 -1.4292
3.8315 -5.7628 -1.0032 -2.1903 -1.6464 -1.2578 -0.9145 0.70185 -0.31327 -0.97134 -0.70278 -0.22601 -1.2609
3.6974 -5.4047 -0.87468 -2.0042 -1.6786 -1.0598 -0.87856 0.61882 -0.38828 -0.9969 -0.63413 -0.023689 -0.76211
2.2975 -3.0057 -0.41954 -1.8241 -0.96787 -0.78932 -0.77404 -0.15724 -0.0017356 -0.72 -0.29623 -0.26534 -0.16487
-0.1825 -1.3339 1.4048 -0.95824 -0.25367 0.085795 -0.13347 -0.61965 0.41084 -0.60097 -0.074562 -0.33023 -0.37203
-0.15676 -2.3748 1.1719 1.0872 0.53779 -0.25536 -0.83333 -0.83671 0.69466 0.27854 0.34593 0.52026 -0.30265
-0.75343 -4.0287 1.7307 0.011124 0.40417 0.44332 0.085543 -0.023048 0.21223 0.4435 0.6063 -0.26776 0.0027196
-0.31952 -4.3249 0.70339 0.14569 0.81124 0.20369 0.66743 0.52198 0.50134 0.50654 0.29805 0.017745 -0.0080063
-1.145 -3.6403 1.3166 0.16685 0.8009 -0.21545 0.3105 -0.10006 0.012285 0.25553 -0.28185 0.20692 -0.1097
-0.71952 -4.8427 1.1234 0.50129 1.3755 0.64486 0.58326 0.81109 0.60914 0.34901 -0.12263 0.23335 0.21362
-0.95757 -5.5332 0.9338 -0.017975 0.54508 -0.40341 -0.051521 0.67369 -0.049903 -0.14408 -0.13797 0.14539 0.36094
-1.3681 -4.4571 1.0397 -0.54773 1.2058 0.11636 0.32465 1.1635 0.28357 0.12612 0.094843 0.59666 0.45894
-2.2153 -4.0482 0.94272 -0.33509 1.0134 0.57587 0.57734 0.7385 0.23608 0.46725 0.32959 -0.056294 0.12439
-0.5852 -1.6801 -0.080682 -2.0451 -0.46288 -0.88007 -0.53024 -1.2328 0.11023 -0.50077 -0.20778 -0.069279 0.32228
2.2044 -2.5419 -1.3523 -3.1829 -1.1741 -0.4628 -0.85629 -0.72872 0.32564 -0.59761 -0.65894 -0.28887 0.28647
3.0456 -3.7506 -1.8994 -3.2606 -1.3963 -0.57553 -1.0211 -0.57707 -0.15903 -0.9156 -1.1245 -0.1663 0.031009
3.481 -4.098 -2.0879 -3.2333 -1.2605 -0.61349 -0.89006 -0.14987 -0.61264 -0.81618 -1.2959 0.011232 -0.012242
3.6827 -4.4399 -2.2665 -3.5027 -1.535 -0.88592 -1.2016 -0.1438 -0.84398 -1.1991 -1.4177 -0.19785 -0.14035
3.6969 -4.2428 -1.6706 -3.0428 -1.0928 -0.47508 -0.74972 0.21382 -0.61592 -1.1511 -1.0753 -0.11868 -0.18154
3.4215 -4.5721 -1.9494 -3.3292 -1.1759 -1.042 -0.67741 0.16529 -0.84568 -1.0211 -1.1323 -0.20236 0.15843
2.8634 -3.7146 -2.3397 -2.799 -0.98384 -1.4129 0.15928 -0.51719 -0.18829 -0.92586 -1.0919 0.26582 0.044739
0.88802 -3.4146 -1.5791 -2.2466 -1.2389 -1.1894 -0.46665 -0.22518 0.08039 -0.85376 -0.64902 -0.1468 0.17572
-2.3749 -4.4511 0.073492 0.10777 -0.73005 0.26218 0.14151 0.077871 -0.574 -0.30018 0.097628 0.53332 0.82168
-0.60588 -7.0854 0.13246 -0.0095756 -1.0879 -0.61114 0.21932 0.12679 -0.2208 0.60607 -0.098381 0.74252 0.40566
