3.4129 -2.7537 -0.47624 -1.8806 -1.2693 -2.2707 -1.5757 -0.52774 0.20226 -0.62952 -0.27665 -0.17687 0.1868
4.3268 -3.2252 -0.69328 -2.3346 -1.2998 -2.5304 -1.8735 0.037152 0.24015 -0.60286 -0.47876 -0.48992 -0.48327
4.7829 -3.8657 -1.0383 -1.9231 -1.2152 -2.4742 -1.5961 0.2458 0.041762 -1.1688 -0.51605 0.31874 -1.2647
4.6472 -3.5695 -1.5934 -2.5126 -1.6358 -2.6635 -1.2453 -0.16587 -0.26784 -1.5976 -0.93369 -0.19256 -1.5216
5.3529 -4.7518 -0.89483 -2.2256 -2.1901 -2.34 -0.87149 -0.00077179 -0.70762 -1.4252 -0.58326 -0.034351 -1.5426
5.2149 -4.5513 -0.49729 -1.8104 -1.8809 -1.882 -0.89629 0.041614 -0.34957 -1.2406 -0.70398 0.27167 -1.3105
2.749 -3.3049 -0.39586 -1.1027 -1.021 -0.9976 -0.47599 -0.77663 -0.12299 -0.71483 -0.83353 -0.062613 -1.0352
1.4716 -3.0296 0.42366 -0.21834 -0.57313 -0.88597 -0.62798 -0.82486 -0.096254 -0.4715 -0.30863 -0.72672 -0.89849
-0.1078 -3.23 0.36617 0.12924 -0.58432 -0.761 -0.57677 -0.73962 -0.093212 -0.67502 -0.38213 -0.43402 -0.49423
-1.9567 -4.1419 0.59614 0.12128 0.25197 0.39757 0.75552 0.2209 -0.0077083 0.27039 -0.17486 -0.59473 -0.52698
-0.71776 -7.1139 1.2501 0.81604 0.59242 0.11623 0.31874 -0.38742 -0.17364 0.67642 0.40448 0.61717 0.39848
0.40022 -7.2938 0.16518 -0.33196 0.086044 -0.034399 0.067228 0.32814 0.70833 0.83873 0.46403 0.24891 0.34471
1.9155 -9.3803 -0.96393 -0.019666 0.63625 -0.37802 0.2186 0.816 0.48711 0.64446 -0.18379 0.27517 0.27651
1.2066 -8.1678 -0.68552 0.51661 0.43751 0.014598 0.12734 0.25518 -0.073773 0.5089 0.91325 0.85993 0.15265
0.6084 -8.573 -0.021098 0.14576 0.33079 -0.14375 0.98804 0.88494 0.27049 0.79228 0.08526 0.46764 0.27853
-0.70328 -7.2126 0.80384 -0.03732 0.21861 -0.26296 0.65072 0.45393 0.32279 0.4205 -0.065428 0.5752 0.28613
-3.0972 -4.7416 1.301 -0.30105 0.44986 -0.095059 -0.50878 -0.14314 0.42682 0.50108 0.51473 0.56294 0.31068
-0.83889 -3.1548 -0.096148 -0.81123 -0.28436 -0.73427 -0.86055 -0.95768 -0.39495 -0.23493 0.20632 0.29769 -0.30632
2.8019 -3.0422 -1.1136 -2.9253 -1.1615 -1.2959 -0.96097 -0.90344 0.18867 -0.6101 -0.76615 -0.16265 -0.026497
3.483 -2.8228 -1.1813 -3.1187 -1.2253 -1.5014 -1.3986 -0.17844 0.023563 -0.83154 -0.74174 -0.71796 0.3348
4.0724 -3.5405 -1.5123 -3.4481 -1.7977 -1.5618 -1.5124 -0.20096 0.3085 -1.1141 -0.9619 -0.50182 -0.055221
4.3267 -4.7051 -1.7775 -3.2703 -2.2279 -1.9644 -1.3448 0.0059894 -0.078587 -1.2349 -0.6703 0.09668 -0.14174
4.4903 -4.3133 -1.4156 -2.7696 -1.7552 -1.499 -1.0518 0.5884 0.22694 -1.1236 -1.0052 -0.030287 -0.22465
4.6451 -4.3982 -1.7313 -2.9479 -1.5405 -1.4152 -1.0991 0.45774 0.14528 -0.81756 -0.82877 0.017208 -0.28167
4.729 -5.3166 -1.8386 -2.8935 -1.935 -1.6995 -1.2715 0.24943 -0.41282 -1.2155 -1.1119 -0.41386 -0.69812
4.4747 -4.6714 -1.5514 -2.6675 -1.8913 -1.3387 -1.2433 -0.03912 -0.15885 -1.3612 -1.1265 -0.44318 -0.46749
3.3638 -3.7896 -1.608 -1.8656 -1.6363 -1.4328 -1.271 -0.51068 0.38915 -1.2859 -0.51443 0.13341 -0.29769
1.9864 -3.4902 -0.25474 -0.89493 -1.1994 -1.4432 -0.73491 -0.94739 -0.10295 -0.88696 -0.59569 -0.50988 0.14503
2.9939 -3.7459 -1.9964 -2.4272 -1.8449 -2.1283 -1.2626 -1.1246 -0.096913 -1.3715 -0.91852 -0.30219 -0.056403
3.1087 -3.5078 -1.7009 -2.1487 -1.1126 -1.712 -1.1224 -0.52227 -0.12435 -1.1176 -0.89825 -0.42553 0.31976
2.9726 -3.4933 -1.476 -2.1875 -1.1574 -1.5949 -0.65942 -0.77947 -0.096023 -0.83857 -0.63393 -0.20598 0.31798
2.6236 -3.5805 -1.4796 -2.7546 -1.8871 -1.9231 -0.66382 -0.97788 -0.12344 -0.87864 -0.25314 -0.27537 0.80734
1.7252 -3.612 -0.70227 -1.7704 -1.6571 -1.5305 -0.83442 -1.3023 -0.14199 -0.73945 -0.53775 -0.13245 0.62819
