0.8646 0.50926
0.86074 0.50926
0.86267 0.50926
0.8646 0.50694
0.86074 0.50926
0.8646 0.50694
0.86267 0.50463
0.86267 0.49074
0.8588 0.47454
0.85493 0.47222
0.85106 0.46296
0.84526 0.4375
0.83946 0.40046
0.82979 0.36806
0.81044 0.34028
0.78917 0.32407
0.76209 0.31481
0.72921 0.31019
0.69826 0.31481
0.67118 0.32176
0.64603 0.34028
0.62669 0.37037
0.61315 0.40741
0.61122 0.44907
0.60928 0.49074
0.61122 0.51852
0.60735 0.54398
0.60542 0.56019
0.59768 0.57407
0.57253 0.59259
0.54352 0.6088
0.51644 0.61574
0.48549 0.61574
0.45841 0.60185
0.43907 0.58565
0.41586 0.56944
0.40232 0.55324
0.39845 0.53009
0.39265 0.50463
0.38491 0.47685
0.37718 0.44213
0.37137 0.40509
0.35783 0.36806
0.33849 0.33333
0.30948 0.30093
