0.037098 0.4317 0.66993
0.037098 0.4317 0.66993
0.037098 0.4317 0.66993
0.037098 0.4317 0.66993
0.037098 0.4317 0.66993
0.037098 0.4317 0.66993
0.037098 0.4317 0.66993
0.037098 0.4317 0.66993
0.037098 0.4317 0.66993
0.037098 0.4317 0.66993
0.037098 0.4317 0.66993
0.037098 0.4317 0.66993
0.037098 0.4317 0.66993
0.037098 0.4317 0.66993
0.037098 0.4317 0.66993
0.037098 0.4317 0.66993
0.037098 0.4317 0.66993
0.037098 0.4317 0.66993
0.037098 0.4317 0.66993
0.037098 0.4317 0.66993
0.037098 0.4317 0.66993
0.037098 0.4317 0.66993
0.037098 0.4317 0.66993
0.037098 0.4317 0.66993
0.037098 0.4317 0.66993
0.037098 0.4317 0.66993
0.037098 0.4317 0.66993
0.037098 0.4317 0.66993
0.037098 0.4317 0.66993
0.037098 0.4317 0.66993
0.037098 0.4317 0.66993
0.045445 0.4426 0.66993
0.063121 0.4657 0.66993
0.080796 0.48879 0.66993
0.098472 0.51189 0.66993
0.11418 0.53241 0.66993
0.11418 0.53241 0.66993
0.11418 0.53241 0.66993
0.11418 0.53241 0.66993
0.11418 0.53241 0.66993
0.11418 0.53241 0.66993
0.11418 0.53241 0.66993
0.11418 0.53241 0.66993
0.11418 0.53241 0.66993
0.10731 0.53241 0.67439
0.089634 0.53241 0.68586
0.071958 0.53241 0.69733
0.054283 0.53241 0.70879
0.037098 0.53241 0.71994
0.037098 0.53241 0.71994
0.037098 0.53241 0.71994
0.037098 0.53241 0.71994
0.037098 0.53241 0.71994
0.037098 0.53241 0.72759
0.037098 0.53241 0.73905
0.037098 0.53241 0.75052
0.037098 0.53241 0.76199
0.037098 0.53241 0.77696
0.037098 0.53241 0.79989
0.037098 0.53241 0.82283
0.037098 0.53241 0.84576
0.037098 0.53241 0.8687
0.020405 0.53241 0.86997
0.0027293 0.53241 0.86997
-0.014946 0.53241 0.86997
-0.032622 0.53241 0.86997
-0.039987 0.53241 0.8499
-0.039987 0.53241 0.8155
-0.039987 0.53241 0.7811
-0.039987 0.53241 0.7467
-0.047842 0.53241 0.71484
-0.083193 0.53241 0.69191
-0.11854 0.53241 0.66898
-0.1539 0.53241 0.64604
-0.18925 0.53241 0.62311
-0.23982 0.51253 0.58042
-0.29284 0.48943 0.53456
-0.34587 0.46634 0.48869
-0.3989 0.44324 0.44282
-0.45192 0.39706 0.39695
-0.50495 0.32777 0.35108
-0.55798 0.25849 0.30521
-0.611 0.18921 0.25934
-0.66403 0.11993 0.21507
-0.71706 0.050644 0.18067
-0.77008 -0.018638 0.14626
-0.82311 -0.087921 0.11186
-0.87614 -0.1572 0.077462
-0.94291 -0.29833 0.0073849
-1.0136 -0.45999 -0.072885
-1.0843 -0.62165 -0.15316
-1.155 -0.78331 -0.23343
-1.2036 -0.90648 -0.28981
-1.2213 -0.97576 -0.31274
-1.239 -1.045 -0.33567
-1.2567 -1.1143 -0.35861
-1.2753 -1.1823 -0.38027
-1.3107 -1.2285 -0.38027
-1.346 -1.2747 -0.38027
-1.3814 -1.3209 -0.38027
-1.4167 -1.3671 -0.38027
-1.4398 -1.3972 -0.36434
-1.4575 -1.4203 -0.34141
-1.4751 -1.4434 -0.31847
-1.4928 -1.4665 -0.29554
-1.5164 -1.4896 -0.27643
-1.5517 -1.5127 -0.26496
-1.5871 -1.5358 -0.25349
-1.6224 -1.5589 -0.24203
-1.6578 -1.582 -0.23056
-1.6931 -1.5826 -0.20794
-1.7285 -1.5826 -0.18501
-1.7638 -1.5826 -0.16207
-1.7992 -1.5826 -0.13914
-1.8237 -1.5685 -0.11621
-1.8414 -1.5454 -0.093271
-1.8591 -1.5223 -0.070337
-1.8768 -1.4992 -0.047403
-1.8856 -1.4761 -0.030202
-1.8679 -1.453 -0.030202
-1.8503 -1.4299 -0.030202
-1.8326 -1.4069 -0.030202
-1.8149 -1.3838 -0.030202
-1.7972 -1.3401 -0.050588
-1.7796 -1.2939 -0.073522
-1.7619 -1.2478 -0.096457
-1.7442 -1.2016 -0.11939
-1.7265 -1.1554 -0.14233
-1.7088 -1.1092 -0.16526
-1.6912 -1.063 -0.18819
-1.6735 -1.0168 -0.21113
-1.6529 -0.97448 -0.23788
-1.6175 -0.95139 -0.28375
-1.5822 -0.92829 -0.32962
-1.5468 -0.9052 -0.37549
-1.5115 -0.8821 -0.42136
-1.4761 -0.89622 -0.46723
-1.4408 -0.91931 -0.5131
-1.4054 -0.9424 -0.55897
-1.3701 -0.9655 -0.60483
-1.3426 -0.98859 -0.6507
-1.3249 -1.0117 -0.69657
-1.3072 -1.0348 -0.74244
-1.2895 -1.0579 -0.78831
-1.2689 -1.079 -0.83513
-1.2159 -1.079 -0.89247
-1.1629 -1.079 -0.9498
-1.1098 -1.079 -1.0071
-1.0568 -1.079 -1.0645
-1.0038 -1.079 -1.1052
-0.95077 -1.079 -1.1396
-0.89774 -1.079 -1.1741
-0.84471 -1.079 -1.2085
-0.80445 -1.0874 -1.2387
-0.78678 -1.1105 -1.2616
-0.7691 -1.1336 -1.2846
-0.75143 -1.1567 -1.3075
-0.73375 -1.1798 -1.3304
-0.6984 -1.1798 -1.3419
-0.66305 -1.1798 -1.3534
-0.6277 -1.1798 -1.3649
-0.59235 -1.1798 -1.3763
-0.5457 -1.165 -1.3878
-0.49268 -1.1419 -1.3993
-0.43965 -1.1188 -1.4107
-0.38662 -1.0957 -1.4222
-0.31887 -1.079 -1.4337
-0.21281 -1.079 -1.4451
-0.10676 -1.079 -1.4566
-0.00070763 -1.079 -1.4681
0.10535 -1.079 -1.4795
0.14659 -1.079 -1.5015
0.18194 -1.079 -1.5244
0.21729 -1.079 -1.5474
0.25264 -1.079 -1.5703
0.26835 -1.0919 -1.5932
0.26835 -1.115 -1.6162
0.26835 -1.1381 -1.6391
0.26835 -1.1612 -1.662
0.26835 -1.1798 -1.6827
0.26835 -1.1798 -1.6942
0.26835 -1.1798 -1.7057
0.26835 -1.1798 -1.7171
0.26835 -1.1798 -1.7286
0.26835 -1.1798 -1.7592
0.26835 -1.1798 -1.7936
0.26835 -1.1798 -1.828
0.26835 -1.1798 -1.8624
0.26835 -1.1579 -1.8914
0.26835 -1.1118 -1.9143
0.26835 -1.0656 -1.9373
0.26835 -1.0194 -1.9602
0.27228 -0.97576 -1.9831
0.30763 -0.95267 -2.0061
0.34298 -0.92957 -2.029
0.37833 -0.90648 -2.0519
0.41368 -0.88339 -2.0749
0.44904 -0.82565 -2.0634
0.48439 -0.75637 -2.0405
0.51974 -0.68709 -2.0175
0.55509 -0.6178 -1.9946
0.60419 -0.53954 -1.9627
0.67489 -0.44716 -1.9169
0.74559 -0.35479 -1.871
0.81629 -0.26241 -1.8251
0.887 -0.17132 -1.7793
0.9577 -0.12513 -1.7334
1.0284 -0.07894 -1.6875
1.0991 -0.032751 -1.6417
1.1698 0.013437 -1.5958
1.2052 0.044229 -1.527
1.2228 0.067323 -1.4467
1.2405 0.090417 -1.3664
1.2582 0.11351 -1.2862
1.2597 0.12955 -1.2024
1.2243 0.12955 -1.1107
1.189 0.12955 -1.0189
1.1536 0.12955 -0.92719
1.1183 0.12955 -0.83545
1.0829 0.12955 -0.75454
1.0475 0.12955 -0.67427
1.0122 0.12955 -0.594
0.97685 0.12955 -0.51373
0.96212 0.15649 -0.44684
0.96212 0.20268 -0.38951
0.96212 0.24887 -0.33217
0.96212 0.29506 -0.27483
0.96212 0.35151 -0.2175
0.96212 0.44389 -0.16016
0.96212 0.53626 -0.10283
0.96212 0.62864 -0.045491
0.96212 0.72102 0.011844
0.99256 0.77362 0.06918
1.0279 0.81981 0.12652
1.0633 0.866 0.18385
1.0986 0.91218 0.24119
1.134 0.96992 0.30426
1.1693 1.0392 0.37306
1.2047 1.1085 0.44186
1.24 1.1778 0.51067
1.2778 1.2438 0.57947
1.3308 1.29 0.64827
1.3839 1.3362 0.71707
1.4369 1.3824 0.78588
1.4899 1.4286 0.85468
1.5567 1.4748 0.91456
1.6274 1.521 0.9719
1.6981 1.5672 1.0292
1.7688 1.6133 1.0866
1.8248 1.6595 1.1391
1.8601 1.7057 1.185
1.8955 1.7519 1.2309
1.9308 1.7981 1.2767
1.9662 1.8443 1.3207
2.0015 1.8905 1.3322
2.0369 1.9367 1.3436
2.0722 1.9829 1.3551
2.1076 2.029 1.3666
2.1307 2.0752 1.3541
2.1483 2.1214 1.3312
2.166 2.1676 1.3083
2.1837 2.2138 1.2853
2.1778 2.2523 1.2586
2.1248 2.2754 1.2242
2.0717 2.2985 1.1898
2.0187 2.3216 1.1554
1.9657 2.3447 1.121
1.8096 2.2779 1.1312
1.6505 2.2087 1.1426
1.4914 2.1394 1.1541
1.3323 2.0701 1.1656
1.13 1.9303 1.184
0.90025 1.7455 1.207
0.67047 1.5607 1.2299
0.44069 1.376 1.2528
0.233 1.2028 1.2672
0.091598 1.0642 1.2557
-0.049806 0.92566 1.2442
-0.19121 0.78709 1.2328
-0.33261 0.64853 1.2213
-0.39546 0.55102 1.1691
-0.44849 0.45864 1.1117
-0.50151 0.36626 1.0544
-0.55454 0.27389 0.99706
-0.55159 0.21808 0.95183
-0.49857 0.19498 0.91743
-0.44554 0.17189 0.88303
-0.39251 0.14879 0.84863
-0.3336 0.12955 0.82187
-0.24522 0.12955 0.83334
-0.15684 0.12955 0.84481
-0.068464 0.12955 0.85627
0.019914 0.12955 0.86774
0.079814 0.14815 0.87921
0.13284 0.17125 0.89067
0.18587 0.19434 0.90214
0.23889 0.21744 0.91361
0.26835 0.23027 0.91488
0.26835 0.23027 0.90342
0.26835 0.23027 0.89195
0.26835 0.23027 0.88048
0.26688 0.23219 0.86806
0.2492 0.25528 0.84512
0.23153 0.27838 0.82219
0.21385 0.30147 0.79926
0.19618 0.32457 0.77632
0.19127 0.33098 0.75339
0.19127 0.33098 0.73045
0.19127 0.33098 0.70752
0.19127 0.33098 0.68458
0.19127 0.33098 0.66579
0.19127 0.33098 0.65432
0.19127 0.33098 0.64286
0.19127 0.33098 0.63139
0.19127 0.33098 0.61992
