1.2996 1.3068 1.5731
1.2996 1.3068 1.5731
1.2996 1.3068 1.5731
1.2996 1.3068 1.5731
1.2996 1.3068 1.5731
1.2996 1.3068 1.5731
1.2996 1.3068 1.5731
1.2996 1.3068 1.5731
1.2996 1.3068 1.5731
1.2996 1.3068 1.5731
1.2996 1.3068 1.5731
1.2996 1.3068 1.5731
1.2996 1.3068 1.5731
1.2996 1.3068 1.5731
1.2996 1.3068 1.5731
1.299 1.3074 1.5727
1.2983 1.3082 1.5722
1.253 1.3581 1.5388
1.1776 1.4412 1.4833
1.1183 1.5065 1.4396
1.1065 1.5195 1.4309
1.0947 1.5325 1.4222
1.0937 1.5336 1.4214
1.0937 1.5336 1.4214
1.0937 1.5336 1.4214
1.0937 1.5336 1.4214
1.0897 1.5401 1.4157
1.0723 1.569 1.3899
1.0548 1.5979 1.3641
1.0165 1.6612 1.3077
0.97539 1.7291 1.2472
0.9559 1.7615 1.2185
0.95502 1.7635 1.2172
0.94456 1.7865 1.2018
0.89428 1.8973 1.1277
0.844 2.0081 1.0536
0.75726 2.0586 1.0466
0.66412 2.0986 1.0515
0.55845 2.1227 1.0762
0.44062 2.1314 1.1201
0.31933 2.1362 1.1676
0.18051 2.1218 1.2328
0.04168 2.1073 1.298
-0.11437 2.0739 1.3543
-0.27419 2.0363 1.4085
-0.43484 1.9903 1.444
-0.5964 1.9349 1.459
-0.74942 1.8795 1.4718
-0.84736 1.8241 1.4703
-0.9453 1.7687 1.4689
-0.96577 1.7133 1.4246
-0.96577 1.6579 1.3691
-0.96577 1.6132 1.3064
-0.96577 1.5816 1.2349
-0.9676 1.5505 1.1604
-0.98509 1.5228 1.0606
-1.0026 1.4951 0.96072
-1.0259 1.445 0.84481
-1.051 1.388 0.72386
-1.0762 1.3242 0.60776
-1.1013 1.2513 0.49841
-1.1257 1.1796 0.39225
-1.1408 1.1242 0.32558
-1.1559 1.0688 0.2589
-1.1409 1.0127 0.21484
-1.1149 0.95638 0.17909
-1.0795 0.88965 0.15721
-1.0292 0.80656 0.15721
-0.97889 0.72563 0.15721
-0.9286 0.69071 0.15721
-0.87832 0.65579 0.15721
-0.84046 0.61225 0.14806
-0.80788 0.56505 0.13502
-0.79254 0.53096 0.11643
-0.80806 0.52036 0.087929
-0.8241 0.51049 0.058883
-0.87439 0.54854 -0.0058571
-0.92467 0.58659 -0.070598
-0.97495 0.62464 -0.17168
-1.0252 0.66269 -0.29053
-1.0755 0.67876 -0.41822
-1.1258 0.64986 -0.56396
-1.1761 0.62096 -0.70971
-1.2264 0.56597 -0.8031
-1.2767 0.51057 -0.89571
-1.3269 0.43957 -0.94655
-1.3772 0.35986 -0.97409
-1.4114 0.28503 -0.98711
-1.408 0.22169 -0.96601
-1.4045 0.15835 -0.94492
-1.3803 0.1026 -0.90859
-1.3551 0.047212 -0.87155
-1.33 -0.0016955 -0.84318
-1.3049 -0.04649 -0.82031
-1.2812 -0.083456 -0.80142
-1.2615 -0.099111 -0.79337
-1.2418 -0.11476 -0.78532
-1.2391 -0.091641 -0.74955
-1.2378 -0.06539 -0.71154
-1.2227 -0.05442 -0.66332
-1.1975 -0.05442 -0.60776
-1.1777 -0.05442 -0.56004
-1.1749 -0.05442 -0.53733
-1.172 -0.05442 -0.51463
-1.1555 -0.036519 -0.56749
-1.1373 -0.01653 -0.62917
-1.123 -0.00079681 -0.70223
-1.1119 0.011486 -0.78453
-1.101 0.021202 -0.86511
-1.0912 0.021202 -0.93919
-1.0813 0.021202 -1.0133
-1.0681 0.015781 -1.0801
-1.0543 0.0095195 -1.1458
-1.0593 -0.0070585 -1.1965
-1.0814 -0.033068 -1.2336
-1.095 -0.05442 -1.2706
-1.0698 -0.05442 -1.3077
-1.0447 -0.05442 -1.3447
-1.0384 -0.05442 -1.3124
-1.0357 -0.05442 -1.2665
-1.0254 -0.074348 -1.2092
-1.007 -0.11481 -1.1401
-0.98975 -0.15516 -1.0687
-0.97882 -0.1949 -0.98417
-0.96789 -0.23463 -0.89962
-0.94956 -0.26467 -0.82649
-0.92945 -0.29236 -0.75611
-0.89264 -0.31705 -0.71122
-0.83646 -0.33824 -0.69592
-0.77776 -0.35691 -0.68939
-0.70059 -0.35691 -0.74753
-0.62342 -0.35691 -0.80567
-0.52809 -0.35691 -0.89055
-0.42752 -0.35691 -0.98315
-0.32695 -0.35691 -1.0758
-0.22639 -0.35691 -1.1684
-0.12748 -0.36057 -1.2597
-0.045498 -0.40151 -1.3386
0.036485 -0.44246 -1.4176
0.081271 -0.48232 -1.4691
0.11341 -0.52182 -1.5113
0.12845 -0.55656 -1.5409
0.11818 -0.58425 -1.5518
0.10702 -0.61195 -1.5613
0.081874 -0.63964 -1.5478
0.056733 -0.66734 -1.5342
0.033 -0.69504 -1.4906
0.0098264 -0.72273 -1.435
-0.0047007 -0.75043 -1.3795
-0.0047007 -0.77812 -1.3239
-0.0033302 -0.80657 -1.2694
0.042581 -0.85956 -1.2476
0.088492 -0.91254 -1.2259
0.15031 -0.96718 -1.2159
0.2194 -1.0226 -1.2112
0.28563 -1.078 -1.2118
0.34641 -1.1334 -1.2226
0.40719 -1.1887 -1.2334
0.46796 -1.221 -1.2597
0.52874 -1.2533 -1.2859
0.58665 -1.2644 -1.3162
0.64305 -1.2644 -1.3486
0.68178 -1.2636 -1.3766
0.68178 -1.2612 -1.3951
0.68178 -1.2588 -1.4136
0.68178 -1.2319 -1.4321
0.68178 -1.2042 -1.4507
0.66725 -1.1765 -1.4478
0.64408 -1.1488 -1.4322
0.62034 -1.133 -1.4117
0.5952 -1.1472 -1.3792
0.57006 -1.1614 -1.3467
0.57288 -1.2037 -1.2893
0.57747 -1.2477 -1.2304
0.60712 -1.2986 -1.1671
0.65369 -1.354 -1.1009
0.70758 -1.4075 -1.0387
0.783 -1.4557 -0.98792
0.85843 -1.5038 -0.93719
0.93166 -1.5334 -0.90054
1.0047 -1.5611 -0.86527
1.0648 -1.5888 -0.8395
1.1151 -1.6165 -0.82098
1.1601 -1.6384 -0.80632
1.187 -1.6403 -0.80503
1.2139 -1.6422 -0.80374
1.1884 -1.5865 -0.81607
1.1559 -1.5229 -0.83024
1.1057 -1.4578 -0.84078
1.0403 -1.3913 -0.84818
0.97723 -1.3317 -0.85416
0.92366 -1.3003 -0.85416
0.8701 -1.269 -0.85416
0.85225 -1.2707 -0.84141
0.84066 -1.2782 -0.82644
0.84904 -1.2944 -0.79185
0.87681 -1.3193 -0.73822
0.90827 -1.34 -0.68731
0.95855 -1.34 -0.65027
1.0088 -1.34 -0.61323
1.0591 -1.34 -0.53336
1.1094 -1.34 -0.44414
1.1411 -1.34 -0.38753
1.1525 -1.34 -0.3666
1.1623 -1.3377 -0.34544
1.1623 -1.3209 -0.3229
1.1623 -1.304 -0.30035
1.1623 -1.2689 -0.27933
1.1623 -1.2289 -0.25872
1.1623 -1.182 -0.24733
1.1623 -1.1266 -0.24733
1.162 -1.0712 -0.2469
1.1592 -1.0158 -0.24271
1.1563 -0.96043 -0.23852
1.1365 -0.90504 -0.20933
1.1114 -0.84965 -0.17229
1.1061 -0.80523 -0.12057
1.1287 -0.77609 -0.048426
1.1514 -0.74867 0.027112
1.1765 -0.74265 0.14468
1.2017 -0.73663 0.26224
1.2155 -0.76002 0.38864
1.2251 -0.79422 0.51828
1.231 -0.83179 0.64142
1.231 -0.87465 0.75431
1.231 -0.91684 0.86511
1.231 -0.94454 0.93114
1.231 -0.97223 0.99717
1.2331 -0.99047 1.0137
1.2362 -1.0047 1.0092
1.2471 -0.98404 0.99304
1.2723 -0.90095 0.956
1.2971 -0.81786 0.9187
1.2982 -0.73477 0.86394
1.2992 -0.65169 0.80918
1.2729 -0.55388 0.77357
1.2331 -0.44888 0.74732
1.1692 -0.35336 0.73123
1.0559 -0.27726 0.7359
0.94269 -0.20116 0.74057
0.80382 -0.1706 0.7757
0.66455 -0.14074 0.81129
0.55307 -0.13004 0.85618
0.45709 -0.13004 0.90627
0.38422 -0.13004 0.95174
0.36564 -0.13004 0.98636
0.34705 -0.13004 1.021
0.37024 -0.13004 1.0402
0.39538 -0.13004 1.0587
0.43537 -0.11368 1.0445
0.48478 -0.08695 1.0093
0.52362 -0.048054 0.9777
0.53367 0.023955 0.95547
0.54373 0.095964 0.93325
0.4411 0.21076 0.90357
0.32939 0.32901 0.87329
0.1459 0.43633 0.84921
-0.089125 0.53579 0.82956
-0.33824 0.6207 0.81999
-0.63229 0.65924 0.84253
-0.92634 0.69777 0.86508
-1.1859 0.69834 0.93147
-1.4415 0.69449 1.003
-1.6254 0.67747 1.0657
-1.7511 0.64978 1.1212
-1.8614 0.60517 1.173
-1.9137 0.49656 1.2105
-1.9659 0.38794 1.2481
-1.9813 0.27745 1.2722
-1.9909 0.16666 1.2943
-1.9955 0.065191 1.302
-1.9955 -0.02777 1.2967
-1.9912 -0.11422 1.2843
-1.9671 -0.17081 1.2392
-1.9431 -0.22741 1.1941
-1.8905 -0.24536 1.1151
-1.8324 -0.25571 1.0294
-1.7602 -0.24531 0.92715
-1.6736 -0.21352 0.80782
-1.5775 -0.17821 0.68142
-1.4266 -0.12282 0.51473
-1.2758 -0.067425 0.34805
-1.105 -0.033967 0.2107
-0.92946 -0.0057896 0.080418
-0.76321 0.032639 -0.035562
-0.60777 0.082973 -0.13493
-0.45484 0.12744 -0.2306
-0.32038 0.12865 -0.29904
-0.18593 0.12985 -0.36749
-0.086769 0.10862 -0.41894
0.0022104 0.080928 -0.46548
0.067439 0.057089 -0.50275
0.10154 0.038304 -0.52787
0.13224 0.020425 -0.55075
0.12831 0.011755 -0.55075
0.12437 0.0030853 -0.55075
0.10461 -0.040452 -0.55075
0.079469 -0.095843 -0.55075
0.054328 -0.14017 -0.54335
0.029186 -0.16811 -0.52499
0.0040443 -0.1974 -0.50571
-0.021097 -0.24797 -0.47189
-0.046239 -0.29855 -0.43807
-0.059477 -0.35257 -0.40194
-0.068004 -0.40796 -0.3649
-0.073348 -0.45823 -0.33471
-0.073348 -0.4999 -0.31603
-0.073348 -0.54087 -0.29809
-0.073348 -0.55941 -0.30421
-0.073348 -0.57796 -0.31033
-0.070497 -0.58063 -0.32496
-0.066343 -0.57605 -0.34348
-0.054984 -0.56354 -0.362
-0.029842 -0.53585 -0.38052
-0.0047007 -0.50815 -0.39904
