-1.4686 -0.2774 0.12515
-1.5095 -0.2774 0.1752
-1.5364 -0.2774 0.20809
-1.5499 -0.2774 0.22461
-1.5499 -0.2774 0.22461
-1.5499 -0.2774 0.22461
-1.5499 -0.2774 0.22461
-1.5499 -0.2774 0.22461
-1.5499 -0.2774 0.22461
-1.5499 -0.2774 0.22461
-1.5499 -0.2774 0.22461
-1.5499 -0.2774 0.22461
-1.5499 -0.2774 0.22461
-1.5499 -0.2774 0.22461
-1.5499 -0.2774 0.22461
-1.5499 -0.2774 0.22461
-1.5499 -0.2774 0.22461
-1.5499 -0.2774 0.22461
-1.5499 -0.2774 0.22461
-1.5499 -0.2774 0.22461
-1.5499 -0.2774 0.22461
-1.5499 -0.2774 0.22461
-1.5499 -0.2774 0.22461
-1.5499 -0.2774 0.22461
-1.5499 -0.2774 0.24163
-1.5499 -0.2774 0.28281
-1.5682 -0.22098 0.33231
-1.5904 -0.12624 0.38531
-1.6158 0.0083766 0.44169
-1.5349 0.19777 0.54137
-1.453 0.31132 0.60123
-1.3726 0.35277 0.62428
-1.326 0.38001 0.66736
-1.3097 0.42182 0.74283
-1.3235 0.4638 0.84293
-1.4054 0.40049 0.94302
-1.4872 0.36599 1.0203
-1.5668 0.35161 1.0761
-1.6329 0.35161 1.0875
-1.6821 0.35161 1.059
-1.723 0.35161 1.0203
-1.764 0.35161 1.0203
-1.7845 0.38319 1.0203
-1.7906 0.42636 1.0203
-1.7766 0.46803 1.0203
-1.7417 0.47742 1.0203
-1.7008 0.49632 1.0054
-1.6598 0.55922 0.95564
-1.6189 0.58869 0.93234
-1.5779 0.59659 0.92609
-1.537 0.57776 0.94098
-1.4961 0.51989 0.98674
-1.4551 0.48085 1.0176
-1.4142 0.47764 1.0201
-1.3961 0.5128 0.93639
-1.3825 0.55506 0.84193
-1.3721 0.60233 0.74247
-1.3318 0.60322 0.78971
-1.2908 0.60322 0.83976
-1.2499 0.60554 0.88889
-1.2089 0.67605 0.91107
-1.168 0.76313 0.90917
-1.1271 0.85483 0.88157
-1.0861 0.85483 0.78148
-1.0237 0.85483 0.65509
-0.95529 0.85041 0.52144
-0.93637 0.81796 0.44827
-0.96154 0.75819 0.43989
-1.0156 0.67454 0.48816
-1.0975 0.54793 0.6383
-1.1556 0.42133 0.75929
-1.2022 0.30182 0.84953
-1.2431 0.20486 0.87931
-1.2841 0.13366 0.85721
-1.325 0.070359 0.84483
-1.366 0.0070562 0.89488
-1.3811 -0.016317 0.91336
-1.3813 -0.016597 0.9063
-1.3639 0.010246 0.86386
-1.3261 0.06458 0.76474
-1.2851 0.10001 0.62056
-1.2442 0.10001 0.42037
-1.1758 0.10001 0.22018
-1.1001 0.10001 0.045419
-1.0182 0.10001 -0.097756
-0.93887 0.096113 -0.14581
-0.89904 0.031095 -0.11875
-0.89838 -0.093478 -0.018656
-0.87039 -0.13354 0.08144
-0.83529 -0.1516 0.16309
-0.79435 -0.1516 0.22461
-0.75341 -0.1516 0.22461
-0.68818 -0.1516 0.16522
-0.61338 -0.15673 0.074346
-0.58384 -0.1972 0.038236
-0.55802 -0.25256 0.016182
-0.52383 -0.31587 -0.0047185
-0.44195 -0.37917 -0.054766
-0.41444 -0.40043 -0.17129
-0.40525 -0.41187 -0.33074
-0.38089 -0.44953 -0.54044
-0.35164 -0.51839 -0.79012
-0.32949 -0.61074 -1.0633
-0.32949 -0.73735 -1.3636
-0.32949 -0.86395 -1.4096
-0.32197 -0.97894 -1.3557
-0.29943 -1.0707 -1.223
-0.25395 -1.127 -1.0671
-0.19215 -1.158 -0.96893
-0.11027 -1.158 -0.96893
-0.028387 -1.158 -1.0468
0.044444 -1.158 -1.1277
0.1056 -1.158 -1.2024
0.14106 -1.1773 -1.2458
0.1587 -1.2494 -1.2673
0.15776 -1.3753 -1.2667
0.091429 -1.4506 -1.2262
0.026913 -1.5194 -1.1805
-0.034299 -1.5822 -1.132
-0.070576 -1.6383 -1.1047
-0.085394 -1.6612 -1.1824
-0.081714 -1.6612 -1.3236
-0.05036 -1.6612 -1.3971
-0.02384 -1.6783 -1.442
-0.0040295 -1.7102 -1.4662
-0.0040295 -1.7691 -1.4662
-0.0040295 -1.7871 -1.4662
0.0024886 -1.7871 -1.4662
0.032028 -1.7871 -1.4662
0.058667 -1.7871 -1.4941
0.077899 -1.7875 -1.5489
0.079972 -1.7891 -1.6503
0.14574 -1.8399 -1.7906
0.20966 -1.8755 -1.9078
0.23609 -1.853 -1.9563
0.25151 -1.8136 -1.9776
0.2753 -1.7871 -2.0066
0.31624 -1.7871 -2.0567
0.39339 -1.843 -2.0182
0.46376 -1.8714 -1.9693
0.51973 -1.8546 -1.9192
0.56137 -1.8278 -1.8963
0.60231 -1.8439 -1.9091
0.64308 -1.907 -1.9591
0.64567 -1.911 -2.0092
0.6341 -1.9129 -2.0123
0.61016 -1.9129 -1.9719
0.58891 -1.9129 -1.8959
0.60387 -1.9129 -1.8641
0.64481 -1.9068 -1.8689
0.68575 -1.8503 -1.9136
0.72669 -1.8113 -1.9444
0.76763 -1.7851 -1.962
0.80858 -1.7726 -1.9522
0.84952 -1.7254 -1.9148
0.89046 -1.662 -1.8737
0.9314 -1.5987 -1.8661
0.97234 -1.5588 -1.8456
1.01 -1.5329 -1.81
1.0385 -1.5233 -1.7448
1.0122 -1.4713 -1.6126
0.98166 -1.408 -1.4751
0.97362 -1.3447 -1.3652
0.97234 -1.2814 -1.2827
0.97395 -1.2181 -1.2173
0.97836 -1.1548 -1.1727
1.0154 -1.0915 -1.1679
1.0433 -0.98804 -1.152
1.0532 -0.82858 -1.114
1.0537 -0.71412 -1.0646
1.0549 -0.65294 -1.0145
1.0575 -0.64893 -0.9645
1.0983 -0.5859 -0.91445
1.1392 -0.5226 -0.84575
1.1802 -0.45821 -0.75838
1.2211 -0.37167 -0.63991
1.262 -0.26287 -0.50439
1.303 -0.14359 -0.36582
1.3439 -0.080285 -0.31578
1.3849 -0.016983 -0.24476
1.4218 0.04632 -0.16352
1.4363 0.10962 -0.095731
1.4134 0.17292 -0.073772
1.3724 0.23623 -0.054076
1.3315 0.29953 0.043485
1.2905 0.33397 0.14289
1.2525 0.35608 0.23945
1.223 0.37371 0.32561
1.2164 0.42694 0.38363
1.2164 0.49024 0.40526
1.2164 0.55354 0.36218
1.2164 0.58621 0.33752
1.2199 0.6138 0.3199
1.2294 0.64345 0.30818
1.2667 0.75867 0.26263
1.3225 0.86237 0.23069
1.3997 0.93288 0.22499
1.4401 0.99666 0.24977
1.4569 1.06 0.29171
1.4492 1.1233 0.35126
1.4087 1.1866 0.45078
1.3501 1.2226 0.55088
1.2745 1.2322 0.65097
1.1926 1.2322 0.75107
1.1074 1.2219 0.85116
1.0164 1.1938 0.95126
0.89357 1.0672 1.0514
0.79082 1.0027 1.1024
0.70959 0.98865 1.1198
0.6829 1.0455 1.1198
0.70406 1.1404 1.113
0.75623 1.2322 1.0856
0.83812 1.2322 0.98547
0.92 1.3007 0.91245
1.0019 1.3912 0.86296
1.0838 1.4665 0.85346
1.1621 1.4866 0.88761
1.2164 1.5079 0.92085
1.2164 1.5712 0.92085
1.1687 1.5976 0.92085
1.1024 1.6097 0.93967
1.0205 1.6097 0.99383
0.93911 1.6097 1.1313
0.87387 1.6097 1.261
0.83293 1.6097 1.3611
0.79199 1.6097 1.4305
0.75689 1.6187 1.4826
0.7289 1.6387 1.5168
0.72825 1.701 1.5176
0.74816 1.7643 1.542
0.78713 1.8265 1.5887
0.80268 1.8505 1.5767
0.80344 1.8517 1.5587
0.78992 1.8308 1.5417
0.74898 1.7675 1.5917
0.70804 1.7396 1.5858
0.6671 1.7307 1.5461
0.62615 1.6942 1.5249
0.57908 1.6401 1.5026
0.52302 1.5768 1.4657
0.44114 1.5135 1.3656
0.33372 1.4107 1.3279
0.21978 1.2978 1.3249
0.11872 1.2049 1.3516
0.037963 1.1256 1.382
-0.026832 1.0359 1.3903
-0.067774 0.90932 1.3402
-0.080934 0.86862 1.3581
-0.071905 0.85483 1.3808
-0.032 0.85483 1.382
0.039242 0.86244 1.3209
0.10169 0.89249 1.1996
0.14263 0.95579 0.99941
0.15392 0.9274 0.83546
0.15069 0.89125 0.71862
0.13256 0.85599 0.65717
0.096123 0.85483 0.69436
0.077335 0.85483 0.69025
0.077335 0.85483 0.6409
0.077335 0.85483 0.62823
0.086225 0.85483 0.62246
0.10428 0.8546 0.62264
0.14522 0.8514 0.62518
0.18617 0.81236 0.65604
0.22711 0.75992 0.69321
0.26805 0.78556 0.63778
0.30899 0.80653 0.51893
0.34984 0.81076 0.34895
0.39026 0.74746 0.09966
0.37377 0.68415 -0.045264
0.3389 0.62085 -0.13794
0.32491 0.55755 -0.20509
0.31189 0.4795 -0.24773
0.29137 0.38447 -0.2727
0.25043 0.25786 -0.2727
0.20949 0.18015 -0.23404
0.18507 0.128 -0.19537
0.19439 0.10356 -0.17605
0.24003 0.10001 -0.1846
0.30329 0.10001 -0.21188
0.38517 0.10001 -0.26193
0.43301 0.10001 -0.31197
0.46579 0.084432 -0.36202
0.48341 0.048374 -0.41207
0.49284 -0.00034737 -0.46212
0.51732 -0.025797 -0.51217
0.55826 -0.026316 -0.56221
0.59921 -0.081606 -0.61226
0.61712 -0.12339 -0.66231
0.61312 -0.15229 -0.71182
0.57944 -0.1635 -0.75299
0.56552 -0.20529 -0.77001
0.56552 -0.26268 -0.76066
0.56552 -0.27349 -0.67767
0.57809 -0.25796 -0.58375
0.60307 -0.2235 -0.48584
0.65489 -0.16861 -0.39905
0.75571 -0.1516 -0.37216
0.86466 -0.14087 -0.36368
0.92322 -0.091191 -0.3244
0.96871 -0.051913 -0.29334
1.0087 -0.025797 -0.27388
1.046 -0.025797 -0.27832
1.0537 -0.025797 -0.31894
1.044 -0.040762 -0.35716
1.0137 -0.087638 -0.37015
0.96084 -0.1484 -0.35556
0.89528 -0.2117 -0.32464
0.81521 -0.275 -0.2746
0.77023 -0.3383 -0.22455
0.75337 -0.38298 -0.1745
0.76944 -0.40222 -0.12445
0.80909 -0.42411 -0.10745
0.85004 -0.46571 -0.12319
0.89098 -0.52901 -0.17323
