0.52914 -0.039489 0.10286
0.52914 -0.039489 0.10286
0.52914 -0.039489 0.10286
0.52914 -0.039489 0.10286
0.52914 -0.039489 0.10286
0.52914 -0.039489 0.10286
0.52914 -0.039489 0.10286
0.52914 -0.039489 0.10286
0.52914 -0.039489 0.10286
0.52914 -0.039489 0.10286
0.52914 -0.039489 0.10286
0.52914 -0.039489 0.10286
0.52914 -0.039489 0.10286
0.52914 -0.039489 0.10286
0.52914 -0.039489 0.10286
0.52914 -0.039489 0.10286
0.52914 -0.039489 0.10286
0.52914 -0.039489 0.10286
0.52914 -0.039489 0.10286
0.52914 -0.039489 0.10286
0.53869 -0.025785 0.11856
0.55871 0.0029645 0.15148
0.59639 0.057065 0.21344
0.6308 0.10646 0.27001
0.64289 0.12382 0.28989
0.64777 0.13084 0.29792
0.64777 0.13084 0.29792
0.68402 0.13084 0.29792
0.72077 0.13084 0.29792
0.75629 0.13084 0.29792
0.76641 0.13084 0.29792
0.76641 0.13084 0.29792
0.76641 0.13084 0.29792
0.76641 0.13084 0.29792
0.76641 0.13084 0.29792
0.78532 0.15799 0.29792
0.81175 0.19593 0.29792
0.85255 0.25451 0.29792
0.89335 0.33922 0.28296
0.93416 0.44283 0.25718
0.97496 0.55936 0.224
1.0027 0.63899 0.2012
1.0034 0.64116 0.20058
1.0037 0.64181 0.20952
1.0037 0.64181 0.22648
1.0037 0.64181 0.29357
0.99627 0.64181 0.36066
0.97965 0.64181 0.42775
0.94323 0.64181 0.49484
0.90242 0.64181 0.56193
0.86162 0.64181 0.62902
0.82081 0.64181 0.69611
0.78001 0.64181 0.76321
0.77109 0.68759 0.77786
0.76641 0.7386 0.78605
0.76641 0.79448 0.7876
0.76641 0.81213 0.81104
0.76581 0.81213 0.84458
0.75523 0.81213 0.87813
0.73165 0.81213 0.91167
0.69085 0.81213 0.94522
0.63457 0.83435 0.99149
0.5707 0.86746 1.044
0.48909 0.92605 1.1111
0.42284 0.96258 1.1529
0.36919 0.98103 1.174
0.32739 0.98246 1.1757
0.28658 0.98246 1.1757
0.24578 0.98246 1.1757
0.208 0.98681 1.1757
0.17324 0.99548 1.1757
0.17324 1.0541 1.1757
0.16228 1.1048 1.1757
0.13583 1.1444 1.1757
0.065939 1.1528 1.1757
-0.026229 1.1528 1.1786
-0.17358 1.1528 1.1966
-0.35117 1.1528 1.2229
-0.55519 1.1528 1.2564
-0.67596 1.1528 1.2672
-0.77961 1.1528 1.2732
-0.86122 1.1528 1.2732
-0.89152 1.1528 1.2943
-0.89428 1.1525 1.3265
-0.8871 1.1422 1.3541
-0.86651 1.1126 1.3707
-0.82571 1.0541 1.3707
-0.79715 1.0131 1.3707
-0.77583 0.98246 1.3707
-0.77583 0.98246 1.3707
-0.80128 0.96419 1.3707
-0.8504 0.92893 1.3707
-0.92847 0.87289 1.3707
-1.0013 0.82692 1.3635
-1.0497 0.81607 1.3362
-1.0925 0.81213 1.3043
-1.1317 0.81213 1.2695
-1.1317 0.81213 1.2024
-1.1355 0.81213 1.1384
-1.1453 0.81213 1.0794
-1.1786 0.81213 1.0396
-1.2218 0.81213 1.0041
-1.2811 0.81213 0.95536
-1.3516 0.81213 0.89739
-1.4332 0.81213 0.8303
-1.491 0.77794 0.80237
-1.542 0.73402 0.78557
-1.5828 0.67544 0.78557
-1.6013 0.6489 0.78557
-1.6062 0.64185 0.78557
-1.6025 0.64181 0.78248
-1.5851 0.64181 0.76817
-1.5443 0.64181 0.73463
-1.522 0.64181 0.70108
-1.5126 0.64181 0.66754
-1.5534 0.64181 0.63399
-1.6045 0.64181 0.60045
-1.6664 0.64181 0.5669
-1.7453 0.64181 0.53336
-1.82 0.6518 0.48837
-1.8717 0.69465 0.40575
-1.9168 0.74704 0.31221
-1.9576 0.80563 0.21157
-1.923 0.75584 0.11094
-1.8851 0.70148 0.014023
-1.8443 0.64289 -0.076052
-1.8035 0.58431 -0.12512
-1.7612 0.52573 -0.15867
-1.7053 0.46715 -0.19221
-1.6373 0.40856 -0.22576
-1.5556 0.34998 -0.2593
-1.5142 0.2914 -0.25979
-1.4876 0.23281 -0.24812
-1.4876 0.17423 -0.21457
-1.4684 0.11565 -0.18103
-1.436 0.057065 -0.14748
-1.3958 -0.00099554 -0.11424
-1.369 -0.039489 -0.092197
-1.369 -0.039489 -0.092197
-1.369 -0.039489 -0.097488
-1.369 -0.039489 -0.10711
-1.369 -0.039489 -0.14065
-1.369 -0.027864 -0.18751
-1.369 -0.0023699 -0.25025
-1.369 0.050555 -0.34441
-1.3743 0.10914 -0.44944
-1.4008 0.16772 -0.57181
-1.4355 0.2263 -0.70098
-1.4763 0.28489 -0.83516
-1.4505 0.2478 -0.96934
-1.4174 0.20027 -1.1019
-1.3766 0.14168 -1.2311
-1.3358 0.083101 -1.3172
-1.2965 0.024519 -1.383
-1.2792 -0.034064 -1.4308
-1.2874 -0.092647 -1.4576
-1.3282 -0.15123 -1.4576
-1.3358 -0.20981 -1.4576
-1.3282 -0.2684 -1.4576
-1.2874 -0.32698 -1.4576
-1.2629 -0.40894 -1.4442
-1.2512 -0.50929 -1.4203
-1.2504 -0.62532 -1.3874
-1.2504 -0.70932 -1.3634
-1.2504 -0.718 -1.3609
-1.2427 -0.72631 -1.3601
-1.2277 -0.73706 -1.3601
-1.1461 -0.79564 -1.3601
-1.0645 -0.85423 -1.3601
-0.98288 -0.91281 -1.3601
-0.90127 -0.97139 -1.3601
-0.81966 -1.0243 -1.3666
-0.73805 -1.0498 -1.4045
-0.65644 -1.0614 -1.4582
-0.57484 -1.0614 -1.5253
-0.52233 -1.0614 -1.5685
-0.47509 -1.0614 -1.6073
-0.43429 -1.0614 -1.6409
-0.4203 -1.0999 -1.6744
-0.42023 -1.1576 -1.708
-0.42855 -1.2042 -1.7415
-0.45016 -1.2318 -1.775
-0.49096 -1.2318 -1.8086
-0.50516 -1.2318 -1.8312
-0.50456 -1.2318 -1.8477
-0.46376 -1.2318 -1.8477
-0.40938 -1.2513 -1.8254
-0.34288 -1.2881 -1.7832
-0.26276 -1.3446 -1.7185
-0.18115 -1.4032 -1.6514
-0.099545 -1.4618 -1.5843
-0.016468 -1.5182 -1.5172
0.068205 -1.5724 -1.4502
0.19062 -1.5724 -1.3831
0.3044 -1.5786 -1.3195
0.4049 -1.5943 -1.2614
0.45962 -1.6429 -1.2222
0.49768 -1.6976 -1.1931
0.51884 -1.7279 -1.1919
0.52914 -1.7427 -1.2085
0.52914 -1.7427 -1.2421
0.50403 -1.7067 -1.2756
0.47247 -1.6614 -1.3091
0.43166 -1.6028 -1.3427
0.41426 -1.5778 -1.3955
0.41048 -1.5724 -1.4595
0.40557 -1.5653 -1.5225
0.38708 -1.5388 -1.5744
0.34628 -1.4802 -1.6079
0.31569 -1.4216 -1.6499
0.29187 -1.363 -1.6974
0.29187 -1.3044 -1.7645
0.31405 -1.2618 -1.8042
0.35863 -1.2352 -1.8163
0.43544 -1.2318 -1.7887
0.5246 -1.2426 -1.7366
0.63718 -1.2871 -1.6266
0.75583 -1.3402 -1.5017
0.87824 -1.3988 -1.3675
1.0007 -1.3447 -1.2011
1.1203 -1.3039 -1.0339
1.2352 -1.2887 -0.86622
1.3256 -1.414 -0.69849
1.4054 -1.5847 -0.53658
1.4708 -1.7138 -0.42228
1.5243 -1.8089 -0.34689
1.5651 -1.8675 -0.31335
1.5633 -1.8955 -0.31485
1.547 -1.9131 -0.32826
1.5062 -1.9131 -0.3618
1.4654 -1.855 -0.44519
1.4246 -1.7585 -0.56167
1.3823 -1.644 -0.69418
1.3263 -1.5485 -0.8159
1.2447 -1.49 -0.91654
1.1631 -1.4208 -1.0172
1.0815 -1.3435 -1.1178
0.9999 -1.2263 -1.2184
0.93591 -1.1345 -1.2901
0.89208 -1.0715 -1.3286
0.88504 -1.0614 -1.3067
0.8909 -1.0614 -1.2587
0.91848 -1.0614 -1.1571
0.95381 -1.0614 -1.0364
0.99461 -1.0614 -0.90225
1.0354 -1.0614 -0.71091
1.0762 -1.0634 -0.51462
1.117 -1.0694 -0.31335
1.1578 -1.1124 -0.11208
1.1986 -1.1681 0.086733
1.2394 -1.1898 0.25632
1.2802 -1.1753 0.39483
1.321 -1.1168 0.49546
1.3441 -1.0582 0.58151
1.3596 -0.9996 0.66133
1.3596 -0.94102 0.72842
1.3424 -0.83297 0.73886
1.3121 -0.6876 0.70656
1.2719 -0.51358 0.64145
1.2434 -0.35549 0.57436
1.2415 -0.23561 0.50727
1.2363 -0.12433 0.44018
1.2273 -0.019961 0.37309
1.1865 0.038622 0.306
1.139 0.087525 0.24999
1.0827 0.12387 0.20837
1.0059 0.13084 0.20039
0.92434 0.13084 0.204
0.84273 0.13084 0.22387
0.76112 0.13084 0.25133
0.67951 0.13084 0.28488
0.65887 0.13084 0.34348
0.648 0.13084 0.4062
0.64876 0.13084 0.47391
0.67649 0.13084 0.5638
0.71817 0.13084 0.66443
0.77787 0.13084 0.76507
0.86388 0.13084 0.8657
0.9863 0.13084 0.96634
1.0368 0.13084 1.067
1.0498 0.13084 1.1676
0.96816 0.13084 1.2682
0.91546 0.17234 1.3332
0.88751 0.24937 1.3677
0.88504 0.363 1.3707
0.87492 0.48016 1.3541
0.83941 0.59733 1.2957
0.80265 0.7145 1.2298
0.76641 0.83166 1.1589
0.76641 0.94883 1.0583
0.75664 1.059 0.95764
0.73246 1.1588 0.85701
0.66364 1.2266 0.75637
0.57891 1.2851 0.6583
0.47652 1.3437 0.57475
0.36366 1.4023 0.49981
0.24124 1.4609 0.43272
0.14525 1.4815 0.40907
0.05536 1.4934 0.39545
-0.026248 1.4934 0.39545
-0.10786 1.5286 0.43576
-0.18937 1.5836 0.49865
-0.26493 1.6509 0.57071
-0.32699 1.7375 0.65387
-0.36779 1.8547 0.75451
-0.4086 1.9557 0.85514
-0.4494 2.0467 0.95578
-0.49021 2.1053 1.0564
-0.5429 2.1297 1.1571
-0.60713 2.1211 1.2577
-0.68667 2.0684 1.3583
-0.76828 2.0215 1.4523
-0.84989 2.0091 1.5265
-0.93149 2.0044 1.5962
-1.0131 2.0044 1.6633
