1.0972 -0.21011 0.41773
1.0972 -0.21011 0.41773
1.0972 -0.21011 0.41773
1.0972 -0.21011 0.41773
1.0972 -0.21011 0.41773
1.0972 -0.21011 0.41773
1.0972 -0.21011 0.41773
1.0972 -0.21011 0.41773
1.0972 -0.21011 0.41773
1.0972 -0.21011 0.41773
1.0972 -0.21011 0.41773
1.0972 -0.21011 0.41773
1.0972 -0.21011 0.41773
1.0972 -0.21011 0.41773
1.0972 -0.21011 0.41773
1.0972 -0.21011 0.41773
1.0972 -0.21011 0.41773
1.0972 -0.21011 0.41773
1.0972 -0.21011 0.41773
1.0972 -0.21011 0.41773
1.0972 -0.21011 0.41773
1.0972 -0.21011 0.41773
1.0972 -0.21011 0.41773
1.0972 -0.21011 0.41773
1.0972 -0.21011 0.41773
1.0972 -0.21011 0.41773
1.0972 -0.21011 0.41773
1.0972 -0.21011 0.41773
1.1144 -0.21011 0.44185
1.1339 -0.21011 0.46921
1.1542 -0.17961 0.5086
1.1744 -0.10328 0.56439
1.1943 -0.023871 0.62217
1.1977 0.023062 0.70302
1.1977 0.061017 0.78789
1.1977 0.087919 0.86883
1.1977 0.087919 0.9402
1.1941 0.087919 1.0091
1.1791 0.087919 1.0699
1.1588 0.087919 1.1256
1.1385 0.087919 1.1778
1.1182 0.087919 1.2207
1.0922 0.09907 1.2675
1.0579 0.12683 1.3201
1.0172 0.16701 1.3772
0.97661 0.20719 1.4344
0.93597 0.24737 1.4915
0.88857 0.30095 1.5533
0.83391 0.36886 1.6203
0.77181 0.44468 1.6884
0.69918 0.47885 1.727
0.61954 0.48529 1.7458
0.53131 0.47151 1.7356
0.43509 0.44195 1.6974
0.3335 0.40177 1.6403
0.23192 0.38956 1.5931
0.13033 0.38595 1.549
0.028747 0.37366 1.5105
-0.072838 0.34039 1.4795
-0.17442 0.30021 1.451
-0.27601 0.28875 1.453
-0.37759 0.2866 1.465
-0.47466 0.30447 1.4793
-0.55657 0.3823 1.4936
-0.63878 0.46072 1.5066
-0.7337 0.51408 1.5017
-0.83434 0.55799 1.4861
-0.93191 0.61405 1.4662
-1.0132 0.73459 1.4233
-1.0911 0.84205 1.3782
-1.16 0.91366 1.3267
-1.2184 0.95384 1.2678
-1.2679 0.99402 1.2026
-1.2901 1.0342 1.1183
-1.3104 1.065 1.0326
-1.3307 1.0813 0.94695
-1.3504 1.08 0.86083
-1.3617 1.0623 0.76888
-1.3642 1.0269 0.67065
-1.3694 0.99719 0.57814
-1.3821 0.982 0.49597
-1.4024 0.982 0.42459
-1.4227 0.95973 0.34529
-1.443 0.92537 0.26171
-1.4585 0.8756 0.17946
-1.4646 0.80736 0.10377
-1.4646 0.727 0.032392
-1.4766 0.67029 -0.030585
-1.4944 0.62513 -0.089459
-1.5112 0.57808 -0.14656
-1.5146 0.50436 -0.20367
-1.5149 0.42454 -0.26077
-1.5032 0.34418 -0.30964
-1.484 0.26382 -0.35328
-1.4625 0.18575 -0.3953
-1.422 0.14526 -0.42396
-1.3837 0.10062 -0.45332
-1.3642 0.018632 -0.4893
-1.3642 -0.10191 -0.5317
-1.3642 -0.22245 -0.5724
-1.3642 -0.34299 -0.60204
-1.3671 -0.46353 -0.63263
-1.377 -0.58407 -0.66814
-1.3973 -0.704 -0.71054
-1.4176 -0.8122 -0.7446
-1.4379 -0.89918 -0.76357
-1.4545 -0.97954 -0.77785
-1.4646 -1.0599 -0.79213
-1.4646 -1.1403 -0.8064
-1.4646 -1.2038 -0.80872
-1.4646 -1.2523 -0.80033
-1.461 -1.2924 -0.7886
-1.4496 -1.3326 -0.78235
-1.4293 -1.3728 -0.78235
-1.3994 -1.3941 -0.77565
-1.3629 -1.4022 -0.76425
-1.3223 -1.3971 -0.75358
-1.2816 -1.369 -0.75931
-1.241 -1.3301 -0.77268
-1.1907 -1.2899 -0.78696
-1.1328 -1.2497 -0.80123
-1.0719 -1.2095 -0.81551
-1.0109 -1.1694 -0.82978
-0.94999 -1.1292 -0.84406
-0.89778 -1.1236 -0.86448
-0.85614 -1.1596 -0.89228
-0.81582 -1.1997 -0.92083
-0.79321 -1.2399 -0.94939
-0.77404 -1.2801 -0.97875
-0.76138 -1.3203 -1.0127
-0.76146 -1.3605 -1.0554
-0.76498 -1.4006 -1.0933
-0.78089 -1.4408 -1.1137
-0.7989 -1.481 -1.1264
-0.81161 -1.5212 -1.1353
-0.81161 -1.5614 -1.1353
-0.80572 -1.6015 -1.1353
-0.79097 -1.6417 -1.1353
-0.76813 -1.6769 -1.1371
-0.7393 -1.7002 -1.1431
-0.69867 -1.7002 -1.1573
-0.66527 -1.7146 -1.1716
-0.63916 -1.7433 -1.1859
-0.61884 -1.7764 -1.2014
-0.59852 -1.771 -1.2238
-0.5782 -1.7354 -1.2515
-0.55789 -1.7103 -1.2747
-0.53757 -1.7002 -1.2926
-0.51713 -1.7002 -1.3068
-0.4821 -1.7002 -1.3107
-0.44302 -1.7002 -1.3118
-0.41657 -1.7002 -1.3118
-0.40975 -1.7002 -1.3118
-0.40975 -1.7002 -1.3118
-0.40975 -1.7307 -1.3226
-0.40975 -1.7689 -1.3362
-0.42095 -1.8091 -1.3465
-0.45998 -1.8493 -1.3471
-0.49982 -1.8879 -1.3477
-0.52573 -1.8989 -1.358
-0.54298 -1.8969 -1.3723
-0.54861 -1.8872 -1.3865
-0.50797 -1.847 -1.4008
-0.47075 -1.8069 -1.4151
-0.44334 -1.7667 -1.4294
-0.41991 -1.7203 -1.4436
-0.38839 -1.658 -1.4579
-0.32768 -1.5379 -1.4722
-0.26673 -1.4274 -1.49
-0.20578 -1.332 -1.5132
-0.14483 -1.2562 -1.541
-0.083877 -1.2106 -1.5633
-0.022926 -1.2035 -1.5789
0.032229 -1.1921 -1.585
0.080099 -1.1662 -1.5809
0.12073 -1.126 -1.5666
0.14957 -1.0625 -1.5606
0.17241 -0.98713 -1.5589
0.1983 -0.91779 -1.555
0.23304 -0.86596 -1.5448
0.27367 -0.82578 -1.5305
0.28889 -0.7856 -1.5252
0.29351 -0.74542 -1.5236
0.29351 -0.70524 -1.5205
0.29351 -0.66506 -1.5087
0.29351 -0.62488 -1.4945
0.30617 -0.55965 -1.4802
0.32534 -0.48156 -1.4659
0.35025 -0.4012 -1.45
0.41056 -0.32084 -1.4217
0.4714 -0.24048 -1.3939
0.53235 -0.16012 -1.3735
0.59404 -0.079761 -1.3592
0.65787 0.00059873 -1.345
0.73856 0.080959 -1.3307
0.81678 0.15529 -1.3121
0.88734 0.21447 -1.2828
0.94764 0.25593 -1.2404
1.0025 0.30813 -1.2019
1.0457 0.38342 -1.1715
1.0945 0.45568 -1.143
1.1567 0.51471 -1.1144
1.238 0.55489 -1.0859
1.3104 0.59507 -1.0698
1.3749 0.63525 -1.0647
1.4317 0.67543 -1.0588
1.4809 0.71561 -1.0422
1.5215 0.75579 -1.0137
1.5317 0.816 -0.97802
1.5226 0.88899 -0.93781
1.5023 0.96273 -0.89263
1.482 1.0152 -0.83991
1.4617 1.056 -0.78302
1.4517 1.0962 -0.7186
1.4489 1.1364 -0.64925
1.452 1.1797 -0.57788
1.4865 1.254 -0.5065
1.526 1.3332 -0.43512
1.5666 1.4135 -0.36374
1.6072 1.4938 -0.29238
1.6479 1.5739 -0.22112
1.6885 1.6163 -0.1632
1.728 1.6542 -0.10772
1.76 1.6774 -0.062706
1.7798 1.6774 -0.033961
1.7934 1.6774 -0.0030483
1.78 1.6774 0.037338
1.7597 1.6724 0.080165
1.7394 1.6559 0.12299
1.7191 1.6157 0.16582
1.6865 1.5755 0.21296
1.6352 1.5353 0.26665
1.5713 1.4952 0.32376
1.5013 1.455 0.38086
1.4201 1.4148 0.43796
1.3465 1.3746 0.48967
1.2802 1.3344 0.53621
1.2217 1.2943 0.57904
1.1721 1.2541 0.62186
1.1308 1.2139 0.66469
1.0902 1.2065 0.69588
1.0496 1.2278 0.71685
1.0089 1.2642 0.7318
0.96829 1.2468 0.7563
0.92765 1.2117 0.78396
0.87113 1.1715 0.81809
0.79647 1.1313 0.8586
0.71521 1.0912 0.90142
0.63394 1.0187 0.9328
0.55267 0.94024 0.96201
0.47807 0.85988 0.9812
0.41621 0.77959 0.98244
0.35526 0.7005 0.982
0.29431 0.65139 0.97089
0.23336 0.61335 0.95586
0.17241 0.58463 0.93751
0.11145 0.58463 0.90896
0.05749 0.59154 0.87549
0.024747 0.61943 0.82712
0.00077432 0.656 0.77516
-0.031884 0.68397 0.7354
-0.092836 0.68397 0.7354
-0.16452 0.68397 0.75048
-0.25217 0.68397 0.788
-0.3505 0.68397 0.84396
-0.43481 0.68397 0.895
-0.49806 0.68397 0.93863
-0.54012 0.70887 0.98146
-0.56045 0.76244 1.0243
-0.55948 0.8428 1.0664
-0.5358 0.92315 1.0926
-0.49934 1.0035 1.1098
-0.47126 1.0715 1.1153
-0.45998 1.1228 1.1089
-0.45998 1.163 1.0947
-0.45998 1.2297 1.0898
-0.45998 1.306 1.0884
-0.4653 1.3653 1.0884
-0.48206 1.3794 1.0884
-0.50238 1.3794 1.0884
-0.5363 1.3256 1.0884
-0.5758 1.2497 1.0884
-0.60961 1.1693 1.0908
-0.61057 1.0889 1.1047
-0.60969 1.0105 1.1182
-0.59708 0.95511 1.1237
-0.57676 0.91325 1.1219
-0.55645 0.86684 1.1152
-0.53613 0.78648 1.0724
-0.51581 0.71242 1.0273
-0.4955 0.65487 0.9764
-0.47906 0.61085 0.91998
-0.48242 0.54726 0.86703
-0.53629 0.43372 0.82296
-0.5928 0.31318 0.78013
-0.64235 0.19264 0.73731
-0.68299 0.072396 0.69458
-0.72362 -0.030111 0.65816
-0.76426 -0.11646 0.62748
-0.79066 -0.18744 0.59226
-0.79465 -0.24364 0.54655
-0.77434 -0.28382 0.48945
-0.76472 -0.30284 0.42482
-0.76138 -0.30945 0.35579
-0.76138 -0.31757 0.28441
-0.76138 -0.3452 0.21303
-0.76138 -0.38538 0.14165
-0.76138 -0.42556 0.086003
-0.76138 -0.46574 0.039361
-0.76138 -0.50592 -0.001692
-0.76138 -0.5461 -0.032492
-0.76138 -0.58628 -0.061357
-0.77212 -0.62646 -0.074817
-0.79129 -0.66664 -0.07642
-0.81161 -0.70682 -0.07642
