1.1269 0.36419 0.6743
1.1269 0.36419 0.6743
1.1269 0.36419 0.6743
1.1269 0.36419 0.6743
1.1269 0.36419 0.6743
1.1269 0.36419 0.6743
1.1269 0.36419 0.6743
1.1269 0.36419 0.6743
1.1269 0.36419 0.6743
1.1269 0.36419 0.6743
1.1269 0.36419 0.6743
1.1269 0.36419 0.6743
1.1269 0.36419 0.6743
1.1269 0.36419 0.6743
1.1269 0.36419 0.6743
1.1269 0.36419 0.6743
1.1269 0.36419 0.6743
1.1269 0.36419 0.6743
1.1269 0.36419 0.6743
1.1269 0.36419 0.75409
1.1259 0.36419 0.84777
1.0977 0.36419 0.93546
1.0717 0.36419 1.0112
1.0538 0.36419 1.0445
1.0432 0.36419 1.0643
1.0432 0.36419 1.0643
1.0432 0.36419 1.0643
1.0432 0.36419 1.0643
1.0432 0.37268 1.0643
1.0432 0.38363 1.0643
1.0417 0.44352 1.0643
1.0344 0.49651 1.0643
0.99364 0.49651 1.0643
0.96507 0.47721 1.0529
0.96134 0.41864 1.0184
0.9269 0.35702 0.99729
0.86347 0.29255 0.98885
0.78737 0.25725 1.0035
0.70582 0.2345 1.0281
0.62428 0.17298 1.0819
0.54273 0.10207 1.1388
0.46118 -0.02688 1.1855
0.37699 -0.15583 1.2178
0.28505 -0.28478 1.2082
0.18421 -0.4067 1.186
0.072012 -0.51964 1.148
0.0044034 -0.56207 1.11
-0.036371 -0.56207 1.072
-0.077145 -0.56207 1.034
-0.11792 -0.56207 0.99599
-0.15869 -0.56207 0.95799
-0.19412 -0.56207 0.92497
-0.20505 -0.56207 0.91478
-0.22092 -0.56207 0.91663
-0.24544 -0.56207 0.93948
-0.28942 -0.59539 0.97066
-0.34938 -0.65608 1.0087
-0.41502 -0.7347 1.0372
-0.48271 -0.81983 1.0623
-0.52566 -0.81432 1.0643
-0.5661 -0.79553 1.0637
-0.60368 -0.73106 1.0577
-0.63039 -0.66658 1.0315
-0.63039 -0.60211 0.9555
-0.63039 -0.56659 0.89656
-0.63039 -0.56322 0.85657
-0.6743 -0.56207 0.83834
-0.74092 -0.56207 0.83139
-0.82014 -0.59941 0.80829
-0.90169 -0.64528 0.78247
-0.98324 -0.74558 0.76558
-1.0648 -0.84028 0.74885
-1.1463 -0.91445 0.7327
-1.2183 -0.95904 0.69892
-1.2759 -0.95904 0.63855
-1.3037 -0.95904 0.55412
-1.3104 -0.95904 0.45252
-1.3422 -0.95904 0.3998
-1.3817 -0.95904 0.3618
-1.3835 -0.95904 0.32379
-1.3886 -0.95904 0.28578
-1.4254 -0.95904 0.24778
-1.4533 -0.95904 0.20977
-1.4626 -0.95904 0.17176
-1.4672 -0.95904 0.13376
-1.4672 -0.95904 0.095748
-1.4816 -0.95904 0.044301
-1.5024 -0.95904 -0.013082
-1.5272 -1.0235 -0.074176
-1.5509 -1.0993 -0.13368
-1.5509 -1.2127 -0.16225
-1.5485 -1.2696 -0.18594
-1.5389 -1.1558 -0.19488
-1.4981 -1.0914 -0.2329
-1.4166 -1.0914 -0.30892
-1.3848 -1.052 -0.36173
-1.3837 -0.98837 -0.40023
-1.3555 -0.96842 -0.43834
-1.3206 -0.95915 -0.47635
-1.2798 -0.95904 -0.51435
-1.2391 -0.95904 -0.55236
-1.1983 -0.95904 -0.59037
-1.1643 -0.96976 -0.62837
-1.1425 -0.99968 -0.66638
-1.1251 -1.0367 -0.70439
-1.1115 -1.0797 -0.7424
-1.0781 -1.0914 -0.77479
-1.0373 -1.0914 -0.8051
-0.99656 -1.0956 -0.81022
-0.95579 -1.1061 -0.81642
-0.91501 -1.1706 -0.85443
-0.88511 -1.2351 -0.89244
-0.88271 -1.2995 -0.93044
-0.86596 -1.3395 -0.96845
-0.83292 -1.3518 -1.0065
-0.79482 -1.356 -1.0613
-0.75405 -1.356 -1.1252
-0.71327 -1.3263 -1.1642
-0.6725 -1.2915 -1.1981
-0.63173 -1.281 -1.214
-0.59339 -1.2822 -1.2322
-0.56434 -1.3281 -1.2593
-0.5442 -1.356 -1.2757
-0.5378 -1.356 -1.2757
-0.51154 -1.355 -1.2769
-0.47076 -1.3533 -1.2789
-0.42999 -1.3038 -1.3373
-0.38921 -1.2393 -1.4134
-0.31383 -1.1748 -1.4248
-0.23598 -1.1103 -1.4356
-0.15443 -1.0458 -1.4647
-0.081099 -0.99437 -1.4966
-0.025401 -0.97077 -1.5346
0.022792 -0.95904 -1.563
0.063566 -0.95904 -1.5818
0.11479 -0.94252 -1.5975
0.17075 -0.9185 -1.6116
0.24044 -0.88638 -1.6386
0.31034 -0.85792 -1.6657
0.35112 -0.90806 -1.6657
0.39189 -0.93038 -1.6657
0.43266 -0.86591 -1.6657
0.47344 -0.85551 -1.6657
0.51421 -0.91746 -1.6657
0.55499 -0.94739 -1.6657
0.59576 -0.95708 -1.6657
0.58977 -0.99602 -1.6657
0.57191 -1.0424 -1.6657
0.5551 -1.1065 -1.6657
0.54113 -1.1661 -1.6657
0.54113 -1.201 -1.6657
0.54583 -1.2163 -1.6657
0.55915 -1.1952 -1.6657
0.58723 -1.1576 -1.6657
0.62801 -1.1057 -1.6657
0.66878 -1.0914 -1.6639
0.70956 -1.0914 -1.6615
0.75033 -1.0914 -1.6267
0.7911 -1.0858 -1.592
0.83188 -1.0255 -1.5895
0.87265 -0.97848 -1.5793
0.91343 -0.96584 -1.5487
0.9542 -0.93897 -1.5265
0.99497 -0.89556 -1.5141
1.0357 -0.8838 -1.4964
1.0765 -0.88928 -1.4758
1.1033 -0.89967 -1.4407
1.1271 -0.91005 -1.4029
1.1385 -0.86369 -1.3755
1.1547 -0.82672 -1.3514
1.1893 -0.82672 -1.34
1.2106 -0.82623 -1.3038
1.2106 -0.82496 -1.2286
1.2106 -0.78753 -1.1746
1.2106 -0.72305 -1.1366
1.238 -0.65857 -1.0986
1.2743 -0.5941 -1.0606
1.3148 -0.52962 -0.99545
1.3555 -0.46515 -0.93049
1.3963 -0.40067 -0.87833
1.4434 -0.3362 -0.83058
1.5044 -0.27172 -0.79257
1.5683 -0.20724 -0.75457
1.6349 -0.14277 -0.71656
1.6839 -0.08864 -0.68465
1.7246 -0.039335 -0.65559
1.7617 -0.026934 -0.64828
1.7963 -0.017188 -0.64253
1.7963 0.047288 -0.60453
1.7963 0.11176 -0.57529
1.7963 0.17624 -0.5743
1.7963 0.24072 -0.57372
1.7963 0.30519 -0.57372
1.7963 0.34179 -0.55729
1.7963 0.36033 -0.53021
1.7963 0.36419 -0.51199
1.7963 0.36419 -0.49609
1.7784 0.36419 -0.47898
1.7564 0.36085 -0.45846
1.7156 0.3402 -0.42045
1.6775 0.30859 -0.38494
1.6444 0.25633 -0.35414
1.6277 0.23187 -0.33853
1.6253 0.23187 -0.33629
1.5954 0.23187 -0.30842
1.5546 0.23187 -0.27041
1.4797 0.17791 -0.2324
1.4008 0.12212 -0.19177
1.3193 0.10906 -0.12346
1.2378 0.11122 -0.046167
1.1562 0.1542 0.055185
1.0747 0.22278 0.16232
0.99311 0.32181 0.27634
0.91156 0.45681 0.39037
0.83001 0.61189 0.50439
0.75772 0.79866 0.61841
0.68777 0.99209 0.7323
0.65286 1.1855 0.83539
0.62481 1.3789 0.92579
0.62481 1.5724 0.9643
0.62481 1.7658 1.0171
0.62481 1.9592 1.0931
0.60443 2.1527 1.1501
0.56845 2.3461 1.1926
0.52887 2.5031 1.2532
0.4881 2.6481 1.3198
0.39991 2.703 1.3731
0.30475 2.7422 1.4238
0.18242 2.7106 1.4618
0.055611 2.6689 1.504
-0.081369 2.6044 1.5556
-0.22201 2.5327 1.6193
-0.36646 2.4535 1.6953
-0.46566 2.3449 1.7662
-0.54321 2.2222 1.8348
-0.58909 2.1497 1.8443
-0.62621 2.0852 1.8443
-0.5881 2.0208 1.8443
-0.56515 1.9563 1.837
-0.5926 1.8918 1.8052
-0.61362 1.8273 1.7596
-0.62561 1.7628 1.6948
-0.63039 1.6984 1.6364
-0.63039 1.6339 1.5822
-0.64464 1.5919 1.5408
-0.66276 1.5561 1.5028
-0.70288 1.5355 1.4647
-0.74249 1.5102 1.4267
-0.7758 1.4575 1.3887
-0.79848 1.4228 1.3494
-0.80061 1.4228 1.3074
-0.82307 1.4228 1.2275
-0.86384 1.4228 1.1135
-0.90462 1.3383 1.0244
-0.94539 1.2194 0.94538
-0.98617 1.1829 0.89599
-1.0248 1.1547 0.8527
-1.0386 1.1121 0.83979
-1.0431 1.0728 0.8196
-1.0215 1.0425 0.77936
-0.99123 1.0258 0.71616
-0.95046 1.0258 0.62499
-0.91663 1.0368 0.53224
-0.88678 1.0541 0.43859
-0.88143 1.0956 0.38633
-0.88144 1.1417 0.34292
-0.8817 1.0772 0.26715
-0.8897 1.0127 0.19859
-0.93047 0.94826 0.16058
-0.97124 0.86257 0.13508
-1.012 0.74163 0.13036
-1.0528 0.67006 0.11241
-1.0936 0.63719 0.084093
-1.1157 0.62883 0.031138
-1.1314 0.62883 -0.03022
-1.1508 0.59981 -0.08811
-1.1697 0.57004 -0.14347
-1.1816 0.55108 -0.18148
-1.1751 0.54858 -0.21695
-1.1252 0.5844 -0.24651
-1.0618 0.57439 -0.26172
-0.98398 0.51581 -0.26172
-0.931 0.49651 -0.26172
-0.89023 0.49651 -0.26172
-0.84945 0.54951 -0.26172
-0.80731 0.60939 -0.26299
-0.73269 0.62035 -0.29454
-0.66937 0.62883 -0.32755
-0.64485 0.62883 -0.36555
-0.64942 0.59874 -0.38582
-0.69579 0.52542 -0.3806
-0.74185 0.45259 -0.36577
-0.78769 0.38011 -0.34441
-0.80753 0.34873 -0.33972
-0.82005 0.32893 -0.33972
-0.8529 0.27698 -0.33972
-0.88143 0.23142 -0.33998
-0.88143 0.22847 -0.34172
-0.88143 0.2049 -0.35562
-0.88143 0.14042 -0.39362
-0.86202 0.10664 -0.41354
-0.82471 0.10116 -0.41677
-0.78496 0.099543 -0.41772
-0.74419 0.099543 -0.41772
-0.67969 0.13706 -0.41772
-0.61441 0.17581 -0.41623
-0.5755 0.17286 -0.39635
-0.54255 0.16048 -0.37176
-0.52656 0.12129 -0.33376
-0.50903 0.099543 -0.30459
-0.48958 0.099543 -0.28646
-0.50471 0.099543 -0.29744
-0.54016 0.099543 -0.32551
-0.54671 0.099543 -0.29972
-0.54671 0.099543 -0.26172
