0.83773 0.8779 0.2999
0.83773 0.8779 0.2999
0.83773 0.8779 0.2999
0.83773 0.8779 0.2999
0.83773 0.8779 0.2999
0.83773 0.8779 0.2999
0.83773 0.8779 0.2999
0.83773 0.8779 0.2999
0.83773 0.8779 0.2999
0.83773 0.8779 0.2999
0.83773 0.8779 0.2999
0.83773 0.8779 0.2999
0.83773 0.8779 0.2999
0.83773 0.8779 0.2999
0.83773 0.8779 0.2999
0.83773 0.8779 0.2999
0.83773 0.8779 0.2999
0.83773 0.8779 0.2999
0.83773 0.8779 0.2999
0.83773 0.8779 0.2999
0.83773 0.8779 0.2999
0.85934 0.8779 0.31765
0.88191 0.8779 0.33619
0.8965 0.8779 0.34818
0.90815 0.8779 0.35775
0.91394 0.8779 0.36521
0.91394 0.8779 0.37059
0.91394 0.8779 0.38044
0.91394 0.8779 0.40197
0.91394 0.8779 0.42249
0.91394 0.8779 0.42369
0.91394 0.8779 0.42489
0.91394 0.8779 0.4251
0.91394 0.8779 0.4251
0.90353 0.8779 0.42937
0.88605 0.8779 0.43655
0.85569 0.87723 0.44902
0.80327 0.8754 0.47055
0.75085 0.8645 0.49208
0.69843 0.79871 0.51361
0.64601 0.73293 0.53514
0.62822 0.71061 0.55668
0.61366 0.69233 0.57821
0.6016 0.66777 0.59357
0.59068 0.64036 0.60613
0.57406 0.59526 0.61289
0.55076 0.52948 0.61289
0.53291 0.46369 0.61289
0.53291 0.3979 0.61289
0.53261 0.33212 0.61302
0.49039 0.26633 0.63036
0.44816 0.20055 0.64771
0.39798 0.16042 0.67672
0.34556 0.12753 0.70901
0.29595 0.11283 0.74495
0.24863 0.11283 0.78382
0.20819 0.11283 0.81704
0.18198 0.11283 0.83857
0.15346 0.11283 0.862
0.10395 0.11283 0.90267
0.054443 0.11283 0.94334
0.0023935 0.11283 0.96418
-0.050027 0.11283 0.98213
-0.11185 0.10104 0.99235
-0.17883 0.082762 0.99833
-0.26165 0.044607 1.0108
-0.36649 -0.021179 1.0323
-0.47134 -0.086965 1.0539
-0.57618 -0.15275 1.0754
-0.68102 -0.21854 1.0969
-0.78586 -0.28432 1.0908
-0.8907 -0.35011 1.0836
-0.98856 -0.4159 1.0658
-1.0839 -0.48168 1.0443
-1.1708 -0.54747 1.0222
-1.2494 -0.61325 0.99944
-1.328 -0.67904 0.97095
-1.4067 -0.74483 0.92788
-1.4842 -0.81061 0.88574
-1.5432 -0.8764 0.85882
-1.6021 -0.94219 0.83191
-1.6557 -1.008 0.80152
-1.7081 -1.0738 0.77042
-1.7561 -1.134 0.73211
-1.8013 -1.1907 0.68905
-1.8294 -1.226 0.64599
-1.8294 -1.226 0.60293
-1.8327 -1.226 0.56521
-1.8545 -1.226 0.55803
-1.8764 -1.226 0.55086
-1.8895 -1.194 0.52934
-1.9019 -1.1593 0.50661
-1.9016 -1.1132 0.47308
-1.8958 -1.062 0.4348
-1.8804 -1.0348 0.40436
-1.8542 -1.0348 0.38283
-1.8338 -1.0202 0.3613
-1.8316 -0.95993 0.33977
-1.8294 -0.90012 0.31805
-1.8294 -0.87453 0.28337
-1.8294 -0.84895 0.24868
-1.8231 -0.82768 0.2074
-1.8151 -0.80758 0.16433
-1.7969 -0.76188 0.12127
-1.7707 -0.6961 0.078211
-1.7357 -0.63031 0.042326
-1.6833 -0.56452 0.020795
-1.6309 -0.5036 -0.0023262
-1.5785 -0.4835 -0.038809
-1.5261 -0.4634 -0.075292
-1.4736 -0.43847 -0.11756
-1.4212 -0.41289 -0.16062
-1.3702 -0.36465 -0.20251
-1.32 -0.30435 -0.24378
-1.28 -0.2697 -0.27665
-1.2538 -0.2697 -0.29818
-1.2276 -0.25954 -0.31971
-1.2013 -0.20838 -0.34124
-1.1751 -0.15721 -0.36277
-1.1489 -0.12202 -0.3843
-1.1227 -0.087302 -0.40584
-1.0933 -0.078437 -0.43004
-1.0627 -0.078437 -0.45516
-1.0208 -0.078437 -0.48957
-0.96836 -0.078437 -0.53263
-0.92907 -0.078437 -0.5703
-0.92179 -0.078437 -0.59482
-0.91404 -0.08077 -0.61991
-0.89948 -0.11732 -0.65341
-0.88492 -0.15387 -0.6869
-0.86609 -0.20112 -0.7284
-0.84644 -0.25046 -0.77146
-0.83877 -0.2697 -0.81452
-0.83877 -0.2697 -0.85759
-0.81981 -0.2935 -0.89286
-0.7703 -0.35563 -0.91559
-0.72295 -0.41177 -0.94027
-0.68727 -0.43553 -0.97556
-0.6516 -0.45929 -1.0108
-0.62472 -0.46097 -1.0467
-0.59851 -0.46097 -1.0826
-0.5723 -0.46097 -1.1088
-0.54608 -0.46097 -1.1309
-0.51987 -0.46097 -1.163
-0.49366 -0.46097 -1.2061
-0.46745 -0.47277 -1.2491
-0.44124 -0.52028 -1.2922
-0.41503 -0.56818 -1.3351
-0.38882 -0.63397 -1.3692
-0.36261 -0.69975 -1.4032
-0.3364 -0.75973 -1.4293
-0.31019 -0.81821 -1.4532
-0.28398 -0.84351 -1.488
-0.25777 -0.84351 -1.531
-0.23156 -0.86155 -1.5682
-0.20535 -0.91454 -1.5939
-0.17765 -0.96899 -1.6191
-0.13834 -1.0348 -1.6407
-0.09902 -1.1006 -1.6622
-0.048086 -1.155 -1.6837
0.004335 -1.208 -1.7053
0.056756 -1.226 -1.7268
0.10918 -1.226 -1.7483
0.1616 -1.226 -1.7616
0.21402 -1.226 -1.764
0.2633 -1.2339 -1.7659
0.30043 -1.2723 -1.7659
0.33756 -1.3107 -1.7659
0.37113 -1.358 -1.7659
0.40462 -1.4055 -1.7659
0.45234 -1.4173 -1.7659
0.50476 -1.4173 -1.7659
0.54381 -1.4173 -1.7659
0.57075 -1.4173 -1.7659
0.59747 -1.4304 -1.7659
0.62368 -1.4742 -1.7659
0.64989 -1.518 -1.7659
0.6761 -1.56 -1.7659
0.70231 -1.602 -1.7659
0.72852 -1.6117 -1.7659
0.75473 -1.6153 -1.7659
0.78094 -1.6573 -1.7659
0.80715 -1.7231 -1.7659
0.83336 -1.7696 -1.7596
0.85957 -1.7861 -1.7434
0.88388 -1.7998 -1.728
0.89844 -1.7998 -1.716
0.91301 -1.7998 -1.704
0.91394 -1.7998 -1.7005
0.91394 -1.7998 -1.6975
0.91394 -1.7998 -1.6813
0.91394 -1.7998 -1.6598
0.92447 -1.7734 -1.6383
0.94631 -1.7186 -1.6167
0.96574 -1.6698 -1.5952
0.97811 -1.6388 -1.5737
0.99014 -1.6082 -1.552
0.99014 -1.5935 -1.5257
0.99014 -1.5789 -1.4994
0.99014 -1.5233 -1.4597
0.99014 -1.4575 -1.4166
0.97634 -1.3917 -1.3849
0.95231 -1.3259 -1.3615
0.93309 -1.2741 -1.3343
0.9229 -1.2485 -1.2996
0.91394 -1.2236 -1.2639
0.91394 -1.2035 -1.2208
0.91394 -1.1834 -1.1778
0.91394 -1.1225 -1.1347
0.91394 -1.0567 -1.0916
0.89646 -0.99092 -1.0486
0.87025 -0.92513 -1.0055
0.85204 -0.83926 -0.96245
0.84404 -0.72778 -0.91939
0.83773 -0.61748 -0.87633
0.83773 -0.51149 -0.83326
0.83773 -0.4055 -0.7902
0.83773 -0.33374 -0.74537
0.83773 -0.26247 -0.70052
0.83773 -0.14544 -0.64068
0.83773 -0.013869 -0.57609
0.83773 0.090487 -0.5115
0.83773 0.17089 -0.4469
0.84151 0.23737 -0.38231
0.85388 0.27209 -0.31772
0.867 0.30581 -0.25285
0.88884 0.32774 -0.18466
0.91068 0.34967 -0.11648
0.91394 0.46491 -0.033032
0.91394 0.59648 0.053092
0.92802 0.6927 0.12764
0.95059 0.76762 0.19523
0.97461 0.83892 0.26162
1.0008 0.9047 0.32621
1.027 0.97049 0.38989
1.0532 1.0363 0.4491
1.0794 1.1021 0.50831
1.1057 1.1678 0.55229
1.1319 1.2336 0.59535
1.1581 1.2549 0.63841
1.1843 1.2586 0.68147
1.2105 1.281 0.7178
1.2367 1.323 0.74711
1.2583 1.3655 0.77438
1.2671 1.4094 0.79591
1.2746 1.4516 0.8174
1.2491 1.4498 0.83773
1.2236 1.448 0.85807
1.2188 1.3944 0.84455
1.2188 1.3287 0.82302
1.2077 1.2629 0.81053
1.1888 1.1971 0.80455
1.1673 1.1313 0.80387
1.1411 1.0655 0.81284
1.1149 1.0007 0.82342
1.0887 0.94218 0.84495
1.0625 0.88371 0.86648
1.0363 0.8779 0.88801
1.01 0.8779 0.90954
0.99806 0.91361 0.93107
0.99296 0.9666 0.9526
0.98428 1.0253 0.96933
0.97118 1.0911 0.98009
0.95519 1.1541 0.98849
0.92898 1.2071 0.98849
0.90277 1.2601 0.98849
0.87656 1.2604 0.98849
0.85035 1.2604 0.98849
0.78845 1.3052 0.98849
0.71564 1.3637 0.98849
0.6397 1.4054 0.98849
0.56106 1.4328 0.98849
0.48243 1.4574 0.99222
0.4038 1.4757 1.0042
0.32517 1.498 1.0188
0.24654 1.5638 1.0619
0.16791 1.6296 1.1049
0.067409 1.6405 1.148
-0.036705 1.6423 1.191
-0.14128 1.643 1.2341
-0.24612 1.643 1.2772
-0.34331 1.6334 1.3108
-0.42922 1.6096 1.3305
-0.5092 1.579 1.3432
-0.56162 1.5169 1.3228
-0.61404 1.4548 1.3025
-0.66646 1.4517 1.3015
-0.71888 1.4517 1.3015
-0.7713 1.416 1.2898
-0.82372 1.3667 1.2737
-0.87614 1.3237 1.2596
-0.92856 1.2871 1.2476
-0.98098 1.258 1.2389
-1.0334 1.2488 1.2389
-1.0858 1.2373 1.2389
-1.1382 1.1715 1.2389
-1.1907 1.1057 1.2389
-1.2253 0.99522 1.2243
-1.2559 0.87461 1.2063
-1.2839 0.76798 1.1796
-1.3101 0.67113 1.1467
-1.3321 0.58552 1.1084
-1.3466 0.51973 1.0605
-1.3557 0.45394 1.0104
-1.3295 0.38816 0.94583
-1.3033 0.32237 0.88123
-1.2989 0.25659 0.83456
-1.2967 0.1908 0.7897
-1.2851 0.12501 0.73711
-1.2691 0.059227 0.68089
-1.2521 0.0025644 0.62386
-1.2339 -0.04312 0.56584
-1.2198 -0.078437 0.51122
-1.2198 -0.078437 0.46816
-1.2198 -0.078437 0.4251
