-4.9772 -3.2546 -0.20131 -0.19359 0.99169 0.85389 -0.011609 0.30218 0.50662 0.59589 0.57007 0.98751 0.090601
-2.8269 -4.8334 -1.4443 -1.8043 1.2834 1.069 -0.46722 0.65624 0.78705 0.42342 -0.4113 0.68158 0.41089
-3.3663 -4.6137 -0.12696 -0.70524 1.2249 0.78398 -0.33978 0.41218 0.9503 0.72109 -0.38525 0.14114 -0.22053
-2.3669 -5.7163 -0.32164 -0.5807 1.8998 0.98911 -0.35614 0.012625 0.73887 0.83552 0.86582 1.4693 0.74287
-2.1561 -5.3041 -0.3168 -1.0743 1.5958 0.62561 -0.32164 -0.20168 0.062602 0.45953 0.51231 0.68681 0.60696
-1.3438 -5.3403 -0.72534 -1.0124 1.7861 -0.23909 -0.86195 0.93393 0.51243 0.56326 0.16043 0.38964 0.53649
0.72315 -5.6853 -1.5988 -0.92851 1.8218 1.225 -0.98867 0.48288 0.43447 -0.20942 -0.095837 -0.10072 0.67859
1.7304 -6.3345 -0.88563 -0.66827 1.7289 1.6565 -0.71195 0.41893 1.1147 0.13962 -0.62566 -0.13935 0.53617
0.59166 -4.7595 -0.91338 -1.1774 1.8258 1.5844 -0.96787 0.26925 0.26188 -0.44435 -0.40965 0.28957 1.0874
-0.71262 -4.692 -0.52001 -0.29948 1.3992 0.80515 -0.26337 0.42631 1.0619 0.29666 -0.31173 0.35717 0.82298
-0.69425 -2.5112 -0.69845 -0.60843 1.4831 1.1982 -0.44464 -0.074844 -0.42105 -0.32495 -0.57324 0.26934 -0.81845
2.954 -0.67428 -1.6873 -1.6989 -1.3761 0.49353 -0.50418 -0.86623 -0.83743 -0.39353 -1.0713 -1.0764 -0.14249
4.2273 -1.3668 -3.1456 -1.7151 -1.1478 0.8855 -0.3148 -0.3711 -0.41609 -0.59703 -1.2258 -0.84303 0.079272
4.2185 -1.0097 -3.4493 -1.9021 -0.83797 0.83263 -0.3367 -0.6903 -0.8369 -0.59201 -1.1676 -0.82421 -0.41561
4.1223 -0.91384 -3.111 -2.1765 -0.6762 1.2416 -0.82367 -0.61042 -0.3116 -0.74099 -1.2505 -0.74984 -0.38308
3.589 -0.11249 -2.4925 -2.4308 -0.54702 0.51663 -0.55694 -1.0516 0.068199 -0.74325 -1.2275 -0.68804 -0.15954
2.984 0.3897 -1.665 -2.3626 -0.99793 0.21322 -0.82368 -1.1103 -0.095748 -0.58943 -1.1636 -1.249 0.072046
1.9836 0.26237 -0.11822 -2.3406 -0.77978 -0.26822 -0.89936 -1.7221 -0.19456 -0.47122 -0.73412 -1.2723 -0.32799
1.6013 -0.21441 1.2014 -0.7146 -0.40876 -0.8525 -0.88638 -2.437 -0.87481 -0.047248 -0.058291 -0.088499 -0.46548
1.7313 -0.082159 1.2987 -0.31678 -0.88697 -1.1387 -0.58563 -2.6977 -0.8044 0.22379 -0.36343 -0.19741 -0.5151
1.8758 -0.50824 1.9505 -0.18394 -1.0233 -1.0338 -1.0626 -2.6904 -1.0607 0.34749 -0.51351 0.086892 -0.59908
1.6735 -0.28664 2.8341 0.41945 -0.304 -1.5798 -0.90023 -1.7489 -1.4331 0.026614 -0.42574 0.40397 -0.31737
0.7055 -0.33528 2.9979 0.65308 -0.7444 -0.78844 -0.1628 -2.1834 -1.1054 -0.82207 -0.074682 0.38433 -0.36916
-0.68997 -2.9804 1.7423 0.45991 0.40403 0.54652 -0.35036 -0.59501 -0.12427 -0.19453 -0.3675 -0.054323 -0.62762
1.7821 -5.5496 3.421 -0.28691 1.1518 -0.14186 -0.46927 0.29661 -1.0648 -1.1677 -0.45882 0.92071 0.01986
1.2531 -6.5643 2.4231 -1.2115 -0.062194 -0.87101 0.21936 -0.0081951 -0.11463 0.24511 0.025761 0.93462 0.40686
1.4391 -5.459 3.2606 -1.1629 0.69424 -0.34398 0.19871 -0.59719 -0.53815 0.016785 0.043099 0.61186 0.010692
1.2747 -6.451 2.7762 0.35072 1.8219 -0.81001 -0.34196 -0.69167 -0.16917 0.20677 -0.03174 -0.37359 -0.55626
1.4269 -6.4413 2.0288 -1.2871 0.98516 -1.0843 -0.31698 0.0072893 -0.13091 -0.24153 -0.17439 0.037233 -0.36151
2.4166 -7.2162 2.7319 -0.4703 1.3386 -0.079324 0.15187 -0.69921 0.26293 -0.40547 -0.068661 0.25741 -0.25897
1.934 -6.5496 2.8037 -0.68604 0.70135 -0.24998 0.57854 -0.074466 0.077463 -0.42858 0.096425 0.67453 -0.047336
2.1321 -7.3035 2.5408 -0.40507 0.72768 0.41664 0.43139 0.24333 1.2217 0.17191 0.032314 0.33915 -0.43481
3.0473 -7.9812 2.7051 -0.76897 0.99758 -0.23717 0.63708 -0.015274 0.13637 0.26362 0.78626 0.67786 0.095498
2.4668 -6.8294 3.0473 -0.073848 1.4427 -0.30893 0.12058 -0.02393 0.18443 -0.16714 0.15733 0.2882 -0.65686
1.4333 -5.7352 2.3418 -0.21029 0.67524 -0.28529 0.013649 0.043127 -0.29034 -0.13166 -0.67147 0.28178 0.17494
0.77202 -4.4722 2.0386 0.48851 0.14091 -0.36445 -0.19574 0.69165 0.12461 -0.0321 0.027889 0.21233 0.44036
