-2.8828 -5.0673 -0.66088 -0.6419 1.7637 0.19466 -0.62754 0.16811 0.26232 0.57761 -0.055972 0.48192 0.30293
-1.1689 -7.1628 -1.0682 -1.7757 1.1771 1.327 0.17526 0.95614 0.50337 1.1411 -0.54964 -0.47823 1.1046
-0.39811 -5.388 -0.21676 -2.5634 0.78947 0.7589 0.019231 0.24819 0.025723 0.95637 0.18372 0.03926 0.49062
0.085552 -5.7542 -0.010814 -2.0998 0.10014 0.18511 -0.83277 -0.74451 0.11847 1.2929 -0.14792 -0.50204 0.24533
-0.73589 -5.5861 -0.20214 -1.4487 0.62158 0.041344 -0.9508 -0.24679 0.085736 -0.15908 -0.28695 -0.049555 0.77369
-0.39559 -4.9982 -1.1841 -1.5162 1.2964 1.1037 -0.76416 0.25987 0.18258 0.23333 -0.77949 0.21697 0.4995
-0.33846 -2.34 -0.2352 -0.92683 0.54097 0.70001 -0.59249 0.46153 -0.20127 -0.12399 -0.73804 -0.38876 0.22459
3.3534 -0.025683 -2.1084 -2.5708 0.022001 -0.17161 0.057868 -0.19702 -0.075182 -0.062394 -1.3296 -0.43579 -0.051663
4.4544 -0.31577 -2.7003 -2.5322 -0.3195 0.077907 0.17476 -0.42084 0.29344 -0.064174 -1.3267 -0.59623 -0.2274
4.7578 -0.35898 -2.7562 -2.4884 -0.51918 0.44897 -0.55474 -0.087214 0.22744 -0.27608 -1.3361 -0.69783 -0.30655
5.0062 -0.95722 -2.8791 -2.0684 -0.99186 0.92873 -0.78123 -0.14824 0.39904 -0.46117 -1.1296 -0.83419 -0.26951
5.2025 -1.2238 -3.1131 -1.8509 -1.2018 0.99456 -0.86693 0.027841 0.34069 -0.3749 -1.0032 -1.1628 -0.12573
5.1511 -1.1968 -2.8004 -2.0432 -1.2315 0.84327 -0.99358 0.20634 0.24818 -0.27183 -1.1685 -1.1801 -0.21729
4.6886 -1.3498 -1.9792 -2.1731 -1.1683 0.59375 -0.91958 0.2651 0.40872 -0.37664 -1.0695 -1.218 -0.29955
3.3007 -0.52803 -1.4553 -1.7351 -0.68543 -0.3915 -0.17228 -0.49789 0.30793 -0.11566 -0.52922 -0.95075 -0.25326
1.8161 -0.3821 0.041636 -0.64082 -0.21355 -1.0283 0.12753 -1.3351 -0.27158 0.28697 -0.072656 -0.60304 0.12701
1.6577 -1.0079 0.54657 -0.34248 -0.62702 -0.88787 -0.22221 -1.4949 0.3741 0.16468 -0.75559 -0.43821 0.59512
1.3911 -1.1307 1.6341 -0.24895 -0.72551 -0.97038 -0.48207 -1.6495 0.12061 0.50062 0.057548 -0.50706 0.040146
1.1795 -0.93483 1.794 -0.17903 -0.97761 -1.1099 0.023392 -1.2552 0.085389 -0.55106 -0.29649 -0.076474 0.7201
0.67561 -1.3339 1.4675 -0.21435 -0.32696 -0.83101 -0.14681 -0.85568 0.43077 -0.65196 -0.4379 -0.20986 0.72716
-0.091217 -2.007 1.1486 -0.50302 -0.52937 -0.2661 0.40838 -0.88133 0.18656 -0.5578 -0.21607 0.039218 0.46819
0.44445 -4.6651 1.99 -0.79501 -0.40393 -0.24025 -0.33559 -0.35476 -0.263 0.44483 0.0028598 0.37306 -0.55291
1.7118 -5.0957 1.9245 -2.1995 -0.15661 -1.4276 0.55742 0.32407 0.19853 0.31325 -0.25947 -0.50338 0.28964
1.714 -5.6777 1.3115 -2.9588 0.71591 -1.3261 0.43948 0.11522 0.58568 0.47033 -0.10854 -0.26473 0.40879
1.3362 -5.7368 1.5312 -1.7089 1.541 -0.72066 0.22434 0.5078 0.79783 -0.15157 -0.52212 -0.39375 -0.06402
2.4193 -6.629 2.4128 -2.3882 0.5671 -0.97168 0.71263 -0.73622 0.292 -0.04746 0.34285 0.42365 0.098884
3.3743 -7.3134 2.1777 -2.4667 0.78366 -0.81354 1.3928 -0.35202 -0.060861 0.67287 -0.074479 0.22955 0.40357
2.4703 -6.6663 2.0288 -1.6058 0.81981 -0.29864 1.1804 0.012412 0.95391 0.38637 0.15399 0.19618 -0.086883
-0.071134 -4.0695 1.503 0.36748 1.291 0.23007 0.48529 -0.57395 0.76982 0.17703 -0.28094 0.27015 0.13078
0.16377 -0.42024 1.2884 -0.78489 -0.87138 -0.49758 -0.30036 -0.78679 1.4129 0.15633 -0.20528 -0.016341 0.22726
2.5862 0.09286 0.45396 -2.1583 -0.0771 -0.81073 -0.9526 -0.24307 1.4289 0.6193 -0.54043 0.31955 -0.0052533
3.1476 -0.8844 -0.054358 -2.1923 -0.23913 -1.0813 -0.57194 0.31418 1.2684 0.82671 -1.3176 -0.052501 -0.1357
3.0914 -0.79485 0.015293 -2.4136 -0.54635 -0.28135 -0.85889 0.22847 1.3089 0.59912 -1.2792 -0.13985 0.0061587
3.1432 -0.94944 -0.49244 -2.7047 -0.54559 -0.30943 -0.53429 0.64994 0.78228 0.64762 -1.1519 -0.45218 0.34779
3.1126 -0.84949 -0.50551 -2.8593 -0.48421 -0.22849 -0.42852 0.62281 0.70281 0.36312 -1.3358 -0.61903 0.36223
2.9568 -0.37822 -0.95345 -3.0241 -0.62181 -0.070047 -0.17155 0.058133 0.80311 0.2508 -1.0624 -1.0386 0.35795
2.5478 -0.48565 -0.98289 -3.0502 -0.41652 -0.12475 0.13714 0.003791 0.89133 0.15013 -0.70423 -0.922 0.2271
2.3273 -0.67702 -0.84265 -3.057 -0.31141 -0.33887 0.35035 0.12342 0.65198 0.18731 -0.80048 -0.89751 0.15184
1.9066 -0.61472 -0.50677 -2.875 -0.22521 -0.26692 0.64254 -0.085778 0.4965 -0.047367 -1.0629 -0.94147 0.24078
1.0898 -1.1452 -0.16186 -2.4167 -0.42073 -0.3316 0.55706 -0.16331 0.43804 -0.29986 -0.80473 -0.69218 0.19708
