1.3594 -7.5895 -1.5544 -2.2644 1.0208 1.2723 -0.47258 0.27954 0.070907 0.63205 0.2088 -0.51729 0.28721
1.7726 -7.3367 -1.4187 -2.0358 1.4475 1.4413 -0.64642 0.40029 0.93821 0.6474 0.23189 -0.29082 0.051053
1.5183 -7.3692 -1.489 -2.596 0.85064 1.6961 -0.40671 0.87165 0.86453 0.62864 0.53627 -0.16477 0.20717
2.2349 -8.0196 -1.9284 -1.7017 0.81743 1.4777 -1.3966 0.14505 0.17206 0.61224 0.092544 -0.21487 0.42794
2.9818 -9.2112 -2.3033 -2.6012 0.80444 1.2177 -1.0324 0.033298 1.3482 0.41239 0.36801 -0.35386 0.41151
2.672 -8.9424 -2.3688 -1.6658 0.74966 1.6526 -1.2906 0.43754 0.75798 0.88796 0.24541 0.062005 0.60411
3.3023 -8.8676 -1.7228 -1.3185 0.78375 0.80179 -1.3761 0.57658 0.47744 1.2426 0.46435 -0.22742 0.94813
2.476 -7.6684 -1.379 -1.9804 1.9395 1.208 -1.2517 1.0435 0.8853 0.84185 -0.099402 -0.30664 0.98753
-0.10631 -1.3002 0.28627 -1.5331 -0.55673 -0.61285 -0.091767 -0.80243 -0.10005 -0.69786 -0.44551 -0.12084 -0.34703
2.8641 -1.9001 -1.2252 -1.882 -0.94318 -0.3256 -0.96552 0.015422 -0.38441 0.048474 -1.387 -0.1946 0.26875
3.4129 -2.3034 -1.5231 -1.8288 -0.77313 -0.43876 -0.91215 0.23881 -0.095992 0.42563 -1.2138 -0.42366 0.25999
3.3325 -1.7559 -1.5002 -2.0333 -0.9309 -0.64127 -1.0913 0.19323 0.15163 0.38603 -0.93858 -0.80071 0.35431
2.8687 -2.2154 -0.79508 -2.1664 -0.98336 -1.0031 -1.1774 0.059154 0.33952 0.28864 -0.93597 -0.8073 -0.16824
1.5287 -1.9649 0.16892 -1.9161 -0.62628 -0.64155 -0.97699 -0.80721 0.31223 0.27012 -0.47275 -0.5156 -0.28762
0.59502 -1.335 1.4447 -0.65561 -0.93449 -0.65727 -0.35073 -1.6894 0.37472 0.16617 0.14118 -0.65731 -0.10554
0.45301 -2.1872 1.2546 0.15721 -0.35773 -0.68181 -0.98376 -1.4864 0.70658 0.040335 -0.61864 -0.47011 -0.069733
0.022494 -2.2327 1.3825 0.51093 -0.36975 -0.7297 -0.88678 -1.4996 0.80532 -0.03977 -0.45643 -0.35644 -0.24243
-0.23362 -2.5473 1.4269 1.1218 0.35839 -0.41952 -1.4925 -2.2942 0.30387 -0.17769 -0.11562 0.54295 -0.18853
-1.0577 -2.6874 0.83921 0.40174 -0.17088 -0.33667 -0.55577 -1.2638 -0.10982 -0.2097 0.24875 0.13254 -0.48006
-3.1841 -2.8554 0.47291 0.061375 0.20741 0.02246 0.14141 -0.10084 0.052585 0.13977 0.28684 -0.1533 -0.54932
-1.9469 -5.339 1.8134 -0.37913 0.13103 0.11728 -0.26631 0.054933 0.091318 -0.1039 -0.39232 -0.060424 0.1959
0.88875 -7.2167 1.535 -1.1999 1.4948 -0.1732 0.086247 0.75664 -0.46119 0.59764 0.25375 0.35159 -0.26407
1.8235 -8.1955 1.3481 -1.8331 1.1287 -0.31292 0.54263 -0.06408 0.29073 0.64001 0.45358 0.5727 0.062052
0.94462 -8.3263 1.2689 -1.5524 1.686 -0.16667 0.89865 0.47534 0.79261 0.62777 0.81822 0.62475 0.3066
0.93203 -8.3153 1.23 -1.4815 1.8666 0.44155 1.3489 0.69516 0.92019 0.32693 0.22773 0.24048 0.18753
0.31503 -6.7846 1.9946 -1.226 1.2969 0.065219 0.55068 -0.17284 0.81267 -0.14088 -0.15462 0.51839 0.48335
0.79273 -7.9284 1.6289 -0.71973 1.8296 0.26083 0.9182 0.77079 0.98321 0.39897 0.089888 0.16548 0.27769
1.6054 -6.1489 2.0086 -1.2641 1.7223 -0.036347 0.33499 0.80721 0.79707 0.24497 -0.081426 0.0025453 0.66095
-0.39049 -5.9131 2.1263 -0.26225 1.4585 -0.066627 0.11941 -0.12972 0.47179 0.068066 0.31954 0.61945 0.44604
-2.0129 -1.6722 1.2175 -0.066107 -0.25708 -0.1017 -0.30004 -0.4971 0.8546 0.010994 -0.34529 0.18442 -0.16061
1.0475 -1.5114 1.3989 -1.3872 -0.80471 -0.16359 -0.43488 -0.47071 0.63109 0.13112 -0.052572 0.33381 -0.031174
0.85927 -1.8577 0.64401 -1.5426 -0.63263 -0.50207 -0.24397 -0.25856 0.69658 0.11995 -0.49821 0.019841 0.27055
0.12061 -2.2202 0.70042 -0.94325 -1.0368 -0.7715 0.59764 -0.043633 -0.16578 -0.74505 0.097063 -0.20143 0.37843
