-0.97184 -5.7989 0.57879 -0.56879 1.8057 1.0338 0.63136 1.9266 0.12224 0.28426 0.47753 -0.30277 -0.040303
-2.9811 -4.8343 0.0067791 -0.45111 1.5222 0.89049 0.43102 1.3831 0.16429 0.27553 0.59997 -0.21641 0.68711
-1.3395 -1.431 0.077002 -0.38788 0.46298 -0.45867 -0.37978 -0.33917 0.28553 -0.40067 -0.42707 -0.63737 -0.52918
0.96698 -0.23465 -1.3296 -2.1069 0.76952 -1.0723 -0.86399 0.34704 0.21159 -0.18925 -0.64938 -0.29881 -0.36474
0.71177 0.04354 -0.38132 -2.376 0.50822 -0.75748 -0.51161 -0.10243 0.61268 -0.46863 -0.09388 -0.33787 -0.53928
0.62162 -0.054464 -0.56862 -2.6379 0.38624 -0.37776 0.073265 -0.3378 -0.014497 -0.4218 -0.55412 -0.85088 -0.41477
0.41433 -0.3616 0.19096 -2.6296 -0.3981 0.22617 0.77596 -0.59708 -0.61277 -0.60333 -0.13624 -0.97438 -0.11549
-0.012483 -0.12823 0.51568 -1.6293 -0.84664 0.045562 1.0265 -0.71215 -0.40583 -1.0536 0.0037638 -0.791 0.047095
-0.36695 -0.64474 1.6544 0.10643 0.066087 0.058291 -0.17573 -1.633 -0.39736 -0.85547 -0.20218 -0.80148 -0.17731
-0.27709 -1.2413 1.617 0.4422 0.66824 0.31785 -0.46452 -2.6794 -0.92284 -0.7494 0.042366 0.36914 -0.16129
-0.31623 -1.1584 1.9011 0.54879 0.29176 0.24141 -0.33953 -2.3539 -0.59604 -0.86164 -0.065866 -0.21841 -0.36623
-0.53257 -0.77451 1.9205 0.26439 0.079216 0.33352 -0.13568 -1.7753 0.25027 -1.0136 -0.54504 -0.46878 -0.24303
-1.5064 -1.5105 2.1996 1.1892 0.24583 0.20091 -0.20037 -1.9222 0.44385 -0.95765 -0.53121 0.53333 0.39193
-2.5168 -2.0155 1.5032 0.83765 -0.093022 0.10326 0.31753 -0.61315 0.55081 -0.527 -0.49395 -0.38325 -0.21148
-3.3863 -2.4195 1.105 0.86289 0.44091 0.36234 -0.11052 -0.80494 0.22053 -0.46007 -0.45539 0.24634 0.025351
-4.034 -2.6502 0.78733 0.79842 0.86781 0.52228 -0.38734 -0.70687 0.54557 0.25049 -0.12008 0.70201 -0.037436
-3.6849 -2.3958 1.0157 0.70686 0.47685 0.21513 -0.19635 -0.686 0.34265 -0.10391 0.092228 0.461 -0.313
-3.871 -2.7779 0.89772 0.32323 0.82655 0.16289 -0.355 -0.094416 -0.0033007 0.21851 0.3364 0.48495 -0.5303
-2.7345 -4.5276 2.0007 0.24393 1.4554 0.47912 -0.85912 -0.044081 0.076876 0.69368 0.35004 0.28545 -0.46602
-0.23562 -7.3828 2.2311 -0.68068 1.8571 0.63543 0.16275 0.74895 -0.53493 0.56823 -0.062333 1.151 0.54452
-0.4062 -8.118 1.9304 -0.3587 1.7676 0.50125 0.18253 0.64401 0.13249 1.3597 0.34589 0.53161 0.069546
0.88769 -8.7815 2.2109 -0.55786 1.5313 -0.090031 -0.46938 0.73366 -0.058837 0.38469 -0.24082 0.7182 -0.17877
0.65219 -7.9841 1.7947 -1.2187 1.3265 0.090878 0.23294 0.26162 0.051448 0.41331 0.18186 1.2856 -0.19262
