-0.45891 -3.2176 -0.47733 -1.0677 1.4226 0.96884 0.016246 -0.76636 -0.79919 0.18141 -0.30905 0.043075 -0.69251
0.23012 -5.1951 -1.9869 -1.4513 2.1112 1.3407 -0.66693 0.39912 -0.01732 1.1675 -0.18121 -0.023011 -0.26622
-1.1924 -4.3752 -1.307 -0.56362 1.8624 1.1396 -0.15495 0.62023 -0.46236 1.0148 -0.00010391 -0.023635 0.10625
-0.3866 -5.1575 -1.6628 -1.8019 1.2388 1.239 -0.025788 0.35625 0.83087 0.37081 -0.067023 0.51148 0.30547
-0.92113 -4.8172 -1.3564 -0.40895 0.77354 0.97389 0.066789 0.54048 0.60391 1.2374 0.24558 0.41111 0.69245
0.63596 -6.6663 -3.2807 -1.5475 1.759 1.3863 -0.54675 0.43111 0.30007 0.61681 -0.18174 0.49576 0.45186
0.9501 -5.9631 -2.6359 -1.9013 1.7932 1.148 -0.63786 0.036617 0.32265 0.67586 -0.69739 0.12869 0.28473
0.31332 -4.6768 -1.5457 -0.74606 0.84028 1.186 0.15333 0.2004 0.86589 0.83417 -0.39516 -0.01115 -0.3808
1.9711 -0.78629 -1.5942 -1.5312 0.053448 0.27254 -0.32752 -0.15516 -0.29697 -0.45545 -0.16973 -0.61992 -0.13415
3.9818 -0.24579 -1.891 -1.9784 0.19164 0.21277 -0.017883 0.011962 -0.3486 -0.21652 -0.10972 -0.64023 0.20124
3.9865 -0.18488 -1.3739 -2.7455 0.01925 -0.14536 0.05177 -0.42299 -0.32075 -0.10533 -0.43851 -0.50364 -0.0075099
3.6818 0.16453 -1.3708 -2.3894 -0.011411 -0.28654 0.26043 -0.57574 0.050134 -0.30761 -0.067723 -0.3674 -0.033576
2.675 0.28648 -0.43212 -1.9324 -0.0262 -0.44621 0.31401 -0.93464 0.54122 -0.21878 -0.18601 -0.12744 -0.0079098
0.96265 -1.135 1.2214 -0.42425 -0.50827 -0.22279 0.21703 -1.2801 0.58978 -0.26245 -0.086204 -0.25667 0.081135
0.82954 -1.8696 1.8488 1.0321 0.084075 -0.51753 -1.0607 -1.6869 0.88983 -0.28386 -0.53969 0.23813 -0.30595
1.0525 -1.5958 2.1369 1.1657 -0.41484 -1.0467 -0.96128 -1.521 0.94017 -0.40598 -0.38088 -0.22287 0.055188
1.0024 -1.5644 2.0208 0.8694 -0.094995 -0.62228 -0.9029 -1.9125 0.72742 -0.41324 -0.62399 -0.091081 -0.014085
0.70649 -1.559 1.9209 0.61196 -0.18244 -0.42647 -0.63329 -1.859 0.79123 -0.60635 -0.66951 0.068417 -0.28791
-0.20028 -2.1766 1.6053 1.1078 -0.10126 -0.24968 -0.83867 -1.8046 0.82046 -0.18593 -0.40962 0.14739 -0.27949
-1.5402 -2.7738 0.55143 -0.040544 -0.33678 -0.25809 0.1309 -0.38688 -0.15413 -0.050341 0.57156 0.040938 -0.12979
1.1151 -5.4347 2.1074 -0.79741 1.3996 -0.28985 -0.28881 -0.094328 -0.47763 0.80938 0.067997 0.31811 -0.38637
2.0318 -8.3134 1.3878 -0.97803 0.94314 0.55999 0.66991 0.0012553 0.3891 0.72515 -0.0045111 0.59159 0.018625
-0.25804 -7.5713 1.6498 0.1798 0.68917 -0.38863 0.42597 0.24974 0.0031528 0.34845 0.34298 -0.1856 0.3643
-0.49168 -6.1439 1.7119 0.085513 0.93959 -0.37655 0.23634 0.046531 0.087936 0.12872 0.083538 -0.1963 -0.10558
0.11379 -6.7209 1.6272 -0.48684 0.87873 -0.048558 0.4329 0.35692 0.090937 -0.31471 -0.12033 -0.010591 0.02307
-0.22743 -4.3475 1.1675 -0.87207 -0.2918 -0.40569 0.47752 0.42184 0.067915 0.26569 0.07774 -0.3483 -0.28453
-0.75804 -2.5748 0.7652 -0.48456 -0.70564 -0.67515 -0.2864 -0.1884 1.1321 1.0693 0.49849 -0.11484 0.67236
2.6066 -0.90292 -0.071495 -0.91716 -1.0802 -0.04705 -0.79904 -0.031987 -0.09578 0.0094198 -0.73205 -0.44477 0.33534
3.8326 -0.82831 -0.38165 -1.7477 -0.9482 -0.21035 -0.59607 0.036242 0.10711 0.19341 -0.60912 -0.13307 0.16189
3.8319 -0.52648 -0.89524 -2.137 -0.81696 -0.63969 -0.51573 0.24688 -0.53293 0.29214 -0.67779 -0.4966 0.2954
3.8967 0.067687 -1.3973 -2.1764 -0.53538 -0.70472 0.15387 -0.36907 -0.042426 -0.1107 -0.3507 -0.76759 0.4032
3.8912 -0.21612 -1.1902 -2.6406 -0.67653 -0.37613 -0.032703 -0.29126 -0.27387 -0.2767 -0.27055 -0.77744 0.1849
3.5637 -0.10525 -1.1872 -2.535 -0.41471 -0.3395 0.26465 -0.51079 -0.042698 -0.20921 -0.39508 -0.7439 0.20162
3.1501 -0.2154 -0.85315 -2.7123 -0.15745 -0.29793 0.027429 -0.5168 -0.26454 -0.40838 -0.1049 -0.71996 -0.10215
2.5964 -0.84146 -0.21542 -2.3883 -0.39652 0.20155 -0.017513 -0.78901 0.097454 -0.43263 -0.15964 -0.48639 0.13465
1.5531 -1.0488 0.40241 -1.6342 -0.19611 -0.00050078 0.28204 -0.99228 -0.33703 -0.39403 -0.0047521 -0.36368 -0.22874
0.44386 -2.1822 0.77834 -0.2946 0.14827 0.1194 0.1322 -1.0095 -0.39555 -0.79734 -0.31643 0.041825 -0.31517
