-0.022231 -3.8035 -0.77671 1.4909 -0.30187 0.20079 -0.35682 -1.0048 -0.24892 -0.61226 0.22015 0.078894 0.044474
-0.57159 -4.1802 -0.34561 0.18954 0.034098 0.20676 0.19009 0.24239 0.16685 -0.25551 -0.557 0.32108 -0.19916
-0.37459 -4.439 0.50393 0.12715 0.55396 -0.58905 -0.62913 0.54381 0.12945 -0.37713 0.15681 0.14137 -0.072731
1.3205 -5.4476 1.5538 1.67 1.062 -0.35322 -0.24848 0.11208 0.14945 0.30153 -0.262 0.032427 -0.16824
3.8496 -6.8312 0.42655 1.5885 0.63015 -0.72162 0.22892 0.53523 -0.40666 -0.25298 -0.10563 0.41674 -0.45048
2.5632 -5.0153 -0.48941 0.80401 1.2968 0.22539 0.43149 0.55415 0.2325 -0.46129 0.19596 -0.033757 -0.71004
3.4116 -4.9304 -0.66925 0.059345 1.5543 -0.43112 0.084299 1.0156 0.0075166 0.64428 0.22515 0.091074 -0.85827
3.2318 -5.9756 0.27522 1.7436 1.4094 -0.43486 0.11689 0.64182 -0.017642 0.63742 -0.078579 0.074693 -0.71749
4.8485 -5.6089 -1.0862 0.81827 0.38736 -1.2264 -0.28985 0.85461 -0.50709 -0.27814 -0.37647 0.34858 -1.0043
3.9509 -6.5809 -0.93913 1.8489 2.0238 0.25094 0.030812 1.023 0.76301 0.063016 -0.16169 -0.20517 -0.69951
3.3777 -2.0568 -0.33531 0.51778 -0.65962 -1.2832 -0.1715 0.32235 -0.56962 -0.2859 -0.52971 -0.00087547 -0.10793
6.2647 -3.4273 -2.0616 0.04405 -1.7195 -1.973 -1.2234 0.73829 -0.79372 -0.21647 -1.1876 -0.10803 -0.27765
6.4879 -2.9051 -2.8844 -0.066586 -2.1148 -0.89003 -1.5486 0.75255 -0.20687 -0.21017 -1.0588 -0.67993 0.10861
6.2841 -2.5667 -3.2644 -0.53069 -2.3785 -0.97567 -1.9898 0.47219 0.40419 -0.54332 -1.3423 -1.1121 0.51453
5.7996 -2.499 -3.0639 -0.96202 -2.446 -1.1302 -1.88 0.35358 0.071717 -0.90025 -1.2036 -1.2815 0.89668
5.0232 -1.8663 -2.1575 -1.3517 -1.9236 -0.78472 -1.6234 -0.016598 -0.27047 -0.10797 -0.84702 -1.1948 0.85812
3.2036 -1.6894 -1.1955 -0.87224 -0.89201 -0.67328 -1.4063 -0.62237 -0.52893 -0.89092 -0.055499 -1.0113 0.42675
1.8287 -1.2665 0.74992 -0.45993 -0.74452 -1.4578 -1.122 -1.0971 0.1528 -0.38352 -0.33784 -1.5215 -0.08915
1.4897 -1.3306 1.2008 -0.25685 -0.67166 -1.2238 -0.55669 -1.4373 -0.026988 -0.57424 -0.5152 -1.0115 -0.059811
1.4942 -1.351 1.1208 -0.030751 -0.5585 -0.93226 -0.50471 -1.2349 -0.23829 -0.79155 -0.048923 -0.23835 0.15238
2.0617 -3.41 2.3866 -0.8047 -0.57164 -0.53356 -1.0527 -0.40224 -0.025155 0.33841 -0.23878 0.075877 0.0048231
2.8279 -4.3864 2.5084 -1.1988 0.043336 0.44016 -0.86901 0.0058488 0.11432 -0.24999 -0.76146 -0.095701 -0.16323
2.0482 -5.2498 2.2066 -0.55243 0.062379 -0.23018 0.15609 -0.099702 0.22493 -0.19022 -0.33583 -0.35589 -0.06889
2.8898 -6.9469 2.2208 -0.85978 0.19867 -0.99692 0.018136 0.098361 0.21348 -0.11408 0.67508 0.21066 -0.31005
2.7188 -5.8249 2.5018 -1.4417 1.0853 -0.78087 0.27481 -0.53267 -0.0028061 -0.15463 0.12193 0.081781 0.35965
1.2407 -6.1228 1.8152 -1.0126 0.4012 -0.57676 -0.27676 -0.37614 0.10238 0.42916 0.15218 0.44303 0.11128
2.1317 -6.0586 2.359 -0.95703 0.23585 -0.70085 -0.054567 -0.81277 -0.068768 -0.64871 -0.23575 0.23429 -0.24739
2.1275 -7.0983 1.7626 -0.79745 0.36319 -0.65082 0.65201 -0.11627 0.24433 -0.26705 0.12739 0.10028 0.038946
1.1898 -6.5421 0.90864 -1.0725 0.53236 -0.2554 -0.21967 0.072973 0.67586 0.051813 0.57231 0.038124 -0.27551
2.1271 -6.8007 1.2629 -1.2119 -0.0098419 -0.59868 -0.31847 -0.011306 0.27557 0.39407 0.24188 0.15131 -0.82601
0.53146 -5.3554 1.3441 -1.0517 0.14859 -0.12918 -0.21836 0.18607 0.48235 0.75281 -0.017461 0.34779 0.026508
-0.48851 -3.2851 -0.31517 -0.50248 0.97168 0.20495 -0.085909 0.13362 0.25007 -0.65164 -0.14243 0.78134 0.14096
-0.61809 -3.6386 -0.4163 -0.77026 1.2823 0.41192 0.66752 1.2208 0.14596 -0.48543 0.017531 0.47384 -0.48388
