-1.0403 -6.3713 0.21453 0.41521 1.3108 -0.026877 -0.065524 0.98299 0.631 0.0454 -0.17745 0.27797 0.18759
0.62068 -5.8705 0.078383 -0.24639 1.3229 -0.38664 0.11402 1.2229 0.51872 0.5079 0.23811 0.61814 -0.21497
1.6804 -6.5605 -0.21012 -0.5523 1.5748 0.56882 0.35551 1.4829 0.22672 0.36016 -0.39252 0.38596 -0.69315
1.2866 -7.0699 -1.2763 -0.84452 1.7022 0.29512 -0.1219 0.66498 0.34305 0.13588 0.14748 0.74252 -0.19613
0.51513 -2.4158 0.37218 -1.0635 0.31028 -1.0497 -0.373 -0.14869 -0.47339 -1.3503 -0.94447 0.50406 -0.10872
3.4598 -0.81141 -0.65882 -2.0497 -0.79695 -1.6824 -0.067757 -1.0083 0.21627 -0.70856 -1.0025 -0.09289 -0.11443
3.7312 -1.2469 -0.91674 -2.2658 -0.54008 -1.9311 -0.85819 -0.53073 0.35555 -0.84576 -1.2496 -0.069219 0.008591
3.3303 -0.70604 -0.52372 -2.213 -0.82359 -1.8822 -0.58964 -1.2466 0.15239 -0.27814 -0.75881 -0.41769 -0.14071
2.8685 -0.076297 1.0757 -1.1061 -0.84999 -1.4741 -1.4095 -2.6263 0.50265 -0.59401 -0.083965 -0.46089 -0.26108
2.671 -0.67316 2.0572 -0.63439 -1.5912 -1.8452 -0.73132 -2.5194 0.055222 -0.36279 0.18539 -0.68631 -0.34335
2.565 -0.63966 2.3014 -0.50129 -1.6234 -2.0957 -1.0483 -2.2775 0.32318 -0.54018 0.27123 -0.60824 -0.74651
2.1349 -1.008 2.3538 -0.2336 -1.0512 -2.084 -1.2165 -2.0441 0.69804 -0.23341 -0.24619 -0.40322 -0.69183
1.4259 -2.0895 2.5419 0.12389 -1.1191 -0.2715 -0.81579 -1.7531 0.18154 -0.5906 0.095871 -0.12246 -0.2301
2.1866 -4.3444 2.341 0.1329 -1.0211 -0.59844 -1.5539 -0.82207 -0.19282 -0.3577 0.1637 -0.5284 -0.27421
3.1379 -6.1259 3.049 -1.6299 -0.042998 -1.2708 -0.93604 -0.56676 0.085407 1.2441 0.53861 0.56331 0.038425
4.2581 -7.8123 2.4776 -2.0875 1.0848 -1.5476 -1.0568 -0.2292 -0.18058 0.95442 0.068941 0.85193 0.31835
3.7631 -7.8842 2.3724 -1.8802 1.2529 -1.4813 -0.67628 -0.69387 -0.51519 0.43554 0.044908 0.64315 0.70473
3.1434 -7.483 1.9534 -1.6534 2.104 -0.61175 -0.1175 -0.86548 -0.18236 0.63522 0.42083 -0.095228 0.32838
3.4893 -8.3759 1.3935 -1.9453 1.8262 -0.94366 -0.66127 -0.071934 -0.050324 0.52419 0.074865 0.8168 0.70943
4.5702 -8.5169 1.8021 -2.5646 2.2822 -0.7477 0.095963 -0.87701 -0.016532 0.36484 -0.41375 1.0013 0.28195
3.5892 -7.3853 1.9765 -2.1478 1.8038 -0.76031 0.37489 -0.90253 -0.48936 -0.11589 -0.16833 0.25777 0.73502
3.088 -8.2974 1.2965 -2.4166 0.84115 -0.99232 -0.1741 -0.63755 -0.32288 0.053947 -0.42904 0.49775 0.41175
1.8621 -7.271 1.922 -0.93899 1.3245 0.14072 0.38826 -0.036843 0.72114 -0.52934 -0.96394 0.1904 -0.4264
0.018877 -5.2355 1.6831 -0.87402 0.14526 -0.56383 0.20098 -0.15131 0.89976 0.49782 -0.37058 0.19188 -0.32062
