-2.8422 -3.9054 -0.7811 -0.50206 -0.51778 -0.51637 0.30471 0.32926 0.92843 0.16894 -0.088049 0.24964 0.51569
0.95688 -4.6255 -1.0394 -0.50179 0.38927 0.36834 -0.66696 0.17407 0.47031 -0.83711 -0.012311 1.1605 0.70594
1.6396 -7.5874 -0.50075 0.073613 0.70203 0.27963 -0.35348 0.54306 1.0974 -0.77044 -0.0043263 0.67312 -0.22151
1.3873 -4.6775 -0.16443 0.79821 1.4588 0.25376 -0.40155 1.302 1.0916 -0.43337 -0.23421 0.18587 -0.59783
2.7626 -4.0733 1.2705 1.0453 1.5961 -0.32775 -0.96919 -0.24091 0.050247 -0.55271 0.19292 0.011306 -0.14622
5.2976 -6.1234 -0.48255 0.8973 0.63463 -0.18269 -0.42727 0.33985 0.17782 -0.38769 0.33843 0.33124 -0.53196
4.0341 -5.2641 -0.059605 -0.023007 1.4757 -0.4796 -0.41908 0.7777 0.0051335 -0.52861 0.15336 0.13734 -0.45241
3.0692 -4.7499 0.30039 0.012321 1.2341 -0.20127 -0.71593 0.51629 0.90702 -0.44268 0.11352 0.13919 -0.33271
3.1582 -4.2779 0.95211 -0.0074221 1.2987 0.33095 0.022429 0.8072 -0.24127 -0.69422 -0.12355 0.51145 -0.74722
2.9315 -3.4354 0.27511 -0.049698 0.49877 -1.1081 -0.0827 0.23574 0.064888 -0.70191 -0.31506 0.12109 -0.37863
4.6294 -2.462 -2.0175 -0.34214 -0.94887 -1.221 -0.93266 0.13057 -0.59309 -0.35488 -0.78201 0.43724 -0.52911
6.0291 -2.7536 -3.4949 -1.6095 -1.552 -1.3094 -1.2657 0.24214 -0.011041 -0.29182 -0.95495 -0.25831 -0.01068
5.9839 -1.6036 -3.8157 -2.3495 -1.566 -0.32187 -1.2153 0.63201 0.023485 -0.14208 -0.68832 -0.43616 0.68121
6.0361 -1.7838 -3.9259 -2.8201 -2.5483 0.011137 -1.5683 -0.69844 0.088553 -0.19011 -0.95726 -1.0365 0.23198
5.3512 -1.1052 -3.0674 -3.3261 -2.2708 -0.58034 -2.0755 -1.1749 -0.12797 0.024573 -0.60789 -1.3868 -0.030036
2.6078 -0.31495 -0.53495 -1.794 -0.47996 -0.70058 -1.1105 -1.7976 -0.09594 -0.019867 -0.046238 -0.88546 0.38871
1.9407 -0.67558 0.35507 -0.96903 -0.71213 -1.8392 -0.9623 -1.6937 -0.24825 -0.32857 -0.1792 -0.83315 -0.062083
1.6841 -0.96729 0.24482 -0.55648 -0.47138 -1.5 -1.285 -1.5899 -0.018884 -0.69503 -0.69129 -0.77404 0.50812
1.6042 -0.82018 1.1582 -0.48323 -1.2576 -1.8801 -0.31739 -1.3805 0.33405 -0.82445 -0.61627 -0.28386 0.24286
0.79986 -0.57298 1.9196 -0.61066 -1.1847 -1.2941 0.16883 -0.85463 0.45049 -0.67241 -0.2031 -1.0595 -0.1876
1.2379 -4.2721 1.2338 0.55046 -0.75661 -0.30102 0.14756 0.43084 0.78171 0.40617 -0.15824 -0.79671 -0.31228
4.0326 -7.0572 3.5769 -1.8569 -0.015048 -1.124 -0.1929 -0.38706 0.21447 0.61519 -0.44848 -0.68753 -0.35667
4.3887 -6.7645 2.4511 -2.7482 1.0209 -1.3651 0.28169 -0.37191 0.45166 0.27396 0.0091114 -0.066279 -0.53887
3.3402 -6.8416 2.0851 -2.1246 1.1297 -1.1063 0.38338 -0.58433 0.28629 0.22546 0.43212 0.4532 0.034472
2.4372 -6.0195 2.8105 -1.5277 0.76646 -0.76102 -0.21888 -1.1476 0.42591 0.15882 0.13251 0.071226 -0.56237
2.4987 -6.2752 2.6509 -1.3086 1.0669 -1.0617 -0.091511 -0.58539 -0.16885 -0.4416 0.38048 0.54182 -0.65055
2.691 -7.3759 2.5425 -0.98921 0.88947 -0.32554 -0.019921 -0.52068 -0.47322 0.13022 0.32866 -0.071586 -0.37501
3.118 -7.718 1.8565 -1.073 0.43669 -0.80015 -0.071507 0.055991 0.381 0.0020875 0.58735 0.18546 -1.0145
1.3211 -3.1969 1.6005 -0.67496 0.21206 -0.48294 -0.88965 -0.017352 0.16784 0.033842 -1.1119 0.31313 -0.1223
3.4594 -1.9882 0.21988 -1.4384 -0.78056 -0.69646 -1.3026 0.12434 0.10152 0.29705 -1.5349 1.0013 -0.12396
3.4831 -1.8515 -0.43755 -2.2415 -0.86151 -0.84376 -1.2213 0.35298 0.008492 0.47148 -1.6038 0.61513 -0.29931
3.2237 -2.3949 -0.70162 -1.691 -1.0117 -0.67831 -0.79119 0.38779 0.19914 0.31657 -1.5402 0.50858 -0.031909
3.2993 -3.0818 -0.95923 -1.4872 -0.86771 -0.3578 -0.58258 0.35146 0.0077343 -0.045819 -1.6859 0.54279 -0.094158
2.1094 -1.9462 -1.0498 -1.5391 -0.077005 -0.21666 -0.28721 0.097356 0.17285 -0.2569 -1.5414 0.29921 0.023238
1.123 -1.3128 -0.79779 -1.0651 -0.0053856 -0.019901 0.081993 -0.052841 0.8151 -0.31882 -1.0778 0.32138 0.015774
1.072 -2.2868 -1.0937 -0.86118 0.26974 0.049449 0.23831 0.061519 0.31927 -0.32961 -1.3463 0.08921 0.01523
0.052185 -2.0946 -0.32726 -0.34803 0.28012 0.21262 0.36885 -0.074324 0.74353 -0.36304 -1.2093 -0.15651 -0.25752
