1.0424 -4.7361 0.85606 -0.30158 1.1812 1.4878 -0.81754 0.047949 0.3274 -0.55099 0.26895 -0.17045 0.30459
1.5812 -4.9483 0.81547 -1.1283 0.98552 1.1348 -0.24354 0.24808 1.0638 -0.15811 0.33003 -0.37514 0.12281
2.167 -5.3894 0.47664 -0.71543 1.2285 1.1248 0.23195 0.77618 1.3947 0.6539 0.53033 -0.40416 0.15282
1.8937 -8.127 -1.3784 -1.3903 1.0347 0.79214 -0.42321 0.25723 1.4494 0.51718 0.26451 0.036615 0.34997
-0.11516 -4.0926 -0.63781 -0.024494 1.0747 0.90452 -0.18972 0.10872 -0.25103 -0.076827 -0.87956 -0.14381 -0.12132
2.4044 -0.71395 0.49219 -1.476 -0.13759 -0.24858 -0.16032 -0.81224 0.33537 -0.17715 -0.80103 -1.1628 -0.10946
4.3992 -0.90066 -0.98077 -2.1769 -0.061873 -0.56192 -0.39488 -0.33603 0.28564 -0.59343 -0.98349 -0.79551 0.34867
4.3168 -0.28458 -0.32164 -2.5367 -0.55199 -0.70772 -0.35359 -0.22218 0.71952 -0.54078 -1.0011 -1.2165 0.37158
4.0277 0.18757 0.029779 -2.6579 -0.50668 -1.0801 -0.62685 -0.66865 0.74826 -0.28366 -0.89659 -0.99106 0.23503
2.3137 -0.34553 1.2419 -0.80089 -0.79428 -0.75495 -0.28872 -1.66 0.77674 -0.59022 -0.09519 -0.33501 -0.29817
2.2365 -1.1877 1.7929 0.25064 -0.073857 -0.32246 -0.66664 -2.1125 0.54955 -1.0257 -0.96347 0.11495 0.34206
2.1774 -1.1393 2.103 0.69265 -0.063222 -0.81172 -0.61421 -2.0347 0.11624 -0.74125 -0.40272 -0.036656 -0.26704
2.0824 -0.89113 1.7558 0.22307 -0.25329 -0.73092 -0.090884 -1.7641 -0.022485 -1.1442 -0.63934 0.23393 -0.16601
1.9067 -1.3118 1.8477 0.39643 -0.23192 -0.42602 -0.16411 -2.0945 -0.061139 -1.1854 -0.20949 0.27461 -0.38909
1.4284 -1.322 1.9324 0.081598 -0.61177 -0.48059 -0.060498 -1.8237 0.41629 -0.89585 -0.28585 0.034985 -0.3043
-0.26348 -2.4429 1.1704 0.95581 0.76658 0.29098 -0.42878 -1.0495 0.032185 -0.92104 -0.91931 0.37323 0.22312
-1.4864 -3.3572 0.79243 -0.11144 0.60265 0.20362 -0.047425 -0.19041 -0.12334 -0.15587 -0.23996 0.056687 -0.23596
1.1181 -5.6854 1.2926 -0.44621 0.26061 -0.32336 0.58711 1.0272 0.095132 -0.4818 -0.25419 0.32161 0.026005
2.1542 -6.5067 2.1488 -1.1295 0.87031 -0.71142 0.28899 -0.20159 0.17013 0.097632 0.40293 0.73883 -0.10243
2.8 -7.5339 1.2626 -1.9702 -0.2091 -0.64644 1.0429 -0.29693 0.71697 -0.27006 0.22396 1.2756 0.6576
2.4697 -8.449 1.2146 -0.78382 0.71574 -0.76539 0.31355 -0.22078 0.73585 0.29156 0.57901 -0.28661 -0.11937
2.2819 -8.4206 1.5321 -1.047 0.80336 -0.28418 1.0216 0.18719 0.22047 -0.11294 0.22064 0.21723 0.55991
2.4941 -8.2204 1.0925 -1.01 1.3348 -0.18354 -0.032621 -0.25609 0.51319 0.26821 0.6614 0.0063134 0.10992
2.467 -8.4392 1.2881 -1.3209 1.5154 0.30026 1.1756 0.50924 0.58026 -0.5896 -0.67777 -0.1896 0.12274
0.80118 -6.048 0.26487 -1.3435 0.93731 -0.31631 0.40572 0.23364 0.023379 0.073973 0.2388 0.011658 -0.74757
