-0.91689 -5.4064 -1.9418 0.051072 1.7475 0.50131 -0.91685 1.5538 0.10825 0.60292 -0.7568 0.53981 0.076038
1.1547 -3.7915 -2.1 -1.2091 1.9739 0.26796 -0.72648 1.5543 -0.20361 0.6952 -0.55454 0.13491 -0.020075
1.9541 -2.7706 -1.5456 -1.6495 1.9613 0.88481 -0.39155 1.3353 0.7057 1.1096 -0.18837 0.71396 0.22559
0.78122 -4.0141 -0.69601 0.10655 1.8881 0.19305 -0.56658 1.8809 1.0145 0.5633 -1.0017 1.0091 0.83011
-0.59122 -3.6062 0.74124 0.11045 1.5208 0.76607 0.2941 1.0926 -0.48503 -0.69115 -0.063498 0.62402 0.061946
0.18748 -4.0311 -0.91471 -0.77141 1.8781 1.715 -0.4171 0.73014 0.59123 -0.17703 -0.047774 0.37237 -0.32243
-1.0729 -3.0171 0.2204 0.21364 1.3901 0.74747 -0.24656 0.35696 0.76612 0.47712 -0.60943 0.59396 0.13364
1.4839 -0.30318 -0.0049051 -1.585 -0.34119 -0.04223 0.25538 -0.48433 0.30699 -0.62194 -0.57522 -0.27207 -0.45329
3.6991 0.34743 -0.57654 -2.6257 -0.46692 -0.15518 0.33808 -0.37695 0.43503 -0.93924 -0.74985 -0.32321 0.065337
3.9654 0.11306 -0.8725 -2.679 -0.55237 0.15035 0.24577 -0.8455 0.70094 -0.70724 -1.1033 -0.28707 0.11754
3.9697 0.083799 -0.90783 -2.6985 -0.3993 0.078312 -0.11338 -0.34775 0.34762 -0.58852 -0.73685 -0.65458 0.40501
3.9663 0.050946 -1.0003 -2.4325 -0.70397 -0.094582 -0.040213 -0.48125 0.23111 -0.87942 -0.53715 -0.72133 0.30226
3.7521 0.16806 -0.94927 -2.4166 -0.61243 -0.49363 -0.043229 -0.049988 0.32795 -0.63906 -0.60302 -0.84908 0.44318
2.5647 -0.13236 0.31203 -1.9031 -0.9442 -0.77117 0.33249 -0.30371 0.77338 -0.64503 -0.29766 -1.0175 0.20216
1.4304 -0.58045 1.9897 -0.31494 -0.95475 -0.84237 0.12733 -1.4444 0.51841 -0.87994 -0.25016 -0.28053 -0.25724
1.3889 -1.2758 1.9727 0.50749 -0.083407 -0.51454 -0.66153 -2.0134 0.2995 -0.9019 -0.40644 0.18655 -0.2466
1.3506 -1.2424 2.0902 0.27582 -0.58169 -0.64787 -0.47507 -1.6828 0.8496 -1.076 -0.83442 0.086123 -0.24656
1.0607 -1.6072 1.8123 0.57483 -0.68839 -0.64978 -0.21322 -1.4035 0.26974 -0.8884 -0.21854 -0.17582 -0.22655
0.5941 -1.8949 1.8009 0.9351 -0.23111 -0.30189 -0.52418 -1.6348 0.58975 -0.80454 -0.77024 -0.014005 -0.00037841
