-0.35733 -9.0201 -1.3654 0.075241 1.3279 0.59627 -0.13491 1.7323 0.17193 0.16854 0.77906 0.23005 0.78473
0.51018 -5.7 -0.85185 0.081012 0.5011 -0.38318 -1.6249 0.040171 0.063712 -0.073907 0.90493 0.215 -0.19835
0.048882 -7.3111 -1.9023 -0.15443 0.85616 0.21491 0.038904 0.79859 0.028379 -0.18122 0.63168 0.85802 0.032597
-1.3511 -4.7917 -0.26193 0.84887 0.16962 -0.23299 -0.65886 -0.037349 -0.0067648 -0.69946 -0.61861 0.060121 0.47261
1.887 -3.2786 -1.9652 -1.3865 -0.18883 -1.3589 -1.3706 -0.98091 -0.9945 -1.1152 -0.40475 0.88234 0.17046
3.7204 -3.9741 -3.6107 -2.1223 -0.26783 -0.73231 -1.7731 -0.73805 -0.48227 -0.91349 -0.45588 0.64784 0.13224
4.3688 -4.3378 -4.6606 -2.036 -0.91978 -0.7402 -2.0909 -0.78559 -0.76046 -1.3805 -0.26558 0.15173 -0.32468
4.398 -4.3717 -4.3591 -2.1752 -0.44535 -0.57907 -1.5761 -0.80824 -0.78021 -1.7395 -0.79291 -0.22139 -0.33597
4.1809 -4.1789 -4.0438 -2.2702 -0.70984 -0.55894 -1.6799 -0.89522 -0.67268 -1.5048 -0.75008 0.23857 0.070285
3.3453 -3.2614 -3.3472 -2.6645 -0.65481 -1.2752 -1.5344 -1.4977 -0.83848 -1.5021 -1.057 -0.051936 0.34349
2.2305 -2.7527 -0.69528 -1.6134 -0.39911 -1.3508 -1.3028 -2.2715 -0.71174 -1.1946 -0.91575 0.27907 -0.0025166
2.3813 -2.757 0.17233 -0.59065 -1.1502 -1.5436 -1.4799 -2.4288 -0.33884 -1.2692 -0.59749 -0.22847 -0.11126
2.3208 -2.5593 0.59241 -0.95352 -1.1665 -1.8069 -1.1843 -2.3777 -0.042564 -1.4925 -0.95928 -0.5486 -0.36227
2.2322 -2.5299 1.1395 -0.41254 -1.8084 -1.3545 -1.0758 -2.5354 -0.3359 -1.4254 -0.35415 -0.43318 -0.40491
1.9485 -2.2469 1.2519 -0.42965 -1.3711 -1.1757 -1.1769 -2.5621 -0.25609 -1.5139 -0.42823 -0.23105 -0.25083
1.5584 -2.4755 1.3473 0.24697 -0.5789 -1.1204 -1.33 -2.2764 0.2004 -0.98582 -0.42912 -0.22455 -0.89693
0.30649 -2.6542 1.0254 0.47776 -0.24512 -0.49823 -1.045 -2.0504 0.17789 -0.69198 -0.4744 0.248 -0.35434
0.21438 -3.5459 1.695 0.47446 0.087284 -0.57199 -0.94523 -1.3589 -0.19925 -0.019354 0.49545 0.34012 -0.096291
-0.83125 -3.3162 1.2976 0.11508 0.14252 -0.50272 -0.45383 -0.48474 -0.070332 -0.097719 -0.031779 0.19048 0.13974
-2.508 -2.8118 0.89077 0.08889 -0.81084 -0.47001 0.20206 -0.468 -0.32482 -0.35481 0.42324 0.0040131 0.29549
-1.492 -6.2684 -0.84432 0.59559 0.47007 0.37881 0.036958 0.80355 -0.40177 -0.14733 0.062702 0.37274 0.33597
-3.5445 -2.9886 0.63935 -0.12864 0.039548 -0.14603 0.15092 -0.20108 -0.24937 0.080274 0.38877 0.086046 -0.17551
-5.3765 -2.7018 0.43381 -0.25659 0.037089 -0.12727 0.4523 0.29741 -0.032542 0.17355 0.8456 0.29884 0.76249
-5.1001 -2.7227 0.412 0.03421 0.35036 0.15241 0.19589 0.054693 0.13494 0.1561 0.27141 0.12983 -0.048751
-5.6544 -2.7923 0.456 0.054675 0.33301 0.10842 0.085918 -0.01403 0.24869 0.5464 0.89383 0.90837 0.58399
-5.3172 -2.5633 0.78468 0.31566 0.70257 0.50587 0.56136 0.47406 0.54831 0.43535 0.404 0.35208 0.1776
-4.156 -3.0887 0.031349 -0.95774 -0.44218 0.94483 1.3888 -0.13058 1.2455 0.71651 0.49998 0.79317 0.52719
-2.018 -3.116 -0.080069 -1.3664 -1.0847 0.15529 0.87984 -0.81261 0.60638 0.041796 -0.16028 -0.24772 0.15886
0.81397 -2.0731 0.46592 -1.5168 -1.8546 -1.9339 -0.73013 -1.3298 0.36432 -0.85217 -0.31806 -0.70757 0.1457
1.8872 -2.0595 -0.80955 -2.3478 -1.2894 -1.801 0.056903 -0.13028 0.46293 -0.85936 -0.20994 -0.70017 0.030989
1.9647 -2.7982 -1.5323 -2.543 -0.82063 -1.1188 0.38282 0.41325 -0.088166 -0.98488 -0.085069 -0.21148 0.13221
1.7136 -2.6218 -1.7793 -2.5898 -0.46643 -0.8311 0.49853 0.021576 -0.27608 -0.91659 -0.010646 -0.079621 0.075359
1.3721 -3.1064 -1.6546 -2.647 -1.0314 -0.67007 -0.055844 -0.83664 -0.55804 -1.268 -0.40276 0.27221 -0.59772
1.0581 -2.7177 -1.1384 -2.3201 -0.36865 -0.34969 0.3997 -0.23019 -0.58249 -0.87769 0.085323 0.4823 -0.34776
0.51016 -2.6044 -0.44269 -1.7006 -0.34216 -0.44676 0.33128 -0.31364 -0.7075 -0.91175 0.11549 0.3906 -0.094942
-0.22212 -2.3877 -0.31583 -1.7982 -0.50323 0.025893 0.92558 -0.41887 -0.51541 -0.80185 0.17791 0.40582 -0.11581
