-0.13998 -5.6182 -0.87783 0.47207 0.12824 -0.37529 -0.3902 0.24737 0.6546 0.43482 1.637 0.39551 0.088271
0.11438 -7.4892 -1.9301 -0.026857 0.18612 -0.051294 -0.71283 0.42519 0.84343 0.40037 0.88499 0.57632 0.32734
-0.013679 -6.9317 -1.5524 -0.318 0.076469 -0.41714 -0.69808 0.60358 0.64073 0.092018 1.2667 0.019035 -0.1452
-0.7802 -4.009 0.01772 0.49684 0.29689 -0.34848 -1.5566 -1.0605 -0.74162 -0.80045 0.16595 0.69861 0.40301
2.0893 -3.8164 -1.6727 -1.339 0.059219 -1.0416 -1.6529 -1.0653 -1.086 -0.98668 -0.61072 0.10327 -0.0076426
3.3935 -3.8976 -3.0221 -2.2152 0.06095 -1.0735 -1.5229 -1.0596 -0.89796 -0.66451 -0.96424 0.18237 0.1045
4.0067 -4.066 -3.4561 -2.0541 0.18168 -0.60149 -1.6163 -0.38737 -0.73799 -1.0903 -0.70911 0.35169 -0.16745
4.2382 -3.9054 -3.8314 -1.5743 -0.13368 -0.56772 -1.5344 -0.29303 -0.79965 -1.4121 -0.67865 0.30367 -0.31019
3.9963 -3.4052 -3.5467 -1.8391 -0.032477 -0.58587 -1.3828 -0.0961 -0.83072 -1.5617 -0.74699 0.18755 -0.065973
3.2573 -3.4466 -2.9422 -2.4779 -0.52608 -0.85712 -1.4321 -0.98075 -0.56234 -1.6304 -0.8579 0.35155 -0.07542
1.9962 -3.2346 -0.90916 -1.8641 -0.94899 -1.2842 -1.5113 -1.9188 -0.35687 -1.2304 -1.1051 0.019607 -0.25672
2.0601 -2.7669 0.65022 -0.8583 -1.7234 -1.9497 -1.1197 -2.1553 0.0018161 -1.3792 -0.60815 -0.26636 0.013129
2.0983 -2.959 0.60238 -0.65604 -1.1701 -1.6997 -1.4982 -2.1055 0.28401 -0.7405 -0.63062 -0.43115 -0.60813
1.97 -3.1043 0.68807 -0.20636 -0.67085 -1.9131 -2.1308 -2.2225 0.23126 -0.57349 -0.54468 -0.30789 -0.87176
1.7661 -2.9607 0.67201 -0.26543 -1.3515 -1.7615 -1.1767 -2.0366 -0.3244 -0.81391 0.091209 -0.64672 -0.80857
0.92088 -3.0346 0.66399 -0.21299 -1.5021 -1.3149 -0.69142 -1.6121 -0.12564 -0.7646 -0.12849 -0.70709 -0.58967
-0.30529 -2.6347 1.0502 0.52474 -0.43326 -0.43727 -0.61507 -1.5961 -0.23472 -0.4587 0.35369 0.2536 -0.29975
-0.40215 -3.0559 0.96536 0.11291 -0.75442 -0.3036 -1.1414 -1.1298 -0.19536 -0.45236 -0.47349 -0.23725 -0.12322
-1.3887 -3.0136 0.67967 0.18193 0.24721 -0.020109 -0.42067 -0.94909 -0.55863 -0.34689 -0.024918 0.055945 -0.93286
-3.0842 -2.7666 0.57191 0.26118 0.39649 0.28185 0.054193 -0.23558 0.05501 -0.0433 0.12142 0.26837 -0.04335
-1.7939 -3.542 1.0604 -0.78517 0.2936 -1.7938 0.98386 -0.65626 -0.29396 0.096245 0.56541 0.50841 -0.077257
-3.3221 -2.9075 0.46031 -0.1621 0.32775 -0.090224 0.31179 0.012326 0.088321 0.058539 0.20099 0.11871 0.23554
-4.9277 -2.6372 0.46359 0.084106 0.39853 0.24455 0.33966 0.24983 0.28763 0.22829 0.24945 0.20736 0.20573
-4.3564 -2.5755 0.53007 0.15789 0.48228 0.35057 0.46884 0.39271 0.40309 0.28375 0.24469 0.21177 0.27196
-4.072 -2.8337 0.3151 -0.009695 0.35166 0.25686 0.3694 0.34568 0.38996 0.1279 -0.064001 -0.052064 -0.022636
-4.5932 -2.6311 0.50749 0.14973 0.501 0.42278 0.56677 0.49309 0.45636 0.16986 -0.0092883 -0.033069 0.11862
-4.7379 -2.8278 0.26786 -0.066923 0.83274 0.011212 -0.42867 0.37463 0.95298 0.8742 -0.30876 0.12193 0.40753
-4.1979 -1.8881 1.376 0.1673 -0.55781 -0.51241 0.099442 -0.67577 0.58717 0.097962 0.29838 -0.16746 0.18264
1.1577 -2.2523 0.86588 -1.3959 -1.9252 -1.7335 -0.45601 -1.195 0.29553 -0.41218 -0.25387 -1.2076 0.583
1.6651 -3.2643 -0.27871 -1.6479 -1.4452 -1.1196 0.82427 0.086474 -0.050614 -0.6753 0.055645 -0.88486 0.35074
1.2068 -2.7405 -0.62218 -2.1239 -1.0594 -0.63111 0.6474 -0.2255 -0.17005 -0.89058 -0.063318 -0.55519 0.14953
1.1988 -2.8352 -0.8941 -2.2834 -0.81148 -0.91265 0.4288 0.13397 -0.6176 -1.4475 -0.27517 -0.07322 -0.05863
0.87731 -3.2973 -1.2099 -2.3952 -0.3778 -0.53816 0.16637 -0.38122 -0.83195 -1.0473 -0.40498 -0.010914 -0.22846
