-1.8333 -4.0578 1.0887 0.42179 0.96079 0.057789 0.31653 0.78961 -0.15632 0.30632 -0.004233 0.35528 0.80358
-1.9176 -4.0015 1.043 0.56713 0.36311 -0.09228 1.0683 1.4731 0.63506 -0.2061 -0.41372 0.13443 0.66639
0.18757 -5.248 1.1384 0.43291 1.5157 0.17088 0.000308 1.0071 -0.69167 0.1533 -0.72696 -0.24022 -0.032348
0.0035494 -5.5364 -0.60057 0.31306 1.3985 0.43948 -0.21893 1.4623 0.1251 0.54827 0.10107 0.55666 0.51884
0.063706 -5.7795 -0.16133 0.10348 1.6619 0.56101 -0.36771 1.8236 0.31722 0.48032 0.16252 0.061284 -0.51651
-0.83386 -6.0217 -0.74321 -0.15801 1.242 0.93383 0.61751 1.0475 0.44759 -0.057049 0.17003 -0.19244 -0.17185
0.66023 -2.4042 -1.4618 -1.9591 -1.082 -0.99405 -1.4944 -1.1483 -0.71517 -0.65602 -0.65665 -0.43734 -0.038832
3.3067 -2.9203 -2.859 -2.5459 -0.45061 -0.17741 -1.6186 -0.33946 -0.72633 -0.95093 -0.21589 -0.44608 -0.49813
3.6438 -3.5627 -3.0594 -2.7286 -0.62639 -0.31155 -1.5846 -0.30105 -0.73759 -0.85388 -0.88094 -0.57953 -0.8152
3.8481 -2.9206 -2.8985 -2.9055 -0.46003 -0.27753 -1.2013 0.14841 -0.27188 -0.95268 -0.97691 -0.77737 -0.93758
3.6895 -2.9676 -2.0231 -2.944 -0.68921 -0.76523 -0.89253 0.21935 -0.1931 -0.60242 -1.3436 -1.0316 -0.88306
2.7099 -2.1468 -1.4124 -2.6452 -0.82152 -1.5933 -0.13368 -0.47606 -0.081844 -0.74244 -0.94525 -0.39626 -0.85253
1.6269 -1.9983 0.036982 -1.6357 -0.96501 -1.4114 -0.31848 -1.2931 -0.32897 -0.42603 -0.22925 -0.3087 0.089239
1.5574 -2.4041 0.93868 -0.43875 -1.2836 -1.2905 -1.1127 -1.2471 0.40889 -0.71779 -0.046562 0.21614 0.28556
1.3303 -2.0766 0.46146 -0.9517 -1.1693 -1.4239 -0.39905 -1.6971 -0.10974 -0.80003 0.092818 -0.0080381 -0.11778
0.9232 -2.2774 0.61299 -0.95842 -1.3816 -1.4019 -0.39366 -1.591 -0.17004 -0.733 0.11193 -0.59757 -0.12442
0.027078 -2.5078 0.82257 -0.42356 -1.1642 -0.93238 -0.11741 -1.1105 -0.16968 -0.7845 -0.15472 -0.56473 -0.34347
-1.9235 -2.8254 0.78192 0.41509 -0.3378 -0.4861 -0.6335 -0.92205 0.61173 -0.31974 -0.89622 -0.57897 -0.51262
-1.9754 -5.2565 0.69239 -0.91679 0.99536 0.34728 0.37274 1.0219 0.29278 0.77823 0.23217 0.059322 0.52207
-3.1704 -2.674 0.9048 -0.15123 -0.45459 -0.052931 1.023 0.49674 -0.068794 0.080107 0.72696 -0.16886 0.19693
-3.9971 -2.5704 0.87072 0.68609 1.1113 0.52282 -0.27491 -0.3789 0.44995 0.38376 0.17551 0.63698 -0.34938
-3.8183 -2.8057 0.99424 0.13005 0.68686 0.3851 0.55411 0.42841 0.53054 0.55057 0.64501 0.48155 0.25989
-3.463 -3.0168 0.51449 -0.18134 -0.016009 0.097362 0.62518 0.59802 0.48075 0.2122 0.13552 -0.091 0.20799
-3.2887 -2.6173 0.77189 0.22098 -0.11753 0.090574 0.47382 0.10519 0.52677 0.18384 0.38363 0.26487 0.33523
-1.4197 -2.8795 0.62148 0.33666 0.7309 0.6549 0.3981 0.56475 1.0736 0.31478 -0.32677 0.30724 0.36682
-1.7392 -2.6301 0.69853 0.35637 0.70912 0.65413 0.70349 0.92942 1.2038 0.38812 -0.33405 0.099799 0.31745
-1.9012 -2.8301 0.54545 0.50734 0.73782 0.63525 0.31819 0.42811 0.99317 0.4474 -0.16848 0.67673 0.54513
-2.8203 -2.3827 0.81767 0.60052 0.81045 0.63164 0.37608 0.34827 0.83908 0.5455 0.21529 0.66819 0.38623
-0.69999 -2.3629 0.70937 0.028568 -0.3642 -0.36422 -0.31069 -0.86245 0.5949 -0.25662 -0.39482 -0.041687 0.19178
0.75345 -1.8137 0.39244 -1.43 -0.97457 -1.2323 -0.38004 -0.80705 0.30223 -0.63789 -0.21334 -0.31263 0.0058965
0.37381 -2.3648 -0.10714 -1.2209 -0.60251 -1.039 -0.28987 -0.76599 -0.048402 -0.45798 -0.1476 -0.56691 -0.32979
