-0.46717 -5.7718 -1.4486 0.42293 2.7395 0.83159 -0.094263 1.2993 0.037972 0.19204 -0.49919 0.47572 0.17726
-0.9602 -6.7759 -1.5313 0.62042 1.5937 0.30664 -0.18926 0.73343 0.6744 0.6576 0.27489 0.35589 0.65984
-0.68753 -4.7164 -1.0044 -0.51282 1.0786 0.26286 0.25097 1.5805 0.5273 0.14719 -0.25244 0.16227 -0.14883
-1.0323 -4.2924 -0.14749 -0.06515 1.371 0.4938 0.14051 1.1031 0.71973 0.44467 0.23812 0.18429 0.15326
0.57946 -5.9362 -0.024054 0.26988 1.628 -0.64739 -0.43858 1.7799 0.56181 -0.44427 -0.30564 0.25417 0.30202
0.15771 -4.9599 -0.74372 -0.13855 1.6921 -0.25036 -0.57141 1.5538 0.24841 0.04047 0.13018 0.38393 0.077621
-1.4407 -4.7705 -1.3389 -0.85902 0.67136 -0.12563 -0.72199 1.2004 -0.12671 0.00054059 0.50293 0.52613 -0.31681
-0.12248 -2.1918 -0.0044221 -0.86146 -0.59894 -0.40141 -0.41571 -0.68487 -0.68801 -0.96225 0.10643 0.19761 -0.13714
3.1655 -2.4156 -2.4205 -2.6912 -0.88544 -0.17119 -1.0448 -0.097384 -1.0292 -1.5926 -0.58479 -0.029764 -0.79652
3.7036 -2.9064 -2.5534 -2.2366 -0.26751 0.14018 -1.6129 0.47069 -1.2428 -1.4314 -0.54817 -0.50189 -0.49291
3.5577 -3.2446 -2.4253 -2.1791 -0.49941 -0.012461 -1.44 0.26653 -1.3229 -1.4251 -0.77293 -0.82175 -1.0258
3.3647 -3.1157 -2.534 -2.4783 -0.56342 -0.21734 -1.5603 -0.27055 -1.3344 -1.6151 -0.93916 -0.64998 -1.2566
3.0357 -2.5206 -2.0496 -2.4184 -0.02083 -0.32934 -1.2454 0.096344 -1.0708 -1.2831 -0.89145 -0.91471 -0.39565
2.2155 -2.3763 -1.2226 -2.0258 -0.32862 -1.1216 -0.75083 -0.70888 -0.68014 -0.98853 -1.4922 -0.82654 -0.34765
1.3474 -2.2928 0.31281 -1.0399 -0.15201 -0.4271 -0.65019 -1.4798 0.058686 -1.5074 -1.8929 -0.32721 -0.543
1.4438 -2.4673 1.0902 -0.1188 -0.055952 -0.65201 -1.3749 -1.6407 0.18758 -0.86597 -1.6379 -0.70949 -0.40294
1.2063 -2.745 0.78875 0.29389 0.37219 -0.31689 -1.0394 -1.6746 -0.12873 -0.77168 -1.2945 -0.59631 -0.79586
1.1849 -2.5477 1.0577 0.25212 -0.080686 -0.85599 -1.0748 -1.4193 0.20359 -1.1334 -1.6203 -0.56472 -0.70839
1.1267 -2.2453 1.3886 0.22429 -0.6886 -0.78087 -0.55736 -1.7146 0.054091 -1.4656 -1.0791 -0.52779 -0.76465
1.1328 -2.3847 1.3762 0.75953 -0.53458 -0.44937 -0.33216 -1.6692 -0.22495 -1.444 -0.87029 -0.64451 -0.70162
1.0829 -2.2195 1.8778 0.73338 -0.53147 -0.54492 -0.78105 -2.1825 0.18435 -1.1629 -0.94789 -0.45956 -1.0577
0.74298 -2.6318 1.3372 0.93158 0.014355 -0.22173 -0.86063 -2.3472 -0.17877 -1.0937 -0.63979 0.014078 -1.0762
-0.19433 -2.6532 1.0716 0.5793 0.040722 -0.17926 -0.85221 -1.7775 0.34184 -0.64155 -0.96428 -0.18721 -1.3073
-1.5281 -2.9765 0.44786 -0.045092 0.35178 -0.54308 -0.412 -0.65646 -0.29858 0.10213 -0.1385 0.40872 0.083412
-2.5195 -3.6359 1.1718 -0.10777 0.48409 -0.21903 -0.62638 -0.81046 0.12799 0.17887 0.15692 0.53854 0.075118
-3.0375 -3.9836 1.0857 -0.46387 0.29502 -0.11085 -0.86313 -0.58166 -0.48624 0.23507 1.0112 0.59467 -0.25998
-3.4742 -4.3341 1.437 -0.34828 0.3872 0.33013 -0.58802 -0.38379 0.088558 0.20164 0.98147 0.68353 0.010056
-3.5282 -3.6542 0.73329 -0.38268 0.13912 -0.013889 0.57658 0.14966 0.0023706 -0.033286 -0.19867 -0.24298 -0.291
-1.9884 -6.6369 1.6414 0.36445 0.49365 0.061549 0.40421 0.69979 0.45635 -0.22348 0.25164 0.40934 -0.18887
-2.5777 -5.9328 1.8417 0.52689 0.38747 -0.062765 0.30997 -0.012317 -0.032248 0.35563 0.74209 0.38145 -0.13471
-0.65562 -7.7714 1.0466 -0.43442 0.19954 0.10955 0.75951 -0.080373 0.12324 0.58314 0.52018 0.5161 0.05627
-2.1767 -5.262 1.346 -0.31546 0.55666 -0.0090621 0.045521 -0.018375 0.06841 0.43752 0.43756 0.38074 0.071032
-2.2915 -4.3261 1.0313 -0.036028 0.31457 -0.70793 -0.19051 -0.44501 -0.70327 0.54604 0.6104 0.66661 0.095513
-3.5645 -3.369 0.41309 -0.21415 -0.62261 -0.38023 0.71284 0.86527 0.18528 0.22815 0.2725 -0.13557 0.73483
-5.1834 -2.3895 0.66873 0.20257 0.65799 0.50289 0.72168 0.5173 0.018514 0.29457 0.77208 0.44795 0.31545
-1.4337 -2.4595 0.92597 0.28563 -0.34217 -0.19904 -0.49938 -1.467 -0.21842 -0.68791 -0.46257 -0.19773 -0.42255
1.1308 -2.1858 0.015599 -1.9511 -0.81653 -0.7564 -0.14345 -0.9652 -0.59812 -1.0109 -0.61567 -0.76212 -0.13072
1.5243 -2.8297 -0.80636 -2.3555 -0.20419 -1.2533 -0.54764 0.23739 -0.48386 -0.82094 -1.0751 -0.22335 -0.10495
0.26382 -1.8978 0.10266 -1.1366 -1.2566 -0.98505 0.42702 -0.44404 -0.23941 -1.1209 -0.15878 -0.65378 0.24262
