-0.76329 -6.7469 1.2779 -0.64237 1.0765 -0.66006 -0.38995 0.3305 0.92725 -0.11108 -0.30196 0.30375 -0.29426
-1.2746 -7.1384 -0.45442 0.54898 1.9844 -0.052238 -0.39763 0.97721 0.46211 -0.044101 0.79737 0.29948 -0.059657
-2.9518 -4.8569 0.81574 0.34657 1.7414 0.19051 0.60944 1.1569 0.7834 -0.032995 0.24899 -0.07523 0.10641
-0.066465 -7.6252 -0.8694 0.34943 2.7388 0.95186 0.55842 1.4546 0.63807 -0.59055 -0.13902 -0.34471 -0.49397
-1.5488 -5.653 0.00054831 -0.22732 2.3297 -0.17013 -0.16536 0.39828 0.71953 0.20637 -0.087804 1.0567 1.0033
-2.4639 -5.0572 -1.0437 -0.39574 1.686 1.4824 0.28154 0.86648 0.89315 0.81319 -0.47504 0.59117 -0.52846
-3.3719 -3.2727 -0.082044 0.035903 1.3851 0.055672 -0.38127 0.2362 0.2644 -0.058647 -0.14227 0.54103 0.039861
-0.28287 -1.2905 0.05797 -1.9515 -0.80672 -0.78736 -0.02394 -0.96604 0.20135 -0.96686 -0.32123 0.14974 0.059097
0.91136 -1.6309 -1.2767 -2.7863 0.11874 -0.54424 -0.10669 -0.29039 0.069783 -0.42397 -0.53205 -0.26735 -0.049757
1.0718 -2.2733 -1.53 -2.8261 -0.046015 -0.6853 -0.44375 -0.80137 0.21565 -0.35224 -0.84465 -0.42232 0.29037
0.88722 -2.158 -1.1321 -2.9858 -0.297 -0.67375 -0.091206 -1.0575 -0.041011 -0.39129 -0.38279 -0.39343 -0.0543
0.31251 -2.3354 -0.58629 -2.6317 -0.99908 -1.0324 0.062216 -1.5084 -0.42824 -0.30099 -0.22587 -0.57703 -0.10152
-0.77341 -1.8774 0.70882 -1.5572 -0.74772 -0.92636 -0.38987 -1.5082 -0.05617 -0.5273 -0.030292 -0.13978 -0.22941
-0.73586 -1.835 1.3935 -0.42089 -0.71919 -1.0351 -0.35039 -1.5622 -0.065269 -0.69593 0.27933 -0.039259 -0.0175
-0.86266 -2.2798 1.2333 -0.0029422 -0.53361 -0.65208 -0.45146 -1.8448 -0.46758 -0.85132 0.45231 0.36125 -0.18313
