-2.4466 -5.5127 0.63002 -0.31369 0.71745 -0.34558 0.39297 0.59777 0.64241 0.40314 0.29364 0.18701 -0.50376
-0.82659 -4.8251 1.6008 -0.79968 2.1471 -0.33618 1.3167 0.16149 -0.094337 -0.21937 -0.31648 0.50964 -0.3542
-0.66897 -5.1434 1.5271 -0.74509 2.368 -0.052878 1.223 0.2403 0.30433 0.039172 -0.020106 0.53293 -0.37097
-0.53165 -6.4457 1.029 0.43836 2.3587 0.29818 0.46814 0.28112 0.46699 -0.42448 0.48243 0.47076 -0.31125
1.1467 -8.2297 0.92424 -0.57271 2.2032 -0.050339 0.44479 0.39205 0.6697 0.50534 -0.01986 0.85885 -0.22589
-2.477 -4.7713 0.61041 -0.32779 1.4062 0.10211 0.157 1.0185 0.73107 0.59748 0.34767 0.21419 0.5275
0.9888 -6.3385 0.16593 -0.22918 2.9679 -0.77686 0.16613 1.5539 0.32527 -0.11654 -0.52489 0.11669 -0.20752
-1.7616 -5.2787 1.3846 -0.59106 1.3804 -0.029936 0.30126 0.72496 0.45517 0.14742 0.21436 0.86257 0.31133
0.56752 -6.1669 0.080777 0.18673 2.7578 0.10802 -0.078515 0.97772 0.12873 -0.36857 -0.2202 0.054176 -0.32923
-1.3603 -5.7878 0.11578 0.013781 2.095 -0.28647 0.99671 1.6501 0.88389 -0.20751 -0.0095007 0.31982 -0.38964
-1.2695 -6.1398 0.28394 0.66012 1.6834 -0.049709 0.69187 1.5051 0.98791 0.06281 0.051385 -0.036118 -0.77541
-2.3869 -4.9069 0.48146 0.83629 1.7268 0.21247 0.4228 1.1109 0.57532 0.10468 0.63426 0.33182 -0.40615
-2.151 -5.7525 -1.9911 -0.84479 1.8357 0.41661 -0.5236 1.2872 0.64888 0.7112 0.45577 1.2358 -0.068967
-4.0768 -3.3132 -0.43274 0.069514 1.6752 0.087098 -0.063632 0.45665 -0.22706 0.094057 0.012188 0.69517 0.22427
-0.58409 -1.7192 -0.39891 -1.4806 -0.31911 -1.4151 -0.94558 -0.8293 0.16221 -0.73299 -0.6637 0.18287 -0.057168
0.43707 -1.9005 -0.57311 -2.3995 -0.7028 -0.52954 -0.045818 -0.4302 0.17708 -0.66709 -0.53907 0.1827 0.15557
1.0834 -1.8331 -1.5133 -3.2569 0.4391 -0.78916 -0.49238 0.13926 -0.19008 -0.42046 -0.44626 -0.054481 0.30403
1.1742 -2.1423 -1.3283 -3.0775 -0.54393 -0.41953 -0.23165 0.01542 -0.045803 -1.0671 -0.37518 -0.25415 -0.024123
1.0538 -1.6346 -1.0475 -3.4087 -0.36573 -0.48643 0.057917 -0.78667 0.19944 -0.33531 -0.85572 -0.17632 0.47089
0.72254 -1.4356 -0.38469 -2.9681 -0.35726 -0.82946 0.50921 -0.74983 -0.26483 -0.22465 -0.35811 -0.77312 0.37795
0.33246 -1.5818 -0.053128 -2.286 -0.82035 -0.94002 0.32861 -0.70786 -0.45438 -0.51281 0.07328 -0.9688 0.18268
-0.23765 -1.6161 0.52625 -1.7018 -1.2712 -1.1428 0.54349 -1.0763 -0.31383 -0.78249 0.52268 -0.89383 -0.17997
-0.32074 -1.8747 1.4647 -0.11686 -1.3048 -1.3257 -0.15086 -1.2331 0.03392 -0.51089 0.47316 -0.7551 0.063118
-0.43492 -1.6635 1.8702 0.266 -0.84905 -0.8427 -0.12075 -1.7865 -0.16906 -0.80476 0.53176 -0.0091097 0.011903
-0.45857 -2.0522 1.6811 0.5587 -0.49024 -0.88714 -0.6802 -1.8722 -0.15848 -0.87083 0.11282 0.071232 0.37102
