0.58571 -8.2182 0.48032 0.087011 1.514 -0.8204 -0.60819 2.0306 -0.50266 0.79708 0.69312 0.56195 0.21687
-2.8502 -7.2502 1.8727 0.9544 1.1184 0.16454 1.1366 1.4576 0.3678 0.41894 0.30839 0.016654 -0.11075
-0.46495 -4.9746 1.4297 1.5229 1.7994 -0.50899 -0.26566 -0.066646 -0.50141 0.36823 0.25096 -0.41334 -0.45999
0.41969 -6.4012 0.87425 1.175 1.184 -0.56757 0.44701 0.62757 -0.33815 -0.33439 0.40237 0.042399 -0.31705
1.1568 -7.6384 0.85271 0.061675 1.5587 -0.61398 0.74867 1.5895 -0.18542 -0.37008 0.13157 -0.1608 -0.1932
2.1152 -7.2081 0.99622 0.91731 1.3703 -0.99711 0.61859 1.1231 -0.69426 0.20293 0.30034 -0.3157 -0.79643
1.8963 -8.4326 0.14655 -0.067997 1.7265 -0.073067 0.56368 0.60521 -0.28951 0.064314 0.0027858 0.28113 -0.54029
1.5473 -8.1493 -0.78701 0.4012 1.6592 -0.71814 -0.14328 0.53079 -0.15775 0.0014113 0.60303 0.2481 0.040246
1.5905 -7.7748 -0.26278 0.63675 1.8987 -0.80064 -0.53149 1.0855 0.27953 -0.0042824 0.56443 0.51357 -0.43446
1.6524 -2.9273 -1.9656 -1.8929 -0.38581 -1.0845 -0.99011 -0.29047 -0.65058 -1.0001 -0.086575 -0.21902 -0.4366
3.5287 -3.2797 -3.8497 -2.1324 -0.52248 -1.3129 -0.75667 -0.54078 -0.92483 -1.2849 -0.12901 -0.16387 -0.46558
3.9648 -3.3729 -4.2104 -1.5693 0.32748 -1.2932 -0.37195 -0.43618 -0.75492 -0.85406 -0.36098 0.11738 -0.26355
4.0801 -3.6314 -3.9429 -1.3573 0.20559 -1.0715 -0.79729 -0.10377 -0.60927 -1.0184 -0.25931 -0.32968 0.016955
3.8466 -4.0558 -4.1451 -1.5669 -0.57453 -1.4893 -1.0527 -0.51408 -0.18915 -1.4058 -0.33479 -0.65786 -0.87875
3.514 -3.5118 -3.531 -1.5439 -0.83053 -1.3067 -0.80288 -0.14913 -0.30524 -1.534 -0.24698 -0.69507 -0.66146
2.997 -2.4468 -2.2576 -2.0153 -0.83701 -2.0062 -0.65234 0.18162 -0.52409 -1.3146 -0.1599 -0.43073 -0.12623
2.4345 -1.8403 -1.1821 -2.0164 -1.2977 -2.7289 -0.30788 -0.13996 -0.58418 -1.0326 -0.19796 -0.89481 -0.3457
1.7261 -1.5727 0.32092 -1.8953 -2.1609 -2.6318 -0.30778 -0.73731 -0.79567 -1.2094 0.017527 -0.51781 0.076753
1.739 -2.1369 0.39327 -1.1347 -2.0667 -2.0046 -0.56852 -0.68992 -0.12326 -1.6516 -0.36328 -0.50707 0.065919
1.6283 -1.4 0.93434 -1.0239 -2.3298 -1.8513 -0.044375 -0.93104 -0.0061134 -1.341 -0.093012 -0.30398 0.073731
1.599 -2.0025 0.72873 -1.2374 -2.0851 -2.1887 -0.12935 -1.0419 0.020996 -1.6802 -0.24999 -0.23292 -0.4611
1.3298 -2.1033 1.0252 -1.0485 -1.7249 -1.8737 -0.8633 -1.7093 -0.11898 -0.65769 -0.32076 -1.137 -0.42138
0.54069 -2.1734 1.4482 -0.12415 -1.053 -1.349 -1.4145 -2.2807 0.67463 -0.59604 -0.48445 -0.66228 -1.1259
1.3904 -4.5931 2.5421 -1.2576 0.28801 -1.3594 0.080675 -0.24713 -0.053085 0.42454 0.68756 -0.2712 -0.053086
1.1243 -5.8384 1.9717 -2.0828 -0.2198 -0.79874 0.70928 0.21384 -0.26924 0.025905 0.38185 -0.090865 -0.38263
-0.97586 -4.7725 1.5918 -0.071074 -0.48262 -0.75437 -0.4082 -0.63425 -0.034219 0.37974 0.16682 -0.5839 -0.19379
0.062314 -6.3803 0.91332 -0.32389 -0.31184 -0.40397 0.17674 0.71234 0.52992 0.10662 -0.0001618 -0.62041 0.035128
-0.3416 -6.9369 0.64691 -1.5033 -0.32309 0.10435 0.1299 0.29021 0.47993 0.46081 0.67914 0.25731 -0.029598
