-1.7435 -6.4037 -0.49372 -0.64977 2.4907 1.0603 0.097937 0.76797 -0.032659 0.70261 -0.12479 -0.11838 -0.24617
-1.0225 -6.9563 -0.87009 -0.75138 1.9083 0.80902 -0.18687 -0.1347 0.43593 0.40516 -0.14914 0.5779 -0.11153
-0.26608 -8.0778 -1.3389 -1.5692 2.1091 0.49547 0.19767 0.63705 0.70355 0.96835 -0.032261 0.55722 -0.13089
-0.61011 -7.3255 -0.2839 -0.90136 2.1027 0.097334 -0.20337 0.77429 0.60921 0.72867 0.079876 0.17416 -0.35184
-1.6629 -6.9835 -1.8776 -0.9783 2.1896 0.70603 -0.1543 0.81625 0.4088 0.057416 -0.33313 0.0047628 0.077247
-0.44279 -2.0249 -1.0448 -1.4706 0.97204 0.20376 -1.3671 -0.73238 -0.60547 -0.74115 -0.61999 0.1496 -0.29565
3.6912 -2.7149 -3.0499 -2.8765 0.8611 0.053795 -1.7887 -0.42051 -0.53285 -0.75815 -0.51219 0.072788 -0.72813
4.3208 -3.2013 -3.2862 -2.8486 0.34473 0.053908 -1.7188 -0.2131 -0.31844 -0.65819 0.025021 0.0048015 -0.77874
4.6582 -3.6706 -3.896 -2.4201 -0.33927 0.067631 -2.0655 -0.27012 -0.79452 -0.75533 0.045831 -0.0311 -0.88261
4.803 -3.8831 -3.4172 -2.2565 -0.01591 -0.053089 -1.6946 -0.083439 -0.91416 -0.63772 0.075161 0.1538 -0.95795
4.9024 -4.2284 -3.6987 -2.6885 -0.35905 -0.21033 -1.7168 0.020822 -1.1757 -0.83182 0.10362 0.36438 -0.90281
4.7695 -3.597 -3.2266 -2.2655 -0.1204 0.2044 -1.6098 0.36155 -0.95928 -0.86838 0.31619 0.54555 -0.8673
4.5307 -3.7253 -3.0629 -2.9776 -0.32333 -0.45751 -1.5032 0.35148 -1.0981 -1.1257 0.11484 0.38115 -0.80949
3.9339 -2.8095 -2.2737 -3.078 -0.6249 -0.31926 -1.6366 0.60083 -1.0176 -1.2394 -0.054164 0.4151 -0.54948
2.7042 -1.9834 -2.0117 -2.3159 -0.97827 -1.3209 -1.3726 -0.11168 -0.88342 -0.87144 0.10352 0.055301 -0.39758
1.5334 -1.5518 -0.11948 -0.92067 0.13134 -1.7396 -2.1212 -0.72192 -0.18099 -0.88286 0.57399 0.26667 0.093783
1.0422 -1.4364 0.14159 -0.62423 -0.46919 -2.374 -1.6828 -0.45161 -0.11393 -1.3995 0.16374 -0.23738 -0.22311
1.145 -0.84633 -0.15343 -0.98346 -0.4884 -2.0774 -0.95629 -0.98607 -0.43477 -0.95618 0.55255 -0.15374 -0.57858
1.2875 -0.68323 0.0682 -1.0996 -0.82226 -2.4199 -0.50909 -1.2616 -0.63633 -0.74279 0.62896 -0.43253 -0.45298
1.296 -0.36934 0.44607 -1.2564 -0.79171 -2.35 -0.73034 -1.0249 -0.19336 -0.81699 0.47185 -0.53506 -0.29185
1.1586 -0.33161 0.57187 -1.2921 -0.37815 -2.3121 -0.9714 -1.1868 -0.23168 -0.36494 0.45367 -0.88238 0.048599
0.6599 -0.97458 0.95473 -0.76658 -0.71815 -1.7813 -0.88152 -1.4254 0.040515 -0.43562 0.39965 -0.42407 -0.22249
0.57769 -0.76452 1.4554 -0.28228 -0.54174 -2.1314 -0.84621 -1.3441 0.3313 -0.14758 0.61427 -0.33115 -0.163
-0.07615 -1.5643 1.358 0.17862 -0.56142 -1.6367 -0.99059 -1.5411 0.27253 -0.56693 -0.0056091 -0.1078 -0.15305
-2.1066 -2.4761 1.2757 0.1116 -0.41486 -0.42994 0.15741 -0.9288 -0.023172 -0.51231 0.23352 -0.030176 -0.51424
-2.5513 -2.8638 0.51734 -0.32732 0.043573 -0.32094 0.38162 -0.44834 0.2137 -0.13467 0.1053 0.36073 0.14454
-3.3895 -3.3866 0.23033 -0.49988 0.36796 -0.17346 -0.33639 0.021394 0.28131 -0.0042436 0.2846 0.035248 0.51004
-2.8757 -2.7388 0.31989 -0.41272 0.1003 -0.43442 -0.34334 -0.42088 -0.27828 0.61904 0.50048 0.42308 0.60507
-3.5521 -2.9174 0.3848 -0.34352 0.070839 -0.34606 -0.18666 -0.51114 -0.00018636 0.48086 1.1212 0.53705 0.0014829
-2.9042 -2.784 0.81535 0.28339 0.22842 -0.049104 -0.0016385 -0.53922 -0.23848 0.47016 1.3883 0.50227 -0.41917
-3.8268 -2.9786 0.47886 0.11993 0.53364 -0.1156 -0.62185 -0.7705 -0.075623 0.45575 0.93521 0.87602 -0.014726
-5.6922 -2.4273 0.86495 0.33292 0.48148 0.24229 0.29429 -0.049416 0.038422 0.35899 0.84892 0.40522 -0.20906
-5.2588 -2.8677 0.59386 0.47068 1.4269 0.32969 -0.73343 -0.41306 0.75797 0.67297 -0.12228 0.74875 -0.029251
-3.4963 -4.3532 1.7722 -0.24773 0.46565 0.085605 0.11143 -0.045818 0.12794 0.41985 0.75489 0.7029 -0.028569
-2.9849 -4.2395 0.79319 -0.98069 0.14958 0.30496 0.11492 -0.03792 0.27658 0.6468 0.23878 0.58357 0.50961
-4.5081 -3.1263 0.19868 -0.409 0.27377 -0.067725 0.16424 -0.064522 0.53755 0.47261 0.28056 0.19914 0.56698
-0.22801 -1.8273 0.43239 -1.001 -1.7133 -2.1916 -0.49055 -0.81439 -0.49733 -0.75379 -0.37272 -1.1874 -0.46457
1.899 -2.5767 -0.46907 -1.5013 -1.5607 -1.4506 -0.3147 0.73431 -0.32583 -0.26419 0.33819 -0.67487 -0.35253
2.4535 -3.0211 -1.4845 -1.8504 -1.5789 -0.95437 0.043587 0.97842 -1.0739 -0.98135 0.078832 -0.4741 -0.54338
2.5026 -3.5094 -1.9514 -1.606 -1.6311 -0.28282 0.16904 0.65295 -1.2633 -0.65469 -0.043094 0.24974 -0.25701
2.4459 -3.696 -2.1707 -1.9548 -1.0186 -0.36843 -0.13349 0.19117 -1.2674 -0.92983 0.010226 0.36434 -0.30414
1.8785 -3.2628 -1.8708 -2.1375 -0.65491 -0.12446 -0.43031 0.1353 -0.98066 -0.68464 0.51035 0.66527 -0.24809
1.3493 -2.959 -2.0404 -2.1573 0.14885 0.055622 -0.65389 -0.079323 -0.89698 -0.52178 0.4384 0.63114 -0.20023
1.4699 -2.5262 -2.2682 -1.434 0.96118 0.37127 -1.3557 0.14924 -0.59299 -0.74148 1.1237 0.61871 -0.26095
