-1.786 -4.6247 0.95178 0.20897 0.84567 0.10609 0.18557 0.92874 0.55463 0.14757 0.23024 0.29258 0.096968
-1.3341 -6.4138 -1.12 0.1569 1.1047 -0.273 0.1867 1.049 -0.10785 0.14142 0.37432 0.43064 -0.13232
0.47195 -8.6357 -0.25077 0.19834 1.413 -0.24687 0.11377 0.62053 0.11126 1.0613 0.47175 0.33759 -0.49811
-0.37876 -6.2062 0.10007 0.73409 0.86973 -0.13767 0.29794 0.10455 0.080531 0.32507 0.15206 0.39261 -0.25523
-0.16882 -7.1145 0.86769 0.21037 0.76 0.27097 0.51536 0.75247 0.5307 -0.054788 -0.27281 0.39734 -0.55663
-0.15642 -8.9526 -0.76104 0.11759 0.60451 0.92975 1.4767 0.54384 -0.30139 -0.29544 1.0261 1.045 -0.89215
-0.6692 -8.1505 -0.80596 -0.24859 1.4109 0.099105 0.907 0.60493 0.103 0.10003 0.018235 0.77216 -0.35766
-1.4399 -7.0854 -0.69126 -0.053124 1.223 0.29063 0.4917 1.2672 0.19507 0.47077 -0.09735 0.59892 -0.1229
-2.5515 -5.5156 -2.072 -1.2359 1.1839 0.21132 -0.56867 0.85289 -0.15788 1.1621 0.98454 1.3265 0.10356
-4.1079 -3.2793 0.10179 -0.4217 1.132 0.12873 -0.33675 0.042017 -0.17962 0.18598 0.16014 0.44735 0.14354
1.41 -2.793 -2.5489 -2.2405 -0.49093 -1.2906 -0.70985 -1.0544 -0.89075 -1.4372 -0.75751 -0.086059 -0.50877
3.5317 -2.655 -3.7871 -2.9851 0.35745 -1.3778 -0.24883 -0.46062 -1.0925 -0.44855 -1.1729 -0.54771 -0.37524
3.3853 -2.1466 -2.8497 -3.7757 -0.041949 -1.1308 -0.51854 -0.45033 -0.7781 -0.85179 -1.2531 -0.56948 -0.96335
3.5136 -2.0743 -2.6648 -3.6478 -0.018412 -0.76304 -0.21589 -0.31909 -0.66707 -0.65964 -0.99047 -0.50394 -0.66282
3.4642 -1.5748 -2.1591 -3.2433 -0.14111 -0.73295 0.0070093 -0.46071 -0.40584 -0.96017 -0.67799 -0.39791 -0.72328
3.3031 -1.5764 -1.7721 -3.4324 -0.2884 -0.66424 -0.20062 -0.51856 -0.30111 -0.90884 -0.94252 -0.27627 -0.50106
2.9351 -1.793 -1.2831 -3.1412 -1.2673 -1.3056 -0.34133 -1.0416 -0.19066 -0.95455 -0.72917 -1.1634 -0.32941
1.769 -2.1391 0.36609 -1.4009 -0.89218 -1.0769 -0.14773 -0.82152 0.52426 -0.38631 -0.66778 -0.5961 0.11704
1.5604 -2.2302 0.77708 -0.67173 -0.71637 -1.0302 -0.63111 -1.7634 -0.097324 -0.93954 -0.37918 -0.093528 -0.12747
1.6107 -2.0556 1.2252 -0.71199 -1.2851 -1.1352 -0.16202 -1.5358 -0.030566 -1.3903 -0.48881 -0.099002 0.019983
1.4475 -2.0516 1.4156 -0.25533 -0.88663 -0.87567 -0.40866 -1.9419 -0.081348 -0.95752 -0.26554 -0.11881 0.0030624
1.2027 -2.317 1.065 -0.37714 -0.80003 -0.75587 -0.58887 -2.0863 -0.29637 -1.0666 -0.35234 -0.1581 -0.1892
0.74497 -2.6008 1.0584 -0.065495 -1.2987 -0.91074 -0.62912 -1.7431 0.3336 -0.86884 -1.093 -0.91487 -0.53722
