-3.2918 -3.5059 0.059077 0.71476 0.37424 0.32446 -0.010284 0.38313 0.19887 0.43624 0.29517 0.40599 0.94407
-1.8043 -4.9144 -0.94335 0.4116 0.95807 0.51181 -0.10411 0.76724 0.068476 0.35545 0.17809 0.33463 0.20218
0.23704 -8.6022 -0.8118 0.44042 1.3389 0.80509 -0.40011 2.1066 -0.26992 0.34373 0.14757 0.35445 0.48456
0.33628 -7.0237 -0.96532 -0.14269 1.8035 0.74085 0.0044063 1.9627 0.56342 0.26521 -0.031471 0.066545 0.14365
2.5838 -6.7514 -2.3181 -0.616 1.513 0.62342 -0.32862 2.0176 -0.38324 -0.19136 0.64004 -0.020537 -0.11783
0.6095 -5.1244 0.22922 0.22577 1.1873 0.34487 0.068489 2.3974 0.28057 0.38051 -0.1333 -0.45817 0.28237
2.491 -7.125 -0.71228 0.45784 1.9384 1.5121 -0.24578 1.8242 -0.80332 -0.39241 0.88065 0.53115 0.16741
0.3636 -5.9326 -0.96128 0.22286 1.6655 1.4276 -0.29522 1.16 0.63969 0.062827 0.051477 0.42073 0.091207
1.3689 -7.7546 -2.5487 -1.0783 1.0413 0.82519 -1.2005 -0.1117 -0.16419 0.076002 0.61629 0.91432 0.13474
1.0522 -3.3101 -0.70972 -1.0374 0.08234 -0.4768 -1.221 -0.65636 -0.43422 -0.85897 -0.45137 0.43595 0.17106
3.7706 -2.6178 -3.1786 -2.1419 -0.64754 -0.44283 -0.74391 -1.1348 -0.6368 -1.3693 -0.82767 0.23203 -0.36521
4.3602 -3.5994 -3.8922 -2.1393 -1.2077 -0.87962 -1.3029 -1.0215 -0.88624 -1.2097 -0.80824 -0.037975 0.018237
4.4918 -3.4694 -3.9092 -2.1894 -1.2785 -1.0865 -0.8839 -0.81927 -0.7181 -1.2084 -0.95734 0.24736 0.094539
4.3505 -3.1757 -3.6994 -1.8871 -1.4365 -1.0194 -0.63136 -0.54209 -0.43422 -1.3552 -0.96449 0.1593 0.29982
3.6781 -3.1947 -2.8402 -2.0831 -1.4753 -1.5231 -0.45289 -0.50636 -0.45758 -1.3774 -0.86339 -0.045617 0.18333
2.5338 -2.8365 -2.167 -2.3292 -1.6552 -1.6431 -0.89157 -1.269 -0.5571 -1.5368 -0.69242 -0.58853 -0.12533
1.4806 -3.0815 0.090138 -0.84931 -0.83584 -0.50737 -0.54647 -1.077 0.029882 -1.069 -0.61517 -0.18679 -0.025338
1.4807 -2.9012 0.51953 -0.58382 -0.83842 -1.7686 -0.96942 -1.3874 -0.19673 -1.2017 -1.0111 -0.15003 0.4493
1.367 -3.3378 0.5468 -0.96754 -1.2576 -1.551 -1.5897 -1.85 -0.62661 -1.4756 -0.99801 -0.40847 -0.19406
1.3889 -3.2498 0.80034 -0.47477 -1.044 -1.3496 -1.5749 -1.4541 -0.13725 -1.5505 -0.95361 -0.044549 -0.01882
1.3542 -2.8933 0.63826 -0.60332 -0.81514 -1.3837 -1.0683 -1.7429 -0.037055 -1.385 -1.073 -0.03468 -0.078975
1.4128 -3.4394 0.58281 -0.020264 -1.0434 -1.3174 -1.4229 -2.0337 0.094912 -1.0853 -0.76211 -0.23308 -0.6348
1.273 -3.2273 0.71351 -0.013518 -1.1309 -1.6024 -1.3846 -1.7448 -0.13018 -1.2734 -0.57695 -0.37299 -0.64217
0.91526 -2.8704 1.0141 0.15015 -0.71711 -0.98362 -1.3968 -2.6108 -0.014324 -1.1198 -0.64205 -0.071156 -0.86155
-0.56671 -2.7551 0.93048 0.42831 -0.027565 -0.077633 -0.4418 -1.478 -0.24901 -0.5901 -0.026063 0.27498 -0.63212
