-0.12831 -3.3216 -0.58204 -0.95576 0.7068 0.14093 -0.29142 0.47918 0.44251 0.21839 -0.79608 0.291 0.093453
-1.9937 -4.3477 0.050464 0.077181 0.78832 0.46644 0.35281 0.47578 -0.18381 0.47743 0.21804 -0.52288 0.44376
-1.6059 -4.5903 -0.18889 0.3185 0.81187 -0.67036 -1.2814 0.40129 0.25123 0.5662 0.18569 0.30866 0.22901
-1.0059 -5.6898 -1.0458 0.1346 1.5508 0.24125 -0.80554 0.67255 -0.02679 0.24914 0.42009 1.1684 0.78686
-2.0632 -4.0178 -0.89765 0.057552 0.95638 0.52028 -0.45902 -0.023107 -0.36692 0.33353 -0.081217 0.12009 -0.19544
3.241 -1.6331 -2.5606 -1.822 0.57281 0.32746 -0.59568 -0.97851 -0.064819 -1.0532 -0.62443 -0.18337 -0.67372
5.0133 -2.8962 -3.6878 -1.9714 0.43212 0.621 -0.99991 -0.69371 -0.48698 -0.91363 -0.30956 0.21117 -0.49526
5.4858 -3.9341 -3.9908 -1.9135 -0.028239 0.48521 -1.2854 -0.89502 -0.56757 -1.241 -0.40993 0.06655 -0.69315
5.4848 -4.0665 -3.9063 -2.0017 0.073555 0.48545 -1.3825 -0.76536 -0.5991 -1.1537 -0.44219 -0.0096644 -0.42482
5.3419 -4.0229 -4.0835 -2.2713 -0.28929 0.34199 -1.7879 -0.83345 -0.78054 -1.3366 -0.58016 -0.52804 -0.45748
4.9725 -3.1099 -3.7552 -1.9916 -0.31261 0.54529 -1.772 -0.65735 -0.6235 -1.2584 -0.58436 -0.63018 -0.13583
3.7222 -2.6912 -2.6747 -2.4031 -0.67168 -0.096448 -1.5705 -0.97623 -0.50092 -1.04 -0.97831 -0.77186 -0.23712
1.6389 -2.178 0.15833 -0.6072 -0.8381 -0.78219 -0.87559 -2.2506 -0.17779 -0.34858 -0.393 -0.79944 -0.01136
1.592 -2.7057 0.8229 0.10924 0.012614 -0.86613 -1.4748 -2.3334 0.23881 0.13287 -0.50803 -0.3942 -0.4342
1.2807 -2.2325 1.2675 0.34677 -0.74749 -1.212 -1.1188 -1.779 0.19137 -0.54493 -0.19183 -0.45573 -0.19083
0.75736 -2.5967 1.2266 0.588 -0.54642 -0.82931 -1.1854 -2.0824 0.2585 -0.695 -0.50713 0.00072464 -0.37054
-0.24556 -2.7435 0.70032 0.58633 0.60136 0.2664 -0.45999 -0.94852 0.030754 -0.56285 -0.78927 -0.048977 -0.69712
-0.10042 -4.0958 0.85342 -0.13725 0.084935 -0.65204 -0.71405 -1.3887 -0.759 -0.21486 -0.39508 -0.17887 -1.3765
-0.71405 -3.9733 1.2736 0.23889 0.91764 -0.39789 -0.2032 -1.0172 -0.48882 0.0052703 0.12637 0.50476 -0.73638
-2.6297 -4.1182 0.80595 -0.33131 0.65526 0.21471 -0.32652 -0.1996 0.065535 0.31046 1.1623 0.5077 0.11338
-2.7404 -3.9487 0.76206 -0.62136 0.0095937 -0.17899 0.18854 -0.01149 -0.39554 -0.18595 0.46966 0.27381 0.32431
-2.3835 -5.7906 1.4776 -0.50332 1.0684 -0.35191 0.24525 -0.1926 -0.13257 0.24654 0.52131 0.20985 0.18482
-1.2798 -7.55 1.4309 -0.90471 1.446 -0.18996 0.3222 0.22978 0.43914 0.18553 0.27915 0.38485 0.58997
-0.25841 -9.0086 0.55274 -1.0657 1.1325 0.13005 0.62219 0.88687 1.1925 0.78898 0.37407 0.31044 -0.14525
-0.81384 -6.5269 1.7267 -1.1274 -0.55402 -0.19311 0.7086 0.2845 0.75614 0.5649 0.62698 0.46372 0.35139
-1.8522 -5.3437 0.44813 -0.78515 0.29332 0.075111 0.58773 -0.10895 0.33671 -0.11378 0.3893 0.55532 -0.2816
-1.874 -3.0334 -0.10848 -0.50277 -0.085764 0.33667 0.69268 0.10161 -0.42339 -0.41312 0.18463 0.35036 0.28942
2.3973 -1.2566 -1.1942 -1.9602 -0.79264 -0.92216 -0.49772 -0.42711 0.38694 -1.2832 -0.36943 -0.44234 -0.14063
3.1903 -1.6446 -1.5092 -2.5465 -0.61497 -0.51439 -0.49465 -0.17737 0.82447 -1.3493 -0.66067 0.33941 -0.61037
3.5081 -2.3205 -2.4417 -2.1821 -0.62376 -0.097091 -0.31391 -0.32105 0.31428 -1.2955 -0.49295 0.14109 -0.26672
3.5588 -2.3049 -2.7215 -2.6951 -0.3012 0.11751 -0.69877 -0.59479 -0.17565 -1.2491 -0.95423 0.30465 -0.43636
3.6469 -2.2851 -3.2623 -2.976 -0.21119 -0.21948 -0.70837 -0.89806 -0.20502 -1.6462 -0.90101 0.21556 -0.82475
3.3596 -1.9254 -2.6017 -2.8134 -0.12181 -0.17003 -0.21118 -0.68494 -0.059584 -1.4158 -0.49816 0.24821 -0.40809
3.0991 -1.5942 -2.2444 -2.705 0.089025 0.045927 -0.19916 -1.0275 -0.011759 -1.1397 -0.59408 0.23456 -0.71999
2.6249 -1.5876 -1.7859 -2.4683 0.35146 -0.0025206 -0.136 -0.87847 -0.45986 -1.1756 -0.56203 0.19188 -0.63936
1.7322 -1.9667 -0.43693 -2.2846 -0.31219 -0.30851 -0.1231 -1.3072 -0.51519 -1.4095 -0.67013 0.098522 -0.63217
1.2019 -2.1973 0.34615 -1.736 -0.68153 -0.44368 0.38343 -1.1789 -0.72377 -1.0266 -0.28175 -0.30032 -0.50067
