-2.2634 -5.0013 0.4628 -0.051935 0.785 -0.13686 -0.12073 0.19476 0.41931 0.73724 0.79229 0.55508 0.46986
-2.1692 -5.4487 -1.1889 -0.077353 1.4653 0.82533 0.24264 0.90033 0.35395 -0.10003 -0.5709 0.48006 0.0054826
-2.6898 -6.4673 -0.15183 -0.18543 1.3918 0.81362 0.1453 0.12375 0.53387 0.3197 0.45322 1.0077 0.52671
-3.0251 -3.856 -0.18515 -0.28941 0.79088 0.80886 -0.011926 -0.066206 0.35624 0.21657 -0.097441 0.30015 0.41759
2.6146 -1.912 -2.3076 -2.4898 0.15421 -0.013364 -0.92805 -1.3623 -0.33048 -1.1631 -0.91367 0.12013 -0.86133
4.2562 -2.6576 -3.2963 -2.5513 0.1776 0.33534 -1.3414 -0.99173 -0.4259 -1.061 -0.61431 0.38817 -0.95482
4.7218 -2.9583 -3.3689 -2.7692 0.35643 0.054221 -1.4036 -0.86264 -0.62522 -1.0401 -0.81094 0.3865 -0.7849
4.8644 -3.0144 -3.6326 -2.2899 0.23958 0.22207 -1.1725 -0.77719 -0.43706 -1.0354 -0.63119 0.47382 -0.77457
4.7341 -2.9224 -3.2547 -2.4928 0.092873 0.49411 -1.2729 -0.94054 -0.27036 -1.2947 -0.64856 0.34193 -0.84801
4.4128 -2.3 -2.9488 -2.3902 0.38047 0.36971 -0.94276 -1.0726 -0.2366 -1.1972 -0.36618 0.21419 -0.66358
3.9262 -2.2259 -2.5683 -2.4052 0.19421 0.42877 -1.0467 -1.083 -0.58658 -0.97764 -0.48728 -0.05841 -0.62338
2.821 -1.8737 -1.694 -2.1255 -0.23711 -0.14567 -0.67443 -1.2481 -0.52446 -1.1116 -0.31924 -0.42126 -0.59351
1.5053 -1.7305 -0.084467 -1.2749 -0.25486 -0.58416 -0.3684 -1.5786 -0.30297 -0.83526 -0.38361 -0.1664 -0.63253
1.2891 -2.3484 0.45179 -0.24872 0.039994 -0.60837 -0.97797 -1.7197 0.06008 -0.49079 -0.68463 0.11132 -0.6421
1.0724 -2.148 0.76492 -0.41602 -0.69601 -0.75254 -0.56431 -1.8031 0.22807 -0.69582 -0.8152 -0.38775 -0.72613
1.037 -2.2371 1.3422 0.11383 -1.1442 -1.0916 -0.79721 -2.0396 0.35473 -0.76254 -0.54407 -0.68269 -0.89959
0.35328 -2.4772 0.77229 -0.18023 0.118 -0.26723 -0.88103 -1.5979 0.2052 -1.0162 -1.3217 -0.17275 -1.2368
-1.2668 -3.4521 1.2656 0.33811 0.64532 0.5348 0.26943 -0.12711 0.055011 -0.60668 -0.56268 -0.53299 -0.06074
-2.9502 -2.8523 0.44128 -0.26619 -0.055836 0.0048974 0.6531 0.21828 -0.33577 -0.24649 0.24371 -0.3544 -0.033776
-1.7334 -2.8613 0.53532 -0.17439 -0.66833 -0.31356 0.48575 -0.32666 -0.65551 -0.75379 -0.046198 -0.76191 -0.023902
-2.8661 -4.4233 0.14224 -0.67847 -0.078152 -0.30318 0.69828 0.075602 0.13746 0.17668 0.42855 0.23577 0.81278
-0.67168 -6.307 1.253 -0.71466 0.28626 -0.35675 0.85166 0.66404 0.29527 -0.40083 0.30844 0.017301 0.77956
0.46643 -7.8113 1.2168 -1.0229 0.46273 -0.27255 0.45616 -0.55055 -0.41701 0.17472 0.93255 -0.093176 -0.049883
-0.01542 -7.6395 0.72823 -0.99779 1.0473 0.38594 0.224 0.4126 0.35003 0.57696 0.26448 -0.18103 0.44803
-0.16368 -6.3238 1.2254 -0.58999 0.73167 0.50555 0.92101 0.3772 0.66983 0.76772 0.73154 0.25056 -0.13182
-1.1633 -3.9767 -0.30267 -1.2407 -0.35087 -0.29975 0.8889 0.88649 0.74361 1.0897 0.59914 -0.58161 0.152
-1.9575 -2.4793 0.76419 0.27184 0.076818 0.10763 0.333 0.025038 0.45448 -0.043457 -0.2027 -0.32437 -0.032582
1.9131 -1.2608 -0.53635 -1.8664 -0.79273 -0.89447 0.3806 -0.3552 0.19502 -0.85238 -0.17919 -0.13133 0.0057082
2.2454 -1.604 -0.92269 -2.0152 -0.57767 -0.75498 0.14652 -0.24417 0.23124 -1.048 -0.48108 -0.23453 -0.23034
2.4724 -1.8688 -1.2967 -2.0417 -0.17114 -0.43534 0.32374 -0.17694 -0.1388 -1.459 -0.81272 0.16196 -0.17984
2.4343 -1.3796 -1.3789 -2.2375 0.12571 -0.41389 0.077728 -0.25981 -0.2995 -1.5111 -0.63496 0.24542 0.059965
2.2495 -1.3868 -1.1128 -2.4834 -0.24939 -0.54792 0.015038 -0.8725 -0.35919 -1.4208 -0.43463 0.1987 -0.52469
1.6644 -1.8167 -0.32584 -1.9126 -0.15129 -0.51817 0.32676 -0.86773 -0.91096 -1.1637 -0.13751 -0.11386 -0.57141
1.1729 -2.0785 0.11508 -1.5547 -0.59462 -0.74082 0.17871 -1.1488 -0.70194 -1.1878 -0.28703 -0.25547 -0.63864
0.84647 -2.4629 0.18354 -1.3166 -0.41453 -0.68028 -0.039624 -0.94701 -0.74153 -1.3711 -0.58302 -0.052166 -0.7207
0.87819 -2.288 0.24666 -1.5123 -0.72093 -0.80188 -0.030886 -1.0306 -0.65397 -1.0467 -0.343 -0.295 -0.68813
0.68683 -2.3979 -0.011668 -1.499 -0.32867 -0.44595 -0.3948 -1.3009 -0.4814 -0.71733 -0.3925 -0.22789 -0.86604
0.2141 -2.7719 0.23048 -0.73939 0.13863 -0.13878 -0.33162 -1.0641 -0.68941 -0.83154 -0.23107 0.23357 -0.72926
