-1.1601 -4.7244 -0.89347 -0.27051 1.828 -0.010864 0.41198 1.6874 0.30216 0.30787 0.048941 0.1179 -0.18565
-0.72967 -6.7469 -1.4517 0.074806 2.6329 0.75679 0.30223 0.79387 -0.64827 0.65407 0.70335 0.83832 -0.12333
-2.6403 -2.1826 0.68961 -0.19831 -0.54994 -0.32014 0.034427 -1.211 -0.75238 -0.74724 0.496 0.35472 0.027526
1.7438 -2.4289 -1.7334 -2.5116 -0.2676 -0.55182 -0.94468 -0.33263 -0.8722 -1.0292 -0.33792 0.27603 -0.19631
2.0591 -3.1708 -1.5169 -2.3702 -0.1176 0.042527 -1.1035 0.098651 -1.0581 -1.2415 -0.30589 0.20493 -0.67439
1.9155 -3.3877 -1.7892 -2.103 -0.053283 -0.095386 -1.071 0.043184 -1.2433 -1.1786 -0.22018 -0.19554 -0.83
1.952 -4.0347 -1.8416 -1.9835 -0.10201 -0.35835 -0.87262 -0.067836 -1.5125 -1.0352 -0.50252 -0.33602 -1.1736
1.9664 -3.7623 -1.6856 -1.3156 -0.00294 0.052843 -0.93333 0.21256 -1.22 -1.0043 -0.52723 -0.087287 -1.009
1.5214 -3.6635 -1.1362 -1.4971 -0.22125 -0.35213 -0.86185 -0.030603 -1.1023 -1.1305 -0.65997 -0.22626 -0.98005
0.80707 -2.5821 -0.84477 -1.4368 -0.56851 -0.4862 -0.52519 0.063108 -0.473 -1.1413 -0.4887 -0.50234 -0.85355
0.23337 -2.4737 -0.26979 -1.0187 -0.67938 -1.211 -0.5479 -0.61359 -0.049797 -0.72607 -0.71369 -0.9109 -0.80803
-0.3077 -2.3775 0.93369 -0.10929 -0.38728 -0.50655 -0.20805 -1.1869 -0.12057 -0.99521 -0.44647 -0.16424 -0.75806
-0.044307 -2.4499 1.5334 0.87188 -0.14885 -0.36468 -0.79699 -2.1876 0.14444 -1.0671 -0.49491 0.061841 -1.0099
-0.098875 -2.6955 1.3034 0.77875 -0.21162 -0.40678 -0.75559 -2.2434 -0.4927 -1.2197 -0.26864 -0.22732 -0.9125
-0.78855 -3.0314 1.2826 0.70798 0.67056 -0.064563 -0.81901 -1.9576 0.09435 -1.2008 -1.2123 -0.034475 -0.96997
-0.072601 -5.8216 2.3813 -0.77272 1.3289 -0.2434 -0.15913 -0.030452 -0.13528 0.26274 -0.11199 -0.1763 -0.25435
0.68848 -6.1719 2.333 -0.44214 1.9047 -0.3699 0.85982 -0.64839 0.89174 -0.33069 -0.45578 -0.18232 0.52498
