-1.6551 -5.3277 -1.8718 -0.82776 2.2424 0.16308 -0.46135 1.3673 -0.15958 0.40472 -0.77188 0.36184 0.021215
1.1941 -4.9517 -1.5647 -0.49351 2.3248 -0.13857 -0.37694 1.4023 -0.060826 0.22502 -1.1272 0.58552 -0.19411
-1.8375 -5.7365 -1.3377 0.24461 1.856 -0.032334 -0.077261 1.0059 -0.6953 -0.070015 -0.21623 0.5265 0.69165
-0.95132 -5.9058 -1.5352 -0.11218 2.297 0.2103 0.1821 0.97819 0.18112 0.12354 -0.54774 0.78375 0.33728
-2.0451 -4.9244 -0.84263 -0.26328 1.7731 0.31933 -0.047764 0.95062 0.44516 0.3846 -0.18094 0.42301 -0.02937
-0.33029 -5.5529 -1.8077 -0.50653 2.1903 0.2952 -0.70039 1.5722 0.37477 0.56379 0.69149 0.51349 -0.45961
-1.3258 -5.9545 -1.8451 0.045277 1.3635 -0.01254 -0.60089 1.6418 0.62864 0.68767 0.12628 1.0011 0.45279
-3.9751 -3.2908 -0.39325 -0.88636 0.94534 0.78143 -0.18045 -0.12505 0.93675 0.73209 -0.6002 0.75444 0.20002
0.25202 -2.2716 -0.89181 -2.1557 0.264 -0.54519 -0.67985 -0.97737 -0.27619 -0.66925 -0.76618 0.27431 -0.22207
2.2328 -3.3706 -2.0545 -1.7793 -0.063752 -0.20363 -1.2521 -0.03086 -0.98591 -1.2354 -0.44913 -0.174 -0.28226
2.7376 -3.3718 -2.3627 -1.8647 -0.066267 -0.10241 -1.5245 0.31582 -1.3402 -1.2832 -0.52117 -0.12741 -0.50522
3.0464 -4.6269 -2.591 -2.0133 -0.079518 -0.030652 -1.3683 0.10773 -1.2728 -1.2554 -0.88365 0.053194 -0.81734
3.1298 -4.3394 -2.3088 -1.6382 0.10545 0.010705 -1.313 0.33666 -1.2699 -0.81874 -0.5333 0.066539 -0.62069
2.8235 -4.1656 -2.423 -1.6968 -0.089631 0.025515 -1.2699 0.31619 -1.2915 -0.93283 -0.65332 -0.064266 -0.86338
2.5711 -3.9413 -2.0856 -1.7661 -0.45558 -0.32 -1.3531 0.016365 -1.284 -1.0827 -1.1333 -0.21761 -0.93629
1.5179 -3.1438 -1.1917 -1.5767 -0.52698 -0.75716 -1.1818 -0.31014 -0.64416 -1.0083 -1.1114 -0.20645 -0.57998
0.52247 -2.462 0.37738 -0.093625 0.13666 -0.55537 -0.80259 -1.3582 0.13765 -1.1555 -1.3626 0.055863 -0.73463
0.73015 -2.3049 1.1201 0.85635 0.051818 -1.0682 -1.3571 -2.1879 0.93338 -0.9831 -0.9669 -0.12933 -0.90426
0.64187 -2.39 1.2401 0.01631 -0.35958 -0.75287 -1.0364 -2.5349 0.1957 -1.3403 -0.94896 -0.17777 -1.0457
0.35614 -2.4273 1.6388 0.54279 -0.27382 -0.46971 -0.99168 -2.1065 0.22766 -1.1637 -1.0594 -0.37322 -0.69532
0.13448 -2.048 1.8099 0.60632 0.25261 0.12987 -0.57559 -2.5695 0.28405 -1.4935 -1.2486 0.069286 -0.64946
