-1.1393 -2.877 1.5059 0.58148 0.37127 -0.84684 -0.46668 0.27996 0.28732 -0.41708 -0.31876 -0.10916 -0.18312
2.5794 -2.1654 -1.4331 -2.4953 -0.4206 -0.53026 -0.99045 -0.29829 -0.22075 -1.2491 -0.2026 0.18137 -0.49585
4.1014 -3.3274 -2.7151 -2.559 -1.0429 -0.28739 -0.32524 0.060983 -0.67591 -1.239 -0.22692 0.066233 -0.73718
4.1066 -3.1839 -2.1364 -3.1823 -1.6438 -0.46613 0.36229 -0.54237 -0.37489 -1.6192 -0.48156 -0.17732 -0.80848
4.2651 -3.1482 -2.6239 -3.3941 -1.2781 -1.0875 0.55178 -0.51094 -0.84453 -1.3401 -0.74585 -0.31545 -1.0081
4.3986 -2.7576 -2.4525 -2.4496 -1.118 -0.82719 0.64279 -0.071944 -1.0517 -0.76363 -0.56502 0.45158 -1.1308
4.5295 -3.1195 -2.9641 -2.6249 -1.4079 -0.82488 0.21899 -0.058569 -1.0917 -1.1682 -0.40601 0.020141 -0.9687
4.5718 -3.2456 -3.1749 -2.8066 -1.4583 -1.1399 -0.43948 -0.16114 -1.261 -1.7296 -0.66447 -0.31934 -1.1889
4.2506 -2.6719 -2.8611 -2.5991 -0.96912 -1.1847 -0.56894 -0.50488 -0.81246 -1.6551 -0.59683 0.0040126 -0.92895
3.3124 -2.4778 -2.593 -2.4189 -0.51865 -1.2443 -0.45916 -0.85212 -0.58558 -1.6636 -0.94752 -0.766 -0.54954
2.1055 -2.5594 -0.51897 -1.025 -0.2302 -1.0378 -0.75432 -0.8211 -0.2614 -0.96024 -0.69615 -0.34041 -0.425
1.7371 -2.9117 0.037823 -0.32115 -0.049121 -0.86201 -1.4337 -1.9144 -0.40822 -0.95915 -0.68529 0.02681 -0.67363
1.7361 -3.2604 0.090793 -0.15903 -0.92332 -1.2859 -1.2537 -1.7123 -0.083592 -1.1206 -1.1722 -0.62635 -0.7505
1.4206 -2.3662 0.92656 -0.086987 -1.3361 -1.0856 -0.35118 -1.9104 -0.1823 -1.2747 -0.13901 -0.13165 -0.34434
1.3518 -2.4515 0.94981 -0.027399 -0.96613 -0.66569 -0.21853 -1.7479 -0.094324 -0.84424 -0.33005 -0.46224 -0.049558
1.247 -2.3426 1.0325 -0.44373 -0.77365 -0.91714 -0.5764 -1.9981 -0.59675 -0.86993 -0.045009 -0.31321 -0.53327
0.75778 -2.5352 1.2358 0.18103 -1.0384 -0.54852 -0.34371 -2.3087 -0.6588 -1.3313 0.025863 0.13154 -0.20368
-0.61305 -3.0483 0.9588 0.35004 0.066886 -0.058701 -0.47456 -1.4967 -1.0117 -0.47567 1.1066 1.0783 -0.22606
-2.1302 -2.8143 0.64884 -0.17877 -0.44773 -0.45446 0.084623 -0.4518 -0.4955 0.041855 1.0783 0.35773 0.36501
-4.1981 -2.5983 0.53824 0.11532 0.39323 0.15187 0.1484 -0.0083642 0.1154 0.28657 0.54277 0.43287 0.16713
-5.7873 -2.7576 0.61654 0.12298 0.42148 0.19042 0.07958 -0.064638 0.16084 0.43782 0.94752 0.84372 0.58566
-4.8104 -3.5471 1.6236 0.14696 0.76196 0.069944 -0.1387 -0.45245 -0.15577 0.48453 1.031 0.48649 -0.29404
-4.4031 -4.3142 1.369 -0.17967 0.40497 0.11171 0.090573 -0.13484 0.00048633 0.24513 0.56393 0.30381 -0.14827
-2.0603 -3.6579 0.94674 -0.9652 -0.34242 -0.40749 0.44507 0.49954 -0.28252 -0.22448 0.84518 -0.14117 0.11201
-0.46647 -2.2332 0.97249 -0.77019 -0.62345 -0.86102 -0.28804 -0.73648 -0.12365 -0.52542 0.014048 -0.41346 -0.52732
2.2565 -1.6276 0.14882 -1.602 -1.2185 -1.5807 0.13822 -0.025578 0.29245 -0.95151 -0.23787 -0.4042 -0.44406
2.0745 -2.0293 -0.3077 -2.1313 -0.98986 -1.2872 0.063271 0.20702 -0.22267 -1.3355 -0.14084 -0.5003 -0.13629
2.0391 -1.8025 -0.9232 -2.3604 -0.42778 -1.1087 0.031702 0.095809 -0.45244 -1.4113 -0.15048 -0.22514 0.10471
1.8785 -2.6062 -1.2403 -2.0857 -0.51522 -1.0207 -0.15206 -0.77279 -0.82789 -1.2113 -0.46744 -0.10791 -0.17161
1.4616 -2.2833 -0.75061 -1.5812 -0.37222 -0.43728 0.072754 -0.52107 -0.63522 -1.0452 -0.23645 0.216 -0.20978
1.017 -2.845 -0.61864 -1.3615 0.09005 -0.51759 -0.59115 -0.84149 -0.62297 -0.60922 -0.49985 0.14675 -0.27455
