2.1679 -5.7739 -2.9566 -0.053523 0.61452 -0.57489 -0.51663 0.25277 0.2376 0.48413 0.25819 0.49981 0.48013
-1.3153 -4.0552 -0.39937 0.10151 0.58652 -0.35788 0.12224 0.10564 0.38575 -0.24101 0.17552 -0.29625 -0.32036
1.2268 -1.9097 0.39515 -0.51642 -0.3178 -1.1867 -0.39186 -0.81463 0.030636 -0.9062 -1.1432 -0.61122 -0.22377
3.1316 -1.6235 -0.35965 -1.957 -0.16361 -1.7099 -0.86515 0.036893 -0.356 0.16896 -0.45957 -0.7064 -0.37181
3.4588 -1.2915 -0.91141 -2.0322 0.039473 -2.0587 -1.0599 -0.17031 -0.045177 0.41381 -0.74659 -1.4178 -0.19
3.4894 -1.7356 -0.64713 -1.8786 -0.59603 -1.7164 -1.2113 -0.34509 0.090877 0.31539 -0.60215 -1.9124 -0.037156
3.1949 -1.1938 -0.27415 -1.7734 -0.56214 -1.9033 -1.1939 -1.0426 0.17604 0.31575 -0.78117 -1.2662 -0.20655
2.1238 -1.4645 0.81028 -0.71454 -0.63851 -1.582 -0.98231 -1.703 0.43823 -0.19335 -0.42349 -0.56684 -0.27005
1.7393 -1.6814 1.7837 0.25964 -0.96113 -1.0889 -0.63451 -2.259 0.13328 -0.9491 -0.29876 -0.55933 -0.60145
2.4568 -1.3189 2.4312 0.20248 -0.75093 -1.0471 -1.1443 -2.7725 -0.17843 -0.47551 0.14815 -0.025342 -0.16466
2.5405 -1.58 2.8477 0.82397 -1.2064 -1.3121 -1.0519 -2.399 -0.51673 -0.60955 0.56405 -0.47496 -0.57304
2.3716 -1.297 2.4766 0.8824 -0.24156 -0.90032 -1.0024 -2.6033 -0.37919 -1.0074 0.35143 0.23682 -0.10102
1.8487 -1.5032 2.5025 1.2699 -0.26002 -0.63649 -0.80952 -2.5462 0.028742 -0.70425 0.2524 -0.01429 -0.3675
0.51432 -1.9823 1.4677 0.4937 -0.47641 -0.37303 -0.24201 -1.3773 0.52197 -0.28075 0.0047334 -7.8891e-05 -0.1298
-0.52392 -2.5908 0.95794 0.71449 0.38796 0.048589 -0.55495 -1.0259 0.49373 0.21976 0.19434 0.4745 -0.47276
-2.0604 -3.94 1.2756 -0.0033867 0.32802 0.17524 0.51889 0.48954 0.56764 0.43877 -0.11019 0.05741 0.10512
-0.45011 -5.5966 1.5997 -0.1021 0.074792 0.47971 -0.38024 0.37958 0.27092 0.07525 -0.1801 -0.1164 0.22487
2.9502 -7.4816 2.1134 -1.2613 1.743 -0.15849 -0.40904 -0.49347 0.058375 -0.15121 -0.4999 0.26239 0.39135
2.5365 -6.8561 2.134 -0.95714 1.6716 -0.58675 0.11842 0.16921 0.14357 -0.48926 -0.94847 0.01616 0.1348
1.8471 -6.9513 2.0721 -1.2611 1.0376 -0.45778 0.55771 -0.28604 0.86688 -0.015254 -0.018693 0.21299 0.13981
2.9535 -6.8361 2.6142 -1.0088 1.3486 -0.91012 0.47672 -0.52926 0.42312 -0.10091 0.047095 -0.21951 0.33172
2.1107 -8.477 1.0589 -1.8617 1.4381 -0.87499 0.67867 1.0702 0.56238 0.074245 0.036841 -0.38983 0.53799
