-0.64974 -3.5737 -0.45966 0.10346 1.8663 0.23397 -0.94711 0.55343 0.11173 0.56182 -0.61774 0.71237 0.099113
-0.39996 -4.1402 -1.3228 -0.87505 1.7064 0.97514 0.16928 0.67678 0.05845 -0.2888 -0.87138 0.90569 -0.1141
-0.41178 -3.3575 -0.23371 -0.47519 1.2551 -0.25197 -1.0211 0.25111 -0.026724 0.16091 -0.27987 -0.032464 -0.43056
0.41045 -3.4845 -0.12768 0.45168 1.4791 -0.1681 -0.46318 0.64186 0.39885 0.28957 -0.32505 0.32234 -0.40931
4.3286 -7.2857 -2.7569 -0.49861 1.6858 -0.27641 -0.23186 0.77203 0.29689 0.002216 -0.094383 0.75028 0.37544
-0.64847 -3.7757 -0.49759 0.25766 0.85859 -0.25384 0.045682 0.6579 -0.22557 -0.13268 -0.05439 0.18642 -0.80908
-0.45077 -2.7761 0.23411 -0.12977 0.38593 -0.23898 -0.50045 -0.46371 -0.28388 -0.67789 -0.89736 -0.43884 -0.5332
2.2246 -1.7116 0.20813 -1.7224 -0.22159 -0.9943 -0.89026 -1.1627 0.28929 -0.4109 -0.62876 -0.24909 -0.6738
3.1625 -1.5311 -0.94311 -1.9865 -0.42773 -1.654 -0.80165 -0.83828 0.54712 -0.23107 -0.82255 -0.7143 -0.45133
3.0127 -1.3816 -0.31071 -2.1533 -0.59367 -1.5907 -0.60633 -0.86978 0.208 -0.51493 -1.0386 -0.76387 0.0029152
2.5091 -1.63 -0.2079 -1.8806 -1.1382 -1.5333 -0.86281 -2.0907 -0.20952 -1.1116 -0.79153 -0.6401 -0.56419
2.2371 -1.6308 1.4561 -0.14418 -0.57843 -1.2774 -1.3489 -2.6079 -0.2749 -0.90373 -0.3532 -0.3029 -0.70738
2.5078 -1.6778 1.9188 0.6298 -0.57373 -1.38 -1.5944 -2.3226 0.0077134 -0.51459 0.11398 -0.25815 -0.30104
2.4984 -1.7046 1.8906 0.52331 -0.91658 -1.3181 -1.1574 -2.234 -0.49714 -0.79085 -0.089522 -0.48083 -0.10764
2.5747 -1.5053 2.3059 1.0076 -0.49655 -1.0034 -1.0794 -2.6406 -0.31007 -0.73775 0.38138 0.040066 -0.20723
2.3199 -1.6471 2.4058 1.1513 -0.22566 -0.43487 -0.67622 -2.7358 -0.34959 -0.82638 0.18008 0.19221 -0.071744
1.3676 -2.0217 2.0221 1.462 0.10545 -0.1751 -0.89513 -2.2012 0.52495 -0.56466 -0.20076 0.38278 -0.72856
0.17163 -2.5745 1.1508 0.87201 0.31945 -0.10657 -0.92071 -1.5573 0.35043 0.00032898 0.17259 0.52064 -0.68559
-1.3028 -2.9064 0.78103 0.46344 0.14898 -0.032546 -0.488 -1.0886 -0.28147 -0.21435 0.20042 0.39578 -0.37309
1.161 -6.3603 0.35897 1.2848 -1.3858 0.60346 0.3822 -0.25145 -0.73884 -0.38472 0.5546 0.41903 0.096843
-0.083327 -5.9189 1.4774 -0.12378 0.75946 -0.079159 0.20242 -0.41833 0.12872 -0.17159 0.011529 0.13773 -0.036244
0.74588 -6.2832 2.0688 -0.34537 1.2727 -0.25676 -0.45159 -0.73258 -0.13147 -0.37226 0.086832 0.58579 -0.11083
1.2402 -6.4478 2.1283 -0.71156 1.6734 -0.17876 0.35561 -0.39796 -0.71486 0.045776 0.7534 0.54411 0.53288
0.95551 -6.4307 2.2236 -0.92697 1.4609 -0.64518 0.27497 -0.12367 0.22513 0.12661 -0.15003 -0.214 -0.24865
-0.77089 -6.6021 2.0934 -1.2526 1.604 0.40759 0.73036 0.1463 0.90255 0.39162 -0.10016 0.14106 -0.090511
-0.27638 -7.9709 1.3632 -1.1691 0.7501 -0.019785 0.58594 -0.26744 0.67606 0.5049 0.46952 0.60846 0.68291
1.843 -8.1513 1.412 -1.9058 1.0373 -0.72105 0.76944 0.68731 1.1097 0.074913 0.0011922 0.098138 0.43269
