0.5648 0.8588
0.5648 0.86111
0.55899 0.86111
0.55126 0.8588
0.52224 0.84954
0.47389 0.83565
0.43133 0.80787
0.40426 0.78472
0.39072 0.75463
0.36944 0.71759
0.35977 0.66667
0.37331 0.61806
0.41779 0.58333
0.47776 0.5787
0.53578 0.59028
0.58801 0.60185
0.63636 0.60648
0.66731 0.59722
0.67505 0.56019
0.66731 0.50463
0.65184 0.45833
0.62669 0.43287
0.59381 0.40972
0.55126 0.39352
0.5029 0.38889
0.45261 0.40278
0.40426 0.40972
0.35977 0.41898
0.32302 0.41898
0.29594 0.39583
0.29207 0.35417
0.31528 0.31481
0.35783 0.28472
0.40619 0.27083
0.45261 0.26852
0.49516 0.27778
0.52998 0.29398
0.56093 0.31944
0.58027 0.32176
0.58994 0.30556
0.58027 0.28009
0.55126 0.25231
0.52418 0.2338
0.4971 0.21296
0.47002 0.19444
