0.80406 -0.71853 0.74707 -0.7877 -0.074115 -1.0438 -0.34952 0.14379 -0.091483 -0.31864 -0.70298 0.28829 -0.5995
2.914 0.14158 -1.5309 -1.4028 -1.3636 -1.03 -0.73194 0.29622 0.051746 -0.68829 -0.84856 -0.18252 -0.12009
3.541 -0.42609 -2.183 -1.2191 -1.5932 -0.6193 -0.83681 0.13603 -0.24552 -0.49023 -1.2359 -0.069223 -0.17252
4.033 -1.0544 -1.9956 -1.3167 -1.5135 -0.51092 -0.67484 0.15498 -0.23553 -0.50298 -1.1797 -0.18421 -0.037059
4.2634 -0.96765 -2.417 -0.90816 -1.9098 -0.40541 -0.96134 0.38149 -0.30161 -0.31549 -1.2733 -0.17891 0.072156
4.2632 -0.91045 -2.1608 -1.1052 -1.7077 -0.7809 -0.73265 0.10873 -0.12181 -0.47346 -1.2197 -0.28181 -0.0063025
4.0022 -0.99943 -1.8464 -0.82083 -1.5994 -0.47871 -1.0696 0.21559 -0.30785 -0.28873 -1.3127 0.011311 -0.13597
2.8147 -0.8171 -0.8996 -0.3445 -1.1759 -0.13841 -1.6852 0.026555 -0.51226 -0.13751 -1.5013 0.14522 -0.057194
2.4705 -0.51417 0.84611 0.58647 -1.6012 -0.067812 -2.1283 -1.314 -0.089012 -0.34457 -1.5469 0.52202 0.36636
2.4719 -0.5248 1.3512 0.37594 -1.6516 0.095669 -2.287 -1.3654 0.064698 -0.38384 -1.2904 0.43063 0.34608
3.1643 -1.8461 0.24558 0.32131 -2.2833 -0.65218 -2.1477 -0.28903 -0.15218 0.036907 -1.24 -0.35247 -0.13444
4.3115 -1.2149 -2.0678 -0.72671 -1.9188 -0.34304 -1.4863 0.26437 -0.53251 -0.26464 -1.5429 0.10742 -0.48794
4.8306 -1.2098 -2.8306 -0.87729 -1.9032 -0.14392 -1.3351 0.21787 -0.51284 -0.55617 -1.6502 -0.080561 -0.19052
5.0268 -1.9847 -2.7968 -1.5447 -1.741 -0.31551 -1.1334 0.053083 -0.43144 -0.72814 -1.6231 -0.45183 -0.065986
5.2302 -1.9619 -2.8218 -1.7562 -1.4041 -0.18581 -0.78665 0.24186 -0.17711 -0.86091 -1.4553 -0.50335 0.08228
5.3051 -1.8467 -3.3056 -1.8715 -1.9285 -0.13243 -1.0159 0.081877 -0.4494 -0.98251 -1.5026 -0.80252 -0.10267
5.3087 -1.7168 -2.9997 -1.7092 -1.5337 0.047303 -0.7939 0.48626 -0.46106 -0.69528 -1.3065 -0.64909 0.10134
5.3685 -2.0954 -3.0099 -2.145 -1.4438 -0.17209 -0.82553 0.24548 -0.55141 -0.81937 -1.4337 -0.8192 -0.024336
5.4072 -1.9325 -3.07 -2.1182 -1.5905 -0.23029 -1.0735 0.27987 -0.46342 -0.77498 -1.528 -0.61606 -0.13823
5.2144 -2.0503 -2.6569 -2.1875 -1.5358 -0.42916 -0.9619 0.27221 -0.32793 -0.57933 -1.4883 -0.54469 -0.1998
4.9477 -2.1711 -2.5402 -2.4069 -1.6384 -0.85674 -1.4707 -0.032008 -0.41368 -0.59402 -1.7141 -0.59846 -0.78901
4.3309 -1.3737 -1.5758 -1.9035 -1.3456 -0.85493 -1.5308 0.081624 -0.12383 -0.29103 -1.2935 -0.14326 -0.63817
2.055 -0.20537 -0.28194 -1.0035 -0.75931 -0.57864 -1.2651 -0.15956 0.19985 0.20619 -1.074 0.30586 -0.29342
-0.85394 -0.78825 0.73901 -0.66661 -0.29142 -0.71072 -0.40153 -0.25621 0.56215 -0.3943 -0.61396 -0.20565 0.097699
-1.377 -1.3568 -0.14297 -1.2148 -0.29198 -1.1859 -0.15747 0.20081 0.27972 -0.47634 0.21871 0.64411 0.54298
-1.7838 -1.9245 -0.069231 -1.2608 -0.1027 -0.65277 -0.28055 0.70605 0.52812 -0.20377 -0.32382 -0.31304 0.31422
-1.488 -2.6327 -1.2314 -2.5966 -0.38765 -1.1694 -0.23164 0.53419 0.9289 0.30877 -0.41924 -0.39484 0.22363
-1.6643 -2.1604 -0.74741 -2.12 -0.51834 -0.36224 0.3386 0.491 1.3374 -0.18588 -0.3036 -0.20968 0.31526
1.7711 -5.8624 -0.44564 -0.30438 0.68769 -0.65638 -0.69623 0.47653 0.99442 0.72215 0.19728 0.68355 -0.46511
1.7498 -1.055 1.1007 -0.77658 -0.05731 -0.85941 -0.35387 0.31692 0.2676 -0.16804 -0.51861 0.36648 -0.52436
4.7176 -0.08798 -2.271 -1.241 -1.8687 -0.13601 -1.4078 0.30731 0.22948 0.21259 -1.0548 -0.24323 -0.080378
5.0632 -0.056507 -2.8333 -1.3883 -2.1518 0.086171 -1.0668 0.51676 0.34894 -0.19885 -1.201 -0.55764 0.10451
4.8593 -0.56059 -2.723 -1.7471 -1.5303 -0.018703 -1.0071 0.16338 0.2638 -0.41664 -0.97893 -0.61739 0.17261
4.8265 -0.33062 -3.4792 -1.9174 -1.5396 -0.025634 -1.0424 -0.14182 -0.21829 -0.43587 -1.1264 -1.0633 0.14558
4.8761 -0.29316 -3.5254 -2.1302 -1.4217 0.095634 -1.1132 -0.066185 -0.31346 -0.52034 -0.75533 -1.1544 0.14332
4.8568 -0.2253 -3.6643 -2.2362 -1.2195 -0.083283 -0.7687 -0.39759 -0.38518 -0.55034 -0.52547 -1.3062 0.21558
4.7772 -0.50746 -3.5396 -2.5959 -1.1688 -0.18316 -0.76277 -0.60483 -0.5248 -0.76579 -0.56548 -1.4387 0.081528
4.595 -0.40216 -3.608 -2.3424 -0.67067 0.17206 -0.43216 -0.95684 -0.50144 -0.99978 -0.30043 -1.4094 0.27479
4.2436 -0.43737 -3.6352 -2.7209 -0.5188 -0.028965 -0.69869 -0.88442 -0.90399 -1.0268 -0.49842 -1.355 0.13321
3.672 -0.14276 -2.9761 -2.554 0.22673 0.045873 -0.59162 -0.54299 -0.99849 -0.77635 -0.10172 -1.188 0.5478
2.9689 0.04284 -2.2572 -2.5673 0.50825 -0.19929 -0.36206 -0.85996 -0.94931 -0.78374 -0.089724 -0.98964 0.37385
2.1836 0.13863 -1.7869 -2.6074 0.94415 0.0055211 -1.4281 -0.58362 -1.2588 -1.2588 -0.064388 -0.9189 0.2594
1.1781 -0.18538 -0.747 -1.7633 0.24527 0.52629 -0.85665 -0.60701 -0.92874 -1.226 -0.88616 -0.62074 0.37666
0.21459 -0.48668 -0.38773 -1.2424 0.54824 0.013142 -0.58411 -1.1339 -0.37364 -1.253 -0.98823 -0.9543 -0.19747
