2.2297 -1.2736 0.89084 -0.84995 -1.5218 -1.3158 -0.51103 -0.59044 1.1219 -0.72656 -0.2168 -0.60995 -0.39247
2.7727 -1.921 0.33465 -0.99402 -1.304 -1.6241 -0.19144 -0.32495 1.1376 -0.23209 -0.21877 -0.8686 -0.3349
2.7807 -1.6473 0.80079 -0.87088 -1.0105 -2.0758 -0.33208 0.71339 1.251 -0.45179 -0.74066 -0.80015 0.28117
3.0074 -1.761 1.1368 -0.88721 -1.8083 -2.1784 0.13191 0.63293 1.0592 -0.93171 -0.49741 -0.55428 0.15922
3.0302 -1.4468 1.1081 -0.71707 -1.5024 -2.0503 0.08542 0.21086 1.1668 -0.35058 -0.21878 -0.83617 0.033696
3.0266 -1.4337 1.0233 -0.33089 -1.7428 -2.1023 -0.15378 -0.058839 1.5473 -0.41922 -0.33225 -0.5699 0.20897
2.4247 -1.8257 1.398 -0.05573 -1.2863 -1.6417 -0.59512 -0.59234 1.1855 -0.19882 0.15828 -0.34641 -0.17232
0.40147 -2.2249 1.2478 0.43375 -0.24755 -0.38263 -0.53986 -1.318 0.67426 0.042161 -0.10514 0.0090611 -0.26386
0.91426 -2.5484 0.70658 -0.14505 -0.42994 -0.95296 -0.33434 0.18653 0.61401 -0.040684 -0.0023162 0.012556 -0.2497
1.2265 -2.0276 1.5388 0.63423 -0.43944 -1.1561 -1.1577 -1.3496 0.82779 -0.54548 -0.56683 0.23943 -0.22099
1.6126 -1.9852 1.4648 0.54957 -0.65208 -1.3027 -0.97572 -1.1278 0.85102 -0.32918 -0.25237 -0.13266 -0.040995
3.0472 -1.1732 0.94618 -0.95457 -1.4293 -1.9112 -0.45199 -0.35646 1.2944 -0.41891 -0.32217 -0.43646 0.056988
3.6045 -1.0685 0.50736 -1.7411 -2.0341 -1.6595 0.016401 -0.074083 0.9737 -0.67905 -0.40755 -1.0007 -0.24923
3.915 -0.93653 0.32726 -2.3063 -2.0024 -1.3216 0.11309 0.13468 0.90632 -1.0654 -0.42827 -1.0587 0.09578
4.1059 -1.1337 0.063621 -2.8778 -1.7276 -0.82295 -0.16207 0.36975 0.68948 -0.73893 -0.78487 -1.0907 0.21708
4.3084 -1.6501 -0.5173 -2.8223 -1.6506 -0.90877 -0.2996 0.54824 0.31704 -0.67169 -0.90726 -1.0104 0.20853
4.468 -2.0814 -0.411 -2.7632 -1.4782 -0.79719 -0.43892 0.94928 0.098193 -0.59269 -0.92279 -0.81857 0.13777
4.3364 -2.1012 -0.60881 -2.8574 -1.5729 -0.96658 -0.48869 0.71195 0.092329 -0.5391 -1.0165 -1.0611 0.077851
4.1706 -2.4895 -0.78734 -3.476 -2.1153 -1.8065 -1.236 0.27831 -0.46967 -0.97321 -1.4412 -1.6442 -0.37744
3.7744 -2.1128 0.37433 -2.3604 -1.8038 -1.325 -0.6763 0.26146 0.6441 -0.41014 -0.82971 -0.78768 -0.27601
3.0206 -1.422 0.78254 -1.6552 -1.7226 -1.6996 -0.8072 -0.49441 0.92279 -0.34415 -0.80661 -1.0373 0.55541
0.6134 -1.9889 1.362 -0.016132 -1.2113 -0.92368 0.10942 -0.66858 0.59853 -0.36438 -0.027054 -0.48252 0.11376
-1.4382 -2.7981 0.48336 -0.28876 -0.58291 -0.49648 0.33983 0.2262 0.50858 0.12647 -0.024359 -0.63637 0.59003
-1.8076 -3.5809 -0.58666 -1.9095 -1.3062 -1.3392 0.59827 0.74581 -0.61211 0.35933 1.4369 -0.58963 1.1287
-2.0555 -3.1328 0.048131 -1.3045 -1.3427 -1.0413 1.0165 0.75795 -0.41405 0.1088 1.2052 -0.85671 0.96994
-3.1289 -3.3208 -0.45907 -1.5884 -0.45809 -0.8237 0.69752 1.1697 -0.21953 0.70599 1.2549 -0.54155 0.8824
-3.6103 -2.9029 0.21256 -0.93345 -0.83603 -0.54695 1.099 0.72506 -0.53522 0.082299 1.2785 -0.44148 0.60876
-5.4896 -2.6739 0.47349 -0.69953 -0.59234 -0.2541 1.5339 1.17 -0.18232 0.36347 1.5289 -0.31141 0.77958
-3.6965 -3.6466 0.74821 0.04103 0.49173 0.49518 0.74607 0.60233 0.61943 0.23522 -0.051932 -0.097135 0.11965
-0.93028 -3.1078 0.48378 -0.4461 -0.40206 -0.43674 0.42768 0.46627 0.43981 0.16583 0.30855 -0.48617 -0.46377
3.0583 -1.1764 -0.22029 -1.9438 -0.73097 -0.97686 -0.26178 -0.18358 0.57988 -0.43064 -1.0961 -0.49133 -0.13257
4.0881 -1.1749 -0.036497 -3.0234 -1.2224 -0.48429 -0.52888 0.12635 0.42436 -0.20985 -0.8291 -1.0858 0.15336
4.3081 -1.384 -0.24448 -3.2509 -1.3441 0.017455 -0.58495 -0.12783 0.37797 -0.090609 -1.1118 -1.1457 0.32084
4.3508 -1.5389 -0.28193 -3.0034 -1.8965 -0.019155 -0.15202 -0.20604 0.13989 -0.1985 -0.75854 -1.5517 0.25961
4.1226 -1.2118 -0.042874 -3.1849 -1.7338 -0.056253 0.19913 -0.37026 0.27128 -0.32913 -0.88437 -1.2871 -0.16543
4.1818 -1.2933 -0.41749 -2.9834 -1.5983 0.077582 0.2508 -0.35213 0.60145 -0.52481 -0.83414 -1.3236 0.058479
4.1093 -1.4596 -0.38406 -2.8669 -1.7339 0.18643 0.22505 -0.18641 0.29059 -0.35731 -0.90489 -1.3293 0.17463
4.0314 -1.2906 -0.40181 -3.2 -1.458 0.14607 0.18721 -0.3835 0.35305 -0.29718 -1.017 -1.4058 0.30131
3.8582 -1.4868 -0.052601 -3.2773 -1.6123 0.72468 0.0013048 -0.65829 0.56389 -0.28275 -1.1523 -1.1008 0.22255
3.6113 -2.0338 -0.15004 -2.7821 -1.5069 0.18514 0.086012 -0.11032 0.11896 -0.38826 -0.81086 -1.2809 0.17515
2.9373 -2.351 -0.71987 -2.269 -0.90862 -0.26006 -0.092916 0.19494 0.080637 -0.4785 -0.7958 -1.4037 0.20235
2.1441 -2.8438 -0.55089 -2.3758 -1.4397 -0.54968 0.26764 -0.2477 0.73089 -0.017623 -0.61011 -1.468 0.17769
0.93407 -2.862 -0.18399 -1.6151 -0.38919 -0.64246 0.052648 -0.41915 -0.39975 -0.7249 -0.78528 -0.89233 -0.15386
0.94759 -2.9385 0.048081 -1.4978 -0.37549 -0.61853 0.5343 0.057319 -0.49622 -0.68508 -0.71889 -1.7016 0.080285
0.89733 -3.4394 -0.069121 -1.4793 -0.67867 -0.56945 0.57267 -0.02721 -0.11707 -0.9573 -1.47 -1.9932 -0.0068703
