0.13604 -5.3649 2.2817 -0.13736 -0.010036 -0.4615 0.28475 0.19236 0.14085 0.70709 0.048678 0.17789 -0.72181
-1.0986 -2.9937 1.5124 -0.52902 -0.63558 -0.60694 -0.062268 0.48694 0.66675 0.51897 0.26073 0.23117 -0.007808
-0.94476 -0.59881 1.2395 0.28954 0.43858 0.14858 -0.018457 -0.31685 0.061926 -0.18431 -0.53975 0.10816 -0.40225
3.94 -0.97458 -0.97457 1.0484 -2.6105 -0.76561 -1.3396 1.3103 0.45934 -0.12009 0.0018876 -0.39878 0.1329
3.5793 -0.40103 -0.36394 0.073126 -2.275 -0.63715 -1.1243 1.5137 0.464 -0.40321 -0.21598 -0.17708 -0.15377
3.6139 -0.017268 -0.67044 0.030199 -2.3568 -0.42109 -0.9859 1.2131 0.8351 -0.59093 -0.37186 -0.56605 0.17994
3.7949 -0.41506 -0.84898 0.060804 -2.3499 -0.40802 -1.156 1.2257 0.65558 -0.70619 -0.28831 -0.44608 -0.0064707
3.7873 -0.49547 -1.0135 0.33726 -2.4539 -0.55472 -1.1857 1.2934 0.59947 -0.65525 -0.049506 -0.45266 -0.17196
3.7133 -0.61425 -0.66417 0.092916 -2.1218 -0.76214 -1.1129 1.239 0.76083 -0.53501 -0.046506 -0.17632 -0.47063
3.7288 -0.40999 -0.58918 0.20177 -1.9038 -0.84707 -1.5436 1.6144 0.54607 -0.39672 0.21635 -0.16548 -0.43659
3.1163 -0.086128 0.0051619 0.16889 -1.3247 -1.0352 -1.8662 1.3613 0.29006 -0.44512 0.23519 0.23819 -0.44084
0.88149 -0.78405 0.25356 0.38393 -0.62934 -1.8861 -1.4807 0.94226 0.14989 -0.80198 0.40085 0.59216 0.066221
-1.126 -2.3724 1.5306 1.4392 0.35595 -1.2649 -0.64985 -0.085779 -0.71158 -0.6695 0.0063277 0.24717 -0.5986
0.58883 -2.3624 0.94261 0.25036 -0.64053 -1.4081 -0.26029 -0.54528 -0.26524 0.25046 -0.42571 0.40378 0.035033
2.4234 -0.42813 0.5018 0.33762 -0.88181 -1.8926 -1.4138 0.79185 0.2504 -0.071839 0.14171 0.56513 -0.089154
3.3364 -0.77722 -0.26752 -0.095596 -1.2282 -1.6826 -1.2552 1.417 -0.26825 0.076236 -0.1708 0.14062 -0.63106
3.7237 -0.31563 -1.2294 -0.17405 -1.5487 -1.2853 -1.0175 1.5681 0.02017 -0.45649 -0.20664 -0.38919 -0.40211
4.0805 -0.12683 -1.891 0.0088854 -1.7169 -1.2311 -0.6342 1.5187 0.45963 -0.78208 -0.045936 -0.53348 -0.42013
4.2591 -0.72523 -1.8171 0.3345 -1.7227 -1.1933 -0.64619 1.8363 0.12352 -0.66903 -0.2496 -0.43385 -0.52559
4.402 -1.0706 -1.8923 0.30998 -1.6904 -1.1895 -0.35383 1.2351 0.38742 -0.80316 -0.28009 -0.47482 -0.42869
4.5525 -0.89517 -2.5126 0.69678 -2.31 -0.7228 -0.78878 1.2929 0.52248 -0.9089 -0.34854 -0.49028 -0.27304
4.4465 -1.0161 -2.0707 0.31337 -2.0794 -0.80941 -0.72331 1.2927 0.85001 -0.95176 -0.34313 -0.38971 -0.23618
4.2043 -0.32886 -1.9867 0.30342 -1.9808 -0.67424 -0.92904 0.95442 1.1532 -1.0229 -0.41133 -0.34948 -0.077639
3.8924 -0.76345 -1.3739 0.31542 -1.7554 -0.91606 -1.2922 0.47753 1.1273 -0.65245 -0.36877 0.087812 -0.40109
2.7656 -0.17106 -1.01 0.46216 -1.2482 -1.1574 -1.7862 -0.11353 1.1134 -0.7039 -0.21145 0.51271 -0.044169
-2.4749 -1.594 0.88224 -0.18065 -0.23202 -1.1086 -0.41989 0.28882 1.3991 -0.27052 -0.12009 0.35091 0.36079
-3.3981 -3.0106 0.3206 -0.43518 -0.76695 -0.89054 0.39104 0.71143 0.95705 0.28915 0.41822 -0.27906 0.33732
-3.9459 -2.2511 0.8227 -0.59032 -0.021913 -0.92932 0.027417 0.56619 0.83187 0.23507 -0.10297 -0.65791 0.11663
-3.8515 -2.3856 1.0651 0.26806 -0.53702 -0.35449 0.53522 -0.040574 0.63354 0.3255 0.8298 -0.27014 -0.10697
-4.7663 -2.5017 0.63597 -0.41708 -0.20431 -0.53587 0.4864 0.77501 0.66756 0.11454 0.039624 -0.22598 0.81263
-4.9156 -2.4521 0.94694 0.10077 -0.57258 -0.40562 0.79391 0.63637 0.64196 6.2664e-05 0.21633 -0.48598 0.71032
-4.4143 -2.6595 0.30409 -0.9084 -0.39096 -0.49802 0.57974 0.41774 0.089978 0.19648 0.3871 -0.49533 0.84104
-1.3043 -5.3396 0.019915 -0.30253 -0.23218 -0.053163 0.18765 0.52707 0.53649 0.58226 0.60003 0.23863 0.013814
0.90268 -3.883 0.46018 -2.0216 -0.64533 0.46167 0.82126 0.79334 0.98271 0.92904 0.3006 0.62624 0.043334
2.2046 -0.085897 -1.2621 -0.61114 -1.1774 0.2154 -0.95745 -0.021572 1.1383 -0.15147 -1.0715 -0.52445 0.2917
4.88 -0.7922 -2.3517 -1.0229 -1.719 0.34482 -0.85763 0.089322 1.1181 -0.42332 -1.0492 -0.74609 0.5465
4.7632 -0.79157 -2.2088 -1.452 -1.5074 0.51862 -0.68162 0.06758 0.82011 -0.39415 -1.2283 -1.1684 0.69787
4.839 -0.77681 -2.2286 -1.8196 -1.5301 0.69309 -0.71801 0.065565 0.49498 -0.35758 -1.0463 -1.3401 0.80711
4.7452 -0.67962 -2.1427 -2.0779 -1.5028 0.97681 -0.78095 0.41038 0.15782 -0.11831 -1.1082 -1.325 0.86104
4.1216 0.15141 -1.9667 -2.2149 -1.1356 0.76838 -0.61073 0.31719 0.041889 0.068397 -1.0606 -1.4136 0.79549
3.4276 0.45516 -1.7671 -2.0713 -0.86035 0.54 -0.61927 0.17222 -0.041424 0.48451 -1.0859 -1.3658 0.46498
2.6311 0.7966 -1.7228 -2.3047 -0.51917 0.99503 -0.54707 -0.61144 -0.30876 0.48514 -1.108 -0.90199 0.47582
1.4132 0.86004 -0.73716 -2.0359 -0.19575 0.58371 -0.26677 -0.96987 -0.16699 0.2295 -0.75222 -0.85366 -0.10115
0.16922 0.93347 0.21285 -1.635 0.31109 0.36169 0.85525 -1.1977 0.73345 0.084684 -0.78364 -1.0547 -1.1743
