-0.35571 -5.7832 -0.65776 -0.12053 -0.70165 0.55492 -0.0080551 0.48786 0.10583 0.014184 -0.27946 0.016755 0.13568
-2.4269 -2.8391 0.48591 -0.064893 -0.48837 -0.66587 -0.42884 -0.56542 0.31537 0.10768 -0.020956 -0.19012 0.47209
-0.43423 -2.4705 0.90967 0.50525 0.37595 -0.22062 -0.78623 -0.99949 0.22089 -0.24992 -0.43647 0.11659 -0.43148
2.1404 -2.1875 1.3356 0.34027 -0.79164 -1.5469 -0.8978 -0.95625 0.18316 -0.2364 0.62509 -0.12422 -0.13312
2.4089 -2.0263 1.3902 0.082226 -1.2168 -1.9562 -0.91143 -0.8063 0.58053 -0.44417 0.31172 -0.1273 -0.031951
2.5542 -1.9328 1.0609 -0.49383 -1.2593 -2.1343 -0.8119 -0.55285 0.7041 -0.42403 0.018298 -0.19913 0.027375
2.9251 -1.8754 0.85211 -0.6747 -1.4652 -2.197 -0.54688 -0.16798 0.54149 -0.8231 0.12825 -0.56249 0.1581
3.1322 -1.7464 0.67068 -0.62401 -1.5254 -2.3701 -0.32457 -0.021298 0.45575 -0.93794 0.24318 -0.28134 -0.14509
3.1306 -1.7299 0.94153 -0.60743 -1.6983 -2.3001 -0.27854 -0.097314 0.73834 -0.97662 -0.023292 -0.64781 -0.020734
2.9988 -1.6822 1.1107 -0.59741 -1.2517 -2.1317 -0.45219 -0.29585 0.6824 -0.44285 0.19852 -0.75239 0.091184
2.7831 -1.925 1.196 -0.21229 -1.3671 -1.7225 -0.67834 -0.80139 0.73936 -0.59657 0.17344 -0.12503 -0.28509
2.5226 -1.8207 0.80369 0.13449 -0.89376 -2.242 -0.5755 -0.48765 -0.073134 -0.55106 0.46075 -0.30502 -0.24165
2.1181 -1.8354 1.5049 0.14814 -0.64131 -1.0972 -0.90159 -1.555 0.68257 -0.41759 -0.21909 0.057851 -0.32114
1.2429 -2.3964 1.0858 0.38696 -0.1735 -0.2319 -0.49343 -1.4084 0.30453 -0.35169 -0.29363 -0.090732 -0.70983
2.0799 -2.1331 1.7052 1.0931 -0.68838 -1.2773 -1.2489 -1.8677 0.41231 -0.49288 0.27502 -0.010707 -0.32827
2.403 -1.6486 1.4236 0.84509 -0.60393 -1.5953 -1.0769 -1.0812 0.30004 -0.77508 0.074983 0.13981 0.18423
3.0887 -1.5057 1.4446 0.46441 -0.97547 -2.005 -1.2366 -0.74697 0.11138 -0.44156 0.65993 -0.311 -0.15624
3.6889 -1.4841 1.512 -0.10278 -1.4749 -2.769 -1.1962 -0.73081 0.051684 -0.064331 0.62826 -0.65185 -0.23799
3.8147 -1.6572 0.97171 -0.44553 -2.0052 -2.8273 -0.90952 -0.54624 0.49657 -0.27286 0.31652 -0.87701 -0.23406
3.7297 -1.7412 1.6232 -0.69834 -2.2628 -2.7807 -0.72146 0.080774 0.28899 -0.28771 0.43025 -0.98477 -0.34098
3.7622 -1.8842 1.247 -1.0935 -2.1481 -2.9298 -0.76172 0.58352 0.38475 -0.61943 -0.13681 -0.9191 -0.096717
3.6456 -2.1816 1.0258 -1.3604 -2.4079 -2.6162 -0.42087 0.1935 0.1141 -0.76383 -0.08533 -0.95653 -0.13297
3.4119 -2.4693 0.5959 -1.5793 -1.9944 -2.2291 -0.1228 0.47552 0.2033 -0.76132 -0.50011 -0.85042 0.39281
3.7065 -2.4936 -0.59425 -2.0573 -1.7652 -2.9448 -0.91634 0.082948 0.35961 -0.60838 -0.65356 -0.8237 -0.27323
3.2857 -2.4588 -0.13862 -1.1709 -1.5946 -2.8305 -0.87257 -0.089722 0.71559 -0.78022 -1.0485 -1.3198 -0.37017
3.0264 -2.151 0.0391 -2.0209 -1.4608 -1.9877 -0.73222 -0.38693 -0.60719 -1.1022 -0.50706 -0.4943 -0.42467
2.9842 -2.0266 -0.80011 -1.1539 -1.2493 -1.8929 -1.0537 -0.46054 0.25119 -1.2012 -0.59987 -0.48318 -0.38177
2.3162 -1.9741 0.25461 -1.0809 -1.0829 -1.4236 -0.71717 -0.59565 0.17258 -1.1242 -0.3904 -0.24288 -0.23911
0.90248 -2.4745 0.55139 -0.32874 -0.63859 -0.69152 0.1064 -0.57426 -0.011152 -0.46365 -0.073376 -0.74009 -0.66481
-2.844 -2.7471 0.74569 0.65482 0.98743 0.46211 -0.36587 -0.58915 0.24106 0.069685 -0.24643 0.35174 -0.59494
-4.0487 -2.5811 0.57444 0.18193 0.46816 0.24465 0.27582 0.1136 0.20396 0.25448 0.39228 0.20098 -0.074715
-3.9981 -2.7519 0.54244 0.040791 0.26333 -0.11919 -0.2549 -0.52277 -0.23676 0.26275 0.89147 0.62408 -0.073486
-2.8763 -2.9968 -0.065317 -0.54729 0.51671 0.11089 0.24343 0.68813 0.10561 0.42 0.31562 0.0151 0.19491
-1.5026 -3.1427 0.14393 -0.78056 -0.71972 -0.45338 0.63936 0.52162 -0.24645 0.22036 0.96347 -0.35223 0.26356
-3.7901 -3.1679 0.12854 -0.34825 -0.070094 -0.13878 0.38312 0.16201 -0.10671 0.028518 0.42943 -0.32529 -0.41633
-1.3579 -2.5192 0.81354 0.21572 -0.13873 -0.13166 -0.016527 -0.46357 0.17407 -0.41359 -0.59193 -0.54051 -0.31882
3.0001 -1.5335 0.54824 -1.8178 -1.6439 -1.4541 -0.46827 -0.64856 0.55991 -0.45385 -0.27446 -0.72093 -0.020556
3.8102 -2.264 -0.1847 -1.968 -1.9894 -2.3333 -0.79325 -0.088301 0.63098 -0.64673 -1.0782 -1.6133 0.048697
3.5153 -2.0913 -0.39221 -1.8301 -1.1905 -2.4068 -0.58769 0.052577 0.85998 -0.64504 -1.0754 -1.0784 -0.18231
3.2479 -2.4038 0.075704 -1.3742 -1.616 -2.5413 -0.57971 0.33997 1.082 -1.0862 -1.0858 -0.87376 -0.016319
3.2022 -2.7362 0.080934 -1.514 -1.531 -2.4549 -0.42529 0.35067 1.0587 -1.0196 -1.2448 -0.76748 0.010627
3.0789 -2.4274 -0.48142 -2.1701 -1.5048 -2.1305 -0.0926 -0.42006 0.63822 -0.84519 -1.1756 -0.91896 0.065905
2.789 -2.4951 -0.56486 -2.2506 -0.96766 -1.6501 -0.12172 -0.11014 0.45827 -0.65381 -0.90212 -0.66368 0.14452
2.1227 -3.0541 -0.45486 -1.5925 -1.239 -1.1357 0.24019 -0.23467 0.2259 -0.32715 -0.49754 -1.1916 0.57682
1.2683 -3.0336 0.31098 -0.93649 -1.4018 -0.99477 -0.089874 -0.84442 0.25877 -0.02281 -0.28404 -1.1963 0.50885
0.49506 -2.9948 0.32859 -0.48434 -0.93856 -0.78807 -0.091885 -0.79954 -0.51541 -0.46339 0.32538 -0.53206 -0.41124
