0.9493 -2.5727 0.6161 -1.123 -0.44244 -0.32645 0.12107 0.36506 0.68332 0.21314 0.19302 0.28407 0.10482
-1.1436 -1.9248 1.5391 0.56992 -0.42036 0.035583 0.68207 -0.12257 0.64399 -0.18926 -0.013999 -0.11126 -0.10455
1.3791 -0.46671 2.1349 -0.40022 -0.67453 -0.47319 -0.27892 -0.72236 1.3015 -0.13727 -1.3793 0.054207 0.029458
2.5697 -0.7612 2.4126 -0.43479 -1.0616 -1.2199 -0.87774 -0.071244 0.98799 0.32833 -0.67062 -0.20079 -0.3156
3.0206 -0.46287 1.7065 -0.93998 -1.317 -0.67642 -1.0726 0.075163 1.1617 -0.18398 -0.62443 -0.17951 -0.053777
3.1998 -0.41112 2.0113 -1.1299 -1.2289 -0.82788 -1.0695 -0.35992 1.3573 0.55653 -1.0487 -0.67477 -0.23358
3.3443 0.13022 2.0087 -1.3609 -1.2513 -0.7742 -0.94083 -0.39505 1.2273 0.46759 -0.8414 -0.49537 -0.42505
3.0621 -0.38984 1.8083 -0.42659 -1.3494 -0.5132 -1.5316 -0.30324 1.2395 -0.22353 -0.14286 -0.50034 -0.081945
1.8865 -0.92458 2.6512 0.36875 -0.99071 -0.64479 -1.2201 -0.976 0.65837 -0.39209 -0.12065 -0.13194 0.13555
1.7502 -1.1352 2.7115 0.26481 -0.90724 -0.35679 -1.3003 -1.5906 1.0213 -0.17401 -0.33411 -0.19766 -0.33042
1.8396 -1.2243 2.7682 0.69802 -0.66486 -1.0845 -1.0512 -1.1598 0.48256 -0.18374 -0.32024 -0.43116 -0.31195
2.5477 -1.0929 2.6133 -0.087215 -2.034 -0.64975 -1.5957 -0.69963 0.8199 -0.19483 -0.33809 -0.7188 0.20067
4.1625 -0.095746 1.9151 -1.9554 -1.9263 -0.44691 -1.498 -0.075448 0.87082 0.11632 -0.94297 -0.85178 0.22085
4.2071 -0.16597 1.9407 -2.2979 -1.6244 -0.4817 -1.8105 0.11728 0.70239 0.015556 -1.0034 -0.87694 -0.13376
4.4624 -0.34924 1.7652 -2.4236 -1.8084 0.19466 -1.7558 -0.029884 0.91954 0.075627 -1.3491 -0.61517 -0.095944
4.435 -0.18759 1.3826 -2.7678 -1.7653 0.63568 -1.5755 -0.10943 0.66609 0.14528 -1.3078 -0.73141 -0.15223
4.6357 -0.13528 1.4544 -2.8963 -1.9717 0.33128 -0.9182 -0.046347 0.50114 0.19824 -1.0737 -1.1031 -0.060243
4.6558 0.56678 1.1359 -2.815 -2.0937 0.24902 -0.48373 -0.18563 0.73435 0.35397 -1.2643 -1.1088 -0.047907
4.6487 0.11765 1.7056 -2.8166 -2.2376 0.45439 -0.90798 0.077241 0.60528 0.28859 -1.0045 -1.0942 -0.16787
4.3068 0.50199 2.0847 -2.4944 -1.9211 -0.35033 -0.79662 0.47043 0.43378 0.32015 -1.0357 -0.65119 -0.097101
3.4806 0.23238 2.5393 -1.5108 -1.8102 -0.61389 -1.0969 -0.31637 0.79326 0.12607 -0.28304 -0.56251 -0.23479
1.3298 -0.18532 2.2419 -0.44345 -1.1628 -1.2022 -0.2581 -0.99658 0.83059 0.0065887 0.50884 -0.44838 -0.024556
-1.1011 -1.9972 1.3926 0.25315 -0.57456 -0.25777 0.35172 -0.53061 1.202 0.33263 0.12567 -0.27095 0.10989
-2.1104 -2.7456 0.57196 -0.63999 -1.303 -1.0633 0.45554 -0.020704 -0.015987 -0.08319 0.68911 -0.8336 0.17779
-1.9115 -2.7684 0.77397 -0.59766 -1.7443 -1.3037 0.61049 0.22082 0.74862 0.38187 0.66284 -1.3263 0.82852
-2.6196 -2.6433 0.72471 -0.16789 -0.81516 -0.5125 0.68327 0.25236 0.61587 0.57165 0.99009 -0.41093 0.3886
-2.3817 -2.9065 0.52222 -0.76964 -1.1942 -0.54448 1.6446 1.0598 -0.050417 -0.063466 0.91715 -1.1738 0.74444
-3.221 -3.0924 0.15012 -0.92558 -0.80862 -0.79202 0.74352 0.86572 0.19222 0.30868 0.50295 -1.0666 0.7485
-4.1256 -2.416 0.98813 0.93512 0.92419 0.61668 -0.099014 -0.23312 0.76444 0.15001 -0.53114 0.21466 -0.19498
0.50879 -4.6184 0.058277 -1.1601 -0.1943 -1.0059 0.33937 0.95087 -0.18312 0.40955 0.14863 0.43409 0.079396
1.2315 -3.6451 0.41903 -0.86404 -0.26964 -0.18465 0.34592 0.66903 0.12627 0.63837 -0.35421 0.23313 0.050486
