1.2855 -5.0978 0.21915 0.63472 -0.35368 0.049388 -0.47693 0.32863 0.23328 0.42382 -0.49692 -0.76088 -0.68981
0.98143 -2.593 0.71946 0.1063 -0.59839 -0.47939 -0.034565 -0.70217 0.051828 -0.62781 -0.51098 -0.57937 -0.51602
3.6383 -1.1673 0.094931 -1.1262 -0.67245 -1.4639 -0.77279 -0.5608 0.59221 -0.076733 -0.81373 -0.50318 -0.62414
4.3097 -1.6862 0.683 -1.0239 -1.4068 -1.4834 -0.96113 -0.19787 0.85261 -0.50974 -0.70942 -0.21115 -0.43567
4.4866 -1.1632 0.098554 -1.3093 -0.82993 -1.8859 -0.64169 0.040237 0.47666 -0.51871 -0.63813 -0.31833 -0.62624
4.607 -1.4691 0.42327 -1.2543 -0.86732 -2.2486 -0.47017 0.38142 0.43905 -1.0335 -1.0724 0.1924 -0.57146
4.6404 -1.081 0.086036 -1.301 -1.0477 -2.2826 -0.25397 0.26473 0.43572 -1.0286 -0.71629 -0.30515 -0.40882
4.5578 -1.1478 0.59286 -1.3757 -1.3198 -1.6763 -0.35655 -0.012428 0.7326 -0.98492 -0.91478 -0.062678 -0.48297
4.3979 -0.88683 0.081041 -0.85564 -1.215 -2.0084 -0.32949 -0.02011 0.69296 -1.2519 -0.59593 -0.452 -0.31136
4.2904 -0.88124 -0.035379 -0.93986 -1.0963 -1.8919 -0.40579 -0.47215 0.62048 -1.2383 -0.39286 -0.24152 -0.39115
4.3365 -0.88083 0.2174 -0.79652 -1.2606 -2.0758 -0.59074 -0.33654 0.66348 -1.19 -0.46253 -0.079521 -0.49219
4.467 -0.77612 0.28925 -0.77188 -1.161 -2.2388 -0.96733 -0.74548 0.61936 -0.59703 -0.29851 -0.086249 -0.80872
4.4246 -0.68305 0.96093 -0.95705 -1.2306 -2.3039 -0.93136 -0.98881 0.2526 -0.16981 -0.098219 -0.19108 -0.82166
3.9693 -1.3622 1.7316 -0.71639 -1.2467 -2.266 -0.89195 -1.2648 -0.11197 -0.22839 0.062269 -0.21765 -0.53003
4.1545 -1.3885 1.9311 -0.54764 -1.5211 -2.8506 -1.0437 -0.60856 0.29481 -0.58792 -0.24493 -0.12962 -0.56224
4.6388 -1.3374 0.75986 -1.4638 -1.3847 -3.0073 -1.1747 -0.3145 -0.21977 -0.45772 -0.27863 -0.76086 -0.99357
5.1823 -1.35 -0.38331 -1.7574 -1.902 -2.7693 -1.116 -0.66643 0.37132 -0.87565 -0.96766 -0.39311 -1.2601
5.5225 -1.3487 -0.59695 -1.5656 -1.5517 -2.6402 -0.83985 -0.095031 0.66127 -0.61871 -0.76653 -0.43106 -1.0325
5.6328 -1.2459 -1.2536 -1.4706 -1.701 -2.6677 -0.6131 -0.46644 0.75906 -1.0548 -0.92762 -0.63367 -1.1871
5.9205 -1.9474 -1.4946 -1.3441 -1.7426 -2.2374 -1.0927 0.044829 0.70372 -1.1523 -1.1911 -0.41388 -1.0662
5.9542 -1.8546 -1.6303 -1.5958 -1.5515 -1.9589 -0.93518 -0.11482 0.63697 -0.98771 -1.0958 -0.39284 -0.95932
6.0575 -2.1564 -1.4111 -1.7362 -1.2529 -1.5508 -0.99642 0.24302 0.82133 -0.69376 -1.0188 -0.081022 -0.95068
6.0513 -2.7128 -1.6176 -2.1011 -1.0404 -1.928 -1.2496 -0.26956 0.72802 -0.79852 -1.2831 -0.24486 -1.0484
5.6912 -2.2816 -1.7043 -1.571 -0.98532 -1.9921 -1.0847 -0.60559 0.51451 -0.21468 -1.3171 -0.33806 -0.73655
4.6579 -1.4724 -0.66506 -1.292 -0.59691 -2.0035 -1.0275 -0.78906 0.71714 -0.19351 -0.49603 -0.39752 -0.56211
3.5146 -1.3849 0.61501 -1.5965 -0.73753 -1.5331 -0.91913 -0.83893 0.43164 -0.33977 -0.49917 -0.7342 0.043869
1.2705 -2.053 0.8981 -0.49385 -0.62037 -1.0188 -0.5371 -1.0412 0.69281 0.19227 -0.17795 -0.606 0.1027
-0.42179 -2.938 0.311 -0.18428 -0.19121 -0.31631 -0.18166 -0.52678 -0.39264 -0.42722 -0.25661 -0.48253 -0.41402
-1.6146 -2.939 0.29475 -0.27487 -0.20767 -0.31786 -0.030401 -0.39806 -0.4214 -0.16978 0.34508 -0.24599 -0.58858
-1.6688 -2.9555 0.2929 -0.15903 0.074363 -0.016704 0.1199 -0.13798 -0.24241 -0.31827 -0.27301 -0.4403 -0.51989
-1.2364 -2.9141 0.31392 -0.28351 -0.13615 -0.2918 -0.035664 -0.37135 -0.47581 -0.068239 0.49801 -0.10163 -0.48808
-2.5311 -2.8028 0.41892 -0.052752 0.19971 0.1389 0.42185 0.23124 0.12607 0.085561 0.20559 -0.18501 -0.37667
-3.7393 -3.1756 0.92003 -0.019913 0.56074 0.2163 0.28817 0.12934 0.21735 0.25669 0.35766 0.091157 -0.21798
-2.004 -5.2869 2.0953 0.58633 0.66956 -0.09004 -0.60904 -0.87198 -0.27108 0.24171 0.59593 0.48451 0.12339
-0.90198 -2.9167 0.43899 -0.38907 -0.85544 -0.89255 -0.30835 -0.87297 -0.32146 -0.21821 0.31909 -0.52312 -0.29571
1.6517 -3.3905 0.26126 -1.2697 -1.0885 -1.2687 0.11578 0.21934 0.87531 0.55398 0.1297 -1.6928 -0.081462
2.0734 -2.8048 -0.36278 -1.9229 -1.1507 -0.89967 -0.29381 -0.63616 0.3326 0.14101 -0.10018 -0.62266 0.58491
1.5148 -3.4683 -1.0419 -2.3486 -1.0346 -0.61048 -0.19568 -0.99167 0.29161 -0.30848 -1.225 -0.8638 0.038511
3.2339 -2.4692 -0.72823 -3.0024 -1.2442 -0.50593 0.5776 -0.61847 -0.056469 0.22266 -0.84212 -1.1571 -0.38288
2.6526 -3.0053 -0.64222 -3.3826 -1.4506 -0.79057 1.1386 -0.28751 -0.60967 -0.21355 -0.014887 -1.9931 0.015871
2.6044 -2.6345 -0.91582 -3.1314 -0.21477 -0.73679 0.74593 0.23996 -0.55837 0.24124 -0.26731 -1.6233 0.017868
1.3154 -2.4682 -0.57306 -2.6301 0.17376 -1.1179 -0.50392 -0.49531 -0.14398 0.14879 -0.27563 -0.3594 -0.10649
1.5509 -4.0401 -1.7067 -3.1147 0.0033988 -0.012531 0.54237 -0.15004 -0.51064 -0.37046 -0.74879 -0.39237 -0.28642
-0.99636 -4.1143 -1.3815 -2.0787 0.30732 -0.35146 0.30953 0.9534 -1.0728 0.020465 0.31621 -0.47197 0.327
0.30095 -4.1698 -0.82339 -1.9925 -1.0798 -0.55396 1.3793 1.172 -0.27249 -0.16498 0.32135 -1.4546 0.59039
