1.714 -1.0922 1.7963 -1.2424 -0.512 0.14329 0.108 1.1073 0.122 -0.24165 0.25779 0.082452 -0.13009
3.9337 -0.41447 0.46627 -1.0244 -1.3926 -1.0219 -0.64848 0.59484 0.12261 -0.30133 0.047677 -0.0025434 -0.16747
4.3345 -0.079039 0.18369 -1.2398 -2.1084 -1.1037 -0.32497 0.36162 0.2522 -0.33322 -0.30435 0.037978 -0.10834
4.3756 -0.20533 -0.22374 -1.7957 -1.3017 -1.2572 -0.54594 0.82577 0.072173 -0.338 -0.25066 0.10636 -0.16149
4.4712 -0.16349 -0.83245 -1.1951 -1.7158 -0.85745 -0.39856 0.64313 0.095293 -0.84478 -0.28525 -0.010625 -0.3277
4.6917 0.073522 -1.3031 -1.3255 -1.5292 -1.0194 -0.31916 0.81704 0.11212 -0.76569 -0.40224 0.11825 -0.30447
4.688 -0.44502 -0.84436 -1.4618 -1.6683 -0.79695 -0.38634 0.98589 0.16442 -1.0343 -0.15166 0.10578 -0.43541
4.5841 -0.24929 -0.77541 -1.4581 -1.6256 -0.77859 -0.66321 0.88877 0.11351 -1.1455 0.066152 -0.069757 -0.42911
4.1541 0.10814 -0.70038 -1.553 -1.1255 -1.4583 -0.78312 0.61944 0.31127 -0.82564 0.052222 0.10339 -0.42663
2.473 0.043454 0.63917 -0.88596 -0.75449 -2.0456 -0.7233 0.48487 0.12355 -0.41551 0.31378 -0.081816 0.18368
1.6134 -1.1032 1.6943 -0.23804 -0.91807 -0.94017 -1.12 -0.67034 0.58269 -0.519 -0.20787 0.049774 -0.12847
1.7636 -0.4849 1.7092 -0.88721 -0.52392 -1.3467 -1.5244 -0.97466 0.043482 -0.12378 -0.26845 -0.15707 0.23564
1.7988 -0.23367 1.9235 -0.88378 -0.8162 -1.3072 -1.3864 -0.94802 0.87383 -0.39192 -0.56065 -0.25278 1.0324
2.6766 -0.75357 0.68762 -1.5171 -0.90849 -1.6253 -1.3618 0.64667 0.29158 -0.50891 -0.13073 0.088783 -0.17563
4.0559 -1.0627 -0.64543 -1.2245 -1.7462 -1.239 -1.0866 1.0094 0.10696 -0.44964 -0.3094 -0.15728 -0.12122
4.2726 -1.0885 -1.0023 -1.3397 -1.7131 -1.1246 -0.55644 0.82224 0.24402 -0.7067 -0.088803 -0.24137 -0.27486
4.3825 -1.18 -1.0696 -1.2527 -1.9479 -0.853 -0.5088 0.77261 0.049851 -0.89678 -0.11068 -0.54315 -0.12039
4.366 -1.1508 -1.0496 -1.4692 -1.768 -0.89714 -0.41996 0.70991 0.24758 -0.79899 -0.27405 -0.55275 -0.02431
4.1245 -0.66027 -0.81994 -1.3796 -1.7535 -0.94125 -0.33783 0.7288 -0.018424 -0.6362 -0.42857 -0.4323 -0.047244
4.015 -0.60569 -0.68961 -1.4586 -1.892 -1.055 -0.39941 0.51671 0.16846 -0.78279 -0.61615 -0.56813 0.15279
3.9457 -0.88717 -0.73147 -1.3726 -1.8121 -1.0541 -0.38515 0.7538 0.22177 -0.85679 -0.62623 -0.38503 -0.10146
3.7366 -0.53252 -0.40672 -1.9857 -1.3487 -1.1262 -0.60702 0.76246 0.61528 -1.3137 -0.58118 -0.050271 -0.64924
3.5149 -0.31561 -0.58774 -1.7435 -1.2345 -1.5764 -0.64157 0.80023 0.55317 -1.4318 -0.33344 -0.48732 -0.29711
3.2398 -0.31699 -0.84076 -1.3849 -1.167 -1.5963 -0.6812 0.62824 0.88698 -1.2972 -0.20746 -0.64578 -0.24255
2.7997 -0.5826 -0.55305 -1.0828 -0.86827 -1.8018 -0.77739 0.39122 0.67972 -0.79213 -0.12621 -0.44943 -0.24187
1.1615 -1.2454 0.6695 0.1396 -0.6541 -1.6969 -1.1146 0.21017 0.95702 -0.67092 -0.57038 0.053561 -0.017445
