0.7781 -2.1019 0.21439 -1.2215 -0.8109 -1.2481 -0.48745 -0.35852 -0.78317 -0.89892 -0.2241 -0.52819 -0.32274
2.9911 -2.961 -0.92448 -2.1935 -1.5856 -1.1764 -0.41181 -0.0095462 -1.0466 -1.1961 -0.40054 -0.61303 -1.2183
3.6961 -3.3512 -1.5226 -1.4082 -2.0039 -1.6234 -0.25095 0.35096 -0.94226 -1.5451 -0.53374 -0.60226 -0.90141
4.0243 -3.9868 -1.5359 -1.3537 -2.6876 -1.4132 -0.56593 0.26165 -1.0857 -1.412 -0.8628 -0.7711 -1.0821
4.3334 -4.2617 -0.96479 -1.0769 -2.4881 -1.1438 -0.42666 0.29802 -0.83959 -1.0389 -0.73963 -0.53148 -0.9239
4.4163 -4.3562 -0.82295 -1.1677 -2.6943 -1.1017 -0.66687 0.3598 -1.0382 -1.1112 -0.64898 -0.49677 -1.2163
4.2815 -3.9813 -0.60703 -1.0626 -2.3265 -1.0942 -0.59519 0.22147 -0.69573 -0.88157 -0.5476 -0.10433 -1.2565
3.2253 -3.3076 -0.35787 -0.66885 -1.9989 -1.314 -1.1073 0.18138 -0.58656 -1.1477 -0.41915 -0.23722 -1.026
1.8358 -1.9644 0.26693 -0.51885 -1.1967 -1.5458 -0.28143 -0.87286 0.028148 -0.90874 -0.15201 0.26276 -0.87798
2.5791 -2.925 0.20321 -0.49739 -1.5664 -1.4892 -0.99232 -0.39513 -0.13761 -1.5063 -0.22207 0.11791 -0.85601
2.9731 -3.2258 0.048491 -0.56821 -1.6497 -1.7849 -0.8294 -0.069155 -0.363 -1.3567 -0.557 0.35646 -0.97009
3.5399 -3.9436 -0.51354 -1.1806 -2.1347 -1.4484 -1.0936 -0.22524 -1.2086 -1.2906 -0.57706 0.040286 -1.5389
3.8563 -3.6864 -0.36852 -1.1941 -1.7695 -0.95713 -0.8048 0.32529 -0.83387 -0.92179 -0.39396 -0.0052162 -1.1293
4.1156 -3.7686 -0.88637 -1.2633 -1.8547 -1.3105 -0.53273 0.47775 -1.0172 -1.0915 -0.49482 -0.073192 -1.2637
4.343 -4.1761 -1.0603 -1.7319 -1.9581 -1.1035 -0.75252 0.3826 -1.0754 -1.3078 -0.7901 -0.1845 -1.2562
4.3314 -4.127 -1.7267 -1.8619 -1.9155 -1.3295 -0.43479 0.3528 -1.1972 -1.5765 -0.92313 -0.57925 -1.2875
4.3533 -3.6952 -1.7254 -1.8701 -1.4702 -1.0966 -0.11392 0.56904 -0.88624 -1.6134 -0.65741 -0.27819 -1.3624
4.301 -3.4725 -1.9305 -1.8456 -1.8456 -1.1173 -0.027477 0.31091 -0.91907 -1.7675 -0.29762 -0.57861 -1.1086
4.1934 -3.5858 -1.6697 -2.2121 -1.7568 -1.084 -0.075073 0.45429 -0.90394 -1.6487 -0.34821 -0.34163 -0.97468
4.0058 -3.5194 -2.1357 -2.5921 -1.6371 -1.1334 -0.31747 0.55198 -1.0935 -1.2992 -0.83867 -0.40042 -1.0565
4.0034 -3.2815 -1.8767 -2.7486 -1.1293 -1.0879 -0.58557 0.97429 -0.71695 -1.3967 -0.6429 -0.16872 -1.2397
3.7706 -3.6318 -1.9764 -2.2286 -1.6259 -1.2517 -0.69374 0.083137 -0.80403 -1.6471 -0.79409 -0.44151 -1.6236
3.3608 -3.4552 -1.5612 -1.9824 -1.8725 -0.93633 -0.87506 -0.091918 -0.61181 -1.4793 -0.37686 -0.19283 -1.0896
3.0512 -3.2629 -1.7205 -2.6018 -1.9722 -1.4123 -0.73991 -0.35863 -0.49357 -1.9783 -0.39105 -0.61328 -0.61601
2.3911 -2.905 -0.9789 -2.199 -1.4473 -1.5909 -0.6243 -0.080195 -0.59563 -1.5574 -0.30845 0.076362 -0.53508
1.7001 -3.0848 -0.26425 -1.9664 -1.6041 -1.8672 -0.93723 -1.1473 -0.716 -1.4246 -0.90845 -0.60284 -0.79888
0.77525 -2.8331 -0.13488 -1.2542 -1.0651 -1.6009 -1.017 -1.499 -0.6944 -0.99643 -0.30039 0.066084 -0.49259
-1.7849 -2.7568 0.78465 0.33027 -0.069016 -0.55101 -0.77758 -0.85307 0.66411 0.15655 -0.3383 -0.33981 -0.37238
-3.2062 -2.6628 0.50768 -0.21152 -0.040383 -0.19751 0.40616 0.19166 -0.036749 0.44297 1.0638 0.09002 0.14309
-3.2726 -3.007 0.18505 -0.31337 0.028791 -0.14343 0.18008 -0.025096 -0.25068 0.056921 0.4936 -0.10515 -0.20878
-3.5785 -2.8414 0.32164 -0.33644 -0.27985 -0.34015 0.16715 -0.17067 -0.38672 -0.047207 0.62344 0.034187 0.3109
-5.5453 -2.6822 0.49254 -0.080969 0.21613 0.1647 0.62204 0.31268 -0.14057 0.1319 0.60306 -0.097528 -0.09782
-3.8281 -2.8429 0.3369 -0.54323 -0.37804 -0.26627 0.9215 0.60213 -0.24547 0.24929 1.2015 -0.21072 0.20644
-5.5466 -2.8244 0.22205 -0.4834 -0.026038 0.0084379 0.84769 0.67108 -0.21866 0.20142 0.96196 0.17034 0.54799
-1.5516 -5.6411 -0.083339 -0.17448 -0.044924 0.21927 0.88873 0.68116 0.69343 0.19384 0.064951 0.10081 0.056982
-3.7804 -3.1634 0.27835 -0.11276 0.090427 0.1931 0.35895 0.13125 0.2985 0.10982 0.016949 -0.031339 -0.067452
-4.3684 -2.7582 0.44741 0.14341 0.49195 0.36389 0.48166 0.35246 0.49755 0.73168 0.84843 0.48358 0.27699
-3.4579 -2.1154 0.88094 -0.21964 0.30939 -0.55891 -0.31071 -0.2569 -0.081505 -0.14733 0.17851 0.41197 0.75341
1.1863 -3.3335 -0.9636 -2.3848 -1.446 -1.9213 -0.98559 -0.45742 -0.36788 -1.1343 -0.24462 0.95156 0.8096
2.0936 -3.7071 -1.6778 -2.2353 -0.967 -1.7004 -0.86971 -0.60876 -0.88438 -1.444 -0.42993 0.27794 -0.19182
2.2086 -4.0221 -1.5925 -2.4545 -1.2508 -1.1839 -1.2862 -0.69848 -0.71905 -1.0318 0.039777 0.38411 -0.049761
2.1057 -4.0402 -1.7342 -2.411 -1.2725 -1.3653 -1.0612 -1.0964 -0.89803 -1.1823 -0.16153 0.16249 -0.11153
1.9537 -3.8374 -1.5628 -2.5157 -1.1022 -1.2444 -0.76823 -0.57745 -0.65574 -0.87722 0.4348 0.20634 0.48937
1.8509 -3.8829 -1.6074 -2.935 -1.4545 -1.4324 -0.27555 -1.0535 -0.59457 -0.72307 0.30929 -0.047463 0.58477
1.8095 -3.5061 -1.1012 -3.1589 -1.0509 -1.4658 -0.35586 -0.4945 -0.26542 -0.36703 -0.082834 0.044415 1.206
1.3939 -3.3368 -0.71058 -2.8731 -0.79147 -1.2508 -0.61218 -0.27523 -0.31412 -0.60336 0.15435 0.053899 1.3132
0.98309 -3.9331 -0.92399 -2.1804 -1.1774 -1.3599 -0.11444 -0.52634 -0.52982 -0.69602 0.26933 0.42357 1.5794
0.2239 -3.9353 -0.51267 -1.43 -1.1733 -1.1685 -0.49746 -0.71988 -0.3498 -0.71167 -0.33765 0.056678 1.318
-0.30683 -3.9921 -0.42603 -0.89564 -1.0101 -0.96262 -0.24217 -0.55149 -0.48459 -0.22198 0.68222 0.36454 1.1297
