0.77273 -2.4591 -0.13352 -1.7262 -2.191 -2.6382 0.11813 -0.18395 -0.42135 -1.029 0.50014 -0.58816 -0.57183
1.8204 -3.5858 -0.37005 -1.941 -2.3455 -2.5463 0.42761 0.35404 -0.010781 -0.99562 -0.019644 -0.70125 -0.75273
2.2938 -4.0524 -1.025 -1.6452 -2.2351 -2.4274 0.80362 0.090215 0.17377 -0.68512 -0.19418 -0.56667 -0.78465
2.5385 -3.7591 -0.66589 -1.7109 -1.7774 -2.322 0.93547 0.56999 0.34547 -0.56829 0.28398 -0.58205 -0.54316
2.638 -3.6021 -0.58931 -1.6584 -1.9955 -2.1279 0.98074 0.57448 0.38851 -0.53858 0.45409 -0.7753 -0.89134
2.0354 -3.4018 -0.39146 -1.7881 -2.1368 -2.5625 0.18149 0.29265 0.33907 -0.86276 0.60908 -0.97818 -1.0171
-0.45189 -2.7138 0.74707 -0.51535 -1.689 -1.5458 -0.62924 -1.2103 0.44671 -0.3021 0.47371 -0.31162 -0.36883
0.32972 -3.4832 1.9261 0.49933 -1.8677 -0.61233 -0.95272 -1.7039 -0.35054 -0.67835 0.99208 0.54726 -0.20546
-0.020082 -2.2204 1.4702 0.20189 -1.352 -1.3718 -0.98812 -2.0644 0.37093 -0.59088 0.62156 0.17244 -0.16573
1.1604 -2.9177 0.36898 -1.6569 -2.0726 -2.952 0.067005 0.023207 -0.016378 -0.49462 0.2818 -0.80427 -0.98571
1.9757 -3.4061 0.076741 -2.0805 -2.2192 -2.3777 0.75372 -0.28858 -0.24129 -0.46042 -0.096278 -0.25271 -0.78626
2.1857 -3.3629 0.15976 -1.8264 -1.8982 -2.2698 1.0923 0.10514 -0.0019062 -0.38958 -0.00020571 -0.4214 -0.54025
1.9407 -3.7099 0.0429 -1.7696 -2.0536 -2.0004 1.0568 0.16006 0.033428 -0.51092 0.10828 -0.47084 -0.25296
1.8588 -3.9213 0.28666 -1.8168 -2.7023 -2.3174 1.1281 -0.18556 -0.29656 -0.31006 0.020616 -0.72692 -0.38495
1.6937 -3.7309 0.52513 -1.843 -2.7466 -2.2131 1.2128 -0.16566 0.057858 -0.62572 0.16721 -0.19876 -0.71303
1.5076 -3.5643 0.09206 -1.5833 -2.35 -1.9131 1.1077 -0.27167 -0.035419 -0.54207 0.10767 -0.65524 -0.20133
1.3845 -3.4552 0.73567 -1.6921 -2.1794 -2.2294 0.85745 0.2595 -0.044026 -0.75061 0.020749 -0.45949 -0.73319
1.1992 -3.3196 0.27676 -1.9055 -2.3781 -2.4532 0.86235 0.087272 -0.29979 -1.1094 -0.0047215 -0.37577 -0.92971
1.12 -3.0918 0.30062 -1.8796 -1.9521 -2.4641 0.61011 0.23381 -0.13938 -0.94971 0.12728 -0.56247 -0.70715
0.92027 -3.1425 -0.22206 -1.9465 -1.4725 -2.2929 0.24203 0.66939 -0.047577 -1.1397 0.1663 -0.50905 -0.68328
0.44302 -2.389 0.23498 -1.4782 -1.6239 -2.3032 0.136 -0.083089 0.24698 -0.75172 0.035292 -0.21229 -0.46406
-1.1775 -2.3753 0.92175 -1.0786 -1.6487 -1.7507 0.20237 -0.23772 0.40293 -0.33854 0.63102 -0.27237 0.60343
-3.7162 -2.9835 0.25939 -0.65758 -0.42422 -0.73345 0.46755 0.62948 0.60184 1.0816 1.3966 -0.18803 0.78821
-5.1416 -2.5349 0.6175 -0.087325 -0.024491 0.026993 0.85071 0.55699 0.013445 -0.038769 0.3648 -0.23261 0.83433
-5.2008 -2.3879 0.81479 0.27493 0.45174 0.19776 0.28184 -0.036743 -0.0004019 0.33824 0.8578 0.46513 0.098758
-5.6216 -2.7131 0.41948 -0.40142 -0.16696 0.025176 1.2493 1.0331 0.21517 0.50561 1.2133 0.020347 0.72405
-4.8332 -2.7274 0.39657 -0.50921 -0.29063 -0.054702 1.357 1.1679 0.20711 0.46551 1.2041 -0.085415 0.9111
-5.3739 -2.7536 0.41628 0.025352 0.33951 0.27745 0.5572 0.434 0.25782 0.28632 0.43308 0.39017 0.81995
-5.4394 -2.6182 0.6362 -0.54514 -0.53678 -0.23001 1.3649 0.83876 -0.46749 0.30573 1.6437 -0.18454 0.52403
-4.9579 -2.7909 0.69974 0.21246 0.48327 -0.21445 -0.51174 -0.72746 -0.14889 0.59736 1.2865 0.81496 -0.16885
-5.4664 -2.5396 0.58582 -0.077401 0.12873 0.065627 0.64372 0.39175 0.061614 0.47075 1.1444 0.38355 0.44249
-1.7174 -5.8936 -0.078654 -0.53191 -0.28126 -0.04082 0.34038 0.47761 0.64375 0.40203 0.42169 0.366 0.4331
-0.62722 -2.548 -0.22463 -2.0612 -1.3455 -0.99111 0.0068464 -0.50021 -0.10551 -0.58204 -0.074418 -0.10587 0.36834
1.219 -2.4042 -1.2718 -3.4137 -0.84789 -1.3167 -0.387 0.064984 0.19578 -0.99759 -0.53326 0.36593 -0.20973
1.2981 -3.5206 -1.5942 -2.7904 -0.38216 -0.64848 0.10465 0.44446 0.23313 -0.64212 -0.57369 -0.22113 -0.29316
1.1951 -3.5228 -1.4977 -2.6594 -0.87333 -0.77374 0.24335 0.12042 -0.13926 -0.60744 -0.41148 -0.32272 -0.29199
1.2115 -3.2323 -1.7103 -2.6262 -0.30871 -0.52525 0.017645 0.18912 -0.071783 -0.61604 -0.35683 -0.11199 -0.28194
1.1314 -3.4575 -1.8385 -2.8022 -0.30151 -0.71833 0.0061908 0.22023 -0.14743 -0.47316 -0.40722 -0.013293 -0.21131
1.2339 -3.8017 -1.7683 -3.2406 -0.44503 -0.78356 -0.57022 -0.27384 -0.12879 -0.53956 -0.77611 -0.17041 -0.34755
1.1521 -3.592 -1.6575 -2.8552 -0.68744 -0.70624 -0.055762 -0.34364 -0.32172 -0.80145 -0.44091 0.20298 -0.29879
1.1461 -3.3789 -1.449 -2.9541 -0.67248 -0.36608 0.0028589 -0.605 -0.015765 -0.69252 -0.17575 0.20793 -0.26184
1.0159 -3.4344 -1.4193 -2.9677 -0.32374 -0.086968 -0.35963 -0.57064 -0.12242 -0.72062 -0.40218 0.099807 -0.21125
0.84021 -3.4363 -1.8463 -3.0561 -0.33234 -0.57847 -0.54357 -0.32016 -0.22635 -0.58347 -0.72384 -0.062331 -0.47144
1.0893 -3.828 -1.8466 -3.3398 -0.47045 -0.34931 -0.56001 -0.71851 0.58275 -0.31576 -0.92879 0.37847 -0.007445
1.2048 -3.7665 -1.5384 -2.8705 -0.4238 -0.37419 -0.53008 0.061074 0.77726 -0.13463 -0.86637 -0.25863 0.35281
0.87741 -3.6667 -2.4803 -3.0781 -0.2755 -0.11898 -0.48623 0.44465 0.91319 -0.68126 -0.75696 0.44165 0.072546
0.45733 -3.6896 -2.702 -3.2946 -0.40048 -0.21291 0.10177 0.82939 0.67209 -0.21455 0.036949 0.54008 0.57969
