1.2294 -1.5798 0.75844 -2.2 -2.6806 -2.5387 0.29815 -0.83698 0.007184 -0.9083 0.1599 -0.49093 -0.3903
1.8229 -2.9242 -0.38045 -2.4397 -1.7383 -2.9665 0.28994 0.081501 -0.47057 -0.94681 0.038471 -0.79983 -0.8811
2.3001 -3.0416 -0.55949 -2.0118 -1.7407 -2.3544 0.77139 0.0072421 0.25716 -0.89121 0.42132 -0.26486 -1.0845
2.5725 -2.897 -0.41031 -2.1365 -1.6182 -1.9105 0.81863 0.29774 0.51971 -0.67709 0.7297 -0.46584 -1.1193
2.6744 -3.0337 -0.65592 -1.6987 -1.913 -2.176 0.70254 0.19668 0.4175 -0.57282 0.47749 -0.74449 -1.0319
1.6703 -2.3013 -0.47345 -1.667 -2.3932 -2.4417 -0.009107 -0.29378 0.34556 -1.102 0.37289 -0.82216 -1.3826
0.70234 -3.7015 1.5615 0.61023 -1.9897 -0.51846 -1.5136 -1.7011 0.4648 -0.2977 0.72191 -0.20148 0.024035
0.31968 -2.2005 2.1823 -0.061617 -1.4038 -1.6484 -1.183 -1.4228 0.30885 -0.67991 0.25907 0.047383 -0.071377
0.34585 -1.8655 2.2838 -0.48256 -1.4227 -2.2846 -1.1914 -0.94242 0.40414 -0.55676 -0.040558 -0.3042 -0.14755
0.28858 -2.2757 1.845 -0.80969 -1.4556 -2.2218 -1.1684 -0.85693 -0.1014 -0.4874 0.13985 -0.41798 -0.30424
1.7714 -2.233 0.028155 -2.0547 -1.9039 -2.6039 0.706 -0.15887 -0.17869 -0.2258 -0.021147 -0.52345 -0.75829
2.5569 -2.7286 -0.26609 -2.2197 -2.0489 -2.298 1.004 -0.46141 0.10612 -0.59023 -0.023303 -0.36018 -0.76041
2.8411 -3.1436 -0.2258 -2.2947 -1.7877 -2.1839 0.82699 -0.3551 -0.071458 -0.17021 -0.31092 -0.59902 -0.6598
2.769 -3.395 -0.81492 -2.2218 -2.1037 -2.3727 0.8517 -0.42872 -0.20701 -0.43178 -0.14109 -0.78478 -0.7914
2.9284 -3.538 -0.49802 -2.1882 -1.7101 -2.416 1.2282 -0.40669 0.15247 -0.36753 -0.080756 -0.75429 -0.53443
2.7245 -3.4519 -0.45648 -2.1525 -1.8324 -2.4288 1.0759 -0.40529 0.068842 -0.40087 0.0028128 -0.56264 -0.58283
2.5297 -2.9958 -0.30298 -2.7204 -1.7291 -2.5705 0.973 -0.25965 0.12208 -0.56274 0.14207 -0.79978 -0.46756
2.2295 -2.54 -0.20954 -3.0098 -1.5902 -2.7147 0.79432 0.06882 -0.3972 -0.51958 -0.13641 -0.91078 -0.89568
1.9339 -2.1093 0.2185 -2.752 -1.7349 -2.3296 1.0095 -0.1632 -0.12515 -0.57412 -0.12143 -0.96754 -0.6575
1.4418 -2.0164 0.082981 -2.2778 -1.7807 -2.0009 0.7425 0.070352 0.1728 -0.79036 -0.37222 -0.50344 -0.7949
0.667 -1.8683 0.40003 -2.3087 -1.9812 -2.1335 0.033887 -0.28982 0.19126 -0.91276 0.018608 -0.55801 0.067041
-1.4022 -2.8138 0.52361 -0.86109 -1.5149 -1.2806 0.43191 -0.016055 0.4567 -0.10249 0.29995 -1.0705 0.35898
-2.4 -2.926 0.29895 -0.56569 -0.52807 -0.66446 0.34999 0.22423 0.18516 0.27267 0.75651 -0.2143 0.52993
-3.5325 -2.6898 0.59648 -0.5968 -1.024 -0.77087 0.99165 0.60107 0.15281 0.37745 1.2841 -0.48402 0.97016
-3.8751 -2.9024 0.26544 -0.37873 -0.27172 -0.28796 0.32478 0.26095 0.48929 0.41687 0.32677 -0.44237 0.12321
-4.6718 -2.7861 0.58072 -0.34101 -0.87325 -0.33751 1.1089 0.39168 -0.15761 -0.044715 1.0155 -0.39276 0.5626
-4.0376 -2.6631 0.57918 -0.20006 -0.3261 -0.39111 0.50886 0.34679 0.51219 0.74209 1.1891 0.16756 0.8068
-4.2165 -3.1197 0.088843 -0.81577 -0.38131 -0.5267 0.79259 0.8807 0.38351 1.0096 1.5242 -0.16944 0.63476
-4.5489 -2.9027 0.2499 -0.55184 -0.15116 -0.45597 0.48998 0.66032 0.56677 0.99379 1.1495 -0.17432 0.54483
-4.8094 -2.7834 0.67174 0.3633 0.55269 -0.047017 -0.254 -0.39176 0.32788 0.62762 0.87309 0.48379 -0.24197
-4.6378 -2.5864 0.66552 0.15072 0.14015 0.0055087 0.19048 -0.16189 0.086162 0.22223 0.65168 0.27072 0.10924
-3.2433 -4.7357 0.954 0.18671 0.038906 -0.072472 0.032702 0.11034 0.22498 0.59186 0.20925 0.5203 0.36707
-1.1195 -2.9369 -0.11238 -1.2257 -1.042 -0.93248 0.065923 0.18474 -0.088283 -0.21286 0.38056 0.15492 0.44215
1.5624 -2.0995 -1.8853 -4.3854 -1.0223 -1.9599 -0.53116 -0.093506 -0.17309 -1.1748 -0.41229 -0.22163 0.29721
1.8534 -3.0152 -1.4706 -3.8273 -0.76263 -1.002 -0.22488 0.17944 -0.21651 -1.0353 -0.6846 0.15897 -0.26764
1.9789 -3.6116 -1.3891 -3.4543 -0.62569 -0.36457 -0.17434 0.03124 -0.082952 -0.81737 -0.6994 0.20427 -0.43226
1.8243 -3.337 -1.4828 -3.1936 -0.21303 -0.50866 0.028701 -0.04406 -0.22821 -0.49072 -0.66026 0.43462 -0.33212
1.6816 -3.5415 -1.7868 -3.3695 -0.44386 -0.46356 -0.13067 -0.41936 -0.059251 -0.73031 -0.53558 0.68857 -0.31489
1.6246 -3.6549 -1.9383 -3.4634 -0.39027 -0.46576 -0.26921 -0.56867 -0.51301 -0.86341 -0.89359 0.48641 -0.58777
1.4366 -3.6045 -1.604 -3.4666 -0.25342 -0.29349 -0.27717 -0.44913 -0.33894 -0.94202 -0.45659 0.55094 0.010799
0.97282 -3.284 -1.1348 -2.9798 -0.41112 -0.042558 -0.22423 -0.4534 -0.26336 -0.70568 -0.52544 0.41997 -0.20194
0.64183 -3.2596 -1.4593 -2.9628 -0.42009 -0.48466 -0.093099 -0.83278 0.00014662 -0.43888 -0.87589 0.54005 -0.065346
0.64646 -3.8768 -1.9666 -2.4171 -0.38417 -0.32618 -0.44622 -0.4201 0.37752 -1.1108 -1.0862 0.15735 0.053049
0.12822 -3.4 -1.9048 -2.5687 0.41366 -0.16534 -0.69417 0.54675 -0.031618 -0.68512 -0.46855 0.17595 0.50446
