3.1244 -4.7698 0.22817 -1.6666 -3.1131 -1.95 -0.23823 -0.2561 -0.76447 -0.015105 -0.43085 -0.95733 -0.34099
4.6374 -5.8725 0.088252 -2.0723 -3.3823 -1.4917 0.082046 0.081311 -0.74062 0.47521 -0.8007 -1.0154 -0.15536
4.9087 -5.9141 -0.033473 -2.4149 -3.3123 -1.1135 0.32587 0.0064159 -0.49249 0.32327 -0.93236 -0.86367 -0.15701
5.0186 -6.194 0.019807 -2.0483 -3.1844 -0.99928 0.38063 0.23064 -0.70649 0.2636 -0.61163 -0.65794 -0.13695
5.2725 -6.4667 0.041009 -2.0007 -3.1372 -0.76092 0.46382 0.22282 -0.79077 0.066467 -0.72272 -0.39952 -0.088707
5.2806 -6.5508 -0.23896 -2.069 -3.0411 -0.67824 0.25086 0.024141 -0.74936 0.089525 -0.89035 -0.67389 -0.22007
5.3926 -6.7295 -0.00042325 -1.995 -3.2494 -0.77267 0.2552 0.1029 -0.74896 0.19275 -0.92997 -0.40778 -0.155
5.3994 -6.5294 0.19597 -1.8402 -3.1668 -0.59806 0.34086 0.24765 -0.62134 0.38399 -0.74408 -0.37982 -0.11302
5.2449 -6.5025 0.052779 -1.8562 -3.4256 -1.1518 0.30761 0.14041 -0.62686 0.13497 -0.78869 -0.60501 -0.19529
4.6146 -5.7421 0.25051 -1.4699 -3.449 -1.742 -0.34695 0.0015668 -0.4997 0.36014 -0.74003 -0.62711 0.046245
2.5763 -4.3484 1.6368 -0.3543 -2.6615 -1.2672 -1.1823 -0.74469 -0.99832 -0.412 0.47512 -0.38436 -0.085315
3.2705 -5.0984 2.1367 -0.59629 -2.422 -0.49675 -1.6223 -1.0031 -0.38785 -0.55655 0.58449 -0.30941 -0.80823
3.6429 -5.6559 1.9588 -0.13152 -2.8012 -0.95064 -2.0379 -0.80142 -0.69571 -0.35176 0.63987 -0.57316 -1.2429
4.7465 -6.1196 0.90362 -1.4949 -3.778 -1.4727 -0.70878 -0.0082872 -0.67432 0.38531 -0.34869 -0.55769 -0.74161
5.6514 -6.7245 0.44467 -1.7448 -3.5509 -0.87548 0.11456 0.33388 -0.68075 0.22858 -0.97166 -0.54965 -0.074683
6.0302 -6.6613 -0.067191 -1.7937 -3.3159 -0.19689 0.75036 0.35997 -0.65655 -0.067491 -1.0672 -0.50245 -0.09482
5.8665 -6.8461 -0.5406 -1.9828 -3.615 -0.46253 0.24718 -0.10944 -0.98332 -0.41741 -1.1952 -0.41163 -0.29749
5.8984 -6.8815 -0.59405 -1.8592 -3.58 -0.28845 0.2967 -0.12276 -0.9857 -0.26237 -1.1096 -0.40372 -0.4085
5.9659 -6.8577 -0.73972 -1.8491 -3.3926 -0.14594 0.50201 0.024381 -0.90122 -0.21696 -1.0963 -0.37068 -0.25357
5.9266 -7.0118 -0.84157 -1.9401 -3.4725 0.10966 0.46734 -0.089367 -1.11 -0.11082 -1.2979 -0.50484 -0.31023
5.913 -7.0331 -1.2128 -1.9045 -3.2661 -0.1422 0.45978 -0.011856 -1.1537 -0.088394 -1.2166 -0.54609 -0.21217
5.8582 -6.9383 -1.1049 -1.9653 -3.0976 -0.16006 0.50769 0.038354 -1.188 -0.03456 -1.1665 -0.49061 -0.12922
5.7843 -7.2095 -1.0589 -2.0125 -3.0408 -0.026357 0.73923 0.029424 -1.0741 -0.19911 -1.1583 -0.67779 -0.16134
5.7937 -7.0368 -1.1807 -2.059 -2.9362 -0.15298 0.59029 0.15595 -1.0029 -0.092703 -1.1066 -0.55178 -0.19053
5.687 -6.9379 -1.2911 -2.2986 -3.0483 -0.44308 0.47292 0.21924 -1.284 -0.096673 -0.95605 -0.60172 -0.20535
5.7276 -6.8821 -1.3011 -2.0953 -2.9192 -0.39345 0.5811 0.33811 -1.2469 0.021176 -0.81129 -0.55969 -0.19543
5.5931 -7.0558 -1.652 -2.3616 -2.8764 -0.79905 0.46648 0.23797 -1.4065 -0.070626 -0.84665 -0.68777 -0.19306
5.328 -6.5326 -1.639 -2.2301 -2.6419 -0.74542 0.59407 0.48111 -1.3414 -0.056552 -0.63352 -0.87737 -0.085737
5.0139 -6.2303 -1.3161 -2.2399 -2.5801 -0.75982 0.79716 0.67668 -1.2262 0.047084 -0.8018 -1.3054 -0.17626
4.3659 -5.1278 -0.88789 -2.0338 -2.501 -1.3149 0.48288 0.96707 -0.76728 0.19506 -0.64423 -1.1482 -0.0059197
2.7746 -3.9268 -0.18831 -1.7253 -2.0418 -2.925 -0.30763 0.33197 -0.96219 0.057084 0.11417 -1.2335 0.10019
0.22565 -3.1551 -0.031876 -1.1074 -1.6066 -1.7884 -0.09597 0.060504 0.025518 0.037844 0.57562 -0.96405 0.50643
-2.3291 -3.5288 -0.65079 -1.7175 -0.59205 -0.92803 0.55664 1.0098 -0.45402 0.33467 0.87971 -0.59402 1.0041
-3.6803 -3.678 -0.52507 -0.57183 0.18144 0.20786 0.43307 0.68735 0.32916 0.74262 0.64242 0.33076 0.56228
-3.6048 -2.9441 0.33084 -0.22512 -0.36231 0.1271 1.1699 0.70687 -0.13139 0.069406 1.0137 -0.019229 0.062764
-3.6474 -3.1543 -0.21716 -0.86434 0.21041 -0.11511 0.6251 1.0333 0.11622 0.56725 0.62993 -0.23293 0.40572
-3.6661 -3.1351 -0.066387 -1.4436 -1.0041 -0.84157 1.2189 1.0764 -0.70197 0.20151 1.5725 -0.53337 1.0861
-4.7526 -2.6644 0.46375 -0.77412 -0.67693 -0.35667 1.4787 1.0883 -0.38866 0.22563 1.5026 -0.3465 0.98236
-5.1431 -2.8206 0.11162 -0.36458 0.53262 0.29252 0.37313 0.48958 0.49792 0.48214 0.16032 0.20355 0.1454
-0.93744 -4.3562 -0.86509 -0.70974 -0.27977 -0.80469 -0.26815 0.28538 0.20815 0.072177 0.61106 0.31683 0.49483
3.2063 -3.9482 -1.866 -2.6388 -1.8959 -2.1423 -0.05753 0.4142 -1.1567 -0.48367 0.022767 -0.99066 -0.13377
4.838 -5.6566 -2.568 -2.8053 -1.7574 -1.2445 0.31055 1.0124 -1.8387 -0.65828 -0.3632 -0.87572 -0.18711
5.3431 -6.0437 -3.0896 -2.5889 -1.5633 -0.56333 0.16303 0.66955 -1.9838 -0.49476 -0.30987 -0.57624 -0.23347
5.2536 -5.9133 -3.3663 -2.0665 -1.229 -0.0928 -0.041164 0.85405 -1.8104 -0.030812 -0.025663 -0.3492 -0.3909
5.1898 -5.2999 -3.2568 -1.6144 -0.85436 0.16904 0.040237 0.82395 -1.5769 -0.15278 0.12691 -0.22403 -0.55185
5.2391 -5.5495 -3.9957 -2.0555 -0.82805 0.02632 -0.11392 0.5372 -1.6273 -0.53109 0.063246 -0.37628 -0.79096
5.2182 -5.0175 -3.8976 -2.0055 -0.60395 0.14895 -0.23704 0.27028 -1.6994 -0.71883 0.16064 -0.23009 -0.88509
5.1011 -4.8482 -3.9374 -2.2334 -0.52097 0.16306 -0.21881 0.060999 -1.4449 -0.63598 0.23266 -0.12789 -0.78652
4.989 -4.9339 -4.1127 -2.4787 -0.36555 0.41773 -0.306 0.1318 -1.394 -0.62653 0.16814 -0.10518 -0.80492
4.8077 -4.1767 -3.9182 -2.7189 -0.018859 0.23463 -0.35433 0.11469 -1.3167 -0.72754 0.0085438 0.28583 -0.92723
4.5552 -4.0105 -3.657 -2.9965 0.18242 0.32305 -0.22065 0.41915 -1.2692 -0.70727 -0.12041 0.35249 -0.86486
4.1572 -3.9588 -3.3472 -3.4742 0.23188 0.1588 -0.13385 0.27318 -1.0403 -0.80827 -0.2543 0.42958 -0.89374
3.1004 -3.7568 -2.7745 -3.7325 -0.265 0.10722 -0.43779 -0.42098 -0.81336 -1.0291 -0.30082 0.51437 -0.90631
2.5901 -3.167 -2.811 -3.7051 -0.08728 -0.12127 -0.18985 -0.35081 -1.0253 -0.76581 -0.1975 0.68416 -0.84552
2.1031 -2.5733 -2.3144 -3.2194 0.36664 0.037943 -0.57962 -0.46563 -0.66215 -0.85524 0.072383 0.60314 -0.40073
0.77044 -2.7933 -1.1737 -2.5374 0.35171 -0.53254 -0.5361 -0.29992 -1.0074 -0.89335 0.13741 0.41036 -0.44519
