3.2467 -4.5951 0.23933 -1.7712 -2.9437 -1.5566 -0.29576 -0.18416 -0.57738 0.081963 -0.49496 -0.62755 -0.018153
5.2178 -6.5089 -0.53049 -1.8534 -3.604 -1.5494 -0.20582 0.060695 -0.98164 0.25501 -0.91443 -1.01 -0.35918
5.7314 -6.236 -0.50492 -1.9726 -3.4811 -1.0171 0.10935 0.11045 -0.92394 0.21893 -1.0728 -0.75895 -0.1102
5.7858 -6.2196 -0.1218 -1.8235 -3.2029 -0.6578 0.37673 0.23805 -0.79398 0.35862 -0.7985 -0.43226 0.00085405
5.9007 -6.2599 -0.2155 -1.8659 -3.4141 -0.56027 0.14845 0.19229 -0.91341 0.41643 -1.0205 -0.3641 -0.033531
5.9177 -6.4598 -0.22222 -1.8409 -3.2595 -0.60091 0.19061 0.18106 -0.81842 0.25111 -1.0224 -0.42934 -0.13533
5.8217 -6.4673 -0.3801 -2.1488 -3.4044 -0.77259 0.10536 -0.15755 -0.8928 0.029338 -1.0979 -0.5417 -0.1424
5.8864 -6.4726 -0.34711 -1.9597 -3.332 -0.63992 0.0053553 -0.0051574 -0.79063 0.24399 -1.0659 -0.39661 -0.072293
5.7214 -6.3039 -0.048545 -1.8452 -3.3802 -0.61859 0.12893 0.14342 -0.68329 0.58457 -0.87578 -0.3933 -0.10992
5.0642 -6.1778 0.21727 -1.8148 -3.5974 -1.55 -0.48545 0.052841 -0.73703 0.74813 -0.59986 -0.49065 -0.25756
3.1002 -4.7283 2.0611 -0.52332 -3.2308 -0.7227 -1.3235 -0.60036 -0.75626 -0.63646 0.17737 -0.38132 -0.10061
3.8902 -5.4614 2.5434 -0.54055 -2.6143 -0.12998 -1.9217 -0.19746 -0.72212 -1.2417 0.66877 0.28008 -0.66838
4.1314 -5.7478 2.4115 -0.55682 -3.1334 -0.11302 -2.2243 -0.65959 -1.0465 -1.3183 0.29817 0.23612 -0.75238
4.6811 -6.4164 1.8304 -0.81527 -3.7193 -0.96558 -0.85664 -0.3037 -1.1324 0.04248 -0.033041 -0.41903 -0.66411
5.8149 -6.738 0.39198 -1.6265 -3.8286 -0.83598 -0.058891 0.35214 -0.44782 0.33176 -0.97967 -0.39184 -0.32259
6.252 -6.8561 -0.44329 -1.9388 -3.8056 -0.39306 0.07714 0.049039 -0.70125 -0.11832 -1.4466 -0.572 -0.2283
6.2935 -6.7844 -0.6511 -2.0189 -3.7875 -0.18947 0.17963 0.002038 -0.7266 -0.30683 -1.4907 -0.55067 -0.33475
6.2794 -6.893 -0.60219 -1.8932 -3.7014 -0.051589 0.27041 0.081925 -0.84893 -0.27935 -1.3519 -0.34152 -0.37516
6.2031 -6.8796 -0.86554 -1.9409 -3.6334 -0.019844 0.067456 -0.044245 -0.97361 -0.32283 -1.4685 -0.39941 -0.52747
6.2357 -7.0369 -0.97601 -1.894 -3.6162 0.02612 0.31168 0.04663 -0.87137 -0.24746 -1.2781 -0.34548 -0.35154
6.2504 -6.4828 -0.55018 -1.5514 -3.2378 0.25474 0.57891 0.21511 -0.68972 0.13515 -1.0379 -0.16855 -0.21539
6.1642 -6.9151 -1.3193 -2.0051 -3.6517 -0.12623 0.26791 -0.10067 -1.0378 -0.20677 -1.327 -0.38135 -0.4052
6.1318 -6.5912 -1.2225 -1.864 -3.6368 -0.19099 0.23453 -0.094675 -1.0938 -0.12784 -1.359 -0.47333 -0.53371
6.0066 -6.7754 -1.2684 -1.9974 -3.5209 -0.14632 0.34749 0.10014 -1.0137 -0.13724 -1.1525 -0.35124 -0.42754
5.8518 -6.7311 -1.5151 -2.117 -3.4559 -0.26813 0.44347 0.031158 -1.0609 -0.1164 -1.043 -0.3489 -0.22079
5.8294 -6.9834 -1.723 -2.1612 -3.3414 -0.52761 0.44302 0.15355 -1.2985 -0.12067 -1.0788 -0.58177 -0.33264
5.7856 -6.3373 -1.2029 -1.6676 -2.9005 -0.19235 0.78601 0.48479 -1.0967 0.12397 -0.90478 -0.556 -0.31751
5.7037 -6.4934 -1.7945 -2.1298 -3.3264 -0.52448 0.47869 0.2586 -1.3938 0.020156 -1.0246 -0.8914 -0.44239
5.5798 -6.3714 -1.8651 -2.0737 -2.9473 -0.66853 0.48368 0.4034 -1.176 0.076127 -0.87456 -0.88123 -0.15339
5.3745 -5.908 -1.2363 -1.6502 -2.6604 -0.69036 0.82911 0.78305 -0.87771 0.14539 -0.71072 -0.99185 -0.11585
4.6667 -5.5713 -1.6807 -1.8858 -2.8833 -1.5161 -0.026256 0.67557 -1.1117 0.24872 -0.94411 -1.3177 -0.34883
3.5609 -4.4463 -0.6734 -1.5522 -2.7105 -1.8191 0.092089 0.34947 -1.2557 -0.02443 -0.18971 -0.96456 -0.15927
1.7458 -3.2064 0.46893 -1.1564 -2.1102 -2.5344 -0.46337 -0.10408 -1.2121 0.066225 0.71691 -0.24854 0.17232
-0.80801 -3.2128 -0.082805 -0.25772 -1.438 -0.86002 0.017807 -0.93689 -1.0577 -0.19751 0.98409 -0.27656 0.083401
-2.4803 -3.7136 0.21149 -0.047912 -0.97683 -0.31738 0.53685 -0.2401 -0.0010849 0.2248 0.59068 -0.15871 -0.0052227
-1.3738 -3.8075 -0.000492 -1.4335 -1.8711 -0.63433 1.4116 0.24422 -0.23202 0.096042 0.92647 -0.91848 0.98351
-1.1064 -3.8551 -0.3268 -1.4102 -1.5903 -0.85483 1.2307 0.83505 -0.061302 -0.39905 0.31892 -1.0091 0.68868
-3.9877 -2.9252 0.2098 -0.61729 -0.4064 -0.41237 0.50231 0.3075 -0.23197 0.074102 0.54164 -0.42424 0.4853
-3.0591 -3.1122 -0.027888 -0.75495 -0.35121 -0.31601 0.66422 0.50782 -0.0681 0.13111 0.37983 -0.28918 0.74937
-0.043538 -5.7807 -1.8349 -1.5014 -0.59503 0.03894 0.56245 0.65294 0.72067 0.84867 0.43959 0.16054 0.2683
1.4696 -3.3338 -1.3857 -2.0671 -1.3477 -1.2303 0.052929 0.94444 -1.1676 -0.61711 0.23498 -0.16547 0.35595
4.7672 -5.137 -2.7852 -3.0462 -2.0337 -1.4713 -0.49878 1.2231 -1.6863 -0.44794 -0.13898 -0.62645 -0.18475
5.1687 -5.4467 -3.0676 -2.4623 -1.1897 -0.42084 -0.02348 1.3818 -1.8122 -0.47774 -0.16071 -0.56592 -0.32716
5.0213 -5.5544 -3.3772 -2.3781 -1.0078 -0.15379 0.020181 1.0752 -1.8883 -0.33862 -0.18204 -0.4474 -0.52398
4.9514 -5.1721 -3.4344 -2.2809 -0.79778 -0.001435 0.13327 1.1242 -1.8302 -0.37192 -0.058935 -0.41662 -0.61178
4.9152 -5.1273 -3.4352 -2.3966 -1.0259 -0.025006 0.15038 0.88701 -1.7687 -0.4505 -0.064889 -0.1533 -0.64715
4.8477 -5.039 -3.6946 -2.6062 -1.1108 0.05719 -0.007839 0.78265 -1.5103 -0.61744 0.071271 0.18372 -0.77494
4.6762 -4.6905 -3.7679 -2.8587 -0.95311 0.17866 -0.23241 0.81569 -1.5459 -0.77307 0.16408 0.34383 -0.87641
4.5458 -4.5829 -3.8411 -2.9664 -0.72828 0.22197 -0.065698 0.76244 -1.0684 -0.81173 0.15089 0.47894 -0.63842
4.3118 -4.3735 -4.0739 -3.2 -0.70446 -0.09697 -0.27692 0.5814 -1.4348 -1.0107 -0.09837 0.16019 -0.9741
3.8271 -3.6816 -3.6147 -3.5114 -0.076056 -0.072825 -0.60227 0.33173 -1.1394 -0.97463 0.41501 0.30771 -0.52634
3.4057 -3.8681 -3.5102 -3.3613 -0.0050084 0.078476 -0.47619 0.06588 -0.8468 -0.77291 0.20139 0.35861 -0.33543
2.625 -2.9811 -3.1302 -3.4779 0.12734 -0.078322 -0.65426 -0.079369 -0.73836 -0.88747 -0.14825 0.14161 -0.74042
1.9584 -3.5054 -2.8166 -3.4568 0.2819 -0.44147 -0.7767 -0.34582 -0.73206 -0.69818 -0.33043 0.2958 -0.62561
0.59778 -2.8422 -1.0838 -2.2033 0.5632 -0.030829 -0.69223 -1.5326 -0.035295 -0.099362 -0.31258 0.01964 -0.91655
