0.031235 -4.5125 0.5783 0.43863 -0.4607 -0.12977 -0.17382 -0.067657 1.6401 0.57206 -0.3522 0.80846 0.25572
-0.0001147 -1.8857 0.15275 -0.82037 -1.3533 -1.6655 -0.822 -1.2803 0.11474 -0.57291 -0.49453 -0.45804 0.47072
3.4121 -2.5606 -0.35961 -1.3631 -3.5189 -1.8037 0.28928 -0.72125 -0.011311 -0.74005 0.16614 -0.7583 0.45466
4.2135 -4.9106 -0.77939 -2.1087 -3.3751 -1.4477 0.76803 -1.0738 0.06292 -0.75968 -0.17804 -1.1099 0.39107
4.2717 -4.8124 -0.9996 -2.1004 -2.8657 -1.269 0.65949 -1.0794 0.20567 -1.0877 0.13034 -1.0077 0.27418
4.4823 -4.9514 -1.3031 -2.4884 -2.8689 -1.4991 0.64405 -1.2635 0.15274 -1.3399 0.086465 -0.9326 0.33316
4.4615 -5.1789 -1.5318 -2.61 -3.2313 -1.757 0.31493 -1.5961 -0.51334 -1.3246 -0.078448 -1.131 0.3969
4.227 -4.6848 -1.2635 -2.1146 -3.1458 -2.051 0.76534 -1.3235 0.1572 -1.1224 -0.12051 -1.1368 0.27212
3.0712 -4.0617 0.79057 -1.0132 -2.2826 -2.0672 -1.037 -1.1208 0.0059459 -0.49339 0.84949 -1.0133 0.26185
3.2577 -4.7647 1.6963 -0.92298 -1.9173 -1.7438 -1.6362 -1.3395 0.06104 -0.74772 0.54647 -1.4887 -0.4628
3.11 -4.7053 1.1488 -1.1492 -1.8231 -2.0426 -1.9972 -1.3499 -0.36761 -0.6148 0.44664 -1.6064 -0.51375
3.0674 -4.6459 1.2263 -1.1246 -1.7897 -1.7226 -1.7742 -1.5869 -0.36662 -0.96881 0.5103 -1.2659 -0.34543
4.1259 -4.4445 -0.35514 -1.9757 -2.9336 -2.2869 0.30206 -0.64689 0.17385 -0.49115 0.13011 -1.3071 0.026146
4.9047 -4.9916 -1.1904 -2.1596 -2.8996 -1.2516 1.0595 -0.91099 0.22626 -1.0673 -0.25708 -0.70012 0.23426
5.3987 -5.6838 -1.9263 -2.3995 -3.1101 -0.92818 0.77241 -1.22 -0.24257 -1.5885 -0.35757 -0.63104 0.46852
5.7566 -5.3187 -1.9339 -2.1282 -2.7882 -0.67559 1.2576 -1.0505 -0.28221 -1.6472 -0.23117 -0.47777 0.45498
5.968 -6.0016 -2.4424 -2.6472 -3.085 -0.84721 1.0747 -1.0226 -0.47933 -1.7167 -0.44151 -0.34533 0.33598
6.1231 -6.4121 -2.671 -2.6523 -3.1317 -0.89613 1.0865 -0.917 -0.52715 -1.5789 -0.31655 -0.15833 0.78617
6.1408 -6.5804 -3.0345 -2.8773 -3.1477 -1.1 1.0263 -1.2647 -0.66991 -1.8176 -0.55932 -0.2773 0.61428
6.1522 -6.3603 -3.1757 -2.6331 -3.1531 -1.2482 1.1138 -1.3238 -0.69701 -1.9518 -0.73584 -0.51834 0.55594
6.0794 -5.3408 -2.149 -1.915 -2.5516 -0.59221 1.7424 -0.77793 -0.094188 -1.4473 -0.33348 -0.37914 0.7475
6.0091 -5.5919 -2.1016 -2.1607 -2.7256 -0.63738 1.792 -0.80839 -0.12335 -1.3904 -0.31372 -0.4454 0.73135
5.6415 -5.8352 -2.3933 -2.3223 -2.8543 -0.82197 1.462 -1.113 -0.48514 -1.7877 -0.51803 -0.84482 0.50818
5.0631 -5.5122 -2.7313 -2.0938 -2.3712 -0.7485 1.3079 -1.1918 -0.36677 -1.6168 -0.10764 -0.731 0.43286
4.5976 -5.4968 -2.855 -2.0751 -2.5964 -1.0524 0.7234 -1.3012 -0.15303 -1.2085 0.3203 -0.43224 0.52206
4.4025 -5.1291 -2.5924 -1.7154 -2.4813 -1.0145 0.78036 -1.0569 -0.067809 -1.1852 0.40596 -0.85717 0.33612
3.3029 -4.1114 -1.9869 -2.0507 -3.0364 -2.2168 -0.026427 -1.1304 -0.26943 -0.83505 0.6039 -0.77052 0.19438
0.14795 -2.9967 -0.44253 -2.0532 -1.3611 -0.95839 0.77785 0.0034202 -0.26698 -0.70189 0.11352 -0.84515 0.35123
-1.5479 -3.5087 -0.12143 -1.1684 -0.9259 0.22311 1.9663 0.80503 -0.050112 0.26128 1.0577 -0.60831 0.5003
-1.8164 -3.122 -0.35507 -2.0373 -0.20057 -0.81942 1.1667 1.6339 -0.65457 0.26551 1.2264 -0.48266 1.361
-2.6122 -3.3123 -0.7168 -2.1894 0.12537 -0.55765 0.39063 0.62886 -0.67664 0.17378 0.38845 -0.39728 0.75875
-2.8571 -3.3292 -0.1946 -1.3245 -0.65962 -0.72499 1.0656 1.3349 0.01078 0.44691 1.0355 -0.67277 1.1363
-3.6793 -3.3984 -0.42339 -1.6508 -0.39145 -0.56134 1.2663 1.6636 -0.17591 0.80411 1.4531 -0.7553 0.69774
-3.6303 -3.5603 -0.7598 -1.7576 -0.12527 -0.63106 0.70329 1.3884 -0.34746 0.41261 0.67682 -0.62746 1.1173
-2.7272 -5.2925 0.50974 -0.1366 -0.49541 0.11665 0.44561 0.71482 0.32986 0.38865 0.43026 0.38961 0.29494
0.069855 -5.1362 -0.13358 -0.61982 -0.32976 0.090423 -0.25166 -0.2487 -0.02111 0.66233 0.26739 -0.075832 0.31134
2.6832 -2.7178 -2.057 -1.8681 -2.244 -2.4187 -0.6117 -0.48777 -0.035031 -1.3173 0.72228 -0.46225 0.35583
4.3897 -3.7948 -3.4976 -2.2137 -1.9255 -1.7181 0.22926 -0.23933 -0.32733 -1.8145 0.68836 -0.32866 0.32049
4.6754 -4.3714 -4.2776 -1.7263 -1.3463 -0.77701 0.26027 -0.25757 -0.68329 -1.6029 0.94967 0.25332 0.020936
4.693 -4.6764 -4.8993 -2.6324 -1.1285 -1.0072 -0.17397 -0.44206 -1.2082 -1.3129 0.85905 0.52035 0.20265
4.6969 -4.5767 -4.879 -3.1028 -0.86835 -1.2635 -0.42472 -0.98867 -1.247 -1.6694 0.60648 0.25381 -0.36516
4.5977 -3.4091 -3.9053 -2.2833 0.024737 -0.73737 0.21316 -0.64227 -0.73647 -1.3149 0.74659 0.55183 -0.17131
4.4582 -4.1592 -4.7607 -3.3035 -0.35122 -0.83158 0.033017 -0.59324 -0.38717 -1.2811 0.97757 0.87267 0.71789
4.3567 -3.922 -4.1673 -3.1871 0.32426 -0.67399 -0.12943 -0.9551 -0.49737 -1.0685 0.85202 0.91656 0.69581
4.1714 -4.2554 -4.2906 -3.8985 0.22211 -0.92161 -0.46247 -0.78471 -0.80755 -0.70857 0.30685 1.1664 0.90984
3.8498 -3.8881 -3.8664 -3.3087 0.66675 -0.46587 -1.0096 -0.6263 -0.80544 -1.2779 0.45376 0.525 0.54543
3.365 -3.7508 -4.1504 -3.8132 0.94151 -0.89035 -1.7612 -0.45865 -1.1319 -0.88625 0.39269 0.80085 0.94894
2.7598 -3.2456 -3.2819 -2.4464 0.91554 -0.92927 -1.6015 -1.0138 -1.098 -0.49757 -0.43623 0.77737 1.0517
2.2566 -3.5975 -2.3514 -2.1481 0.39164 -0.3429 -1.9981 -1.0601 -0.54303 -0.42443 0.28795 0.82998 1.2962
1.5445 -3.9656 -1.4245 -2.1023 -0.13189 -0.54925 -1.3252 -1.7254 -0.98176 -0.062777 0.57145 1.0162 1.5668
0.86587 -3.5701 -0.3289 -1.4455 -0.26218 -1.1537 -1.5394 -1.8798 -0.035159 -0.12453 0.23365 1.1798 0.77587
0.85769 -2.8005 0.90263 -1.0205 -1.1526 -1.0254 -0.49874 -2.5655 -0.36312 -0.5568 1.3577 1.4572 0.72866
