-0.38073 -2.4447 1.8176 0.017916 -0.4254 -0.74027 -0.59801 0.73421 0.51396 -0.48252 -0.43731 0.4468 -0.31518
2.2158 -0.45783 -0.80061 0.067295 -0.75752 -1.7238 -1.0701 0.82754 0.60714 -0.38406 -0.23601 0.1285 -0.24015
2.8238 -1.1718 -0.81252 -0.20419 -0.85266 -1.5221 -0.84979 1.2819 0.48097 -0.032995 -0.40862 0.049411 -0.28531
2.9949 -0.95708 -0.96213 -0.27993 -0.66294 -1.4245 -1.0319 1.3499 0.20972 -0.16886 -0.4662 -0.083423 -0.26894
3.4164 -1.3993 -1.318 -0.20161 -1.1408 -1.3693 -1.0346 1.4963 0.1385 -0.09533 -0.60435 -0.169 -0.15099
3.5501 -1.6397 -1.0673 -0.24321 -1.1331 -1.4351 -1.1984 1.584 -0.034314 0.14921 -0.39733 -0.16544 -0.35749
3.1826 -0.4449 -1.3356 0.1598 -0.87568 -2.2138 -0.98706 0.83567 0.25752 -0.38128 0.064116 -0.55602 0.20888
2.4801 0.060655 -0.71244 0.23329 -0.2287 -2.5512 -0.97657 0.042497 0.21431 -0.14127 -0.23671 0.10176 0.32357
1.4 -0.32652 0.80978 0.45049 0.41663 -1.0961 -1.4493 -0.51155 0.063711 -0.62797 -0.6483 0.011437 0.76299
1.7687 0.002388 -0.091654 0.026567 0.32597 -1.1729 -1.7569 -0.46649 -0.16516 -0.73023 -0.16556 -0.1748 0.68639
2.9691 -0.52501 -0.69307 -0.25296 -1.0331 -2.1504 -1.2847 0.74287 0.11746 0.21328 -0.33335 0.31528 0.29235
3.5842 -0.52007 -0.99344 -0.89784 -1.3529 -2.1611 -0.80843 1.1612 0.34701 0.26292 -0.72662 0.25787 -0.13321
3.5498 -1.0241 -1.3577 -0.95654 -1.044 -2.093 -0.65297 1.1756 -0.163 0.1746 -0.98633 0.13574 -0.17626
3.6394 -0.61739 -1.7766 -1.0251 -1.1549 -1.9315 -0.5487 1.0851 0.078169 -0.028283 -0.96263 -0.085181 -0.028549
3.7104 -1.059 -1.8253 -1.0968 -1.1909 -1.6622 -0.4695 1.0058 0.029198 -0.11609 -1.0998 -0.44092 0.013465
3.8395 -0.8528 -1.9451 -1.3747 -1.1259 -1.5892 -0.69453 1.1828 0.13902 -0.2714 -1.1014 -0.43944 0.090451
3.6871 -0.52491 -1.5028 -1.8155 -0.95427 -1.6859 -1.0684 1.2975 0.040841 -0.06775 -1.1549 -0.16583 -0.2273
3.5336 -0.35937 -1.3923 -1.7306 -0.77881 -1.8256 -1.1606 1.3891 0.047531 0.0088856 -0.644 -0.31741 -0.38211
3.1226 0.0090079 -0.53152 -1.9126 -0.466 -2.3369 -1.412 1.0102 0.058811 0.35133 -0.53904 0.067572 -0.32961
0.74471 -0.70758 0.65099 -0.99885 -0.11283 -2.1717 -1.3797 0.38409 -0.060054 0.44434 -0.13972 0.79313 0.28191
-1.9705 -1.6348 0.93374 -0.41733 0.10755 -0.76088 -0.14752 -0.043543 0.55373 -0.12767 -0.18201 0.065782 0.047121
-2.2587 -2.9463 0.59331 -0.089138 -0.67322 -1.5409 -0.55018 0.61743 0.99261 0.46772 0.6471 0.29113 0.61785
-2.6024 -2.3762 0.66293 -0.64475 -0.52618 -0.89489 0.36164 0.39497 0.23101 0.15085 0.56438 -0.51519 0.40689
-3.4458 -2.3062 1.1638 0.25362 -0.44261 -0.65422 0.50699 0.79597 0.73452 -0.29778 -0.21213 -0.45873 0.64525
-3.5365 -2.4996 0.88759 0.034951 -0.49724 -0.55763 0.28962 0.25595 1.0826 0.54365 0.41575 -0.15571 0.74906
-3.2446 -2.2702 1.1814 -0.11514 -1.4287 -0.87035 0.97266 0.1467 0.23821 -0.23426 0.87878 -0.61499 0.66147
-2.0868 -5.4833 0.78202 -0.66389 0.06287 -0.43125 -0.046143 0.2556 0.57878 0.86828 0.50443 0.70524 0.036431
-0.034427 -2.6498 0.98938 -0.99227 -0.047745 -0.84471 -0.76536 -0.40522 -0.093451 -0.11797 -0.58327 0.41294 -0.46401
2.2566 0.32374 -0.048424 -2.3754 -1.3924 -1.307 -1.1796 0.0099816 0.6836 -0.35065 -0.73977 -0.53089 -0.28453
2.7022 -0.010938 -0.48894 -2.6652 -1.0362 -0.55652 -1.1863 0.19371 0.49019 -0.12026 -0.9809 -0.5349 0.02902
2.7347 0.047723 -0.63726 -2.6462 -0.77299 -0.56779 -0.77428 0.27313 0.52405 -0.32887 -0.94178 -0.47514 -0.019117
2.6594 -0.23003 -0.74543 -2.8484 -1.0322 -0.30863 -0.67009 0.058787 -0.023015 -0.20867 -0.99323 -0.83833 0.0403
2.6495 -0.27541 -0.55226 -3.1454 -0.97183 0.085273 -0.78479 0.24226 -0.26214 0.050228 -1.1762 -0.83819 0.054918
2.5154 -0.006521 -0.91161 -2.7643 -0.83186 -0.080715 -0.58611 0.03806 -0.079407 -0.11239 -0.76675 -0.94172 0.035286
2.3712 -0.27402 -0.54592 -3.084 -0.73797 -0.033611 -0.54402 0.089578 -0.31459 0.15201 -1.0172 -0.88982 -0.0072648
2.2117 -0.40813 -0.63171 -2.7119 -0.80923 -0.036919 -0.48564 -0.0039244 -0.14748 0.09002 -0.78669 -1.3242 0.28356
1.9888 -0.80255 -0.57629 -2.7367 -0.83118 0.2791 -0.87878 -0.20757 0.31304 0.3001 -1.5017 -1.1115 0.61265
1.0944 -0.27095 -0.48134 -2.4144 -0.29103 -0.49079 -0.31227 -0.23374 0.65623 -0.20872 -1.3204 -1.1282 0.72854
-0.075324 -0.793 0.27693 -1.9716 0.01023 -0.17007 -0.39618 -0.35479 0.21494 -0.13397 -0.84012 -0.94732 0.75722
