-1.9564 -5.0392 -0.43366 0.3713 -1.4792 0.034679 -0.0048063 0.041107 0.53877 0.46495 1.0446 1.3686 0.67706
-2.6252 -5.0637 -0.10751 -0.18655 -0.97096 0.22073 -0.19252 0.25002 0.64774 -0.42403 0.26409 0.22867 0.63381
-1.7882 -2.1133 1.4984 -0.06056 -0.7428 -0.61316 -0.17239 -1.0458 -0.47134 -0.74976 0.01811 -0.1483 0.77372
0.83679 -1.4555 1.9042 -0.50923 -1.5854 -1.9685 -1.8478 -1.7828 -0.028387 -1.229 0.28449 0.15807 0.38657
0.94186 -1.6251 2.0718 -0.74611 -1.8629 -2.5123 -1.2593 -1.5269 -0.13514 -0.97853 0.30554 -0.040519 -0.52359
3.4409 -4.1073 0.53762 -2.0932 -2.418 -2.1028 -0.83504 0.42318 -0.29085 -0.55229 -0.25094 -0.47425 -1.4223
4.318 -3.4477 -1.2772 -2.0814 -2.4578 -1.3188 -0.043815 1.1165 -0.352 -1.2422 -0.12314 -1.1513 -0.93609
4.9326 -4.0283 -2.4623 -2.2405 -2.594 -1.3166 0.68773 0.39683 -0.52605 -1.4097 -0.54275 -1.1662 -0.80405
5.1387 -4.2768 -3.0698 -2.572 -2.908 -1.7199 0.73911 -0.14831 -0.99729 -1.3395 -0.90255 -1.1078 -1.1349
5.0521 -3.9338 -2.835 -2.4208 -2.5604 -1.2222 0.95729 0.31354 -0.63024 -1.0044 -0.3861 -1.0239 -0.72733
5.0346 -3.8965 -2.7615 -2.4222 -2.789 -1.2953 0.7914 0.04306 -0.88304 -1.276 -0.54788 -1.0942 -1.0193
4.9939 -3.7402 -2.4419 -2.0504 -2.6381 -1.0139 0.95224 0.26003 -1.0385 -1.1564 -0.42041 -0.91964 -0.64203
4.9073 -3.7572 -2.6719 -2.1035 -2.6065 -1.1266 1.0586 0.10271 -1.2751 -1.2986 -0.25147 -1.0016 -0.29726
4.2329 -3.2595 -2.1716 -1.9139 -2.7341 -1.7053 0.49232 0.21366 -1.1098 -1.58 0.40697 -0.79662 0.08713
3.5868 -2.9252 -1.6427 -1.7231 -3.1455 -2.366 -0.03875 0.49155 -1.0287 -1.9974 0.15216 -0.56247 -0.41409
1.7889 -1.0073 0.62322 -0.85678 -1.4225 -2.0585 -0.31338 0.74773 0.33422 -1.8577 0.92036 -0.081652 -0.90988
-1.8386 -2.2749 0.70632 -0.61389 -0.63322 -0.98459 -0.19854 -0.48278 0.00097606 -0.017344 0.72759 0.21739 0.64903
-1.2293 -3.638 -0.64318 -2.1439 -1.0997 -1.0405 1.5223 1.5661 0.0058151 -0.51289 0.54905 -0.45062 1.2037
-1.158 -3.9379 -1.5654 -2.7611 -1.1681 -1.3596 1.3028 1.2848 0.36595 -0.16077 0.63301 -0.92606 0.88467
-2.5676 -3.2505 -0.049379 -1.2778 -0.89213 -0.7625 1.1933 1.2161 0.090496 -0.087164 0.59947 -0.75189 0.73419
-2.9266 -3.5 -0.19793 -1.2771 -0.7455 -0.78774 1.0095 1.3451 0.63762 0.53403 0.55721 -0.80394 1.367
-3.3054 -3.136 -0.04352 -1.5521 -0.74717 -0.6812 1.4345 1.3289 -0.053387 0.29999 1.0191 -0.90069 1.1263
1.5797 -6.5781 0.14428 -0.022584 -0.25088 0.30972 0.95757 0.97243 -0.012944 -0.41109 -0.37058 -0.062996 -0.37103
3.2339 -6.9935 0.40245 -0.4704 0.050562 0.23106 1.1896 0.32 -0.33828 -0.42262 -0.39344 0.14421 0.051176
1.6773 -7.1297 2.3231 -0.58064 -0.83668 -0.74005 0.69982 -0.019219 0.61435 0.44843 -0.12678 0.62834 0.58317
0.048017 -5.1354 -0.22626 -2.1369 -0.87823 -1.2905 -0.036623 -0.49812 0.07674 0.061999 0.89335 1.5879 1.082
1.138 -4.4531 -2.5717 -2.0293 -1.5304 -1.3708 -0.25919 -0.26321 0.032296 -0.035792 1.5034 2.0115 2.3433
2.7294 -4.3539 -3.2573 -1.7188 -1.8208 -1.2519 -0.45665 -0.50262 0.026543 -0.10613 0.8566 2.2472 2.2599
2.3747 -4.9936 -3.7351 -2.2655 -2.0807 -1.7673 -0.60346 -0.31743 -0.13733 0.058303 1.2495 2.472 2.3821
1.0661 -3.9195 -2.9123 -1.8556 -1.0099 -1.7102 -0.013745 0.15222 0.17454 0.34816 1.4598 1.9567 1.2753
