-0.050522 -1.0094 0.40985 -1.4989 -1.4432 -1.6616 -0.11192 -0.85192 -0.82286 -1.5571 0.16507 -0.26591 -0.13758
1.1679 -1.6816 -0.301 -1.971 -1.6904 -1.2479 0.022036 -0.8263 -0.70562 -1.5542 -0.013263 -0.16139 -1.0572
1.3483 -0.86577 -0.40618 -1.791 -1.5543 -2.0015 0.12311 -0.50601 -0.47771 -1.2027 0.11607 -1.0284 -1.2344
1.4317 -0.53423 0.097188 -1.8076 -1.6573 -1.9997 -0.15505 -0.56087 -0.35159 -0.93912 0.44383 -0.76866 -1.2353
0.93299 -0.77081 0.012561 -1.6426 -2 -2.9175 -1.0547 -1.6868 -0.73716 -1.4046 -0.32504 -0.90275 -1.2204
0.69708 -0.55046 1.2777 -0.38 -1.2376 -2.6716 -0.79576 -0.56824 0.58616 -1.2712 -0.50792 -0.66905 -0.59479
1.5504 -0.55084 0.99493 -0.88246 -1.6163 -2.0609 -0.31395 -1.0885 0.071163 -0.45794 0.22251 -0.90329 -1.3082
2.0893 -0.50583 -0.13632 -1.5968 -1.29 -2.4093 -0.94831 -0.6723 0.24592 -0.81746 0.064954 -0.89505 -1.4312
2.3692 -0.72071 -0.95568 -1.6955 -1.3822 -2.4475 -0.49322 -0.21843 -0.10194 -0.82561 -0.41213 -0.76705 -0.97259
2.6703 -1.1707 -1.3246 -1.7002 -2.0324 -1.9611 -0.44201 -0.2802 -0.013697 -1.1188 -0.6822 -0.81261 -0.93963
2.7545 -1.4169 -1.1341 -1.7332 -2.0781 -1.8539 -0.32078 -0.057692 -0.054198 -0.9646 -0.54766 -0.98445 -1.1495
2.4456 -1.7034 -1.2047 -1.3841 -2.4405 -1.6782 -0.45157 -0.28927 0.2119 -0.90135 -0.64469 -1.593 -1.1333
2.189 -1.9574 -1.1023 -1.3282 -2.3933 -1.6368 -0.39877 -0.6231 -0.21333 -1.0192 -0.29772 -0.89013 -1.159
1.9276 -2.0543 -0.93413 -1.4385 -2.2802 -1.8251 -0.45741 -0.57562 0.0034538 -1.1138 -0.16638 -0.62193 -0.62411
1.6903 -1.3539 -0.56313 -1.3855 -2.4446 -2.7267 -0.88627 -0.81359 0.49857 -1.2286 -0.2439 -0.67928 -0.21428
-0.23889 -0.70037 1.054 -0.80381 -1.6263 -1.652 -0.15145 -1.1579 0.89566 -0.88761 -0.31442 -0.40796 -0.18818
-2.6657 -1.9864 1.3176 -0.2025 -1.0539 -0.87993 0.61872 -0.1894 0.19022 -0.3487 0.41078 -0.7322 0.62592
-3.6184 -2.534 0.92276 0.19048 -0.49899 -0.30881 0.43845 -0.067996 0.40131 -0.24885 -0.1477 -0.51972 0.49629
-4.4228 -2.8827 0.30078 -0.39008 -0.21796 -0.40988 0.321 0.28717 0.29319 0.50799 0.77101 -0.14084 0.52286
-4.1542 -3.0927 0.30839 -0.35872 -0.086894 -0.5703 -0.23379 -0.051335 0.51206 0.58203 0.42292 -0.10936 0.47116
1.7099 -6.236 -0.52621 -0.20349 -0.12119 0.3124 0.078162 0.42799 0.18893 0.46563 0.26972 0.31704 0.076389
-0.17263 -4.5365 0.3556 -0.91483 -0.56727 0.28934 0.82911 0.14803 -0.78236 0.19271 0.47296 0.15624 -0.022572
1.0243 -1.778 -1.4318 -1.5055 -1.3541 -1.9775 -0.72312 -0.34639 0.38812 -1.3274 0.02574 0.84254 0.88053
1.6696 -3.3593 -2.3375 -1.6578 -1.5749 -2.2851 -1.1531 -0.33789 0.01541 -0.96108 -0.065342 0.45895 0.72701
1.7475 -2.8659 -3.2958 -2.0101 -1.108 -1.7566 -0.92248 -0.28357 -0.12396 -1.0238 0.45233 0.92768 1.026
2.0473 -2.797 -3.0922 -2.2332 -0.64301 -1.6588 -0.20458 -0.22294 -0.71425 -1.334 0.36918 1.399 0.73699
1.1007 -2.8599 -3.0642 -2.993 -0.63421 -1.0773 0.12049 0.00093632 -0.6057 -1.5016 0.23953 1.8151 0.51094
