0.33391 -3.7789 -0.029676 0.13499 -1.1338 -0.78138 1.6296 0.017176 0.22974 0.30112 0.56903 0.10333 -0.49743
0.50884 -1.1187 1.1102 -1.3569 -2.3751 -1.7039 0.34944 -1.0379 -0.073915 -0.96035 0.060698 -0.42025 -0.34198
2.6029 -1.832 0.1881 -1.6884 -2.3833 -1.8321 0.60356 -0.16663 -0.27632 -0.59014 -0.010452 -1.0216 -0.73907
2.6773 -1.4192 -0.11623 -1.9525 -2.0434 -1.843 0.40639 -0.068368 -0.43517 -0.92974 0.0040886 -0.87512 -0.68152
2.9588 -1.5351 -0.83642 -2.3656 -1.754 -2.1524 0.10375 -0.10203 -0.86215 -1.0781 -0.40703 -1.2746 -0.63585
3.1125 -1.5149 -0.88902 -2.1631 -1.946 -1.7516 0.08455 -0.03543 -0.64257 -1.0645 -0.46567 -0.86295 -0.90512
3.2457 -1.2608 -0.6408 -2.4804 -1.8012 -1.4243 0.015768 0.25129 -0.5606 -1.3018 0.091988 -0.93399 -0.91795
3.2853 -1.2126 -0.92375 -2.0867 -1.876 -1.5483 0.11767 0.16556 -0.35467 -1.3966 -0.02689 -0.87845 -0.62568
3.3209 -1.4838 -1.3423 -2.4625 -2.1329 -1.6875 -0.30992 -0.082723 -0.69355 -1.4444 -0.1853 -1.25 -0.87151
3.1231 -1.1586 -0.27361 -2.3986 -1.9398 -1.6779 -0.14036 0.033982 -0.47244 -1.017 -0.17878 -1.2022 -0.85623
1.9839 -1.2169 0.22234 -1.6499 -1.825 -2.0994 -0.073625 -0.40561 -0.23051 -0.68646 -0.16665 -1.1574 -0.75148
0.27882 -1.921 1.6536 0.14743 -1.1164 -1.0656 -0.13711 -1.4919 -0.31587 -0.82238 0.37123 -0.59439 -0.32666
0.95406 -2.2297 1.3274 -0.53822 -1.9816 -1.6555 -0.76695 -0.91367 0.23378 -0.89472 -0.48848 -0.31868 -0.33306
1.5919 -1.6386 1.4152 -0.83704 -1.6476 -2.1268 -0.59127 -1.021 -0.41041 -0.54105 0.19635 -0.77283 -0.5341
1.7055 -1.4827 1.147 -0.95293 -1.3131 -2.1222 -1.0501 -0.73114 -0.21813 -0.76857 0.14671 -0.51877 -0.3044
1.7946 -1.5649 0.92722 -1.124 -1.4119 -2.2154 -1.1663 -0.70387 0.1085 -1.2272 -0.0022018 -0.60566 -0.3797
2.8563 -1.5176 -0.73627 -2.1129 -2.0985 -1.9386 0.48683 -0.90465 0.24329 -0.75086 -0.62075 -0.65727 -0.79675
3.163 -1.1658 -1.6523 -2.1349 -1.7095 -1.5307 0.79026 -0.56564 -0.63814 -1.255 -0.46329 -1.0105 -0.40164
3.2317 -1.3538 -1.5075 -2.3532 -1.6764 -1.3675 0.88732 -0.61509 -0.93599 -1.0347 -0.70178 -0.86617 -0.71146
3.3055 -1.5494 -1.8658 -2.023 -1.5315 -1.4476 1.0159 -0.36471 -1.2128 -0.90328 -0.55453 -0.89856 -0.42112
3.411 -1.9222 -2.051 -1.9268 -2.2728 -1.4049 1.0658 -0.59239 -1.2904 -1.16 -0.6184 -0.77985 -0.7574
3.3705 -1.6814 -2.2324 -2.6763 -1.5129 -1.4249 0.6865 -0.56515 -0.96508 -1.3671 -0.65235 -0.77319 -0.70069
3.2974 -1.5794 -2.0702 -2.3072 -1.4084 -1.3729 1.0639 -0.41136 -1.2063 -1.015 -0.46617 -0.4858 -0.52157
3.2231 -1.5071 -2.3536 -2.4756 -1.4493 -1.4085 0.92563 -0.65874 -1.3127 -0.99723 -0.5952 -0.80984 -0.23171
3.2505 -1.8818 -2.3846 -2.769 -1.1604 -1.2483 0.629 -0.59432 -1.0058 -1.3055 -0.66375 -0.55369 -0.83385
3.216 -1.5974 -2.25 -2.8196 -1.1099 -1.1475 0.55141 -0.56709 -0.67663 -1.2298 -0.75638 -0.3111 -0.71439
3.2256 -1.5258 -2.1983 -3.0588 -0.72149 -1.2808 0.56048 -0.1421 -1.09 -1.2676 -0.42661 -0.49925 -0.53643
3.3349 -1.6789 -2.7697 -2.699 -0.91477 -1.5689 0.56235 -0.3448 -1.1125 -1.3909 -0.6356 -0.52375 -0.45522
3.4807 -1.8649 -2.6293 -2.4115 -1.0733 -1.3635 0.6766 0.15224 -1.2418 -1.1225 -0.46993 -0.6791 -0.47448
3.3606 -1.3906 -2.4776 -2.8219 -1.09 -1.4708 0.40382 -0.024979 -0.98522 -1.4502 -0.35079 -0.59492 -0.64568
3.3093 -1.4473 -2.6337 -3.1594 -0.99757 -1.9012 0.030798 -0.1178 -1.0125 -1.4373 -0.73189 -1.0824 -0.92265
3.3014 -1.2953 -2.1573 -3.1432 -0.97258 -2.0429 0.047469 0.40562 -1.1223 -1.2469 -0.2717 -0.91088 -0.61772
3.0256 -1.4339 -1.9067 -2.281 -1.286 -1.7286 0.37302 0.21286 -0.25196 -1.3013 -0.09253 -1.1929 -0.77007
2.5126 -1.6773 -1.0812 -1.9016 -1.6977 -2.4353 0.13235 -0.10672 -0.21183 -1.0665 -0.40926 -0.98278 -0.55386
1.6232 -1.5992 0.24816 -1.3616 -1.5569 -1.9758 -0.085707 -0.82564 -0.1301 -1.0159 -0.22325 -0.65931 -0.60867
-1.4197 -2.3183 0.69201 -0.30968 -0.71297 -0.87943 -0.099918 -0.35206 0.17357 -0.045306 0.27207 -0.17023 0.70473
-3.5946 -2.7412 0.57763 -0.052519 -0.22162 -0.19845 0.38661 0.0093047 0.11523 0.0038936 0.3707 -0.1831 0.11464
-3.8164 -3.1976 -0.1803 -0.92482 0.040378 -0.58672 0.1067 0.77254 0.35024 0.73786 0.38162 -0.53389 0.644
-4.6284 -2.6452 0.48962 0.083876 0.6122 0.23054 0.21714 0.34596 0.2522 0.2104 0.10912 0.50663 0.72789
-5.3974 -2.2797 0.79815 0.40451 0.7365 0.55613 0.63079 0.53962 0.54452 0.49543 0.48607 0.41247 0.39108
-5.845 -2.7251 0.39065 -0.044111 0.27679 0.21832 0.56113 0.46442 0.32184 0.30157 0.44099 0.20077 0.43797
-6.0594 -2.3745 0.72142 0.34513 0.67135 0.53152 0.65439 0.5954 0.59542 0.46277 0.40078 0.36493 0.42521
-5.184 -2.4286 0.74918 0.51197 0.85627 0.59471 0.36565 0.28922 0.49737 0.24616 -0.021018 0.31207 0.29148
-4.9813 -2.5709 0.5956 -0.38801 -0.23612 -0.0019982 1.4496 1.0983 -0.077028 0.20123 1.0677 -0.42013 0.76265
-5.8092 -2.3682 0.83924 0.61914 0.94043 0.71491 0.45156 0.38516 0.76109 0.4423 0.10399 0.38846 0.10436
0.57392 -3.9214 -0.78329 -1.3526 -0.51628 0.04474 0.61714 1.1759 0.77527 0.18917 -0.23436 -0.50169 -0.076776
1.6156 -1.886 -0.90374 -2.1097 -1.7802 -1.5992 0.25778 -0.77418 -0.60896 -1.3791 -0.15206 0.11089 -0.51143
3.3938 -2.8515 -2.7136 -2.1051 -1.2721 -1.0551 -0.054144 0.019439 -0.4607 -1.7656 -0.54162 0.054103 -0.70369
3.4031 -2.9152 -2.7528 -2.4042 -0.59047 -0.88501 -0.46971 -0.017545 -0.83635 -1.1119 -0.62504 -0.024859 -0.35068
3.2095 -2.5092 -3.3102 -2.9527 -0.32679 -0.96618 -0.67705 -0.49723 -0.77367 -1.3614 -0.4131 -0.29872 -0.43374
3.0435 -2.227 -2.9686 -3.2835 -0.042198 -0.62354 -0.76782 -0.74259 -0.97119 -1.2664 -0.49487 -0.418 -0.59809
2.7828 -2.0646 -2.5059 -3.3728 -0.35878 -0.59142 -0.6562 -1.2206 -1.1277 -0.69412 -0.3803 -0.11595 -0.3249
2.4231 -2.0698 -1.9971 -2.9178 -0.24262 -0.5799 -0.19804 -1.4019 -1.1523 -0.79366 -0.38478 0.13614 -0.75502
2.1788 -2.2914 -1.7773 -3.0033 -0.55595 -0.63545 -0.37126 -1.3847 -1.2174 -0.8193 -0.4084 -0.22768 -0.73645
1.9042 -2.0544 -1.6755 -3.31 -0.10608 -0.71009 -0.34242 -1.2692 -1.1685 -0.42644 -0.24569 -0.09823 -0.46431
1.5873 -2.3753 -1.2228 -2.8994 -0.28595 -0.50587 -0.31218 -1.3197 -1.1723 -0.30376 -0.22559 -0.17043 -0.69317
1.5542 -2.3415 -2.0922 -3.0548 0.12359 -0.74977 -0.55201 -1.4008 -0.7109 -0.43644 -0.38337 -0.23617 -0.27531
1.4124 -2.6703 -2.0329 -3.3971 -0.078719 -0.53662 -0.46022 -0.80907 -0.6348 -0.56675 -0.46203 -0.1219 -0.14576
0.69533 -3.0461 -1.8543 -2.7507 0.14361 -0.64525 -0.6097 -0.79861 -0.10299 -0.37893 -0.26792 0.22806 -0.017693
