-0.8218 -2.004 0.50987 -0.91626 -0.8901 -1.0271 0.036651 -0.57015 0.12173 -0.16116 -0.11777 -0.23515 -0.091165
2.8326 -2.0566 -0.57037 -1.9267 -1.7921 -2.0518 -0.059327 -0.29949 0.16536 -1.2825 0.0012626 -0.76109 -0.11508
3.4117 -2.2799 -1.1404 -1.9269 -1.2452 -1.8777 0.042136 0.4278 -0.25164 -1.4395 -0.091261 -0.85385 -0.27825
3.7122 -2.4684 -1.5769 -1.6695 -1.3239 -1.8133 0.23056 0.57402 -0.60707 -1.395 0.11312 -0.96244 -0.3178
3.9513 -3.1416 -2.2417 -2.1608 -2.2952 -2.2937 -0.28559 0.11684 -1.3163 -1.709 -0.15796 -1.1756 -0.76005
3.8678 -2.4571 -1.8877 -1.7541 -1.4549 -1.9683 -0.060506 0.25735 -0.32103 -1.0261 0.1467 -0.57103 -0.46223
3.801 -2.2921 -1.627 -1.6264 -1.8879 -2.1283 -0.32124 0.22526 -0.11894 -1.1519 0.2975 -0.75978 -0.56901
3.1698 -2.5276 -0.35314 -1.3626 -1.777 -1.9842 -1.0641 0.15435 0.3332 -1.1893 0.17305 -0.52673 -0.41912
2.4603 -2.3795 0.57002 -0.931 -1.0821 -2.1553 -1.8224 -1.9603 -0.65853 -1.0681 -0.015731 -0.58993 -0.38124
2.4537 -2.1913 1.3588 0.31296 -0.98852 -1.9688 -1.4019 -1.2005 0.3068 -1.0793 0.0045409 0.048434 0.083847
2.7377 -1.9239 0.6754 -0.78606 -1.0822 -2.3298 -1.4485 -0.27922 0.36776 -0.63316 -0.11237 -0.77361 0.066702
3.999 -2.3372 -1.3528 -2.0253 -1.8373 -2.5471 -0.51913 0.17449 0.25182 -1.649 -0.16106 -0.1944 -1.219
4.5125 -2.4222 -1.5126 -2.3113 -2.0398 -1.9186 -0.39515 0.38726 -0.31617 -1.3472 -0.38591 -0.43021 -0.92922
4.3574 -2.814 -1.3481 -1.8193 -1.9372 -1.9251 -0.33581 0.53553 -0.76574 -1.2638 -0.50785 -0.38478 -0.79985
4.5951 -2.9341 -1.8252 -1.9996 -1.5899 -2.1857 -0.098568 0.39538 -0.97714 -1.2466 -0.45479 -0.17028 -0.89154
4.8972 -2.971 -2.1869 -1.9781 -1.3728 -1.9374 -0.43973 0.98704 -1.202 -1.2826 -0.26938 -0.12407 -0.92086
5.0523 -2.9551 -2.3178 -1.9576 -1.4624 -2.1745 -0.29334 1.0862 -1.552 -1.2111 -0.16129 -0.15735 -0.7941
5.1188 -2.7606 -2.7041 -1.8955 -1.3136 -2.1078 -0.43788 1.2096 -1.611 -1.0732 -0.18645 -0.2188 -0.6694
4.9846 -3.1066 -2.3345 -2.1309 -1.3561 -2.1715 0.10453 0.97968 -1.4201 -1.0013 -0.32139 -0.15711 -0.82464
4.97 -2.9366 -2.6993 -2.2135 -1.2185 -2.1127 0.072341 0.58631 -1.2827 -1.0192 -0.67423 -0.19572 -0.87252
5.1176 -3.0764 -2.7993 -2.2289 -1.2041 -2.419 0.33449 0.64122 -1.2966 -1.0188 -0.89196 -0.36277 -0.80596
5.2684 -3.6316 -2.6693 -2.352 -1.8068 -2.5208 0.13666 0.27845 -1.2218 -1.3651 -1.1601 -0.60941 -1.2945
5.0885 -3.195 -2.0876 -2.337 -1.9073 -2.6036 -0.19827 0.62769 -0.92216 -1.2734 -0.76306 -0.98818 -1.1808
3.9763 -2.6379 -0.89565 -1.5689 -2.0005 -2.3623 -0.26106 0.33588 -0.25516 -1.1949 -0.069144 -0.93225 -1.0082
2.5485 -2.2058 0.17662 -0.57432 -1.4716 -2.6129 -0.69462 -0.25422 -0.02592 -0.79771 0.38952 -0.4332 -0.3517
-0.88225 -2.8713 0.48984 -0.1399 -0.39547 -0.50296 -0.22831 -0.65165 -0.325 -0.36624 0.027462 -0.20561 0.12548
-2.4619 -2.8548 0.26035 -0.34553 -0.12218 -0.25913 0.23173 0.094732 -0.10358 0.07085 0.42609 -0.1399 0.1419
-3.9767 -2.7849 0.31509 -0.13558 0.16836 0.095074 0.39838 0.28658 0.15561 0.13583 0.26548 0.010408 0.14028
-5.027 -3.0341 0.17882 -1.1638 -1.0448 -0.58096 1.5901 1.184 -0.48 0.3028 1.8177 -0.32825 1.1767
-4.7039 -2.9982 0.18959 0.27405 0.54118 0.31849 0.2807 0.57845 0.14896 0.334 0.40943 0.37882 0.43769
0.65618 -3.3754 -0.65745 -0.98916 -0.21685 -0.42603 0.94209 0.53645 -0.042913 -0.18362 -0.32427 -0.086844 -0.1745
3.7798 -1.3102 -2.0965 -2.3228 -1.2066 -1.9246 -0.4143 -0.056351 0.19928 -1.534 -0.29825 -0.014544 0.1636
4.666 -2.4511 -2.6912 -2.7228 -0.48792 -1.5848 -0.1104 0.86017 -0.34139 -1.4355 -0.9087 -0.26896 -0.52794
4.7439 -2.2567 -2.8408 -2.9426 -0.16368 -1.1389 -0.14478 0.19379 -0.0055471 -1.4693 -0.91626 -0.091441 -0.72255
4.7147 -3.0051 -3.3885 -3.3344 -0.64224 -1.4857 -0.53096 -0.28884 -0.76665 -1.6132 -1.2902 -0.76965 -0.56417
4.5647 -2.6455 -2.9299 -3.2119 -0.29769 -1.2255 -0.50225 -0.32661 -0.56191 -1.3266 -1.0818 -0.62968 -0.32945
4.1687 -2.4447 -2.6965 -3.2065 -0.12221 -0.85912 -0.64944 -0.54247 -0.28783 -1.1287 -1.2151 -0.42686 -0.48907
3.4735 -2.6305 -1.8865 -2.5884 -0.38582 -0.83003 -0.65082 -0.83241 -0.24955 -1.0635 -0.95077 -0.22126 -0.13917
2.4374 -2.7501 -1.4009 -2.3362 -0.37659 -0.45692 -0.50376 -1.0744 -0.65408 -0.93952 -1.0913 -0.32341 -0.43588
1.7187 -3.1054 -0.55491 -1.7629 -0.66297 -0.82458 -0.1784 -1.0018 -0.98145 -1.4887 -0.90649 -0.29254 -0.43577
