-1.0037 -2.3794 0.90021 -1.2357 -1.2301 -0.20853 0.68314 -0.2038 -0.63969 0.73254 -0.060236 -0.02894 -0.20679
-2.6473 -3.2679 0.30308 0.88392 0.70687 0.6299 -0.010985 0.035511 0.65691 0.88823 0.52527 0.6564 0.23444
-1.9723 -3.8552 0.14833 0.37053 -0.3783 0.67225 0.41054 -0.42948 -0.50901 -0.18628 0.71316 0.060385 0.13531
1.4508 -3.1305 0.2984 -0.88963 -2.5918 -0.65359 -0.29515 -1.0351 -1.43 -0.89364 -0.59425 -1.0101 -0.12675
3.1234 -2.393 -1.2539 -2.384 -2.2172 -0.87882 0.28793 -0.87374 -0.89751 -0.98734 -1.0261 -0.89907 -0.73169
3.6909 -2.9793 -2.0775 -2.744 -2.9453 -1.173 -0.56996 -1.1747 -1.0132 -1.509 -1.5517 -1.1291 -1.0298
3.922 -2.4067 -1.3513 -1.9388 -2.6108 -1.0605 0.3516 -0.84419 -0.4733 -0.90665 -1.0789 -0.84221 -0.5805
4.0664 -2.3973 -1.2761 -1.2198 -2.6889 -1.1463 0.38284 -0.71807 -0.10813 -0.7065 -0.94303 -0.58115 -0.54049
3.8821 -2.426 -1.114 -1.4905 -2.8262 -1.402 0.1449 -1.0847 -0.28872 -0.64656 -0.82041 -0.61212 -0.65737
3.6209 -2.2678 -1.0291 -0.89286 -2.4885 -1.8682 0.078459 -1.2775 -0.48235 -0.71306 -0.47498 -0.45526 -0.69344
3.4801 -2.3065 -0.687 -0.49644 -2.2794 -2.014 -0.60235 -1.7304 -0.45928 -0.8153 -0.41663 -0.1401 -0.68902
3.5134 -1.9153 0.31766 -0.35759 -2.2106 -2.1051 -1.2696 -1.3878 -0.28582 -0.89242 0.25603 -0.26093 -0.52094
3.3974 -1.858 0.11149 -0.094361 -2.2447 -2.09 -1.0335 -0.89033 -0.19229 -0.93559 0.45434 -0.41133 -0.32328
3.3678 -2.2002 -0.24808 -0.79272 -2.246 -1.5836 -0.99457 -0.64855 -0.3472 -0.88515 0.43847 -0.79255 -0.61559
3.5513 -2.5334 -1.0017 -1.4191 -2.492 -1.7405 -0.49108 -0.45866 -0.57395 -1.2238 0.021224 -0.93471 -0.66309
3.9717 -2.8471 -1.1573 -1.5226 -2.883 -1.4457 -0.2687 0.00018354 -0.58194 -1.1851 -0.39105 -0.71043 -0.82584
4.3547 -3.0425 -1.6174 -1.5436 -3.1377 -1.4291 -0.12471 0.25974 -0.98187 -1.1835 -0.56267 -0.9025 -0.83332
4.4425 -2.7427 -1.6798 -1.8555 -2.7368 -1.3044 -0.10306 0.37642 -0.80346 -1.5282 -0.45813 -0.88572 -0.89881
4.5457 -2.5507 -1.9131 -1.4412 -2.4248 -1.131 0.071167 0.69945 -0.668 -1.46 -0.28438 -0.75247 -0.79079
4.3787 -2.8027 -2.2381 -2.0826 -2.486 -1.6186 -0.23358 0.49626 -0.94121 -1.8489 -0.40743 -1.1925 -1.0558
4.0022 -2.9386 -1.6836 -2.2847 -2.2451 -1.9363 -0.092493 0.52565 -0.99797 -1.6223 -0.52395 -1.3928 -1.0793
3.3908 -2.6512 -0.584 -1.742 -2.233 -2.0158 0.25927 0.48233 -0.69686 -1.1162 -0.41001 -0.77052 -0.63653
2.8814 -3.1592 0.20907 -1.7105 -2.4238 -2.072 -0.025472 0.00016373 -0.76198 -0.7265 -0.35339 -0.94565 -0.42336
2.401 -2.6317 0.89478 -2.1014 -2.4164 -2.2254 -0.26491 -0.81921 -0.94123 -0.58003 -0.071953 -1.0298 -0.5649
1.1362 -1.7946 1.2247 -1.1309 -1.9014 -2.1297 -0.47486 -1.1292 0.034925 -0.34314 0.15911 -0.74064 -0.18577
0.89805 -7.5569 -0.13647 0.5236 -0.054618 -0.0075872 0.3839 0.13316 0.21095 0.26152 0.040619 0.043844 -0.040945
-1.4803 -5.7873 0.3001 -0.53534 -0.92908 -0.16691 1.2391 1.6327 0.35445 0.5405 0.21467 0.17928 0.39156
-5.1946 -2.6667 0.4752 0.12595 0.50447 0.23132 0.20263 0.17036 0.33423 0.32448 0.25966 0.23778 0.18993
-5.0951 -2.7981 0.47552 -0.36673 -0.22908 0.22491 1.5629 1.1177 0.037936 0.22843 0.97965 -0.50653 0.10237
-5.1909 -2.8115 0.46859 -1.1316 -1.1077 -0.53858 2.0314 1.5057 -0.51778 0.47487 2.2913 -0.39704 1.1623
-5.4131 -4.0526 -0.2288 1.3298 0.33479 1.1656 0.53674 0.58488 0.55473 0.67935 0.46955 0.67071 0.42186
-2.3098 -4.9561 0.52446 0.54787 0.8929 0.85084 0.83872 0.14554 0.30991 -0.046756 -0.39528 -0.15512 -0.17581
-1.1891 -6.3998 1.4171 -0.32503 0.06005 0.72962 0.93423 -0.036006 0.42389 0.3091 -0.47497 -0.15273 -0.40142
-1.2029 -1.7508 0.752 -0.97633 -0.76067 -1.1673 -0.31897 -0.96961 0.0081404 -0.36249 -0.0085699 -0.34912 -0.23417
2.4767 -2.3278 -1.2122 -2.5528 -1.9722 -1.4931 -0.26095 -0.85308 -1.0448 -1.3786 0.039489 -0.47976 0.058
3.2531 -3.3229 -2.0931 -2.5448 -1.5594 -1.3297 -0.72954 -0.23213 -1.3965 -1.613 -0.67737 0.06497 -0.084675
3.6231 -3.6662 -2.3277 -2.7405 -1.5456 -1.1337 -0.93747 -0.056763 -1.4248 -2.0099 -0.37597 -0.019872 -0.37753
3.7227 -3.1309 -2.2789 -2.8367 -1.1162 -1.1907 -0.868 0.72309 -1.6213 -1.7646 -0.36256 0.031988 -0.12411
3.5307 -3.7497 -2.3622 -2.8943 -1.6428 -0.7953 -0.49055 0.051031 -1.2635 -2.0116 -0.41563 0.4727 -0.60508
3.3707 -2.7997 -2.6436 -2.6122 -1.214 -0.29592 -0.19231 0.019682 -0.45326 -1.8973 -0.11964 0.17434 -0.22788
3.2639 -3.2451 -2.9275 -3.4718 -2.0231 -0.36276 -0.0068731 -0.79346 -0.63693 -1.2873 -0.48205 -0.021058 0.19385
2.7628 -2.8027 -2.7513 -3.6826 -1.8047 -0.4848 -0.10214 -0.63657 -0.29651 -1.2418 0.20784 0.67417 0.43494
2.2415 -2.4143 -1.8092 -3.5313 -1.3604 -0.66527 0.31266 -0.48155 0.073319 -1.1424 0.29257 0.80247 0.30443
1.6827 -3.3138 -1.6702 -3.4301 -1.4169 -0.89469 0.11946 -0.83456 -0.20453 -0.53095 0.25213 0.83402 1.2798
0.96058 -3.2541 -0.61223 -2.7226 -1.5972 -1.4224 0.34324 -0.90453 -0.63346 -0.99732 0.38744 0.43841 0.82885
