1.2049 -5.449 0.1159 -1.3264 -0.3124 0.032765 -0.044709 -0.033745 0.13893 0.41296 0.4085 0.29871 0.11079
-0.61985 -3.1875 0.63139 0.50238 0.59657 0.84264 0.85557 1.2748 1.8748 0.65016 -0.46228 0.32919 0.65312
-0.17757 -2.3491 0.95224 0.50834 0.52973 0.012844 -0.5247 -0.74996 0.45814 -0.18466 -0.64355 0.23038 0.064272
2.1179 -2.0008 0.31407 -1.2635 -1.3189 -1.186 0.3428 -0.82833 -0.58811 -0.83608 -0.054192 -0.40923 -0.061479
2.8675 -3.2252 0.41805 -1.7473 -1.94 -0.77999 0.10256 -0.85785 -0.40853 -0.86345 -0.38511 -0.82802 -0.92509
2.9222 -2.8617 0.38261 -2.378 -1.9448 -0.31133 -0.28191 -0.5759 -0.041464 -1.1712 -0.86335 -0.90816 -0.81058
3.0967 -2.7235 -0.44441 -2.0451 -2.0152 -0.89966 -0.087213 -0.79642 -0.10377 -1.267 -1.1986 -0.61891 -1.1239
3.1836 -2.8172 -0.29762 -2.2973 -1.5362 -0.95085 -0.6346 -0.35897 -0.11347 -1.0234 -1.0455 -0.84205 -1.0612
3.2428 -2.618 -0.39899 -2.2516 -2.1221 -1.1732 -0.75625 -0.39129 -0.09901 -1.8241 -0.53919 -1.0904 -0.92321
2.885 -2.7645 -0.47872 -1.6422 -2.0319 -1.8866 -0.89037 -0.68237 -0.12333 -1.2556 -0.87537 -1.7594 -0.86827
1.1732 -2.4865 0.44152 -0.35943 -1.0742 -1.0119 -0.34947 -0.41387 -0.29034 -0.4787 0.21175 -0.76433 -0.53993
1.5798 -2.2877 0.95781 -0.87819 -1.3225 -1.6565 -0.34585 -1.1353 -0.21893 -0.45465 -0.22316 -0.93078 -0.77739
2.1033 -2.4654 0.47727 -0.63042 -1.2294 -1.8339 -0.19761 -0.67247 -0.1975 -0.53904 0.21631 -1.1492 -0.73036
2.4836 -2.6237 0.32377 -1.2507 -1.5479 -2.2554 -0.046435 0.0074977 -0.73947 -0.9537 0.02409 -0.45018 -0.79032
2.7816 -2.8748 -0.28253 -1.5167 -1.5563 -2.0183 -0.10461 0.17592 -0.59429 -0.99992 -0.3317 -0.51696 -0.53972
3.4353 -2.7991 -0.79747 -2.1907 -1.8638 -2.0929 0.36175 0.53665 -1.2708 -1.3929 -0.36818 -0.63765 -0.66608
3.7779 -2.9913 -1.6046 -2.1985 -2.2377 -2.199 0.36425 0.22854 -1.223 -1.6557 -0.73327 -0.79917 -0.67851
3.8331 -2.7391 -1.4189 -2.1879 -2.4679 -1.9505 0.78844 0.20747 -1.1136 -1.8052 -0.84993 -0.37872 -0.97039
3.9358 -3.0793 -1.6669 -1.8581 -2.3284 -1.768 0.76185 0.16608 -1.0142 -1.573 -0.84238 -0.35135 -0.91841
3.8801 -2.9742 -1.6649 -1.9036 -2.5539 -2.2432 0.58218 0.38822 -1.3551 -1.8381 -0.54605 -0.49048 -0.78038
3.6503 -2.9587 -1.3649 -2.1218 -2.5885 -2.1143 0.63337 0.28385 -1.5038 -1.7415 -0.21009 -0.68569 -0.84416
3.3412 -3.3498 -1.0718 -2.19 -2.3683 -1.8857 0.4083 -0.12133 -1.3111 -1.4102 -0.15245 -0.48136 -0.53719
2.9953 -3.0741 -0.29083 -2.2599 -2.2581 -1.2107 0.23777 -0.62498 -0.89631 -1.1724 0.20069 -0.62036 -0.59163
2.6707 -2.6983 0.49493 -2.0484 -2.045 -1.902 0.12645 -0.87396 -0.70608 -0.71335 0.29916 -0.63626 -0.30831
0.97944 -2.2631 0.71683 -1.3412 -1.9135 -1.6862 -0.25491 -1.3337 0.17843 -0.75548 -0.30156 -0.62988 0.014759
-3.1761 -2.761 0.80237 0.54141 0.2895 0.32965 0.49511 0.023969 0.098589 -0.43461 -0.4433 -0.25221 0.51758
-3.8202 -2.9796 -0.035099 -0.56405 0.2937 -0.083338 0.2772 0.5897 0.091859 0.33889 0.27114 -0.092645 0.39909
-3.2636 -3.081 0.16375 -1.2582 -1.1437 -0.75903 1.4875 1.052 -0.78654 0.069465 1.6621 -0.7264 0.70073
-5.5873 -2.3477 0.74397 0.31477 0.60409 0.4565 0.63072 0.52135 0.49401 0.48143 0.57381 0.4077 0.42657
-4.9215 -2.7364 0.44679 -0.1135 0.12356 0.022982 0.5777 0.45183 0.26635 0.60028 1.0958 0.34083 0.27219
-6.2068 -2.3056 0.79792 0.41723 0.7315 0.57589 0.66741 0.56327 0.58993 0.52083 0.52709 0.45979 0.44517
-0.047979 -3.9637 -1.004 -1.4273 0.077015 -0.31009 0.1231 0.93126 0.14633 0.57202 0.36507 -0.027125 0.47445
-0.52466 -3.4178 0.16089 -0.54608 0.26541 0.20142 0.74498 0.85246 0.28064 0.0062763 0.54446 0.059842 -0.036225
-1.7154 -2.373 0.86898 0.14473 -0.12186 -0.27325 -0.23806 -0.62433 0.36282 -0.35952 -0.53355 0.07763 0.48237
2.3132 -1.8813 -0.089348 -1.6825 -1.0922 -1.1918 -0.054242 -0.51873 -0.16857 -1.1382 0.037634 -0.52356 0.2746
2.8176 -3.1697 -0.73019 -2.054 -1.4428 -1.065 0.10064 -0.43632 -0.40502 -1.4143 -0.045997 0.16845 -0.1069
2.9334 -3.1452 -1.2252 -2.2323 -1.0991 -1.3096 -0.1591 0.067965 -0.92388 -1.5631 -0.20078 0.37673 -0.18429
2.994 -3.1199 -1.328 -2.4104 -0.85273 -1.1241 -0.68521 0.29286 -0.77593 -1.9802 0.069356 0.42042 -0.242
2.8422 -3.3775 -1.8467 -2.5847 -1.1166 -1.6697 -0.43217 -0.61294 -0.74222 -1.8035 -0.17569 0.45934 0.0089911
2.7229 -4.0108 -1.6218 -2.3785 -1.364 -1.5509 -0.39065 -0.85532 -0.99925 -1.8412 -0.42962 0.11158 -0.20382
2.5202 -4.0638 -1.4704 -2.2073 -1.3809 -1.3359 -0.15469 -0.64341 -0.92941 -1.4939 0.040156 0.45195 0.38137
2.2205 -3.892 -1.0408 -1.91 -1.1528 -1.5718 -0.29738 -0.68556 -0.89002 -1.1654 0.2397 0.6058 0.42527
2.0123 -3.9346 -1.1856 -2.1001 -0.81507 -1.1239 -0.38391 -0.76501 -0.6331 -1.1974 -0.1434 0.39998 0.79048
1.6684 -4.1035 -0.8705 -1.9093 -0.83644 -1.431 -0.54088 -0.34125 -0.1775 -0.65202 -0.065664 0.56054 1.1782
1.2127 -4.3949 -1.005 -1.5854 -1.0106 -1.6756 -1.4784 -1.2305 -0.033698 -0.46224 -0.85689 0.13589 1.0728
0.79469 -4.0795 -0.69654 -1.2247 -0.058437 -0.83396 -1.4003 -1.3775 -0.06653 -0.045616 -0.41688 0.63056 0.87737
