2.857 -2.4114 -0.75934 -1.759 -1.1843 -1.7418 -0.61617 0.13215 -0.48338 -1.6643 0.087467 -0.15357 -0.87652
3.0785 -2.9075 -1.1953 -1.5368 -1.4239 -1.1866 -0.037157 0.31142 -0.71544 -0.99437 0.26565 -0.47621 -0.60664
3.4005 -3.1066 -1.7144 -1.1712 -1.392 -0.7225 0.059874 0.51423 -0.99428 -1.0444 0.25434 -0.21834 -1.0352
3.7541 -3.6159 -1.7931 -1.4325 -1.1702 -0.81252 -0.013816 0.21683 -1.2282 -1.3072 0.26944 -0.2526 -1.1108
3.6729 -3.2852 -2.5667 -1.4194 -1.2373 -0.81064 -0.30972 -0.12844 -1.1468 -1.671 0.030688 -0.25449 -1.2629
3.5156 -2.7506 -2.0615 -1.1137 -0.74623 -0.27473 -0.16785 0.28493 -1.0003 -1.2066 0.17185 0.11589 -1.0126
3.095 -2.6431 -1.618 -1.1068 -0.95818 -0.51344 -0.10212 -0.2696 -1.0862 -1.4447 0.38937 -0.25598 -0.75205
2.9889 -2.6852 -1.6019 -1.534 -0.81952 -0.79115 -0.4704 -0.13821 -0.82061 -1.5675 0.13285 -0.30793 -1.0194
2.6994 -2.7304 -1.4432 -1.2549 -0.92647 -1.1982 -0.41068 -0.12432 -0.85728 -1.1451 -0.24278 -0.33516 -0.52093
1.3604 -2.3362 0.81023 0.00019526 -0.91153 -1.2805 -0.35797 -0.6864 -0.14529 -0.9536 -0.066771 -0.048137 -0.084009
1.1777 -2.4478 1.3343 0.51263 -0.55848 -1.4593 -1.417 -1.458 0.30346 -0.37996 0.075874 -0.24576 -0.75032
1.061 -2.8078 0.78707 -0.061147 -0.97367 -1.455 -1.3184 -1.6101 0.067007 -0.71304 -0.46362 -0.50049 -0.70023
2.1081 -2.3787 -0.59114 -0.95638 -1.0593 -1.5265 -0.29438 0.15044 0.20394 -1.1503 -0.005794 -0.5052 -0.57293
3.7942 -3.5791 -2.1106 -1.4475 -1.2953 -1.3315 -0.62189 0.013518 -0.68285 -1.6532 -0.2187 -0.47101 -1.2392
4.2968 -3.8563 -2.5094 -1.5833 -1.1671 -1.2068 -0.35873 0.025991 -0.72828 -1.8103 -0.19114 -0.022684 -1.562
4.5725 -3.9733 -2.4012 -1.621 -0.82421 -0.85088 -0.071707 0.20543 -0.71301 -1.3357 0.034209 -0.040698 -1.1593
4.8613 -4.0135 -2.3888 -1.5551 -0.9129 -1.1268 -0.033806 0.031974 -0.67265 -1.5802 0.02691 0.050787 -1.29
5.0408 -4.5266 -2.5462 -1.7055 -1.3708 -1.0697 -0.34539 -0.12393 -0.92436 -1.6955 -0.21662 0.070136 -1.4928
4.9637 -4.3201 -2.2633 -1.8115 -1.1353 -0.96809 -0.099414 0.017296 -0.69909 -1.486 0.050241 0.1067 -1.1792
4.8724 -4.1662 -2.4018 -1.706 -1.1522 -0.92668 -0.07003 -0.0071045 -0.83719 -1.2668 -0.1927 0.24377 -1.1582
4.7966 -3.9917 -2.5185 -1.6298 -1.3328 -0.98765 -0.11201 -0.12665 -0.57336 -1.6643 -0.28018 0.36721 -1.2707
4.8541 -4.142 -2.5777 -1.8572 -1.1194 -0.96734 -0.46811 0.033781 -0.85917 -1.6382 -0.25176 0.090726 -1.2403
4.6386 -3.7513 -2.2792 -1.8247 -0.98124 -0.89883 -0.51333 0.12551 -0.78141 -1.5663 -0.27816 0.23496 -0.96777
3.9334 -2.5605 -2.2629 -1.696 -1.0132 -1.09 -0.34581 -0.01056 -0.60029 -1.6385 -0.30461 0.09296 -0.70447
3.0674 -2.0691 -1.074 -2.1878 -0.89325 -1.4224 0.033206 -0.21599 -0.42734 -1.311 -0.35608 -0.29765 -0.50022
0.95311 -2.1171 0.6665 -0.87542 -1.1533 -0.87586 0.2718 -0.66943 -0.069209 -0.88539 -0.32582 -0.54085 -0.15916
-2.2937 -2.8304 0.3612 0.014964 0.32489 0.22717 0.33248 0.20497 0.27327 0.057254 -0.019735 -0.1119 -0.18364
-3.5112 -2.6044 0.67762 0.19542 0.41452 0.043716 -0.048398 -0.33858 -0.11149 0.35154 0.95521 0.60328 -0.083629
-3.9614 -2.9145 0.22945 -0.3043 0.010252 0.080777 0.7423 0.65731 0.18865 -0.034351 0.036694 -0.36208 0.36652
-4.0691 -2.6604 0.4805 0.080349 0.37642 0.1539 0.19037 0.025309 0.11761 0.22071 0.42229 0.22849 -0.027412
-5.9546 -2.2892 0.97718 0.57921 0.91279 0.77494 0.88459 0.79504 0.84315 0.86472 0.93371 0.94198 0.98823
-4.8992 -2.475 0.629 -0.21555 -0.019595 0.17618 1.2402 0.85173 -0.10595 0.083215 0.79076 -0.24349 0.4321
-0.3786 -1.5643 -0.5204 -1.5563 -0.012922 0.030744 0.32776 -0.49354 0.13062 -0.47851 -0.63073 0.22044 0.18856
4.0516 -2.1813 -2.6184 -2.7367 -0.55325 -0.12447 -0.25429 -0.40762 0.41947 -1.3766 -0.46984 0.32173 -0.39351
4.2952 -2.7642 -3.271 -2.9563 -0.15143 -0.01751 -0.39951 -0.49184 0.15876 -1.7936 -0.43549 0.55686 -0.79945
4.6306 -3.7505 -3.6058 -2.9846 -0.14206 -0.051266 -0.7767 -0.57553 -0.57412 -1.72 -0.76094 0.022413 -1.0269
4.8294 -4.0295 -3.9428 -3.3389 -0.28734 -0.093483 -1.4871 -0.89033 -0.7473 -1.8866 -0.99765 -0.099431 -1.2292
4.9347 -4.0866 -4.0034 -2.9348 -0.12514 0.05135 -1.1535 -0.85348 -0.50212 -1.5248 -0.65549 0.041847 -1.0464
4.9348 -4.0397 -3.6189 -2.7788 0.44385 0.40653 -1.0313 -0.46948 -0.52552 -1.1798 -0.79341 0.036322 -1.0545
4.8736 -4.0291 -3.5102 -3.0943 0.2662 0.30401 -1.3767 -0.60602 -0.60578 -1.0781 -0.79904 -0.087466 -0.87841
4.6848 -3.7673 -3.8094 -2.7234 0.1756 0.22632 -1.0224 -0.85313 -0.51079 -1.4359 -0.68106 -0.35014 -0.94721
4.3057 -3.6817 -3.2833 -2.9189 0.34123 0.37116 -1.0958 -0.57398 -0.43353 -0.96037 -0.60486 -0.15851 -0.59134
3.7455 -3.458 -2.7405 -2.6239 0.33383 0.25005 -0.84584 -0.59201 -0.53914 -0.8562 -0.54488 -0.29298 -0.38815
3.1043 -3.0571 -2.3379 -2.997 0.75923 0.27744 -0.83916 -0.49249 -0.45763 -1.185 -0.3565 -0.13761 -0.60691
2.4985 -2.9592 -2.0211 -2.9854 0.24499 0.12936 -0.91028 -1.0811 -0.37278 -0.77628 -0.65577 0.16124 -0.39924
1.5682 -2.7065 -1.4075 -2.5887 0.58251 -0.069225 -0.78149 -1.3099 -0.89806 -0.85013 -0.57866 -0.046968 -0.47923
0.70733 -3.8789 -0.6856 -0.78488 0.45255 -0.059479 -0.85809 -1.1304 -0.75906 -0.39404 -0.66936 -0.023482 -0.32488
