4.6462 -4.0157 -2.5292 -2.3208 -1.6883 -1.5083 -0.87368 0.14061 -0.29741 -1.4709 -0.70139 0.20823 -1.1828
5.089 -4.3156 -3.0368 -2.0306 -1.6594 -1.229 -0.41565 0.35037 -0.37032 -1.5324 -0.50794 0.28638 -1.1113
5.5338 -4.6138 -2.9999 -2.2227 -1.9028 -1.1732 -0.63832 0.25662 -0.68405 -1.805 -0.52442 0.20875 -1.1949
5.9548 -4.8241 -2.8731 -2.0331 -1.5237 -0.88026 -0.46317 0.30605 -0.47428 -1.6767 -0.58575 0.44398 -1.406
5.8766 -4.4484 -3.0033 -1.8631 -1.4867 -0.8114 -0.54128 0.4126 -0.5294 -1.526 -0.31221 0.31316 -1.1991
5.7742 -4.086 -2.713 -1.638 -1.2674 -0.65469 -0.41869 0.5068 -0.31651 -1.2559 -0.40853 0.50374 -1.1878
5.4736 -4.0497 -2.7442 -1.9461 -1.5924 -1.0284 -0.76594 0.35056 -0.51734 -1.5027 -0.41902 0.15152 -1.3502
5.1818 -3.9107 -2.5201 -2.0228 -1.6435 -1.1538 -0.91062 0.29807 -0.39557 -1.4745 -0.37054 0.01885 -1.3404
4.2189 -2.9398 -1.9068 -1.855 -1.2213 -1.3713 -0.96173 0.18529 0.056921 -1.2019 -0.25543 0.39162 -1.2708
0.53776 -2.5788 0.071025 -0.22015 -0.4649 -0.9895 -0.38636 -0.20776 0.23166 -0.49818 0.12071 -0.027417 -0.41421
2.1595 -2.6276 -0.3769 -0.99236 -0.98526 -1.2873 -0.034983 0.14112 0.042531 -0.70363 0.18775 -0.46613 -0.38241
4.7552 -3.9855 -1.8173 -2.0568 -1.3015 -1.1247 -0.66314 0.42059 -0.30096 -1.3977 -0.4396 0.091343 -1.2832
5.4266 -4.6876 -2.5102 -2.047 -1.3845 -0.78672 -0.59108 0.42871 -0.65986 -1.4181 -0.37646 0.034056 -1.0764
5.6991 -4.6028 -2.7356 -2.0182 -1.3614 -0.54418 -0.50662 0.43864 -0.54156 -1.5499 -0.29014 0.16655 -1.1472
5.6235 -4.6481 -2.7325 -2.0715 -1.3733 -0.43292 -0.46774 0.39078 -0.62559 -1.6707 -0.20571 0.139 -1.1407
5.4075 -4.5519 -3.0676 -2.1641 -1.4327 -0.73754 -0.65139 0.17213 -0.96808 -1.8009 -0.38165 -0.035761 -1.1124
5.1287 -3.9467 -2.6085 -1.8432 -0.84108 -0.3973 -0.19062 0.59892 -0.7074 -1.2868 -0.024015 0.31981 -0.95268
4.8592 -3.833 -3.0845 -1.6954 -1.1211 -0.5809 -0.44676 0.20988 -0.71821 -1.6034 -0.40543 0.24749 -0.92453
4.744 -3.7841 -3.1066 -1.8772 -1.0296 -0.70141 -0.39203 0.19672 -0.86889 -1.7708 -0.38047 -0.098497 -0.91797
4.5782 -3.6564 -2.7218 -2.0129 -1.0001 -0.52998 -0.3473 0.20034 -0.50602 -1.7458 -0.47811 0.099666 -0.89265
4.2926 -3.2302 -2.6588 -1.9982 -1.0641 -0.65066 -0.44236 0.20307 -0.64661 -1.942 -0.08697 -0.22747 -0.65097
3.9852 -3.4991 -2.2072 -2.4865 -0.99128 -0.81136 -0.57989 -0.014267 -0.66663 -1.8192 -0.40313 -0.14152 -0.86512
3.2875 -2.9374 -1.4344 -2.1408 -1.2513 -1.3246 -0.10035 -0.021758 -0.60195 -1.4013 -0.13104 -0.46265 -0.26484
1.7021 -2.2265 0.45964 -1.5335 -1.1482 -0.98083 0.11187 -0.059676 0.047004 -1.0764 -0.05999 -0.0199 0.057191
-2.6614 -2.7087 0.5854 0.18183 0.06713 0.0014835 0.10889 -0.14212 0.30111 0.11379 0.17424 0.22581 0.42434
-2.5738 -2.7308 0.48661 -0.057496 0.11545 -0.13508 -0.027894 -0.32783 -0.25804 0.15153 0.73486 0.27214 -0.19874
-4.1774 -3.1739 -0.12644 -1.4479 -0.84689 -0.87002 1.1077 1.2722 -0.17709 0.52749 1.4197 -0.37523 1.6077
-5.3337 -2.4495 0.6638 0.29087 0.63841 0.4946 0.617 0.53698 0.50094 0.38114 0.32566 0.23218 0.245
-4.2453 -2.6336 0.99443 0.40549 0.49176 -0.043565 -0.33421 -0.81554 -0.41588 0.49282 1.5417 0.97464 -0.34059
-4.0779 -2.5175 0.95875 0.62619 0.7424 0.24724 -0.25921 -0.67911 -0.057465 0.28829 0.73855 0.60989 -0.52555
2.8256 -1.3389 -2.1884 -2.8736 -0.6576 -0.53827 -0.60951 -1.0506 0.41231 -1.1775 -0.8567 -0.39093 -0.25636
3.5257 -2.5194 -2.4138 -3.4762 -0.21123 -0.53546 -0.45925 -0.62973 -0.13978 -1.2431 -0.79577 -0.16923 -0.2984
3.8529 -3.0275 -3.2282 -3.1448 -0.27324 -0.17211 -0.22985 -0.93992 -0.34894 -1.684 -0.74473 -0.41938 -0.72903
4.103 -3.1287 -3.3089 -3.0829 -0.21058 0.11752 -0.66844 -0.97857 -0.23983 -1.6776 -0.5863 -0.02648 -0.71071
4.2257 -3.1547 -3.0479 -3.1905 0.04304 0.25884 -0.86269 -0.91171 -0.3555 -1.3534 -0.73243 0.18357 -0.72572
4.2448 -2.7433 -2.7154 -3.2986 0.15524 0.6352 -1.0203 -0.6786 -0.18051 -1.2731 -0.50447 -0.02211 -0.60515
4.287 -3.3037 -2.9465 -3.089 0.21521 0.37377 -0.79456 -0.60309 -0.48764 -1.1507 -0.42382 -0.47935 -0.49529
4.1494 -3.4439 -3.1823 -2.8116 0.11664 0.46874 -0.6079 -0.75306 -0.48806 -0.9964 -0.68465 -0.20699 -0.53724
3.7027 -3.0613 -2.7245 -3.257 0.067546 0.58385 -0.82014 -1.2315 -0.29199 -1.0747 -0.72875 -0.018565 -0.55597
3.2944 -2.9486 -2.4912 -3.4027 0.31148 0.29655 -0.68351 -0.8313 -0.41337 -0.91836 -0.56299 -0.089529 -0.51885
2.7044 -3.1662 -2.3805 -2.4722 0.35118 0.85698 -0.78423 -0.44793 -0.21497 -0.68084 -0.4768 0.24735 -0.026386
2.7456 -3.4448 -2.68 -2.5429 0.38506 1.0342 -1.0541 -0.38091 -0.033919 -0.75592 -0.59036 0.55127 0.46936
