-2.4326 -2.7676 0.47977 0.2681 0.67614 0.59152 0.58754 0.64093 0.64704 0.094023 -0.4452 -0.0007748 0.47279
0.041033 -1.659 0.57893 -1.529 -1.9026 -1.3369 0.26285 -0.5288 -0.14977 -0.79253 -0.068237 -0.65489 0.01864
2.8186 -1.5172 0.70674 -2.649 -2.6226 -1.7257 0.79486 -0.43728 -0.45125 -1.4688 0.24383 -1.2707 -0.10695
2.6688 -2.6431 -0.32936 -1.5516 -1.8692 -1.936 0.53425 0.10196 -0.53855 -1.7218 -0.41203 -1.214 -0.34274
2.8659 -2.5707 -0.4772 -2.2605 -1.6767 -1.5936 0.45005 -0.21909 -0.59413 -1.4349 -0.53664 -1.1657 -0.50104
2.7595 -2.7616 -0.24083 -1.8562 -2.2696 -1.6954 0.57377 -0.40835 -0.86967 -1.5851 -0.50861 -1.2565 -0.5123
2.6267 -2.534 -0.15921 -2.0746 -1.7966 -1.3584 0.33913 -0.65259 -0.48592 -1.5108 -0.58556 -0.91796 -0.62209
2.7286 -2.3634 0.033443 -2.202 -2.1555 -1.964 0.87652 -0.2704 -1.3825 -1.2558 -0.1871 -1.4281 -0.49992
2.5283 -1.8856 0.56143 -1.6925 -2.3104 -1.5814 0.79169 -0.51451 -0.30356 -1.0393 0.19188 -1.121 -0.57964
0.9945 -1.8849 1.3493 -0.32443 -1.0963 -0.72142 0.024225 -1.1954 0.49574 -0.62514 0.055956 0.11758 -0.36382
0.10122 -2.7911 0.74564 0.34957 -0.34063 -0.30847 -0.39288 -1.0646 0.16449 -0.41564 -0.42997 -0.3736 -0.36733
0.30569 -3.3493 0.32224 0.17385 -0.067567 -0.48543 -1.2741 -1.8545 -0.24959 -0.67639 -0.66418 -0.063909 -0.79006
0.68464 -3.2176 0.47498 0.10463 -0.3445 -0.53182 -1.089 -1.638 -0.2332 -0.60704 -0.68606 -0.10641 -0.55371
1.9297 -2.7242 0.88279 -0.95796 -1.8985 -1.5556 -0.17919 -0.90018 -0.19168 -0.95042 -0.47802 -0.37484 -0.66189
2.7477 -2.8013 -0.17624 -2.2554 -2.4145 -1.7276 0.24011 -0.70181 -0.84055 -1.8416 -0.81695 -1.2907 -0.38104
3.0776 -2.1859 -0.071788 -2.4746 -2.3746 -1.318 0.99652 -0.51536 -0.96404 -1.5772 -0.43521 -1.4947 -0.21476
3.0597 -2.6455 0.01731 -2.5593 -2.2525 -0.94934 0.97046 -0.67185 -0.91924 -1.1345 -0.59892 -1.1659 -0.60696
3.1146 -2.5721 0.12306 -2.6904 -2.054 -0.75192 0.92251 -0.27642 -1.1633 -1.3039 -0.51722 -1.2539 -0.91656
3.0512 -2.2098 0.069718 -2.662 -2.0607 -1.1975 1.102 -0.53745 -1.2575 -1.128 -0.57131 -1.2898 -0.1544
3.0504 -2.4425 -0.36598 -2.6623 -1.9008 -1.3401 0.79766 -0.41197 -0.94511 -1.4165 -0.7781 -1.3403 -0.48697
3.0664 -1.9628 -0.4437 -2.6113 -1.8473 -1.8158 0.90602 -0.5015 -0.99632 -1.3618 -0.42204 -1.8271 -0.48014
2.6756 -2.1642 0.29045 -2.539 -1.8626 -1.4779 0.31765 -0.31185 -0.33483 -1.4956 -0.70642 -1.1212 -0.41072
1.5053 -2.7031 0.3498 -1.1706 -1.7147 -1.4556 -0.37264 -1.1588 -0.17281 -1.3361 -0.74218 -0.85521 -0.39965
-0.028269 -2.9145 0.63872 0.14024 -0.22322 -0.18263 -0.17077 -0.94382 -0.031802 -0.39225 -0.12587 -0.32737 -0.88858
-2.5804 -2.7639 0.83888 0.33134 0.38816 0.22605 -0.031818 -0.58422 -0.3231 -0.068131 0.20485 0.16014 -0.83388
-4.9416 -2.358 0.85507 0.44374 0.70742 0.41852 0.38045 0.13983 0.29012 0.51359 0.8251 0.51035 -0.0096683
-3.9769 -2.6116 0.5279 0.12712 0.4477 0.31421 0.50524 0.37333 0.30673 0.17238 0.13923 0.012486 0.069151
-2.923 -3.848 0.27181 -0.20822 -0.015422 0.17213 -0.057033 0.30712 0.44386 0.41099 1.348 0.58462 0.70011
-2.0267 -5.7388 -0.21743 0.96255 0.079952 0.18406 0.13871 0.56545 0.5371 -0.10202 0.11395 -0.22136 0.12049
-3.8402 -4.7827 1.0535 0.93789 0.17438 0.75442 0.56745 -0.10841 0.1624 0.66708 0.50688 0.10853 0.48147
-3.6339 -2.5768 0.68585 0.47059 0.80216 0.4083 0.069818 -0.075181 0.32637 0.35778 0.33606 0.36941 -0.21093
-4.0713 -2.4328 0.69338 0.23607 0.36925 0.24249 0.43168 0.30934 0.50751 0.44625 0.4828 0.2916 0.35736
2.1211 -1.823 -0.9998 -2.4699 -1.4388 -1.5428 -0.19809 -0.34609 -0.11432 -1.5625 -0.38258 -0.47905 0.58757
3.5671 -2.6129 -2.0578 -3.6964 -1.0975 -1.4342 -0.88191 0.14325 -0.50581 -2.0559 -0.8891 -0.66544 -0.36692
3.9693 -2.2488 -2.3241 -2.6723 -0.39218 -1.0679 -0.76907 0.22041 -0.57201 -1.6715 -0.48041 -0.14978 0.29885
4.0299 -2.6464 -2.0934 -2.9532 -0.81086 -0.49983 -1.1117 0.023585 -0.73409 -1.724 -0.54173 -0.40137 0.098719
4.0268 -2.832 -2.7081 -3.2038 -0.80237 -0.85033 -1.0694 -0.51237 -0.76617 -1.7434 -0.85634 -0.33977 -0.28205
3.6074 -2.7207 -2.3509 -3.6819 -0.94165 -1.0637 -0.46596 -0.34586 -0.77855 -1.5565 -0.73434 0.13078 0.17891
2.958 -3.3554 -1.8668 -3.3593 -0.77138 -0.14061 -0.60983 -0.16367 -0.91756 -1.0073 -0.41379 -0.30253 0.7038
2.0579 -3.4133 -1.7432 -3.2092 -0.28769 -0.45943 0.012329 -0.52946 -1.0575 -0.96395 -0.77287 0.25806 0.50713
