0.78917 0.59028
0.7911 0.59028
0.7911 0.59028
0.79304 0.59028
0.7911 0.59028
0.7911 0.59028
0.7911 0.59028
0.78917 0.59028
0.78143 0.59259
0.77176 0.59722
0.76209 0.59722
0.75048 0.59722
0.73694 0.59722
0.71954 0.59722
0.70406 0.59722
0.68472 0.59722
0.66925 0.59722
0.65184 0.59722
0.6325 0.59722
0.61509 0.59722
0.59574 0.59491
0.5764 0.59491
0.55513 0.59722
0.53578 0.59722
0.51838 0.59954
0.4971 0.59722
0.47776 0.59491
0.45261 0.59491
0.4294 0.59259
0.40619 0.59259
0.38491 0.58565
0.3617 0.58565
0.34429 0.57407
0.32302 0.56944
0.30174 0.56713
0.28627 0.5625
0.26886 0.56481
0.25532 0.56481
0.23791 0.56481
0.2205 0.56944
0.20503 0.57407
0.19149 0.57176
0.18569 0.57407
0.18956 0.57639
0.19149 0.56944
