0.36841 -1.1645 -1.5267
0.36841 -1.1645 -1.5267
0.36841 -1.1645 -1.5267
0.36841 -1.1645 -1.5267
0.36841 -1.1645 -1.5267
0.36841 -1.1645 -1.5267
0.36841 -1.1645 -1.5267
0.36841 -1.1645 -1.5267
0.36841 -1.1645 -1.5267
0.36841 -1.1645 -1.5267
0.36841 -1.1645 -1.5267
0.36841 -1.1645 -1.5267
0.36841 -1.1645 -1.5267
0.36841 -1.1645 -1.5267
0.36841 -1.1336 -1.5154
0.36841 -1.0757 -1.4943
0.36841 -1.0016 -1.4671
0.36841 -0.94634 -1.4469
0.36841 -0.9087 -1.4332
0.36841 -0.9087 -1.4332
0.36841 -0.9087 -1.4332
0.36841 -0.9087 -1.4332
0.36841 -0.9087 -1.4332
0.36841 -0.9087 -1.4332
0.36841 -0.9087 -1.4332
0.36841 -0.9087 -1.4332
0.36841 -0.9087 -1.4332
0.36841 -0.9087 -1.4332
0.36841 -0.9087 -1.4332
0.36841 -0.9087 -1.4332
0.36841 -0.9087 -1.4332
0.36841 -0.9087 -1.4332
0.36841 -0.9087 -1.4332
0.36841 -0.9087 -1.4332
0.36841 -0.9087 -1.4332
0.36841 -0.9087 -1.4332
0.36841 -0.9087 -1.4332
0.36841 -0.9087 -1.4332
0.38224 -0.9087 -1.4332
0.4063 -0.9087 -1.4332
0.44258 -0.9087 -1.4332
0.47186 -0.9087 -1.4332
0.49363 -0.9087 -1.4332
0.49363 -0.9087 -1.4332
0.49363 -0.9087 -1.4332
0.49363 -0.89811 -1.4332
0.49363 -0.82397 -1.4332
0.49363 -0.74983 -1.4332
0.49746 -0.68351 -1.4332
0.52258 -0.6607 -1.4332
0.55504 -0.65288 -1.4332
0.58907 -0.64826 -1.4315
0.6114 -0.61975 -1.421
0.61885 -0.56081 -1.3995
0.61885 -0.48765 -1.3727
0.61885 -0.41921 -1.3477
0.61885 -0.39705 -1.3396
0.61885 -0.39705 -1.3396
0.61885 -0.39705 -1.3396
0.5997 -0.43616 -1.3396
0.57019 -0.49645 -1.3396
0.53391 -0.57059 -1.3396
0.50926 -0.59715 -1.3309
0.49363 -0.58688 -1.3154
0.49363 -0.51274 -1.2883
0.48969 -0.44664 -1.2612
0.47768 -0.39705 -1.2341
0.44139 -0.39705 -1.2069
0.4051 -0.39705 -1.1798
0.37554 -0.39705 -1.1527
0.36995 -0.39705 -1.1256
0.36841 -0.39705 -1.0985
0.36841 -0.39705 -1.068
0.36841 -0.39705 -1.0263
0.36841 -0.39705 -0.97537
0.36642 -0.39705 -0.92112
0.35804 -0.39705 -0.86688
0.32893 -0.39705 -0.81263
0.29264 -0.39705 -0.75839
0.25635 -0.39705 -0.70415
0.22007 -0.44854 -0.66874
0.18378 -0.51845 -0.64007
0.14749 -0.59259 -0.61295
0.12821 -0.63197 -0.58583
0.11798 -0.65288 -0.5587
0.11798 -0.65288 -0.53158
0.11798 -0.65288 -0.50446
0.11798 -0.65288 -0.47734
0.11798 -0.65288 -0.45022
0.11798 -0.65288 -0.42309
0.10761 -0.65288 -0.40372
0.07132 -0.65288 -0.40372
0.035031 -0.65288 -0.40372
0.0061595 -0.65288 -0.40372
-0.0050064 -0.65288 -0.40372
-0.0072396 -0.65288 -0.40372
-0.0072396 -0.66157 -0.40372
-0.0072396 -0.69008 -0.40372
-0.0072396 -0.75553 -0.40372
-0.0072396 -0.82788 -0.40241
-0.0072396 -0.89632 -0.39824
-0.0072396 -0.9087 -0.35306
-0.0072396 -0.9087 -0.29881
-0.0072396 -0.9087 -0.24457
-0.0072396 -0.9087 -0.20761
-0.0072396 -0.9087 -0.17632
-0.0072396 -0.9087 -0.1492
0.0067975 -0.9087 -0.10109
0.030246 -0.9087 -0.03892
0.066535 -0.9087 0.042445
0.10282 -0.88936 0.14149
0.13911 -0.82234 0.28416
0.1754 -0.67406 0.50113
0.21169 -0.52578 0.7181
0.23687 -0.42291 0.86863
0.24245 -0.4001 0.90202
0.24319 -0.39705 0.90647
0.24319 -0.39705 0.92274
0.24319 -0.39705 0.96655
0.24319 -0.39705 1.0433
0.24319 -0.39705 1.1222
0.24319 -0.39705 1.1974
0.24319 -0.39705 1.254
0.24319 -0.39705 1.3082
0.24319 -0.39705 1.3625
0.21321 -0.45832 1.4391
0.17859 -0.52904 1.5192
0.1423 -0.60318 1.6006
0.10601 -0.63604 1.6669
0.069725 -0.65288 1.7273
0.033436 -0.65288 1.7815
0.0073558 -0.67373 1.8281
-0.0072396 -0.71805 1.8662
-0.0072396 -0.79219 1.8933
-0.0072396 -0.86633 1.9204
-0.022792 -0.9087 1.9359
-0.059081 -0.9087 1.9359
-0.09537 -0.9087 1.9359
-0.12065 -0.93119 1.9359
-0.13182 -0.98251 1.9359
-0.13246 -1.0553 1.9359
-0.1387 -1.1295 1.9359
-0.15266 -1.2036 1.9359
-0.18789 -1.2778 1.9359
-0.2229 -1.3493 1.9349
-0.2564 -1.4177 1.9329
-0.25767 -1.4203 1.9067
-0.25767 -1.4203 1.8796
-0.25767 -1.4203 1.8524
-0.23056 -1.4203 1.8253
-0.19865 -1.4203 1.7982
-0.16236 -1.4203 1.7711
-0.12608 -1.3868 1.7317
-0.089787 -1.3332 1.6849
-0.053498 -1.259 1.6307
-0.017209 -1.1962 1.5806
0.01908 -1.1645 1.5419
0.055369 -1.1645 1.5148
0.091658 -1.1645 1.4876
0.12795 -1.1645 1.4374
0.16424 -1.1645 1.3643
0.20053 -1.1645 1.2829
0.24686 -1.144 1.209
0.30301 -1.1034 1.1425
0.37559 -1.0293 1.0883
0.44378 -0.95514 1.034
0.50719 -0.881 0.97978
0.54348 -0.80686 0.92554
0.57977 -0.73272 0.8713
0.61733 -0.66119 0.81705
0.68712 -0.65548 0.76281
0.75842 -0.65288 0.70857
0.82993 -0.6507 0.65512
0.88018 -0.60508 0.61757
0.92272 -0.5437 0.58577
0.95901 -0.46956 0.55913
0.99529 -0.39542 0.54035
1.0316 -0.32129 0.53213
1.0679 -0.24715 0.53213
1.1042 -0.17301 0.53213
1.1405 -0.098866 0.53213
1.1767 -0.024727 0.53213
1.213 0.049413 0.53213
1.2493 0.093734 0.54304
1.2856 0.11459 0.56253
1.3219 0.11459 0.58965
1.3582 0.13143 0.61061
1.3945 0.16429 0.62571
1.4308 0.23843 0.62571
1.4671 0.31257 0.62571
1.5033 0.38671 0.62571
1.5396 0.46085 0.62571
1.5759 0.53499 0.62571
1.609 0.60913 0.62571
1.6174 0.68327 0.62571
1.6206 0.75741 0.62571
1.6227 0.83155 0.62726
1.6394 0.90569 0.63978
1.6684 0.97983 0.66148
1.704 1.054 0.68749
1.7347 1.1281 0.70626
1.7458 1.2022 0.69575
1.7458 1.2764 0.66863
1.7458 1.3505 0.64151
1.7458 1.4247 0.59952
1.7458 1.4988 0.54882
1.7458 1.5729 0.49457
1.733 1.6208 0.44993
1.7107 1.6495 0.41231
1.6744 1.6495 0.38519
1.6381 1.6495 0.35807
1.6018 1.6495 0.33095
1.5656 1.6495 0.30383
1.5293 1.6495 0.27671
1.4869 1.6495 0.24958
1.4171 1.6495 0.22246
1.3454 1.6495 0.19534
1.2728 1.6495 0.1714
1.2003 1.6495 0.16097
1.1277 1.6495 0.15779
1.0551 1.6495 0.15612
0.98253 1.6495 0.14777
0.90996 1.6495 0.12619
0.83738 1.6495 0.099073
0.7648 1.6495 0.071951
0.6663 1.5966 0.064202
0.55743 1.5224 0.064202
0.44857 1.4483 0.064202
0.3397 1.4113 0.050612
0.23083 1.3937 0.029927
0.12197 1.3937 0.0028058
0.013098 1.3937 -0.016666
-0.095769 1.3937 -0.029383
-0.20464 1.3937 -0.029383
-0.3135 1.3895 -0.030932
-0.42237 1.3668 -0.039218
-0.53124 1.2927 -0.06634
-0.6401 1.2185 -0.093462
-0.74179 1.1591 -0.11522
-0.82274 1.142 -0.12148
-0.89732 1.1379 -0.12297
-0.97436 1.1288 -0.12297
-1.0637 1.0945 -0.12297
-1.1681 1.0295 -0.12297
-1.2739 0.95853 -0.12412
-1.3716 0.8958 -0.12829
-1.4213 0.88206 -0.15039
-1.4576 0.88206 -0.17751
-1.4939 0.88206 -0.20463
-1.5302 0.88206 -0.19547
-1.5665 0.88206 -0.17423
-1.6028 0.88206 -0.14711
-1.6547 0.88206 -0.13167
-1.7156 0.88206 -0.12297
-1.7882 0.88206 -0.12297
-1.8472 0.88206 -0.12297
-1.8855 0.88206 -0.12297
-1.8855 0.88206 -0.12297
-1.8855 0.88206 -0.12297
-1.8963 0.88206 -0.13107
-1.9298 0.88206 -0.15611
-1.9656 0.88206 -0.18287
-2.0019 0.88206 -0.20443
-2.0382 0.88206 -0.21486
-2.0745 0.88206 -0.21655
-2.107 0.87424 -0.21369
-2.1321 0.85143 -0.20535
-2.1359 0.78511 -0.18109
-2.1359 0.71097 -0.15396
-2.1359 0.63683 -0.12684
-2.1359 0.56269 -0.09972
-2.1359 0.48855 -0.072599
-2.1359 0.41441 -0.045477
-2.0924 0.42924 -0.018355
-2.0338 0.4747 0.0087666
-1.9613 0.54884 0.035888
-1.8887 0.62298 0.05387
-1.8161 0.69712 0.064202
-1.7435 0.77126 0.064202
-1.671 0.8454 0.06605
-1.5984 0.91954 0.077912
-1.5258 0.99368 0.10503
-1.4532 1.0678 0.13216
-1.3695 1.1648 0.15928
-1.269 1.2959 0.1864
-1.1609 1.4426 0.21352
-1.0589 1.5769 0.23552
-0.96678 1.6909 0.25012
-0.89253 1.7685 0.25137
-0.82463 1.8378 0.25312
-0.76322 1.9006 0.25729
-0.75854 1.9053 0.28267
-0.75854 1.9053 0.30979
-0.75854 1.9053 0.33691
-0.81586 1.8468 0.36403
-0.88216 1.7791 0.39115
-0.95474 1.7049 0.41828
-1.0273 1.5931 0.41786
-1.0999 1.4638 0.40457
-1.1725 1.3155 0.37744
-1.2451 1.1835 0.36224
-1.3176 1.0784 0.36671
-1.3902 1.0043 0.39384
-1.4628 0.93013 0.42096
-1.5041 0.85599 0.4364
-1.5097 0.78185 0.43848
-1.5098 0.70771 0.43854
-1.5098 0.65529 0.43854
-1.5098 0.62678 0.43854
-1.5098 0.62624 0.43854
-1.5098 0.62624 0.4426
-1.5098 0.62624 0.45094
-1.5098 0.62624 0.47788
-1.5098 0.62624 0.505
-1.5098 0.62624 0.53213
