-0.44054 -0.32026 -0.77497
-0.44054 -0.32026 -0.77497
-0.44054 -0.32026 -0.77497
-0.44054 -0.32026 -0.77497
-0.44054 -0.32026 -0.77497
-0.44054 -0.32026 -0.77497
-0.44054 -0.32026 -0.77497
-0.44054 -0.32026 -0.77497
-0.44054 -0.32026 -0.77497
-0.44054 -0.32026 -0.77497
-0.44054 -0.32026 -0.77497
-0.44054 -0.32026 -0.77497
-0.44054 -0.32026 -0.77497
-0.44054 -0.32026 -0.77497
-0.44054 -0.32026 -0.77497
-0.44054 -0.32026 -0.77497
-0.44054 -0.32026 -0.77497
-0.44054 -0.32026 -0.77497
-0.44054 -0.32026 -0.77497
-0.44595 -0.32345 -0.77497
-0.46964 -0.33743 -0.77497
-0.50569 -0.3587 -0.77497
-0.55308 -0.38665 -0.77497
-0.59274 -0.41005 -0.77497
-0.62652 -0.42998 -0.77497
-0.62652 -0.42998 -0.77497
-0.62652 -0.42998 -0.77497
-0.62652 -0.42998 -0.77497
-0.62652 -0.42998 -0.77497
-0.62652 -0.42998 -0.77497
-0.62652 -0.42998 -0.77497
-0.62652 -0.42998 -0.77497
-0.62652 -0.42998 -0.77497
-0.62652 -0.42998 -0.77497
-0.62652 -0.42998 -0.77497
-0.62652 -0.42998 -0.77497
-0.62652 -0.42998 -0.77497
-0.62652 -0.42998 -0.77497
-0.62652 -0.42998 -0.77497
-0.62652 -0.42998 -0.77497
-0.65318 -0.47192 -0.77497
-0.68872 -0.52783 -0.77497
-0.72425 -0.58374 -0.77497
-0.75141 -0.62646 -0.77497
-0.76207 -0.64323 -0.77497
-0.76601 -0.64943 -0.77497
-0.76601 -0.64943 -0.77497
-0.76601 -0.64943 -0.77497
-0.76601 -0.64943 -0.77497
-0.76601 -0.64943 -0.77497
-0.76783 -0.65086 -0.77497
-0.77138 -0.65366 -0.77497
-0.80066 -0.67669 -0.77497
-0.8362 -0.70464 -0.77497
-0.87174 -0.7326 -0.77497
-0.89615 -0.7518 -0.76798
-0.90326 -0.75739 -0.7501
-0.9055 -0.75916 -0.72917
-0.9055 -0.75916 -0.70682
-0.89971 -0.77283 -0.70634
-0.89217 -0.79061 -0.71241
-0.88033 -0.81856 -0.73475
-0.86848 -0.8402 -0.75457
-0.85663 -0.85697 -0.77244
-0.84479 -0.83533 -0.77497
-0.83294 -0.80738 -0.77497
-0.8211 -0.77942 -0.77497
-0.80925 -0.76268 -0.78393
-0.7974 -0.75989 -0.80404
-0.78556 -0.75916 -0.8258
-0.77394 -0.75916 -0.84771
-0.7692 -0.75916 -0.85664
-0.76601 -0.75916 -0.86267
-0.76601 -0.75916 -0.86267
-0.76601 -0.75916 -0.86267
-0.76601 -0.75916 -0.86267
-0.76601 -0.75916 -0.86267
-0.76601 -0.75916 -0.86267
-0.76601 -0.75916 -0.86267
-0.77193 -0.77313 -0.86267
-0.78378 -0.80109 -0.86267
-0.79563 -0.82904 -0.86267
-0.80819 -0.8553 -0.86267
-0.82833 -0.86368 -0.86267
-0.84982 -0.86888 -0.86267
-0.87352 -0.86888 -0.86267
-0.89721 -0.86888 -0.85664
-0.9209 -0.86888 -0.84771
-0.94459 -0.86888 -0.8258
-0.96798 -0.86961 -0.80346
-0.99048 -0.8724 -0.78111
-1.0071 -0.88915 -0.75877
-1.0189 -0.9171 -0.73643
-1.0308 -0.94506 -0.71408
-1.0413 -0.96985 -0.69427
-1.0436 -0.97544 -0.6898
-1.045 -0.9786 -0.68727
-1.045 -0.9786 -0.68727
-1.0407 -0.9786 -0.67914
-1.0346 -0.9786 -0.66772
-1.0228 -0.9786 -0.64538
-1.0109 -0.97684 -0.62304
-0.99908 -0.97125 -0.60069
-0.98724 -0.95205 -0.57835
-0.97539 -0.92409 -0.55601
-0.96355 -0.89614 -0.53366
-0.94961 -0.8731 -0.51132
-0.92711 -0.87031 -0.48898
-0.90402 -0.86888 -0.46663
-0.88033 -0.86888 -0.44429
-0.8622 -0.85575 -0.41146
-0.84597 -0.83813 -0.37503
-0.83413 -0.81017 -0.33034
-0.82097 -0.78222 -0.28813
-0.80557 -0.75426 -0.25015
-0.78467 -0.72631 -0.22253
-0.76098 -0.69835 -0.20019
-0.73728 -0.6704 -0.17785
-0.71063 -0.64244 -0.1555
-0.67509 -0.61449 -0.13316
-0.63955 -0.58653 -0.11082
-0.60402 -0.55858 -0.088474
-0.56848 -0.51425 -0.066131
-0.53294 -0.46563 -0.043788
-0.4974 -0.40972 -0.021445
-0.46186 -0.35855 0.00089859
-0.42632 -0.31382 0.023242
-0.39078 -0.28112 0.045585
-0.35525 -0.25317 0.067977
-0.31971 -0.22521 0.094789
-0.28417 -0.19726 0.13384
-0.24863 -0.1693 0.20087
-0.21309 -0.14135 0.2679
-0.17755 -0.11339 0.33493
-0.12512 -0.065505 0.38603
-0.069755 -0.014153 0.43436
-0.010524 0.041757 0.47904
0.05154 0.090982 0.52373
0.11669 0.13291 0.56842
0.18642 0.16406 0.6131
0.25749 0.19274 0.65779
0.32857 0.23188 0.70248
0.39965 0.28706 0.74716
0.47073 0.37093 0.79185
0.5418 0.45479 0.83653
0.61288 0.53866 0.88122
0.69404 0.59873 0.90689
0.77606 0.65677 0.93094
0.85898 0.71268 0.95328
0.93433 0.76859 0.96848
1.003 0.8245 0.97742
1.0639 0.88041 0.97897
1.1223 0.93431 0.97977
1.1744 0.97345 0.98648
1.2197 0.99642 0.99964
1.2552 0.99642 1.022
1.2908 0.99642 1.0443
1.3263 0.99642 1.0667
1.35 0.99642 1.0667
1.3737 0.99642 1.0667
1.3974 0.99642 1.0667
1.4162 0.98494 1.0575
1.4316 0.96537 1.0418
1.4439 0.93842 1.0203
1.4557 0.90852 0.99796
1.4676 0.86938 0.97562
1.4794 0.8224 0.95328
1.4913 0.76649 0.93094
1.5022 0.71271 0.90689
1.5123 0.66096 0.88122
1.5123 0.63301 0.83653
1.5123 0.60505 0.79185
1.5123 0.5771 0.74716
1.5184 0.56348 0.70248
1.5279 0.55789 0.65779
1.5395 0.55753 0.6131
1.55 0.55434 0.56587
1.556 0.54036 0.51001
1.5588 0.51909 0.44832
1.5588 0.49113 0.38129
1.5569 0.46774 0.31791
1.5535 0.4478 0.25729
1.5416 0.4478 0.2126
1.5298 0.4478 0.16791
1.5179 0.4478 0.12323
1.5061 0.4478 0.064552
1.4942 0.4478 -0.00024285
1.4824 0.4478 -0.067248
1.4746 0.45728 -0.13049
1.4769 0.49083 -0.18411
1.4848 0.53726 -0.23259
1.4966 0.59317 -0.27727
1.5054 0.64179 -0.32196
1.5123 0.68612 -0.36665
1.5123 0.71408 -0.41133
1.5123 0.74203 -0.45602
1.5123 0.76999 -0.50071
1.5212 0.81891 -0.56215
1.533 0.87482 -0.62918
1.5449 0.93073 -0.69621
1.5539 0.98004 -0.7527
1.5575 1.0164 -0.78845
1.5588 1.0474 -0.81575
1.5588 1.0754 -0.83809
1.5544 1.1034 -0.86043
1.5481 1.1313 -0.88278
1.5363 1.1593 -0.90512
1.5244 1.1872 -0.92746
1.5126 1.2152 -0.94981
1.5007 1.2431 -0.97215
1.4889 1.2711 -0.99449
1.4771 1.299 -1.0168
1.4652 1.327 -1.0392
1.4534 1.3549 -1.0615
1.4415 1.3829 -1.0839
1.4297 1.4109 -1.1062
1.4178 1.4525 -1.1286
1.406 1.4982 -1.1509
1.3941 1.5541 -1.1732
1.3809 1.6069 -1.1905
1.3667 1.6572 -1.2039
1.3444 1.6883 -1.1866
1.3207 1.7163 -1.1643
1.297 1.7442 -1.142
1.2828 1.7834 -1.1196
1.2804 1.8365 -1.0973
1.2798 1.8917 -1.0749
1.28 1.947 -1.0526
1.2872 1.9862 -1.0302
1.2958 2.0217 -1.0079
1.3077 2.0496 -0.98555
1.3151 2.0828 -0.96321
1.3198 2.1191 -0.94087
1.3094 2.1733 -0.91852
1.2976 2.2292 -0.89618
1.2857 2.2852 -0.87384
1.2561 2.3131 -0.84032
1.2087 2.3131 -0.79564
1.1614 2.3131 -0.75095
1.1125 2.3097 -0.70354
1.0486 2.2706 -0.62758
0.98189 2.225 -0.54651
0.91081 2.1691 -0.45714
0.83335 2.1057 -0.37379
0.75279 2.0386 -0.29335
0.65849 1.9553 -0.22589
0.56341 1.8707 -0.15711
0.46745 1.784 -0.083374
0.36559 1.6834 0.0238
0.25898 1.5716 0.15786
0.15236 1.4598 0.29192
0.031015 1.3227 0.44618
-0.17985 1.0319 0.72324
-0.40204 0.72176 1.0158
-0.63896 0.3863 1.3286
-0.81118 0.1221 1.5601
-0.95733 -0.11339 1.7588
-1.0166 -0.25317 1.8481
-1.0743 -0.39118 1.9361
-1.1288 -0.52537 2.021
-1.1717 -0.64594 2.095
-1.2073 -0.75776 2.162
-1.2428 -0.86958 2.2291
-1.2742 -0.9814 2.3
-1.2884 -1.0932 2.3872
-1.3015 -1.205 2.4754
-1.3133 -1.3169 2.5648
-1.3196 -1.4024 2.6017
-1.324 -1.479 2.6206
-1.324 -1.5349 2.5983
-1.3227 -1.5846 2.571
-1.3191 -1.6238 2.5353
-1.31 -1.6369 2.4788
-1.2982 -1.6369 2.4117
-1.2864 -1.6369 2.3447
-1.2715 -1.6369 2.2721
-1.2479 -1.6369 2.1827
-1.2242 -1.6369 2.0933
-1.2005 -1.6369 2.004
-1.1629 -1.6206 1.9277
-1.1217 -1.5999 1.8548
-1.0743 -1.5719 1.7878
-1.0269 -1.5345 1.7246
-0.97954 -1.4842 1.6665
-0.93215 -1.4098 1.618
-0.88477 -1.326 1.5733
-0.83738 -1.2449 1.5286
-0.79 -1.1715 1.4839
-0.74262 -1.1156 1.4392
-0.69523 -1.0597 1.3946
-0.64785 -1.0038 1.3499
-0.59201 -0.92792 1.2733
-0.53472 -0.84861 1.1912
-0.47548 -0.76475 1.1019
-0.42192 -0.68088 1.0285
-0.37454 -0.59702 0.97266
-0.33629 -0.51315 0.94267
-0.30075 -0.43002 0.92003
-0.26522 -0.35733 0.89322
-0.22968 -0.30069 0.86
-0.19414 -0.27274 0.81531
-0.1586 -0.24478 0.77062
-0.12306 -0.21683 0.72594
-0.097606 -0.16508 0.68125
-0.073012 -0.1113 0.63656
-0.04932 -0.055387 0.59188
-0.033199 0.0005231 0.54005
-0.023722 0.056433 0.48196
-0.022074 0.11234 0.41648
-0.021649 0.16625 0.35025
-0.018095 0.20539 0.28993
-0.011116 0.22836 0.23606
0.00072999 0.22836 0.19137
0.012576 0.22836 0.14669
0.024422 0.22836 0.102
