-1.1432 -1.8316 -1.6072
-1.1432 -1.8316 -1.6072
-1.1432 -1.8316 -1.6072
-1.1432 -1.8316 -1.6072
-1.1432 -1.8316 -1.6072
-1.1432 -1.8316 -1.6072
-1.1432 -1.8316 -1.6072
-1.1432 -1.8316 -1.6072
-1.1432 -1.8316 -1.6072
-1.1432 -1.8316 -1.6072
-1.1432 -1.8316 -1.6072
-1.1432 -1.8316 -1.6072
-1.1432 -1.8316 -1.6072
-1.1432 -1.8316 -1.6072
-1.1432 -1.8316 -1.6072
-1.1432 -1.8316 -1.6072
-1.1432 -1.8316 -1.6072
-1.1432 -1.8316 -1.6072
-1.1432 -1.8316 -1.6072
-1.1432 -1.8316 -1.6072
-1.1432 -1.8316 -1.6072
-1.1432 -1.8316 -1.6072
-1.1111 -1.7974 -1.6329
-0.98607 -1.664 -1.7331
-0.82715 -1.4945 -1.8604
-0.72514 -1.3857 -1.9422
-0.72543 -1.3857 -1.9426
-0.72776 -1.3857 -1.9456
-0.7684 -1.3857 -1.9977
-0.811 -1.3857 -2.0523
-0.87834 -1.3857 -2.0594
-0.96277 -1.3857 -2.0335
-1.0387 -1.3956 -2.0062
-1.0859 -1.4361 -1.9789
-1.1285 -1.4815 -1.9516
-1.2015 -1.4946 -1.8853
-1.2843 -1.4972 -1.8065
-1.3695 -1.4972 -1.7246
-1.4547 -1.4972 -1.6426
-1.5399 -1.5026 -1.564
-1.6251 -1.5312 -1.4993
-1.7103 -1.5767 -1.4446
-1.7762 -1.6016 -1.4024
-1.8255 -1.6086 -1.3708
-1.8587 -1.5986 -1.3375
-1.8747 -1.5703 -1.2931
-1.8726 -1.5248 -1.2399
-1.857 -1.4794 -1.1953
-1.8155 -1.434 -1.1673
-1.7635 -1.3885 -1.158
-1.6903 -1.3431 -1.1895
-1.6015 -1.2938 -1.2418
-1.4993 -1.2302 -1.2855
-1.3722 -1.1397 -1.3123
-1.2537 -1.0537 -1.3336
-1.2037 -1.0043 -1.3111
-1.1604 -0.95812 -1.2842
-1.0939 -0.88718 -1.2722
-1.0087 -0.79628 -1.2722
-0.93936 -0.71385 -1.2621
-0.93415 -0.66562 -1.2108
-0.93415 -0.62018 -1.1562
-0.93415 -0.60749 -1.1015
-0.93415 -0.60527 -1.0469
-0.93415 -0.58806 -0.98197
-0.93415 -0.54988 -0.9044
-0.93827 -0.50883 -0.82511
-0.96723 -0.49427 -0.76174
-1.0094 -0.49378 -0.70682
-1.032 -0.49378 -0.6522
-1.0387 -0.49378 -0.59758
-1.0387 -0.48367 -0.54296
-1.0387 -0.45472 -0.48834
-1.0371 -0.40928 -0.43372
-1.0191 -0.36383 -0.3791
-0.97875 -0.31838 -0.32448
-0.93615 -0.28414 -0.26986
-0.89354 -0.27081 -0.21524
-0.85501 -0.26647 -0.16061
-0.82964 -0.24808 -0.10599
-0.82964 -0.20264 -0.051104
-0.82964 -0.15719 0.012478
-0.82964 -0.11174 0.11505
-0.82964 -0.068704 0.22285
-0.82964 -0.047834 0.31732
-0.82964 -0.047834 0.39925
-0.82331 -0.047834 0.47306
-0.78104 -0.047834 0.5008
-0.73845 -0.047834 0.52812
-0.66505 -0.047834 0.55543
-0.58135 -0.047834 0.58274
-0.49615 -0.047834 0.61005
-0.41095 -0.047834 0.63736
-0.32574 -0.050959 0.66655
-0.24054 -0.084334 0.71392
-0.15534 -0.12879 0.76794
-0.11111 -0.15238 0.82256
-0.098091 -0.15932 0.87719
-0.098091 -0.16928 0.93779
-0.098091 -0.19909 1.0103
-0.097331 -0.24372 1.0918
-0.077028 -0.26751 1.1607
-0.037517 -0.27081 1.2173
-0.006321 -0.29514 1.2573
0.0064161 -0.35886 1.2736
0.010743 -0.44052 1.2736
0.028383 -0.49378 1.2736
0.070984 -0.49378 1.2736
0.11359 -0.49378 1.2795
0.15619 -0.49378 1.3026
0.19523 -0.49378 1.3322
0.21543 -0.49378 1.3739
0.21543 -0.49378 1.4282
0.21543 -0.49378 1.4789
0.21543 -0.49378 1.5062
0.21543 -0.49378 1.5335
0.2461 -0.52649 1.5805
0.28799 -0.57118 1.6346
0.31579 -0.60084 1.6892
0.31994 -0.60527 1.7439
0.32145 -0.60527 1.7966
0.35506 -0.60527 1.8081
0.39649 -0.60527 1.8096
0.41833 -0.60527 1.783
0.42445 -0.60527 1.7362
0.43341 -0.59571 1.6873
0.46239 -0.56479 1.6513
0.50499 -0.51934 1.624
0.52521 -0.49777 1.5823
0.52895 -0.49378 1.5301
0.54103 -0.49378 1.4832
0.57089 -0.49378 1.4477
0.61349 -0.49378 1.4204
0.65609 -0.49378 1.3931
0.69869 -0.49378 1.3658
0.7413 -0.49378 1.3315
0.7839 -0.49378 1.2817
0.8265 -0.49378 1.2271
0.8691 -0.49378 1.1725
0.91269 -0.49272 1.1185
0.96163 -0.48597 1.0679
1.0468 -0.44052 1.0406
1.1314 -0.39507 1.0129
1.1866 -0.34963 0.96637
1.2292 -0.30418 0.91175
1.258 -0.25873 0.84829
1.2605 -0.21329 0.76794
1.2605 -0.16784 0.68601
1.2963 -0.1988 0.62704
1.3377 -0.24169 0.57165
1.3595 -0.26495 0.53036
1.365 -0.27081 0.49953
1.3734 -0.27973 0.47222
1.4036 -0.31199 0.44491
1.4462 -0.35744 0.4176
1.4888 -0.37785 0.39029
1.5314 -0.38229 0.36298
1.574 -0.36893 0.32764
1.6166 -0.33685 0.28105
1.6592 -0.2914 0.22643
1.7018 -0.24595 0.17181
1.7444 -0.20051 0.11718
1.787 -0.16824 0.062564
1.8296 -0.15932 0.0079425
1.8668 -0.15347 -0.046679
1.8875 -0.13021 -0.1013
1.8875 -0.086036 -0.15592
1.8875 -0.047834 -0.21054
1.8875 -0.047834 -0.26516
1.8826 -0.050479 -0.31978
1.825 -0.081209 -0.3744
1.7398 -0.12666 -0.42903
1.6671 -0.1587 -0.46754
1.6239 -0.15932 -0.46828
1.5813 -0.15932 -0.46828
1.575 -0.12063 -0.44503
1.574 -0.076238 -0.41836
1.5534 -0.052781 -0.41748
1.5154 -0.047834 -0.43884
1.4804 -0.047834 -0.46132
1.4695 -0.047834 -0.46828
1.4695 -0.047834 -0.46828
1.4695 -0.021882 -0.46828
1.4695 0.018915 -0.46828
1.4695 0.050766 -0.46828
1.4695 0.063652 -0.46828
1.4695 0.067641 -0.46828
1.4695 0.089215 -0.46828
1.4695 0.13466 -0.46828
1.4559 0.18011 -0.46828
1.4223 0.22556 -0.46828
1.3858 0.271 -0.46828
1.365 0.31645 -0.46828
1.365 0.36189 -0.46828
1.365 0.40734 -0.46828
1.365 0.45279 -0.46828
1.365 0.49381 -0.47094
1.365 0.5096 -0.48877
1.3643 0.51035 -0.51562
1.3524 0.52309 -0.53528
1.3098 0.56853 -0.53528
1.2672 0.61398 -0.53528
1.2246 0.65943 -0.51188
1.182 0.70487 -0.48493
1.1596 0.75032 -0.45762
1.156 0.79577 -0.43031
1.1495 0.84121 -0.403
1.1161 0.88666 -0.37568
1.0735 0.93211 -0.34837
1.0309 0.97755 -0.33707
0.98825 1.023 -0.33429
0.94565 1.0549 -0.32613
0.90305 1.067 -0.30613
0.86354 1.0703 -0.28278
0.84323 1.0941 -0.28406
0.84247 1.1387 -0.3104
0.82782 1.1686 -0.31891
0.79455 1.1785 -0.30357
0.75195 1.1855 -0.27209
0.70934 1.209 -0.2306
0.66674 1.2545 -0.17598
0.62414 1.2999 -0.12136
0.58154 1.3454 -0.066735
0.53894 1.3849 -0.012114
0.49634 1.4015 0.042507
0.45222 1.4015 0.09616
0.39782 1.4015 0.14322
0.31262 1.4015 0.17051
0.22775 1.4015 0.1974
0.17882 1.4015 0.17821
0.13622 1.4015 0.1509
0.13274 1.3806 0.12359
0.17083 1.3376 0.096275
0.20823 1.3032 0.072299
0.21522 1.3338 0.067819
0.21543 1.3788 0.067684
0.21543 1.3971 0.083948
0.21543 1.4015 0.10865
0.20293 1.4148 0.14398
0.17083 1.4491 0.19186
0.12602 1.4921 0.2479
0.058786 1.5113 0.31831
-0.02487 1.513 0.39925
-0.094602 1.513 0.46135
-0.14668 1.513 0.50081
-0.19596 1.5058 0.52812
-0.26118 1.4817 0.55543
-0.34638 1.4368 0.58304
-0.43158 1.4059 0.6191
-0.51679 1.4015 0.67108
-0.58838 1.3942 0.71697
-0.62063 1.366 0.73765
-0.62271 1.3205 0.73898
-0.63461 1.2751 0.74661
-0.67721 1.2296 0.77392
-0.71981 1.187 0.80123
-0.76241 1.1785 0.82854
-0.80501 1.1785 0.85585
-0.82892 1.1785 0.88316
-0.82964 1.1785 0.91047
-0.82595 1.1785 0.93778
-0.78801 1.1785 0.96509
-0.74577 1.1785 0.9924
-0.75427 1.1785 1.0197
-0.7897 1.1785 1.047
-0.82026 1.1785 1.0666
-0.82964 1.1785 1.0726
-0.82964 1.1773 1.0726
-0.82964 1.1486 1.0726
-0.82964 1.1054 1.0726
-0.82964 1.0599 1.052
-0.82964 1.0145 1.0095
-0.8164 0.97609 0.95485
-0.76973 0.95554 0.90023
-0.68453 0.95554 0.84561
-0.6308 0.95554 0.81116
-0.62063 0.95554 0.80464
-0.61283 0.95554 0.80464
-0.58668 0.95554 0.80464
-0.54651 0.95554 0.80464
-0.51612 0.95554 0.80464
-0.51612 0.95554 0.80464
-0.51612 0.95554 0.80761
-0.51612 0.95554 0.82897
-0.51612 0.95472 0.85529
-0.51612 0.93566 0.85969
-0.51612 0.89021 0.83238
-0.51416 0.84686 0.80507
-0.47389 0.84437 0.77776
-0.43158 0.84405 0.75045
-0.36348 0.84405 0.70679
-0.28115 0.84405 0.65401
-0.2073 0.84405 0.59939
-0.15667 0.84405 0.54477
-0.11407 0.84405 0.49014
-0.071465 0.87507 0.45416
-0.028863 0.91791 0.42528
0.013738 0.94584 0.39797
0.05634 0.95554 0.37066
0.098942 0.95554 0.33929
0.14154 0.95554 0.29641
0.18415 0.95554 0.24179
0.20961 0.95554 0.19816
0.21543 0.95554 0.16711
0.21543 0.95554 0.14529
0.21543 0.95554 0.13468
0.21798 0.95554 0.13305
0.23074 0.95554 0.12487
0.27334 0.95554 0.097555
0.3095 0.95554 0.078508
0.31994 0.95554 0.092434
0.32187 0.95554 0.11727
0.33924 0.95554 0.12231
0.38184 0.95554 0.094995
0.42445 0.95554 0.067684
