1.7843 0.56995 -0.3495 -2.6683 -1.1622 0.070106 0.039752 -0.71624 1.116 -0.18947 -0.2304 -0.89454 -0.56412
3.6085 -0.41484 -0.99 -2.6097 -1.7099 0.9679 -0.54417 -0.46717 1.1945 -0.12889 -0.73382 -1.0332 -0.38514
3.9548 -1.2775 -1.3031 -1.9848 -1.9493 1.2104 -0.92253 -0.22513 0.66011 0.27809 -0.96989 -0.91059 -0.57064
3.963 -1.066 -1.3833 -1.3823 -2.4188 1.0405 -0.51675 -0.78159 1.1155 0.072101 -0.70063 -0.90148 -0.57767
2.9522 -1.0572 -0.95772 -1.0883 -2.2858 0.50461 -0.1227 -1.4363 1.1472 0.26905 -0.3325 -0.71059 -0.56875
2.1462 -0.30671 -0.58047 -0.99828 -0.68871 -0.26827 -0.66022 -1.6112 0.73409 0.57135 -0.016147 -0.27354 -0.45318
3.0259 -0.43369 -1.0724 -0.41052 -1.7163 -0.23597 -0.34385 -1.4324 0.53347 0.1917 -0.20658 -0.78699 -0.35977
2.8619 -0.38639 -0.61031 -0.84019 -1.6745 0.052665 -0.30351 -1.5984 0.1876 0.12667 0.26424 -0.86116 -0.39708
0.94828 -0.68115 0.35992 -0.8681 -0.67645 0.17611 -0.2539 -1.5142 0.065458 0.099651 0.62553 -0.64828 -0.040454
-0.42919 -1.1485 1.3851 -0.71577 0.041343 -0.075216 0.21044 -1.2666 0.51132 -0.029986 0.12431 -0.028297 -0.57009
-0.77085 -1.7398 1.0926 -0.36782 -0.17971 -0.085639 0.3839 -0.82508 0.34985 -0.16852 -0.055258 -0.46646 -0.26129
-1.0167 -1.6702 1.3378 -0.2172 -0.13299 0.16985 0.91099 -0.56185 0.28323 -0.55446 -0.26973 -0.58402 -0.6954
-1.0479 -2.0279 0.93754 -0.25181 0.51886 0.96337 0.80013 -0.92656 -0.377 -0.76325 -0.33158 -0.065213 -0.43187
-0.50747 -1.8909 0.62841 -0.69352 0.11785 0.83352 0.38219 -0.83981 -0.30015 -0.31424 -0.15577 -0.086504 -0.72036
0.58368 -1.3443 0.71881 -1.3419 -0.75555 0.95424 0.046045 -1.4079 -0.34433 0.061192 0.15153 -0.48939 -0.4272
2.655 -0.55959 0.10787 -1.8025 -1.9675 1.0448 -0.41541 -1.3885 -0.14263 0.45184 0.46064 -0.55028 -0.22263
3.9141 -0.66569 -0.63394 -2.0804 -2.6133 1.1234 -0.35873 -0.63155 -0.15579 0.42898 0.11169 -1.0324 -0.53469
4.6791 -1.2022 -1.8227 -2.415 -2.3904 1.4737 -0.30007 -0.38384 -0.27656 0.29647 -0.60234 -1.3338 -0.31544
4.4741 -1.2238 -1.9216 -2.1654 -2.4048 1.4304 -0.25243 -0.29202 -0.17052 0.12528 -0.88631 -1.5438 0.046048
4.5545 -1.7086 -1.8561 -2.244 -2.3586 1.3317 -0.28965 -0.062749 -0.26513 0.19519 -0.9846 -1.4367 -0.00071591
4.6808 -1.6484 -2.2612 -2.3747 -2.5668 1.1635 -0.45492 -0.12494 -0.578 0.12594 -1.0765 -1.6174 0.081633
4.6193 -1.514 -2.0952 -2.3045 -2.0807 1.0629 -0.12638 -0.0047481 -0.29722 0.28066 -0.97212 -1.4942 0.29232
4.629 -1.5393 -2.2868 -2.2561 -1.9681 1.0638 -0.28918 0.1308 -0.45465 0.4072 -1.0924 -1.3519 0.32533
4.7176 -1.9441 -2.1811 -2.9249 -1.9254 1.0895 -0.34263 -0.10208 -0.66279 0.41872 -1.6968 -1.1827 0.2263
4.3817 -1.3398 -2.282 -2.5199 -1.7622 0.87437 0.039093 -0.21768 -0.35373 0.38963 -1.4941 -1.0116 0.26073
3.8003 -0.5178 -2.4549 -2.299 -1.3152 -0.053925 0.38638 -0.3986 0.020033 0.28547 -1.2538 -1.0999 -0.01813
3.4333 -0.13127 -1.9218 -3.2125 -0.88108 0.55548 0.063062 -0.70135 0.45824 0.18369 -1.1182 -0.87882 -0.12411
1.8408 -0.017031 -0.85534 -2.4388 -0.42398 0.24587 0.40378 -0.30326 0.93969 -0.33744 -0.7623 -1.3279 -0.4945
0.78968 -0.1679 0.19 -2.2147 -0.056313 0.18238 0.91796 -0.47836 0.56543 -0.57316 -1.247 -0.36545 -0.47258
