0.2529 -2.4709 -0.15835 -2.0073 -0.47897 -0.46495 0.42368 -0.5902 -0.16056 -0.4955 -0.70782 -1.045 -0.54109
1.876 -2.2114 -1.2193 -2.4557 -0.48022 -0.42253 0.33934 -0.60941 0.14786 0.024418 -0.95025 -1.0801 -0.14034
3.3864 -2.2042 -2.4846 -2.9569 -0.55972 -0.35294 0.20972 -0.63874 0.22366 0.2407 -1.9502 -0.71978 -0.28779
4.1667 -2.4433 -2.8484 -3.3234 -0.42061 -0.39334 -0.24116 -0.19104 -0.1998 0.54636 -1.9229 -1.1162 -0.29549
4.0865 -1.8618 -2.6707 -2.8837 -0.36285 -0.096076 -0.11061 -0.22355 0.058773 0.57036 -1.6995 -0.80057 -0.48416
4.0841 -1.9366 -2.6162 -2.2779 -0.24732 -0.53128 -0.18029 -0.36804 0.20453 0.48523 -1.5511 -0.65332 -0.19983
4.0172 -2.256 -2.1929 -2.7386 -0.75643 -0.51534 -0.74549 -0.67204 0.11246 0.52187 -1.5685 -0.84965 -0.59475
3.8715 -1.7324 -2.3553 -2.4579 -0.75837 -1.3929 -0.50945 -0.75501 0.09179 0.51921 -1.2873 -1.0708 -0.79106
2.7507 -1.512 -1.5373 -2.1952 -0.57918 -1.3462 -0.1697 -1.0237 0.038675 0.43688 -0.44262 -1.0536 -0.74559
3.2342 -1.3255 -2.1084 -2.0437 -0.40077 -1.3842 0.083961 -1.3623 0.25172 0.52393 -0.57057 -0.47837 -0.87847
3.8671 -1.8321 -2.5529 -2.459 -1.5193 -1.8283 -0.37907 -1.739 -0.12397 0.26446 -0.38919 -1.4565 -1.036
2.7551 -1.4791 -1.2199 -1.9255 -0.94064 -1.5533 -0.48858 -1.5381 -0.12413 0.22367 0.23095 -0.83588 -0.65798
0.4585 -2.3898 0.20074 -1.0144 0.22318 -0.15178 -0.059249 -0.9293 -0.19956 -0.448 -0.64489 -0.68991 -0.92997
0.19754 -2.6942 0.45424 -0.68347 -0.70492 -0.91154 -0.50717 -1.1985 -0.17682 -0.35552 -0.26799 -0.9343 -0.72427
-0.1014 -2.5081 0.84203 -0.12491 -0.51495 -0.39921 -0.035444 -1.1607 -0.4647 -0.94415 0.13193 0.1253 -0.64061
-0.35835 -2.7871 0.55667 0.055335 -0.28364 -0.15586 0.13 -0.4891 -0.10424 -0.3832 -0.084176 -0.49145 -0.66914
-0.6324 -2.9739 0.56762 0.49864 0.77257 0.47411 -0.36153 -0.91332 -0.29465 -0.6518 -0.61641 0.14367 -1.0103
-0.5697 -2.9085 0.62515 0.51824 0.6034 0.39534 -0.2659 -0.82206 -0.13619 -1.0161 -1.2368 0.016058 -0.41462
-0.12333 -2.282 0.30219 -0.88935 -0.21571 -0.17422 -0.1142 -1.1187 -0.062284 -0.40736 -0.54819 -0.23768 -0.79731
2.7927 -1.7195 -1.2019 -2.6932 -1.0924 -1.0298 -0.36108 -0.84176 -0.36111 0.75549 -0.35447 -1.5069 -0.48729
4.2888 -1.8745 -2.251 -2.8319 -1.3485 -0.75684 -0.13257 -0.47972 -0.33512 0.98086 -0.38918 -1.6309 -0.29315
4.5919 -1.9972 -2.8161 -3.1896 -1.5051 -0.61609 0.10754 -0.74738 -0.35036 0.71438 -1.0659 -1.5685 -0.41144
4.5328 -1.9403 -3.0778 -2.9228 -0.96195 -0.64519 0.40747 -0.47932 -0.3531 0.62506 -1.1339 -1.4144 -0.23686
4.6194 -2.0009 -3.4425 -2.6012 -0.86629 -0.51217 0.27607 -0.6713 -0.59949 0.52747 -1.19 -1.4015 -0.099951
4.5985 -2.2398 -3.6757 -2.7391 -0.20792 -0.20547 0.076476 -0.88922 -0.91464 0.55055 -1.2081 -1.1135 -0.24046
4.5575 -1.6307 -3.7948 -2.8951 -0.11135 -0.35478 0.3756 -1.2725 -0.77989 0.59342 -1.5555 -1.0946 -0.25559
4.4998 -2.1483 -3.8464 -2.7535 0.099657 -0.1834 0.24341 -0.98673 -1.1001 0.48494 -1.3618 -1.1668 -0.23809
4.4369 -1.7976 -3.5898 -2.2316 0.24711 0.050255 0.52493 -0.90637 -0.74958 0.59714 -1.2324 -0.91245 -0.23781
4.4385 -2.1801 -3.873 -2.7452 -0.12546 -0.15239 0.10455 -0.91969 -1.1207 0.557 -1.5306 -1.1795 -0.41253
4.3475 -1.9021 -3.7591 -2.6666 0.025549 -0.24488 0.50185 -1.0217 -0.60326 0.43246 -1.3957 -0.91476 -0.48962
4.1549 -2.0644 -3.5514 -2.9545 -0.29688 -0.36664 0.33961 -1.2018 -0.6775 0.50647 -1.5562 -1.1236 -0.61357
3.8179 -2.0662 -2.9501 -2.8603 -0.1638 -0.25385 0.3577 -1.0913 -0.27634 0.65114 -1.5342 -1.0511 -0.85385
3.4649 -2.2799 -2.6236 -2.4128 0.051172 -0.4442 0.32219 -1.0408 -0.21778 0.60419 -1.2138 -1.427 -0.98273
3.3254 -1.8098 -2.1759 -2.7886 0.032388 -0.4194 -0.033976 -1.0682 -0.020005 0.54694 -1.0515 -1.4662 -0.92531
3.0579 -1.9145 -1.7735 -2.426 -0.39416 -0.5996 0.20037 -1.2145 -0.18204 0.39198 -0.48717 -1.5377 -0.92605
2.8371 -2.2532 -1.5728 -2.8577 -0.0873 -0.23847 0.33484 -1.0476 -0.31981 0.4552 -0.85996 -1.6588 -0.91772
2.588 -2.1218 -1.7962 -2.9725 0.010462 -0.41217 0.25481 -1.1722 -0.32951 0.17146 -1.0229 -1.1714 -0.91153
1.598 -2.1916 -1.1668 -2.3134 0.19401 -0.22705 0.17903 -0.83182 -0.17703 0.16678 -0.88988 -1.4435 -0.69104
0.45831 -2.8393 -0.83612 -1.7882 0.36074 0.076377 0.54143 0.043451 -0.60024 -0.045565 -0.33001 -0.99875 -0.32253
