1.4988 -2.361 -2.448 -2.4256 -0.25242 0.034208 -0.0073927 0.085289 0.18112 -0.12343 -1.2384 -0.27801 -0.077382
3.8403 -2.0245 -3.0426 -2.0551 -1.1284 0.50813 -0.43515 0.28398 0.28638 0.29382 -1.4493 -0.60847 0.85435
4.1837 -1.7106 -3.2818 -2.2535 -1.1377 0.10491 -0.40155 -0.18633 0.050974 0.02852 -1.3319 -0.38199 0.37072
4.5931 -2.0431 -3.2621 -1.7264 -1.488 0.31186 -0.4014 -0.11027 0.10518 -0.01391 -1.1182 -0.34731 0.33915
5.0923 -2.634 -3.4461 -1.2969 -1.6632 0.30112 -0.55907 0.072974 0.35819 -0.022992 -1.2792 -0.22666 0.22998
4.9224 -2.1178 -3.5594 -1.2854 -1.8232 0.27444 -0.61544 -0.088559 0.48218 -0.079424 -1.4068 -0.20384 0.082871
4.3212 -1.0033 -3.2762 -1.2945 -1.5491 -0.45457 -0.0041413 -0.66413 0.88858 -0.030484 -0.95834 -0.53482 0.14557
1.4212 -1.0997 -1.1263 -1.4142 -0.39282 -0.46359 0.18685 -0.47834 0.34778 0.4923 -1.2446 -0.64204 0.0086467
2.1783 -0.81052 -1.4172 -1.5388 -0.8925 -0.48281 0.016301 -0.80973 0.49342 0.13411 -0.64152 -0.001073 -0.061129
4.2572 -1.0696 -2.7898 -1.7128 -1.4593 -0.40916 -0.43336 -0.45433 0.37474 0.29788 -1.0845 -0.5562 0.036818
4.0385 -0.47186 -2.6556 -1.8584 -1.3009 -0.57005 -0.073209 -0.54088 0.50991 0.19473 -0.63375 -0.57912 0.29773
2.9373 -0.13382 -1.7662 -1.8706 -0.74475 -0.78633 0.28499 -0.96669 0.57675 0.43605 -0.51954 -0.52578 0.013293
1.1046 -1.0318 -0.28858 -1.5116 -0.13554 -0.47905 -0.40555 -1.7057 0.3981 0.033304 -0.13916 0.41426 -0.36727
0.62178 -0.79106 0.39771 -1.4461 -0.93147 -0.45541 0.23896 -1.7587 0.22997 0.34965 0.31347 -0.10399 -0.16789
-0.057377 -0.99536 0.98717 -1.5005 -0.30055 -0.058277 -0.15544 -1.178 0.28797 -0.39918 0.21036 -0.17937 -0.62831
-0.23973 -1.9149 0.8078 -0.18814 0.049026 -0.1253 -0.24527 -1.5368 -0.07845 -0.33167 0.1127 0.19849 -0.78595
-0.073268 -1.1293 1.118 -0.71068 -0.59505 -0.39971 -0.033293 -1.5337 0.58222 -0.065043 0.028665 -0.48636 -0.27199
0.68967 -0.57224 0.82248 -1.3038 -0.94865 -0.26631 0.15194 -1.3777 0.4298 -0.16743 0.27839 -0.6826 -0.071157
1.8942 -0.54344 0.30871 -1.7675 -1.2609 0.21719 -0.30878 -1.2696 0.7245 0.404 0.17929 -0.24219 0.23995
2.7033 -0.66867 -0.50692 -1.9811 -1.5452 0.47069 -0.07676 -0.99662 0.48958 0.33246 -0.074851 -0.59544 0.053893
3.606 -1.0859 -1.8794 -2.1781 -1.8739 0.89323 -0.31504 -0.74032 0.62024 0.20197 -0.42201 -0.81013 0.1369
4.4096 -1.3993 -2.588 -2.0216 -1.8367 1.0878 -0.090037 -0.62497 0.49202 0.49338 -0.88589 -0.81272 0.17536
4.4073 -1.6177 -2.6602 -1.9839 -1.6078 1.3481 -0.1417 -0.3792 0.45476 0.50408 -1.043 -0.46124 0.22963
3.4407 -1.1137 -1.6415 -3.3252 -0.62568 1.1363 0.19591 -0.0333 0.29618 0.22181 -1.0937 -0.61898 0.42698
3.19 -0.90575 -2.2541 -2.852 -0.50957 0.86481 0.50101 -0.7271 0.67118 -0.012481 -1.2052 -0.32929 0.63364
3.4014 -0.23881 -2.418 -3.9763 0.39206 0.89297 -0.067747 -0.31066 0.11571 -0.38429 -0.59645 -0.46063 0.51199
3.6923 -0.76331 -3.3927 -3.4141 0.32527 0.39532 0.5618 -0.35195 0.029544 0.16302 -1.0348 -0.271 0.63379
3.8933 -1.1214 -4.1198 -2.7973 0.2934 0.29147 0.96223 -0.89817 0.29767 -0.096299 -1.0649 -0.17014 0.41548
3.583 -1.3266 -3.8802 -2.4918 0.097903 0.29388 1.1593 -1.0189 0.58499 -0.10926 -1.0528 0.025178 0.74282
3.4009 -1.5183 -3.6998 -2.3862 0.1656 0.45056 0.92496 -0.76869 0.46483 0.11131 -0.98366 0.11106 0.55919
3.0552 -1.48 -3.4303 -2.2948 0.16739 0.45684 1.0014 -0.62522 0.42661 0.031658 -0.99269 -0.1152 0.4371
2.5123 -1.2617 -2.805 -2.5082 0.11904 0.15304 0.53876 -0.51667 0.4417 -0.22547 -0.69447 -0.16547 0.51303
1.9012 -1.1028 -2.155 -2.8414 0.064689 0.52685 -0.067063 -0.22285 0.5102 -0.70512 -0.85576 -0.21559 0.37398
1.5476 -0.77691 -1.3186 -3.58 0.28421 0.65584 0.51744 -0.64711 0.52628 -0.34271 -0.81733 0.016534 -0.072252
-0.09108 -1.9907 -0.17065 -1.8663 0.79057 0.60946 0.94704 0.27943 0.061284 -0.65321 -0.63099 0.33183 0.43156
