3.5428 -2.2221 -2.3766 -3.2984 -0.81306 0.35757 0.73746 -0.94084 0.65431 0.011438 -0.93761 -0.38114 -0.046564
3.6655 -2.2118 -2.0665 -3.2813 -1.0308 0.76355 0.68639 -0.85507 0.68042 0.059473 -1.2512 -0.61833 -0.069379
4.1674 -1.8631 -1.5112 -3.7484 -1.0687 0.8235 0.19654 -0.24134 -0.078686 0.22373 -0.71538 -1.143 -0.082139
4.461 -1.4968 -1.2606 -4.1267 -1.5515 0.86556 -0.0043605 -0.1341 -0.14379 0.09626 -0.63384 -1.2717 -0.093353
4.6982 -1.5623 -1.5796 -4.1379 -0.92981 0.73602 -0.44968 0.31068 0.11069 -0.097478 -0.74437 -1.0783 -0.23627
4.8528 -1.5164 -1.8249 -3.815 -0.6975 0.5753 -0.54092 0.43725 0.018871 0.1958 -0.89981 -1.0883 0.086954
4.7926 -1.0015 -2.5249 -2.9892 -0.89905 -0.21774 0.42665 -0.85378 0.85276 0.24126 -1.044 -0.87851 -0.54019
3.5775 -1.3439 -1.463 -2.7842 -1.2069 -0.22255 0.55464 -1.1209 0.41101 0.68169 -0.77986 -1.0533 -0.26584
1.3917 -1.5086 -0.20214 -2.4123 -0.44573 -0.72877 0.1009 -0.72505 0.14877 0.23232 0.29891 -0.38233 0.29769
3.7539 -0.69944 -1.8437 -2.6647 -0.99749 -0.64631 0.40844 -1.1334 0.80123 0.4542 -0.28162 -0.98846 -0.35027
4.051 -0.67689 -1.657 -2.7268 -1.2792 -1.0493 0.71097 -0.93557 0.48235 0.38633 -0.33073 -1.3427 -0.15533
1.6429 -1.4946 -0.20959 -1.9645 -1.1689 -0.96525 0.14351 -0.84441 0.064992 0.12922 0.26173 -0.57208 -0.43597
-0.066103 -2.4518 0.77462 -0.36197 -0.40264 -0.16632 0.50849 -0.37457 0.34942 -0.50097 -0.60513 -0.81645 -0.19285
0.062718 -2.4116 0.62911 -0.64689 -0.59065 -0.65274 -0.088361 -0.7332 0.12506 -0.3724 -0.3275 -0.41025 0.21192
0.10692 -2.4956 0.72691 -0.25369 -0.38373 -0.58349 -0.46876 -1.017 0.3114 -0.30057 -0.58234 -0.4957 -0.33184
0.40699 -2.4588 0.6364 -0.68588 -0.37793 -0.55752 -0.036753 -0.5587 0.46509 -0.11267 -0.65924 -0.99086 0.027045
0.047473 -2.4481 1.0169 0.28725 -0.34371 -0.30052 -0.015099 -0.79262 0.18134 -0.81795 -0.85576 -0.81607 -0.40469
-0.1218 -2.2742 1.3281 0.55931 -0.55643 -0.25323 -0.052365 -1.1084 0.41622 -0.67002 -0.61845 -0.34497 0.056443
0.30086 -2.6229 0.64109 0.061308 -0.38611 -0.6389 -0.63079 -0.78311 -0.15047 -0.75197 0.0062557 -0.094592 -0.16721
2.6787 -0.88324 -0.033809 -2.9819 -1.5588 0.040395 0.087241 -1.0435 0.097226 -0.15492 0.45619 -0.62956 -0.221
4.467 -0.966 -1.0636 -3.8397 -1.4839 0.18195 0.31851 -0.10886 -0.098175 0.23624 0.087232 -1.9353 -0.02931
4.7075 -1.2847 -1.4465 -4.1869 -1.6151 1.011 0.054325 -0.63556 0.31231 0.27388 -0.24799 -1.7894 0.23601
4.8189 -1.532 -1.8797 -3.7312 -1.3806 0.89345 0.31033 -0.38411 0.18891 -0.33009 -0.4885 -1.2573 0.093193
5.1453 -1.9856 -2.4579 -3.7275 -1.5697 0.83147 0.42707 -0.50669 0.19395 -0.32135 -0.95311 -1.0037 0.080912
5.2422 -2.1216 -2.9826 -3.4315 -1.1166 0.93812 0.62099 -0.50266 0.32805 -0.24704 -1.0431 -0.78216 -0.028061
5.0587 -1.8039 -3.0525 -3.5946 -0.44287 0.99353 0.82994 -0.83603 0.16406 0.067896 -1.1245 -0.51308 0.097085
4.758 -1.9991 -3.4164 -3.2619 -0.52997 0.67857 0.84572 -1.1259 0.3179 0.25025 -1.2023 -0.40518 -0.062539
4.6198 -2.5483 -2.6412 -3.4544 -0.71188 1.3824 0.59497 -0.9414 0.22682 0.40886 -1.49 -0.26588 0.1149
4.5078 -2.2964 -2.7568 -3.205 -0.88088 1.1722 0.83235 -0.878 0.48428 0.11453 -1.1343 -0.19402 0.10115
4.3787 -2.2074 -2.9443 -3.0516 -0.8395 0.92375 0.8818 -1.0084 0.65603 -0.17768 -1.0602 -0.1517 0.042178
4.3477 -1.9643 -2.9449 -3.042 -0.65632 0.85761 0.90912 -1.347 0.88103 -0.20475 -1.3241 -0.098025 -0.42781
4.4798 -2.6904 -2.8098 -2.9807 -0.94232 1.0852 0.39676 -0.76116 0.42339 -0.041938 -1.4188 -0.2088 -0.21902
4.5458 -2.1624 -2.6573 -3.2038 -0.92221 0.68824 0.50437 -0.83742 0.87798 -0.26984 -1.1999 -0.53903 0.1893
4.7283 -2.1671 -2.164 -3.535 -1.4314 1.0797 0.17584 -0.92667 0.81257 -0.29734 -1.3313 -0.59289 0.24126
4.7975 -2.2511 -2.191 -3.3457 -1.6056 1.0296 0.40985 -0.49433 0.64623 -0.48242 -1.1371 -0.78825 0.25247
4.6512 -2.0429 -1.8809 -3.2107 -1.6455 0.67449 0.37483 -0.38897 0.37436 -0.36478 -1.2582 -0.97928 0.70743
4.2957 -2.1336 -1.8725 -3.1225 -1.5258 0.35542 0.53578 -0.040822 0.24531 -0.42125 -1.1084 -0.85741 0.63244
3.7801 -2.1822 -1.4285 -3.5897 -1.4541 0.56801 0.059476 -0.56171 0.44421 -0.18638 -0.97894 -0.74663 0.59848
3.4516 -2.3247 -1.1469 -3.8551 -1.3108 0.68531 -0.095921 -0.43851 0.6677 0.022086 -1.2109 -0.72274 0.55109
3.1249 -2.3193 -1.0119 -3.8064 -1.2181 0.68819 -0.12949 -0.58572 0.50426 0.04177 -1.1193 -0.76893 0.32095
2.6013 -2.3521 -1.627 -3.6854 -0.54213 0.07521 0.29723 -0.19116 0.47229 -0.1266 -0.90137 -1.209 0.17249
1.9513 -2.5711 -0.9486 -3.6784 -0.93411 0.11121 0.46957 -0.13842 0.45888 0.11997 -0.94935 -0.48732 0.019182
1.2098 -3.6633 -1.1536 -2.8002 -1.1641 -0.66775 1.0876 0.80331 0.35368 -0.22151 -0.49788 -1.5617 0.89851
1.3893 -2.8074 -0.87989 -2.8354 -0.45135 -0.49038 0.40002 -0.2819 0.093656 0.30648 -1.2181 -1.204 0.448
0.70304 -4.16 -0.74952 -2.5337 -0.097981 -0.60226 1.2572 1.463 0.4151 -0.38658 -1.1566 -1.485 1.6601
