1.672 -1.5615 -1.2285 -2.4091 -0.55601 -0.083854 0.18015 -0.26829 0.528 0.0035585 -0.95133 -0.55911 0.44837
3.8394 -2.7317 -3.2418 -1.6182 -1.2928 0.28226 -0.59687 0.47366 0.070183 0.39467 -1.1786 -0.83188 0.90126
4.5106 -2.9286 -3.0465 -1.6193 -1.4455 0.41976 -0.66889 0.72137 -0.08087 0.29852 -1.5256 -0.65766 0.88068
4.6772 -2.6582 -3.0555 -1.6881 -1.6572 0.36968 -0.87117 0.32265 -0.18336 0.14518 -1.4292 -0.51664 0.63225
4.8126 -2.4277 -2.8754 -1.5457 -1.5463 0.32996 -0.81759 0.43601 -0.055561 0.22252 -1.4194 -0.44099 0.75307
4.7176 -1.6709 -3.0616 -1.261 -1.3425 -0.045632 -0.59454 -0.12353 0.2834 0.39703 -1.1637 -0.46605 0.36237
4.04 -1.1329 -2.934 -1.3538 -1.2397 -0.85234 -0.3961 -0.84547 0.70931 0.6015 -0.67475 -0.7007 -0.0041173
0.25372 -1.7367 0.24724 -0.85442 0.058728 -0.26364 0.044122 -0.67471 0.19751 0.036787 -0.76605 -0.33577 0.32635
3.6086 -0.6791 -2.7143 -1.2926 -0.81715 -0.45783 -0.40941 -0.95428 0.93951 0.21245 -0.87292 -0.47194 -0.2857
4.1184 -0.49568 -2.6747 -1.3792 -1.1742 -0.7019 0.044695 -1.0287 0.88315 0.22457 -0.98934 -0.63179 -0.074284
3.6848 -0.19654 -2.2953 -1.4797 -1.0949 -0.83122 0.24304 -1.3033 0.94834 0.33423 -0.59417 -0.66745 -0.20115
2.2003 -0.39143 -0.90452 -1.7098 -0.77985 -0.80645 0.33752 -1.217 0.41447 0.59186 0.052496 -0.19471 -0.21566
0.28807 -0.89327 0.81666 -1.2595 -0.21854 0.079907 0.037673 -1.2531 0.45602 -0.19986 -0.28092 -0.18022 -0.10219
-0.17542 -1.499 1.0282 -0.21179 1.2348 0.18048 -0.94093 -1.2955 0.39838 0.065136 -0.303 0.26326 -0.53527
-0.71596 -2.2423 1.1228 0.53629 0.58834 0.73811 0.5452 -0.38698 0.68399 -0.5354 -1.0461 -0.40644 -0.50961
-0.64198 -2.1294 1.4217 0.80627 0.10889 0.38407 0.45856 -0.57449 0.67968 -0.74894 -0.87607 -0.37326 -0.51352
-0.92904 -2.1608 1.0779 0.18616 -0.12809 0.18482 0.3448 -0.5942 0.43 -0.56706 -0.75605 -0.32057 -0.076997
-0.010571 -1.0744 0.77801 -1.3154 -0.95159 0.16736 0.11883 -1.4727 0.72048 -0.068977 -0.20818 -0.3871 0.13023
2.0117 -1.1966 -0.074737 -1.8047 -1.5943 0.21367 -0.10756 -1.1613 0.15607 0.5658 0.22296 -0.45567 -0.13702
3.3575 -1.6784 -1.1222 -1.9074 -2.1169 0.50506 -0.23623 -0.99259 0.40786 0.52242 0.18037 -0.84026 -0.27357
4.0917 -2.049 -1.9819 -2.0077 -2.0156 0.98476 -0.23371 -0.56629 0.62805 0.5749 -0.31172 -0.95758 -0.21134
4.388 -2.3243 -2.4429 -1.9575 -1.7566 1.1617 -0.32528 -0.36597 0.67122 0.55163 -0.90162 -1.0259 0.14087
4.2227 -2.1367 -2.6734 -2.1593 -1.3778 1.2185 0.03729 -0.31207 0.57506 0.16777 -1.0833 -1.0094 0.67297
3.4295 -0.79617 -1.7931 -3.0261 -0.37432 1.0744 0.38292 -0.32877 0.50511 -0.19146 -0.98637 -1.0231 0.64471
3.2382 -1.0575 -2.0078 -3.1082 -0.17566 1.0359 0.21506 -0.48725 0.14417 -0.23593 -1.1526 -0.35637 0.49906
3.0561 -0.77572 -1.9734 -3.1016 -0.46991 0.97907 0.88801 -0.86058 0.0065219 0.22079 -1.2313 -0.64225 0.78319
2.7176 -1.0879 -1.7493 -3.0671 -0.5169 0.51116 0.84619 -0.36277 0.065396 -0.32263 -0.93607 -0.53146 0.43318
1.9444 -0.89768 -1.1486 -3.1109 0.11523 0.049245 0.84988 -0.23292 -0.035904 -0.29584 -0.75729 -0.61148 0.50931
0.75584 -1.7 -1.1201 -2.6696 0.036027 0.25313 1.1839 -0.015667 0.12369 0.051339 -0.53348 -0.41783 0.25345
0.35225 -1.2291 -0.8947 -2.7487 0.21055 0.088135 0.66619 -0.27907 0.050471 -0.32255 -0.33535 -0.098259 0.24072
0.4249 -1.7723 -1.136 -2.8828 0.35559 0.15236 0.65577 0.19059 -0.0032226 -0.52785 -0.42603 0.22552 0.32171
0.31995 -1.6348 -0.88249 -2.4196 -0.088761 0.35836 0.28256 -0.37751 0.28772 0.18324 -0.57262 -0.17999 0.36094
-0.059388 -2.2772 -2.3976 -1.7678 0.34108 0.48433 0.1978 -0.034026 -0.22103 0.090485 -0.39382 -0.34064 0.36938
2.4209 -2.6571 -3.2059 -2.1698 0.16094 0.83417 0.27595 -0.066069 -0.16 0.1798 -0.63977 -0.07708 1.1349
0.087429 -1.4337 -0.89047 -2.4393 0.42715 0.73291 0.43604 -0.42544 0.057578 -0.27842 -0.61929 0.088799 -0.082551
