2.1886 0.28299 -1.2255 -2.1644 -0.2924 1.1016 -0.23492 0.12292 -0.037547 -0.35613 -1.0671 -0.94522 0.36445
3.7469 0.26684 -1.7046 -2.4729 -0.027886 0.99981 -0.43339 0.40556 -0.0628 -0.38136 -1.1412 -0.78426 0.86314
4.4624 0.28638 -2.8757 -1.717 -0.65026 0.76278 -0.30199 0.18446 0.34198 -0.40583 -1.1756 -1.0563 0.96346
4.9257 -0.20269 -2.9465 -1.1642 -1.2866 1.0591 -0.67846 0.28038 0.29216 -0.3213 -1.0292 -1.1408 0.84361
5.0756 0.088252 -3.4346 -0.55505 -1.7154 0.72062 -0.63367 -0.12432 0.92034 -0.33123 -0.74946 -1.2577 0.44431
4.1837 0.65618 -3.2804 -0.44896 -1.1689 0.066605 -0.8043 -0.41141 1.0045 0.39731 -0.7068 -0.61035 -0.13196
2.7803 0.52101 -1.275 -0.89715 -0.061684 -0.5266 -1.2046 -0.6869 1.0052 0.15723 -0.28624 -0.20665 -0.31197
4.7886 0.91427 -2.9253 -0.80515 -0.789 -0.236 -1.2125 -0.19874 1.2009 0.20829 -0.35246 -0.54159 -0.34143
5.6577 0.7143 -3.6252 -0.78456 -1.345 0.22277 -1.17 0.13855 1.1377 0.059478 -0.37264 -1.0285 -0.17936
5.5798 0.69199 -3.087 -0.74602 -1.6174 0.41059 -0.78089 -0.12791 1.0889 -0.0076356 -0.22992 -1.4186 -0.007647
5.1142 0.68001 -2.3707 -1.001 -1.8907 0.34851 -0.69449 -0.58276 0.89216 0.23671 0.32191 -1.4 -0.17343
4.0463 0.93338 -1.2294 -1.1053 -1.6452 0.32223 -0.93209 -1.1018 0.29255 0.54787 0.73315 -1.1632 0.044864
2.2291 0.89508 0.23568 -1.022 -0.23177 0.062449 -0.62048 -1.5728 -0.1911 0.5859 0.51669 -0.21278 0.1049
1.3059 0.56767 0.88008 -0.70178 -0.26755 -0.037748 -0.52998 -1.9882 0.19127 0.61211 0.46823 -0.4103 -0.093855
0.45975 0.070413 1.6564 -0.72894 0.0034494 -0.16913 -1.0258 -2.4418 0.012695 0.014627 0.71796 0.30105 -0.62585
0.27124 0.40955 1.8159 -1.0268 -0.95921 -0.2974 -0.19651 -2.5002 0.35276 -0.10541 0.24987 -0.17848 -0.20473
0.40009 0.32376 1.944 -1.0788 -0.5733 -0.27839 -0.7577 -1.996 0.36458 0.039473 0.57282 -0.12056 -0.50727
0.67475 0.63842 2.0117 -0.92605 -0.48111 -0.049385 -0.68818 -2.1157 0.24374 0.13733 0.77801 0.035868 -0.44241
1.2665 1.3989 1.8699 -1.4376 -0.61377 0.31666 -0.76532 -1.8094 0.43152 0.072079 0.67608 -0.35623 -0.058096
2.0323 1.7413 1.2868 -1.7637 -0.88724 0.22887 -0.9223 -1.6856 0.21707 0.55046 0.84965 -0.95924 0.3228
2.7417 1.9487 0.81193 -2.482 -1.12 0.53581 -1.0663 -1.0597 0.3786 0.79774 0.9244 -1.4189 0.63456
3.1959 1.4086 0.0061288 -2.8055 -1.0507 0.53967 -1.0843 -0.55544 0.35046 0.69919 0.60677 -1.3554 -0.0087569
4.0017 1.1275 -0.8714 -2.938 -1.171 0.41475 -0.64332 -0.049231 0.11366 0.58458 -0.09659 -1.7962 0.2247
4.5663 1.114 -1.7419 -3.1277 -1.0575 0.73332 -0.83175 0.29067 -0.16351 0.58605 -0.14252 -2.1014 0.39891
4.6206 0.85167 -1.9994 -3.2858 -1.0467 1.0449 -0.60631 0.33341 -0.24418 0.26409 -0.31713 -1.9311 0.82776
4.7247 0.62301 -1.9017 -3.1406 -0.94242 1.4418 -0.72186 0.67126 -0.22223 0.26462 -0.59288 -1.7553 1.0274
4.7386 0.69547 -2.0945 -3.1621 -0.60936 1.8343 -0.64741 0.35438 0.019959 0.14537 -0.86461 -1.5097 1.1184
4.7924 0.67071 -2.5913 -2.9005 -0.34983 1.2134 -0.44751 0.20378 -0.19769 0.0068795 -0.69556 -1.4331 0.99797
5.0695 0.66631 -3.1814 -2.8527 -0.45747 1.083 -0.15706 -0.083898 -0.2994 0.13326 -0.92663 -1.1436 0.84174
5.5145 0.35007 -3.6226 -2.8423 -0.27991 0.97782 0.26479 -0.42385 -0.095214 0.026934 -0.9277 -0.8245 0.62854
5.4455 0.79046 -3.6934 -2.6771 -0.21136 0.88501 0.40089 -0.44665 0.041203 -0.018392 -0.92313 -0.9785 0.75488
5.6886 0.12242 -3.731 -2.3386 -0.47122 0.95682 0.036802 -0.30075 -0.13666 -0.10244 -0.86076 -1.0514 0.81874
5.617 0.79214 -4.0731 -2.2676 -0.57749 0.96242 0.20882 -0.45829 -0.011647 -0.0050128 -0.97811 -0.97568 0.86447
5.6596 0.17877 -3.7856 -2.1589 -0.8385 1.2107 -0.1002 -0.028291 -0.18524 0.059508 -1.0123 -1.1341 1.0269
5.8091 -0.29561 -3.6674 -1.9704 -1.1441 1.4956 -0.34408 0.20195 -0.44727 0.054183 -1.0563 -1.1633 0.96369
5.8487 -0.62302 -3.4672 -1.9693 -1.3968 1.7249 -0.26257 0.21113 -0.7155 0.24249 -0.99755 -1.1147 1.1341
5.8346 -0.93485 -3.2526 -2.2889 -1.4895 1.927 -0.13085 0.11327 -0.6752 0.19246 -0.73389 -1.1932 1.4187
5.6902 -1.0448 -2.9698 -2.2825 -1.4473 1.9439 -0.14633 -0.0032839 -0.79217 0.22001 -0.82447 -1.2348 1.2685
5.5493 -0.90574 -3.0357 -2.4377 -1.2649 1.8882 -0.14325 -0.085715 -0.87647 0.54845 -0.81955 -1.207 1.1697
4.3949 -0.71953 -2.5117 -2.2652 -0.44225 1.7195 -0.16066 -0.36952 -1.1652 0.61405 -0.88727 -0.57366 0.65832
3.6435 -0.14189 -2.3101 -2.4103 -0.13284 0.92178 0.07889 -0.57765 -0.97957 0.87069 -1.1016 -0.60693 0.15764
1.7282 0.42779 -1.1671 -2.4837 0.72393 0.66706 0.18865 -1.4325 -0.3782 0.44093 -0.82536 -0.37196 -0.29849
-0.19191 -0.3362 -0.2987 -2.4929 0.66889 0.54027 0.61014 -0.998 0.018096 0.45428 0.059425 -0.19659 -0.44251
