4.2857 -0.42975 -1.9459 -2.7502 -0.31346 0.72558 0.016299 0.037334 0.322 0.0050644 -1.1475 -0.99895 0.74013
3.9234 -0.15311 -1.2958 -2.6316 -0.22592 0.27208 -0.24447 0.030661 0.29487 -0.34463 -1.446 -0.89536 0.86617
4.5648 -0.19053 -2.1288 -2.2745 -0.36517 0.18341 0.34246 -0.41821 0.45047 -0.37627 -1.3062 -0.64838 0.59049
5.1818 -0.31348 -2.5042 -2.1517 -0.86903 0.45596 -0.14301 -0.39674 0.56141 -0.18553 -1.1946 -1.0168 0.5289
5.7877 -1.1452 -2.3211 -2.313 -0.80313 0.45981 -0.23724 0.021718 0.42687 0.29463 -1.5009 -0.80321 0.35621
5.8306 -0.13318 -2.986 -1.4975 -0.95438 -0.10343 0.092994 -0.66897 1.2286 0.18548 -1.1134 -1.1257 -0.073722
4.4445 0.039599 -2.5736 -1.7265 -0.43539 -0.71456 -0.06402 -0.95948 1.0565 0.69428 -0.82481 -0.63807 -0.51447
4.2243 0.29907 -2.0053 -1.6256 -0.038982 -1.0157 -0.57026 -0.67799 0.92566 0.87967 -0.43785 -0.4739 -0.50251
5.6138 0.53223 -3.3744 -1.4759 -0.38647 -0.94631 -0.10875 -0.32356 1.1318 0.52789 -0.90077 -0.84405 -0.34373
5.6959 0.64205 -3.3099 -1.631 -0.68074 -0.69451 0.21614 -0.53142 0.93697 0.5007 -0.78646 -1.0473 -0.34143
5.3985 0.73117 -2.871 -1.8373 -0.91231 -0.75131 0.46779 -0.95648 1.0207 0.37249 -0.2616 -1.0639 -0.64884
4.5073 0.93895 -1.5779 -1.9327 -0.91451 -0.66475 0.16188 -1.0515 0.64447 0.67467 0.43377 -0.87063 -0.45323
2.7374 0.52498 0.1557 -1.8666 -0.58489 -0.48694 -0.10115 -1.5431 0.36076 0.20957 0.81252 -0.18451 -0.63856
1.4854 -0.65535 0.95095 -1.1461 -0.10477 -0.25372 -0.6858 -1.8236 0.16537 0.51875 0.22159 0.16051 -0.31506
0.67613 -1.3312 1.0476 -1.0917 -0.43535 -0.39107 -0.81044 -2.0572 0.23676 0.12877 0.27591 -0.0014085 -0.6198
-0.13365 -1.9252 1.2075 -0.39264 -0.86892 -0.82975 -0.38606 -1.6864 0.32315 -0.25547 -0.077332 -0.61752 -0.31824
-0.4665 -1.7246 1.1663 -0.76938 -0.76667 -0.6525 0.046643 -1.2919 0.27871 -0.40665 -0.07102 -0.34635 -0.14864
-0.011804 -1.5812 1.0579 -0.72811 -0.58729 -0.81175 -0.57058 -1.4228 0.23667 -0.20924 0.041765 -0.18455 -0.39928
1.2439 -0.31517 1.4602 -1.4527 -0.94341 -0.21671 -0.33497 -2.191 0.094101 0.18033 0.68794 -0.39471 -0.54878
2.4393 0.49911 1.1988 -1.7576 -0.73167 -0.079775 -0.58162 -1.6096 0.45579 0.23875 0.9309 -0.15475 -0.44145
3.3786 1.016 0.41738 -2.4777 -0.73333 -0.27226 -0.4465 -1.1805 0.68081 0.37802 1.0358 -1.1764 -0.013559
4.3865 0.55682 -0.82069 -3.0956 -0.98454 0.11808 -0.41444 -0.25447 0.35216 0.21934 0.089442 -1.5325 0.20626
5.1529 0.028561 -1.5758 -2.874 -1.0226 0.15248 -0.35433 -0.078764 0.36142 0.49505 -0.51425 -1.6982 0.054364
5.5465 -0.17724 -2.1162 -2.8976 -1.0536 0.57304 -0.31156 -0.11384 0.1323 0.55184 -0.55206 -1.777 0.27722
5.9245 -0.7566 -2.7379 -2.5582 -1.0802 0.90165 -0.33211 0.49457 -0.20999 0.4388 -0.65556 -1.6917 0.58911
5.6011 -1.2475 -2.4062 -2.5559 -0.80671 1.4057 -0.01358 0.14658 -0.26091 0.47302 -0.80665 -1.0141 0.76746
4.9518 -0.95929 -2.3928 -2.4669 -0.57924 1.1613 0.068708 -0.29034 -0.14541 0.34192 -0.88678 -0.52687 0.49507
5.3395 -0.13258 -3.0393 -2.4243 -0.36991 0.47794 0.40824 -0.44503 -0.41286 0.31122 -0.88468 -0.39273 0.38578
4.982 -0.54411 -2.6835 -2.2638 -0.19039 0.77913 0.35021 -0.44224 -0.22927 0.20431 -0.73566 -0.46695 0.60266
5.0117 -0.42787 -2.8436 -2.0414 -0.3915 0.77001 0.12331 -0.28302 -0.65464 0.59355 -1.0064 -0.52589 0.61183
4.8812 -0.56524 -2.6513 -2.4793 -0.27874 0.6511 0.098967 -0.34967 -0.5881 0.40288 -1.0351 -0.2506 0.32605
4.7212 -0.87843 -2.483 -2.3827 -0.28815 0.77428 0.25041 -0.52027 -0.43904 0.41039 -0.98835 -0.32703 0.60171
4.5057 -0.3467 -2.5022 -2.2357 -0.18308 0.58016 0.20925 -0.58804 -0.41298 0.22528 -0.98625 -0.21383 0.41365
4.4986 -0.60619 -2.4581 -2.4249 -0.31234 0.80914 0.11758 -0.59372 -0.45719 0.39764 -1.1913 -0.13536 0.39648
4.3256 -0.74525 -2.3144 -2.3374 -0.24402 0.67419 0.059563 -0.59374 -0.29112 0.20082 -1.0488 -0.22604 0.33603
4.0748 -0.58294 -2.3122 -2.4599 -0.19939 0.43943 0.1416 -0.66586 -0.50302 0.2341 -1.0555 -0.22475 0.26076
3.6053 -0.62125 -2.0489 -2.391 -0.036406 0.33629 0.37145 -0.70457 -0.3918 0.11863 -0.81606 -0.19482 0.24838
3.1217 -0.53716 -1.4889 -2.4826 0.20864 0.47204 0.29238 -0.74057 -0.3398 -0.06197 -0.76604 -0.30745 0.097423
2.4658 -0.56133 -0.85844 -2.2895 0.27979 0.60468 0.4845 -1.0216 -0.039952 -0.34463 -0.71505 -0.090955 -0.11393
1.4001 -0.7507 -0.30306 -1.7492 0.57928 0.52023 0.6375 -0.83487 0.098438 -0.47718 -0.7104 0.12976 -0.297
0.63673 -1.6564 -0.17151 -1.0016 1.211 1.0828 0.52474 -0.67445 0.18077 0.091219 -0.38419 0.031691 -1.2304
0.3893 -2.7109 -0.2152 -0.56609 1.6034 1.0167 0.46488 0.019269 -0.36758 0.23675 0.034612 -0.076777 -0.98364
-0.29524 -2.5076 0.14172 -0.76099 1.6105 0.8227 0.13493 -0.1534 -0.014138 0.4814 -0.44686 -0.37549 -0.61155
-1.3532 -2.8494 0.10209 -0.22126 1.0175 0.41563 -0.34797 -0.64551 -0.088273 0.33809 -0.06739 0.28084 -0.2312
-1.4324 -2.9006 0.12657 -0.52883 0.51211 -0.14209 -0.10901 0.10432 0.0095328 0.11051 -0.22721 -0.3503 -0.19373
-1.6812 -3.1025 0.15933 -0.32957 -0.052805 -0.036482 0.23949 -0.29344 -0.67672 -0.81286 -0.65581 -0.8465 -0.24818
-1.9232 -2.3441 0.97102 0.31555 -0.25448 0.20416 0.94336 0.14962 0.19876 -0.30801 0.17425 -0.31141 0.17396
-1.2997 -2.2866 1.2758 0.56278 -0.79791 -0.11603 0.6985 -0.43497 0.30314 -0.60472 -0.18265 -0.58197 0.19768
-1.056 -2.0592 1.2615 -0.039378 -0.5932 -0.21375 0.42772 -1.1172 -0.042195 0.12153 1.0076 -0.014577 -0.12338
-0.68468 -2.1489 1.3391 0.38577 -0.23239 -0.50722 -0.42484 -0.83986 0.74116 -0.32221 -0.94699 -0.6344 -0.044554
-1.611 -2.3859 0.79452 -0.10669 0.025641 -0.27488 -0.32735 -0.59035 0.71462 -0.05014 -0.81258 -0.33735 0.047642
-0.68856 -2.4941 1.0006 0.43145 -0.17115 -0.096777 -0.30546 -1.3836 -0.17289 -0.79613 -0.3774 0.011508 -0.22263
-0.76193 -2.3195 0.90011 -0.042002 0.48716 -0.14554 -0.78485 -1.3267 0.0044829 -0.043713 0.24793 0.49734 -0.52575
-1.0046 -2.6637 0.39998 -0.018456 0.17669 -0.037993 -0.56027 -0.76877 0.056387 0.065474 -0.29903 -0.41251 -0.18627
-1.0872 -2.6122 0.27169 -0.26899 1.1321 0.3463 -0.66377 -0.99576 0.22224 0.17658 -0.86518 0.13028 -0.81315
