-4.3679 -2.6215 0.60382 0.25912 0.54878 0.42543 0.53336 0.46907 0.51691 0.55505 0.62347 0.70275 0.81568
-4.8022 -2.3208 0.77431 0.38912 0.69515 0.53439 0.6208 0.52374 0.55125 0.48983 0.50239 0.46378 0.47252
-5.0177 -2.3392 0.8213 0.48455 0.84506 0.76238 0.91557 0.86994 0.82261 0.50059 0.2791 0.27533 0.43153
-2.3644 -2.508 0.68139 0.32603 1.4514 1.3589 0.7369 0.1394 0.26565 -0.55873 -1.1571 -0.039381 -0.40821
2.8268 0.4101 -0.83578 -2.5754 -0.22134 0.11079 0.64495 -0.33696 0.65471 -0.2033 -1.5437 -0.65102 0.46202
4.0492 0.010233 -1.4465 -2.9279 -0.26415 1.0227 -0.075118 -0.094374 0.39717 -0.24248 -1.3695 -0.7706 0.89223
4.7661 -0.42755 -2.0109 -2.4027 -0.53001 0.72088 -0.50753 -0.042269 0.35009 -0.1656 -1.1735 -1.0851 0.75621
5.3076 -0.51183 -2.3075 -2.4936 -0.72592 0.90849 -0.48638 -0.024123 0.41217 -0.084566 -1.0923 -1.0669 0.84686
5.7783 -0.82627 -2.7085 -1.9858 -1.1307 0.95936 -0.39985 0.10675 0.45492 -0.051865 -1.12 -1.1325 0.85753
5.9338 -0.83208 -2.9412 -1.3928 -1.6136 0.93293 -0.40908 -0.16017 0.63888 -0.17765 -0.91851 -1.1257 0.66971
5.9369 -0.30872 -3.5443 -0.68429 -1.8189 0.31686 -0.263 -0.76952 1.2685 0.10057 -0.94785 -1.04 0.14409
4.4683 -0.11867 -2.7565 -0.9397 -0.34425 -0.7498 -0.23961 -0.66529 0.88432 1.0825 -1.4016 -0.033643 -0.25464
4.545 0.78123 -2.7016 -1.2506 0.085366 -0.80286 -0.63315 -0.65169 1.0008 0.48726 -0.83052 -0.023531 -0.46252
5.8152 0.55909 -3.6324 -0.95103 -0.93017 -0.40664 -0.74784 -0.42042 0.94806 0.35786 -0.62101 -0.59159 -0.58229
5.7611 0.63182 -3.3997 -1.1687 -1.1337 -0.3913 -0.1862 -0.7842 1.3759 0.23944 -0.36306 -0.67227 -0.71437
5.0967 1.1172 -2.23 -1.2849 -1.1086 -0.55706 -0.27819 -1.4234 1.017 0.23065 0.21497 -0.88113 -0.89303
3.2593 0.71551 -0.41387 -1.3136 -0.66313 -0.49558 -0.33337 -1.7389 0.50716 0.34104 0.95114 -0.42919 -0.67507
1.3843 -0.021156 1.0503 -1.2553 -0.57916 -0.49628 -0.041208 -2.0388 -0.2361 0.17817 0.92191 -0.12823 -0.54772
0.38382 -0.83474 0.97464 -0.84177 -0.77716 -0.73687 -0.26746 -1.8159 0.29875 -0.14965 0.83198 -0.57237 -0.42369
-0.40373 -1.9043 1.4926 0.23788 0.016949 -0.34103 -0.64787 -1.4503 0.72553 -0.097063 -0.55424 -0.075455 -0.82128
-1.146 -1.8261 1.6609 0.32869 -0.60792 -0.57797 -0.49602 -1.5098 1.0479 -0.48843 -0.89601 -0.030681 0.081869
-0.67621 -1.4211 1.3204 -0.76686 -0.14618 -0.031814 -0.34716 -2.3873 0.12662 -0.54576 -0.29297 0.3393 -0.43671
0.56382 -0.57083 1.2718 -1.0942 -0.432 -0.74395 -0.31417 -1.4164 0.13782 -0.1524 0.13773 -0.064745 -0.38544
2.2225 0.52474 0.81884 -1.8188 -0.97769 -0.14173 -0.48662 -1.7151 0.20681 0.12867 0.69214 -0.58736 -0.21822
3.6694 1.0391 0.2658 -2.1912 -1.2204 0.10008 -0.69871 -0.89641 -0.21217 0.40385 1.1455 -0.94052 -0.075457
4.4004 0.58561 -0.64013 -2.6944 -1.7792 0.76031 -1.045 -0.38316 0.23055 0.455 0.80038 -1.6202 -0.057116
5.1077 0.11845 -1.362 -2.8399 -1.7238 0.78546 -0.45544 0.01134 0.24114 0.299 0.17797 -1.9948 0.22994
5.5164 -0.28976 -1.8275 -2.6392 -1.4212 0.76596 -0.59257 0.23466 0.0081638 0.36221 -0.1266 -1.9767 0.10376
5.6087 -0.19134 -2.2374 -2.9132 -1.3188 1.1609 -0.4653 0.24054 -0.17738 0.062877 -0.15684 -1.8373 0.58756
5.6999 -0.64078 -2.2932 -2.9547 -1.2646 1.3167 -0.39495 0.18501 -0.12793 0.05204 -0.42575 -1.6816 0.84263
5.8607 -0.78504 -2.4031 -2.7677 -1.0649 1.2749 -0.21734 0.25045 -0.16427 0.088402 -0.44238 -1.737 0.89152
6.014 -0.88171 -2.7493 -2.3814 -1.1769 1.0988 0.034772 0.19342 -0.20828 -0.077519 -0.51293 -1.6242 0.94258
6.2079 -1.1716 -2.9411 -2.1668 -1.3667 0.97031 0.31237 0.092338 -0.34724 0.046985 -0.69945 -1.5533 1.0063
6.3247 -1.6068 -2.7705 -2.4326 -1.3009 1.2324 0.36359 0.069696 -0.37404 0.14592 -0.61814 -1.3608 0.95914
6.3097 -1.4139 -2.7074 -2.4804 -1.2642 1.2447 0.41799 0.13876 -0.61291 0.157 -0.78376 -1.3214 0.88718
6.3163 -1.4223 -2.8362 -2.3968 -1.3591 1.2668 0.16234 0.084385 -0.64589 0.12679 -0.78861 -1.1058 0.75846
6.4104 -1.7905 -2.7071 -2.579 -1.2933 1.3295 0.2563 0.079098 -0.5889 0.21184 -0.6518 -1.0228 0.82916
6.469 -1.8175 -2.6597 -2.5937 -1.2431 1.3826 0.2883 -0.097973 -0.66807 0.066218 -0.58345 -1.1355 0.7728
6.4104 -1.8765 -2.7032 -2.5748 -1.2303 1.2112 0.21029 -0.010657 -0.77006 0.16138 -0.76166 -1.0085 0.72111
6.2255 -1.9963 -2.6603 -2.4553 -1.3271 1.3547 0.099566 0.068236 -0.68235 0.31695 -0.69314 -1.0761 0.8075
5.7911 -1.2848 -2.7598 -2.4461 -0.84549 1.4865 -0.05954 0.11616 -0.74703 0.4122 -0.94452 -0.84814 0.8685
4.5252 0.26481 -2.5029 -2.3004 -0.13778 0.63709 0.44025 -0.56826 -0.28619 0.094939 -0.544 -0.62074 0.42824
3.5257 0.16702 -2.1264 -2.2076 0.11808 0.40613 0.55473 -0.62052 0.075783 0.096767 -0.76353 -0.2258 -0.057089
1.4317 -1.5911 -1.3684 -0.94035 0.96406 1.0044 1.3812 -0.63597 -0.26937 -0.41255 -0.66991 0.084564 -0.38859
-0.1841 -2.0308 0.17476 0.014348 1.5846 1.1506 -0.0035583 -0.68521 -0.068481 -0.018255 -0.48246 0.37795 -0.76231
