4.9777 -3.5398 -3.2754 -3.7942 -1.266 0.071299 -0.80134 -1.1372 -0.30648 -0.17065 -1.3686 -0.3816 0.25813
5.9494 -3.7376 -3.4067 -3.5285 -1.0618 0.36635 -0.76813 -0.33452 -0.48028 0.24582 -1.3257 -0.37129 0.27363
6.4014 -3.7883 -3.6944 -3.8789 -1.6901 0.015391 -1.4466 -1.1165 -0.90025 -0.45756 -2.344 -0.99232 -0.13532
6.5941 -3.8469 -2.9534 -3.3235 -1.4789 0.33133 -0.98981 -0.76936 -0.40095 -0.012721 -2.3263 -0.62701 0.20697
6.5296 -2.9837 -3.3608 -2.7939 -1.6824 -0.27591 -0.99273 -0.79146 0.42284 0.21223 -2.1415 -0.69881 0.060574
5.2019 -1.9767 -2.5847 -2.1831 -1.8368 -0.51825 -0.19389 -0.87772 0.38487 0.26445 -1.4116 -0.2983 -0.055788
3.1455 -1.9182 -0.77687 -1.475 -1.0518 -0.74385 -0.26554 -1.6982 0.1445 0.20323 -0.04839 -0.16483 -0.30504
5.3497 -1.9685 -2.9602 -2.7675 -1.682 -0.88761 -0.15646 -1.8232 0.31782 0.36043 -0.98142 -0.37014 -0.9004
5.8359 -1.6345 -3.1279 -3.242 -1.7837 -1.0419 -0.20274 -1.5876 0.1019 0.46268 -1.0438 -0.72013 -0.90318
5.5539 -1.2349 -2.6766 -2.836 -1.4823 -1.5264 -0.40651 -1.6316 0.17508 0.64276 -0.44809 -0.54471 -0.92374
3.3679 -1.5741 -1.171 -2.1342 -0.86359 -1.0507 -0.35643 -1.167 -0.58038 0.016823 0.16956 -0.13978 -1.0015
1.4222 -2.4486 0.53808 -0.74653 -0.47849 -0.25067 0.20964 -1.3488 -0.72877 -0.87461 -0.059185 -0.24673 -0.071796
1.0433 -2.6824 0.54164 -0.2351 0.19441 -0.048944 -0.61079 -1.4174 0.12771 -0.37358 -0.93714 -0.34849 -0.68997
0.99825 -3.1364 0.36876 -0.0019122 0.097698 -0.50757 -1.004 -1.424 -0.42443 -0.1725 0.034078 -0.11648 -0.99615
0.48894 -2.5582 1.0448 0.28407 -0.51717 -0.22731 -0.33339 -1.8367 -0.36763 -0.92441 -0.24963 -0.092926 -0.6379
0.70775 -2.5926 0.84828 0.055609 -0.51226 -0.45069 -0.51384 -1.6248 -0.075193 -0.76885 -0.55675 -0.34173 -0.57483
1.0884 -2.6023 0.40794 -0.1962 -0.55908 -0.77646 -0.48849 -1.1896 -0.18269 -0.57595 -0.19805 -0.57789 -0.52932
4.0874 -1.7333 -1.6161 -1.7903 -1.3457 -0.79512 -1.2887 -0.73983 0.20665 0.25607 0.19069 -1.2278 -0.23873
5.9095 -2.2252 -2.6695 -2.6985 -2.1131 -0.72204 -1.1315 -0.46974 0.28501 0.099329 -0.38154 -1.9009 0.12196
6.3126 -2.2825 -3.2188 -3.506 -1.6581 -0.089296 -0.89462 -0.25686 0.051064 0.043608 -0.83423 -0.99563 0.1319
6.3285 -2.9086 -3.4759 -3.4043 -1.7151 -0.35544 -0.61118 -0.28788 -0.17298 -0.52229 -0.90739 -0.57917 0.13259
6.296 -2.9931 -4.6796 -2.6284 -1.7372 -0.29355 -0.20057 -0.66613 0.058871 -0.80332 -1.0938 -0.74593 0.1265
6.3551 -3.4923 -4.9598 -2.4879 -1.1158 0.23492 -0.21474 -0.79056 0.082927 -0.55874 -0.90147 -0.55016 0.39724
6.2783 -4.3373 -5.1672 -2.3941 -1.724 0.45968 -0.84215 -1.1344 -0.4998 -1.2895 -1.0897 -0.81139 0.37976
6.214 -4.7691 -4.374 -1.6544 -1.1943 0.99923 -0.3589 -0.47725 -0.32757 -1.1174 -0.85904 -0.37052 0.78297
6.154 -5.1401 -4.3615 -1.3567 -1.3767 0.9055 -0.44625 -0.26918 -0.23055 -0.8465 -0.58128 -0.27619 0.8113
6.1636 -4.92 -4.8375 -1.3348 -1.4227 0.56004 -0.5708 -0.5663 -0.33218 -0.92416 -0.59201 -0.50664 0.65682
6.1462 -4.2385 -5.0923 -1.6894 -0.99514 0.52993 -0.36119 -0.59116 -0.43472 -0.76276 -0.69777 -0.46512 0.60272
6.1668 -3.1449 -4.7375 -1.9146 -0.5946 0.2189 -0.3429 -0.44399 -0.38045 -0.2137 -0.71986 -0.18509 0.6465
6.2101 -2.5989 -4.3815 -2.3779 -0.21796 -0.099505 -0.62408 -0.38368 -0.32349 -0.39646 -0.93746 -0.08652 0.55267
6.4115 -3.431 -4.3865 -2.9127 -0.74031 -0.26301 -0.87261 -0.72891 -0.15049 -1.0023 -0.90769 -0.37614 0.36625
6.5647 -2.9966 -3.9651 -2.7101 -0.60064 0.20707 -0.74449 -0.4284 0.0069004 -0.86749 -0.74137 -0.30717 0.86338
6.7823 -3.5588 -4.4587 -2.8345 -1.0854 -0.13659 -0.7956 -0.43959 -0.49696 -0.62726 -1.2577 -0.77007 0.8615
6.7081 -3.9124 -4.3329 -2.4701 -1.0976 -0.045993 -0.67304 0.16426 -0.42415 0.17881 -1.1971 -0.21021 1.1569
5.4246 -3.0335 -3.9001 -2.8712 -0.85443 -0.21804 -0.54386 0.060829 -0.24955 0.19258 -1.2124 -0.034755 1.0829
4.0509 -3.4315 -3.4766 -2.5921 -0.63873 -0.61066 -0.33264 -0.33 0.036928 0.067642 -1.1369 0.19422 0.89991
1.5343 -3.5503 -2.1455 -2.4961 0.34018 -0.63703 -0.17373 0.43067 -0.12652 0.25909 -1.1268 0.064751 1.1767
0.58502 -3.9766 -1.8066 -2.8844 0.20707 -0.73299 -0.0077525 0.79954 -0.049327 0.49706 -0.27435 -0.01264 0.82385
