0.87696 -2.1254 0.73423 -1.1183 -1.1038 -0.97245 0.16596 -0.99242 -0.041528 -0.49371 -0.23547 -0.94023 0.036616
2.371 -2.0636 -0.114 -1.8653 -0.99097 -0.81984 0.23009 -0.59428 0.35173 -0.30821 -0.74905 -1.4414 -0.32986
3.3349 -1.278 0.36186 -2.3015 -1.639 -1.2334 0.30277 -0.99241 0.47107 -0.28672 -0.79839 -1.597 -0.56963
4.163 -1.2515 0.38922 -2.831 -1.5264 -0.61138 -0.5987 -0.9487 0.27701 0.28095 -1.0682 -1.4346 -0.4611
4.6587 -1.4859 0.96897 -2.5737 -2.2251 -0.91841 -0.85156 -0.68954 0.12285 -0.1991 -1.0451 -0.59609 -1.1944
4.9506 -1.1316 0.33499 -2.7068 -1.9446 -1.3636 -1.1693 -0.80054 0.2462 -0.022623 -1.5504 -1.5254 -0.55279
5.3828 -1.1593 -0.68034 -2.0111 -2.3418 -1.1269 -0.72392 -1.0663 0.77945 -0.16208 -1.5842 -1.5176 -0.69801
5.542 0.3822 -0.74663 -2.7676 -1.0117 -0.94063 -0.6554 -1.4955 1.1025 0.63365 -1.6023 -1.4251 -0.5889
5.2415 0.35818 0.011805 -2.2652 -1.266 -0.77982 -0.2819 -1.4183 0.73725 0.74715 -0.39819 -1.5703 -0.8973
5.7134 0.43387 -0.85033 -2.2469 -1.4545 -0.71697 -0.38702 -1.6952 1.1583 0.53856 -0.76099 -1.3329 -0.97499
5.5943 0.40011 -0.21768 -2.7288 -1.4685 -0.58737 -0.4238 -1.9067 0.87137 0.80709 -0.68599 -1.4937 -0.92761
5.2925 0.50602 -0.0077381 -2.9269 -1.2288 -0.70538 -0.62092 -1.7202 -0.064936 0.47543 0.26242 -1.3908 -1.1855
4.1321 0.35077 0.52437 -2.062 -1.0499 -0.67952 -0.23732 -1.9245 0.58445 0.20608 0.5405 -0.61084 -0.52129
2.0321 -1.1385 1.7669 -0.38153 -0.64602 -0.4736 0.11936 -1.7183 0.77844 -0.19485 0.078233 -0.16817 -0.22873
1.5585 -1.8995 1.5374 0.4665 -0.40135 -0.37932 -0.154 -1.1722 0.69629 -0.54804 -0.43869 -0.12875 -0.53611
1.3125 -2.1052 1.572 1.0656 0.044509 -0.091606 -0.58719 -1.5224 0.80224 -0.3521 -0.60267 -0.043116 -0.63621
1.0161 -1.8057 1.617 0.30147 -0.59524 -0.62233 -0.37096 -1.4406 0.98108 -0.0079724 -0.29761 -0.47081 -0.21922
0.94307 -1.9823 1.7648 0.9956 -0.61677 -0.43425 -0.29056 -1.525 0.7175 -0.16232 0.11084 -0.31215 -0.61281
1.0186 -1.8479 1.5573 0.50187 -0.25841 -0.46445 -0.49563 -1.2339 0.90562 -0.40264 -0.47159 0.26016 -0.014684
1.6683 -1.3165 1.6981 -0.27245 -0.96741 -0.89158 -0.091282 -1.3674 1.005 -0.14822 -0.017895 -0.17247 -0.055899
2.2532 -1.3407 2.1821 -0.14455 -1.5368 -1.4205 0.12129 -0.64763 1.0907 0.01943 0.40533 -0.80079 0.23368
2.2199 -1.5855 1.4276 -0.8623 -1.1962 -0.80493 0.42119 -0.69565 0.7602 0.4103 0.61969 -0.7745 -0.18752
2.2014 -1.5589 1.1553 -1.3277 -0.76657 -0.48116 0.89202 -0.47374 0.34381 0.16836 0.25261 -1.1946 -0.32523
2.3059 -1.4193 0.66863 -1.5463 -0.073318 -0.019262 0.8147 -0.54149 0.22162 0.40836 0.076533 -0.94551 -0.48995
2.5665 -1.3349 0.49171 -2.1687 0.46887 0.32474 0.45257 -0.37449 -0.0033353 0.62122 0.226 -0.84939 -0.68782
1.8584 -1.7231 0.40615 -0.9931 0.68606 0.4705 0.51905 -0.28608 0.40946 -0.25531 -0.83235 -0.4374 -0.63056
2.0314 -2.1814 0.43225 -0.96551 0.25984 0.49011 0.72044 -0.36141 0.38961 -0.10307 -0.51374 -0.60661 -0.58514
1.9154 -1.8696 0.2405 -1.5384 0.66283 0.98654 1.0456 -0.21148 0.41096 -0.045947 -0.43713 -0.78844 -0.39372
1.4289 -1.7192 0.77217 -1.0389 0.9231 0.43349 0.22279 -0.50758 0.84563 0.33486 -0.39591 0.087457 -0.94111
1.7158 -2.3687 -0.15345 -1.1614 1.3025 1.2152 0.67027 -0.03361 0.4082 0.21711 -0.82308 -0.15688 -0.76446
1.8814 -2.6972 -0.37243 -1.1846 1.4073 1.4403 0.96443 -0.10309 -0.53077 0.069347 -0.44655 -0.31358 -0.77465
1.4693 -2.3073 -0.010124 -1.3158 1.1772 0.86084 0.78839 0.22598 -0.17808 -0.25625 -0.67736 -0.65959 -0.65858
2.0999 -2.4562 -0.58469 -2.1525 0.4102 0.94097 1.0082 0.02568 -0.08055 0.32258 -0.28017 -0.44487 -0.55447
0.43929 -2.7453 0.09934 -0.68351 0.67821 0.78247 0.61087 -0.29248 -0.16518 -0.26148 -0.70133 -0.32755 -0.080437
