5.1948 -1.2371 -1.5169 -1.3873 -2.3045 1.1113 -0.47668 -0.012239 0.61404 -0.17975 -1.0027 -0.53319 0.14649
6.1274 -1.612 -1.7058 -1.677 -1.8638 0.89136 0.14071 0.15597 0.74339 0.064473 -1.2731 -0.19927 0.28722
6.652 -2.3885 -1.8584 -1.5944 -1.6166 0.20335 0.42982 0.045421 0.84544 -0.60107 -1.1006 -0.5205 0.26676
6.728 -2.3992 -1.6849 -1.7317 -1.4402 0.44387 0.77573 0.098339 0.95824 -0.50677 -1.2142 -0.36205 0.15775
6.657 -2.2637 -1.7299 -1.7376 -1.6956 0.31444 0.57605 0.089268 0.76929 -0.44791 -1.1741 -0.52922 0.072394
6.4769 -2.2452 -1.1313 -1.6812 -1.5177 -0.024186 0.53561 0.32543 0.47383 0.3259 -1.2793 -0.36716 -0.067487
6.028 -1.1491 -1.8397 -0.80561 -1.6406 -0.4617 -0.016733 -0.69851 0.89818 0.61491 -1.1885 0.068389 -0.30439
1.6455 -1.1575 -1.1077 -0.72167 -1.0461 -0.78897 0.31273 -1.1696 0.87659 0.44016 -0.43488 0.072161 0.12737
5.7694 -1.6784 -1.435 -0.61548 -1.4577 -0.47181 -0.30152 0.13453 1.1171 0.63417 -0.98202 -0.055103 -0.023294
6.2382 -1.894 -1.822 -0.75966 -1.7633 -0.63602 -0.2434 0.088317 0.49198 1.1472 -0.81786 -0.68253 -0.69769
5.0376 -0.38191 -1.6211 -0.61807 -1.1416 -0.37403 -0.078026 -0.29769 0.42284 0.76959 0.25329 -0.70083 -1.0086
1.293 -0.25987 -0.48143 -1.6774 0.0036316 -0.41915 0.47612 -0.69566 0.013142 -0.029378 0.71382 0.48088 -0.3165
-0.4218 -1.6007 1.1356 -0.34505 -0.071496 -0.36049 0.23465 -0.57776 0.33213 -0.18346 -0.044639 -0.12025 -0.041253
-1.1298 -1.9656 1.1533 -0.056276 -0.26483 -0.65827 -0.17372 -0.40024 0.79797 -0.47078 -0.91809 -0.48488 0.157
-1.5793 -1.9677 1.2897 0.10079 -0.5781 -0.19035 0.63199 -0.49337 0.32814 -0.23102 0.092939 -0.64606 -0.11835
-1.6559 -2.1673 1.1365 0.31225 -0.094897 0.11634 0.43879 -0.45127 0.49705 -0.35586 -0.39553 -0.44777 -0.3497
0.15353 -0.77873 0.21258 -1.32 -0.61414 -0.24457 0.18689 -0.75012 -0.074084 -0.28709 -0.0030473 -0.11919 -0.12955
3.6429 0.83329 -1.3313 -1.7705 -1.2702 -0.042401 0.19622 -0.51685 0.10279 0.32692 0.58593 -0.79903 0.15604
5.2777 0.6433 -1.9591 -1.1218 -1.4001 -0.079174 1.0042 -0.47271 0.40983 0.1964 0.21972 -0.88854 -0.24439
5.8143 0.21756 -2.7284 -0.76261 -1.7812 0.45515 0.9903 -0.38717 0.36968 0.10301 0.15436 -1.197 -0.059221
5.9412 -0.18922 -2.9999 -1.0121 -1.9029 0.70761 1.145 -0.52823 0.18228 0.065278 0.0712 -1.2265 0.010557
5.9374 -1.0704 -2.5615 -1.4293 -1.7614 1.1627 0.94031 -0.23229 0.0023718 0.24269 -0.042601 -1.2409 0.37201
5.8948 -1.4974 -2.3423 -1.6574 -1.5048 1.3503 0.9389 -0.29033 0.14144 0.23067 -0.26806 -1.0647 0.6202
5.9011 -1.7807 -2.4449 -1.7138 -1.3428 1.5764 0.65413 -0.25177 -0.05958 0.20907 -0.557 -0.68396 0.63095
5.9428 -1.9149 -2.5506 -1.8901 -1.3111 1.5739 0.47387 -0.33535 0.045177 0.23772 -0.68866 -0.52888 0.62936
5.9318 -1.4987 -2.9689 -1.7225 -1.4397 1.6875 0.25163 -0.098482 -0.078118 0.2901 -0.60647 -0.75118 0.86509
5.745 -1.0533 -3.4415 -1.5179 -1.4825 1.81 0.23304 -0.041638 -0.14287 0.26945 -0.59788 -0.44037 0.75679
5.4024 -1.3641 -3.2356 -1.5756 -1.2117 1.7836 0.3353 0.026685 -0.31416 0.37165 -0.41107 -0.54578 0.85821
4.8229 -1.0723 -2.8221 -1.539 -0.98275 1.8126 0.44494 -0.019468 -0.377 0.36975 -0.44338 -0.54958 0.87272
4.3129 -1.0615 -2.3161 -1.6262 -0.6733 1.5952 0.48356 0.0046551 -0.3176 0.29323 -0.3813 -0.6399 0.72622
3.8737 -0.95803 -1.6319 -1.873 -0.3281 1.543 0.37903 -0.0070335 -0.31597 0.21548 -0.48386 -0.57747 1.0355
3.3921 -0.66298 -1.3069 -2.0977 -0.38066 1.208 0.40227 -0.13685 -0.047648 0.3182 -0.40421 -0.57657 0.94423
2.9309 -0.49059 -1.279 -2.1361 -0.39068 1.0321 0.62385 0.01213 0.060772 0.40654 -0.55712 -0.29409 0.7669
2.6462 0.1586 -0.81748 -2.5336 0.048237 0.59706 0.84609 -0.18725 -0.053878 0.327 -0.64124 -0.57781 0.86379
0.74257 -1.178 0.15572 -1.2019 0.20172 1.3273 0.81756 -0.40774 0.43183 -0.38427 -1.3777 -0.45768 0.39015
