1.6913 -1.7187 0.46354 -1.4265 -0.55161 -0.99791 -1.084 -1.197 0.25967 -0.77849 -1.133 -0.70875 -0.21403
2.7202 -1.6793 0.43577 -2.0808 -0.34637 -1.8149 -1.7503 -0.43777 0.78948 -0.67841 -1.6051 -0.85311 -0.15185
3.4266 -1.4102 0.056122 -2.088 -0.88028 -1.9471 -0.94481 0.031524 0.61839 -0.82525 -1.5142 -0.78659 0.24067
3.7012 -0.91092 0.31481 -2.6217 -1.3977 -1.7178 -0.81161 -0.20599 0.88668 -0.76785 -1.2328 -0.91411 -0.02643
2.8748 -0.85078 0.40811 -1.8892 -1.3179 -1.9037 -0.33601 -0.28819 0.069949 -0.53304 -0.26241 -1.1502 0.42765
2.9426 -2.1224 -1.2323 -0.62488 -1.3865 -2.0969 -0.121 -0.83895 0.30494 0.56393 0.075485 -1.0628 -0.34433
4.1574 -0.47956 -1.0618 -3.1524 -1.3443 -1.4522 -0.77867 -1.567 0.5258 -0.0011216 -0.66662 -1.4501 -0.65201
3.6536 -0.3406 -0.257 -2.6717 -1.461 -1.5367 -0.40171 -1.3849 0.10783 -0.12221 0.64226 -0.49263 -1.044
1.2923 -1.4775 1.8514 0.30307 -0.52976 -0.32494 -0.076747 -1.7543 0.55831 -1.0151 -0.54459 0.080395 -0.53315
1.0807 -1.8909 1.537 0.19205 -0.62638 -0.42489 -0.17064 -1.6057 0.51157 -0.5135 -0.3376 -0.26506 -0.36153
0.99863 -2.3959 1.1257 -0.077644 -0.89783 -0.7054 -0.50092 -1.8632 0.14811 -0.69031 -0.75095 -0.99321 -1.0063
1.0534 -1.7359 1.7816 0.11603 -1.0421 -0.56572 -0.059097 -1.8884 0.41006 -0.90235 -0.19356 0.026653 -0.56063
0.94231 -1.8796 1.6719 0.33021 -0.68313 -0.83731 -0.51065 -1.3983 0.88912 -0.44885 -0.56386 -0.37616 -0.41504
0.90178 -1.9391 1.1101 -0.40383 -1.2877 -1.0631 -1.0828 -2.0184 0.60802 -0.80825 -1.0239 -0.57347 -1.4012
3.6711 0.2678 0.026826 -3.0634 -1.2105 -1.0732 0.35675 -1.155 0.41894 -0.086402 -0.1325 -0.81155 -0.70051
4.378 -0.13826 -0.80259 -3.5485 -1.2452 -1.2635 0.16939 -0.49644 0.054292 -0.35412 -0.66469 -1.4114 -0.014791
4.0575 -0.41736 -0.80061 -3.2788 -1.3544 -1.8676 0.34431 -0.25062 -0.17182 -1.1603 -0.73346 -1.0234 -0.07645
3.5471 -1.0548 -0.98794 -2.8367 -0.64208 -1.3055 -0.2341 -0.49712 -0.046374 -0.46293 -0.99863 -0.71909 0.20897
3.588 -1.7175 -1.5818 -3.6416 -0.20427 -1.1541 -0.99291 -1.2376 -0.11678 -0.61122 -1.574 -0.90163 -0.36811
3.4146 -1.605 -1.5762 -2.8674 0.25158 -0.81576 -0.55906 -1.2054 0.20791 -0.58932 -1.2597 -0.68283 -0.10382
3.2609 -1.3135 -1.3785 -2.5306 0.38859 -0.69549 -0.082887 -1.1479 -0.11782 -0.092328 -0.99011 -0.78146 0.25991
3.3537 -1.8194 -2 -2.3951 0.0068539 -0.96677 -0.27653 -1.2175 -0.37154 -0.30149 -1.2443 -0.75094 0.12246
3.2405 -1.7725 -1.9835 -2.7568 -0.23818 -1.3895 -0.52342 -1.1637 -0.78552 -0.56599 -1.3938 -0.79341 -0.082014
3.0858 -1.4903 -1.4527 -2.1547 -0.63088 -1.5688 -0.16554 -0.73187 -0.68955 -1.1888 -1.0251 -0.65115 -0.17329
3.276 -1.4125 -1.271 -2.4273 -0.42545 -1.1744 0.050154 -0.35196 -0.99351 -1.137 -0.88431 -0.47681 -0.14766
3.645 -1.2127 -1.7934 -3.4056 -0.24474 -0.92308 -0.43117 -0.47236 -0.60281 -1.2599 -0.95938 -0.65007 -0.10465
4.1375 -1.2285 -2.4545 -4.0523 -0.023464 -0.89895 -0.095611 -1.1413 -0.67048 -1.5326 -0.66192 -0.98761 0.49292
4.3017 -1.5913 -2.8168 -3.3627 0.28027 -0.47874 0.33743 -0.80796 -0.65226 -0.3781 -0.81482 -0.70684 0.5969
3.9787 -2.8505 -3.2983 -3.2303 0.39658 -0.16367 0.32019 -1.0381 -0.083299 -0.52461 -1.2928 -0.4015 0.18413
2.6333 -3.4017 -2.7344 -2.8094 -0.13455 -0.087082 0.33395 -0.33594 0.089753 -0.078307 -1.1127 -0.24273 0.88144
