3.4185 -1.4014 -0.57579 -1.9407 -0.85997 0.51327 -0.1294 -0.55258 0.3518 0.055543 -0.47072 -0.9721 -0.39862
5.4289 -2.3936 -0.93776 -2.261 -1.2512 0.67445 -0.53027 -0.24665 0.17443 0.47189 -0.76977 -1.3019 0.14976
5.9673 -2.2153 -1.242 -2.3691 -1.2899 0.39799 -0.9802 0.064178 0.089368 0.94622 -1.0696 -1.4392 0.32218
6.2201 -2.1874 -0.49598 -2.2789 -1.5958 0.19002 -1.1613 -0.0095526 0.57282 1.1233 -0.88555 -1.7327 0.071512
6.2283 -1.9357 -0.66248 -1.8753 -1.6839 0.0076826 -0.89727 -0.18198 0.7242 0.7065 -0.79329 -1.3675 -0.27934
5.9315 -1.3053 -1.065 -1.9689 -0.69368 -0.69559 -1.3114 0.18921 0.45156 0.61275 0.12442 -1.7702 -0.38086
4.4849 -1.0307 -1.5032 -1.3925 0.066324 -1.4421 -0.67822 -0.48152 0.55616 0.80203 -0.27383 -0.57545 -0.38657
4.1905 -1.4231 -1.2085 -1.1039 0.36474 -1.3773 -0.69014 -1.0068 0.56056 0.96637 -0.63878 -0.31566 -0.51666
5.5064 -1.0987 -1.4748 -0.99694 -0.59106 -1.1941 -0.38107 -0.92524 0.58815 0.79419 -0.28557 -0.80098 -0.36743
5.9079 -1.1764 -1.4146 -1.4731 -1.0909 -1.169 -0.21914 -1.1506 0.4427 0.48375 -0.1612 -1.0399 -0.29014
5.3943 -0.86293 -0.92616 -1.9151 -1.1503 -0.75251 -0.43853 -1.4036 0.29325 0.30503 0.082528 -0.63705 -0.31975
3.754 -0.99412 -0.13497 -1.5701 -0.94689 -0.64634 0.24236 -1.5587 0.25249 0.11247 0.61004 -0.14395 -0.10164
1.1305 -2.0771 1.2065 0.11065 -0.67477 -0.035662 0.27558 -1.4003 0.010527 -0.66721 -0.049879 -0.15768 -0.31878
0.99129 -2.9815 0.59035 0.54125 0.67528 0.099714 -0.80112 -1.1448 0.013517 -0.17316 -0.44611 -0.00094031 -1.113
0.4514 -2.5954 0.97543 0.61742 -0.0022679 -0.027901 -0.31356 -0.99328 0.21846 -0.32313 -0.42017 -0.22324 -0.57903
0.57925 -2.7712 0.55759 0.0098838 0.099546 -0.25453 -0.62121 -1.1006 -0.24068 -0.5703 -0.3998 -0.038721 -0.88647
0.8549 -2.6973 0.27902 -0.58938 0.3545 0.078725 -0.29108 -1.1166 -0.62087 -0.77452 -0.62379 -0.0081363 -0.54874
2.0576 -1.8542 0.57643 -1.6178 -0.79138 -0.61391 0.14994 -0.79255 -0.31264 -0.7467 0.48799 -0.11405 -0.71457
4.0271 -1.1601 0.13674 -2.1182 -1.0315 -0.12514 0.076458 -0.90319 -0.60036 0.19078 0.39875 -0.35369 -0.3364
5.1584 -1.2264 -0.046467 -2.5604 -1.5711 -0.027911 -0.16888 -1.0818 0.048245 0.57607 0.45557 -0.32037 -0.35818
5.5275 -1.3741 -0.38499 -2.9613 -1.4445 -0.036653 -0.29471 -0.66263 -0.10243 0.88142 0.14736 -0.92876 -0.18669
5.6958 -1.8498 -0.49029 -2.9718 -1.3081 -0.25062 -0.24309 -0.38295 -0.57186 0.95138 -0.15716 -1.3868 -0.16344
5.9089 -1.9069 -0.97542 -2.8219 -1.3744 0.0064449 -0.095732 -0.39361 -0.13628 1.0351 -0.64318 -1.1773 -0.17704
5.944 -2.0254 -1.0758 -2.5347 -1.4208 0.20837 0.26365 -0.30846 0.073547 0.91134 -0.92067 -0.99217 -0.22396
5.9461 -2.0252 -1.3777 -2.4652 -1.3167 0.17039 0.41702 -0.52347 -0.19026 0.93355 -1.2323 -0.9566 -0.11155
5.9163 -1.9707 -1.6516 -2.6296 -1.1405 -0.012185 0.57799 -0.45068 0.023197 0.78477 -1.2261 -0.98959 0.15491
5.7196 -1.7515 -1.5899 -2.5759 -0.70316 -0.070083 0.2864 -0.022781 -0.31706 0.78128 -1.44 -0.99111 0.2998
5.6662 -1.8594 -1.5245 -2.5676 -0.41625 -0.29226 0.21324 -0.0095623 -0.32041 0.78022 -1.5284 -0.83651 0.19283
5.5715 -1.8631 -1.6902 -2.421 -0.63928 0.05449 0.15422 -0.21216 0.14987 0.45264 -1.3219 -0.64138 0.07056
5.3507 -1.6955 -1.2915 -2.4786 -0.75947 0.27171 0.087585 -0.31311 0.020244 0.46956 -1.2041 -0.8262 0.19426
5.2138 -1.3754 -1.4162 -2.616 -0.50275 -0.025655 0.043705 -0.33015 -0.19707 0.64642 -1.1675 -1.0713 0.31216
5.0237 -1.6109 -1.049 -2.6286 -0.73952 0.20482 0.17303 -0.41064 0.084872 0.52964 -0.92845 -1.0211 0.15937
4.5513 -1.6529 -1.0263 -2.6402 -0.20287 0.4034 0.017711 -0.41981 -0.006616 0.33045 -0.92956 -0.75752 -0.15377
3.9716 -1.6058 -0.67879 -2.4653 -0.26818 0.32855 0.25966 -0.78466 -0.074901 -0.00050093 -0.60525 -0.92793 -0.59407
3.4658 -1.3219 -0.60685 -2.0319 -0.070671 -0.0562 0.36383 -0.79692 0.049228 -0.10114 -0.63861 -0.63763 -0.74636
2.788 -1.4352 -0.14573 -1.7024 0.1749 -0.0044177 0.45138 -0.90863 0.46589 -0.40277 -0.73905 -0.3758 -0.65649
2.3414 -1.7098 0.49041 -1.1226 -0.46388 -0.35184 0.54669 -0.77951 -0.028242 -0.64705 -0.25467 -0.65047 -0.62241
1.6512 -1.9834 0.40132 -0.76482 -0.2824 -0.033769 0.52025 -0.80639 -0.22824 -0.64559 -0.17317 -0.16119 -0.89002
0.90816 -2.08 0.82613 -0.71416 -0.078535 0.12325 0.32602 -0.94008 0.28106 -0.5255 -0.76265 -0.28036 -0.29504
