2.3855 -3.741 -1.9727 -1.4741 0.22092 0.3764 -0.27388 -0.35412 -0.16069 -0.63098 -0.81363 -0.30139 0.44527
1.5132 -3.0629 0.03087 -0.90199 -0.34292 -0.32343 0.44329 -0.035988 -0.11932 -0.3608 -0.47368 -1.0476 0.2543
2.5091 -2.4374 -0.64248 -2.2277 -0.45368 -0.25231 0.35239 -0.50485 -0.015584 -0.20817 -1.0829 -1.0052 -0.29591
2.5711 -2.0897 -0.21333 -2.0876 -0.59312 -0.30207 0.52042 -0.43768 0.057409 -0.65117 -0.83117 -1.0121 -0.54807
3.8706 -1.9478 -0.83492 -2.7027 -0.75692 -0.001191 0.87869 -0.56658 0.88117 -0.10371 -1.0223 -1.2568 -0.034479
4.3269 -1.6429 -0.56427 -3.1214 -0.66937 -0.13458 0.09887 -0.51051 0.59108 0.28585 -1.1899 -1.2756 0.26237
4.8299 -1.9261 -0.90245 -3.0416 -0.36398 -0.11691 -0.15221 -0.38283 0.37221 0.31389 -1.3995 -0.78948 0.19992
4.7375 -1.2614 -0.62782 -2.7412 -0.68066 -0.67732 0.49923 -0.47023 0.4428 -0.16618 -0.90929 -0.88948 0.12988
4.5152 -0.95948 -0.20286 -2.4803 -0.8829 -0.79808 0.23105 -0.58211 0.77594 -0.43057 -0.58342 -1.1533 0.22271
3.9405 -1.4162 -0.17534 -2.0465 -0.82705 -1.0025 -0.43793 -0.8943 1.2088 -0.0006577 -0.58901 -1.0227 0.0040389
2.2827 -1.9955 0.62364 -0.73186 -0.27339 -0.96347 -0.75389 -0.84637 0.90546 0.3604 -0.1092 -0.31967 -0.14541
3.9363 -1.2428 0.039031 -1.3924 -0.46473 -1.1547 -0.87266 -1.332 1.1891 0.40941 -0.50234 -0.6315 -0.31433
3.0722 -1.7841 0.52527 -0.89121 -0.51251 -0.90937 -0.5224 -1.3084 0.36811 0.0058623 0.090038 -0.32645 -0.48868
1.2122 -2.6453 0.78789 0.35846 0.25287 -0.20764 -0.73729 -1.0955 0.10536 -0.09959 -0.12682 0.24988 -0.46298
0.35228 -2.7369 0.59304 0.28895 0.11867 -0.071203 -0.31437 -0.63652 0.21327 -0.21385 -0.45494 -0.2061 -0.31805
-0.26711 -2.9274 0.41878 0.29876 0.69757 0.18806 -0.60757 -0.76479 -0.048204 -0.29479 -0.69248 0.025428 -0.71103
-0.35788 -2.8524 0.34884 -0.051926 0.15205 -0.053731 -0.1321 -0.37833 -0.18519 -0.1906 -0.094452 -0.1082 -0.43463
-0.56871 -2.8109 0.48827 0.23402 0.53838 0.14247 -0.40369 -0.64587 -0.13717 -0.19903 -0.28202 0.12828 -0.56744
-0.25684 -2.8294 0.40963 0.027348 0.17413 -0.11995 -0.31131 -0.59889 -0.20343 -0.094998 0.14439 0.11108 -0.39562
0.35685 -2.5987 0.81349 0.20594 -0.53995 -0.53182 -0.34911 -0.8524 0.24767 -0.18957 -0.18568 -0.42072 -0.13942
2.5623 -2.0179 0.51537 -1.0664 -0.60259 -0.79014 -0.35103 -1.341 0.5544 0.24198 0.17788 -0.052959 -0.016484
3.53 -1.6038 0.028907 -2.1834 -1.0222 -0.70389 -0.007614 -1.0476 1.0182 0.30153 -0.34425 -0.79361 -0.42197
4.6868 -1.5186 -1.2644 -2.5619 -1.0313 -0.8801 0.41298 -0.5432 0.53343 0.06865 -0.6407 -1.4126 0.16342
4.8369 -1.3468 -1.1148 -2.7154 -0.882 -0.73062 0.14734 -0.88719 0.85471 0.024799 -0.83599 -1.3439 -0.33985
5.0575 -1.3329 -1.383 -3.0578 -0.99845 -0.35388 0.82759 -0.84701 0.4204 0.08275 -0.61314 -1.2393 -0.35145
5.0759 -1.3566 -1.5296 -3.4259 -0.63401 -0.23 0.76528 -0.92331 -0.047367 0.34359 -0.86882 -0.97503 -0.19035
4.9652 -1.3455 -1.3155 -3.4725 -0.81203 -0.10413 1.1292 -0.5378 -0.45716 -0.042422 -0.266 -1.0528 -0.22474
4.9585 -1.3078 -0.96156 -3.6962 -1.2485 0.060522 1.515 -0.91047 -0.60653 0.1316 -0.41463 -0.74005 -0.36576
4.9675 -1.255 -1.29 -3.663 -0.83464 -0.089781 1.3464 -0.68568 -0.70634 0.20775 -0.33292 -0.80998 -0.36911
5.0077 -1.1332 -1.1604 -3.7904 -0.90315 0.010073 1.3696 -1.0804 -0.53925 0.51823 -0.59799 -0.98405 -0.29863
4.9751 -1.2838 -1.1671 -3.877 -0.60423 -0.14091 1.0115 -0.78619 -0.29395 0.30947 -0.7492 -1.009 -0.2509
4.9029 -1.342 -1.4326 -3.6573 -0.39095 -0.24522 0.60366 -0.7164 0.059852 0.062387 -0.68955 -0.88838 -0.1301
4.8997 -1.5284 -1.6513 -3.5144 -0.5614 -0.26227 0.57394 -0.8034 0.36942 0.067046 -0.89934 -1.0069 -0.141
4.7375 -1.3327 -1.0542 -3.6165 -0.62491 0.18104 0.20137 -0.86552 0.51327 0.081106 -0.84879 -0.99038 -0.0099478
4.702 -1.6088 -1.4685 -3.2075 -0.6789 -0.34905 0.4127 -0.57351 0.48119 -0.096972 -0.83351 -0.91737 0.17148
4.3359 -2.0033 -1.6072 -2.8977 -0.68446 -0.56696 0.5295 -0.4791 0.4791 -0.13865 -0.85456 -0.92457 0.20818
4.5682 -2.0745 -1.4674 -3.0851 -0.72478 -0.4631 0.83655 -0.13082 0.49104 -0.039295 -0.81671 -0.97749 0.3538
4.4094 -1.6502 -1.4981 -3.2921 -0.36477 -0.17215 0.36976 -0.68066 1.0933 -0.1488 -1.2718 -0.35835 -0.18476
3.6824 -2.4705 -1.4357 -1.6917 -0.11942 -0.44838 0.032081 -0.39357 0.52154 -0.41505 -1.222 -0.89391 -0.083335
2.8272 -3.1949 -0.98492 -1.0149 1.0667 1.0107 0.01415 -0.24971 0.3184 -0.43988 -1.1042 -0.34075 -0.018775
