6.1367 -3.2341 -2.3869 -2.7836 -0.6137 0.88078 -0.15686 -0.46726 -0.029051 -0.23362 -1.3755 -0.092292 0.39107
6.0374 -2.5408 -2.3802 -3.0113 -0.87219 0.7464 -0.35088 -0.30904 0.099723 -0.59593 -1.0332 -0.39312 0.3673
5.8556 -1.6803 -1.9352 -2.8793 -0.88253 0.34081 -0.13542 -0.52997 0.41668 -0.39022 -1.2252 -0.39381 0.27673
5.4967 -0.93983 -1.7189 -2.7298 -0.97811 -0.35042 -0.0034969 -0.49093 0.31882 -0.22206 -0.47019 -0.89406 0.089217
2.8031 -0.97686 0.13082 -1.3202 -0.14187 0.023411 0.38804 -0.24097 0.25959 -0.27289 -0.068986 -0.35373 0.12823
1.5686 -2.0635 0.1953 -0.15152 -0.21557 -0.36837 0.16916 -0.81666 0.2587 -0.50158 0.0041787 0.20312 0.078799
3.9546 0.040892 0.16405 -1.9128 -0.68154 -0.56245 0.33027 -0.69326 0.93037 -0.31132 -0.23689 -0.69399 -0.018279
4.9084 -0.128 -0.68698 -2.8673 -1.2843 -0.46583 -0.1403 -0.93666 1.0767 -0.54292 -0.63676 -0.98453 -0.039237
4.7486 -0.1312 -0.88349 -2.5536 -0.83007 -0.85964 0.01481 -0.8685 0.62264 -0.17586 -0.19961 -0.99544 -0.08596
3.6268 -0.72102 -0.33663 -2.2447 -1.0138 -0.90722 0.13774 -1.3088 0.52953 -0.022737 0.070504 -0.7421 -0.22317
1.5065 -2.1588 1.1526 0.042319 -0.59785 -0.361 0.21184 -1.0307 -0.2428 -0.63887 0.21045 -0.18553 -0.19784
1.4574 -2.6091 0.92635 0.24421 -0.44437 -0.35039 -0.25102 -1.1238 0.056257 -0.68002 -0.53038 -0.54044 -0.83077
1.1807 -2.2823 1.222 0.41312 -0.43995 -0.30667 -0.33484 -1.3906 0.42296 -0.64411 -0.73053 -0.39323 -0.44857
1.4214 -2.7439 1.0033 0.66294 0.027048 0.031376 -0.49095 -1.7104 -0.42365 -1.1059 -0.6632 -0.019986 -0.43931
1.2548 -2.5585 1.2309 0.75645 -0.050137 -0.03614 -0.44214 -1.5789 -0.15248 -1.0382 -0.58247 0.066323 -0.43427
1.3052 -2.7075 1.2026 0.86597 -0.065618 -0.16514 -0.73546 -1.6426 0.060632 -0.59536 -0.52697 -0.057196 -0.63102
1.1593 -2.5694 1.1762 0.79788 -0.10688 -0.23001 -0.70489 -1.5323 0.24154 -0.62455 -0.66077 -0.056763 -0.40674
2.9966 -1.0014 0.15145 -2.311 -1.3761 -0.8479 0.34622 -1.4045 0.66237 0.0004384 0.23321 -0.5971 -0.25373
4.8804 -0.77264 -1.161 -3.7886 -0.89855 0.035311 0.42959 -0.80117 0.27437 0.22795 -0.4908 -1.0725 -0.016167
5.2342 -1.1895 -1.6472 -3.515 -0.97439 0.44739 0.50472 -1.2154 0.037692 0.14758 -1.2042 -0.73102 0.18362
5.3918 -1.3259 -1.9603 -3.5543 -0.67751 0.79505 0.092707 -0.75089 0.094307 -0.13582 -0.89821 -0.53551 0.31554
5.427 -1.2133 -2.226 -3.4044 -0.39883 0.6126 0.2182 -0.82276 -0.13988 -0.3609 -0.68701 -0.34588 0.059861
5.5657 -0.92779 -2.5017 -3.5631 -0.31945 0.68796 0.39299 -1.1935 -0.12963 -0.10157 -1.2568 -0.049107 0.29104
5.537 -1.0496 -2.739 -3.4624 0.10319 0.4596 0.37842 -0.74694 -0.44526 -0.027037 -0.78277 -0.047179 0.14833
5.2798 -1.2947 -2.8671 -3.049 0.24319 0.51499 0.53933 -1.073 -0.2481 -0.38458 -0.91045 -0.1579 -0.057318
5.0862 -1.3553 -2.9293 -3.0666 0.43852 0.29763 0.61239 -0.99196 -0.45829 0.0092628 -0.94187 -0.32705 0.13009
4.9622 -1.5049 -2.8777 -2.6684 0.099327 0.59101 0.60228 -1.1455 -0.084426 0.099089 -0.92647 -0.15012 0.024746
4.9841 -1.7414 -2.9367 -2.5824 0.34447 0.30415 0.42987 -1.004 -0.63057 0.078279 -0.84344 -0.38579 0.14465
5.0763 -2.2415 -2.8942 -2.4456 0.12265 0.50947 0.37618 -1.0729 -0.39068 0.049065 -1.0871 -0.14035 0.13072
5.1009 -2.1284 -2.9993 -2.4185 0.041618 0.49487 0.1465 -1.1014 -0.22504 -0.079068 -1.2344 -0.1317 0.012357
5.1291 -1.8657 -2.9029 -2.7912 0.26097 0.24481 0.23349 -0.79798 -0.58515 -0.073854 -0.96155 -0.46778 0.13359
4.9821 -1.8732 -2.9556 -2.6673 0.16764 0.12095 0.41242 -1.1499 -0.53064 0.16498 -1.3987 -0.12722 -0.056653
4.6082 -2.5248 -2.6132 -2.3288 -0.080034 0.44522 -0.013304 -1.1828 -0.20575 0.0023462 -1.2547 -0.014764 -0.13286
4.0363 -2.2704 -2.2681 -2.4192 0.1329 0.18928 -0.58111 -1.1411 -0.1776 -0.067001 -1.0139 0.19859 -0.79879
3.2301 -1.7359 -1.1661 -3.0775 0.35971 0.57553 -0.62826 -1.0242 -0.079509 -0.23885 -0.94197 -0.16002 -0.61805
2.5091 -2.6876 -1.3554 -2.0984 -0.064683 0.15748 -0.56324 -1.1311 -0.21378 -0.22223 -0.78358 -0.1242 -0.74606
3.5148 -2.4061 -2.1935 -3.302 -0.22189 0.24046 -0.59207 -0.94807 -0.26225 -0.52674 -0.89128 -0.53853 -0.59682
1.6677 -2.5118 -1.6643 -2.7199 0.37152 0.78817 -0.12551 -0.3199 0.051972 -0.027882 -0.70452 -0.24448 -0.22977
0.97826 -2.1192 0.2035 -2.191 -0.12285 0.00070897 0.90697 -0.55062 -0.52611 -0.35343 0.17299 -0.31586 -0.14816
-0.96095 -2.5252 -0.025017 -0.68538 -0.11403 -0.28437 -0.3084 -0.93041 -0.28546 -0.27813 -0.07673 -0.072128 -0.56828
