4.8472 -3.1487 -2.5496 -2.6111 -0.67725 1.4998 -0.71392 -0.10841 -0.0026364 -0.12054 -0.77445 -0.058223 -0.025835
6.053 -2.5603 -2.9136 -2.8137 -0.82476 1.1103 -0.42206 -0.61625 -0.1867 -0.26254 -0.9961 -0.51225 0.32774
6.3996 -3.02 -2.2704 -2.8907 -1.1116 1.5291 -0.20232 -0.8476 0.22121 -0.42969 -1.3365 -0.45154 0.60428
6.5823 -2.8982 -2.2399 -2.6251 -1.3306 1.3223 0.00051641 -1.0885 0.28855 -0.51375 -1.2465 -0.80928 0.53924
6.49 -2.5799 -2.0204 -2.4467 -1.3848 0.86421 0.23079 -0.93368 0.51938 -0.32292 -1.4839 -0.61618 0.42997
6.2904 -2.0905 -2.244 -2.3258 -1.5873 0.14744 0.276 -0.61504 0.40332 -0.5301 -1.0195 -0.58331 -0.06559
5.7947 -1.2628 -2.0762 -1.9441 -1.3225 -0.17745 0.22423 -0.51454 0.72939 -0.28825 -0.48366 -0.93162 -0.22266
3.2973 -0.76344 -0.51117 -2.2863 -0.71677 -0.62608 0.50773 -1.017 0.94345 0.12058 -0.30177 -0.62406 -0.10738
3.1024 -0.45191 0.81672 -1.7214 -0.57017 -0.76866 0.26593 -0.81661 0.69414 0.20597 -0.30928 -0.59731 0.17515
4.83 -0.04919 -0.99502 -2.617 -0.88917 -0.82269 -0.26091 -0.9396 1.122 -0.51458 -0.25785 -0.73635 -0.3858
4.0096 -0.27254 -0.43286 -2.6689 -0.82452 -0.66264 -0.14226 -1.1975 0.93776 -0.054859 0.20715 -0.78973 -0.23079
1.5862 -2.0957 1.0396 -0.045147 -0.33065 -0.21432 0.016226 -1.2053 -0.21358 -0.77061 -0.27281 -0.14227 -0.0044465
1.306 -2.6727 0.88875 0.54757 0.59386 0.22003 -0.73876 -1.7005 -0.37416 -0.93034 -0.51653 0.62543 -0.17748
1.1967 -2.6622 1.0057 0.621 -0.0051387 -0.042252 -0.54516 -1.6626 -0.43125 -0.82392 -0.16961 0.21964 -0.43109
1.0669 -2.6147 0.81035 0.17363 -0.54431 -0.195 0.27629 -0.6488 -0.23557 -0.6122 -0.13609 -0.57844 -0.32398
1.0215 -2.5736 0.85021 0.31093 0.051999 -0.13974 -0.50828 -1.2894 -0.14352 -0.73813 -0.56562 0.030582 -0.40158
1.0007 -2.6939 0.91424 0.66207 0.3576 0.11673 -0.73022 -1.6043 -0.15597 -0.84593 -0.59585 0.377 -0.36534
1.0587 -2.6391 1.1022 0.7904 0.043449 -0.16339 -0.74373 -1.5427 0.065149 -0.64313 -0.43467 0.21813 -0.26666
1.926 -1.3202 1.163 -0.66335 -1.4252 -0.91516 -0.13995 -1.4468 0.74681 -0.38525 0.082713 -0.49133 -0.054311
3.8628 -0.86032 -0.40678 -3.0415 -1.2355 -0.31936 0.64337 -0.91383 0.19036 0.04451 0.062566 -1.1956 -0.35229
4.4584 -1.227 -1.0637 -3.3034 -1.0208 -0.075898 0.72405 -0.82861 -0.054213 -0.030182 -0.39377 -1.0518 0.065778
4.5985 -1.2333 -1.4137 -3.3567 -0.82681 0.046595 0.69336 -0.96483 -0.061464 0.0092081 -0.70339 -0.91927 0.17206
4.5705 -1.3006 -1.6179 -3.2599 -0.69949 0.39881 0.54131 -0.89075 0.036336 -0.2114 -0.6625 -0.51641 0.056013
4.5375 -1.1038 -1.4183 -3.4256 -0.63816 0.75655 0.58781 -1.1809 0.019555 -5.1472e-06 -0.82521 -0.42914 0.15533
4.6094 -0.80955 -1.9426 -3.6856 0.11663 0.61704 0.20684 -0.95205 0.12081 -0.40221 -0.91478 -0.10007 -0.091054
4.7425 -1.3964 -2.6231 -3.119 0.042413 0.42163 0.71446 -1.0338 -0.14233 0.035342 -0.99629 0.011412 0.061554
4.3628 -1.8368 -2.484 -2.7935 0.24103 0.24136 0.56529 -0.73934 -0.59067 0.42935 -0.7283 -0.1767 0.23327
4.2447 -1.8454 -2.2195 -2.9006 -0.01396 0.40543 0.22566 -0.51324 -0.82299 0.39054 -0.50658 -0.34996 -0.041691
4.4318 -2.006 -2.5713 -2.5487 0.32229 0.38782 0.49624 -0.78945 -0.5832 0.35469 -0.77048 -0.3439 0.2018
4.4819 -1.8723 -2.4371 -2.4692 -0.040116 0.35962 0.56287 -0.90401 -0.56099 0.04109 -0.6987 -0.18447 0.13524
4.8041 -1.2458 -2.9271 -2.8279 0.27214 0.099679 0.78756 -1.1245 -0.51472 -0.11507 -0.72139 -0.51049 0.01667
5.0324 -1.0972 -2.7934 -3.1163 0.32296 0.31547 0.4656 -0.90798 -0.35502 -0.20522 -0.80876 -0.21822 -0.15166
5.3016 -0.99865 -2.5983 -3.5131 0.17839 0.46607 0.12765 -0.97889 -0.15105 -0.53987 -0.90619 -0.39725 -0.28868
5.4596 -0.727 -2.4536 -3.7952 0.18622 0.76819 -0.079188 -0.8207 -0.2633 -0.3622 -0.96774 -0.15431 -0.34203
5.1823 -0.7019 -2.4056 -3.5626 0.050913 0.50626 0.15153 -1.0465 -0.062415 -0.23107 -0.86578 -0.30722 -0.23591
4.9791 -1.0457 -2.4819 -3.4848 0.21629 0.30524 0.14437 -1.1247 0.1128 -0.17015 -1.19 -0.090458 -0.20204
4.6749 -1.7546 -2.5019 -3.0946 -0.35845 0.17433 -0.046057 -1.3469 0.17306 -0.26491 -1.2205 -0.019351 -0.25713
4.5488 -2.6429 -2.2675 -2.8215 -0.45967 0.6299 -0.50945 -0.82757 -0.15796 -0.32921 -1.0393 -0.22879 -0.30129
3.6016 -2.4323 -1.8193 -3.0248 -0.052964 0.5432 -0.17912 -0.8345 -0.26507 -0.22744 -0.96868 -0.23492 -0.32784
2.3012 -2.3982 -1.0905 -2.6502 -0.023439 0.060933 -0.43765 -1.0477 -0.091508 -0.40121 -0.98232 -0.086283 -0.70867
2.9358 -2.6607 -2.1394 -2.7836 -0.015174 0.24602 -0.38484 -0.74841 -0.052216 -0.059744 -0.98101 0.0072356 -0.22155
-1.4438 -2.5358 -0.14953 -0.79155 0.40041 0.021396 0.12755 0.19513 -0.16589 -0.22959 -0.42905 -0.29896 -0.023087
