1.2275 -0.29997 -0.52122 -2.4827 -0.87746 0.79859 -0.25175 -1.392 0.44016 -1.1673 -0.83526 -0.98941 -0.18103
3.7341 -0.39845 -1.4577 -3.3935 -0.98711 1.6756 -1.2919 -0.68961 0.24546 -0.75139 -0.89458 -1.0288 0.17641
4.1871 -0.31649 -1.9742 -2.983 -1.0838 1.8201 -1.0352 -0.81353 0.21275 -0.97938 -0.64655 -0.84007 0.096993
4.1791 -0.88457 -2.2071 -2.0233 -0.85979 1.6577 -1.1875 -0.56951 0.26414 -0.77159 -0.73102 -0.66815 -0.074194
5.4308 -1.933 -3.3255 -1.7568 -1.2583 2.1451 -1.4143 -0.32336 0.34364 -0.98758 -0.93591 -0.57778 -0.047412
5.0016 -0.81064 -2.9215 -1.6638 -0.94888 1.5417 -0.87408 -0.27249 0.62068 -1.0802 -0.57947 -0.33863 -0.085163
4.8238 -1.009 -2.9407 -1.4984 -1.3657 1.4379 -1.026 -0.64066 0.79057 -1.3215 -0.58531 -0.53065 -0.31624
4.1739 -0.17099 -2.8228 -1.1453 -1.4853 0.67786 -0.72025 -1.0422 1.5174 -0.97164 -0.329 -0.54237 -0.91956
0.4537 -1.3235 0.2694 -0.11473 0.1961 0.55447 -0.054116 -1.0414 0.64495 0.012078 -0.4876 -0.61387 -0.024369
2.276 0.053936 -1.1531 -0.88172 -0.76693 -0.13547 -0.20405 -0.90289 0.88978 0.2117 -0.68678 -0.43919 -0.043948
4.0175 0.22478 -2.6495 -1.0894 -1.2804 -0.30589 -0.26553 -1.8279 0.83357 0.21435 -0.89682 -0.89748 -0.37446
3.5427 0.84606 -1.8087 -1.4035 -0.80627 -0.53007 -0.12538 -1.8144 0.14692 0.5759 -0.28983 -0.75655 -0.4619
0.67502 -0.12332 1.0974 -0.83324 0.067999 0.027201 -0.23355 -1.652 0.97648 0.13728 -0.55769 -0.29042 -0.18709
0.31127 -0.44112 1.7667 -0.4478 -0.11673 -0.55938 -0.17865 -1.5745 0.7463 -0.3031 -0.67736 -0.64809 -0.56662
0.21473 -0.51995 2.0078 -0.16709 -0.10183 -0.51922 -0.49276 -1.8889 0.68036 -0.26981 -0.37128 -0.56194 -0.47376
-0.077131 -1.243 1.3742 -0.029645 0.54781 0.21422 -0.042514 -1.1446 0.24525 -0.59194 -0.79435 -0.084802 -0.17371
-0.42677 -1.2577 1.8634 0.69446 0.42109 0.31813 -0.24566 -1.7959 0.60761 -0.89592 -0.91158 0.056497 -0.4163
-0.86957 -1.6994 1.4423 0.16813 -0.19239 -0.025207 -0.037259 -1.4302 0.54857 -0.77418 -0.79681 -0.1131 -0.55015
-0.32711 -2.178 1.3823 0.67667 -0.43321 0.40112 -0.0209 -0.21012 -0.18301 -0.091392 0.2086 -0.0196 -0.02511
3.9846 0.41007 -0.48503 -2.6482 -2.3526 1.5884 -0.14226 -0.75164 0.48238 -0.55574 0.66619 -0.6839 -0.69741
5.2956 -0.031608 -2.0741 -2.7185 -2.7103 2.228 -0.62946 -0.74508 0.25967 -0.70917 0.44864 -0.94993 -1.0253
5.5235 -0.34753 -2.4243 -2.5638 -2.3854 2.3392 -0.51298 -0.77545 0.26491 -0.61391 0.20649 -0.95245 -0.84516
5.5704 -0.59336 -2.7118 -2.5949 -2.4892 2.2286 -0.6622 -0.85742 0.36812 -0.80733 -0.067742 -1.2284 -0.69773
5.5791 -0.8208 -3.081 -2.7813 -2.5376 2.2328 -0.96343 -0.92293 0.24776 -0.79926 -0.36398 -1.1737 -1.0176
5.5723 -0.77329 -3.2644 -2.955 -2.5712 2.0332 -0.92443 -1.2149 0.2191 -0.98323 -0.31673 -1.3045 -1.0653
5.5112 -0.74467 -3.1627 -3.0365 -2.3123 2.0714 -0.82777 -1.0503 0.31544 -0.78317 -0.29729 -1.1932 -0.98807
5.3618 -0.57426 -3.1334 -2.9553 -2.1901 2.1345 -0.75106 -0.90272 0.49963 -0.73153 -0.31103 -1.1873 -0.83642
5.0936 -0.85435 -2.943 -3.0069 -2.213 1.9607 -0.87939 -0.99529 0.40651 -0.78813 -0.7605 -1.1776 -0.69941
4.5393 -0.78688 -2.5817 -2.9121 -1.8871 1.9256 -0.479 -1.0074 0.26303 -0.83281 -0.728 -1.0498 -0.54561
3.8449 -0.5789 -2.1225 -3.0463 -1.3444 1.656 -0.304 -0.93975 0.28564 -0.71125 -0.81946 -0.94584 -0.64542
2.5387 -0.16394 -1.339 -3.5335 -0.30397 0.97615 0.21052 -1.1689 0.10796 -0.43009 -0.76769 -0.59272 -0.52954
0.6403 -0.74997 0.073468 -2.826 -0.37003 0.17573 0.27384 -1.6251 -0.5867 -0.22081 -0.38403 -0.59109 -0.4972
-0.21374 -1.685 -0.059205 -2.4315 -0.31541 -0.10042 0.27506 -1.072 -0.61711 -0.223 -0.15476 -0.38144 -0.07849
