1.6921 -5.1281 -2.2991 -3.2659 -0.60979 0.88043 0.8958 0.10499 0.8804 0.035204 -0.73292 0.035734 -0.093795
1.5318 -6.0368 -2.4682 -3.4823 -0.0023041 0.72764 0.56173 0.63403 0.97095 0.59625 -0.040047 0.3379 0.25825
2.1891 -6.2432 -2.6037 -3.1579 0.097201 0.4447 0.024574 0.41713 0.14644 0.61275 -0.012249 0.59722 0.2731
2.4212 -2.1909 -0.68306 -2.5058 -0.23443 0.68017 -0.38272 -0.88593 -0.78414 -0.52517 -0.88398 -0.35603 -0.30676
5.6981 -2.1716 -2.5445 -2.5545 -1.3648 1.3705 -0.19629 -0.049094 -0.38447 -0.1061 -1.0751 -1.4388 0.083706
5.4156 -1.9273 -1.6711 -2.9625 -1.0748 1.2187 0.89801 -0.3541 -0.3372 -0.35874 -1.0547 -1.1297 -0.6631
5.5346 -1.994 -1.1207 -3.1424 -0.71468 1.5368 -0.11109 0.72833 -0.92448 -0.078007 -1.218 -0.91868 -0.43136
4.9069 -0.0092528 -0.54128 -3.056 -0.39997 0.73233 -0.16698 0.41101 0.18338 0.10614 -1.036 -0.96469 -0.28464
2.4385 -0.22244 0.12784 -2.1648 0.82216 0.34287 -0.4092 0.02157 0.54987 -0.011025 -0.45193 -0.040313 -0.32993
3.8783 -0.086032 0.53546 -2.3106 -0.25945 1.194 -0.29815 0.36602 0.060432 0.49247 -0.50212 -0.66319 -0.097901
4.5991 -0.47466 0.56551 -2.0096 -1.2944 0.77261 0.51423 0.94829 -0.1962 0.68396 -0.35471 -1.1262 -0.50779
4.2208 -0.12737 0.11535 -2.3583 -1.0927 0.35013 0.44402 -0.015341 0.009364 0.32675 -0.050139 -1.168 -0.271
1.9216 -0.35919 0.88057 -1.2819 -0.53376 0.13312 0.60319 -0.3084 0.56439 -0.33125 0.33089 0.17011 0.026858
1.0328 -1.5428 1.7127 0.55241 0.63867 0.4972 0.098059 -1.3378 0.49406 -0.8722 -0.71341 0.41902 -0.60303
0.55944 -2.1617 1.4663 1.1046 0.99884 0.67338 -0.29157 -1.3999 0.30282 -0.57938 -0.86335 0.17398 -0.45905
0.39106 -1.973 1.675 1.0264 0.39428 0.61753 0.27734 -1.1649 0.51107 -0.97642 -1.0507 -0.046697 -0.45854
0.37391 -1.9625 1.7858 1.177 0.22164 0.49661 0.41337 -0.83891 0.7335 -1.1007 -1.099 -0.17073 -0.68713
0.42297 -1.9977 1.6548 0.98672 0.57918 0.48236 -0.067916 -1.1487 0.58432 -1.0722 -1.4146 0.060044 -0.26915
1.7127 -2.4741 0.11772 0.36679 -0.014474 0.048795 -0.032052 -0.17826 -0.26445 -1.0421 -0.50346 -0.25002 -0.13555
2.8674 -1.118 0.29565 -1.7173 -0.48236 1.1179 1.1726 0.15332 -0.12791 -0.84241 -0.66695 -1.1384 -0.32354
4.0699 -0.31209 -0.69149 -2.5925 -0.74819 1.1764 0.83301 -0.056861 0.017198 -0.26788 -0.28289 -1.4489 -0.20169
4.6048 -0.6479 -0.95843 -3.0966 -0.59704 1.1837 1.0303 -0.051037 0.085097 -0.13121 -0.74267 -1.3408 -0.051346
4.843 -0.85319 -1.8199 -2.9446 -0.57231 1.5599 0.40384 -0.064566 -0.2346 -0.36891 -0.98396 -1.4991 0.12886
5.127 -1.3396 -2.2696 -2.5605 -0.80517 1.8816 0.32704 0.31456 -0.30892 -0.61266 -0.99568 -1.5685 0.45588
4.9336 -1.5547 -1.8122 -2.1161 -0.74921 1.6616 0.65086 0.37467 -0.38985 -1.3081 -1.0198 -0.74306 0.59661
4.9038 -2.2154 -2.0239 -2.0861 -0.71123 1.6852 0.61258 0.26891 -0.8059 -1.441 -0.94272 -0.57634 0.53955
4.84 -2.4747 -1.9643 -2.365 -0.78347 1.5985 0.59067 0.6196 -0.98436 -1.4979 -0.96808 -0.87464 0.76263
4.713 -2.3507 -2.1996 -2.4599 -0.43362 1.6718 0.43956 0.37905 -1.272 -1.3291 -0.65718 -0.83167 0.38035
4.6225 -2.3488 -2.3985 -1.9874 0.025645 1.356 0.30978 -0.049903 -1.6334 -1.103 -0.31168 -0.4286 0.41126
4.6858 -2.1172 -2.2981 -2.1136 -0.59695 1.7769 -0.029204 0.10532 -1.4498 -1.1552 -0.31875 -0.90645 0.66899
4.5621 -1.9445 -1.4606 -2.3236 -0.58288 1.5153 0.81246 0.062959 -1.3902 -1.3157 -0.58589 -1.2507 0.4714
4.8658 -1.5692 -1.8172 -2.1692 0.00063462 1.2101 0.83959 0.46452 -1.1008 -1.2134 -0.98186 -1.0774 0.51279
4.9416 -1.6521 -1.4507 -1.7831 -0.7656 1.1251 0.47147 1.0544 -1.0235 -1.507 -0.62017 -0.53513 0.58482
4.7919 -2.0573 -1.3563 -2.1504 -0.13524 1.2184 0.72881 0.88817 -0.5315 -1.4643 -1.1694 -0.45614 0.58105
4.6905 -2.3017 -1.0468 -2.0626 -0.10207 1.3025 0.77295 0.69434 -0.88223 -1.1064 -1.0966 -0.62091 0.081634
4.7701 -1.6817 -1.184 -2.6672 0.08017 1.655 0.66562 0.60802 -0.27972 -1.3312 -0.9861 -1.1607 -0.0016834
4.7534 -2.038 -1.4561 -2.3764 -0.0080987 1.4162 0.95838 0.65225 -0.47024 -1.0954 -0.9823 -1.0863 0.16699
4.2039 -1.8989 -1.2158 -1.6382 -0.26062 1.2 1.0789 0.71342 -0.61019 -1.3503 -1.1145 -0.47845 0.16684
3.8158 -1.8423 -1.4378 -1.5675 0.1701 1.3138 0.47556 -0.22871 -0.74535 -0.853 -0.92552 -0.52677 0.29182
3.4023 -1.6056 -1.1098 -2.1784 0.53069 0.37438 -0.41607 -0.12028 -0.32397 -0.3805 -0.90607 -0.57669 -0.085369
2.5892 -1.508 -1.5294 -1.7807 1.3438 0.60733 -0.50068 -0.59637 -0.38744 0.017496 -1.1241 -0.38032 -0.30129
0.79725 -2.4755 -0.28792 -1.4787 0.69462 0.54322 0.40451 -0.28854 0.24304 -0.90452 -1.358 -0.34041 -0.058377
0.74656 -3.6086 -1.7821 -2.5559 1.1597 0.85162 0.91081 0.56282 0.002332 -0.052395 -0.61456 -0.59124 0.031931
-0.77595 -4.1825 -1.7329 -2.1945 1.3077 0.8118 1.0694 1.249 -0.49601 0.44653 0.29143 0.029236 0.35505
