1.2057 -6.0977 -2.9229 -3.0562 -0.55022 0.16916 0.56415 0.61943 -0.30685 -0.11621 -1.0566 -0.71845 0.21988
1.0404 -5.5421 -2.2758 -2.5438 0.31707 0.57898 0.76746 0.88757 0.40745 0.41988 -0.74416 -0.060053 0.092186
2.3024 -5.4253 -2.2183 -3.2016 0.10263 1.328 0.21213 0.45282 1.1415 0.76312 -0.61524 -0.0019106 -0.27158
3.214 -1.9614 -0.83032 -2.2535 0.048704 0.39078 -0.83919 -0.97089 -0.85602 -0.26515 -1.228 -0.73141 0.016957
4.998 -1.8841 -1.2216 -3.0269 -0.7192 0.82296 0.16133 0.28992 -0.68658 -0.93631 -1.0479 -0.97252 0.083651
4.7092 -1.9261 -1.0117 -3.0135 -0.86259 0.99077 0.27885 0.52153 -0.1617 0.032071 -0.69961 -1.1988 -0.47846
4.5227 -1.5704 -0.3044 -2.8332 -0.66736 1.0858 0.25616 0.16217 -0.27609 0.1214 -1.0994 -0.61284 -0.38675
3.2879 -0.89745 0.47176 -2.097 0.47484 0.74883 -0.088551 0.36252 -0.42748 0.45123 -0.72099 -0.23744 0.042646
3.5486 -1.0874 -0.037025 -1.9724 0.16631 0.84253 0.25429 0.67018 0.2345 0.058178 -0.5594 -0.71421 -0.60155
4.6491 -1.0662 -0.72237 -2.3608 -0.49686 0.53727 0.43447 0.20691 0.27852 0.12996 -0.61621 -1.0129 -0.52188
4.7013 -0.61546 -1.1744 -2.0935 -1.2177 -0.020303 0.56106 -0.20163 0.22419 -0.053105 -0.0068716 -0.9294 -0.46326
3.5352 -0.057586 -0.3075 -2.7395 -0.32164 -0.19426 0.28189 -0.23224 0.23545 -0.00096868 0.30668 -0.23281 -0.43529
1.3423 -1.9489 1.8742 1.3603 0.16745 -0.16448 -0.63851 -1.1275 1.4484 -0.12766 -0.8187 -0.084717 -0.55309
1.0546 -1.9602 1.6294 0.79846 0.36849 0.42665 -0.031596 -1.0907 0.90299 -0.74427 -0.98879 0.43736 -0.42786
0.58805 -2.4489 1.106 0.84555 0.40611 0.38429 -0.18087 -0.82119 0.70154 -0.44672 -1.0696 -0.16005 -0.58315
0.28512 -2.4505 1.3073 1.0594 0.16662 0.34932 -0.072764 -0.91719 0.56138 -0.59207 -0.93195 -0.16313 -0.32376
0.4475 -2.4793 1.4809 1.5232 0.84649 0.4874 -0.79489 -1.3925 1.1358 -0.19304 -1.2894 -0.023811 -1.0012
0.50748 -2.6807 1.0049 0.95833 1.1261 1.101 0.24101 -0.71601 0.281 -1.1109 -1.7087 -0.24293 -0.61281
1.645 -1.7899 -0.12349 -1.3513 0.28042 0.40274 0.67756 -0.053182 -0.18339 -0.6868 -0.86115 -0.59561 -0.73466
3.7023 -0.78721 -0.28389 -2.6788 -0.43541 0.58762 1.0141 -0.20588 -0.24553 0.02507 -0.58832 -1.5214 -0.2795
4.9362 -0.93463 -1.8711 -2.5111 -0.93749 1.0247 0.46619 -0.47813 0.25761 0.020518 -0.36243 -1.1349 -0.55723
4.8271 -0.67409 -1.291 -3.4903 -0.33172 0.80765 0.88271 -0.68584 0.19792 0.027981 -0.81841 -1.1042 -0.30419
5.1788 -1.5273 -1.7215 -3.1942 -0.39243 1.0844 0.49428 -0.34285 0.20543 -0.21083 -0.95932 -1.2932 0.017085
5.4972 -1.8517 -2.0459 -3.2607 -0.59645 1.5157 0.23867 -0.43591 -0.18205 -0.25398 -0.98573 -1.3617 0.40232
5.4499 -1.9565 -2.3521 -2.9438 -0.73002 1.5063 -0.017279 0.056333 -0.31756 -0.74605 -0.92045 -1.1951 0.54236
5.2092 -1.8902 -2.0752 -3.0175 -0.61411 1.2022 0.45513 -0.051634 -0.23155 -0.67924 -1.0278 -1.0556 0.51298
5.2548 -2.0268 -2.5388 -2.9881 -0.47539 1.4131 0.31163 -0.029439 -0.20021 -0.61503 -1.2023 -0.81473 0.47371
5.377 -2.4683 -2.5807 -3.153 -0.45722 1.2755 0.29198 0.12836 -0.24992 -1.2239 -1.3356 -0.98292 0.38843
5.2111 -2.0777 -2.439 -2.7135 -0.46812 1.1802 0.60214 0.24025 -0.34127 -1.6121 -0.81137 -0.99635 0.51059
5.348 -2.2316 -2.0552 -2.3126 -0.27011 1.5381 0.64945 0.42029 -0.72385 -1.2436 -1.1219 -0.83655 0.60672
5.2753 -1.6688 -2.2118 -2.8889 -0.23446 1.6039 0.38857 0.30015 -0.47296 -0.99076 -1.2309 -1.1058 0.17017
5.4399 -2.1643 -2.2524 -2.609 0.15541 1.785 0.88315 0.59117 -0.31271 -1.2917 -1.1899 -1.4566 0.034631
5.4175 -2.3932 -2.0825 -2.4937 -0.096212 1.772 1.0571 0.32938 0.014936 -0.8236 -1.0941 -1.4791 0.084707
5.3353 -2.3997 -2.044 -2.4164 -0.40544 1.7559 0.69812 0.11877 0.081692 -0.46741 -0.96473 -0.90541 0.1816
5.2297 -1.8724 -2.3075 -2.5122 -0.07656 1.6363 0.53835 -0.0053349 0.23258 -0.45536 -0.9339 -1.1117 0.28504
5.0379 -1.9603 -1.754 -2.677 -0.15297 1.3361 0.82548 0.42347 -0.3126 -0.41752 -0.63215 -1.2694 0.22969
5.0042 -2.0168 -2.0236 -2.5344 -0.061961 1.4046 0.642 0.47739 -0.25918 -0.5299 -0.9467 -1.0619 0.38045
4.3624 -2.1771 -1.2061 -1.9976 -0.093529 1.3269 1.4026 0.41775 -0.84736 -1.2894 -0.99789 -1.0085 0.34983
3.5167 -1.5021 -1.2699 -2.0394 0.19031 0.66546 0.59112 -0.45271 -0.58446 -0.72606 -0.87333 -0.58014 0.59221
2.4196 -1.5048 -0.44375 -1.9851 0.38902 0.15226 0.10913 -0.4531 -0.41847 0.038787 -0.61929 -1.092 -0.10806
0.23422 -2.9261 -0.118 -0.7197 0.74919 0.76127 0.4393 -0.50282 -0.38292 -0.55684 -0.71197 -0.075224 -0.78067
