0.39037 2.4476 2.6977 0.35316 -0.080244 0.059068 0.37268 0.7064 0.8963 0.64907 0.51795 0.23763 0.88308
-0.10444 2.6147 3.3778 0.53191 -0.48808 -0.11938 0.017814 -0.02444 0.91324 0.66227 0.50084 0.52773 0.83803
-0.71947 3.3802 3.0661 0.23454 -0.1254 0.44089 -0.23889 -0.1917 0.42703 0.44434 -0.27165 -0.032087 0.37508
-1.3396 2.2232 1.9476 0.43706 -0.65255 0.24484 1.0763 0.26219 0.30717 0.90544 0.7439 0.5671 0.29292
-0.29369 1.6595 2.742 0.97122 0.38065 -0.17505 0.52418 0.48996 0.70588 0.8986 0.41052 1.1016 0.98891
-0.93965 1.4288 2.6546 0.63327 0.46004 -0.8599 -0.36397 0.72612 -0.15596 1.3295 0.69494 1.2656 0.85626
-0.21561 4.0746 0.60049 -1.5078 0.079333 1.4699 0.046312 0.5158 -0.5526 0.85326 0.19186 0.0765 0.4869
4.2214 3.97 -1.0532 -3.0507 -0.52269 1.6637 -0.51159 0.19531 -1.5471 0.81361 -1.3302 -0.60283 0.22487
5.592 4.3344 -1.181 -3.2523 0.20198 1.342 -0.021074 0.42457 -1.5595 1.1751 -1.3776 -0.43959 0.42458
6.8049 3.593 -1.4508 -2.9668 -0.17521 1.5093 0.37231 0.33669 -1.3465 0.9667 -1.3405 -1.0528 0.48885
7.6962 2.8 -1.4002 -2.4305 -0.68368 1.2299 0.70514 -0.26544 -0.83179 0.58646 -0.95436 -1.1825 0.28854
8.0466 2.4049 -0.97923 -2.0757 -1.4206 1.3955 1.0089 -1.0076 -0.30071 0.54919 -1.0919 -1.2561 -0.50588
8.3435 2.1424 -1.075 -1.9187 -1.1051 0.83304 0.75224 -0.39709 -0.23275 0.59999 -1.3299 -1.3736 -0.58053
8.579 1.6122 -0.88905 -1.8337 -0.87998 0.54135 0.058092 0.074005 0.070134 0.37343 -1.2394 -1.1291 -0.56968
8.6142 1.6255 -0.42002 -1.9007 -1.025 0.17957 0.080874 -0.30607 0.76376 0.34306 -1.3607 -1.1094 -0.58833
7.8738 2.7816 -1.2806 -1.4032 -1.1133 0.084892 -0.60835 -0.33105 1.3424 0.34999 -1.625 -0.89024 -1.1283
6.5328 4.632 -1.133 -0.44232 0.031378 -0.62375 -0.60727 -0.37695 0.68434 0.50896 -0.26405 -0.22588 -1.0674
8.453 3.1789 -1.705 -0.6521 -1.809 0.2816 -0.74236 0.13108 0.53805 0.47972 -0.9812 -1.217 -0.57503
8.4896 2.5185 -1.3364 -0.90043 -1.6728 0.22772 -0.22114 -0.25824 0.22515 0.78347 -0.79183 -1.3583 -0.74132
7.7407 4.5831 -1.3939 -1.0571 -1.7366 0.34525 -0.87309 0.097178 -0.40569 1.4413 -0.22606 -1.0712 -0.62731
5.2523 4.9497 0.60958 -0.4096 0.25929 0.76368 -0.37867 0.31709 -1.0742 0.064396 -0.0091247 -0.91957 -0.65836
5.1451 5.8082 0.083462 0.21399 0.087096 0.40687 -1.5573 1.2235 -0.87791 0.033147 -1.0287 -1.5627 -0.93181
4.727 4.9748 0.72916 0.0039477 0.073095 0.3233 -0.48889 0.19702 -0.95581 0.3181 -1.2361 -1.3969 -0.41758
5.2392 5.4839 0.25046 -1.1318 -0.55256 -0.018342 -0.88655 -0.41563 -1.1695 0.63236 0.54121 -0.95898 -0.39554
7.0828 5.7568 -1.1778 -1.4399 -0.96049 -0.49054 -0.39473 -0.23566 -0.80297 1.3993 0.24325 -0.87866 -0.42671
8.1511 3.6825 -1.2572 -1.5769 -1.5921 -0.12563 0.50037 0.098027 -0.62095 1.1719 -0.25567 -1.4787 -0.81224
8.4563 2.5581 -1.9713 -1.2128 -1.607 0.70332 0.54059 -0.17019 -0.41639 0.85436 -0.88408 -1.0381 -0.88605
8.4698 2.1011 -1.7634 -1.4155 -1.4322 1.1187 0.99115 -0.55825 -0.70265 0.58127 -1.304 -1.1497 -0.40107
8.4499 2.2947 -1.7616 -1.1554 -1.581 1.181 0.86705 -0.41903 -0.69503 0.52534 -1.5265 -1.0877 -0.32529
8.4064 2.7059 -1.9755 -1.0201 -1.6252 1.3564 0.93061 -0.46146 -0.58117 0.37196 -1.4155 -1.075 -0.1228
8.3867 2.9766 -2.1269 -0.97574 -1.6821 1.4896 0.89819 -0.30299 -0.83637 0.28771 -1.3561 -0.90245 -0.060752
8.3841 3.2754 -2.3517 -1.1385 -1.9211 1.6261 0.85424 -0.6127 -0.93626 0.44751 -1.2769 -0.91542 -0.27335
8.2988 3.4586 -2.1868 -1.4188 -1.5893 1.1168 0.83104 -0.4465 -1.1302 0.43107 -1.0264 -0.84234 -0.36057
8.0437 3.7406 -1.68 -1.6877 -1.4279 0.91286 0.74127 -0.24555 -0.86624 0.49429 -1.1695 -0.78132 -0.067595
7.5977 4.2853 -1.3602 -1.7924 -0.87518 0.43507 0.24714 0.30779 -0.90411 0.65564 -1.6445 -0.79166 0.41533
7.1162 4.8498 -1.5377 -1.4927 -0.75776 0.64521 -0.23116 0.66908 -1.4863 1.3902 -1.9977 -0.8539 0.36697
6.5544 4.9857 -1.6741 -1.1088 -0.19091 0.24065 -0.20441 0.65344 -1.1702 1.3876 -2.1864 -0.93273 0.31924
5.799 5.2241 -1.926 -0.93359 0.7132 0.070644 -0.11705 0.66806 -1.1843 1.2708 -2.1508 -0.73959 0.34503
5.1026 5.5115 -1.396 -1.6179 1.5481 0.63521 -0.35583 0.76565 -1.2524 1.1502 -2.0645 -0.41896 0.36119
4.3832 5.1945 0.40688 -1.5609 0.56675 0.71166 -0.12922 1.3378 -0.9607 0.42282 -2.3017 -0.50058 0.1137
3.3519 5.0385 1.0326 0.02401 0.047441 1.1405 0.52706 0.31308 -0.8671 -0.34473 -1.6126 -0.9827 -0.12135
1.7518 4.0516 0.5495 -0.34616 0.67207 1.4895 -0.20602 0.97944 -0.61564 -0.3011 -1.6822 -0.44132 0.37127
0.7227 2.5523 0.04757 -0.58907 0.95515 1.2601 -0.097904 0.51625 -0.090303 0.030377 -0.48159 -0.26039 0.94796
0.24525 2.0962 0.48372 -1.6614 1.1003 1.4631 0.076722 0.52983 0.49676 0.80302 -0.17722 -0.60609 0.16159
0.50613 2.0437 0.3802 -1.4178 0.19812 1.1719 0.62006 0.41061 0.58201 0.45939 0.022011 -0.22058 0.31024
0.090322 1.9308 1.0349 -0.7408 0.052419 1.2914 0.23998 0.58197 0.26231 0.40474 0.31192 -0.75508 0.36203
