4.353 -4.5574 -2.9787 -2.4524 0.091562 -0.049244 -2.1314 0.026575 -1.0904 -0.70754 -0.62775 -0.0056531 -0.79014
3.5434 -3.4944 -2.8143 -2.6107 0.51109 -0.12805 -1.9131 0.12948 -0.91555 -1.1361 -0.53966 -0.49443 -0.68309
4.59 -4.9831 -3.0254 -2.7388 -0.0045429 -0.085666 -1.7947 0.49317 -1.1288 -0.93572 -0.86498 -0.49154 -1.1462
5.2373 -5.0941 -2.6473 -3.2355 -0.28101 -0.088068 -1.9789 0.81577 -1.1513 -1.3371 -0.74241 -0.44775 -1.0182
5.1532 -4.9371 -2.4764 -3.3546 -0.58406 0.027258 -1.341 0.82417 -1.0604 -1.1946 -0.91839 -0.28518 -0.83875
4.8794 -4.4674 -2.5464 -3.2076 -0.8951 -0.29509 -1.2509 0.94365 -1.22 -1.2452 -1.0378 -0.35506 -0.92111
4.5195 -3.9417 -2.3792 -3.1245 -1.0073 -0.57696 -0.89891 0.67689 -0.74956 -1.4245 -0.94049 -0.32702 -0.92611
4.1651 -3.4908 -2.1264 -2.8445 -0.9235 -0.62792 -0.80969 0.8914 -0.63538 -1.1774 -0.82894 -0.28817 -0.71001
3.8978 -3.5723 -1.66 -3.3512 -1.0561 -0.91293 -1.0896 0.74011 -0.56706 -1.5557 -0.71969 -0.62921 -0.89336
3.4584 -3.3445 -1.6024 -3.0687 -1.4379 -1.1509 -1.4747 0.36505 -0.29593 -1.7792 -0.79833 -0.80548 -0.79356
2.1321 -2.4666 -0.24717 -1.6058 -1.342 -0.81852 -0.56698 -0.20663 0.045625 -0.9036 -0.39367 -0.32835 -0.11132
0.30312 -2.6414 0.6024 -0.16596 -0.12629 -0.39824 -0.38546 -0.70887 0.22083 -0.10532 -0.015865 -0.058432 -0.25927
-0.68753 -2.9238 0.72803 0.51034 0.29186 0.087025 -0.47223 -1.0218 0.14588 -0.32451 -0.58289 -0.17294 -0.79525
-0.93427 -3.3064 0.40037 0.28558 0.51712 -0.10412 -0.89679 -1.3185 -0.36056 -0.078671 0.14956 0.24168 -1.1207
-1.8864 -3.241 0.53774 0.23209 0.40199 0.1877 -0.28688 -0.78557 -0.47471 -0.56636 -0.73136 -0.33469 -1.0214
-2.8654 -2.9908 0.29884 -0.15668 0.060833 -0.11481 -0.1503 -0.50592 -0.46133 -0.32539 -0.090726 -0.28041 -0.69465
-2.2038 -2.9284 0.30869 -0.0987 0.14379 -0.16875 -0.15198 -0.19509 -0.069619 -0.19337 -0.41467 -0.48754 -0.13529
2.1397 -1.421 -0.13584 -2.8624 -1.1149 -1.1554 -0.54014 -0.27858 0.1232 -0.90243 -0.4265 -0.36362 -0.33649
4.5545 -3.546 -2.9119 -3.016 -0.71492 -0.12646 -0.88422 0.43575 -0.17059 -1.3279 -0.76654 -0.0084271 -0.81635
5.2008 -4.0696 -3.5035 -2.6329 -0.78226 0.21766 -1.0696 -0.14296 -0.64437 -1.1606 -0.61916 -0.14525 -1.0695
5.6618 -4.5483 -4.2607 -2.6967 -0.7588 0.22029 -1.2689 -0.64002 -0.61526 -1.353 -0.75363 -0.29927 -1.3428
5.6954 -3.8973 -4.4214 -2.056 -0.25283 0.56463 -0.90364 -0.87957 0.0054657 -1.0736 -0.64765 -0.078611 -1.1109
5.8358 -4.0988 -5.2315 -2.2675 -0.39162 0.34501 -1.3289 -1.2664 -0.25635 -1.1406 -0.94637 -0.205 -1.1521
5.6652 -3.5646 -4.7237 -2.5667 0.2188 0.4158 -1.171 -1.2934 0.085412 -0.8485 -1.0314 -0.25381 -1.0853
5.675 -3.7924 -4.6839 -2.4527 0.026628 0.41619 -1.2075 -1.5501 0.14673 -0.66851 -0.94988 -0.28835 -1.2518
5.2162 -3.1737 -4.3916 -2.7904 0.45162 0.36597 -1.1011 -1.457 0.11135 -0.50888 -1.3175 -0.14382 -0.80445
5.278 -3.2933 -4.1826 -2.2763 0.57172 0.34335 -1.2156 -1.2821 0.097885 -0.49377 -0.79814 -0.1378 -0.73618
4.742 -3.4214 -4.1237 -2.9037 0.50981 -0.060448 -1.4382 -1.0299 -0.29844 -0.71396 -0.9963 0.073621 -0.43078
4.173 -4.3219 -3.6961 -2.2781 -0.50396 -0.01751 -1.2858 -1.1575 -0.37041 -1.1221 -0.75342 0.12576 -0.68176
4.2691 -4.7685 -4.0639 -2.0841 -0.23612 -0.13666 -1.6315 -0.53352 -0.50302 -1.3338 -0.91972 0.13251 -0.50286
3.748 -4.0975 -3.4561 -2.2277 -0.41829 -0.24049 -1.5907 -0.56329 -0.34589 -0.56391 -0.74829 0.10587 -0.76339
3.1647 -3.4154 -3.0166 -2.6604 -0.19926 -0.37467 -1.598 -0.31429 -0.080975 -0.70722 -0.19047 0.21098 -0.89807
2.3175 -4.1959 -3.0509 -2.8275 -0.32548 -0.72152 -1.0996 -0.44607 -0.21814 -0.80015 -0.51117 0.16542 -0.50686
1.5796 -3.6501 -2.3255 -2.5823 -0.1454 -0.45004 -0.91372 -0.049757 0.078829 -0.39227 -0.060719 0.27512 -0.32081
-0.11597 -3.5046 -1.2528 -1.9004 0.0086017 -0.36303 -0.73845 0.043771 -0.060881 -0.06145 0.22132 0.57089 0.47414
2.184 -4.9282 -2.7025 -2.1941 0.32163 -0.99624 -1.2919 0.48545 -0.25099 -0.059329 0.60414 0.30086 0.15964
