5.2279 -5.7409 -3.869 -3.3644 0.36963 0.30259 -1.3806 -0.1628 -0.66333 -0.27495 -0.4104 0.4101 -0.038178
6.411 -7.0682 -3.9298 -3.9573 0.47164 0.19976 -1.5674 -0.28788 -1.1271 -0.57452 -0.77051 0.20517 -0.37411
6.6881 -7.1959 -4.368 -3.533 0.25476 -0.0061516 -1.4981 -0.21844 -1.2032 -0.83216 -0.73052 0.16797 -0.35012
7.1829 -7.064 -3.1149 -2.9611 0.7528 0.25659 -1.211 -0.17885 -1.0786 -0.60792 -0.75272 0.66763 0.26228
7.3163 -7.5864 -3.3715 -2.737 0.51416 -0.040115 -0.8226 -0.073302 -1.154 -1.0666 -1.3267 0.37855 0.59954
7.2619 -6.3049 -1.9485 -2.1396 0.44057 0.050243 -0.30827 0.19966 -0.95972 -0.81886 -1.1156 0.51696 0.42511
7.3322 -5.7729 -1.0287 -2.3058 -0.13103 0.29157 -0.06539 0.52532 -0.98733 -0.61298 -1.2664 0.79551 0.31721
6.8316 -6.0414 -2.2438 -3.8852 -0.49139 -1.0024 -0.33159 0.85763 -0.557 -0.83668 -1.3691 1.2571 -0.073003
3.8689 -3.388 -1.8917 -2.9602 -0.26313 -1.0142 -1.2005 0.14766 0.41612 -0.85873 -0.83312 1.3435 -0.35389
2.8393 -3.7043 -1.2796 -2.6413 -0.44287 -0.62257 -1.667 -0.18054 0.18526 -0.89615 -0.9233 0.16979 0.37268
4.0059 -3.9697 -2.2592 -2.7585 -1.4403 -2.0439 -1.9515 -0.3119 0.73605 -0.9937 -1.2347 -0.2193 -0.39829
4.6601 -3.6414 -2.4724 -3.262 -1.4223 -1.6329 -1.8527 -0.35359 0.88742 -0.74758 -0.5839 -0.0037661 -0.72298
4.8505 -3.5026 -2.1047 -2.9981 -1.5432 -1.7086 -2.0592 -0.29622 1.5202 -0.47607 -0.4038 -0.51855 -0.44944
5.0598 -3.3404 -2.3214 -3.3672 -1.584 -1.7973 -2.1742 -0.79488 1.5239 -0.21324 -0.62004 -0.85513 -0.54021
4.2541 -2.4887 -1.6448 -3.2055 -1.6284 -1.8573 -1.6257 -1.1592 1.1593 -0.2239 0.1018 -0.83458 -0.8645
2.0658 -2.7029 -0.035006 -1.449 -1.0133 -1.633 -0.80943 -0.73685 -0.046396 -0.87648 -0.527 -0.86475 -0.16404
1.967 -3.1576 -0.14091 -1.7871 -1.2135 -1.3974 -0.22681 -0.42465 -0.14171 -1.0017 -0.55497 -0.92498 -0.45254
1.2716 -3.2339 -0.08592 -1.6378 -1.5706 -1.4383 -0.20509 -1.2978 -0.64339 -1.2131 -0.57657 -1.296 -0.8144
0.99442 -3.1678 -0.21612 -1.2895 0.027226 -0.68905 -0.18283 0.058307 -0.52937 -1.1519 -1.0877 -0.58713 -0.42474
0.16665 -3.253 0.00020488 -0.84655 -0.36119 -0.26863 0.046343 -0.89177 -0.55006 -1.1157 -0.74724 -0.60816 -0.64756
-0.067145 -3.5298 -0.15027 -0.54544 -0.2765 -0.53494 -0.53081 -0.88006 -0.70992 -0.42416 0.022061 -0.40043 -0.87066
-0.25484 -3.3849 -0.07932 -0.41608 0.27939 -0.19687 -0.66648 -0.71356 0.35347 -0.3047 -1.1426 -0.57194 -1.0147
-0.256 -3.1476 0.38972 0.1459 0.008356 -0.49601 -1.1107 -1.2839 0.24459 -0.23344 -0.74168 -0.19933 -0.47209
-0.57242 -3.0307 0.65238 0.2873 -0.27547 -0.28097 -0.57079 -1.3485 -0.16306 -0.56345 -0.3916 -0.23438 -0.67754
0.91283 -2.7568 -0.79278 -2.1903 -0.41186 -0.2493 0.20034 -1.006 -0.20534 0.21661 -0.51533 -0.48649 -0.35581
3.7375 -2.9634 -1.7567 -3.7402 -0.56276 -0.45847 -0.32769 -0.13434 0.32414 0.33769 -0.87985 -0.74673 -0.20536
5.3898 -3.3581 -2.6832 -4.0824 -1.0638 0.5002 -0.27226 0.43714 0.35974 -0.24269 -1.2582 -0.90536 0.5174
6.2138 -4.9966 -4.024 -4.626 -0.62273 0.56437 -0.58264 0.081967 -0.11403 -0.24327 -1.6357 -0.43168 0.54049
6.2383 -5.1428 -3.4017 -4.18 -0.19887 0.43886 -0.31949 0.12696 -0.46129 -0.28621 -1.0589 -0.14011 0.2649
6.5281 -6.1427 -3.9747 -4.5559 -0.90464 0.031833 -0.62168 -0.50771 -1.0418 -0.72188 -0.99092 -0.015076 0.14997
6.7623 -5.8113 -3.2759 -3.641 -0.25356 0.85329 -0.26239 -0.080899 -0.63343 -0.37078 -0.5053 0.1854 0.49976
6.7577 -6.7286 -3.5942 -4.0681 0.31354 0.7419 -0.83324 0.11648 -0.61031 -0.66544 -0.2792 0.16486 0.26315
6.5849 -6.6282 -3.4589 -3.826 0.14978 0.68054 -1.1087 -0.11168 -0.57024 -0.71319 -0.37028 0.055596 -0.01423
6.7137 -6.959 -3.7752 -3.6965 0.068911 1.0195 -1.0372 0.094629 -0.68771 -0.82356 -0.61946 -0.026545 -0.070068
6.6802 -6.8607 -3.8533 -3.6233 0.10505 1.0035 -1.0938 0.25434 -0.65883 -0.69143 -0.42381 -0.12947 -0.21196
6.7073 -6.6979 -3.8657 -3.4127 0.27429 1.2429 -1.0776 0.11465 -0.48808 -0.95423 -0.63311 -0.3357 -0.2967
6.7515 -6.5153 -3.3681 -3.0653 0.39112 1.5145 -1.1569 0.094038 -0.40842 -0.77626 -0.46592 -0.17821 -0.025179
6.9519 -5.8078 -2.8979 -2.1422 0.50076 1.7093 -1.4457 -0.15718 -0.42194 -0.23207 -0.19681 0.25594 0.077429
7.0882 -6.6174 -3.2418 -2.5175 0.12906 1.6665 -1.2973 -0.0815 -0.33424 -0.11057 -0.47851 0.19647 0.15381
7.0941 -5.4591 -2.4176 -1.9435 0.46108 2.0511 -1.2236 -0.11623 -0.045311 -0.076044 -0.56251 0.087103 0.043594
7.1343 -6.54 -3.308 -2.1917 0.056966 2.177 -1.3852 -0.47628 -0.59832 -0.42738 -0.68076 0.11999 0.085548
6.9101 -6.4444 -3.2346 -2.2069 0.48448 2.2708 -1.0479 -0.60035 -0.95843 -0.75634 -0.65956 -0.262 0.087444
6.8311 -6.1066 -3.2272 -2.8331 0.014155 1.5676 -1.1628 -0.48049 -0.5739 -0.33841 -0.38836 -0.22379 0.062005
6.7804 -6.8302 -3.3864 -2.8238 0.64323 1.7905 -1.0992 -0.49763 -0.94228 -0.64445 -0.50956 -0.3028 0.36895
6.9304 -6.7577 -3.636 -3.2864 0.21908 1.3948 -1.3809 -0.34858 -0.75983 -0.30786 -0.3551 -0.045268 0.39653
6.7894 -7.5702 -4.3101 -3.967 -0.23969 0.89369 -1.7059 -0.40865 -0.86876 -0.64955 -0.75892 -0.4099 0.39368
6.6899 -7.3574 -4.4882 -3.8501 -0.35564 0.97017 -1.6446 -0.46945 -0.8109 -0.78823 -0.81176 -0.46328 0.6067
6.7347 -6.93 -4.026 -3.291 0.32843 1.3921 -1.2602 0.006863 -0.80792 -0.62395 -0.87461 -0.55457 0.93631
6.7167 -7.2665 -4.2283 -3.5901 -0.15567 1.1179 -1.5269 -0.089425 -1.0341 -0.75768 -0.98753 -0.67788 1.0349
6.4516 -6.5839 -3.8259 -3.4793 -0.22806 1.1926 -1.5694 -0.19442 -0.9462 -0.64946 -1.1399 -0.27706 0.80741
6.1044 -6.2735 -4.1703 -3.9877 -0.77186 1.0581 -1.655 -0.33849 -0.58934 -0.52086 -0.52019 0.47835 1.2548
5.713 -4.8358 -3.1901 -3.1477 -0.17798 1.2641 -0.82625 -0.27624 -0.84274 -0.1908 -0.6233 0.60878 0.68859
5.3681 -5.5869 -4.2316 -4.324 -1.094 0.72567 -0.88148 -0.45803 -0.80862 -0.48117 -0.40324 0.99005 1.1441
4.92 -4.4314 -2.949 -3.571 -0.53414 0.88727 -1.2223 -0.4361 -0.90276 -1.1148 -0.38559 0.16996 0.57102
4.3957 -4.336 -2.7929 -3.9178 -1.1479 0.70587 -0.65821 -0.53166 -0.65697 -0.78854 -0.40219 0.86384 0.65547
3.9493 -4.1024 -2.6859 -3.4534 -0.80146 0.26513 -0.13203 -0.76507 -0.96219 -0.62776 -0.34783 0.67903 0.99311
3.3816 -4.3881 -2.6615 -3.9161 -0.6342 -0.016039 -0.68889 -0.86312 -0.35465 -0.93907 -0.42377 0.86219 1.0376
3.0059 -4.2897 -1.8299 -3.7236 -0.97483 -0.36277 -0.1463 -0.75256 -1.0976 -0.51037 0.072921 0.47099 0.88272
2.6444 -4.2111 -2.1583 -3.523 -0.78195 -0.75554 -0.20637 -1.2516 -0.71249 -0.41988 -0.27339 0.44441 0.94114
1.8243 -4.0217 -2.0332 -3.2402 -0.43522 -0.98333 -0.721 -0.65258 -0.78764 -0.43386 -0.10189 0.80168 1.1735
1.3324 -4.2457 -1.5177 -2.4832 -0.6865 -0.96126 -0.40539 -0.76744 -1.1482 -0.20267 0.54682 0.42983 1.226
1.0176 -4.4757 -1.6533 -2.2833 -0.28009 -0.6715 -0.60197 -0.97793 -1.1607 -0.26613 0.32843 1.1308 1.5442
