2.3816 -3.4627 -2.5225 -2.7532 0.45302 0.13312 -0.33851 -0.11778 -0.59753 -0.54858 -0.67974 0.71716 -0.17037
2.3444 -2.8278 -2.1228 -3.0677 0.14152 0.082513 -0.38551 -0.49105 -0.39412 -0.93764 -0.77127 0.66092 -0.26556
2.419 -2.3975 -1.8841 -3.4435 0.16681 0.13909 -0.35462 -0.55495 -0.40346 -1.1379 -0.4643 0.34433 -0.14106
2.5555 -2.7665 -2.0095 -3.1222 -0.1766 0.19959 -0.40436 -0.21487 -0.50408 -0.9262 -0.66363 0.49732 0.013515
2.6553 -2.6717 -1.7864 -3.1207 0.0023275 0.016796 -0.26322 -0.084636 -0.045169 -1.1237 -0.82992 0.75338 -0.096503
2.5279 -2.0462 -1.9591 -3.0146 -0.30417 -0.25157 -0.30229 0.064506 0.13649 -1.2266 -0.70698 0.19041 0.21189
1.4663 -1.8261 -1.0579 -2.1566 -1.2093 -1.1429 -0.13623 -0.3363 0.40015 -1.0818 -0.53883 -0.51411 0.11582
0.41903 -1.9641 0.99746 -0.91765 -1.3959 -1.4655 -0.72026 -0.88388 0.96837 -0.2763 -0.64214 -0.58037 0.39596
0.79661 -1.8527 0.77375 -1.3063 -1.622 -1.5313 -0.0015418 -0.74007 0.30517 -0.68912 -0.41973 -1.0084 0.62827
1.1026 -1.2891 0.19718 -2.0586 -1.4844 -1.4458 0.015521 -1.2928 0.44232 -0.77898 -0.4935 -1.107 0.30547
1.053 -1.2296 -0.054902 -2.081 -1.1031 -1.4899 -0.024818 -1.0876 0.41759 -0.60971 -0.54628 -0.67637 0.11648
-0.36549 -2.1702 0.93176 -0.53422 -1.0644 -1.1132 -0.27045 -1.0999 0.32481 -0.68957 -0.43815 -0.46503 0.14398
-1.8075 -2.6597 0.7595 0.4268 0.47388 0.090412 -0.61065 -1.0699 0.098796 -0.38833 -0.55108 0.24021 -0.35335
-2.1686 -2.6712 0.88374 0.11257 -0.51893 -0.22187 0.29419 -0.44798 -0.3236 -0.47615 -0.078236 -0.48532 -0.16989
-3.5248 -2.8521 0.51853 0.14423 0.29289 0.15869 0.065311 -0.43557 -0.40308 -0.23028 0.26734 0.25199 -0.12316
-4.3585 -2.688 0.63848 0.13108 0.097453 -0.077345 0.058771 -0.26074 0.086498 0.24162 0.4849 -0.064716 -0.45947
-4.799 -2.6356 0.60618 -0.34112 -0.32874 -0.20463 0.73863 0.27097 -0.45889 0.23123 1.2938 0.075751 0.18815
-6.1626 -2.2646 0.9609 0.058093 0.14271 0.097557 1.011 0.64052 -0.0012054 0.82991 1.9676 0.60853 0.61402
-5.4918 -2.5241 0.60407 -0.24148 -0.024999 0.17765 1.444 1.2421 0.36137 0.49968 1.0956 -0.1285 0.66932
-0.85747 -4.05 -1.3066 -1.0151 0.19577 -0.62552 -0.45377 0.24527 0.66082 0.016359 0.82474 0.21756 0.58408
0.82975 -0.79211 -0.19781 -2.8697 -0.97889 -0.2779 -0.092026 -1.32 0.51407 -0.32818 -0.52363 -0.54662 -0.14772
2.1265 -1.4265 -0.51879 -3.6758 -1.0419 0.12245 0.65543 -0.81167 -0.57928 -0.093254 -0.49522 -0.66164 0.4338
2.3374 -1.4022 -0.87849 -3.2544 -0.78546 0.16545 0.47165 -0.47252 -0.86808 -0.29965 -0.22772 -0.36317 0.21508
2.3603 -1.7592 -1.2937 -3.5478 -0.43498 0.63476 -0.14273 -0.95192 -0.148 -0.76195 -0.39065 0.057502 0.25828
2.1783 -2.1196 -1.4128 -3.6111 0.036251 0.14453 -0.23193 -0.81263 -0.66177 -0.31165 -0.69139 -0.18589 -0.0022113
2.1472 -2.0652 -1.5683 -3.4889 0.26551 0.52485 -0.235 -1.0714 -0.07012 -0.55713 -0.424 0.017004 -0.14362
2.0568 -2.4573 -1.7394 -3.0711 0.34466 0.52397 -0.51196 -0.63376 -0.55187 -0.39929 -0.20347 -0.040102 -0.079435
2.0724 -2.813 -2.2214 -3.1038 0.39605 0.35571 -0.64228 -1.2557 -0.1072 -0.52422 -0.60738 0.22452 -0.49586
1.9068 -3.2849 -2.0421 -2.7071 0.14131 0.66632 -0.82031 -1.0258 0.048891 -0.42132 -0.46427 0.16348 -0.33134
1.7124 -3.1383 -2.2244 -2.5236 0.070783 0.75205 -1.0404 -1.0225 -0.11974 -0.34606 -0.37608 0.29647 -0.54649
1.2493 -3.1587 -1.7773 -2.7917 0.36945 0.46027 -0.80768 -0.85273 -0.070858 -0.4732 -0.38641 0.17149 -0.44563
1.1967 -3.117 -1.8555 -2.4832 0.4657 0.74721 -0.62252 -0.96845 -0.080238 -0.26081 -0.38331 0.096815 -0.48044
0.99708 -3.3591 -1.9846 -2.1344 0.41453 0.7914 -0.93475 -1.1348 -0.041646 -0.34535 -0.86381 0.21286 -0.27684
0.93203 -3.1821 -1.533 -1.8202 0.54737 0.71349 -0.54823 -1.0893 -0.30011 -0.15278 -0.37539 0.1221 -0.033073
1.0148 -3.1539 -1.6533 -2.3242 0.78933 0.78442 -0.50297 -1.3207 -0.10481 -0.42771 -0.60199 0.12601 -0.67705
1.1669 -3.0942 -1.7211 -2.6694 0.74216 0.5481 -0.65163 -1.1223 -0.30923 -0.51703 -0.72546 -0.35107 -0.70781
1.3823 -3.1192 -2.1528 -2.4295 0.84623 0.39087 -1.2017 -1.0354 -0.581 -0.51381 -0.50864 -0.33172 -0.47123
1.4416 -3.1552 -1.9203 -2.6559 0.40028 0.9108 -1.184 -1.416 -0.050302 -0.72624 -0.60036 -0.17043 -0.59381
1.543 -3.2077 -1.9905 -2.5241 0.56612 1.3091 -1.2474 -0.91531 -0.052478 -0.49824 -0.89872 -0.041192 -0.48206
1.3168 -2.6063 -1.8972 -2.2393 0.80175 0.81208 -1.1096 -0.95574 -0.36003 -0.52631 -0.71175 -0.024577 -0.51238
1.0077 -2.8514 -1.774 -2.3107 1.0248 0.27846 -1.1881 -0.76219 -0.75046 -0.41114 -0.6218 -0.42934 -0.355
0.68792 -2.6705 -1.4177 -2.1906 1.1075 0.11125 -1.1014 -0.85064 -0.84325 -0.1209 -0.79447 -0.16946 -0.16595
0.21788 -2.9884 -1.0071 -1.4106 0.5976 -0.11006 -0.87056 -1.0043 -0.62548 -0.41138 -0.70311 -0.31605 -0.4492
-0.038981 -3.1501 -0.69075 -1.1946 0.78588 -0.28796 -0.97163 -1.0082 -0.4676 -0.28725 -0.8841 -0.23322 -0.5627
0.28703 -3.8806 -1.4904 -0.46905 0.77948 -0.040397 -1.4591 -0.63616 -0.75507 -0.8202 -0.97555 0.43408 -0.30705
-0.52448 -3.1265 0.28177 0.22418 0.37524 -0.093095 -0.96499 -1.5845 -0.12933 -0.72235 -0.65171 0.16122 -0.43027
