1.3553 -1.3304 0.13604 -2.0814 -0.13227 -0.051707 0.054683 -0.92125 -0.16928 -0.11164 -0.46844 -0.85855 -0.4839
2.4997 -1.2715 -0.55233 -2.8249 -0.016977 0.47861 0.04162 -0.81356 0.090164 -0.56267 -0.79467 -0.2524 -0.58926
3.1027 -0.79993 -1.2296 -2.8442 0.23447 0.52094 0.032805 -0.64167 -0.012296 -0.58675 -0.64466 -0.50773 -0.25778
3.0746 -1.1081 -1.1516 -2.796 0.22125 0.52041 0.0041497 -0.71232 -0.26246 -0.17031 -0.88115 -0.67909 -0.38164
3.7589 -1.746 -2.2338 -1.7932 -0.06572 0.90352 -0.13864 -1.1652 0.52365 -0.087509 -1.2133 -0.15454 -0.69003
3.4604 -0.38055 -1.645 -2.1696 -0.044435 0.24863 0.12318 -0.76143 0.6372 -0.34896 -1.1693 -0.045468 -0.70633
3.4612 -0.49733 -0.99274 -2.7002 -0.4665 0.49856 0.4374 -1.1659 0.73023 0.096959 -0.96708 -0.52168 -0.80854
1.7067 -1.2457 -0.12478 -1.756 0.17557 0.33049 0.096918 -0.39213 0.55034 0.26835 -0.47837 -0.6618 -0.65606
2.1412 -0.53069 -0.5115 -1.423 -0.27771 -0.23493 0.53747 -0.93824 0.72513 0.29972 -0.27053 -0.79776 -0.58265
3.3328 -0.55098 -1.1035 -2.3446 -0.61458 -0.093704 0.17779 -1.0824 0.42255 0.35172 -0.77261 -1.0802 -0.48615
3.4553 -0.37935 -0.64825 -2.5494 -0.88611 0.22271 0.40314 -1.2949 0.39083 0.60305 -0.61726 -0.90434 -0.5868
3.3315 -0.19613 -0.42947 -2.5444 -1.0647 -0.35025 1.0029 -1.0019 -0.34013 0.40214 0.11016 -0.9469 -0.54707
1.4554 -0.81511 0.79577 -1.6139 -0.86597 -0.50724 0.45006 -1.1759 0.053016 -0.14912 0.086671 -0.53967 -0.53956
0.29927 -2.1919 1.2896 0.54291 -0.27405 -0.18413 -0.13225 -1.0229 0.33866 -0.49696 -0.54457 -0.37982 -0.18726
0.20614 -2.2509 1.292 0.68821 -0.10137 -0.11028 -0.38687 -1.2491 0.58897 -0.4134 -0.7873 -0.38398 -0.44174
-0.34607 -2.7732 0.89803 0.89382 0.73774 0.41448 -0.58696 -1.213 0.22055 -0.64773 -1.1992 -0.056495 -0.69829
-1.0163 -2.8748 0.70955 0.60664 0.55971 0.349 -0.23616 -0.62001 0.15694 -0.76958 -1.4845 -0.52005 -0.39457
-2.6295 -2.7674 0.61083 0.45815 0.76645 0.21557 -0.51067 -0.69328 0.14479 0.20602 0.14052 0.46414 -0.64311
-3.9838 -2.8274 0.27031 -0.49891 -0.34497 -0.28738 0.54028 0.25052 -0.3132 0.072437 0.77769 -0.16817 0.17906
-2.2746 -2.6203 0.57896 0.15981 0.20857 0.21667 0.40413 -0.021463 -0.048213 -0.1348 0.16498 -0.1461 -0.3282
2.1901 -0.33706 -0.0068593 -2.8591 -1.6577 0.60887 0.70407 -1.2832 0.31645 -0.62212 -0.36063 -0.45821 -0.52864
4.1547 -0.87177 -1.0148 -3.8868 -1.8899 1.1942 0.18989 -1.1309 0.2743 -0.72583 -0.40495 -0.066009 -1.2426
4.5618 -0.97093 -1.428 -3.9297 -2.0675 1.2616 0.40485 -1.2527 -0.25833 -0.65039 -0.17075 -0.79144 -1.2273
4.5521 -0.99106 -1.5754 -3.8333 -1.9429 1.2547 0.42514 -1.2921 0.047089 -0.64357 -0.16606 -0.9076 -0.90227
4.5616 -0.99756 -1.531 -4.0169 -1.6099 1.3326 0.42985 -1.2196 0.19704 -0.7683 0.03942 -0.78571 -1.0552
4.5747 -0.62293 -1.5512 -4.3856 -1.1212 1.445 0.098551 -0.94073 0.25127 -0.94514 0.13699 -0.55011 -1.3513
4.5797 -0.67113 -1.6013 -4.1999 -0.90504 1.5026 0.18579 -0.82353 0.26376 -0.76916 0.11615 -0.56063 -1.1651
4.5865 -1.1501 -1.7477 -3.992 -1.3401 1.3393 0.2781 -1.208 0.051201 -0.43153 -0.21078 -1.0058 -0.89316
4.5058 -0.98881 -1.649 -4.2623 -0.93708 1.3268 -0.00037013 -0.94778 0.14658 -0.60847 -0.48097 -0.56518 -1.2287
4.4853 -1.1701 -1.8961 -4.0039 -1.2072 1.0913 0.23934 -1.0003 -0.28035 -0.40345 -0.43942 -1.0678 -0.84478
4.2885 -1.044 -1.4474 -3.8614 -1.0916 1.1992 0.53847 -1.172 -0.14633 -0.24757 -0.63946 -0.84074 -0.9042
4.0459 -0.7172 -1.1922 -4.1095 -0.8943 1.3054 0.197 -1.019 -0.11205 -0.30383 -0.61368 -0.6861 -1.0141
4.0316 -0.98681 -1.7091 -4.2608 -1.0781 0.84438 0.23566 -1.3016 -0.11813 -0.88396 -0.88156 -0.68745 -1.5653
3.7618 -0.86564 -1.4538 -4.0678 -0.53892 0.46426 0.40108 -0.95979 -0.2121 -0.51648 -0.6226 -0.71348 -1.3007
3.4521 -1.0765 -1.3855 -3.9786 -0.43205 0.5273 0.066266 -0.72079 -0.24857 -0.57596 -0.37708 -0.69086 -1.3607
2.9169 -0.92546 -1.0842 -3.6476 -0.18219 0.15839 0.40615 -0.7666 -0.27447 -0.5942 -0.34538 -0.64413 -1.1458
2.5988 -1.5658 -1.0006 -3.2702 -0.48363 0.13456 0.29392 -1.0115 -0.30475 -0.26571 -0.67445 -0.59001 -1.1093
2.4481 -1.3172 -0.83821 -3.3637 -0.24631 0.004634 0.13046 -0.81052 -0.33064 -0.23178 -0.65272 -0.7035 -1.1337
2.2169 -1.6902 -0.84238 -2.8541 -0.73823 -0.22535 0.19108 -1.2411 -0.19415 -0.55569 -0.76279 -0.9348 -1.0186
1.6974 -2.0146 -0.29999 -2.5109 -0.35857 -0.08228 0.1427 -0.99913 -0.52738 -0.46693 -0.66944 -0.88718 -0.98939
1.0413 -2.2722 0.30211 -1.5072 -0.13082 -0.027248 0.74289 -0.53356 -0.45039 -1.2619 -0.98853 -0.7636 -0.26872
