-6.1977 -3.0032 0.30323 -0.018831 0.20162 0.1527 0.31478 0.16735 0.21186 0.26749 0.42321 0.57459 0.86851
0.79237 -3.5136 -2.7235 -3.0655 0.11071 0.66232 -0.65809 0.22409 -0.7604 -0.77718 -0.65877 0.58518 0.21655
2.1484 -4.0472 -2.4814 -2.2893 0.25331 1.0023 -1.1341 0.53732 -0.53371 -0.78758 -0.13699 0.7538 -0.15304
4.0606 -4.2168 -3.687 -2.1885 -0.31015 1.5994 -1.6762 0.61308 -0.70951 -1.0911 -0.50191 0.92462 0.062147
4.9408 -4.2332 -4.3238 -2.5713 -1.0825 1.1211 -1.691 0.30351 -0.80203 -1.3949 -0.65357 0.62011 -0.078822
5.007 -3.784 -4.4207 -2.6844 -0.37709 0.59444 -1.374 -0.045141 -0.42862 -1.5585 -1.0451 0.88276 -0.77859
5.0398 -3.4497 -3.9159 -3.1011 0.04313 0.46755 -1.2969 -0.081788 -0.56906 -1.1651 -1.0507 0.56855 -0.62335
5.3263 -3.3914 -4.1588 -2.2069 -0.10656 0.78472 -1.0894 -0.092338 -0.54978 -1.0741 -1.1955 0.47638 -0.68086
5.6739 -4.3448 -4.9077 -2.0545 -1.0035 0.29845 -1.1119 -0.27926 -0.63979 -1.6511 -1.4247 0.17277 -0.99638
5.6269 -4.5842 -4.5937 -2.1694 -1.4951 -0.071402 -1.0674 0.0070068 -0.98445 -1.5301 -1.567 0.20801 -0.96403
5.4758 -4.1406 -3.9654 -1.8515 -1.5977 -0.11297 -0.34448 0.48618 -0.82933 -1.6503 -1.4165 0.34863 -0.78695
5.3916 -4.2168 -3.9657 -1.9786 -1.9055 -0.23897 -0.77548 0.6795 -0.93109 -1.7312 -1.6797 0.070025 -1.2328
4.9059 -2.8807 -3.5502 -1.4297 -2.1172 -0.07092 -1.3331 0.50667 -0.29839 -1.6743 -0.93658 0.040952 -0.83343
2.2974 -2.2557 -1.9072 -1.0841 -1.606 -0.54511 -1.0808 -0.20152 0.21814 -2.0774 -0.76317 0.40033 -0.26586
2.5698 -2.2782 -1.546 -1.9213 -2.3989 -0.67849 -1.3641 -0.034668 0.053102 -2.2189 -0.53339 -0.62684 -0.11768
3.9123 -2.6574 -2.6435 -1.8788 -2.8044 -0.68911 -2.1455 0.12069 0.079103 -2.3625 -0.32266 -0.22898 -0.30877
3.1339 -2.3615 -2.7306 -1.9767 -3.0224 -1.6572 -1.9163 -0.62928 0.16363 -2.2542 -0.70623 -0.23731 -0.048295
1.4726 -2.2106 -1.7168 -1.7063 -1.7682 -2.08 -1.1483 -1.4 -0.19359 -1.52 -1.0374 -0.20681 -0.094224
0.3102 -2.3243 -1.4007 -2.1264 -0.39291 -1.0162 -1.3574 -1.3245 -0.68599 -1.7954 -1.0741 -0.14936 -0.88951
-0.09744 -2.2707 -0.86301 -1.1976 -0.47574 -1.2836 -1.0337 -0.91553 0.00070361 -1.5069 -1.2546 -0.24013 -0.54953
-0.71321 -2.8108 -0.58042 -1.6869 -0.64089 -1.3275 -0.84246 -0.41989 -0.635 -1.8052 -0.81083 -0.15772 -0.75284
-1.3941 -3.1695 -0.54443 -1.5407 -0.91183 -1.1655 -0.14094 -0.16517 -0.11395 -0.97383 -0.76134 -0.66456 -0.12463
-2.3049 -3.9609 -1.0132 -2.3291 -1.2132 -1.1986 0.30366 0.39438 -0.43377 -0.6827 -0.11751 -0.70418 -0.062872
-3.1394 -3.0607 -0.0069193 -0.80818 0.047543 -0.35008 -0.14726 0.032988 0.30515 -0.29164 -0.31059 0.63061 0.29089
-2.6311 -3.4507 -0.49622 -1.5837 -0.13286 -0.54016 0.31795 0.86435 0.072405 -0.66142 -0.57213 0.18948 0.060225
-2.5437 -2.9181 -0.1062 -1.0833 0.090263 -0.58581 -0.30835 -0.077321 -0.30695 -0.48173 -0.71626 -0.29508 0.57971
2.1382 -1.2343 -2.1577 -3.5717 -1.9757 -1.4712 -1.1794 -0.73068 -0.051543 -1.5777 -0.54989 0.26226 0.40621
3.4509 -2.3648 -2.3641 -3.2714 -2.0664 -0.33874 -1.3417 0.25018 -0.44807 -1.7652 -1.3474 0.013024 0.11917
4.091 -2.9122 -3.5623 -3.4336 -1.852 0.010857 -1.7776 -0.59223 -0.87098 -1.88 -1.203 0.10738 -0.11681
4.3784 -3.8634 -3.8747 -3.5565 -1.1773 0.2178 -2.0829 -0.60265 -1.1781 -1.8769 -1.2443 0.13666 -0.47461
4.2656 -3.7249 -3.7247 -2.6681 -1.0867 0.46071 -1.4164 -0.62953 -1.0429 -1.5924 -0.55986 0.12984 -0.5481
4.1952 -3.517 -3.446 -2.473 -0.92663 0.58028 -1.2038 -0.88591 -1.0896 -1.4328 -0.29276 0.23272 -0.73892
4.0343 -2.7872 -3.3651 -1.7714 -1.0355 0.99489 -0.85158 -0.82285 -1.1045 -1.2669 -0.22468 0.24302 -1.1045
3.9166 -3.2997 -3.7709 -2.401 -1.5906 0.53278 -1.1559 -1.366 -1.4204 -1.4108 -0.63095 0.22851 -1.3814
3.7405 -2.7793 -3.509 -1.8041 -1.4501 0.6524 -0.63345 -1.3073 -1.3478 -1.179 -0.33205 0.37591 -1.4028
3.4872 -3.3255 -3.7425 -2.1634 -1.5481 0.28286 -0.71629 -1.4878 -1.3968 -1.1026 -0.66072 0.26908 -1.0816
3.2445 -3.0233 -3.8489 -2.0262 -1.3064 -0.037144 -0.80785 -1.8208 -0.72561 -1.5054 -1.2203 0.2037 -1.1043
3.3113 -3.4617 -4.1021 -1.9926 -1.1014 -0.399 -1.1426 -1.9373 -0.64425 -1.0938 -1.1872 0.27001 -1.2974
3.1098 -3.2524 -4.3019 -2.611 -1.3143 -0.50701 -1.5472 -2.041 -0.6434 -1.3954 -1.1112 0.35088 -0.94066
2.9191 -2.9544 -3.821 -2.1642 -0.50871 -0.30146 -1.4039 -1.9189 -0.39106 -0.98177 -0.90826 0.44357 -0.79863
2.857 -2.6118 -3.6179 -2.5344 -0.44045 -0.42094 -1.3526 -1.8167 -0.36708 -0.79588 -0.7472 0.42483 -0.71983
2.6795 -2.311 -3.6631 -3.5943 -0.27689 -0.28233 -1.6699 -1.4937 -0.83965 -0.19949 -0.34208 0.14763 -0.36971
2.4247 -2.5465 -3.6795 -3.946 -0.49317 -0.41698 -1.3867 -1.7991 -0.37964 0.15999 -0.54419 0.53702 0.38867
1.9258 -2.1353 -2.6942 -3.3795 -0.037963 -0.43261 -1.0635 -1.1243 -0.45146 0.25369 -0.40702 0.0080301 0.27769
1.3851 -3.1201 -2.7115 -3.2936 -0.45211 -0.70581 -1.1987 -0.96958 -0.15007 -0.14256 -0.45378 0.11803 0.74875
0.65192 -3.1084 -2.5713 -3.2072 -0.30717 -1.6838 -0.99595 -1.4545 0.029128 0.22648 0.13165 0.21538 0.99645
0.17289 -2.9409 -1.3408 -2.7177 -0.22671 -1.1025 -1.1304 -1.4178 -0.39828 -0.41236 -0.2929 0.43048 1.1142
-0.24837 -3.6181 -1.0355 -1.8638 -0.57708 -1.3734 -1.1998 -1.223 -0.26476 -0.519 -0.24471 0.69218 1.163
-0.6604 -3.4169 -0.62593 -1.8116 -0.3978 -0.97636 -1.4649 -1.6683 -0.018249 -0.37373 -0.30863 0.79741 0.99349
-1.2116 -3.5583 -0.45314 -1.3977 -0.068922 -0.90762 -1.4197 -1.9169 -0.36188 -0.38357 -0.090604 0.85538 0.38575
-1.9391 -3.8333 -0.10411 -0.44243 -0.92023 -1.0025 -1.2435 -1.8898 -0.38315 -0.93122 -0.63729 0.12219 0.40437
-3.6059 -3.8613 -0.59115 -0.94784 -0.10853 -0.44881 -0.67187 -0.92003 -0.49824 0.039453 0.287 0.41196 0.096023
-3.4024 -3.6801 -0.23285 -0.66388 -0.22264 -0.61963 -0.82582 -1.1681 -1.0593 -0.45923 0.17866 0.16278 -0.29997
-4.6394 -3.7866 -0.73977 -0.96588 0.6609 -0.38031 -1.1186 -0.60877 -0.67922 0.36848 0.20289 0.5702 0.010786
-5.7011 -3.2603 -0.030023 -0.74876 -0.56416 -0.62179 0.064071 -0.26325 -0.78588 -0.27486 0.50859 -0.42259 -0.2026
-4.7921 -3.3959 -0.46935 -1.3702 0.1763 -0.84908 -0.39373 0.64863 0.25851 0.84719 -0.019432 -0.82058 0.36159
