0.72147 -1.0025 -0.52539 -1.9755 0.42543 0.65031 -0.21571 -0.89887 0.36117 -0.76343 -0.91108 -0.3893 -0.88051
2.7371 -0.57946 -0.9293 -3.1749 0.35196 0.95675 -0.019771 -0.44726 -0.082975 -0.21995 -0.94681 -0.66343 -0.25127
3.5413 -0.98205 -1.4983 -2.698 -0.32286 1.1611 -0.1155 -0.59176 0.39178 -0.78027 -0.86328 -0.58045 -0.25175
3.9845 -1.9124 -1.9449 -2.0527 -0.6076 1.6256 -0.57407 -0.52793 0.52863 -0.4883 -1.0856 -0.51283 -0.061837
3.8589 -2.408 -1.6553 -1.7706 -0.88202 0.91507 0.13752 -0.34935 0.31941 -0.78674 -0.79431 -0.51713 -0.098354
4.0869 -0.37194 -2.2365 -2.3346 -0.12625 0.69325 -0.16279 -0.61362 0.65091 -0.43932 -1.2483 -0.19066 -0.083709
3.6856 -0.19446 -1.9715 -2.2367 -0.49272 0.42777 -0.088124 -0.72529 0.88923 -0.64263 -0.82635 -0.32422 -0.49895
2.6544 0.048607 -0.77255 -1.9421 -0.48646 0.05262 0.14233 -1.1882 1.0711 -0.053683 -0.81634 -0.61291 -0.59865
1.0846 -0.93999 0.12439 -1.7285 -0.17507 0.060005 0.33006 -0.90865 0.60104 0.19482 -0.46769 -0.38516 -0.63845
3.0845 0.12261 -1.4072 -1.8671 -0.55472 -0.37265 0.06215 -1.2617 0.71644 0.4047 -0.84644 -0.58814 -0.62637
3.6088 0.22011 -1.8498 -1.9005 -0.61049 -0.74306 0.34465 -1.4335 0.17108 0.41331 -0.71816 -0.794 -0.53896
3.3302 0.77663 -1.3237 -2.1482 -0.76556 -0.61105 0.5248 -1.625 0.1195 0.27805 0.06969 -0.88979 -0.55531
1.3532 0.089703 0.64185 -2.2862 -0.68188 -0.42459 0.37566 -1.565 -0.021918 -0.18406 0.26695 -0.69321 -0.49801
0.043281 -1.4139 1.8345 0.077152 -0.3141 -0.3206 -0.2157 -1.7247 0.84847 -0.44399 -0.6805 -0.29197 -0.49745
-0.088108 -1.4363 2.208 0.918 -0.85125 -0.47317 0.16342 -1.502 0.68733 -0.54483 0.049083 -0.42097 -0.32168
-0.42152 -1.9594 1.5463 0.70215 0.39101 0.0066624 -0.50939 -1.5307 0.44076 -0.25985 -0.36873 -0.046864 -0.75095
-0.78438 -2.5404 1.0936 0.86467 0.43725 0.35971 -0.047205 -0.87872 0.031667 -1.0053 -1.2726 -0.4168 -0.058338
-1.3644 -2.6124 0.83424 0.43504 -0.086713 -0.0030995 -0.0060834 -0.64883 0.056027 -0.5734 -0.59978 -0.4748 -0.4175
-2.1323 -2.7916 0.50635 0.090757 0.24316 0.14444 0.19371 0.055785 0.54457 -0.044307 -0.41815 -0.18437 -0.20638
-1.8194 -2.8417 0.39763 0.062901 0.57583 0.57963 0.61503 0.23425 0.34505 0.040511 -0.058174 -0.32282 -0.88414
-0.85602 -1.7314 0.63329 -1.1383 0.094352 0.38042 1.0951 -0.10501 -0.074181 -0.33176 -0.070318 -0.35272 -0.66771
3.2048 -0.08883 -0.87425 -3.3917 -1.3448 1.2409 0.78071 -1.1498 0.11509 -0.463 -0.14672 -0.62367 -0.89433
4.4158 -0.82885 -1.9169 -3.5529 -2.0789 1.5781 0.21017 -1.1844 0.006417 -0.70193 -0.33754 -0.88765 -1.1927
4.6015 -0.84822 -1.9649 -3.5982 -1.6994 1.7832 0.16592 -0.91774 -0.13098 -0.35356 -0.35504 -0.82408 -0.97685
4.681 -0.89057 -2.2717 -3.7489 -1.6336 1.7876 0.030522 -1.025 0.083625 -0.81889 -0.32662 -0.83019 -1.0975
4.5755 -1.1037 -2.1659 -3.5793 -1.5993 1.713 0.13255 -1.0538 -0.04457 -0.52856 -0.36938 -0.99426 -0.77467
4.5552 -0.95243 -2.1258 -3.6599 -1.3459 1.7868 0.08252 -0.99006 -0.046932 -0.49355 -0.42958 -0.8521 -0.85948
4.4121 -1.0071 -2.0018 -3.9944 -1.41 1.6575 -0.12431 -1.1944 0.043732 -0.85375 -0.50957 -0.94952 -0.96865
4.3192 -0.73847 -1.9262 -3.7591 -1.3362 1.5909 -0.10745 -0.87924 -0.25314 -0.49927 -0.61399 -0.96697 -0.89915
4.3008 -0.554 -1.6056 -3.8916 -1.21 1.724 -0.10652 -0.77459 -0.049567 -0.52192 -0.38177 -0.84572 -1.0097
4.0008 -0.62102 -1.5289 -3.9897 -1.4555 1.5462 -0.21485 -1.1144 -0.12587 -0.35201 -0.83035 -0.76003 -1.2154
3.5717 -0.74392 -1.411 -3.7738 -1.2005 1.1776 0.014671 -1.1632 -0.25409 -0.19174 -0.58203 -0.81568 -1.4281
3.0563 -0.52854 -1.1087 -3.6295 -1.075 0.68125 0.44735 -1.3577 -0.22888 -0.15458 -0.5092 -0.84281 -1.3281
2.4324 -0.76334 -0.80472 -3.5274 -0.71831 0.3875 0.15226 -1.1933 -0.12113 -0.19841 -0.66628 -0.77766 -1.1964
1.6241 -1.1621 -0.010469 -2.838 -0.70013 0.333 0.13251 -1.2342 -0.42721 -0.37961 -0.54517 -0.68349 -0.97648
1.0265 -1.1452 0.18783 -2.5415 -0.16767 0.4425 0.24039 -1.6145 -0.34105 -0.26594 -0.53139 -0.71413 -0.60434
0.57891 -1.8628 -0.063743 -1.7715 0.1672 0.50677 0.74552 -1.2834 -0.70317 -0.56773 -0.61042 -0.65627 -0.20337
