4.27 -4.9809 -3.8774 -2.6222 0.66658 -0.51958 -0.41314 -0.40421 -0.26326 -0.53986 -0.21461 0.63919 -0.67265
5.3849 -5.5819 -3.9194 -2.4345 0.56968 -0.24867 -0.60398 -0.6743 -0.062777 -0.8791 -0.41805 0.72578 -0.70404
5.9099 -5.7458 -4.0425 -2.7863 0.32399 -0.2099 -0.46919 -0.62207 -0.097847 -0.8344 -0.55056 0.83438 -0.63952
6.4981 -5.4605 -3.8259 -3.0194 0.15851 -0.25279 -0.13795 -0.63518 -0.014397 -1.1688 -0.71003 1.1442 -0.75276
6.744 -5.8333 -3.8703 -3.3753 -0.23846 -0.55917 0.075759 -0.39929 -0.055075 -1.622 -0.96007 1.1921 -0.97035
6.4553 -5.4436 -4.0149 -3.3914 -0.68762 -0.45281 0.075085 -0.45654 0.10016 -1.8111 -0.74597 1.0261 -0.85512
5.8748 -4.5353 -4.2129 -3.1415 -1.2513 -0.34674 0.083409 -0.53002 0.51847 -1.6842 -0.72938 0.76016 -0.95745
4.8216 -2.5682 -3.9378 -2.4362 -1.7702 -0.44439 -0.20569 -0.17063 1.3144 -1.2628 -0.71049 0.0078768 -0.46797
1.3305 -2.7324 -0.87968 -1.1009 -0.30293 -0.98634 -0.89873 -0.38309 -0.5019 -1.064 -0.69789 0.81246 -0.61739
1.7272 -3.2472 -0.69921 -1.1265 -1.1289 -1.5821 -1.3818 -1.0764 0.40205 -0.85364 -1.1041 0.1187 -0.39097
4.0889 -2.4827 -3.144 -1.9155 -1.7021 -1.2232 -0.35587 -0.44247 1.1635 -0.75594 -1.0409 0.051428 -0.69665
4.5628 -2.6888 -3.6416 -2.545 -1.9177 -1.7816 -0.48912 -0.6774 0.72847 -1.263 -1.2222 -0.24023 -0.41705
3.6215 -1.7682 -2.3475 -3.0271 -0.8936 -1.942 -1.2736 -1.0698 0.19029 -0.3833 -1.0706 -0.10739 -0.10915
0.95434 -2.7595 -0.01056 -0.80583 -0.23682 -1.3804 -1.069 -0.6808 0.27282 -0.63844 -1.0865 -0.27789 -0.18278
0.75093 -2.6754 0.62256 -0.43065 -0.483 -0.58909 -0.16133 -0.7565 0.43943 -0.50496 -0.8466 -0.91586 -0.48107
0.47743 -2.805 0.5258 -0.29716 -0.18475 -0.49514 -0.4036 -0.91589 0.10758 -0.66442 -0.57299 -0.14845 -0.54968
-0.18799 -3.2622 0.012614 -0.35853 0.092585 0.11883 0.027358 -0.50014 0.031616 -0.72769 -1.0687 -0.67127 -0.87357
-0.40468 -3.0806 0.42937 -0.26 -0.69869 -0.22853 0.358 -0.74841 -0.29252 -0.98991 -0.58064 -0.99056 -1.0786
-0.39315 -3.0445 0.56128 -0.16405 -1.0015 -0.69698 0.014502 -0.97004 -0.28513 -0.67197 0.23398 -0.47593 -0.53284
-0.93284 -3.1132 0.12765 -0.54141 -0.30814 -0.53084 -0.19681 -0.5312 -0.24893 -0.36624 0.087734 -0.19538 -0.41853
-1.0604 -3.3294 0.3143 0.16225 0.32964 -0.1993 -0.71531 -1.165 -0.50801 -0.16942 0.30474 0.090116 -1.0671
1.157 -0.67624 0.47234 -1.2853 -0.050815 0.35045 0.49153 -0.58483 1.2614 -0.28574 -0.75869 -0.040927 -0.13221
4.6203 -0.22834 -2.2616 -2.55 -0.055414 -0.26745 0.6436 -0.027115 0.95965 -0.2748 -1.3198 -0.17041 0.11855
5.2428 -1.8566 -3.7443 -3.3467 -0.70053 -0.94336 0.47487 -0.63003 0.064122 -1.0281 -1.3874 0.71307 0.37826
5.5207 -2.9973 -5.2078 -3.2233 -0.47817 -0.60653 -0.50086 -1.0845 -0.33149 -1.3523 -1.1926 0.56475 0.066658
5.3894 -2.588 -4.9128 -2.4588 0.63208 -0.22883 -0.72366 -0.84207 -0.51121 -0.43937 -1.3804 0.72045 -0.31573
5.3883 -3.0583 -4.8419 -2.5259 0.64492 -0.27598 -1.359 -0.88798 -0.32294 -0.39512 -0.66581 0.091163 -0.071152
5.3589 -3.5175 -5.0811 -2.3553 0.68714 -0.91209 -1.6663 -0.80598 -0.48659 -0.50262 -1.0937 -0.038863 -0.1631
5.2394 -4.1482 -4.9864 -2.5643 0.40307 -1.1294 -1.9852 -0.57961 -0.55684 -0.56353 -1.344 -0.11889 -0.19233
5.1861 -3.8299 -4.6192 -2.0164 0.66603 -1.107 -1.952 -0.42311 -0.35399 -0.53321 -1.4135 -0.10995 -0.33548
5.2174 -3.2442 -4.4366 -2.1484 1.0927 -0.72609 -1.5078 -0.50312 -0.1579 -0.69498 -1.2027 0.033197 -0.0019705
5.2518 -3.7936 -4.9094 -1.8741 1.1403 -0.74134 -1.9617 -0.4266 -0.31259 -0.30335 -1.2177 -0.028777 -0.11781
5.2158 -4.0633 -5.2451 -2.5951 0.69189 -1.4154 -1.9668 -0.4237 -0.89284 -0.29255 -1.3369 -0.028068 -0.081551
5.0427 -4.2472 -4.8643 -2.6973 0.92824 -1.1363 -1.935 -0.5043 -0.96858 -0.56908 -1.461 -0.18148 -0.25429
4.8997 -3.6237 -4.2939 -2.264 1.308 -1.1766 -1.7614 -0.37828 -0.54297 -0.35568 -0.95588 0.14751 -0.051009
4.8065 -3.725 -4.0062 -2.0222 1.5086 -0.96429 -1.5869 -0.12323 -0.53868 -0.39473 -0.58776 -0.084875 0.28168
4.6077 -4.2413 -4.6901 -2.1731 0.97011 -1.1227 -1.8132 -0.66976 -0.69077 -0.66825 -0.578 0.11718 0.29459
4.8409 -4.5982 -5.1235 -2.4409 0.47878 -0.93316 -2.0499 -0.6 -0.47334 -0.31946 -0.20485 0.26062 0.52989
4.8795 -4.6325 -4.6069 -2.5759 0.29668 -0.85262 -1.9182 -0.55845 -0.35007 -0.62851 -0.3303 0.2961 0.49825
4.7983 -4.8856 -4.0584 -2.5843 0.29488 -0.97606 -2.1781 -0.35478 -0.048472 -0.53444 -0.35972 0.40331 1.1246
4.6287 -4.8339 -4.2092 -2.5814 -0.012794 -1.4389 -2.6971 -0.49327 -0.20191 -0.99161 -1.0074 0.3563 1.2715
3.6919 -4.2335 -3.4075 -2.457 0.075935 -1.6735 -2.2024 -0.24788 0.23723 -0.48411 -0.73944 0.28923 1.7499
3.2147 -4.4505 -2.7827 -2.348 0.0061321 -1.0901 -2.0208 -0.21205 0.37813 -0.52079 -0.54895 0.9052 1.8745
2.4346 -4.8778 -2.6501 -2.3648 0.10547 -1.3831 -1.6617 -0.065214 0.21926 -0.23784 -0.18933 0.73752 1.9337
1.4339 -4.5937 -2.2117 -2.4727 -0.5153 -1.067 -1.6588 -0.53774 0.10055 -0.16231 -0.42454 1.0635 1.4148
0.38542 -3.5726 -1.636 -2.698 -0.41482 -1.3389 -1.0652 0.068663 -0.1312 -0.15192 -0.36615 0.72722 0.8851
