2.856 -5.0895 -3.0304 -2.4643 0.58348 0.54947 -1.0829 -0.06543 0.21895 -0.25948 0.16251 0.49655 0.0040559
4.1625 -5.0708 -3.9251 -2.2087 0.3696 0.43931 -0.71729 -0.70194 0.15899 -0.74208 -0.43702 0.44009 -0.16631
5.0983 -5.7465 -4.1318 -2.7215 0.16282 0.33481 -1.1763 -1.2121 0.084086 -1.007 -0.37905 0.40395 -0.36972
5.8104 -5.7627 -3.9037 -3.0168 0.22521 -0.11219 -0.98768 -1.1409 0.14288 -1.1158 -0.28214 0.2348 -0.42623
6.3642 -5.9955 -4.1712 -3.2474 -0.0093813 -0.36615 -0.79592 -1.1567 0.2844 -1.3783 -0.48764 0.3931 -0.5061
6.4935 -5.6278 -3.9359 -3.0811 -0.089377 0.16934 -0.091184 -0.41442 0.35865 -1.6137 -0.78853 0.65359 -0.72181
6.5517 -5.3596 -3.9238 -3.7643 -0.70532 -0.39865 -0.20426 -0.43091 -0.39687 -1.6778 -0.73467 0.41829 -1.0047
6.399 -4.6376 -3.8485 -3.5695 -0.50873 -0.11633 -0.14472 -0.32562 0.34998 -1.5621 -0.75009 0.53544 -1.0868
6.0681 -4.1164 -4.6443 -3.0925 -1.3002 -0.87203 -0.15461 -0.55919 0.60727 -1.5108 -1.1225 0.13368 -1.0614
5.1746 -3.045 -3.3458 -2.4609 -2.1037 -1.8096 -0.73196 -0.21616 0.92828 -1.5724 -0.9322 0.053158 -0.49614
2.1891 -3.2415 -0.62432 -1.5935 -1.0976 -1.2162 -0.86277 -0.76005 0.23676 -0.80639 -0.70368 0.15839 -0.4011
4.5008 -2.9833 -2.7121 -2.8035 -2.2044 -2.0346 -0.79689 -0.75213 0.93906 -1.3791 -1.0274 -0.47102 -1.0025
4.5858 -2.4554 -2.5274 -3.0404 -1.5075 -1.5842 -0.76264 -0.45711 0.64856 -0.69516 -0.83565 -0.22852 -0.15099
3.2528 -2.2284 -1.1662 -2.4713 -0.79698 -1.5178 -0.97689 -1.0257 0.23603 0.20049 -0.259 -0.017787 0.18242
1.1919 -2.6135 0.74275 0.052877 -0.01241 -0.4382 -0.53604 -0.62464 0.59843 -0.33215 -0.96276 -0.41624 -0.16297
1.0253 -3.2445 0.2597 -0.10362 -0.090866 -0.54927 -0.69357 -1.0366 -0.082255 -0.13087 0.1638 -0.067513 -0.74351
-0.025444 -2.8552 0.78755 0.10606 -1.051 -0.45889 0.19988 -0.79018 0.19497 -0.95154 -0.72417 -0.86137 -0.3472
0.081475 -3.3592 0.036853 0.0058856 0.51132 0.17827 -0.41205 -0.75489 -0.40546 -0.93434 -1.3003 -0.58148 -0.84215
-0.060669 -3.3821 -0.066056 -0.63697 -0.59184 -0.30948 0.18193 -0.57178 -0.54362 -1.1224 -0.92388 -1.1591 -0.80557
-0.27533 -3.3697 -0.022012 -0.67226 -0.74385 -0.49895 0.38752 -0.055352 -0.41993 -0.6758 -0.2928 -1.0987 -0.46694
-0.36583 -3.2335 0.18668 -0.28277 -0.076544 -0.19671 -0.091109 -0.33556 -0.41564 -0.54097 -0.68911 -0.78093 -0.47425
0.61954 -1.8896 1.0883 -0.27569 0.11612 0.32209 0.46104 -0.79024 0.13031 -0.59211 -0.46177 -0.11383 -0.53005
4.0781 -1.2242 -1.3094 -2.8664 -0.20896 -0.55599 0.36508 -0.17484 0.79223 -0.073291 -0.83351 -0.7425 0.29133
5.0836 -2.1603 -2.7592 -3.2639 -0.37365 -0.59213 0.27659 -0.25932 0.27837 -0.8085 -0.88744 0.11884 0.13157
5.7045 -2.6279 -3.6843 -3.1292 -0.1449 -0.044847 -0.068494 -0.5178 -0.16574 -1.2372 -0.89838 0.46783 0.12112
5.7219 -3.1988 -4.2135 -2.9555 0.53443 -0.073164 -0.37906 -0.91492 -0.37592 -0.90308 -1.1146 0.72028 -0.12366
5.5182 -3.8854 -4.6317 -2.9801 0.42779 -0.30284 -0.96993 -0.95654 -0.69884 -0.37737 -0.95736 0.49302 -0.075693
5.4118 -3.4086 -4.0664 -2.7331 0.78807 0.22239 -1.2909 -1.1857 -0.74986 -0.47298 -0.74587 -0.01247 -0.31273
5.3157 -3.489 -3.9306 -2.7215 1.2472 0.0042199 -1.662 -0.84296 -0.60301 -0.074739 -0.95387 0.14564 -0.38938
5.1695 -3.6981 -4.3603 -2.6525 1.2696 -0.27451 -2.0714 -0.91111 -0.73396 0.009191 -1.5158 0.45087 -0.37966
4.8687 -3.2677 -3.4853 -2.3672 1.5788 -0.10591 -1.7529 -0.6732 -0.31884 0.00020566 -1.4538 0.31344 -0.15078
4.5848 -3.7428 -3.7264 -2.5691 1.0519 -0.65313 -1.6986 -0.50128 -0.51024 0.12258 -1.402 0.23865 0.22518
4.6251 -3.9567 -3.8311 -3.012 1.1918 -0.46637 -1.7255 -0.15812 -0.81079 -0.47585 -1.4748 -0.062215 -0.070509
4.5552 -3.7076 -3.4257 -2.7136 1.4078 -0.95883 -1.597 -0.37843 -0.15654 -0.31154 -0.54492 -0.0086433 -0.21118
4.7773 -4.3515 -3.8223 -2.391 1.1477 -0.76446 -1.6051 -0.44521 -0.52527 -0.15224 -0.91803 0.15666 -0.31504
4.7944 -4.8326 -4.3196 -2.6198 0.40172 -0.99457 -2.0068 -0.84314 -0.76207 -0.34592 -0.85417 -0.20266 -0.40243
4.6378 -4.8595 -4.4851 -2.6514 0.58582 -0.83875 -1.4899 -0.90743 -0.20251 0.29081 -0.51784 0.56321 0.29351
4.5031 -4.4868 -3.8037 -2.7089 0.78815 -0.77872 -1.6799 -0.85132 -0.482 0.12136 -0.83322 0.29373 0.30653
4.0422 -4.6843 -3.8118 -2.4974 0.099805 -0.83877 -1.7074 -1.2055 -0.26196 0.067563 -0.82857 0.095773 0.41519
3.3465 -4.599 -3.0686 -2.7343 -0.38989 -1.0763 -1.4916 -0.91368 -0.083279 -0.23626 -0.78171 0.60782 1.0028
2.8083 -4.5797 -2.3245 -1.9109 -0.085086 -1.1368 -1.38 -0.69803 -0.28331 -0.012254 -0.63945 0.18162 1.1279
2.3717 -4.7941 -2.1763 -1.8276 -0.12914 -1.309 -1.4078 -0.53818 -0.08059 -0.19388 -0.9627 0.58214 1.445
1.793 -4.7395 -1.6601 -1.6715 -0.90713 -1.339 -1.0946 -0.85932 -0.31659 -0.57651 -0.74927 0.24982 1.3228
1.096 -4.2897 -1.0635 -1.623 -0.57802 -0.87596 -0.96736 -0.97871 0.20396 0.10659 -0.42466 0.59345 1.2885
