2.8957 -5.1458 -4.2649 -2.5326 0.18647 0.2691 -0.25343 -0.021166 0.063486 -1.0219 0.64763 0.87324 -0.25616
4.5004 -4.2869 -3.8291 -2.4796 0.021313 -0.1522 -0.37341 -0.86616 -0.18384 -1.0781 0.26685 0.94429 -0.84369
5.3755 -4.4222 -3.9268 -2.4654 -0.32869 -0.49787 -0.0028831 -0.75378 -0.12857 -1.4259 0.2585 0.97917 -0.94202
4.9025 -4.323 -4.4737 -2.4994 -0.18018 -0.2537 -0.18735 -0.70348 0.083738 -1.3755 -0.083309 0.4725 -0.85154
4.9049 -4.5162 -4.4386 -3.0424 -0.12241 -0.64256 -0.16977 -1.0722 -0.54219 -1.5026 -0.25306 0.39272 -0.96056
5.1184 -4.4648 -5.0406 -2.7187 -0.63414 -0.63788 -0.15645 -1.1476 -0.52273 -1.515 -0.17916 0.56173 -0.60422
5.2556 -4.3511 -4.9836 -2.5145 -0.49338 -0.84301 0.13489 -1.1667 -0.59833 -1.7122 -0.33016 0.16936 -0.34817
5.3797 -4.5002 -4.5723 -2.4651 -0.34631 -0.93363 -0.011671 -0.9 -1.0479 -1.7328 -0.80345 -0.0024588 -0.62708
5.5598 -4.4986 -4.9644 -2.2724 -0.72072 -0.95991 0.055456 -0.46504 -0.85998 -1.649 -0.60112 0.26861 -0.062821
5.3318 -4.5607 -4.6496 -2.1787 -1.1507 -1.0904 -0.002651 -0.090063 -0.921 -1.795 -0.55943 -0.19076 0.40198
4.3079 -3.561 -3.5039 -1.2745 -1.3602 -1.5936 0.085326 0.41792 -0.94125 -1.0706 -0.36341 -0.031282 0.16299
1.7147 -3.2453 -1.6336 -0.84414 -0.78871 -2.4729 -0.29409 0.59028 -0.72327 -0.77071 0.045016 -0.12245 -0.0099744
3.2659 -3.4621 -2.6431 -1.4233 -1.5063 -2.6719 -0.072173 0.75375 -0.85491 -1.0213 -0.25809 -0.42817 0.67612
3.8269 -3.7517 -3.8813 -2.7342 -1.5262 -2.6213 -0.39797 -0.58697 -0.56821 -0.94773 -0.44693 -0.21673 0.60931
2.7975 -2.6095 -1.8404 -2.9488 -1.3423 -2.1988 -0.76965 -1.022 -0.25525 -0.22314 -0.55543 -0.7493 0.4295
0.72467 -2.9772 0.306 -0.89626 -1.1099 -0.94036 -0.16366 -1.2028 -0.61547 -0.93888 0.021148 -0.26568 -0.040512
-0.017701 -3.1267 0.34227 -0.55204 -1.0638 -0.80209 -0.013055 -0.87602 -0.20208 -0.8121 -0.38838 -0.82629 -0.28878
-0.7396 -3.6368 -0.26551 -0.49487 -0.060392 -0.09279 0.052744 -0.4037 -0.85416 -1.0992 -0.91977 -0.9503 -0.58624
-0.59854 -3.7505 -0.27418 -0.4775 -0.22024 -0.39056 -0.40718 -0.69051 -0.53714 -0.84314 -1.0611 -1.0374 -0.50028
-0.82286 -3.4579 0.054239 -0.38429 -0.47459 -0.52342 -0.27387 -0.69019 -0.54346 -0.58355 -0.41742 -0.78238 -0.57613
-0.22107 -2.4531 0.67088 -0.29836 -0.50813 -0.43239 -0.14757 -0.79517 -0.023332 -0.48657 0.022126 -0.30286 -0.12565
3.0845 -1.8639 -2.0737 -2.9542 -0.23569 -0.95782 -0.63069 -0.42315 0.57584 -0.72752 -0.67199 -0.18792 0.12093
4.401 -3.5037 -3.7862 -3.4706 -0.73864 -1.0607 -0.88335 -0.52084 0.13831 -0.76324 -0.61352 0.56711 0.28687
4.7715 -3.6534 -3.883 -3.2516 -0.18676 -0.90082 -0.56032 -0.8318 -0.47549 -0.95085 -0.69338 1.2221 -0.38449
5.2167 -4.8156 -4.376 -3.0229 0.042865 -0.71454 -0.44551 -1.0067 -0.8588 -0.88651 -0.099423 1.2958 -0.10708
5.3266 -3.7769 -3.861 -1.9551 0.85311 -0.18864 -0.76131 -0.88914 -0.5069 -0.79567 -0.043588 1.1016 -0.61028
5.4468 -4.9415 -5.2696 -2.3471 0.42947 -0.60647 -1.2575 -1.5705 -0.7491 -0.7348 -0.3211 1.0003 -0.43823
5.4793 -4.4478 -4.9401 -2.1934 0.63924 -0.50671 -1.083 -1.5775 -0.65059 -0.50809 -0.58162 0.82111 -0.60442
5.3517 -4.6873 -5.4187 -2.2352 0.57256 -0.59747 -1.0538 -1.4333 -0.64311 0.070589 -0.21083 1.2675 -0.0012296
5 -4.5648 -5.0845 -2.4628 0.5944 -0.31096 -1.1429 -1.4706 -0.49889 -0.14053 -0.2431 1.2177 -0.29046
4.8533 -4.739 -5.027 -2.3635 0.5042 -0.57815 -1.0288 -1.4741 -0.65702 -0.17701 -0.18317 0.96138 -0.33452
4.824 -4.8232 -5.6079 -2.337 -0.070487 -1.1092 -0.57439 -1.4549 -0.83013 0.27893 -0.3734 1.241 -0.27384
5.1939 -4.9546 -5.109 -2.585 0.60428 -0.44488 -1.265 -1.455 -0.46833 -0.21825 -0.29379 1.394 -0.44347
5.055 -4.3595 -5.0967 -2.4544 0.98186 -0.41032 -1.013 -0.92059 -0.43453 -0.37956 -0.1519 0.7957 -0.36348
4.8586 -4.5843 -4.7357 -2.5286 0.61067 -0.79931 -0.91906 -0.86818 -0.65966 -0.30402 0.17862 0.61627 -0.218
5.0355 -5.3086 -5.1889 -2.2986 0.13362 -0.84079 -0.93017 -1.4446 -0.83313 -0.73721 -0.34352 0.52505 -0.67707
4.6875 -5.0985 -5.2054 -2.6205 -0.47481 -0.7587 -1.0481 -1.2565 -0.55353 -0.61919 0.44908 0.96887 0.24707
4.763 -5.1202 -4.956 -2.6998 -0.074487 -0.73169 -1.1329 -1.57 -0.47463 -0.70415 0.3948 0.85065 -0.24217
4.586 -5.0167 -4.7765 -2.5845 0.073479 -0.38321 -1.0054 -0.8346 -0.76188 -0.77143 0.50877 0.83087 0.40419
4.2445 -4.0886 -4.2114 -2.7342 0.39741 -0.45644 -1.0494 -0.90263 -0.62472 -0.97377 0.34103 0.90446 -0.12658
3.7141 -3.5343 -3.4812 -2.8854 0.35805 -0.61821 -1.0299 -1.1646 -0.61589 -1.0989 0.034983 0.64111 0.19768
3.3376 -4.1472 -3.3938 -3.0182 0.10479 -0.66775 -0.81137 -0.84615 -0.35548 -0.89811 0.55429 1.0283 0.64098
2.7893 -4.0658 -2.6382 -2.964 -0.30313 -0.63378 -0.93763 -1.0806 -0.6099 -0.82696 0.39052 0.77059 0.68143
1.7266 -4.4492 -1.9692 -1.9806 -0.59249 -0.92464 -0.84373 -0.8879 -0.96058 -0.98962 0.35165 0.52404 0.54268
0.82253 -3.8193 -0.9198 -1.7881 -0.80566 -0.86322 -0.29039 -1.056 -0.7784 -0.90489 0.60087 0.6174 0.34161
