1.3289 -2.8797 -1.6651 -2.7671 -0.33206 0.72737 -1.1352 -0.15244 -0.20184 -0.28609 -0.067901 0.79632 0.14641
3.5686 -2.2964 -2.0677 -3.3678 -0.33343 0.78186 -1.1895 -0.044844 -0.20137 -0.83303 -1.0586 0.49299 0.10914
5.419 -4.6749 -3.0337 -3.7481 -1.162 0.47575 -1.0953 0.12914 -0.38805 -1.1229 -1.5044 0.52384 -0.082007
5.6736 -5.2992 -3.4185 -3.628 -1.1097 0.43485 -0.91759 0.19906 -0.20591 -1.3248 -1.5887 0.624 -0.49046
5.6673 -5.0064 -2.7552 -3.0312 -0.91043 0.25763 -0.97653 -0.13693 -0.059564 -1.0357 -1.7094 0.29361 -0.91473
5.4807 -4.6624 -3.5899 -3.3857 -1.3657 -0.26736 -0.85755 -0.4971 -0.25545 -1.1471 -1.6984 0.49249 -0.28022
5.1123 -2.6241 -3.1501 -2.4622 -0.94388 -0.74934 0.041271 -0.26701 -0.03511 -0.84748 -1.8842 0.6832 -0.18469
3.7158 -0.49027 -3.0049 -1.7978 -1.0866 -1.1833 -0.12427 -0.65161 0.38723 -1.2868 -1.4294 0.61708 -0.019262
-0.18166 -2.0938 -0.80694 -0.25505 0.14869 -0.83512 -0.19493 -1.2147 -0.32728 -0.86195 -1.107 -0.26239 -0.24475
2.9333 -0.21798 -2.9907 -1.3458 -0.87872 -1.4818 0.097892 -1.1732 0.4994 -0.86623 -1.0537 0.067861 -0.026582
4.0401 -0.87054 -3.6536 -2.3794 -1.2925 -1.2898 -0.77321 -1.3928 0.11909 -1.2602 -1.2443 -0.12205 -0.17065
3.9658 0.081589 -3.0092 -2.5707 -0.60503 -1.3524 -0.80528 -1.361 0.42889 -0.54838 -0.87127 -0.20836 -0.056337
2.0066 0.060345 -1.1255 -2.2743 -0.66466 -1.2499 -0.93591 -1.7635 0.17807 -0.43474 -0.83619 -0.44502 -0.38612
0.90928 -1.1887 1.2431 -0.23605 -0.20193 -0.85155 -0.99284 -1.9337 -0.11053 -1.7305 -1.3442 -0.50045 0.082726
0.71489 -1.6149 1.1381 -0.38696 -0.14591 -0.5701 -0.84861 -1.904 0.066437 -1.4239 -1.5155 -0.75945 -0.31386
0.50596 -1.5414 1.444 0.088874 -0.1894 -0.64088 -0.57893 -2.0775 -0.067166 -1.8511 -1.2507 -0.17718 -0.076286
0.21232 -1.8895 0.63768 -0.83321 -0.055434 -0.086409 -0.2142 -2.5095 -0.4661 -1.7182 -1.3298 -0.67833 -0.28269
0.13256 -1.876 0.89944 -0.062511 -0.19832 -0.40112 -0.24297 -1.7957 -0.72564 -1.9201 -0.98398 -0.32554 -0.32207
0.15756 -1.83 1.7565 0.43364 -0.095874 -0.51594 -0.64917 -2.1253 0.085916 -1.4068 -0.96776 -0.42925 0.024723
0.47496 -2.924 -0.083003 0.020971 0.67019 -0.21519 -0.37311 -1.8569 -0.93151 -1.1334 -0.55445 -0.47742 0.09744
2.2547 -1.0702 -2.0486 -3.4787 -1.1102 -0.61775 -0.66116 -1.4284 -0.14032 -1.2417 -0.60734 -0.88128 0.2797
4.1169 -1.0525 -3.529 -3.9941 -1.6877 -0.1005 -0.89089 -1.5771 -0.15376 -1.3765 -1.0884 -0.91428 0.36163
4.9705 -1.7871 -3.7066 -3.3412 -1.6189 0.73574 -0.74754 -1.3088 -0.40282 -1.2188 -1.0125 -0.69127 0.6206
5.3882 -2.3069 -4.5916 -3.2638 -1.2644 0.72705 -0.89547 -1.3943 -0.35586 -1.1551 -1.1082 -0.20981 0.5288
5.308 -3.6368 -5.2324 -3.7269 -1.8132 0.40429 -2.047 -1.6197 -1.0226 -1.7738 -1.3111 -0.55005 0.0061687
5.0887 -2.5949 -4.9883 -2.6955 -1.3874 1.1489 -1.8404 -0.9676 -0.80878 -1.4251 -0.73215 -0.41301 0.15626
4.9371 -2.4596 -4.6379 -2.6397 -0.66921 1.1841 -1.3922 -0.77609 -0.69554 -1.3361 -0.24688 -0.22576 0.23258
4.6021 -2.9213 -4.8133 -2.6607 -0.67541 0.91762 -1.5276 -0.98608 -0.85199 -1.4173 -0.22916 -0.12012 0.03621
3.882 -2.2567 -4.5837 -2.6145 -0.020029 0.8646 -1.3054 -1.1804 -0.7305 -1.4989 -0.043878 0.035183 -0.57523
2.7936 -2.2473 -3.3713 -2.8893 0.15532 1.0847 -0.6492 -0.67605 -0.94656 -1.5381 -0.2878 -0.0090744 -0.54221
2.5762 -2.3327 -2.9728 -2.55 0.31712 1.0479 -0.77139 -0.5071 -1.1201 -1.5836 -0.1035 -0.3955 -0.43635
3.6462 -2.2795 -3.9171 -2.8287 0.080322 0.92953 -1.1756 -1.2136 -1.1163 -1.733 -0.1464 -0.28941 -0.69488
4.5242 -2.7381 -4.689 -2.5749 -0.33667 0.81063 -1.4022 -1.1023 -1.1236 -1.6896 -0.24908 -0.33859 -0.35333
5.0013 -2.2368 -4.3224 -2.0942 -0.15501 1.09 -1.2227 -0.73679 -0.73944 -1.2958 -0.39219 -0.12689 -0.0026329
5.165 -2.2838 -4.1693 -2.2812 -0.35022 1.143 -1.1913 -0.7145 -0.65536 -1.2994 -0.52739 -0.15197 0.10266
5.1227 -2.6357 -4.1515 -2.9949 -0.66756 0.86096 -1.5814 -0.94844 -0.82592 -1.4076 -0.88072 -0.29713 -0.06747
5.0732 -2.8778 -4.4885 -3.2306 -0.88355 0.4382 -1.3796 -1.263 -0.88199 -1.4971 -1.1599 -0.29209 0.012463
5.0096 -2.7792 -4.4841 -3.2967 -1.0087 0.53781 -1.372 -1.2957 -0.68268 -1.331 -1.1423 -0.050377 0.18759
4.8831 -2.3921 -4.0865 -3.3779 -0.54184 0.73396 -1.2509 -0.98244 -0.67313 -1.2977 -1.0276 -0.35641 0.47824
4.8775 -1.7822 -4.3897 -3.3826 -1.0412 0.76512 -1.3947 -1.138 -0.5156 -1.4238 -0.92623 -0.22426 0.39774
4.766 -2.0659 -4.2565 -3.7536 -1.266 0.84682 -1.4029 -1.0683 -0.16842 -1.4125 -0.77306 0.20761 0.59709
4.2967 -1.3099 -3.9883 -3.7683 -0.73897 0.66077 -0.9489 -0.63828 -0.034316 -1.3818 -0.57654 0.43933 -0.013123
3.668 -1.6704 -3.7178 -3.5168 -0.87391 0.51726 -0.9769 -0.78396 0.090239 -1.0447 -0.31493 0.33451 0.41382
1.994 -2.7429 -2.3073 -2.8429 0.066535 1.494 -0.82418 0.092222 0.2055 -0.93882 -0.38405 0.20793 0.60774
-0.49576 -2.5656 -1.4965 -3.0084 0.45011 0.13709 -0.29684 -0.070688 0.16154 -0.32662 -0.40038 0.76368 1.2356
