-0.065168 -2.4184 -1.661 -2.3788 0.23959 0.02244 -0.57045 -0.36383 -0.73696 -1.007 -0.35864 -0.037994 0.15981
3.5949 -2.286 -2.7265 -3.2718 0.17773 0.39467 -0.68215 -0.29396 -0.10069 -1.6418 -0.7264 0.41417 -0.076146
3.5372 -2.7502 -2.4975 -3.148 -0.16464 -0.070858 -0.28851 0.052962 -0.68014 -1.5117 -0.67447 0.10113 -0.26411
3.1228 -2.4666 -2.1465 -2.8836 -0.58539 -0.19317 -0.2147 -0.46187 0.087453 -2.0214 -0.87706 0.39409 -0.85387
2.7845 -2.7238 -1.5728 -2.7917 -1.1973 -0.40209 -0.010301 -0.89671 -0.22236 -1.7957 -0.88118 -0.40856 -0.41664
2.6858 -2.0308 -1.4744 -2.8999 -0.73096 -0.81012 0.21011 -0.81433 -0.26536 -1.8534 -0.7162 -0.25726 -0.5103
2.6485 -2.2186 -1.2646 -2.3591 -1.0809 -0.80986 -0.060416 -0.53317 -0.27423 -1.7845 -0.50823 -0.90068 -0.24973
1.8923 -1.9015 -0.87073 -2.1827 -1.2252 -1.2457 -0.5707 -0.57055 -0.097405 -1.6219 -0.38115 -0.99244 -0.41079
1.378 -1.7971 0.019919 -1.3191 -0.74633 -1.2159 -0.3383 -1.3233 0.12889 -0.74437 -0.64206 -0.56439 -0.57451
1.754 -1.4456 -0.68975 -2.5243 -0.91678 -1.4186 -0.69875 -1.7766 -0.20385 -0.96812 -0.88817 -0.74749 -0.60305
0.76797 -2.0888 0.92282 -0.47056 -0.48229 -0.61873 -0.85172 -2.1094 -0.070018 -1.0053 -0.74602 0.0057055 -0.65744
0.60824 -1.8559 1.8496 0.58458 -0.51072 -0.33623 -0.43325 -2.0339 0.86437 -1.0645 -1.2819 -0.34016 -0.57589
0.3181 -2.4715 1.3212 0.56889 -0.41515 -0.3122 -0.94963 -2.3131 0.45958 -1.1233 -1.2923 -0.012068 -0.5028
-0.041888 -2.6322 1.0335 0.45062 -0.51698 -0.23592 -0.48279 -1.6633 0.21643 -0.8713 -1.0609 -0.57845 -0.69143
-0.25095 -2.8207 0.81693 0.45991 -0.24319 -0.23375 -0.62166 -1.4825 -0.10097 -0.7356 -0.44832 0.0065375 -0.42702
-0.49834 -2.7963 0.87245 0.56211 -0.036242 -0.13806 -0.68666 -1.2991 0.15711 -0.61622 -0.89871 -0.17495 -0.32251
-0.89388 -2.7414 0.82106 0.42958 -0.075603 -0.08594 -0.31461 -0.79595 0.37799 -0.30151 -0.726 -0.43769 -0.55642
-1.449 -2.8354 0.85805 0.44765 0.27067 0.17635 -0.25601 -0.85307 -0.056577 -0.25286 -0.3383 -0.074697 -1.0753
-1.1256 -2.4773 0.89458 0.23905 0.33441 0.026021 -0.50884 -0.99811 0.35164 -0.2684 -0.6993 0.040273 -0.77214
1.7726 -1.1704 -0.38255 -2.3207 -1.2001 -1.2198 0.091464 -1.2125 0.31555 -0.76986 -0.49832 -1.022 -0.52456
2.7288 -1.7695 -1.1133 -3.5345 -1.0955 -0.52391 -0.12182 -1.0334 -0.47614 -0.78877 -0.82146 -1.182 -0.19924
2.6038 -2.0339 -1.3491 -2.7319 -0.58735 -0.29717 0.25029 -1.1172 -0.26015 -0.9984 -0.85376 -0.60119 0.0010533
2.6278 -2.1011 -1.682 -2.7886 -0.29239 0.18011 -0.093798 -1.2804 -0.21926 -1.0897 -0.77401 -0.18268 -0.48325
2.6096 -2.3087 -2.1262 -2.8019 -0.26321 0.013908 -0.29912 -1.3496 -0.63342 -0.82761 -0.95385 -0.35133 -0.6795
2.6619 -2.1588 -1.9665 -2.885 0.30994 0.29878 -0.28157 -1.3431 -0.61082 -0.59889 -0.85711 0.089877 -0.86788
2.7262 -2.3627 -2.0601 -2.9701 0.19543 0.23257 -0.34391 -1.2699 -0.69673 -0.56201 -0.80253 -0.075701 -0.70363
2.7166 -2.5358 -2.3172 -2.895 0.066732 0.27408 -0.26625 -1.5213 -0.58869 -0.63198 -1.0757 -0.087598 -0.82788
2.5187 -2.4906 -2.0211 -2.6228 0.17688 0.5264 -0.13558 -1.3992 -0.77753 -0.45418 -0.76265 -0.084115 -0.67556
2.1327 -2.9044 -1.7911 -2.5892 0.19527 0.45825 -0.11434 -1.3082 -0.79584 -0.69476 -0.75067 -0.096934 -0.90351
1.3168 -2.8662 -0.95501 -2.1332 0.23215 0.27602 -0.074492 -1.2248 -0.89922 -0.62431 -0.32742 -0.053966 -0.93525
1.1274 -2.73 -0.71771 -2.2956 0.069129 -0.024922 0.082092 -1.1704 -0.97905 -0.6548 -0.31899 -0.40775 -0.88398
1.3639 -2.4015 -1.0005 -2.9073 0.26402 0.16855 -0.39066 -1.2206 -0.58155 -0.98772 -0.78358 -0.13329 -1.0744
2.1119 -2.6458 -1.6739 -2.5932 0.05836 0.42072 0.13376 -1.3206 -0.49947 -0.78886 -1.0934 -0.29432 -1.0273
2.7712 -2.5127 -2.1707 -3.2633 -0.20801 0.41076 -0.37497 -1.5137 -0.31466 -1.2015 -1.1816 -0.21799 -1.1636
3.1768 -2.6025 -2.1541 -3.4301 -0.35005 0.38262 -0.36005 -1.4389 -0.42476 -1.2494 -1.4495 0.15303 -1.1492
3.1457 -2.5354 -1.9908 -3.0919 -0.49104 0.067543 -0.13526 -1.6069 -0.3979 -1.2225 -1.0234 0.0080589 -0.98349
2.7986 -2.4893 -2.0082 -2.6551 -0.51165 0.21564 -0.12663 -1.7552 -0.4925 -1.2517 -0.66451 -0.23677 -0.54008
2.2542 -2.8648 -1.4503 -2.4552 -0.65993 -0.0031737 0.24273 -1.4598 -0.77554 -1.0964 -0.35823 -0.62384 -0.56521
1.59 -2.7827 -0.93914 -2.4379 -0.44673 -0.30158 -0.053979 -1.3688 -0.94709 -1.0271 -0.34143 -0.5263 -0.47981
0.93584 -3.0745 -0.73189 -2.3575 -0.68943 -0.77426 -0.049099 -1.348 -1.1376 -0.96346 -0.18996 -0.33223 0.099138
