4.9628 -3.86 -3.4762 -2.7702 0.10957 1.5142 -1.2492 0.23156 -0.73738 -0.91228 -0.41426 0.86317 -0.53133
4.9835 -3.984 -3.8737 -2.8741 -0.40963 0.84711 -1.2179 -0.096816 -1.1061 -0.93665 -0.89628 0.42786 -0.87676
4.2096 -3.4275 -3.4688 -2.4928 -0.18986 0.74409 -1.535 -0.27303 -0.24208 -1.4625 -0.70301 0.43753 -1.2725
3.6805 -3.9028 -2.1797 -2.5181 -0.60965 0.24326 -1.0158 -0.20805 -0.87178 -1.3145 -0.51048 0.0899 -1.0816
3.5819 -3.3858 -2.2899 -2.568 -0.43854 0.020843 -0.53315 -0.33 -0.61225 -1.4337 -0.28792 0.046769 -1.1275
3.2329 -2.9304 -1.9621 -2.5269 -0.78485 -0.27362 0.042622 -0.3001 -0.3924 -1.0792 -0.6074 0.20552 -0.67724
1.8606 -2.776 -1.6594 -2.416 -1.764 -0.41141 0.2231 -0.20478 0.19131 -1.417 -0.43257 0.14031 -0.38711
-1.5923 -3.2578 -0.38819 -0.53053 -1.2205 0.03005 0.61833 -0.48837 0.064918 -0.75632 0.04955 -0.048772 0.083593
0.29646 -1.3506 -0.60669 -1.6806 -1.0624 -1.2298 0.25949 -0.58092 -0.049499 -1.2535 -0.43315 -0.32934 0.055202
2.6738 -1.3479 -1.9385 -2.2384 -1.6878 -1.0053 0.63897 -0.71672 0.023884 -1.2012 -0.298 -0.32854 0.017934
1.8108 -1.4752 -1.1887 -2.1062 -1.0586 -0.97533 0.24605 -0.65776 -0.043529 -0.45951 -0.54214 -0.50234 0.41602
-0.70342 -2.5063 0.05986 -1.4962 -0.85082 -0.87181 -0.017774 -0.6584 -0.37327 -0.49408 -0.083422 -0.52563 -0.36975
-2.1633 -2.7898 0.50342 0.035771 -0.099587 -0.14936 -0.037791 -0.38846 -0.1047 -0.43365 -0.41771 -0.34411 -0.050138
-1.873 -2.515 0.99873 0.38322 -0.48081 -0.30445 0.16711 -0.40061 0.30953 -0.44109 -0.44254 -0.786 -0.28482
-3.2892 -2.7085 0.61224 -0.14922 -0.098653 0.11061 0.8669 0.44739 -0.18701 -0.14605 0.21659 -0.53349 -0.087041
-5.238 -2.6705 0.43106 -0.034205 0.25864 0.11337 0.35737 0.24132 0.14684 0.29682 0.58476 0.36375 0.43877
-5.4196 -2.5654 0.65215 0.14464 0.2643 0.17441 0.40188 0.073804 -0.053836 -0.14411 0.084943 0.010221 0.31153
-3.5588 -3.5792 -0.22551 0.25528 1.6598 -0.14145 0.47299 0.32233 0.0036578 0.57139 -0.59231 -0.2595 0.10323
-1.1883 -2.7809 0.36782 0.11823 0.45458 -0.41686 0.44617 0.27267 0.44853 0.27827 -0.23989 -0.46799 0.14781
4.0574 -2.0909 -2.9184 -3.3158 -1.0985 0.59858 -0.43658 -1.0439 -0.26653 -0.76008 -0.90203 0.48059 -0.6202
4.4702 -3.3878 -3.0613 -3.5761 -0.80426 0.90056 -0.73502 -0.83198 -0.52422 -0.886 -1.2614 0.09023 -1.1122
4.3715 -3.7887 -3.325 -3.2557 -0.64183 0.91869 -0.74296 -0.77665 -0.30051 -0.90448 -0.88505 0.037328 -1.1344
4.0907 -3.3692 -2.6807 -2.5117 -0.41322 1.1124 -0.66766 -0.72296 -0.15359 -0.59717 -0.68129 0.20127 -0.88981
3.6886 -3.4027 -3.38 -2.388 -0.37305 0.98232 -0.78205 -0.67714 -0.21628 -0.81281 -0.50147 -0.15531 -0.93741
3.3078 -3.322 -3.1554 -2.4169 -0.65822 1.0185 -0.94883 -0.81919 -0.22373 -1.0684 -0.65848 -0.33071 -0.77094
3.037 -3.5017 -2.7645 -2.5036 -0.33891 0.81842 -0.66388 -0.50129 -0.1127 -1.1458 -0.52341 -0.34225 -0.79621
2.99 -3.6654 -3.0159 -2.6038 -0.33224 0.73589 -0.74171 -0.56138 -0.16417 -1.2275 -0.85048 -0.54846 -0.9344
2.9807 -3.634 -2.9738 -2.5696 -0.41362 0.75862 -0.63647 -0.67411 -0.26399 -1.2199 -0.91324 -0.42229 -0.89936
3.0441 -3.5912 -3.0087 -2.4621 -0.22537 0.70519 -0.74302 -0.51777 -0.44399 -1.2672 -0.56839 -0.5429 -0.86281
3.044 -2.792 -3.2405 -2.5454 -0.41763 0.9408 -0.82075 -0.65951 -0.21127 -1.4092 -0.42917 -0.53021 -0.64478
2.9225 -3.3522 -2.8837 -2.6515 -0.14686 1.0011 -0.62218 -0.42553 -0.38783 -1.2104 -0.44988 -0.49279 -0.55763
2.3413 -3.2623 -2.7196 -2.5891 0.16251 0.79794 -0.79698 -0.4215 -0.29615 -1.2659 -0.16743 -0.30848 -0.5058
0.93503 -3.2384 -1.7733 -2.6854 0.068209 -0.066333 -0.77567 -0.71506 -0.68243 -1.0154 -0.15777 -0.54414 -0.56856
0.23117 -2.6949 -0.94564 -2.1846 -0.38814 -0.25261 0.12146 -1.1098 -0.54036 -0.59503 0.026852 -0.051483 -0.080509
1.9397 -2.5058 -2.909 -2.967 0.43999 0.60118 -0.9447 -0.81599 0.21765 -1.2501 0.0936 0.39432 -0.26919
