5.3996 -3.9549 -3.6672 -3.8072 -1.0408 0.42613 -0.63822 -1.3823 -0.40861 -1.1421 -1.1928 0.11254 -0.34257
6.0185 -3.7096 -4.167 -3.6148 -1.0576 0.77585 -0.65815 -1.378 0.087703 -1.2383 -1.133 0.28872 -0.4354
5.5401 -3.1285 -3.6225 -3.2569 -0.80058 0.2629 -0.63935 -1.0104 -0.23215 -1.2165 -1.1583 -0.028545 -0.4466
5.4081 -3.1773 -3.7514 -3.2181 -0.62629 -0.16095 -0.71021 -0.98282 -0.1561 -1.241 -1.3749 0.087521 -0.56653
5.6274 -3.0269 -3.7083 -3.3295 -0.72372 -0.31865 -0.90747 -0.9208 -0.16285 -1.5806 -1.3739 0.037955 -0.72392
5.6451 -2.5426 -3.8939 -3.0821 -0.6646 -0.58999 -0.77367 -0.96408 0.03311 -1.6914 -1.3142 -0.040816 -0.56623
5.4255 -2.4218 -3.4976 -2.7909 -0.69507 -0.73052 -0.43903 -0.912 0.28201 -1.6229 -1.2791 0.034539 -0.66465
4.9229 -2.1007 -3.1912 -3.0242 -1.2926 -1.4648 -0.73357 -1.3354 0.14328 -1.0234 -1.5528 -0.68033 -0.52732
2.3281 -2.2149 -0.28999 -1.526 -0.75379 -0.98035 -0.70887 -1.2485 0.37019 -0.54569 -0.92168 -0.33425 0.2412
2.5281 -2.3903 -0.40222 -1.3211 -1.0877 -1.1176 -0.011882 -1.1417 -0.0013797 -0.5131 -0.50786 -0.81613 -0.34153
3.6148 -1.9942 -1.508 -3.1168 -1.0023 -1.3167 -1.1291 -1.4642 -0.36256 -0.63352 -1.0016 -1.0938 -0.59015
3.2817 -1.9559 -1.0094 -2.5487 -0.84223 -1.4585 -1.0408 -1.9468 -0.39694 -0.47916 -0.69982 -1.3296 -0.55104
1.8179 -1.7093 0.84245 -0.98845 -0.55486 -0.68861 -0.50304 -1.6587 0.22824 -0.15032 -0.10761 -0.36187 -0.54959
0.26348 -3.0917 0.6029 0.41473 0.23136 0.077866 -0.50011 -1.3227 -0.50982 -0.72994 -0.20039 0.14413 -0.79749
-1.5185 -2.9904 0.4646 -0.01885 -0.09485 -0.17373 -0.24853 -0.78146 -0.46001 -0.38158 -0.062393 -0.1709 -0.67515
-3.687 -2.9538 0.47093 -0.049202 0.010792 -0.27316 -0.28491 -0.7309 -0.48669 0.088229 0.92092 0.39345 -0.46313
-5.9802 -2.6153 0.49877 0.13598 0.4739 0.37406 0.5201 0.46841 0.45232 0.24209 0.11295 0.11201 0.25869
-3.5585 -2.6265 0.63145 0.10565 0.10749 -0.027076 0.085576 -0.33528 -0.23777 -0.0031943 0.48642 0.078628 -0.32468
1.7128 -1.8901 -0.29075 -2.2939 -0.92682 -1.0432 -0.35287 -0.9307 -0.02396 -0.7132 -0.59548 -0.67158 -0.18426
4.1188 -1.6713 -1.3039 -4.052 -1.1322 -0.34596 -0.31682 -0.57199 0.085837 -0.62859 -0.57418 -1.1247 -0.28402
5.0145 -1.6652 -2.5762 -4.3256 -0.53964 0.13538 0.25003 -1.2317 0.011323 -0.55561 -1.1309 -0.87082 -0.2162
4.9365 -2.4171 -3.0417 -4.0042 -0.76016 0.084387 -0.12364 -1.523 -0.18158 -0.83748 -1.224 -0.33309 -0.70338
4.8458 -1.9795 -3.1472 -3.8332 0.054237 0.3355 -0.36178 -1.2211 -0.22725 -0.66877 -1.3137 -0.20678 -0.66159
4.3381 -2.3356 -2.876 -3.8648 0.053265 0.50277 -0.97175 -1.4076 0.039074 -0.67849 -1.7345 0.31732 -0.9943
3.8121 -2.8134 -2.6125 -3.0865 0.31977 0.1521 -0.78837 -1.2175 -0.47927 -0.43062 -1.3715 -0.047797 -0.81689
3.3097 -2.7164 -2.3386 -2.8208 0.61262 -0.064066 -0.85802 -0.88458 -0.59952 -0.26621 -0.70762 -0.5391 -0.89647
2.8847 -2.6781 -1.8924 -3.0025 0.76362 0.11718 -0.95247 -1.2248 -1.0467 -0.11297 -0.68479 -0.8664 -0.72179
2.4878 -2.9851 -1.7232 -2.2249 0.49004 -0.05752 -0.9893 -1.1028 -1.1325 0.0025521 -0.65604 -0.35531 -0.68651
2.3261 -3.094 -1.5297 -2.343 0.5964 0.17256 -0.63383 -1.0012 -1.07 -0.28033 -0.66797 -0.13131 -1.0133
2.0842 -2.9832 -1.0983 -2.1371 0.94386 0.013192 -0.46531 -1.1744 -1.0815 -0.24459 -0.48061 -0.00123 -1.2843
2.3047 -3.4772 -1.7429 -2.3472 0.86501 -0.26774 -1.0759 -1.3422 -1.3164 -0.46466 -1.0145 -0.28314 -1.1892
2.9748 -2.9128 -1.8368 -2.246 0.42221 0.48247 -0.51966 -1.4263 -0.93347 -0.56058 -0.72112 0.0184 -1.3866
3.3336 -2.7702 -2.1818 -2.2854 0.35176 0.13366 -0.65482 -1.5963 -0.95388 -0.06614 -1.0361 -0.15057 -1.1274
3.5432 -2.4806 -2.1645 -2.8482 0.37822 0.11644 -0.62074 -1.4166 -0.64155 -0.31076 -0.98036 -0.027769 -1.0523
3.7496 -2.6512 -2.403 -2.9831 -0.22679 0.25276 -0.90143 -1.6362 -0.412 -0.4808 -1.3434 -0.35838 -0.71988
3.8137 -2.6134 -2.4334 -2.8326 0.051206 0.14663 -0.74566 -1.2812 -0.33323 -0.33369 -1.4344 -0.27692 -0.65102
3.7335 -2.6522 -2.4275 -2.9465 -0.0041054 0.0090969 -0.94002 -1.3247 -0.50998 -0.44108 -1.5139 -0.01193 -0.77429
3.306 -2.9426 -2.1128 -2.6171 -0.17953 -0.055196 -0.88223 -1.1638 -0.40358 -0.64121 -1.3891 -0.32708 -0.83725
2.5448 -3.0053 -1.7859 -2.5301 -0.23969 -0.50431 -1.0277 -1.5665 -0.60707 -0.76924 -1.5225 -0.43371 -1.0723
1.5376 -2.9725 -0.51111 -1.7763 0.088158 -0.19278 -0.49734 -1.3283 -0.46591 -0.52779 -0.77145 -0.27597 -0.98401
