0.41014 -5.25 -3.2248 -1.8234 0.90419 1.2414 -0.17846 0.99634 0.087752 0.24258 -0.019234 0.39969 -0.34524
2.2684 -2.8102 -3.4304 -2.8097 -0.066454 0.095382 -1.8955 -0.7319 -0.79006 -1.3164 -0.22729 -0.14297 -0.2209
4.017 -3.442 -4.0714 -2.4327 0.12471 0.68128 -1.4148 -0.19557 -0.37492 -0.87837 -0.40548 -0.3098 -0.93067
4.1865 -3.3721 -4.1849 -2.6325 -0.21603 0.33894 -1.2029 -0.32193 -0.46626 -1.0057 -0.83449 -0.092573 -1.0611
4.1627 -2.9715 -3.6447 -3.0516 0.1712 -0.0035274 -0.85038 -0.003689 -0.40836 -1.1719 -0.67912 -0.0047425 -1.0103
3.8132 -2.7367 -3.4811 -3.6828 -0.14701 -0.8216 -1.2441 -0.083736 -0.72751 -1.4128 -0.44413 -0.63429 -0.48518
3.5323 -2.0054 -3.1018 -2.5299 -0.44771 -0.4849 -0.84999 0.36468 -0.33896 -0.94568 -0.048595 -0.65936 -0.21467
0.94718 -2.3276 -1.8893 -1.4398 -0.053965 0.016436 -0.50733 0.68673 -0.028709 -0.86012 0.15093 -0.22469 0.098738
2.0414 -1.1783 -2.2305 -2.1011 -0.12694 -1.299 -0.56255 -0.33769 0.25997 -0.46936 -0.35872 -0.36901 0.041723
2.6447 -1.91 -2.6091 -2.7875 -0.53909 -1.7714 -1.1303 -0.57748 0.086643 -0.62154 -0.69145 -0.91673 -0.091289
1.8082 -1.1009 -1.0172 -2.5558 -0.61534 -1.4604 -1.2041 -1.5309 0.70036 -0.19293 -0.40162 -0.94168 -0.1763
-0.081203 -2.1075 0.53672 -0.73531 -0.466 -0.77661 -0.47568 -1.533 0.40438 -0.33945 -0.19407 -0.34302 -0.088261
-0.36074 -2.7209 0.5719 -0.44749 0.14161 -0.064632 -0.42748 -1.3907 0.21371 -0.99892 -1.059 -0.18739 -1.4142
-0.54045 -2.5588 0.93189 0.00093567 0.46158 -0.0063281 -0.80038 -1.801 0.58353 -0.58895 -1.2832 -0.19679 -1.2438
-0.76998 -2.5785 1.0611 0.29786 0.21312 0.081335 -0.55922 -1.8795 0.20976 -1.0295 -0.85876 0.021246 -1.2688
-1.0681 -2.927 0.67327 0.29457 0.42144 0.69458 0.15686 -1.2678 0.035308 -1.2883 -1.6174 -0.40511 -0.53161
-1.0498 -3.0014 0.65669 0.4155 0.3804 0.04288 -1.0194 -1.761 -0.028132 -0.88481 -1.0439 0.20056 -0.56629
0.71003 -1.316 0.23426 -1.7899 -1.0104 -0.92354 -0.35807 -1.02 0.33345 -0.15327 -0.18067 -0.90189 0.012268
2.5693 -1.4514 -1.4912 -3.1158 -0.86623 -0.82058 -0.67004 -0.64061 0.71208 -0.36944 -0.50106 -0.18792 -0.31225
3.2049 -2.0906 -2.5282 -3.6898 -0.43266 -0.21024 -0.88636 -0.23737 0.066389 -1.0346 -0.56256 0.21539 -0.41053
3.4774 -2.5773 -3.2062 -3.6474 -0.28694 -0.041179 -1.2542 -0.95929 -0.11449 -1.0761 -0.86413 0.34416 -0.76894
3.5788 -2.8705 -3.1594 -3.0751 -0.22687 0.40953 -1.2398 -0.91448 -0.28441 -0.69793 -0.64195 0.30019 -1.0123
3.5521 -3.1702 -3.3371 -3.142 -0.19064 0.26676 -1.4306 -1.0103 -0.32263 -0.83404 -0.19324 0.076221 -0.82506
3.4684 -3.5743 -3.5931 -3.305 -0.24321 0.012333 -1.6441 -0.9264 -0.60356 -0.7466 -0.32374 0.048999 -0.86758
3.365 -3.0482 -3.2723 -2.5937 0.12096 0.22592 -1.6448 -0.85134 -0.37029 -0.71371 -0.34046 0.028182 -1.086
3.2184 -3.1006 -3.2237 -2.5234 0.31691 0.3869 -1.5524 -0.58902 -0.17466 -0.59786 -0.21552 0.1872 -0.91542
3.0986 -3.1519 -3.2546 -2.4328 0.47387 0.32702 -1.5822 -0.6289 -0.24114 -0.5775 -0.40351 0.29597 -1.0063
2.9776 -3.2757 -3.4531 -2.3523 0.069601 0.21161 -1.7254 -0.97676 -0.48578 -0.41803 -0.38992 0.10912 -0.8546
2.8099 -3.2568 -3.4097 -2.3648 0.03514 0.40884 -1.497 -0.66373 -0.34945 -0.53261 -0.29343 0.18765 -0.98236
2.6474 -3.4874 -3.5951 -2.5723 0.024253 0.27312 -1.5816 -0.64079 -0.79446 -0.27063 -0.52875 0.2364 -0.80488
2.7773 -3.5362 -3.6924 -2.439 0.041282 0.38989 -1.5213 -0.55321 -0.86096 -0.2928 -0.39704 0.32463 -0.68432
2.8763 -3.4942 -3.621 -2.495 -0.010104 0.32467 -1.3869 -0.44768 -0.85966 -0.22876 -0.24226 0.15612 -0.74215
2.9908 -3.8989 -3.5967 -2.5565 -0.24117 0.40205 -1.4467 -0.55276 -0.78637 -0.31927 -0.15496 0.015192 -0.37708
3.0896 -3.6477 -3.5258 -2.7162 -0.11543 0.45682 -1.1762 -0.6409 -0.91141 -0.51478 -0.38743 0.075687 -0.40371
3.0066 -3.863 -3.9377 -2.7303 -0.48736 0.13861 -1.1811 -0.85687 -1.0654 -0.57575 -0.23813 -0.11428 -0.22146
2.7975 -3.801 -3.2483 -2.6386 -0.26154 0.32282 -1.1417 -0.62513 -0.9612 -0.63743 -0.40878 -0.15528 -0.37714
2.4502 -3.4228 -2.874 -2.6667 0.22617 -0.35801 -1.4413 -0.23761 -1.0122 -0.42075 -0.48794 -0.2723 -0.14366
2.2362 -3.5771 -2.836 -2.9003 0.36344 -0.56683 -1.5428 -0.11618 -1.0294 -0.70407 -0.28243 -0.27324 -0.1028
2.1121 -3.3419 -2.8822 -2.5976 0.57205 -0.35964 -1.1242 -0.32767 -0.88257 -0.69413 -0.37329 -0.38626 0.067299
1.7481 -2.95 -2.094 -2.6579 0.38864 -0.49886 -1.1623 -0.46788 -0.41872 -0.54536 -0.38423 -0.030533 -0.1816
1.4954 -3.295 -2.372 -2.5037 0.39166 -0.85233 -0.88404 -0.39393 -0.98852 -0.6882 -0.49931 -0.32958 -0.18059
1.3624 -3.8443 -2.4753 -2.7527 -0.0089199 -0.64103 -1.1055 -0.63951 -1.4134 -0.63551 -0.79087 -0.54172 -0.33542
1.0434 -3.5739 -2.4874 -2.6144 0.32049 0.051448 -0.98944 -0.70046 -0.37615 -0.22655 -0.20257 0.19923 0.024493
