2.5284 -3.2262 -3.2468 -2.45 1.1053 0.27907 -1.1477 -0.44207 -0.39745 -0.50833 -0.94833 0.2843 -0.80898
2.6334 -3.0414 -2.6569 -2.4275 0.8327 -0.17787 -1.3743 -0.56411 -0.45617 -0.2354 -0.99008 -0.0038267 -0.78591
3.3507 -2.9591 -3.9297 -2.7758 0.32421 -0.28323 -1.2945 -0.60796 -0.58163 -0.63071 -1.0047 -0.059768 -0.71644
3.3764 -2.7708 -3.5836 -2.9187 0.54825 -0.31709 -1.5626 -0.22048 -0.93701 -0.56464 -1.0167 -0.31367 -0.69248
3.1951 -3.0734 -3.2191 -2.5066 0.29305 -0.5053 -1.2162 -0.21579 -0.86856 -0.76927 -0.69785 -0.32517 -0.76204
3.2192 -3.2734 -3.1548 -2.3083 0.024822 -0.36446 -1.2355 0.034992 -0.90823 -0.9465 -0.59445 -0.20123 -0.86552
3.2272 -3.6786 -2.6797 -2.502 -0.091137 -0.47126 -1.0857 0.073219 -0.96202 -1.1133 -0.22539 -0.33532 -0.45639
3.0367 -2.8684 -2.9734 -2.6539 -0.41091 -0.65438 -0.97792 -0.044663 -0.87493 -1.5025 0.0099911 -0.31392 -0.67357
2.3267 -1.86 -2.5457 -2.2982 -0.71181 -1.283 -1.097 0.16217 -0.44178 -1.7302 0.05212 -0.5393 -0.44446
1.3135 -1.7652 -1.6767 -1.9414 -0.29472 -2.0177 -0.83572 0.088915 0.018381 -1.0076 -0.15783 -0.18776 -0.091806
2.2421 -1.8307 -2.2852 -2.4463 -0.46188 -2.1538 -1.2443 -0.4872 -0.00066531 -0.81697 -0.39568 -0.54588 -0.10548
0.9413 -1.8042 -0.38418 -1.3997 -0.82425 -2.006 -1.2397 -1.0265 0.45715 0.057032 0.10197 -0.75267 0.15947
-0.93258 -2.5309 1.0412 0.19456 -0.00081784 -0.46502 -0.79992 -1.4737 0.61918 -0.37934 -0.63419 -0.0083377 -0.62342
-1.2016 -3.159 0.6356 0.43932 -0.042399 -0.28334 -0.57767 -1.2302 0.18051 -0.48762 -0.38674 -0.29961 -0.86191
-1.1566 -3.2238 0.22528 -0.45071 -0.50097 -0.52827 -0.31348 -1.0264 0.066106 -0.6795 -0.50412 -0.3336 -0.52353
-1.4133 -3.3104 0.52154 0.59237 0.3077 -0.049792 -0.85845 -1.4058 0.14763 -0.72705 -1.0797 -0.28355 -0.77227
-1.6692 -3.05 0.87313 0.76705 -0.047103 -0.1359 -0.76967 -1.7953 0.081517 -0.62219 -0.44205 -0.067147 -0.78468
-1.6979 -1.9734 1.0286 -0.012867 -0.59096 -0.2663 0.10612 -0.75139 0.28321 -0.555 -0.384 -0.33835 -0.20431
1.735 -1.1939 -1.4551 -3.053 -1.3585 -1.1846 -0.37117 -1.1085 0.64498 -0.75931 -0.26451 -0.68684 -0.33943
2.8823 -2.0546 -2.2564 -3.7107 -1.0579 -0.50891 -0.23572 -0.66517 -0.22342 -0.86079 -0.50365 -0.082815 -0.1207
3.5215 -2.6392 -3.2837 -4.0635 -0.90599 0.34102 -0.80657 -0.74536 -0.30906 -1.1134 -0.48233 0.34093 0.085162
3.6071 -3.1667 -3.5793 -3.6361 -0.53722 0.63666 -1.09 -1.0826 -0.52329 -0.78665 -0.27514 0.072279 -0.022218
3.6912 -3.3083 -3.8341 -3.3154 -0.5304 0.76945 -1.1966 -1.0594 -0.64283 -0.71342 -0.41012 0.054435 -0.53438
3.7617 -3.0122 -3.7276 -2.8787 -0.5191 1.1217 -0.92307 -1.4513 -0.47672 -0.48216 -0.065723 0.10948 -0.40638
3.6779 -2.758 -3.4946 -2.2655 -0.26803 1.2693 -0.82801 -1.2778 -0.47841 -0.37237 -0.04615 0.17535 -0.4625
3.5448 -3.382 -3.9745 -2.6103 -0.18101 0.85802 -0.87243 -1.4462 -0.58039 -0.36922 -0.38779 0.21685 -0.36183
3.5722 -3.8919 -4.2557 -2.8513 -0.23358 0.79422 -1.292 -1.3838 -0.57987 -0.49606 -0.34465 0.26851 -0.33118
3.536 -3.6801 -4.1458 -2.4036 0.0019702 1.1393 -1.0659 -1.1882 -0.49662 -0.5518 -0.47171 0.24599 -0.19763
3.2765 -3.5793 -3.9507 -2.1986 -0.34577 0.98089 -1.0216 -1.1034 -0.48226 -0.52221 -0.64854 0.20273 -0.15154
3.2993 -3.2637 -4.0409 -2.393 -0.10419 0.74272 -0.99219 -1.1191 -0.39705 -0.48279 -0.5077 0.028459 -0.28756
2.6695 -3.6587 -3.2984 -2.6199 -0.41775 0.29509 -1.1283 -1.0972 -0.37343 -0.51498 -0.47912 -0.0069057 -0.013937
2.5507 -3.8433 -3.3315 -2.4742 -0.39383 0.41572 -0.98352 -0.98833 -0.57748 -0.9338 -0.48413 -0.38142 -0.10023
2.4174 -3.6025 -3.0533 -2.1 -0.38635 0.23477 -0.85038 -0.68939 -0.46651 -0.46038 -0.52853 -0.1763 0.024874
2.5773 -3.8694 -3.0168 -2.3782 0.11112 0.71956 -1.5173 -0.53461 -0.55275 -0.60338 -0.52348 -0.28529 -0.38296
2.1128 -3.9469 -2.6475 -2.3587 -0.19172 -0.0064993 -1.2265 -0.68914 -0.40082 -0.95294 -1.0235 0.26678 -0.46705
1.9421 -3.924 -2.4097 -2.5189 -0.11733 -0.19297 -1.1925 -0.8473 -0.59567 -0.8651 -0.87427 0.069533 -0.41036
1.5774 -3.7829 -2.2883 -2.656 0.030694 -0.64687 -1.0629 -0.55292 -0.56325 -0.93986 -0.79755 0.090731 -0.099194
1.335 -3.3082 -2.0827 -2.4665 0.092996 -0.28701 -1.1175 -0.54654 -0.46477 -1.0676 -0.48758 -0.35574 -0.10716
1.318 -3.8132 -2.011 -2.5921 0.074767 -0.39507 -0.98065 -0.69168 -0.58093 -0.8444 -0.76117 0.014929 -0.19386
1.1528 -4.1226 -2.1125 -2.1341 0.37522 -0.16147 -0.77154 -0.3776 -0.59001 -0.42977 -0.68278 0.28363 -0.027048
0.94166 -3.5584 -2.8701 -2.4509 0.58095 -0.42738 -1.0292 -0.29157 -0.52784 0.016041 -0.4573 0.44288 0.072022
