1.0259 -2.4832 -1.8765 -2.8598 -0.060868 -0.58343 -1.1997 -0.93837 -0.18957 -0.72302 -0.30354 -0.074302 -0.47509
2.3429 -2.9313 -2.1312 -2.5652 -0.010434 0.11623 -1.7409 -0.59221 -0.27827 -0.56408 -0.11166 0.32006 -0.6521
2.8356 -2.8822 -2.8497 -2.7624 -0.11138 -0.032525 -1.5032 -0.45677 -0.16045 -0.76773 0.059164 0.13911 -0.72577
2.863 -2.3591 -2.7902 -2.4336 -0.28335 -0.11204 -1.0933 -0.65199 -0.057829 -0.68442 -0.24135 0.011893 -0.4076
3.0172 -2.5981 -2.5322 -2.887 -0.51293 -0.090098 -1.0925 -0.82645 0.075743 -0.97234 -0.55307 0.10476 -0.42342
3.1201 -2.4037 -2.5256 -3.1073 -0.49039 -0.078597 -1.409 -0.48727 -0.12285 -1.0438 -0.7296 -0.010432 -0.80308
2.989 -1.6924 -2.5922 -2.7697 -0.65305 -0.16428 -0.87423 -0.71877 0.25641 -1.0792 -0.69837 -0.019104 -0.34019
2.6438 -1.1704 -2.2078 -2.88 -0.51503 -0.84333 -0.5868 -0.74703 0.33888 -1.0178 -0.67744 -0.47861 -0.12991
0.82909 -1.1462 -0.4135 -2.244 -0.54655 -1.0201 -0.5099 -0.51727 0.29433 -0.44964 -0.21732 -0.53573 0.19999
0.73745 -1.3921 -0.24813 -1.7522 -0.8049 -1.0533 -0.37835 -1.1026 0.37375 -0.88454 -0.31547 -0.54608 -0.63802
2.151 -1.4085 -1.8771 -2.6298 -0.92837 -0.94891 -1.3697 -0.70185 0.3743 -1.0605 -1.1124 -0.35957 -0.26341
2.2619 -0.69747 -1.742 -3.0042 -0.28605 -1.0542 -1.0634 -0.65931 0.44854 -0.79997 -0.91142 -0.41432 0.040164
1.574 -0.78206 -0.86685 -3.1278 -0.95191 -1.2591 -1.0603 -1.3521 0.46034 -0.42843 -0.74303 -0.75098 0.17757
-0.79722 -2.1857 0.93244 -0.22601 -0.63359 -0.92122 -0.63858 -1.1989 0.15785 -0.34054 -0.050346 -0.20165 0.22228
-1.772 -3.0564 0.58527 0.36279 0.13744 0.19573 0.031653 -0.73611 -0.22409 -0.72047 -0.70657 -0.53433 -0.57313
-2.3545 -3.2752 0.31024 0.12704 0.4363 0.042408 -0.41063 -0.58332 -0.23126 -0.56882 -1.0715 -0.51474 -0.50946
-3.0091 -3.3162 0.071356 -0.23729 -0.051842 -0.2885 -0.36333 -0.5239 -0.17926 -0.4336 -0.72167 -0.68916 -0.47472
-3.8776 -2.8582 0.41625 -0.17697 -0.14774 -0.13557 0.50567 0.41012 0.32018 -0.071478 -0.25491 -0.60321 0.68097
-1.5669 -1.7561 1.2331 -0.25152 -1.2966 -1.0293 -0.15234 -1.1975 0.47538 -0.54969 -0.07122 -0.30519 0.26924
1.4581 -0.75753 -0.70031 -2.7181 -0.93259 -1.3596 -0.39879 -1.2546 0.36527 -0.55413 -0.3782 -0.32446 0.02257
3.2085 -1.4207 -2.5048 -3.0201 -1.1685 -0.20012 -0.41271 -0.64609 0.67469 -1.3075 -0.6745 -0.24508 -0.58531
3.7998 -2.2682 -3.3188 -3.1369 -0.61124 0.40453 -0.61487 -0.30471 0.023039 -1.5104 -0.58477 0.15618 -0.75795
4.1733 -3.0182 -3.7713 -3.0081 -0.49101 0.16058 -1.0026 -0.37216 -0.39423 -1.5044 -0.43252 0.043322 -0.8559
4.2042 -2.8394 -4.173 -2.6026 -0.28472 0.13095 -1.367 -0.61076 -0.21157 -1.4217 -0.40727 -0.076575 -0.85025
4.323 -3.2231 -3.8025 -2.8177 0.0042947 0.21823 -1.4914 -0.20323 -0.16791 -1.2329 -0.32628 -0.075438 -0.91626
4.3232 -3.0836 -3.8375 -2.7525 0.13851 0.20456 -1.6766 0.034423 -0.28995 -1.0391 -0.34158 -0.24819 -0.87345
4.2353 -2.7138 -4.1711 -2.6593 0.10853 0.04624 -1.8867 -0.010712 -0.35653 -0.98174 -0.4223 -0.41477 -0.8235
4.1192 -2.9544 -3.7158 -2.8049 0.31176 0.19515 -2.2863 0.28201 -0.13625 -1.1794 -0.29915 -0.45283 -1.0523
3.996 -3.1143 -3.6814 -2.5675 0.18077 0.027998 -1.9408 0.049493 -0.16069 -0.84766 -0.54566 -0.33866 -0.97104
3.845 -2.9405 -3.7132 -2.379 0.20335 0.23089 -1.8744 0.24531 -0.10025 -0.72077 -0.28453 -0.61573 -0.63756
3.7198 -3.0652 -3.8616 -2.5919 0.12705 0.057931 -1.9079 0.10724 -0.2385 -0.75795 -0.67823 -0.57302 -0.92561
3.4837 -3.1156 -3.3325 -2.4763 0.39379 0.093013 -1.5032 0.17146 0.094319 -0.67065 -0.63681 -0.7397 -0.89907
3.3161 -3.0796 -3.4096 -2.666 0.26977 0.30826 -1.8281 -0.11422 -0.003629 -0.81598 -0.5978 -0.75234 -0.82561
3.1349 -2.8924 -3.3041 -2.8821 0.44401 0.15853 -2.0756 -0.043274 0.17883 -0.87357 -0.5262 -0.82091 -0.82896
3.0145 -3.3078 -2.9599 -2.8773 0.60745 -0.34069 -1.9943 -0.2994 0.046178 -0.54708 -0.92018 -0.567 -0.82761
2.6045 -2.8583 -2.638 -2.6968 0.397 0.043751 -2.5481 -0.30413 0.09828 -0.86294 -0.72821 -0.38542 -0.65727
2.2997 -2.8262 -2.6524 -2.2631 0.427 -0.30204 -1.9759 -0.33672 0.12513 -0.50063 -0.85888 -0.5986 0.0089672
1.894 -3.3626 -1.8599 -2.6459 0.52202 -0.81717 -2.0382 -0.64337 -0.14695 -0.49492 -1.1502 -0.1894 -0.14948
1.4033 -3.646 -1.6713 -2.3393 0.082695 -1.0051 -2.1292 -0.6593 -0.61345 -0.32437 -1.3208 -0.34404 0.094644
0.75996 -2.8838 -0.67453 -2.494 -0.68786 -1.2599 -1.6374 -1.3895 0.047972 -0.40985 -0.71943 -0.5561 0.37931
0.46285 -2.7255 0.00090237 -1.3345 -0.71085 -1.3311 -0.79869 -0.91014 -0.26719 -0.79166 -0.23648 -0.42604 -0.31149
-0.14039 -3.6247 -0.2089 -0.84809 -0.22142 -0.68719 -1.3448 -1.0379 -0.12138 -0.43501 -0.89349 -0.66702 -0.19149
