4.0635 -3.2255 -0.096746 -1.6613 -1.2764 -0.98233 0.55473 0.00075274 -0.13732 -0.91782 -0.62934 -0.87769 0.46328
3.38 -2.8657 0.13905 -0.9719 -0.66742 -0.62149 -0.14246 -0.76245 -0.044695 -0.42173 -0.47525 -0.50102 -0.040142
3.6424 -2.9231 0.24619 -0.62789 -0.4302 -1.047 -0.96702 -0.85504 0.084843 -0.3137 -0.77319 -0.35245 0.17851
4.1686 -2.7973 0.15733 -1.2432 -0.70496 -0.82753 -0.18187 -0.6322 0.13106 -0.48755 -0.7913 -0.65765 0.13056
4.6621 -2.8876 0.17039 -1.3543 -1.0894 -0.80803 0.27369 -0.47074 0.11663 -0.67705 -0.75471 -0.92894 0.19761
4.9119 -2.7822 0.0036046 -1.7228 -1.1706 -0.89543 0.13679 -0.80905 0.16457 -0.52552 -0.9503 -1.2981 0.42523
4.7066 -2.5338 0.26649 -1.4315 -1.0424 -1.1735 -0.084245 -0.6264 -0.018179 -0.60668 -0.69294 -1.1967 0.15259
4.1377 -2.3198 0.76093 -0.71857 -0.95016 -0.86908 0.25267 -0.51223 -0.033447 -0.4856 -0.050337 -0.76691 0.10867
4.3561 -2.1764 1.0291 -0.60163 -1.5003 -1.0173 0.25254 -0.97716 0.22532 -0.42521 0.16642 -0.78177 0.12945
5.1962 -1.9152 0.44232 -1.8522 -1.1908 -1.4064 0.046645 -1.0209 0.60799 -0.16777 -0.47685 -1.2928 -0.21158
4.8518 -1.7439 1.0989 -1.108 -1.4192 -1.0051 0.20063 -1.419 0.2667 -0.35472 0.32417 -0.57622 -0.34897
3.0312 -2.5803 0.84593 0.13687 -0.69114 -0.59344 -0.26132 -0.99177 -0.023545 -0.58171 -0.20804 -0.28369 0.18489
1.0216 -2.8721 0.3775 0.10769 0.41996 0.12475 -0.20374 -0.39023 -0.059888 -0.18249 -0.33914 -0.10515 -0.59257
0.74309 -3.0475 0.20036 -0.14525 0.18104 0.051282 0.05883 -0.14598 -0.12211 -0.28619 -0.40097 -0.51981 -0.69705
0.39423 -2.9442 0.3022 -0.039119 0.2416 0.066907 0.16308 0.073272 0.12744 0.017961 -0.077142 -0.24826 -0.34361
-0.095287 -3.1062 0.30646 -0.035673 0.20186 0.026373 0.11331 -0.054345 -0.0095954 -0.10683 -0.19318 -0.50285 -0.75355
-0.1538 -3.0563 0.36564 0.043971 0.2899 0.087631 0.15216 -0.0098831 0.077195 0.02867 -0.031253 -0.40766 -0.74557
-0.049617 -3.3813 0.36602 0.12321 0.2705 -0.062236 -0.1357 -0.4476 -0.25311 -0.019102 0.099722 -0.58323 -1.3737
2.9557 -1.7495 1.6139 0.083957 -1.2819 -0.99229 -0.12543 -1.4224 0.84585 -0.10984 0.077183 -0.58002 0.20535
5.5983 -1.4776 0.66358 -2.1483 -1.4948 -1.1656 0.69647 -0.99619 -0.070297 -0.42726 0.18055 -0.96777 -0.41982
6.1034 -1.6647 -0.62186 -2.9426 -1.2225 -1.1818 0.98391 -0.88307 -0.66514 -0.95305 -0.22756 -1.349 -0.16665
6.0878 -1.8334 -0.49733 -2.6057 -1.2402 -0.80089 0.80487 -1.0667 -0.36902 -0.92052 -0.75897 -0.81775 0.21476
5.9141 -1.9959 -0.55078 -2.6887 -1.0533 -0.89517 0.72749 -0.99647 -0.77657 -1.1429 -0.89206 -0.64497 -0.035213
6.0359 -2.1568 -0.74336 -2.6011 -0.7736 -0.62026 0.60589 -0.86344 -0.65266 -1.1164 -0.76625 -0.93366 0.17941
6.2816 -2.5219 -1.1603 -2.9818 -0.65753 -0.64904 0.16742 -0.86166 -0.82222 -1.0167 -1.2564 -0.8303 0.16121
6.3539 -2.4417 -0.87602 -3.3463 -0.74332 -0.41531 -0.054615 -0.8019 -0.6095 -1.1962 -1.2053 -1.171 0.22072
6.3544 -2.462 -0.91551 -3.062 -0.6692 -0.5532 -0.020838 -0.85148 -0.10042 -1.0487 -1.5138 -0.87371 0.46298
6.3412 -2.5939 -1.219 -3.0567 -0.66274 -0.61857 -0.40831 -0.54736 -0.24693 -1.6754 -1.2247 -0.77384 0.23027
6.1678 -2.4703 -1.2215 -3.1302 -0.54466 -0.77874 -0.17278 -0.53884 -0.34541 -1.5289 -1.2917 -0.79868 0.22233
6.0239 -2.574 -0.96945 -2.9473 -0.7588 -0.88116 -0.12983 -0.77076 -0.16965 -1.3567 -1.583 -0.56323 0.34901
5.9015 -2.3486 -0.70528 -2.8675 -0.65179 -0.92914 0.19899 -0.60218 -0.20513 -1.4347 -1.3715 -0.37839 0.10973
6.0321 -2.6105 -0.73649 -2.657 -0.76525 -0.55818 0.01407 -0.35489 -0.27956 -1.2736 -1.095 -0.70265 0.53456
6.0453 -2.5726 -0.72162 -2.5543 -0.30813 -0.79432 -0.23629 -0.19914 -0.22535 -1.1139 -1.5412 -0.52724 0.6173
5.9149 -2.3793 -0.70588 -2.786 -0.096509 -0.70136 -0.272 -0.071802 -0.64167 -1.2072 -1.3888 -0.66057 0.73156
5.7548 -2.5299 -0.81348 -2.6314 -0.7878 -1.1914 -0.082035 -0.39606 -0.84023 -1.6449 -1.1528 -0.59629 0.39663
5.9313 -2.2055 -0.79403 -2.8462 -0.66347 -1.1488 -0.033623 -0.48681 -0.44949 -1.6672 -1.3606 -0.5579 0.36498
5.814 -2.2956 -0.32436 -2.6359 -0.68723 -0.8348 -0.057531 -0.30159 -0.24737 -1.3323 -1.0753 -0.42981 0.55793
5.815 -2.1097 -0.34411 -2.4767 -0.87304 -1.0249 0.28976 -0.15889 -0.74089 -1.5567 -0.84921 -0.55493 0.76278
5.8141 -2.388 -0.62728 -2.5329 -0.72911 -1.2643 0.31308 -0.20336 -0.85786 -1.5105 -0.97038 -0.5687 0.51074
5.7427 -2.5281 -0.54108 -2.6021 -0.74187 -0.94343 -0.17398 -0.5779 -0.54022 -1.4015 -1.5411 -0.42053 0.56343
5.3475 -2.5885 -0.43312 -1.9474 -0.53429 -1.2964 -0.023117 -0.27787 -0.51626 -1.1986 -1.07 -0.81508 0.30497
4.3183 -2.2517 0.22131 -1.654 -0.087921 -0.43295 -0.040366 -0.53511 -0.022699 -0.77823 -0.77778 -0.34665 -0.21493
3.9925 -2.6212 -0.64021 -1.8139 0.73795 0.13237 0.0082126 -0.23849 0.38508 -0.38492 -0.86474 0.34994 -0.67226
2.5688 -4.03 -0.73513 -0.65985 0.94103 1.1333 0.23323 -0.1892 -0.6873 -0.31308 -0.38805 0.22607 -0.024418
1.191 -4.1208 -0.84353 -1.1077 1.2615 0.32099 -0.62179 0.61884 -0.33654 0.014249 -0.74896 -0.39785 -0.94535
