3.8765 -3.6395 -2.8464 -3.4386 -0.81003 -0.51713 -0.46581 -0.1285 -0.23905 -1.7145 -0.54516 0.18745 0.4089
4.3484 -4.0766 -3.0849 -3.0124 -1.0161 -0.21682 -0.57718 -0.23433 -0.1375 -1.6007 -0.89977 -0.28939 -0.25754
4.9115 -4.5062 -3.5456 -3.169 -1.3042 -0.40775 -1.144 -0.54343 -0.45936 -1.4898 -1.0508 -0.26914 -0.40574
5.3089 -4.9235 -3.2635 -3.066 -1.0254 -0.22997 -1.1786 -0.48101 -0.52361 -1.4832 -0.92275 -0.14385 -0.5515
5.2698 -4.0366 -3.2272 -3.0705 -0.65423 -0.095928 -0.89864 -0.31258 -0.25787 -1.5101 -0.69364 -0.021119 -0.37026
5.5617 -4.3793 -3.605 -3.0958 -1.0566 -0.21438 -1.144 -0.32233 -0.15072 -1.4536 -1.1792 -0.11066 -0.69381
4.9225 -3.762 -2.8804 -3.3094 -1.4525 -0.98822 -1.1143 0.083481 -0.34137 -1.4028 -1.2798 -0.76789 -0.7061
3.5387 -2.4312 -1.1085 -2.7406 -1.4252 -0.92114 -0.36575 -0.055335 0.10869 -1.0765 -0.3875 -0.7882 -0.071542
0.33304 -3.1252 -0.03289 -0.70053 -0.38229 -0.72239 -0.68732 -0.8111 -0.11052 -0.50573 -0.6159 -0.28454 -0.19019
-0.068717 -3.4322 -0.070683 -0.39665 -0.099798 -0.28006 -0.28527 -0.63532 -0.75371 -0.67551 -0.36439 -0.43935 -0.487
2.4492 -2.8174 -0.91829 -2.3083 -1.5749 -1.4588 -0.68395 -0.77357 0.32181 -1.0548 -0.89797 -0.56258 -0.12383
3.4245 -3.7401 -1.1966 -2.6637 -1.3448 -0.96096 -0.45186 0.15736 0.52439 -0.65918 -0.89821 -1.0387 -0.022381
2.9233 -3.2243 -0.25759 -2.0222 -1.3494 -1.1487 -0.60013 -0.59096 0.6191 -0.44667 -0.67595 -0.44227 -0.06636
1.8481 -3.4062 -7.1352e-05 -0.89213 -1.5013 -1.7697 -1.1168 -1.5675 -0.46341 -0.59913 0.076727 -0.88089 -0.40201
0.34222 -3.222 0.3753 0.2343 0.11626 -0.31342 -1.0397 -1.3055 0.13997 -0.47745 -1.035 -0.37148 -0.61876
-0.068691 -3.201 0.41586 0.16788 0.21753 0.032084 -0.4168 -0.86565 -0.16357 -0.52391 -0.86051 -0.55757 -1.1247
-1.9605 -3.148 0.28124 -0.049839 0.2357 0.032018 -0.19104 -0.56419 -0.35026 -0.27796 -0.14532 -0.18628 -0.83536
-3.1916 -3.4149 -0.44479 -1.6481 -0.70758 -0.86314 0.97248 1.212 -0.42158 0.47433 1.3657 -0.58616 0.99845
-4.7594 -2.9144 0.33205 -1.2486 -1.1882 -0.73566 1.6659 1.186 -0.80124 0.18005 1.909 -0.64083 0.82377
-4.8703 -2.5434 0.55461 0.17208 0.48328 0.32715 0.41952 0.32567 0.35807 0.29679 0.31058 0.26265 0.26324
-5.8004 -2.0961 0.99712 0.60822 0.90897 0.74213 0.82303 0.72505 0.74602 0.6694 0.66668 0.6076 0.59416
-1.2844 -2.0137 0.67186 -0.96637 -1.1579 -0.95603 -0.3969 -0.8018 0.80182 -0.44229 -0.50781 -0.25312 0.48802
3.1778 -3.0853 -1.2612 -2.6968 -1.3754 -1.2213 -0.87398 -0.50809 0.51666 -0.64443 -0.68372 -0.75377 0.14482
3.7558 -4.0798 -1.9723 -2.5265 -1.404 -0.75356 -0.35919 0.22973 0.23705 -1.3003 -0.63477 -0.80717 -0.16278
4.3295 -3.9418 -2.3821 -2.5747 -1.2072 -0.39214 -0.30067 0.066166 0.1228 -1.2035 -0.75767 -0.59236 -0.067539
4.2853 -3.9288 -2.7972 -3.1697 -1.2484 -0.62317 -0.74847 -0.3182 -0.042075 -1.7964 -0.91796 -0.79691 -0.54532
4.0502 -3.2924 -2.4553 -2.9874 -1.0662 -0.37611 -0.69634 -0.053801 -0.17219 -1.5863 -0.63754 -0.45851 -0.45418
4.0113 -3.1379 -2.2348 -2.835 -0.6225 -0.060773 -0.55948 0.1651 -0.15861 -1.5386 -0.32923 -0.17643 -0.47787
4.1533 -3.7351 -2.7589 -3.1609 -0.46906 -0.27988 -0.46087 -0.26732 -0.78341 -1.5241 -0.56225 -0.18061 -0.58705
4.1443 -3.7071 -2.9253 -3.2257 -0.12874 -0.037036 -0.57979 -0.38817 -0.65268 -1.5292 -0.55028 -0.079607 -0.72716
3.9557 -4.0732 -2.9714 -2.9215 0.58693 0.44624 -0.30105 -0.12618 -0.84945 -1.1513 -0.66486 -0.090336 -0.65482
3.6709 -3.9211 -2.8986 -2.5019 0.56582 0.40123 -0.40949 -0.35774 -1.1032 -0.93779 -0.82573 -0.020852 -0.36373
3.2053 -3.8613 -2.5259 -2.623 0.41116 -0.0039515 -0.44226 -0.58794 -1.0282 -0.93332 -1.0939 -0.23223 -0.50136
3.0646 -4.1888 -2.5984 -2.4322 0.52617 0.14115 -0.59866 -0.27722 -1.1611 -1.0664 -1.2068 -0.50161 -0.98916
3.0913 -4.4509 -2.5118 -2.354 0.68539 0.22377 -0.63546 -0.42188 -1.4342 -1.0986 -0.91793 -0.62969 -0.71404
3.1321 -3.7879 -2.4433 -2.468 1.1616 0.27438 -0.85853 -0.35032 -1.3606 -1.1348 -1.1791 -0.16587 -0.55841
3.679 -3.7634 -2.9162 -2.8385 1.1223 0.43888 -0.95164 -0.0064589 -1.3749 -0.87615 -1.4772 -0.28396 -0.46852
4.0563 -4.1498 -2.927 -3.0534 0.88049 0.40958 -1.0328 -0.13242 -1.2328 -1.636 -0.8245 -0.30239 -0.47483
4.2466 -4.4414 -2.9802 -2.366 0.51399 0.5079 -1.0355 -0.45465 -1.0878 -1.3047 -0.37094 -0.098594 -0.28638
4.2287 -4.671 -3.1321 -2.5266 0.24298 0.29327 -1.2265 -0.66253 -1.2753 -1.2653 -0.39437 -0.21713 -0.41341
4.1769 -4.4816 -3.1503 -2.6546 -0.13002 0.36247 -1.2231 -0.99273 -1.3384 -1.2018 -0.3736 -0.1963 -0.22908
4.025 -4.3818 -3.0535 -2.2395 0.13947 0.59787 -1.2034 -1.1009 -1.1269 -1.2901 -0.27146 0.090189 -0.01521
3.9101 -4.3662 -2.8914 -2.7515 0.070177 0.45454 -1.249 -0.84882 -1.254 -1.2037 -0.4286 -0.11692 0.20356
3.8388 -4.6307 -2.9754 -2.4992 0.093149 0.57501 -1.1657 -0.81372 -1.1503 -1.2085 -0.44094 0.17338 0.24845
3.3388 -4.69 -2.6923 -2.4538 0.0039532 0.29787 -1.2634 -0.61531 -1.1347 -1.1146 -0.62 0.17888 0.20915
2.7387 -4.0766 -1.9197 -2.1924 0.19175 0.23531 -0.72268 -0.81926 -0.87126 -1.0715 -0.71062 -0.16704 0.44952
2.4871 -4.2787 -1.7255 -2.5439 -0.021831 0.01892 -0.84223 -0.90729 -0.89975 -0.96736 -0.85193 0.11876 0.69461
2.1972 -4.0882 -1.5005 -2.5189 0.28919 -0.45715 -1.0468 -0.65904 -1.1004 -0.81157 -0.87074 0.024768 0.57151
1.7102 -4.2792 -1.1445 -2.2553 -0.57425 -0.65025 -0.61646 -0.99831 -0.61876 -0.68999 -1.095 -0.01949 0.99678
1.144 -4.2192 -1.1329 -2.0299 -0.42394 -1.183 -1.1854 -1.0057 -0.79862 -0.54253 -0.57858 0.44765 0.84115
0.58472 -3.6854 -0.35637 -0.82861 -0.36856 -0.70398 -0.82277 -1.2258 -0.74574 -0.47206 0.16781 0.52305 0.39677
