3.5699 -2.8945 -2.6807 -2.5383 0.69325 0.38095 -1.045 -0.97089 -0.39326 -0.60056 -0.61284 0.39228 -0.21033
4.7221 -3.4787 -3.5693 -2.2735 0.47167 0.45641 -0.85268 -1.111 -0.4311 -0.60287 -0.68745 0.24471 -0.59189
5.2072 -3.8379 -3.8782 -2.3128 0.16072 0.44405 -1.0053 -1.1487 -0.51547 -0.77193 -0.82165 0.18317 -0.8945
5.4518 -3.4587 -4.3448 -2.5259 0.023726 0.18636 -1.0164 -1.1684 -0.60404 -0.88119 -1.0402 0.14213 -1.1928
5.6008 -2.8741 -4.0587 -2.8881 0.25612 0.057191 -1.0336 -1.1791 -0.50923 -1.1772 -0.8423 0.14936 -0.88056
5.5194 -2.6626 -3.8046 -2.4269 -0.13548 0.56895 -0.68769 -1.0896 -0.099088 -1.1352 -0.44026 0.037557 -0.52137
4.9712 -2.6496 -3.3311 -2.9546 -0.70073 0.39205 -0.90719 -1.2957 -0.16516 -1.3665 -0.5673 -0.24971 -0.89222
2.7532 -2.0505 -1.7154 -2.1279 -0.49921 -0.088066 -0.43112 -0.72542 0.37158 -0.70488 -0.24854 -0.23916 -0.51289
4.6223 -2.855 -2.8921 -2.3256 -1.3597 0.23603 -1.0252 -1.1638 0.18324 -1.4615 -0.61859 -0.45741 -0.87939
4.8324 -2.7173 -3.2817 -2.5989 -1.1832 -0.16893 -0.74312 -1.2011 0.17449 -1.3533 -0.57871 -0.58256 -0.77265
3.4467 -2.1274 -2.4509 -3.0239 -0.8669 -1.2396 -0.78259 -1.4363 -0.069396 -0.9862 -0.68756 -0.56832 -1.0094
0.73103 -2.2799 0.66235 -0.67289 -0.77546 -0.3685 0.034222 -1.675 -0.14225 -0.5124 -0.075311 -0.31744 -0.19941
0.28858 -2.9815 0.48985 0.22545 0.0049944 -0.28773 -0.86982 -1.2014 0.091435 -0.52667 -0.9685 -0.2403 -0.42082
0.44602 -3.0186 0.27224 -0.2147 -0.36727 -0.58906 -0.66364 -0.92802 -0.064807 -0.48926 -0.70721 -0.51269 -0.29862
0.34433 -3.0884 0.25259 -0.16079 -0.26911 -0.23642 -0.12403 -0.682 -0.52693 -0.78289 -0.42163 -0.46106 -0.58472
0.4412 -3.2332 0.26157 -0.046427 0.19935 -0.21767 -0.69783 -1.0364 -0.52781 -0.27738 -0.090097 -0.11331 -1.2916
0.16757 -3.1076 0.55384 0.15965 -0.033152 -0.060567 -0.24571 -0.81368 -0.24899 -0.49892 -0.65021 -0.63671 -1.0937
0.32799 -2.6681 0.36752 -0.11803 -0.11995 -0.16103 -0.61666 -1.1262 0.41303 -0.26071 -0.95093 -0.47365 -0.41967
3.2475 -2.0681 -0.84882 -2.6138 -1.0838 -0.85967 -0.35621 -1.0034 0.21662 -0.34711 -0.43236 -0.72504 -0.2623
4.6038 -2.5234 -2.402 -3.3171 -0.85738 -0.26206 -0.25751 -0.64227 -0.22033 -0.48671 -0.94925 -0.48884 -0.019788
5.2396 -2.8743 -3.2307 -2.8792 -0.68622 0.16555 -0.40998 -0.83082 -0.34889 -0.76555 -0.87324 -0.017806 0.0097991
5.6475 -3.3737 -3.8288 -2.9839 -0.51738 0.47362 -0.73611 -0.92007 -0.49538 -0.65496 -1.1859 0.082228 -0.2229
5.664 -3.4264 -4.1453 -3.1272 -0.11851 0.46395 -0.92909 -1.3375 -0.71122 -0.99106 -0.9813 -0.041714 -0.45477
5.6716 -3.2397 -4.2183 -2.9367 -0.08974 0.6908 -0.87131 -1.4939 -0.55745 -1.0521 -1.0256 -0.060775 -0.62481
5.5828 -3.5126 -4.0787 -2.6998 0.27239 0.97497 -0.95717 -1.1825 -0.53144 -0.83524 -0.95349 0.2186 -0.75681
5.3122 -3.2199 -4.0462 -2.5982 0.61861 0.69175 -0.86051 -1.1701 -0.66136 -0.83852 -0.77333 0.19696 -0.6414
5.0766 -3.4549 -3.697 -2.4189 0.71535 0.78118 -1.0763 -0.96745 -0.70133 -0.60216 -0.74612 0.26212 -0.79442
4.9618 -3.4632 -3.8275 -2.4592 0.91546 0.29397 -0.92965 -1.2463 -0.53798 -0.7463 -0.64577 0.080024 -0.43673
4.7364 -3.8964 -3.9252 -2.4947 0.70332 0.12092 -1.1608 -1.0812 -0.79364 -1.0395 -0.70313 -0.11768 -0.73807
4.6311 -3.8405 -4.059 -2.9422 0.44174 0.23857 -1.3813 -1.0698 -0.46756 -1.3797 -0.61962 -0.27264 -1.1521
4.6473 -3.925 -4.0649 -2.4071 0.41191 0.29627 -0.92579 -0.90336 -0.31097 -1.0245 -0.72629 -0.2288 -0.89201
4.3656 -3.6561 -3.2079 -2.4487 0.5416 0.040793 -1.0569 -0.52003 -0.45638 -1.0526 -0.31584 -0.2205 -0.87726
4.0991 -4.099 -3.2569 -2.7752 0.35506 -0.10179 -1.0653 -0.71697 -0.7082 -1.1851 -0.9768 -0.38915 -1.1207
3.607 -3.8194 -2.6306 -2.397 0.19877 -0.34159 -1.0529 -0.49425 -0.82676 -0.63898 -0.58009 -0.22843 -0.21105
2.9759 -3.5878 -2.1919 -2.3264 0.60376 -0.17741 -0.71319 -0.23183 -0.83258 -0.50427 -0.67864 -0.56875 -0.4583
2.0706 -3.4432 -1.4114 -1.7541 0.53606 -0.52819 -0.80025 -0.37343 -0.7547 -0.31254 -0.51549 -0.47349 -0.27225
1.3409 -3.7364 -1.1794 -1.77 -0.32394 -0.63755 -0.49209 -0.72217 -0.8011 -0.83163 -0.42832 0.092211 -0.39803
