-2.9082 -2.8699 0.24611 -0.6371 -0.44237 -0.31018 0.76191 0.42373 -0.4803 0.0048544 0.83769 -0.42578 0.090296
-2.4458 -3.8705 -1.3773 -1.9139 0.83329 0.2272 0.34067 1.1313 -0.20238 0.5578 0.21909 -0.34306 0.10639
1.811 -2.6453 -1.0788 -2.9638 0.068148 0.25023 0.070477 -0.29723 -0.27383 -0.0058741 -0.43272 -0.19841 -1.145
3.2442 -2.1042 -0.78694 -3.3455 -1.017 -0.61952 0.66468 0.011648 -0.64333 0.15959 -0.49357 -1.432 -0.42127
3.3619 -2.0951 -0.55674 -3.1623 -0.84431 -0.84239 0.11455 -0.22899 -0.38612 0.067171 -0.80742 -1.6034 -0.83916
3.3746 -2.3386 -0.7063 -3.271 -0.6028 -0.63674 -0.49081 -0.71701 -0.41734 0.18483 -0.927 -1.4287 -1.0981
3.6246 -2.2818 -0.52568 -3.1251 -0.94239 -0.68952 -0.66734 -0.46983 -0.42561 0.43697 -1.035 -1.4807 -0.81045
3.2977 -1.4824 -0.21575 -2.8797 -1.0101 -0.92762 -0.13522 -1.3966 0.25269 -0.12139 -0.44676 -1.3561 -0.4801
2.7988 -1.6437 -0.19481 -2.4315 -1.5541 -1.2075 0.089229 -1.2736 -0.016617 -0.49518 0.026799 -1.1219 -0.54169
2.5001 -1.8166 -0.10345 -1.4131 -1.0848 -1.1187 -0.27129 -1.7782 0.51165 0.052468 -0.24205 -1.0531 -0.4416
3.2226 -1.5383 -0.47069 -2.1942 -1.4383 -1.3685 -0.74417 -2.1951 0.38214 -0.11911 -0.46299 -1.3701 -0.56474
2.4974 -1.6879 0.24074 -1.5705 -0.94609 -1.212 -0.72054 -2.1145 0.31594 -0.17977 -0.096721 -0.71156 -0.71757
0.77574 -2.2621 1.1128 0.071355 -0.66767 -0.47672 -0.10699 -1.3437 0.15728 -0.28286 0.21489 -0.24467 -0.4604
0.41549 -2.7693 0.66834 0.081058 -0.27413 -0.12242 0.022113 -0.76458 0.14544 -0.58362 -0.77089 -0.81116 -0.57551
0.19011 -2.6889 0.94942 0.52058 -0.42989 -0.44408 -0.66461 -1.4638 0.14562 -0.58298 -0.56017 -0.31564 -0.47757
0.53512 -2.6972 1.0305 0.62261 -0.26068 -0.36235 -0.79187 -1.6704 0.02245 -0.52745 -0.29653 -0.049566 -0.72387
0.37929 -2.8167 0.76902 0.56216 0.11932 0.0006195 -0.42907 -0.99193 0.17278 -0.56635 -0.94865 -0.47193 -0.68194
0.39166 -2.7169 0.95433 0.71727 0.032643 0.042333 -0.43683 -1.2501 0.087161 -0.73059 -0.93083 -0.3518 -0.65616
0.39382 -2.7991 0.85926 0.57891 0.031712 -0.039751 -0.44183 -1.1841 -0.084673 -0.54325 -0.49492 -0.21334 -0.83049
0.87426 -3.0666 0.82061 0.41275 -0.3087 -0.53614 -0.023808 -0.97177 -0.024338 -0.11515 -0.42647 -0.097385 -0.38669
2.7425 -1.5517 0.6916 -1.5133 -0.8418 -0.97853 -0.39539 -1.2953 0.62863 0.36693 0.31513 -0.56381 -0.35254
3.8308 -1.0348 -0.36531 -3.2534 -1.0583 -1.4916 -0.34813 -0.76863 -0.0062618 -0.18014 0.0019657 -1.7815 -0.46904
3.853 -1.3899 0.077081 -3.483 -1.3291 -0.2736 -0.23131 -1.0688 0.66292 0.25699 -0.89906 -1.3896 -0.21814
3.5647 -1.7979 -0.51277 -3.0741 -0.78515 -0.71932 -0.46894 -0.65099 0.45517 0.21006 -1.3458 -1.2194 0.047638
3.6147 -2.0213 -0.86147 -3.23 -0.55339 -1.1224 -0.2901 -0.069423 -0.17955 -0.2486 -1.1689 -1.4578 0.036721
3.501 -2.3571 -1.0051 -3.3782 -0.80942 -0.97106 -0.441 -0.4637 -0.46969 -0.27385 -1.2801 -1.3445 -0.23138
3.2682 -2.1813 -0.8057 -3.0168 -1.0267 -0.82728 -0.083426 -0.6541 -0.062827 -0.027422 -0.96536 -1.4059 -0.03861
3.358 -2.1972 -0.74615 -3.0016 -1.2285 -0.52591 0.29545 -0.58611 0.080058 -0.0047173 -0.70335 -1.0693 -0.16172
3.1046 -2.2947 -0.64807 -2.898 -1.1099 -0.75756 0.29902 -0.34784 -0.26466 -0.15685 -0.64117 -1.2989 -0.24117
3.0173 -2.1859 -1.1514 -3.0747 -0.63801 -0.81452 0.38442 -0.37816 -0.19138 -0.18595 -0.65803 -1.7235 0.15001
2.9128 -2.1109 -0.72088 -3.1941 -0.86018 -0.9677 0.21302 -0.32653 -0.52762 -0.23654 -0.6331 -1.3583 0.20571
2.7856 -1.9134 -0.76899 -2.4212 -0.75392 -0.59003 -0.11712 -0.75963 0.076796 -0.54774 -0.84015 -1.0169 -0.27419
3.005 -2.2565 -0.7523 -2.7806 -0.37603 -1.1832 -0.48137 -0.53829 0.089326 -0.53369 -1.273 -0.75135 -0.32353
2.9749 -2.3442 -0.69796 -2.5875 -0.467 -0.93032 -0.74211 -0.81314 0.48385 -0.52339 -1.4814 -0.44254 -0.44739
2.8247 -2.3953 -0.77951 -1.9998 -0.66801 -1.248 -0.80842 -0.84013 0.34554 -0.065353 -1.5746 -0.87163 -0.02481
2.2715 -2.339 -0.34458 -0.93011 -0.77791 -1.2941 -1.1097 -1.1852 0.41132 -0.014285 -1.2018 -1.1277 -0.14231
1.873 -2.7462 -0.18188 -0.48104 -0.0024387 -1.0751 -1.1665 -1.6595 -0.70133 -0.049823 -0.20599 -0.62029 -0.83393
1.4738 -2.7861 0.6972 0.1205 -0.24929 -0.94288 -1.1773 -1.2242 0.43328 -0.19715 -0.93131 -0.81742 -0.78161
