1.2743 1.1902 1.2688
1.2743 1.1902 1.2688
1.2743 1.1902 1.2688
1.2743 1.1902 1.2688
1.2743 1.1902 1.2688
1.2743 1.1902 1.2688
1.2743 1.1902 1.2688
1.2743 1.1902 1.2688
1.2743 1.1902 1.2688
1.2743 1.1902 1.2688
1.2743 1.1902 1.2688
1.2743 1.1902 1.2688
1.2743 1.1902 1.2688
1.2743 1.1902 1.2688
1.2743 1.1902 1.2688
1.2743 1.1902 1.2688
1.2743 1.1902 1.2688
1.2743 1.1902 1.2688
1.2743 1.1902 1.2688
1.2743 1.1902 1.2688
1.2743 1.1902 1.2688
1.2743 1.1902 1.2688
1.2743 1.1902 1.2688
1.2743 1.1902 1.2688
1.2743 1.1902 1.2688
1.2743 1.1902 1.2688
1.2743 1.1902 1.2688
1.2743 1.1902 1.2688
1.2743 1.1902 1.2688
1.2743 1.1902 1.2688
1.2743 1.1902 1.2688
1.2743 1.1902 1.2688
1.2743 1.1902 1.2688
1.2743 1.1902 1.2688
1.2743 1.1902 1.2688
1.2743 1.1902 1.2688
1.2743 1.1902 1.2688
1.2743 1.1902 1.2688
1.2743 1.1902 1.2688
1.2743 1.1902 1.2688
1.2743 1.1902 1.2688
1.2743 1.1902 1.2688
1.2743 1.1902 1.2688
1.2743 1.1902 1.2688
1.2743 1.1902 1.2688
1.2743 1.1902 1.2688
1.2743 1.1902 1.2688
1.2743 1.1902 1.2688
1.2743 1.1902 1.2688
1.2743 1.1902 1.2688
1.2743 1.1902 1.2688
1.2743 1.1902 1.2688
1.2743 1.1902 1.2688
1.2743 1.1902 1.2688
1.2743 1.1902 1.2688
1.2743 1.1902 1.2688
1.2743 1.1902 1.2688
1.2743 1.1902 1.2688
1.2743 1.1902 1.2688
1.2743 1.1902 1.2688
1.2743 1.1902 1.2688
1.2743 1.1902 1.2688
1.2743 1.1902 1.2688
1.2743 1.1902 1.2688
1.2743 1.1902 1.2688
1.2743 1.1902 1.2688
1.2743 1.1902 1.2688
1.2743 1.1902 1.2688
1.2743 1.1902 1.2688
1.2743 1.1902 1.2688
1.2743 1.1902 1.2688
1.2743 1.1902 1.2688
1.2743 1.1902 1.2688
1.2743 1.1902 1.2688
1.2743 1.1902 1.2688
1.2743 1.1902 1.2688
1.2743 1.1902 1.2688
1.2743 1.1902 1.2688
1.2743 1.1902 1.2688
1.2743 1.1902 1.2688
1.2743 1.1902 1.2688
1.2743 1.1902 1.2688
1.2743 1.1902 1.2688
1.2743 1.1902 1.2688
1.2743 1.1902 1.2688
1.2743 1.1902 1.2688
1.2722 1.1895 1.2683
1.1853 1.1593 1.247
1.095 1.1279 1.2249
0.98638 1.0901 1.1982
0.87773 1.0524 1.1716
0.76908 1.0146 1.145
0.66043 0.97682 1.1184
0.55178 0.93905 1.0917
0.44313 0.90541 1.0629
0.33448 0.8752 1.0323
0.22583 0.8484 0.99987
0.11718 0.82321 0.96659
0.008525 0.79803 0.9333
-0.10013 0.77285 0.90002
-0.20878 0.74767 0.86673
-0.31432 0.7232 0.8344
-0.37951 0.70809 0.81443
-0.43151 0.69604 0.7985
-0.43151 0.69604 0.7985
-0.43151 0.69604 0.7985
-0.43151 0.69604 0.7985
-0.43151 0.69604 0.7985
-0.43151 0.69604 0.7985
-0.43798 0.69454 0.79533
-0.44884 0.69203 0.79
-0.49127 0.68219 0.76921
-0.54559 0.6696 0.74258
-0.59992 0.65701 0.71595
-0.65424 0.64442 0.68932
-0.70857 0.63183 0.6627
-0.7629 0.61924 0.63607
-0.81722 0.60665 0.60944
-0.86476 0.59405 0.58448
-0.89192 0.58146 0.56451
-0.91908 0.56887 0.54454
-0.94624 0.55628 0.52457
-0.97341 0.54369 0.50459
-1.0006 0.5311 0.48462
-1.0277 0.51851 0.46465
-1.0549 0.50592 0.44468
-1.0484 0.50112 0.42471
-1.0321 0.4986 0.40474
-1.006 0.49836 0.38477
-0.97884 0.49836 0.3648
-0.95168 0.49836 0.34483
-0.92451 0.49836 0.32486
-0.89735 0.49836 0.30489
-0.87019 0.49611 0.28373
-0.84303 0.48856 0.25976
-0.81586 0.47885 0.23466
-0.7887 0.46626 0.20803
-0.76154 0.45366 0.1814
-0.73437 0.44107 0.15477
-0.70721 0.42848 0.12815
-0.68005 0.41589 0.10152
-0.64396 0.40744 0.072702
-0.60593 0.39988 0.043412
-0.55238 0.39952 0.010317
-0.49806 0.39952 -0.022967
-0.44373 0.39952 -0.056252
-0.38941 0.39952 -0.089537
-0.33508 0.39952 -0.12282
-0.28263 0.39865 -0.15657
-0.23374 0.39613 -0.19118
-0.1952 0.38882 -0.22833
-0.16803 0.37623 -0.26828
-0.14087 0.36364 -0.30822
-0.11371 0.35105 -0.34816
-0.086544 0.33846 -0.3881
-0.059382 0.32586 -0.42804
-0.032219 0.31327 -0.46798
-0.0050563 0.30068 -0.50792
-0.0050563 0.2755 -0.55452
-0.0050563 0.25032 -0.60112
-0.0050563 0.22514 -0.64772
-0.0050563 0.19995 -0.69432
-0.0050563 0.17477 -0.74092
-0.0050563 0.14959 -0.78752
-0.0050563 0.12441 -0.83411
-0.027821 0.093948 -0.87234
-0.071282 0.058693 -0.90297
-0.12186 0.021789 -0.93097
-0.17618 -0.015984 -0.9576
-0.23051 -0.053757 -0.98423
-0.28483 -0.091531 -1.0109
-0.33916 -0.1293 -1.0375
-0.39348 -0.16708 -1.0637
-0.44781 -0.20485 -1.0824
-0.50213 -0.24262 -1.1001
-0.55646 -0.2804 -1.1134
-0.61078 -0.31817 -1.1267
-0.66511 -0.35594 -1.14
-0.71943 -0.39372 -1.1533
-0.77376 -0.43149 -1.1666
-0.83429 -0.46639 -1.1769
-0.89948 -0.49912 -1.1849
-0.97612 -0.52655 -1.1873
-1.0576 -0.55174 -1.1873
-1.1391 -0.57692 -1.1873
-1.2206 -0.6021 -1.1873
-1.3021 -0.62728 -1.1873
-1.383 -0.65246 -1.1873
-1.4591 -0.67765 -1.1873
-1.5302 -0.70283 -1.1873
-1.5846 -0.72801 -1.1873
-1.6389 -0.75319 -1.1873
-1.6932 -0.77838 -1.1873
-1.7475 -0.80356 -1.1873
-1.8019 -0.82874 -1.1873
-1.8562 -0.85392 -1.1873
-1.9105 -0.8791 -1.1873
-1.9241 -0.89484 -1.1873
-1.9241 -0.90743 -1.1873
-1.9241 -0.92003 -1.1873
-1.9241 -0.93262 -1.1873
-1.9241 -0.94521 -1.1873
-1.9241 -0.9578 -1.1873
-1.9241 -0.97039 -1.1873
-1.9181 -0.98022 -1.1887
-1.8964 -0.98274 -1.194
-1.8725 -0.98424 -1.1999
-1.8453 -0.98424 -1.2066
-1.8182 -0.98424 -1.2132
-1.791 -0.98424 -1.2199
-1.7638 -0.98424 -1.2265
-1.7367 -0.98424 -1.2332
-1.7095 -0.99027 -1.2399
-1.6824 -0.99782 -1.2465
-1.6552 -1.0101 -1.2532
-1.628 -1.0226 -1.2598
-1.6009 -1.0352 -1.2665
-1.5737 -1.0478 -1.2731
-1.5465 -1.0604 -1.2798
-1.5159 -1.0714 -1.2839
-1.4779 -1.0789 -1.2826
-1.4325 -1.0831 -1.2758
-1.3781 -1.0831 -1.2625
-1.3238 -1.0831 -1.2492
-1.2695 -1.0831 -1.2359
-1.2152 -1.0831 -1.2225
-1.1608 -1.0831 -1.2092
-1.1065 -1.0831 -1.197
-1.0522 -1.0831 -1.1851
-0.99785 -1.0831 -1.1783
-0.94353 -1.0831 -1.1716
-0.8892 -1.0831 -1.165
-0.83488 -1.0831 -1.1583
-0.78055 -1.0831 -1.1517
-0.72623 -1.0831 -1.145
-0.6719 -1.0831 -1.1383
-0.63116 -1.0831 -1.1284
-0.60399 -1.0831 -1.115
-0.57683 -1.0831 -1.1017
-0.54967 -1.0831 -1.0884
-0.52251 -1.0831 -1.0751
-0.49534 -1.0831 -1.0618
-0.46818 -1.0831 -1.0485
-0.44102 -1.0831 -1.0352
-0.41385 -1.0831 -1.0218
-0.38669 -1.0831 -1.0085
-0.35953 -1.0831 -0.99521
-0.33237 -1.0831 -0.9819
-0.3052 -1.0831 -0.96858
-0.27804 -1.0831 -0.95527
-0.25088 -1.0831 -0.94196
-0.23264 -1.0831 -0.92646
-0.22178 -1.0831 -0.90915
-0.21828 -1.0831 -0.89003
-0.21828 -1.0831 -0.87006
-0.21828 -1.0831 -0.85009
-0.21828 -1.0831 -0.83012
-0.21828 -1.0831 -0.81015
-0.21751 -1.0831 -0.79056
-0.20664 -1.0831 -0.77591
-0.19248 -1.0831 -0.76289
-0.16532 -1.0831 -0.75623
-0.13815 -1.0831 -0.74957
-0.11099 -1.0831 -0.74291
-0.083828 -1.0831 -0.73626
-0.056665 -1.0831 -0.7296
-0.029503 -1.0846 -0.72294
-0.00234 -1.0871 -0.71629
0.024823 -1.0969 -0.70963
0.051985 -1.1095 -0.70297
0.079148 -1.1221 -0.69632
0.10631 -1.1347 -0.68966
0.13347 -1.1473 -0.683
0.16064 -1.1599 -0.67635
0.1878 -1.1725 -0.66969
0.21496 -1.1788 -0.66303
0.24212 -1.1662 -0.65637
0.26929 -1.1536 -0.64972
0.29645 -1.141 -0.64306
0.32361 -1.1284 -0.6364
0.35077 -1.1158 -0.62975
0.37794 -1.1032 -0.62309
0.4051 -1.0906 -0.61643
0.41545 -1.1014 -0.6139
0.42088 -1.1191 -0.61257
0.4214 -1.1435 -0.61244
0.4214 -1.1687 -0.61244
0.4214 -1.1939 -0.61244
0.4214 -1.2191 -0.61244
0.4214 -1.2442 -0.61244
0.4214 -1.2649 -0.61125
0.4214 -1.275 -0.60726
0.4214 -1.2808 -0.60212
0.4214 -1.2808 -0.59546
0.4214 -1.2808 -0.58881
0.4214 -1.2808 -0.58215
0.4214 -1.2808 -0.57549
0.4214 -1.2808 -0.56884
0.41247 -1.2849 -0.5578
0.40161 -1.2899 -0.54582
0.37522 -1.3022 -0.52623
0.34806 -1.3148 -0.50626
0.3209 -1.3273 -0.48629
0.29373 -1.3399 -0.46632
0.26657 -1.3525 -0.44635
0.24128 -1.3651 -0.42638
0.21955 -1.3777 -0.40641
0.20817 -1.3903 -0.38644
0.20817 -1.4029 -0.36646
0.20817 -1.4155 -0.34649
0.20817 -1.4281 -0.32652
0.20817 -1.4407 -0.30655
0.20817 -1.4533 -0.28658
0.20817 -1.4658 -0.26661
0.20817 -1.4784 -0.24664
