-1.7894 0.71328 1.512
-1.7894 0.71328 1.512
-1.7894 0.71328 1.512
-1.7894 0.71328 1.512
-1.7894 0.71328 1.512
-1.7894 0.71328 1.512
-1.7894 0.71328 1.512
-1.7894 0.71328 1.512
-1.7894 0.71328 1.512
-1.7894 0.71328 1.512
-1.7894 0.71328 1.512
-1.7894 0.71328 1.512
-1.7894 0.71328 1.512
-1.7894 0.71328 1.512
-1.7894 0.71328 1.512
-1.7894 0.71328 1.512
-1.7894 0.71328 1.512
-1.7894 0.71328 1.512
-1.7894 0.71328 1.512
-1.7816 0.7104 1.512
-1.7669 0.70496 1.512
-1.7292 0.69103 1.512
-1.6664 0.66779 1.512
-1.6035 0.64456 1.512
-1.5407 0.62132 1.512
-1.4779 0.59808 1.512
-1.415 0.57485 1.512
-1.3719 0.55889 1.512
-1.3705 0.5584 1.512
-1.3696 0.55804 1.512
-1.3696 0.55804 1.512
-1.3696 0.55804 1.512
-1.3696 0.55804 1.512
-1.3696 0.55804 1.512
-1.3696 0.55804 1.512
-1.3696 0.55804 1.512
-1.3696 0.55804 1.512
-1.3696 0.55804 1.512
-1.3696 0.55804 1.512
-1.3696 0.55804 1.512
-1.3696 0.55804 1.512
-1.3696 0.55804 1.512
-1.3696 0.55804 1.512
-1.3696 0.55804 1.512
-1.3696 0.55804 1.512
-1.3696 0.55804 1.512
-1.3696 0.55804 1.512
-1.3696 0.55804 1.512
-1.3696 0.55804 1.512
-1.3696 0.55804 1.512
-1.3696 0.55804 1.512
-1.3696 0.55804 1.512
-1.3696 0.55804 1.512
-1.3696 0.55804 1.512
-1.3696 0.55804 1.512
-1.3696 0.55804 1.512
-1.3696 0.55804 1.512
-1.3696 0.55804 1.512
-1.3696 0.55804 1.512
-1.3696 0.55804 1.512
-1.3696 0.55804 1.512
-1.3696 0.55804 1.512
-1.3696 0.55804 1.512
-1.3696 0.55804 1.512
-1.3696 0.55804 1.512
-1.3696 0.55804 1.512
-1.3604 0.56143 1.512
-1.3323 0.57181 1.512
-1.2947 0.58572 1.512
-1.2318 0.60896 1.512
-1.169 0.6322 1.512
-1.1062 0.65543 1.512
-1.0444 0.67867 1.5117
-0.98753 0.70191 1.51
-0.93369 0.72514 1.5075
-0.90228 0.74838 1.4987
-0.87086 0.77161 1.49
-0.83944 0.79485 1.4812
-0.80802 0.81809 1.4725
-0.7766 0.84132 1.4637
-0.74518 0.86456 1.4549
-0.74202 0.9087 1.4147
-0.74001 0.95369 1.3731
-0.73983 1 1.3295
-0.73983 1.0465 1.2857
-0.73983 1.093 1.2419
-0.73983 1.1394 1.1981
-0.72263 1.1732 1.1495
-0.70124 1.2038 1.0997
-0.67231 1.2289 1.0479
-0.64089 1.2522 0.99531
-0.60947 1.2754 0.94275
-0.57805 1.2986 0.89019
-0.56393 1.3155 0.83763
-0.55926 1.3288 0.78507
-0.57605 1.3342 0.73251
-0.60747 1.3342 0.67995
-0.63889 1.3342 0.62739
-0.67031 1.3342 0.57482
-0.69648 1.3342 0.52299
-0.71721 1.3342 0.47192
-0.71509 1.3342 0.42404
-0.68368 1.3342 0.38024
-0.65226 1.3342 0.33643
-0.62084 1.3342 0.29263
-0.58942 1.3342 0.24883
-0.558 1.3342 0.20503
-0.53466 1.3283 0.15898
-0.53198 1.307 0.10716
-0.52992 1.2853 0.055175
-0.52992 1.2621 0.0026141
-0.52992 1.2388 -0.049947
-0.52992 1.2156 -0.10251
-0.52992 1.1923 -0.1522
-0.52992 1.1691 -0.18165
-0.52992 1.1459 -0.21024
-0.52992 1.1226 -0.22776
-0.52992 1.0994 -0.24528
-0.52992 1.0762 -0.2628
-0.52992 1.0529 -0.28032
-0.52992 1.0297 -0.29442
-0.52992 1.0065 -0.3084
-0.52992 0.98321 -0.3176
-0.52992 0.95998 -0.32636
-0.52992 0.93674 -0.33512
-0.52992 0.91351 -0.34388
-0.52233 0.89307 -0.35264
-0.51298 0.8733 -0.3614
-0.46307 0.86852 -0.37016
-0.40023 0.86852 -0.37892
-0.33739 0.86852 -0.38768
-0.27455 0.86852 -0.39644
-0.21171 0.86852 -0.4052
-0.14887 0.86852 -0.41396
-0.086034 0.86852 -0.42743
-0.023195 0.86852 -0.44402
0.039644 0.86852 -0.46112
0.10248 0.86852 -0.47864
0.16532 0.86852 -0.49616
0.22816 0.86852 -0.51368
0.28209 0.86852 -0.52871
0.32487 0.86852 -0.54064
0.3632 0.86852 -0.55133
0.39462 0.86852 -0.56009
0.42604 0.86852 -0.56885
0.45746 0.86852 -0.57761
0.48888 0.86596 -0.58637
0.5203 0.85706 -0.59513
0.55172 0.84478 -0.60389
0.58314 0.82155 -0.61265
0.61456 0.79831 -0.62141
0.64598 0.77508 -0.63017
0.6774 0.75223 -0.63893
0.70882 0.73196 -0.64769
0.74023 0.71328 -0.65645
0.77165 0.71328 -0.66521
0.80307 0.71328 -0.67397
0.83449 0.71328 -0.68273
0.86591 0.71328 -0.69149
0.89733 0.71328 -0.70025
0.92875 0.71328 -0.70901
0.93491 0.6946 -0.71073
0.93892 0.67433 -0.71185
0.93945 0.65148 -0.712
0.93945 0.62824 -0.712
0.93945 0.605 -0.712
0.93945 0.58177 -0.712
0.93945 0.55853 -0.712
0.93945 0.5353 -0.712
0.93945 0.51206 -0.712
0.93945 0.48882 -0.712
0.93945 0.46559 -0.712
0.93945 0.44235 -0.712
0.93254 0.414 -0.71392
0.92118 0.38236 -0.71709
0.89867 0.34248 -0.72337
0.86725 0.29601 -0.73213
0.83583 0.24954 -0.74089
0.80441 0.20306 -0.74965
0.77601 0.15771 -0.75883
0.75127 0.11371 -0.76852
0.74893 0.077984 -0.78133
0.78034 0.054747 -0.79885
0.81176 0.031511 -0.81637
0.84318 0.0082743 -0.83389
0.8746 -0.014962 -0.85141
0.90602 -0.038198 -0.86893
0.93098 -0.061435 -0.88285
0.93566 -0.084671 -0.88546
0.93945 -0.10791 -0.88757
0.93945 -0.13114 -0.88757
0.93945 -0.15438 -0.88757
0.93945 -0.17762 -0.88757
0.93945 -0.20085 -0.88802
0.93945 -0.22409 -0.89324
0.93945 -0.24733 -0.89857
0.93945 -0.27056 -0.90733
0.93945 -0.2938 -0.91609
0.93945 -0.31704 -0.92485
0.93945 -0.34027 -0.93361
0.93945 -0.36351 -0.9396
0.93945 -0.38674 -0.94538
0.93945 -0.40998 -0.9461
0.93945 -0.43322 -0.9461
0.93945 -0.45645 -0.9461
0.93945 -0.47969 -0.9461
0.93945 -0.50293 -0.94552
0.93945 -0.52616 -0.94478
0.93945 -0.5494 -0.93827
0.93945 -0.57264 -0.92951
0.93945 -0.59587 -0.92075
0.93945 -0.61911 -0.91199
0.93945 -0.64234 -0.90323
0.93945 -0.66558 -0.89447
0.92479 -0.68882 -0.8898
0.89872 -0.71205 -0.8883
0.86992 -0.73529 -0.88757
0.8385 -0.75853 -0.88757
0.80708 -0.78176 -0.88757
0.77567 -0.805 -0.88757
0.75156 -0.82824 -0.88553
0.73819 -0.85147 -0.8805
0.72954 -0.87471 -0.87415
0.72954 -0.89795 -0.86539
0.72954 -0.92118 -0.85663
0.72954 -0.94442 -0.84787
0.73203 -0.96581 -0.83981
0.74206 -0.98163 -0.83384
0.75628 -0.99435 -0.82905
0.7877 -0.99435 -0.82905
0.81912 -0.99435 -0.82905
0.85054 -0.99435 -0.82905
0.88177 -0.99435 -0.82905
0.91119 -0.99435 -0.82905
0.93945 -0.99435 -0.82905
0.93945 -0.99435 -0.82905
0.93945 -0.99435 -0.82905
0.93945 -0.99435 -0.82905
0.93945 -0.99435 -0.82905
0.93945 -0.99435 -0.82905
0.93945 -0.99435 -0.82905
0.93945 -1.0109 -0.82905
0.93945 -1.0297 -0.82905
0.93945 -1.0522 -0.82905
0.93945 -1.0754 -0.82905
0.93945 -1.0987 -0.82905
0.93945 -1.1219 -0.82905
0.93945 -1.1451 -0.82905
0.93945 -1.1684 -0.82905
0.93945 -1.1916 -0.82905
0.93945 -1.2149 -0.82905
0.93945 -1.2381 -0.82905
0.93945 -1.2613 -0.82905
0.93945 -1.2806 -0.82905
0.93945 -1.2969 -0.82905
0.93945 -1.3048 -0.82905
0.93945 -1.3048 -0.82905
0.93945 -1.3048 -0.82905
0.93945 -1.3048 -0.82905
0.93945 -1.3048 -0.82905
0.93945 -1.3048 -0.82905
0.93945 -1.3048 -0.82905
0.93945 -1.3048 -0.82905
0.93945 -1.3048 -0.82905
0.93945 -1.3048 -0.82905
0.93945 -1.3048 -0.82905
0.93945 -1.3048 -0.82905
0.93945 -1.3159 -0.82765
0.93945 -1.3708 -0.82075
0.93945 -1.4279 -0.81358
0.93945 -1.4976 -0.80482
0.93945 -1.5674 -0.79606
0.93945 -1.6371 -0.7873
0.93868 -1.7039 -0.77875
0.92197 -1.7119 -0.77465
0.90526 -1.7198 -0.77055
0.87394 -1.6736 -0.77052
0.84252 -1.6272 -0.77052
0.8111 -1.5807 -0.77052
0.77968 -1.5342 -0.77052
0.75598 -1.5049 -0.76837
0.73325 -1.4777 -0.76594
0.72954 -1.4927 -0.75822
0.72954 -1.5159 -0.74946
0.72954 -1.5392 -0.7407
0.72954 -1.5624 -0.73194
0.72954 -1.5853 -0.72318
0.72954 -1.608 -0.71442
0.72954 -1.6153 -0.70566
0.72954 -1.6153 -0.6969
0.72954 -1.6153 -0.68814
0.72954 -1.6153 -0.67938
0.72954 -1.6153 -0.67062
0.72954 -1.6153 -0.66186
0.72954 -1.6153 -0.6531
0.72954 -1.6153 -0.64434
0.72954 -1.6153 -0.63558
0.72954 -1.6153 -0.62682
0.72954 -1.6153 -0.61806
0.72954 -1.6153 -0.6093
0.72954 -1.6153 -0.60054
0.72954 -1.6153 -0.59178
0.72954 -1.6153 -0.58302
0.72954 -1.6153 -0.57426
0.72954 -1.6153 -0.5655
0.72954 -1.6153 -0.55674
0.72954 -1.6153 -0.54844
0.72954 -1.6153 -0.54192
0.72954 -1.6153 -0.53642
0.72954 -1.6153 -0.53642
0.72954 -1.6153 -0.53642
0.72954 -1.6153 -0.53642
0.72954 -1.6153 -0.53642
0.72954 -1.6153 -0.53642
0.72954 -1.6153 -0.53642
