0.68164 0.23125 1.1715
0.68164 0.23125 1.1715
0.68164 0.23125 1.1715
0.68164 0.23125 1.1715
0.68164 0.23125 1.1715
0.68164 0.23125 1.1715
0.68164 0.23125 1.1715
0.68164 0.23125 1.1715
0.68164 0.23125 1.1715
0.68164 0.23125 1.1715
0.68164 0.23125 1.1715
0.68164 0.23125 1.1715
0.68164 0.23125 1.1715
0.68164 0.23125 1.1715
0.68164 0.23125 1.1715
0.68164 0.23125 1.1715
0.68164 0.23125 1.1715
0.68164 0.23125 1.1715
0.68164 0.23125 1.1715
0.68164 0.23125 1.1715
0.68164 0.23125 1.1715
0.68164 0.23125 1.1715
0.68164 0.23125 1.1715
0.68164 0.23125 1.1715
0.68164 0.23125 1.1715
0.68164 0.23125 1.1715
0.68164 0.23125 1.1715
0.68164 0.23125 1.1715
0.68164 0.23125 1.1715
0.68164 0.23125 1.1715
0.68164 0.23125 1.1715
0.68164 0.23125 1.1715
0.68164 0.23125 1.1715
0.68164 0.23125 1.1715
0.68164 0.23125 1.1715
0.68164 0.23125 1.1715
0.68164 0.23125 1.1715
0.68164 0.23125 1.1715
0.68164 0.23125 1.1715
0.68164 0.23125 1.1715
0.68164 0.23125 1.1715
0.68164 0.23125 1.1715
0.68941 0.23584 1.1715
0.70076 0.24256 1.1715
0.72036 0.25416 1.1715
0.74507 0.26878 1.1715
0.76977 0.2834 1.1715
0.79447 0.29801 1.1715
0.81917 0.31263 1.1715
0.84387 0.32725 1.1715
0.86491 0.3397 1.1715
0.88094 0.34919 1.1715
0.89127 0.3553 1.1715
0.89127 0.3553 1.1715
0.89127 0.3553 1.1715
0.89127 0.3553 1.1715
0.89127 0.3553 1.1715
0.89127 0.3553 1.1715
0.89127 0.3553 1.1715
0.89127 0.3553 1.1715
0.89127 0.3553 1.1715
0.89127 0.3553 1.1715
0.89127 0.3553 1.1715
0.89127 0.3553 1.1715
0.89127 0.3553 1.1715
0.89127 0.3553 1.1715
0.89127 0.3553 1.1715
0.89127 0.3553 1.1715
0.89127 0.3553 1.1715
0.89127 0.3553 1.1715
0.89127 0.3553 1.1715
0.89127 0.3553 1.1715
0.89127 0.3553 1.1715
0.89127 0.3553 1.1715
0.89127 0.3553 1.1715
0.89127 0.3553 1.1715
0.89127 0.3553 1.1715
0.89127 0.3553 1.1715
0.89127 0.3553 1.1715
0.89127 0.3553 1.1715
0.89127 0.3553 1.1715
0.89127 0.3553 1.1715
0.89127 0.3553 1.1715
0.89127 0.3553 1.1715
0.89127 0.3553 1.1715
0.89814 0.35936 1.1702
0.92083 0.3728 1.1661
0.94401 0.38651 1.1619
0.96871 0.40113 1.1575
0.99341 0.41574 1.153
1.0181 0.43036 1.1485
1.0428 0.44498 1.144
1.0675 0.4596 1.1396
1.093 0.47468 1.135
1.1377 0.50115 1.1269
1.1825 0.52762 1.1188
1.2317 0.55678 1.1098
1.2811 0.58602 1.1009
1.3305 0.61525 1.0919
1.3799 0.64449 1.083
1.4293 0.67372 1.0741
1.4787 0.70296 1.0651
1.5147 0.71624 1.0513
1.5467 0.72493 1.0361
1.5735 0.72745 1.0189
1.5982 0.72745 1.0011
1.6229 0.72745 0.98316
1.6476 0.72745 0.96527
1.6723 0.72745 0.94738
1.697 0.72745 0.92949
1.7142 0.73191 0.91434
1.7242 0.7406 0.90176
1.7298 0.75194 0.89082
1.7298 0.76656 0.88187
1.7298 0.78118 0.87293
1.7298 0.7958 0.86398
1.7298 0.81041 0.85504
1.7298 0.82503 0.84609
1.7177 0.8432 0.83661
1.6697 0.87204 0.82549
1.6123 0.90365 0.81394
1.5135 0.9475 0.80053
1.4147 0.99135 0.78711
1.3158 1.0352 0.77369
1.217 1.0791 0.76028
1.1182 1.1229 0.74686
1.0194 1.1668 0.73344
0.89297 1.2106 0.71335
0.76613 1.2545 0.69316
0.59686 1.2983 0.66273
0.42396 1.3422 0.63143
0.25105 1.386 0.60012
0.078149 1.4299 0.56882
-0.094756 1.4737 0.53751
-0.26766 1.5176 0.50621
-0.40675 1.5586 0.47228
-0.53292 1.5985 0.43734
-0.57608 1.6314 0.39597
-0.57608 1.6606 0.35125
-0.57608 1.6898 0.30653
-0.57608 1.7191 0.26181
-0.57608 1.7483 0.21708
-0.57608 1.7775 0.17236
-0.57055 1.8024 0.12864
-0.55853 1.8222 0.086095
-0.52201 1.8226 0.047985
-0.44791 1.7933 0.01668
-0.37381 1.7641 -0.014626
-0.2997 1.7349 -0.045931
-0.2256 1.7056 -0.077237
-0.1515 1.6764 -0.10854
-0.077398 1.6469 -0.13975
-0.0032964 1.616 -0.17057
0.070806 1.5816 -0.20028
0.14491 1.5231 -0.22264
0.21901 1.4646 -0.24501
0.29311 1.4062 -0.26737
0.36721 1.3477 -0.28973
0.44131 1.2892 -0.31209
0.51542 1.2308 -0.33445
0.58952 1.1723 -0.35681
0.66362 1.1138 -0.37917
0.67685 1.0674 -0.39786
0.68085 1.0227 -0.41599
0.68164 0.97871 -0.43393
0.68164 0.93486 -0.45181
0.68164 0.89101 -0.4697
0.68164 0.84716 -0.48759
0.68164 0.8033 -0.50548
0.68164 0.75945 -0.52337
0.66912 0.72301 -0.53219
0.64842 0.69141 -0.53509
0.62557 0.66108 -0.53642
0.60087 0.63184 -0.53642
0.57617 0.60261 -0.53642
0.55147 0.57337 -0.53642
0.52677 0.54414 -0.53642
0.50206 0.51491 -0.53642
0.46503 0.48932 -0.53531
0.40428 0.47075 -0.53204
0.33984 0.45328 -0.52845
0.26574 0.43866 -0.52397
0.19164 0.42404 -0.5195
0.11754 0.40942 -0.51503
0.043434 0.39481 -0.51056
-0.030668 0.38019 -0.50609
-0.10477 0.36485 -0.50205
-0.17887 0.34115 -0.50314
-0.25297 0.31737 -0.50427
-0.32707 0.28814 -0.50874
-0.40118 0.2589 -0.51322
-0.47528 0.22967 -0.51769
-0.54938 0.20043 -0.52216
-0.62348 0.1712 -0.52663
-0.69758 0.14196 -0.53111
-0.77169 0.12498 -0.53933
-0.84579 0.11075 -0.54839
-0.91989 0.1072 -0.56072
-0.99399 0.1072 -0.57414
-1.0681 0.1072 -0.58755
-1.1422 0.1072 -0.60097
-1.2163 0.1072 -0.61439
-1.2904 0.1072 -0.6278
-1.3479 0.10392 -0.64222
-1.392 0.097997 -0.65745
-1.4146 0.08784 -0.67397
-1.4146 0.073222 -0.69186
-1.4146 0.058605 -0.70975
-1.4146 0.043988 -0.72764
-1.4146 0.02937 -0.74553
-1.4146 0.014753 -0.76342
-1.4124 -0.0023806 -0.78169
-1.4051 -0.025689 -0.80091
-1.3939 -0.053594 -0.82083
-1.3692 -0.097446 -0.84319
-1.3445 -0.1413 -0.86555
-1.3198 -0.18515 -0.88792
-1.2951 -0.229 -0.91028
-1.2704 -0.27285 -0.93264
-1.2455 -0.31663 -0.95493
-1.2162 -0.35772 -0.97476
-1.1868 -0.39881 -0.99458
-1.1382 -0.42851 -1.004
-1.0888 -0.45775 -1.0129
-1.0394 -0.48698 -1.0218
-0.98999 -0.51621 -1.0308
-0.94058 -0.54545 -1.0397
-0.89118 -0.57468 -1.0487
-0.84178 -0.60392 -1.0573
-0.79238 -0.63315 -1.0659
-0.74298 -0.66239 -1.0716
-0.69358 -0.69162 -1.0761
-0.64418 -0.72086 -1.0806
-0.59478 -0.75009 -1.0851
-0.54537 -0.77933 -1.0895
-0.49597 -0.80856 -1.094
-0.44657 -0.8378 -1.0985
-0.39717 -0.86703 -1.1029
-0.37908 -0.89009 -1.1074
-0.40177 -0.9051 -1.1119
-0.42521 -0.91997 -1.1164
-0.44991 -0.93459 -1.1208
-0.47461 -0.94921 -1.1253
-0.49931 -0.96382 -1.1298
-0.52401 -0.97844 -1.1343
-0.54871 -0.99306 -1.1387
-0.57341 -1.0077 -1.1425
-0.59811 -1.0223 -1.1431
-0.62281 -1.0369 -1.1437
-0.64752 -1.0515 -1.1437
-0.67222 -1.0661 -1.1437
-0.69692 -1.0808 -1.1437
-0.72162 -1.0954 -1.1437
-0.74632 -1.11 -1.1437
-0.77102 -1.1246 -1.1437
-0.77875 -1.1392 -1.1406
-0.78476 -1.1539 -1.1372
-0.78571 -1.1685 -1.1329
-0.78571 -1.1831 -1.1284
-0.78571 -1.1977 -1.124
-0.78571 -1.2123 -1.1195
-0.78571 -1.2269 -1.115
-0.78571 -1.2416 -1.1106
-0.79604 -1.2623 -1.1117
-0.81206 -1.2864 -1.1159
-0.8331 -1.3135 -1.1229
-0.8578 -1.3427 -1.1318
-0.8825 -1.3719 -1.1408
-0.90721 -1.4012 -1.1497
-0.93191 -1.4304 -1.1587
-0.95661 -1.4596 -1.1676
-0.98131 -1.4859 -1.1766
-1.006 -1.5072 -1.1855
-1.0307 -1.5264 -1.1944
-1.0554 -1.541 -1.2034
-1.0801 -1.5556 -1.2123
-1.1048 -1.5702 -1.2213
-1.1295 -1.5849 -1.2302
-1.1542 -1.5995 -1.2392
-1.1789 -1.6141 -1.2479
-1.2036 -1.6287 -1.2549
-1.2283 -1.6433 -1.2618
-1.253 -1.658 -1.2662
-1.2777 -1.6726 -1.2707
-1.3024 -1.6872 -1.2752
-1.3271 -1.7018 -1.2797
-1.3518 -1.7164 -1.2841
-1.3765 -1.731 -1.2886
-1.3944 -1.7375 -1.2906
-1.4111 -1.7427 -1.2922
-1.4146 -1.7322 -1.289
-1.4146 -1.7176 -1.2845
-1.4146 -1.703 -1.28
-1.4146 -1.6884 -1.2755
-1.4146 -1.6738 -1.2711
-1.4146 -1.6591 -1.2666
-1.4177 -1.6501 -1.2616
-1.4231 -1.645 -1.2561
-1.4386 -1.658 -1.2488
-1.4633 -1.6872 -1.2399
-1.488 -1.7164 -1.2309
-1.5127 -1.7457 -1.222
-1.5374 -1.7749 -1.2131
-1.5621 -1.8041 -1.2041
-1.5868 -1.8339 -1.1955
-1.6115 -1.8647 -1.1875
-1.6362 -1.8989 -1.1816
-1.6609 -1.9428 -1.1816
-1.6856 -1.9866 -1.1816
-1.7103 -2.0305 -1.1816
-1.735 -2.0744 -1.1816
-1.7597 -2.1182 -1.1816
-1.7844 -2.1621 -1.1816
-1.8091 -2.2059 -1.1816
-1.8338 -2.2498 -1.1816
