0.89899 0.81305 1.0552
0.89899 0.81305 1.0552
0.89899 0.81305 1.0552
0.89899 0.81305 1.0552
0.89899 0.81305 1.0552
0.89899 0.81305 1.0552
0.89899 0.81305 1.0552
0.89899 0.81305 1.0552
0.89899 0.81305 1.0552
0.89899 0.81305 1.0552
0.89899 0.81305 1.0552
0.89899 0.81305 1.0552
0.89899 0.81305 1.0552
0.89899 0.81305 1.0552
0.89899 0.81305 1.0552
0.89899 0.81305 1.0552
0.89899 0.81305 1.0552
0.89899 0.81305 1.0552
0.89899 0.81305 1.0552
0.89899 0.81305 1.0552
0.89899 0.81305 1.0552
0.89899 0.81305 1.0552
0.89899 0.81305 1.0552
0.89899 0.81305 1.0552
0.89899 0.81305 1.0552
0.89899 0.81305 1.0552
0.89899 0.81305 1.0552
0.89899 0.81305 1.0552
0.89899 0.81305 1.0552
0.89899 0.81305 1.0552
0.89899 0.81305 1.0552
0.89899 0.81305 1.0552
0.89899 0.81305 1.0552
0.89899 0.81305 1.0552
0.89899 0.81305 1.0552
0.89899 0.81305 1.0552
0.89899 0.81305 1.0552
0.89899 0.81305 1.0552
0.89899 0.81305 1.0552
0.89899 0.81305 1.0552
0.89899 0.81305 1.0552
0.89899 0.81305 1.0552
0.89899 0.81305 1.0552
0.89899 0.81305 1.0552
0.89899 0.81305 1.0552
0.89899 0.81305 1.0552
0.89899 0.81305 1.0552
0.89899 0.81305 1.0552
0.89899 0.81305 1.0552
0.89899 0.81305 1.0552
0.89899 0.81305 1.0552
0.89899 0.81305 1.0552
0.89899 0.81305 1.0552
0.89899 0.81305 1.0552
0.89899 0.81305 1.0552
0.89899 0.81305 1.0552
0.89899 0.81305 1.0552
0.89899 0.81305 1.0552
0.89899 0.81305 1.0552
0.89899 0.81305 1.0552
0.89899 0.81305 1.0552
0.89899 0.81305 1.0552
0.89899 0.81305 1.0552
0.89899 0.81305 1.0552
0.89899 0.81305 1.0552
0.89899 0.81305 1.0552
0.89899 0.81305 1.0552
0.89899 0.81305 1.0552
0.89899 0.81305 1.0552
0.89899 0.81305 1.0552
0.89899 0.81305 1.0552
0.89899 0.81305 1.0552
0.89899 0.81305 1.0552
0.89899 0.81305 1.0552
0.89899 0.81305 1.0552
0.89899 0.81305 1.0552
0.89899 0.81305 1.0552
0.89899 0.81305 1.0552
0.89899 0.81305 1.0552
0.89899 0.81305 1.0552
0.89899 0.81305 1.0552
0.89899 0.81305 1.0552
0.89899 0.81305 1.0552
0.89899 0.81305 1.0552
0.89899 0.81305 1.0552
0.89899 0.81305 1.0552
0.89899 0.81305 1.0552
0.89899 0.81305 1.0552
0.89899 0.81305 1.0552
0.89899 0.81305 1.0552
0.89899 0.81305 1.0552
0.89899 0.81305 1.0552
0.89899 0.81305 1.0552
0.89899 0.81305 1.0552
0.89899 0.81305 1.0552
0.89899 0.81305 1.0552
0.89899 0.81305 1.0552
0.89899 0.81305 1.0552
0.89899 0.81305 1.0552
0.89899 0.81305 1.0552
0.89899 0.81305 1.0552
0.89899 0.81305 1.0552
0.89899 0.81305 1.0552
0.89899 0.81305 1.0552
0.89899 0.81305 1.0552
0.89899 0.81305 1.0552
0.89899 0.81305 1.0552
0.89899 0.81305 1.0552
0.89899 0.81305 1.0552
0.89899 0.81305 1.0552
0.8985 0.8129 1.0551
0.89635 0.81224 1.0545
0.8942 0.81159 1.054
0.87317 0.8052 1.0483
0.84305 0.79604 1.0401
0.81293 0.78689 1.0319
0.78281 0.77773 1.0238
0.75269 0.76857 1.0156
0.72256 0.75942 1.0075
0.69244 0.75026 0.99932
0.66232 0.74111 0.99117
0.6322 0.73195 0.98301
0.60208 0.7228 0.97486
0.57827 0.7194 0.96243
0.56177 0.72267 0.94505
0.54528 0.72594 0.92767
0.53466 0.73457 0.90631
0.52462 0.74372 0.88456
0.51458 0.75288 0.86281
0.50454 0.76204 0.84106
0.4945 0.77119 0.81931
0.48446 0.78035 0.79756
0.47442 0.7895 0.77581
0.4651 0.798 0.75367
0.45793 0.80454 0.73037
0.45076 0.81108 0.70707
0.4486 0.81305 0.68105
0.4486 0.81305 0.65386
0.4486 0.81305 0.62668
0.4486 0.81305 0.59949
0.4486 0.81305 0.57231
0.4486 0.81305 0.54512
0.4486 0.81305 0.51793
0.4486 0.81305 0.49075
0.4486 0.81305 0.46356
0.4486 0.81305 0.43637
0.45297 0.80906 0.408
0.46194 0.80088 0.37839
0.4709 0.79271 0.34878
0.48087 0.78362 0.31889
0.49091 0.77446 0.28899
0.50095 0.7653 0.25908
0.51099 0.75615 0.22918
0.52103 0.74699 0.19927
0.53107 0.73784 0.16937
0.54111 0.72868 0.13946
0.54838 0.71953 0.11068
0.54838 0.71037 0.084858
0.54838 0.70121 0.059031
0.54111 0.69206 0.036155
0.53107 0.6829 0.014406
0.52103 0.67375 -0.0073432
0.51099 0.66459 -0.029092
0.50095 0.65544 -0.050841
0.49091 0.64628 -0.07259
0.48087 0.63713 -0.094339
0.47069 0.62791 -0.11607
0.4585 0.61777 -0.13753
0.44631 0.60763 -0.15898
0.42493 0.59331 -0.1792
0.39481 0.575 -0.19823
0.36469 0.55669 -0.21726
0.33456 0.53837 -0.23629
0.30444 0.52006 -0.25532
0.27432 0.50175 -0.27435
0.2442 0.48344 -0.29338
0.21408 0.46513 -0.31241
0.18396 0.44682 -0.33144
0.15383 0.42851 -0.35047
0.12155 0.41216 -0.3695
0.08426 0.40039 -0.38853
0.046966 0.38862 -0.40756
0.0075269 0.3788 -0.42659
-0.032636 0.36965 -0.44562
-0.072798 0.36049 -0.46465
-0.11296 0.35134 -0.48368
-0.15312 0.34218 -0.50271
-0.19329 0.33302 -0.52175
-0.23345 0.32387 -0.54078
-0.2739 0.31392 -0.56004
-0.31729 0.29594 -0.58169
-0.36068 0.27795 -0.60334
-0.40773 0.24997 -0.62797
-0.45793 0.21335 -0.65515
-0.50813 0.17672 -0.68234
-0.55833 0.1401 -0.70952
-0.60854 0.10348 -0.73671
-0.65874 0.066855 -0.7639
-0.70894 0.030232 -0.79108
-0.75915 -0.0063909 -0.81827
-0.80935 -0.043014 -0.84546
-0.85955 -0.079637 -0.87264
-0.90369 -0.11626 -0.89901
-0.93525 -0.15288 -0.92367
-0.96681 -0.18951 -0.94833
-0.99725 -0.22613 -0.97284
-1.0274 -0.26275 -0.99731
-1.0575 -0.29937 -1.0218
-1.0876 -0.336 -1.0462
-1.1177 -0.37262 -1.0707
-1.1479 -0.40924 -1.0952
-1.178 -0.44587 -1.1196
-1.2081 -0.48305 -1.1433
-1.2382 -0.52457 -1.1605
-1.2684 -0.5661 -1.1777
-1.2985 -0.61001 -1.1913
-1.3286 -0.65579 -1.2022
-1.3587 -0.70157 -1.2131
-1.3888 -0.74735 -1.2239
-1.419 -0.79313 -1.2348
-1.4491 -0.83891 -1.2457
-1.4792 -0.88469 -1.2565
-1.5093 -0.93046 -1.2674
-1.5394 -0.97506 -1.2769
-1.5696 -1.0195 -1.2862
-1.5997 -1.0613 -1.2923
-1.6298 -1.0979 -1.2923
-1.6599 -1.1345 -1.2923
-1.6901 -1.1711 -1.2923
-1.7202 -1.2078 -1.2923
-1.7503 -1.2444 -1.2923
-1.7804 -1.281 -1.2923
-1.8105 -1.3176 -1.2923
-1.8407 -1.3542 -1.2923
-1.8708 -1.3909 -1.2923
-1.8978 -1.4256 -1.2917
-1.9053 -1.4485 -1.2876
-1.9128 -1.4714 -1.2836
-1.916 -1.4916 -1.2787
-1.916 -1.5099 -1.2732
-1.916 -1.5282 -1.2678
-1.916 -1.5465 -1.2624
-1.916 -1.5648 -1.2569
-1.916 -1.5831 -1.2515
-1.916 -1.6014 -1.2461
-1.916 -1.6198 -1.2406
-1.9126 -1.629 -1.2352
-1.9091 -1.6375 -1.2298
-1.9031 -1.6394 -1.2243
-1.893 -1.6302 -1.2189
-1.883 -1.6211 -1.2134
-1.8729 -1.6119 -1.208
-1.8629 -1.6028 -1.2026
-1.8529 -1.5936 -1.1971
-1.8428 -1.5844 -1.1917
-1.8328 -1.5753 -1.1863
-1.8227 -1.5661 -1.1808
-1.8127 -1.557 -1.1754
-1.7995 -1.5493 -1.1721
-1.7701 -1.5489 -1.1797
-1.7407 -1.5486 -1.1874
-1.7109 -1.5485 -1.1954
-1.6807 -1.5485 -1.2035
-1.6506 -1.5485 -1.2117
-1.6205 -1.5485 -1.2198
-1.5904 -1.5485 -1.228
-1.5602 -1.5485 -1.2362
-1.5301 -1.5485 -1.2443
-1.5 -1.5485 -1.2525
-1.459 -1.5485 -1.2518
-1.4174 -1.5485 -1.2506
-1.3723 -1.5485 -1.2466
-1.3221 -1.5485 -1.2385
-1.2719 -1.5485 -1.2303
-1.2217 -1.5485 -1.2222
-1.1715 -1.5485 -1.214
-1.1213 -1.5485 -1.2059
-1.0711 -1.5485 -1.1977
-1.0209 -1.5485 -1.1896
-0.96939 -1.5473 -1.1825
-0.9174 -1.5456 -1.1758
-0.86386 -1.5426 -1.1703
-0.80361 -1.5334 -1.1703
-0.74337 -1.5243 -1.1703
-0.68313 -1.5151 -1.1703
-0.62288 -1.506 -1.1703
-0.56264 -1.4968 -1.1703
-0.50239 -1.4877 -1.1703
-0.44215 -1.4785 -1.1703
-0.38191 -1.4693 -1.1703
-0.32166 -1.4602 -1.1703
-0.26142 -1.451 -1.1703
-0.22426 -1.4419 -1.162
-0.18769 -1.4327 -1.1535
-0.15384 -1.4236 -1.1439
-0.12372 -1.4144 -1.133
-0.093597 -1.4053 -1.1222
-0.063475 -1.3961 -1.1113
-0.033353 -1.3869 -1.1004
-0.0032309 -1.3778 -1.0895
0.026891 -1.3686 -1.0787
0.057013 -1.3595 -1.0678
0.081106 -1.3531 -1.0553
0.10334 -1.3475 -1.0423
0.12299 -1.3431 -1.0286
0.13303 -1.3431 -1.0123
0.14308 -1.3431 -0.99595
0.15312 -1.3431 -0.97964
0.16316 -1.3431 -0.96333
0.1732 -1.3431 -0.94702
0.18324 -1.3431 -0.9307
0.19328 -1.3431 -0.91439
0.20332 -1.3431 -0.89808
0.21336 -1.3431 -0.88177
0.2234 -1.3431 -0.86546
