0.56878 0.84215 1.0335
0.56878 0.84215 1.0335
0.56878 0.84215 1.0335
0.56878 0.84215 1.0335
0.56878 0.84215 1.0335
0.56878 0.84215 1.0335
0.56878 0.84215 1.0335
0.56878 0.84215 1.0335
0.56878 0.84215 1.0335
0.56878 0.84215 1.0335
0.56878 0.84215 1.0335
0.56878 0.84215 1.0335
0.56878 0.84215 1.0335
0.56878 0.84215 1.0335
0.56878 0.84215 1.0335
0.56878 0.84215 1.0335
0.56878 0.84215 1.0335
0.56878 0.84215 1.0335
0.56878 0.84215 1.0335
0.56878 0.84215 1.0335
0.56878 0.84215 1.0335
0.56878 0.84215 1.0335
0.56878 0.84215 1.0335
0.56878 0.84215 1.0335
0.56878 0.84215 1.0335
0.56878 0.84215 1.0335
0.56878 0.84215 1.0335
0.56878 0.84215 1.0335
0.56878 0.84215 1.0335
0.56878 0.84215 1.0335
0.56878 0.84215 1.0335
0.56878 0.84215 1.0335
0.56878 0.84215 1.0335
0.56878 0.84215 1.0335
0.56878 0.84215 1.0335
0.56878 0.84215 1.0335
0.56878 0.84215 1.0335
0.56878 0.84215 1.0335
0.56878 0.84215 1.0335
0.56878 0.84215 1.0335
0.56878 0.84215 1.0335
0.56878 0.84215 1.0335
0.56878 0.84215 1.0335
0.56878 0.84215 1.0335
0.56878 0.84215 1.0335
0.56878 0.84215 1.0335
0.56878 0.84215 1.0335
0.56878 0.84215 1.0335
0.56878 0.84215 1.0335
0.56878 0.84215 1.0335
0.56878 0.84215 1.0335
0.56878 0.84215 1.0335
0.56878 0.84215 1.0335
0.56878 0.84215 1.0335
0.56878 0.84215 1.0335
0.56878 0.84215 1.0335
0.56878 0.84215 1.0335
0.56878 0.84215 1.0335
0.56878 0.84215 1.0335
0.56878 0.84215 1.0335
0.56878 0.84215 1.0335
0.56878 0.84215 1.0335
0.56878 0.84215 1.0335
0.56878 0.84215 1.0335
0.56878 0.84215 1.0335
0.56878 0.84215 1.0335
0.56878 0.84215 1.0335
0.56878 0.84215 1.0335
0.56878 0.84215 1.0335
0.56878 0.84215 1.0335
0.56878 0.84215 1.0335
0.56878 0.84215 1.0335
0.56878 0.84215 1.0335
0.56878 0.84215 1.0335
0.56878 0.84215 1.0335
0.61547 0.85139 1.0335
0.66969 0.86212 1.0335
0.7523 0.87846 1.0335
0.84823 0.89744 1.0335
0.94416 0.91642 1.0335
1.0401 0.93539 1.0335
1.1183 0.95174 1.032
1.1586 0.96246 1.0273
1.1889 0.9717 1.0218
1.1569 0.9717 1.0111
1.1249 0.9717 1.0003
1.0929 0.9717 0.98962
1.061 0.9717 0.97889
1.029 0.96721 0.96562
0.997 0.96143 0.95162
0.96502 0.94777 0.93317
0.93304 0.92879 0.91171
0.90106 0.90981 0.89025
0.86909 0.89084 0.86879
0.8358 0.87108 0.84734
0.79826 0.8488 0.82588
0.75925 0.82565 0.80442
0.6953 0.78769 0.78296
0.63134 0.74974 0.7615
0.56738 0.71178 0.74004
0.50343 0.67382 0.71858
0.44044 0.63644 0.69744
0.37788 0.59931 0.67645
0.33103 0.57151 0.66073
0.29905 0.55253 0.65
0.26707 0.53355 0.63927
0.2351 0.51457 0.62855
0.20312 0.49559 0.61782
0.17114 0.47662 0.60709
0.13916 0.45764 0.59636
0.16396 0.45551 0.60468
0.19037 0.45386 0.61354
0.22119 0.45351 0.62388
0.25317 0.45351 0.63461
0.28515 0.45351 0.64534
0.31713 0.45351 0.65607
0.3491 0.45991 0.66318
0.38108 0.47476 0.66552
0.41306 0.49064 0.66726
0.44504 0.50962 0.66726
0.47701 0.5286 0.66726
0.50899 0.54758 0.66726
0.54097 0.56656 0.66726
0.59148 0.58553 0.66726
0.64432 0.60451 0.66726
0.70503 0.62349 0.66726
0.76898 0.64247 0.66726
0.83294 0.66145 0.66726
0.89689 0.68043 0.66726
0.95505 0.6994 0.66726
1.0023 0.71838 0.66726
1.047 0.73736 0.66726
1.079 0.75634 0.66726
1.111 0.77532 0.66726
1.143 0.79429 0.66726
1.175 0.81327 0.66726
1.1969 0.82627 0.66388
1.2163 0.83782 0.65968
1.2236 0.84215 0.6514
1.2236 0.84215 0.64067
1.2236 0.84215 0.62994
1.2236 0.84215 0.61921
1.2258 0.84215 0.60922
1.2342 0.84215 0.60129
1.2445 0.84215 0.59402
1.2765 0.84215 0.59402
1.3084 0.84215 0.59402
1.3404 0.84215 0.59402
1.3724 0.84215 0.59402
1.4013 0.84215 0.59301
1.4292 0.84215 0.59161
1.4419 0.84215 0.58516
1.4419 0.84215 0.57443
1.4419 0.84215 0.5637
1.4419 0.84215 0.55297
1.4419 0.84215 0.54224
1.4419 0.84215 0.53151
1.4419 0.84215 0.52078
1.4099 0.84215 0.49932
1.3779 0.84215 0.47786
1.346 0.84215 0.45641
1.314 0.84215 0.43495
1.282 0.84215 0.41349
1.25 0.84215 0.39203
1.2053 0.82703 0.37484
1.1455 0.79402 0.36272
1.0846 0.75964 0.35098
1.0206 0.72168 0.34025
0.95668 0.68373 0.32952
0.89272 0.64577 0.31879
0.82877 0.60781 0.30806
0.74315 0.56986 0.29006
0.65555 0.5319 0.2714
0.56182 0.49394 0.25068
0.46589 0.45599 0.22922
0.36996 0.41803 0.20776
0.27403 0.38008 0.1863
0.19269 0.34212 0.16239
0.13569 0.30416 0.1344
0.083551 0.26621 0.10559
0.051573 0.22825 0.073406
0.019596 0.19029 0.041217
-0.012382 0.15234 0.0090287
-0.044359 0.11438 -0.02316
-0.076337 0.091552 -0.051072
-0.10831 0.071748 -0.07813
-0.14029 0.064872 -0.10153
-0.17227 0.064872 -0.12299
-0.20425 0.064872 -0.14445
-0.23622 0.064872 -0.16591
-0.26171 0.064872 -0.18737
-0.27145 0.064872 -0.20883
-0.27654 0.064872 -0.23029
-0.24457 0.064872 -0.25175
-0.21259 0.064872 -0.27321
-0.18061 0.064872 -0.29466
-0.14863 0.064872 -0.31612
-0.12187 0.061778 -0.33933
-0.096844 0.057652 -0.36312
-0.086069 0.045069 -0.3917
-0.086069 0.026091 -0.42389
-0.086069 0.0071125 -0.45608
-0.086069 -0.011866 -0.48826
-0.086649 -0.031188 -0.52045
-0.089429 -0.051816 -0.55264
-0.093021 -0.072926 -0.58483
-0.125 -0.11088 -0.61702
-0.15698 -0.14884 -0.64921
-0.18895 -0.1868 -0.6814
-0.22093 -0.22475 -0.71358
-0.25291 -0.26271 -0.74577
-0.28489 -0.30066 -0.77796
-0.33173 -0.34745 -0.81514
-0.3943 -0.40355 -0.85759
-0.45729 -0.45992 -0.90019
-0.52124 -0.51685 -0.9431
-0.5852 -0.57379 -0.98602
-0.64915 -0.63072 -1.0289
-0.71311 -0.68765 -1.0719
-0.80201 -0.7594 -1.098
-0.89238 -0.83201 -1.1232
-0.987 -0.90714 -1.1456
-1.0829 -0.98305 -1.167
-1.1789 -1.059 -1.1885
-1.2748 -1.1349 -1.2099
-1.3797 -1.2108 -1.2374
-1.4979 -1.2867 -1.2738
-1.6182 -1.3626 -1.3116
-1.7461 -1.4385 -1.3546
-1.874 -1.5144 -1.3975
-2.0019 -1.5904 -1.4404
-2.1299 -1.6663 -1.4833
-2.1955 -1.7145 -1.5106
-2.2511 -1.7582 -1.5353
-2.2689 -1.7851 -1.5505
-2.2689 -1.8041 -1.5612
-2.2689 -1.823 -1.572
-2.2689 -1.842 -1.5827
-2.2644 -1.8584 -1.5904
-2.2505 -1.8691 -1.5918
-2.2341 -1.8783 -1.5915
-2.2021 -1.8783 -1.5808
-2.1702 -1.8783 -1.5701
-2.1382 -1.8783 -1.5594
-2.1062 -1.8783 -1.5486
-2.0742 -1.8738 -1.5404
-2.0423 -1.8681 -1.533
-2.0103 -1.8544 -1.53
-1.9783 -1.8354 -1.53
-1.9463 -1.8164 -1.53
-1.9144 -1.7975 -1.53
-1.8824 -1.7785 -1.53
-1.8504 -1.7595 -1.53
-1.8184 -1.7405 -1.53
-1.7864 -1.7216 -1.53
-1.7545 -1.7026 -1.53
-1.7225 -1.6836 -1.53
-1.6905 -1.6646 -1.53
-1.6576 -1.6456 -1.5296
-1.6242 -1.6267 -1.5292
-1.5751 -1.6077 -1.5234
-1.5112 -1.5887 -1.5127
-1.4472 -1.5697 -1.502
-1.3832 -1.5507 -1.4912
-1.3193 -1.5318 -1.4805
-1.2553 -1.5128 -1.4698
-1.1914 -1.4938 -1.4591
-1.1558 -1.4748 -1.4579
-1.1211 -1.4559 -1.4569
-1.0885 -1.4369 -1.4567
-1.0565 -1.4179 -1.4567
-1.0245 -1.3989 -1.4567
-0.99256 -1.3799 -1.4567
-0.96059 -1.3674 -1.4495
-0.92861 -1.3632 -1.4327
-0.89663 -1.3601 -1.4147
-0.86465 -1.3601 -1.3933
-0.83268 -1.3601 -1.3718
-0.8007 -1.3601 -1.3504
-0.76872 -1.3601 -1.3289
-0.75528 -1.3491 -1.3137
-0.74416 -1.3368 -1.2992
-0.74091 -1.3197 -1.2874
-0.74091 -1.3007 -1.2767
-0.74091 -1.2818 -1.2659
-0.74091 -1.2628 -1.2552
-0.74671 -1.2472 -1.2464
-0.76339 -1.2382 -1.2413
-0.78262 -1.2306 -1.237
-0.8146 -1.2306 -1.237
-0.84658 -1.2306 -1.237
-0.87856 -1.2306 -1.237
-0.91053 -1.2306 -1.237
-0.93243 -1.2246 -1.2336
-0.9519 -1.2172 -1.2294
-0.9592 -1.2025 -1.2211
-0.9592 -1.1836 -1.2104
-0.9592 -1.1646 -1.1997
-0.9592 -1.1456 -1.189
-0.95699 -1.1279 -1.1767
-0.94865 -1.1139 -1.1604
-0.93834 -1.101 -1.1428
-0.90636 -1.101 -1.1106
-0.87439 -1.101 -1.0784
-0.84241 -1.101 -1.0462
-0.81043 -1.101 -1.014
-0.77544 -1.0993 -0.98081
-0.73929 -1.0968 -0.94723
-0.68808 -1.0854 -0.90858
-0.62413 -1.0664 -0.86566
-0.56017 -1.0474 -0.82275
-0.49622 -1.0284 -0.77983
-0.43226 -1.0095 -0.73691
-0.36831 -0.99048 -0.69399
-0.30435 -0.9715 -0.65107
