-0.072716 0.48433 0.7877
-0.072716 0.48433 0.7877
-0.072716 0.48433 0.7877
-0.072716 0.48433 0.7877
-0.072716 0.48433 0.7877
-0.072716 0.48433 0.7877
-0.072716 0.48433 0.7877
-0.072716 0.48433 0.7877
-0.072716 0.48433 0.7877
-0.072716 0.48433 0.7877
-0.072716 0.48433 0.7877
-0.072716 0.48433 0.7877
-0.072716 0.48433 0.7877
-0.072716 0.48433 0.7877
-0.072716 0.48433 0.7877
-0.072716 0.48433 0.7877
-0.072716 0.48433 0.7877
-0.072716 0.48433 0.7877
-0.072716 0.48433 0.7877
-0.072716 0.48433 0.7877
-0.072716 0.48433 0.7877
-0.072716 0.48433 0.7877
-0.072716 0.48433 0.7877
-0.072716 0.48433 0.7877
-0.072716 0.48433 0.7877
-0.072716 0.48433 0.7877
-0.072716 0.48433 0.7877
-0.072716 0.48433 0.7877
-0.072716 0.48433 0.7877
0.065646 0.48433 0.82717
0.27153 0.48433 0.8859
0.50819 0.48433 0.95342
0.72706 0.48433 1.0159
0.76471 0.48433 1.0266
0.77175 0.48433 1.0286
0.77175 0.48433 1.0286
0.77175 0.48433 1.0286
0.77175 0.48433 1.0286
0.77175 0.48433 1.0286
0.77175 0.48433 1.0286
0.77175 0.48433 1.0286
0.77175 0.48433 1.0286
0.77175 0.48433 1.0286
0.77175 0.48433 1.0286
0.77175 0.48433 1.0286
0.77175 0.48433 1.0286
0.77175 0.48433 1.0286
0.77175 0.48433 1.0286
0.77175 0.48433 1.0286
0.77175 0.48433 1.0286
0.82784 0.49154 1.0465
1.0833 0.52438 1.1282
1.3769 0.56211 1.2219
1.6727 0.60186 1.3165
1.9685 0.65631 1.411
2.2644 0.73236 1.5055
2.5602 0.80842 1.6
2.8425 0.88013 1.6853
3.0981 0.94324 1.7522
3.3348 1.0003 1.8062
3.571 1.0572 1.8601
3.7511 1.1052 1.8948
3.8861 1.1459 1.914
4.0044 1.1839 1.9275
4.0939 1.2196 1.9377
4.0509 1.2447 1.9328
3.9399 1.2643 1.9201
3.8215 1.2833 1.9066
3.6665 1.2964 1.8889
3.4423 1.2984 1.8633
3.2057 1.2984 1.8363
2.9647 1.2971 1.8113
2.6947 1.2863 1.7995
2.3988 1.2673 1.7995
2.103 1.2483 1.7995
1.8072 1.2239 1.7956
1.5113 1.19 1.7851
1.2155 1.152 1.7716
0.92785 1.1152 1.759
0.69118 1.0867 1.7522
0.5055 1.0664 1.7513
0.328 1.0474 1.7513
0.16338 1.0325 1.7513
0.028136 1.0271 1.7513
-0.090197 1.0271 1.7513
-0.20853 1.0271 1.7513
-0.30106 1.0271 1.7454
-0.36452 1.0271 1.7329
-0.42368 1.0271 1.7194
-0.47662 1.0311 1.7045
-0.49495 1.0573 1.6816
-0.49495 1.0953 1.6546
-0.49311 1.1328 1.6264
-0.47429 1.1648 1.5865
-0.42234 1.1861 1.5239
-0.36317 1.2051 1.4564
-0.304 1.2268 1.3889
-0.24484 1.2557 1.3214
-0.18567 1.2937 1.2539
-0.1265 1.3317 1.1863
-0.067337 1.3637 1.1102
-0.0081705 1.387 1.0219
0.050996 1.406 0.92733
0.11016 1.4251 0.83281
0.13571 1.4225 0.75364
0.1384 1.4052 0.6849
0.1384 1.3863 0.61759
0.1384 1.3699 0.55376
0.1384 1.3663 0.50814
0.1384 1.3663 0.46763
0.1384 1.3648 0.42712
0.1384 1.3583 0.38661
0.1384 1.3399 0.3461
0.1384 1.3209 0.3056
0.1384 1.3019 0.27096
0.1384 1.2829 0.24667
0.1384 1.2639 0.23317
0.1384 1.2449 0.21967
0.11315 1.234 0.20617
0.064443 1.2306 0.19266
0.0052765 1.2306 0.17916
-0.05389 1.2306 0.16566
-0.071273 1.2037 0.15216
-0.072716 1.1666 0.13865
-0.074476 1.1298 0.12515
-0.083889 1.0978 0.11165
-0.13861 1.0949 0.098145
-0.19777 1.0949 0.084642
-0.24924 1.09 0.06587
-0.28383 1.0742 0.035541
-0.28383 1.0361 -0.01847
-0.28383 0.99812 -0.07248
-0.28383 0.9658 -0.12244
-0.28383 0.94065 -0.16731
-0.28383 0.92163 -0.20781
-0.28383 0.90262 -0.24832
-0.28383 0.89388 -0.28883
-0.28383 0.89139 -0.32934
-0.28383 0.89139 -0.36985
-0.28383 0.89139 -0.41035
-0.28383 0.87522 -0.4279
-0.28383 0.85638 -0.44166
-0.28724 0.83737 -0.4536
-0.29997 0.81836 -0.4613
-0.35914 0.79934 -0.44779
-0.4183 0.78033 -0.43429
-0.46632 0.76132 -0.42333
-0.49495 0.7423 -0.4168
-0.49495 0.72329 -0.4168
-0.49495 0.70428 -0.4168
-0.49495 0.67786 -0.42205
-0.49495 0.64464 -0.43214
-0.49495 0.60662 -0.44565
-0.49495 0.56859 -0.45915
-0.45592 0.54311 -0.48156
-0.40217 0.52235 -0.50733
-0.343 0.50334 -0.53433
-0.28383 0.48433 -0.56134
-0.28383 0.46531 -0.60185
-0.28383 0.4463 -0.64236
-0.28383 0.42555 -0.68286
-0.28383 0.40006 -0.72337
-0.28383 0.36204 -0.76388
-0.28383 0.32401 -0.80439
-0.26888 0.29079 -0.83466
-0.23274 0.26438 -0.85042
-0.17357 0.24536 -0.85042
-0.1144 0.22635 -0.85042
-0.14113 0.20734 -0.84389
-0.22601 0.18832 -0.83293
-0.34435 0.16931 -0.81943
-0.46268 0.1503 -0.80592
-0.48813 0.13128 -0.78182
-0.49495 0.11227 -0.75559
-0.4955 0.093082 -0.72896
-0.50436 0.071219 -0.70803
-0.56353 0.033193 -0.72153
-0.6227 -0.0048339 -0.73503
-0.6741 -0.040366 -0.75208
-0.70607 -0.069652 -0.778
-0.70607 -0.088665 -0.8185
-0.70607 -0.10768 -0.85901
-0.70607 -0.12055 -0.89952
-0.70607 -0.12626 -0.94003
-0.70607 -0.12626 -0.98054
-0.70607 -0.12626 -1.021
-0.70607 -0.14849 -1.0616
-0.70607 -0.18157 -1.1021
-0.70607 -0.2196 -1.1426
-0.70607 -0.25477 -1.1821
-0.70607 -0.26081 -1.2112
-0.70607 -0.26195 -1.2386
-0.70463 -0.26287 -1.2653
-0.68724 -0.27405 -1.2883
-0.62808 -0.31207 -1.3018
-0.56891 -0.3501 -1.3153
-0.52021 -0.38476 -1.3288
-0.49495 -0.41189 -1.3423
-0.49495 -0.43091 -1.3559
-0.49495 -0.44992 -1.3694
-0.49495 -0.46893 -1.3775
-0.49495 -0.48795 -1.3804
-0.49495 -0.50696 -1.3804
-0.49685 -0.52597 -1.3795
-0.53585 -0.54499 -1.3617
-0.59043 -0.564 -1.3368
-0.64959 -0.58301 -1.3098
-0.68633 -0.60203 -1.2854
-0.64329 -0.62104 -1.27
-0.58505 -0.64005 -1.2564
-0.53126 -0.65993 -1.2429
-0.52319 -0.68715 -1.2294
-0.58236 -0.72518 -1.2159
-0.64152 -0.76321 -1.2024
-0.68718 -0.80123 -1.192
-0.70607 -0.83926 -1.1877
-0.70607 -0.87729 -1.1877
-0.70607 -0.91524 -1.1877
-0.70607 -0.94419 -1.1877
-0.70607 -0.96587 -1.1877
-0.70607 -0.98488 -1.1877
-0.71328 -1.0039 -1.186
-0.75363 -1.0229 -1.1768
-0.81096 -1.0419 -1.1637
-0.87012 -1.0609 -1.1502
-0.91096 -1.0741 -1.1326
-0.91719 -1.0761 -1.107
-0.91719 -1.0761 -1.08
-0.91719 -1.0774 -1.0539
-0.91719 -1.0882 -1.0345
-0.91719 -1.1072 -1.021
-0.91719 -1.1262 -1.0075
-0.91719 -1.1452 -0.99404
-0.91719 -1.1642 -0.98054
-0.91719 -1.1832 -0.96703
-0.91719 -1.2022 -0.95447
-0.91719 -1.2213 -0.94771
-0.91719 -1.2403 -0.94678
-0.91719 -1.2593 -0.94678
-0.91719 -1.2783 -0.94678
-0.91719 -1.2973 -0.94678
-0.91719 -1.3163 -0.94678
-0.91719 -1.3353 -0.94678
-0.91719 -1.3461 -0.94089
-0.91719 -1.3474 -0.92837
-0.91719 -1.3474 -0.91487
-0.91719 -1.3494 -0.90136
-0.91719 -1.3626 -0.88786
-0.91719 -1.3816 -0.87436
-0.91719 -1.4 -0.86044
-0.91719 -1.413 -0.84264
-0.91719 -1.4153 -0.81728
-0.91719 -1.4153 -0.79027
-0.90889 -1.4126 -0.76327
-0.87796 -1.4027 -0.73626
-0.81902 -1.3837 -0.70926
-0.75986 -1.3647 -0.68225
-0.70069 -1.3518 -0.65956
-0.64152 -1.3474 -0.64297
-0.58236 -1.3474 -0.62947
-0.52319 -1.3474 -0.61596
-0.49764 -1.3474 -0.59479
-0.49495 -1.3474 -0.5684
-0.49449 -1.3474 -0.5416
-0.48642 -1.3474 -0.51828
-0.43847 -1.3474 -0.51316
-0.37931 -1.3474 -0.51316
-0.32473 -1.3474 -0.51421
-0.28574 -1.3474 -0.51881
-0.28383 -1.3474 -0.53188
-0.28383 -1.3474 -0.54538
-0.27098 -1.3474 -0.55595
-0.23542 -1.3474 -0.56134
-0.17626 -1.3474 -0.56134
-0.11709 -1.3474 -0.56134
-0.083178 -1.3474 -0.5671
-0.072716 -1.3474 -0.57822
-0.072716 -1.3474 -0.59172
-0.072716 -1.3474 -0.60522
-0.072716 -1.3609 -0.59965
-0.072716 -1.3794 -0.58681
-0.072716 -1.3979 -0.57331
-0.072716 -1.4138 -0.55981
-0.072716 -1.4153 -0.5463
-0.072716 -1.4153 -0.5328
-0.072716 -1.4153 -0.5193
-0.072716 -1.4153 -0.50579
-0.072716 -1.4153 -0.49229
-0.072716 -1.4153 -0.47879
-0.072716 -1.4096 -0.46529
-0.072716 -1.3967 -0.45178
-0.072716 -1.3777 -0.43828
-0.072716 -1.3587 -0.42478
-0.040749 -1.3397 -0.40398
0.010655 -1.3206 -0.37875
0.069822 -1.3016 -0.35174
0.12899 -1.2826 -0.32474
0.087555 -1.2798 -0.30921
0.029481 -1.2796 -0.29558
-0.026275 -1.2796 -0.28364
-0.072716 -1.2796 -0.27594
-0.072716 -1.2796 -0.28944
-0.072716 -1.2796 -0.30295
-0.083867 -1.2832 -0.31645
-0.1144 -1.293 -0.32995
-0.17357 -1.312 -0.34346
-0.23274 -1.331 -0.35696
-0.26888 -1.3426 -0.37571
-0.28383 -1.3474 -0.39931
-0.28383 -1.3474 -0.42631
-0.28383 -1.3474 -0.45332
-0.28383 -1.3474 -0.47142
-0.28383 -1.3474 -0.48615
-0.28383 -1.3474 -0.49966
-0.28383 -1.3474 -0.51316
