0.76396 0.28412 1.5065
0.76396 0.28412 1.5065
0.76396 0.28412 1.5065
0.76396 0.28412 1.5065
0.76396 0.28412 1.5065
0.76396 0.28412 1.5065
0.76396 0.28412 1.5065
0.76396 0.28412 1.5065
0.76396 0.28412 1.5065
0.76035 0.28412 1.5238
0.74033 0.28412 1.6199
0.72011 0.28412 1.7169
0.69962 0.28412 1.8152
0.69249 0.28412 1.8494
0.69249 0.28412 1.8494
0.69249 0.28412 1.8494
0.69249 0.28412 1.8494
0.69249 0.28412 1.8494
0.69249 0.28412 1.8494
0.69249 0.28412 1.8494
0.69249 0.28412 1.8494
0.69249 0.28412 1.8494
0.69249 0.3696 1.9956
0.69249 0.46935 2.1715
0.69249 0.52682 2.3495
0.71058 0.59533 2.5151
0.77021 0.6892 2.6522
0.85194 0.82852 2.7547
0.95254 1.0067 2.8275
1.0614 1.1831 2.8589
1.1725 1.3585 2.8771
1.2642 1.4872 2.7966
1.3397 1.6098 2.6928
1.3654 1.7138 2.5181
1.3423 1.8093 2.3295
1.2669 1.8955 2.1261
1.1592 1.9383 1.9227
1.0388 1.9642 1.7193
1.0036 1.9077 1.5236
0.97836 1.8397 1.3365
0.97836 1.7391 1.1839
0.97836 1.6592 1.0313
0.97836 1.6072 0.87878
0.93038 1.5215 0.77554
0.858 1.4187 0.69739
0.81345 1.3974 0.64111
0.77261 1.3869 0.58226
0.7355 1.3869 0.49116
0.68878 1.3869 0.37634
0.62574 1.3869 0.22128
0.52858 1.3869 0.042936
0.40931 1.3869 -0.1505
0.31383 1.3417 -0.34131
0.22702 1.2824 -0.52981
0.18992 1.1562 -0.69704
0.15282 1.0261 -0.85435
0.11572 0.88723 -0.99007
0.08351 0.7675 -1.1004
0.055286 0.66342 -1.1899
0.049261 0.55934 -1.2402
0.049307 0.45525 -1.2783
0.051356 0.35117 -1.25
0.062462 0.24708 -1.2094
0.099563 0.143 -1.1331
0.10133 0.088477 -1.0932
0.066961 0.084646 -1.0903
0.030597 0.050501 -1.0896
-0.0065033 0.0051641 -1.0896
-0.071536 -0.0074707 -1.1279
-0.13404 -0.023872 -1.1733
-0.18275 -0.059631 -1.2416
-0.2167 -0.10253 -1.3068
-0.23172 -0.15457 -1.368
-0.2492 -0.22426 -1.4049
-0.26786 -0.30248 -1.4302
-0.28943 -0.40424 -1.4325
-0.30809 -0.5059 -1.4313
-0.30809 -0.59338 -1.4232
-0.3113 -0.66733 -1.4084
-0.31973 -0.71937 -1.383
-0.34896 -0.77141 -1.3597
-0.39107 -0.82345 -1.3377
-0.46058 -0.87549 -1.3345
-0.53479 -0.92754 -1.3345
-0.60899 -0.97958 -1.3345
-0.69468 -1.0316 -1.3345
-0.80416 -1.0837 -1.3345
-0.89676 -1.1357 -1.3222
-0.9762 -1.1877 -1.3004
-1.0288 -1.2398 -1.2446
-1.0768 -1.2918 -1.1798
-1.189 -1.3439 -1.1035
-1.3109 -1.3877 -1.0312
-1.4593 -1.4094 -0.96972
-1.6077 -1.446 -0.91994
-1.7561 -1.4971 -0.88156
-1.9155 -1.5567 -0.85279
-2.0787 -1.6193 -0.82736
-2.2526 -1.6519 -0.79431
-2.4178 -1.6945 -0.75732
-2.5503 -1.7762 -0.70646
-2.6566 -1.8212 -0.6542
-2.7308 -1.8212 -0.60023
-2.8034 -1.819 -0.53097
-2.8753 -1.8158 -0.45468
-2.881 -1.7197 -0.3784
-2.87 -1.6233 -0.30587
-2.8004 -1.568 -0.25346
-2.7166 -1.5314 -0.21012
-2.611 -1.5234 -0.18079
-2.5018 -1.4957 -0.15392
-2.3905 -1.4565 -0.12849
-2.3005 -1.436 -0.11764
-2.2129 -1.4142 -0.10846
-2.1175 -1.3548 -0.093956
-2.0108 -1.2887 -0.075767
-1.8817 -1.2096 -0.05034
-1.7416 -1.1344 -0.030544
-1.5932 -1.0622 -0.014944
-1.4271 -0.97665 -0.018022
-1.2542 -0.88954 -0.026316
-1.024 -0.8375 -0.051744
-0.78676 -0.78707 -0.077171
-0.53116 -0.74078 -0.1026
-0.29261 -0.71841 -0.12827
-0.070006 -0.71841 -0.15416
0.1526 -0.71841 -0.19885
0.3752 -0.71841 -0.2497
0.52983 -0.76608 -0.30056
0.68247 -0.81515 -0.35618
0.83087 -0.86719 -0.42825
0.96659 -0.91924 -0.49357
1.0874 -0.97128 -0.55097
1.168 -1.0469 -0.58078
1.2311 -1.1328 -0.59856
1.2313 -1.2085 -0.59976
1.2185 -1.2756 -0.59776
1.1641 -1.3034 -0.58591
1.1073 -1.3199 -0.57241
1.047 -1.3199 -0.5565
1.0083 -1.3105 -0.55537
0.98166 -1.2958 -0.56255
0.966 -1.2571 -0.58148
0.94513 -1.2197 -0.60004
0.87093 -1.2197 -0.60254
0.79681 -1.2197 -0.61307
0.72284 -1.2197 -0.63866
0.67041 -1.2197 -0.67901
0.63331 -1.2197 -0.72986
0.62402 -1.2587 -0.79978
0.62273 -1.3041 -0.87283
0.65323 -1.3134 -0.92821
0.66983 -1.3199 -0.98226
0.65276 -1.3199 -1.0331
0.65012 -1.3024 -1.0668
0.66036 -1.2692 -1.0852
0.67564 -1.2433 -1.1002
0.69249 -1.2197 -1.1141
0.69249 -1.1724 -1.1164
0.69249 -1.1162 -1.1122
0.69249 -1.031 -1.0868
0.68303 -0.96801 -1.0614
0.663 -0.93002 -1.0359
0.6093 -0.92547 -1.0137
0.5417 -0.93473 -0.9928
0.49687 -0.98437 -0.99162
0.44121 -1.0364 -0.99162
0.3299 -1.0885 -0.99162
0.20327 -1.1405 -1.0021
0.0551 -1.1925 -1.0274
-0.071418 -1.1834 -1.0528
-0.18636 -1.1416 -1.0782
-0.29807 -1.0533 -1.0488
-0.40608 -0.96248 -1.0129
-0.49075 -0.89576 -0.98031
-0.54662 -0.8226 -0.94456
-0.55117 -0.73799 -0.90322
-0.50733 -0.65833 -0.85622
-0.43063 -0.58202 -0.80536
-0.35241 -0.545 -0.75451
-0.27668 -0.51913 -0.70365
-0.23958 -0.53733 -0.6528
-0.20538 -0.56173 -0.59996
-0.17783 -0.60036 -0.54255
-0.17178 -0.61351 -0.47042
-0.18407 -0.60489 -0.38571
-0.24012 -0.56557 -0.27537
-0.30809 -0.5179 -0.15891
-0.30809 -0.5179 -0.15891
-0.31709 -0.48002 -0.14657
-0.35351 -0.32677 -0.096655
-0.37431 -0.1945 -0.035355
-0.3784 -0.084664 0.038119
-0.40083 -0.0088124 0.14278
-0.43042 0.053766 0.25962
-0.39219 0.10628 0.3863
-0.33146 0.13393 0.52833
-0.18898 0.058261 0.73347
-0.052908 -0.0054115 0.90863
0.074554 -0.052984 1.0436
0.14558 -0.034519 1.0914
0.18792 0.017523 1.095
0.16969 0.069565 1.0802
0.13926 0.11988 1.0657
0.07416 0.15916 1.0657
0.023664 0.17795 1.0686
-0.002056 0.16198 1.0764
0.013102 0.092553 1.1122
0.054754 -0.011532 1.1661
0.1551 -0.11562 1.2603
0.2664 -0.21573 1.3582
0.3777 -0.26937 1.4106
0.47876 -0.32251 1.4485
0.55752 -0.37455 1.4547
0.63376 -0.40409 1.4245
0.70796 -0.41527 1.3646
0.76194 -0.38928 1.2641
0.80966 -0.35214 1.1519
0.82445 -0.2688 1.0095
0.84031 -0.18696 0.86777
0.8592 -0.10937 0.72815
0.9024 -0.055151 0.6052
0.97045 -0.024819 0.49927
1.0701 -0.01664 0.42708
1.1814 -0.01664 0.36733
1.2927 -0.01664 0.34647
1.4072 -0.0092142 0.32366
1.5342 0.027503 0.28778
1.6967 0.1588 0.15948
1.9047 0.41134 -0.087306
1.9225 0.5638 -0.23629
1.8483 0.66789 -0.338
1.7741 0.72664 -0.39541
1.6952 0.78059 -0.44171
1.5889 0.83264 -0.44857
1.5026 0.86931 -0.4453
1.4487 0.88112 -0.42565
1.3739 0.88564 -0.39172
1.2863 0.88564 -0.34898
1.1971 0.91181 -0.3121
1.109 0.94438 -0.27829
1.0348 0.99642 -0.2655
0.96061 1.0553 -0.25688
0.88641 1.1284 -0.25688
0.79264 1.219 -0.26135
0.68362 1.323 -0.2693
0.52666 1.418 -0.28224
0.35949 1.5092 -0.29499
0.24819 1.5612 -0.26628
0.13689 1.6122 -0.23161
0.02559 1.6604 -0.18075
-0.085712 1.658 -0.1299
-0.19701 1.6059 -0.079043
-0.30831 1.5903 -0.046003
-0.41962 1.5875 -0.019172
-0.49999 1.544 -0.014909
-0.56644 1.5065 -0.011964
-0.58419 1.494 -0.011964
-0.58281 1.5028 -0.019607
-0.558 1.5376 -0.03661
-0.5541 1.5636 -0.039287
-0.55979 1.5857 -0.035387
-0.61099 1.6106 -0.011652
-0.67137 1.6337 0.013775
-0.76013 1.6448 0.039202
-0.85338 1.625 0.061624
-0.95353 1.5573 0.079407
-1.0373 1.4735 0.086001
-1.1115 1.3803 0.086001
-1.1783 1.3175 0.086001
-1.2372 1.2548 0.086001
-1.2372 1.152 0.086001
-1.2372 1.0663 0.086001
-1.2372 1.0143 0.086001
-1.1975 0.96226 0.072414
-1.1283 0.91022 0.048702
-1.0551 0.89356 0.040892
-0.9834 0.88564 0.036163
-0.96473 0.88564 0.017132
-0.94447 0.87604 -0.0036966
-0.92012 0.84188 -0.029124
-0.91082 0.79847 -0.054552
-0.9156 0.74643 -0.079979
-0.94471 0.69439 -0.10541
-0.98181 0.64235 -0.13083
-0.99101 0.60988 -0.13714
-0.98955 0.58151 -0.13614
-0.95245 0.5665 -0.11071
-0.91199 0.53914 -0.087583
-0.86761 0.49731 -0.067147
-0.80245 0.48084 -0.060947
-0.72825 0.47542 -0.060947
-0.65193 0.42711 -0.061529
-0.54457 0.38437 -0.070619
-0.28487 0.38437 -0.12147
-0.094217 0.38437 -0.1534
-0.0052221 0.38437 -0.15746
0.054619 0.35677 -0.15891
0.098092 0.31366 -0.15891
0.11204 0.2963 -0.14251
0.12073 0.28035 -0.12487
0.12073 0.24683 -0.11583
0.12073 0.20685 -0.10993
0.12073 0.15481 -0.10993
0.12073 0.11676 -0.10309
0.12073 0.088664 -0.091395
0.13193 0.083613 -0.076112
0.14633 0.082806 -0.060947
0.17319 0.068438 -0.060947
0.19619 0.045863 -0.060947
0.20985 0.0033991 -0.060947
0.25187 -0.019169 -0.060947
0.31924 -0.023958 -0.060947
0.33514 -0.064851 -0.060947
0.33514 -0.11689 -0.060947
