0.26482 0.12486 2.1845
0.26482 0.12486 2.1845
0.26482 0.12486 2.1845
0.26482 0.12486 2.1845
0.26482 0.12486 2.1845
0.26482 0.12486 2.1845
0.26482 0.12486 2.1845
0.26482 0.12486 2.1845
0.26482 0.12486 2.1845
0.26482 0.12486 2.1845
0.26482 0.12486 2.1845
0.26482 0.12486 2.1845
0.26482 0.12486 2.1845
0.26482 0.12486 2.1845
0.26482 0.12486 2.1845
0.26482 0.12486 2.1845
0.26482 0.12486 2.1845
0.26482 0.12486 2.1845
0.26482 0.12486 2.1845
0.26482 0.12486 2.1845
0.26482 0.12486 2.1845
0.26624 0.12486 2.1855
0.27038 0.12486 2.1885
0.29108 0.12486 2.2034
0.35513 0.12486 2.2495
0.40607 0.13981 2.2956
0.40792 0.21082 2.3418
0.41763 0.27286 2.3762
0.47384 0.2818 2.3413
0.52274 0.29456 2.297
0.48634 0.3519 2.1424
0.45016 0.40945 1.9865
0.43035 0.48257 1.7383
0.41054 0.55569 1.49
0.37326 0.62881 1.2408
0.33502 0.70193 0.99161
0.30247 0.71012 0.77924
0.27068 0.7096 0.57183
0.26482 0.67431 0.39852
0.26482 0.63117 0.23292
0.28002 0.60303 0.098676
0.3003 0.57988 -0.025111
0.34075 0.52255 -0.12029
0.39051 0.44943 -0.20226
0.40436 0.38216 -0.26207
0.39607 0.31851 -0.3082
0.35824 0.28858 -0.35524
0.2965 0.28595 -0.40303
0.26482 0.249 -0.47247
0.26482 0.17588 -0.56473
0.2394 0.10276 -0.65699
0.17905 0.029642 -0.74925
0.11738 -0.043478 -0.8276
0.053336 -0.1166 -0.8807
-0.010708 -0.17373 -0.93178
-0.074752 -0.19161 -0.97791
-0.1388 -0.2055 -1.024
-0.20284 -0.2055 -1.0702
-0.26688 -0.21206 -1.1122
-0.33093 -0.25362 -1.1321
-0.39217 -0.29489 -1.1481
-0.42581 -0.33329 -1.1262
-0.45855 -0.37141 -1.1037
-0.45855 -0.39929 -1.0576
-0.45855 -0.42717 -1.0114
-0.45855 -0.4783 -0.9653
-0.45855 -0.53037 -0.91917
-0.45855 -0.54856 -0.87304
-0.45855 -0.56277 -0.82691
-0.4639 -0.6197 -0.78848
-0.47035 -0.68546 -0.75164
-0.52076 -0.70103 -0.77812
-0.5848 -0.70103 -0.82425
-0.64884 -0.70103 -0.87038
-0.71289 -0.70103 -0.91651
-0.77693 -0.70103 -0.98926
-0.84097 -0.70103 -1.0775
-0.8753 -0.70103 -1.1253
-0.88682 -0.70103 -1.1419
-0.89258 -0.70103 -1.1501
-0.89258 -0.70103 -1.1501
-0.91018 -0.70103 -1.1375
-0.95073 -0.70103 -1.1083
-0.9872 -0.70103 -1.082
-1.0167 -0.70103 -1.0608
-1.0632 -0.7109 -1.0397
-1.1489 -0.74352 -1.0191
-1.2491 -0.78573 -0.99251
-1.3961 -0.85885 -0.94638
-1.5317 -0.93197 -0.90025
-1.6123 -1.0051 -0.85412
-1.698 -1.0769 -0.80879
-1.8261 -1.138 -0.7703
-1.954 -1.1966 -0.73332
-2.0774 -1.1966 -0.73332
-2.2009 -1.1966 -0.73332
-2.2665 -1.1966 -0.73332
-2.3306 -1.1966 -0.73332
-2.3377 -1.1966 -0.69234
-2.3391 -1.1966 -0.64721
-2.387 -1.1966 -0.56686
-2.4437 -1.1966 -0.47991
-2.4668 -1.2415 -0.41718
-2.4801 -1.2994 -0.36143
-2.484 -1.3681 -0.31251
-2.484 -1.4412 -0.26638
-2.484 -1.5143 -0.20228
-2.484 -1.5874 -0.12827
-2.4651 -1.6389 -0.070979
-2.4323 -1.6747 -0.025845
-2.3836 -1.7078 -0.013749
-2.3195 -1.7383 -0.032998
-2.2462 -1.7667 -0.064272
-2.1614 -1.7924 -0.1104
-2.0489 -1.7805 -0.16058
-1.8913 -1.7074 -0.21733
-1.7026 -1.6374 -0.28331
-1.4464 -1.5743 -0.36926
-1.1895 -1.5261 -0.44526
-0.93059 -1.523 -0.49139
-0.66036 -1.5069 -0.53752
-0.34014 -1.4338 -0.58365
-0.04153 -1.3771 -0.62459
0.096234 -1.4429 -0.62691
0.23349 -1.5057 -0.62911
0.36158 -1.5163 -0.62911
0.48966 -1.5268 -0.62911
0.52136 -1.4719 -0.62911
0.55177 -1.4161 -0.62911
0.6331 -1.3894 -0.65754
0.7188 -1.3652 -0.6884
0.7777 -1.3258 -0.70962
0.83207 -1.2837 -0.7292
0.86789 -1.2727 -0.75087
0.89876 -1.2701 -0.77311
0.95364 -1.3017 -0.7867
1.0177 -1.3464 -0.79699
1.0693 -1.3617 -0.77911
1.1144 -1.3617 -0.74659
1.1329 -1.3617 -0.73332
1.1329 -1.3617 -0.73332
1.1292 -1.3617 -0.73594
1.1223 -1.3617 -0.74092
1.0891 -1.3613 -0.76485
1.0251 -1.3602 -0.81098
0.96101 -1.3307 -0.85711
0.89696 -1.2576 -0.90324
0.83292 -1.1845 -0.94937
0.76888 -1.1113 -0.9955
0.70483 -1.0541 -1.0416
0.64079 -1.0415 -1.0878
0.57674 -1.0314 -1.1339
0.5127 -1.0314 -1.18
0.44866 -1.0314 -1.2261
0.38461 -1.0314 -1.2723
0.32057 -1.0314 -1.3167
0.25653 -1.0314 -1.3377
0.19248 -1.0314 -1.3586
0.15746 -1.0645 -1.3586
0.12245 -1.0977 -1.3586
0.098622 -1.1436 -1.3586
0.075585 -1.1904 -1.3586
0.031741 -1.1966 -1.3586
-0.015255 -1.1966 -1.3586
-0.024531 -1.1864 -1.3586
-0.024531 -1.1738 -1.3586
-0.024531 -1.1166 -1.3586
-0.024531 -1.0435 -1.3586
-0.024531 -0.97037 -1.3586
-0.024531 -0.89725 -1.3586
0.013675 -0.86775 -1.331
0.076798 -0.8667 -1.2856
0.14042 -0.79583 -1.262
0.20446 -0.66537 -1.257
0.22005 -0.58276 -1.2369
0.18181 -0.5533 -1.2001
0.15146 -0.51483 -1.1594
0.13257 -0.46328 -1.1133
0.12014 -0.41964 -1.0672
0.12014 -0.39123 -1.0211
0.12931 -0.37068 -0.96172
0.16248 -0.37068 -0.8678
0.19643 -0.37068 -0.76864
0.23329 -0.37068 -0.64983
0.26482 -0.37068 -0.53486
0.26482 -0.37068 -0.4426
0.26362 -0.36931 -0.35034
0.24841 -0.35195 -0.25808
0.23269 -0.33385 -0.16591
0.17786 -0.26073 -0.080289
0.12303 -0.18761 0.0053334
0.11709 -0.11101 0.053542
0.11386 -0.034203 0.099671
0.057022 0.10381 0.1458
-0.0070222 0.25006 0.19193
-0.021075 0.28214 0.23806
-0.02384 0.28846 0.28419
0.016937 0.29003 0.33032
0.072226 0.29003 0.37645
0.13351 0.29003 0.44688
0.19755 0.29003 0.52852
0.28838 0.29003 0.59743
0.39573 0.29003 0.6585
0.47329 0.29003 0.72616
0.52674 0.29003 0.79917
0.56942 0.29003 0.85958
0.60075 0.29003 0.90671
0.63519 0.30222 0.93399
0.67389 0.33115 0.93399
0.69884 0.37578 0.93399
0.69884 0.4489 0.93399
0.69497 0.5176 0.93678
0.68161 0.57547 0.9464
0.65856 0.62039 0.963
0.60189 0.62039 1.0038
0.55439 0.62014 1.0384
0.55577 0.61856 1.0394
0.56292 0.6104 1.0445
0.62697 0.53728 1.0906
0.68945 0.46416 1.1356
0.69405 0.39104 1.139
0.69866 0.31791 1.1423
0.75018 0.30341 1.1424
0.80363 0.29131 1.1424
0.90902 0.29003 1.1118
1.0205 0.29003 1.0776
1.1458 0.32928 1.0336
1.2739 0.37662 0.98742
1.4019 0.44364 0.94129
1.53 0.51676 0.89516
1.6581 0.58988 0.83422
1.7862 0.663 0.76685
1.9143 0.73612 0.67307
2.0424 0.80924 0.56389
2.1507 0.87105 0.45245
2.2437 0.92418 0.33928
2.2845 0.95075 0.25963
2.273 0.95075 0.2135
2.2411 0.95075 0.16737
2.1825 0.95075 0.12124
2.1456 0.95075 0.075113
2.1456 0.95075 0.028983
2.1456 0.97272 -0.0032865
2.1456 1.0453 -0.0036184
2.1183 1.1025 0.0059534
2.0031 1.1098 0.047437
1.8857 1.1361 0.083357
1.7576 1.2539 0.092318
1.6151 1.3638 0.10034
1.3502 1.4059 0.10034
1.0878 1.4445 0.099209
0.88645 1.3993 0.070668
0.68511 1.354 0.042127
0.55509 1.2816 0.043638
0.427 1.2085 0.045961
0.32401 1.164 0.069978
0.22357 1.1225 0.096196
0.15378 1.0951 0.10034
0.089735 1.0704 0.10034
0.050014 1.0359 0.091576
0.0173 0.99851 0.080292
0.039586 1.0553 0.044249
0.084279 1.1506 -0.0018805
0.058865 1.3231 -0.046299
-0.0051792 1.5383 -0.089773
-0.069223 1.7135 -0.10808
-0.13327 1.8598 -0.10808
-0.22899 1.9336 -0.10808
-0.35478 1.9389 -0.10808
-0.48159 1.9418 -0.090114
-0.60968 1.9418 -0.049958
-0.69979 1.9201 -0.021199
-0.72836 1.8633 -0.010911
-0.77555 1.7856 0.0060844
-0.86309 1.6625 0.037612
-0.95132 1.5444 0.079593
-1.0416 1.4413 0.15294
-1.1271 1.3437 0.22133
-1.1911 1.2706 0.26779
-1.2491 1.201 0.30875
-1.2615 1.1573 0.30875
-1.2699 1.1183 0.30725
-1.2059 1.1635 0.27871
-1.1418 1.2088 0.25017
-1.0778 1.3225 0.16857
-1.0138 1.4372 0.086266
-0.94971 1.4628 0.03728
-0.88567 1.4806 -0.0088497
-0.82005 1.6029 -0.053844
-0.75416 1.7428 -0.098647
-0.63917 1.7146 -0.10808
-0.51108 1.6414 -0.10808
-0.42634 1.6178 -0.076857
-0.35815 1.6131 -0.033714
-0.29269 1.5305 0.011394
-0.22864 1.4074 0.057524
-0.19297 1.303 0.10365
-0.17684 1.2114 0.14978
-0.16921 1.1296 0.18002
-0.16921 1.0565 0.19595
-0.16921 1.0023 0.20454
-0.16921 0.97017 0.20454
-0.16921 0.96424 0.20454
-0.16921 0.99844 0.20454
-0.16921 1.0364 0.19887
-0.16921 1.0822 0.18161
-0.16448 1.1159 0.16357
-0.14651 1.1159 0.14332
-0.11708 1.1132 0.13618
-0.041057 1.0995 0.18231
0.041817 1.0798 0.22787
0.1699 1.0204 0.26968
0.29799 0.96968 0.30875
0.42608 1.0428 0.30875
0.55417 1.1159 0.30875
