3.1306 -0.043433 -2.8711 -2.165 -0.40024 0.0022469 0.097055 -0.71936 -1.1778 0.12577 -0.84255 -0.93411 0.39803
4.2461 -0.78334 -3.2499 -2.1924 -1.1164 0.54334 0.083406 -0.77457 -1.2956 -0.037708 -0.86739 -1.13 0.46902
4.5747 -0.81949 -2.8632 -2.3711 -0.92932 0.46786 -0.096863 -0.74473 -1.0971 -0.044959 -0.78519 -1.2309 0.40104
4.6655 -0.75506 -2.7855 -2.2316 -0.85705 0.20662 -0.02104 -0.69617 -0.99693 0.10501 -1.0352 -1.0956 0.4873
4.6639 -1.3331 -2.4116 -2.606 -0.7004 0.081961 -0.51286 -0.54591 -0.65961 -0.3543 -0.91861 -1.0586 -0.0079957
4.4586 0.36756 -3.2623 -1.7161 -0.62575 -0.5065 0.030202 -0.4641 -0.23847 0.013068 -0.89344 -0.82364 -0.38622
2.7237 -0.35286 -2.4151 -1.0511 -0.68953 -0.1066 -0.61436 -0.15669 -0.36037 -0.27956 0.034707 -0.79725 -0.13612
1.3045 -2.1991 -1.6735 1.2521 -0.0056056 -0.7455 -0.90028 0.37197 0.26355 -0.96405 0.79063 -0.50628 -0.44054
4.2832 1.2502 -3.5484 -1.1094 -0.73419 -0.68484 0.037609 -0.43098 0.13081 -0.075135 -0.36856 -0.96545 0.16082
4.8502 1.6997 -4.1634 -1.0837 -0.66852 -0.78524 0.24514 -0.74494 0.21545 0.017001 -0.38035 -0.89231 -0.18648
4.4623 2.0585 -4.0232 -1.4711 0.040991 -1.606 0.089833 -0.61754 -0.05691 0.11247 -0.19207 -0.77914 -0.6645
3.7909 1.692 -2.761 -2.6983 0.69146 -1.2774 -1.5626 -0.47828 -0.41236 -0.25803 -0.1837 -0.48596 -1.0375
2.0621 0.79294 -1.2758 -1.8422 0.62228 -0.76089 -1.126 -0.72816 -0.52865 -0.47898 0.71948 -0.45777 -0.84368
0.14984 0.3539 1.3205 -0.83742 0.034472 -0.54097 -0.29354 -1.5426 -0.023422 -0.40652 -0.25205 -0.35293 -0.25047
-0.065991 0.21268 1.5306 -0.80118 -0.41137 -0.95769 -0.41217 -1.1191 0.39693 -0.68024 -0.56965 -0.16525 -0.11427
-0.40212 -0.12154 1.6894 -0.034326 -0.54382 -1.1372 -0.40301 -1.8906 0.52871 -0.8593 -0.081038 -0.21651 -0.44464
-0.71711 -1.0171 2.0711 0.89519 0.076098 -0.51129 -0.78597 -2.3738 -0.081395 -0.914 -0.097422 -0.20317 -0.55969
-0.11081 -0.45 0.94443 -0.37385 -0.29686 -0.1261 -0.084277 -1.5029 -0.16008 -0.14201 0.14794 -0.73202 -0.34048
3.8589 1.1043 -2.0776 -2.2566 -1.5583 -0.67039 -0.53473 -0.79013 -0.68216 0.078504 0.63586 -1.5072 -0.45417
5.1155 0.9487 -3.6683 -2.6091 -2.1207 -0.6746 -0.65442 -0.73429 -0.95495 -0.64782 0.17292 -2.4873 -0.29327
5.5346 0.90152 -4.0559 -2.5811 -1.7094 -0.046039 -0.4272 -0.42224 -0.90355 -0.50122 -0.12307 -2.1353 -0.17973
5.7899 0.82118 -4.4215 -2.5794 -1.4682 0.23745 -0.27901 -0.39992 -0.90654 -0.49623 -0.079482 -1.9663 -0.030273
5.7449 0.33839 -4.6044 -2.8669 -1.3867 0.39954 -0.4375 -0.42708 -1.312 -0.65994 -0.16689 -2.1349 0.084745
5.4505 0.35081 -4.4319 -2.7312 -1.3742 0.501 -0.27524 -0.7254 -1.2199 -0.63136 -0.58221 -1.6835 0.034082
5.1594 0.71528 -4.1437 -2.7712 -0.79815 -0.020904 0.50249 -0.93669 -1.0026 -0.63119 -0.31641 -1.5971 0.20549
4.7723 0.77349 -3.7105 -2.9491 -0.47876 -0.18178 0.825 -0.9887 -1.2063 -0.27639 -0.4118 -1.446 0.40009
4.5426 0.85753 -3.2834 -3.513 -0.58054 0.00062808 0.53646 -1.0952 -0.98475 -0.74881 -0.068523 -1.6634 0.21111
4.4902 0.70069 -3.3712 -3.4808 -0.55037 -0.39862 0.8773 -1.2022 -1.3019 -0.59506 -0.28346 -1.5539 -0.066896
4.6097 0.74685 -3.2921 -3.5426 -0.67618 -0.10166 0.74881 -1.2751 -1.2017 -0.71851 -0.23112 -1.53 -0.057923
4.7425 1.0792 -3.331 -3.2848 -0.47188 0.023761 0.57178 -0.80605 -1.2436 -0.50143 -0.079969 -1.483 0.069777
4.8557 1.2494 -3.4784 -3.1096 -0.15732 -0.283 1.0207 -1.03 -1.152 -0.31536 0.048664 -1.5272 0.15253
5.0014 1.0107 -3.7494 -3.3522 -0.1902 -0.32972 0.54144 -1.1803 -1.2633 -0.45794 -0.10394 -1.79 0.075056
5.2006 0.50054 -3.9769 -3.3672 -0.43002 -0.56954 0.61484 -1.5252 -1.0873 -0.29549 -0.39932 -1.7468 -0.0011635
5.3643 0.7543 -3.963 -3.0223 -0.25835 -0.12893 0.70366 -1.1985 -0.71277 -0.021383 -0.083524 -1.5893 0.30989
5.3181 0.4138 -4.2796 -3.7162 -0.80925 -0.41998 -0.045047 -1.5121 -1.165 -0.51004 -0.55121 -1.7939 0.028248
5.1024 0.54829 -3.8908 -3.0997 -0.64684 -0.0093364 0.21843 -1.2698 -0.75056 -0.18099 -0.24903 -1.5814 0.1844
4.8141 0.83441 -3.8355 -3.0249 -0.40446 -0.28634 0.43287 -1.364 -0.5421 -0.38252 -0.21903 -1.3505 0.24115
4.3657 0.65487 -3.2246 -3.2384 -0.35468 -0.29421 0.24039 -1.0794 -0.74928 -0.20495 -0.40326 -1.2821 0.20274
3.9467 0.23474 -3.0113 -3.1364 -0.33302 -0.44145 -0.20964 -1.0121 -0.79633 -0.42313 -0.37429 -1.3416 0.043848
3.515 0.17802 -2.4572 -3.2879 -0.018338 -0.20421 -0.46123 -0.74781 -0.94345 -0.30136 -0.36704 -1.5273 0.083421
2.9308 0.27817 -2.0082 -3.237 -0.22312 0.50868 -1.1257 -0.64471 -0.80672 -0.66876 -0.561 -1.3705 -0.077645
2.2998 0.069612 -1.4609 -3.0721 0.24204 0.92018 -1.1203 -1.6553 -0.75057 -1.3022 -0.95452 -0.76419 0.009921
0.47602 -0.72821 -0.54147 -1.2817 0.98515 0.73881 0.16362 -1.4165 -0.7849 -1.5231 -1.1404 -0.64946 -0.90531
