1.406 -1.3846 0.14327 -3.3576 -0.87638 1.0858 -0.5245 0.34294 -1.2276 0.088429 -0.46672 -0.18303 -0.19306
4.2398 -0.96853 -1.5975 -4.2706 -1.2506 1.0214 -1.6878 -0.34285 -0.80285 0.33551 -0.65298 -1.1162 -0.28609
4.3958 -1.3519 -1.6489 -3.7534 -1.256 0.86221 -1.5949 -0.088477 -0.43002 0.57411 -1.0784 -0.57455 -0.28814
4.3495 -0.94445 -1.2582 -3.6921 -1.4745 1.1499 -1.5701 -0.17253 -0.12976 0.46347 -1.1519 -0.69238 -0.10341
4.2728 -0.35594 -1.3726 -3.5654 -1.4359 0.95475 -1.388 -0.20715 -0.25365 0.57315 -0.76336 -0.9442 -0.10565
3.8684 0.27883 -1.4781 -3.0829 -1.4494 0.27149 -0.98743 -0.9948 0.1793 0.5795 -0.55901 -0.61322 -0.64737
2.6172 0.28496 -0.76609 -2.7009 -1.0711 -0.031882 -0.5651 -1.5216 0.27766 0.39698 -0.26569 -0.20582 -0.76807
3.1001 0.68336 -1.2124 -2.5454 -0.80122 -0.36341 -0.78448 -1.5066 0.45959 0.45944 -0.33821 -0.31441 -0.96542
3.6947 0.69749 -1.4698 -2.7019 -1.3389 -0.18372 -0.63079 -1.6043 0.5753 0.43155 -0.70911 -0.52573 -0.6511
3.4881 0.82281 -1.2975 -3.2044 -1.3735 -0.005394 -0.27954 -1.3334 0.38794 0.039853 -0.28665 -0.44599 -0.5151
2.3719 0.93044 -0.033339 -2.9447 -1.3138 -0.38804 -0.15986 -1.5816 -0.099744 0.058841 0.14801 -0.3724 -0.22302
0.51445 0.030846 1.6463 -1.3604 -1.0035 -0.75167 0.24012 -1.8461 0.094333 -0.43917 0.05729 -0.77091 -0.67801
0.23832 -0.29028 1.7329 -0.89682 -1.049 -1.027 0.12229 -1.4761 0.28151 -0.65663 0.026956 -0.88123 0.00015727
0.042991 -0.78831 1.598 -0.85775 -0.55018 -0.17691 0.21284 -1.6442 0.095656 -0.98581 -0.51466 -0.25655 -0.37895
-0.24067 -0.51493 2.0749 0.0017682 -0.67749 -0.63489 0.21582 -1.8126 0.35806 -0.60921 -0.011102 -0.85727 -0.15955
0.0062936 -0.45776 1.9036 -0.57902 -0.80804 -0.82825 -0.2693 -1.8434 0.42743 0.026438 0.35388 -0.15336 -0.28785
2.4856 0.53229 0.73053 -3.4714 -1.7872 -0.53328 -0.070538 -1.5596 -0.41138 0.57868 0.28594 -0.3727 0.16099
3.4411 -0.52396 -0.46842 -3.9417 -1.7991 0.27201 -0.40841 -0.75053 -0.53685 0.67055 -0.17395 -0.4506 -0.047137
3.8959 -1.2739 -1.3233 -3.5314 -1.5497 0.46653 -0.34017 -0.54517 -1.0108 0.99566 -0.4402 -0.70686 0.27767
4.2161 -1.7366 -1.5565 -3.3846 -0.91283 0.86272 -0.7742 -0.24292 -1.13 1.1025 -0.72099 -0.74231 0.53903
4.2391 -2.0162 -1.9336 -3.3144 -0.57474 0.66091 -0.72691 -0.25301 -1.2212 0.85487 -0.89501 -1.0287 0.90035
4.2004 -1.8849 -2.0647 -3.3505 -0.24548 0.51486 -0.64572 0.0083851 -1.5951 1.0084 -0.62471 -0.9497 1.1012
4.0891 -2.3865 -2.1727 -3.1062 -0.36033 0.66738 -0.64262 -0.026666 -1.2291 0.86033 -0.62714 -0.89784 1.2955
3.6301 -1.9246 -2.2085 -3.2132 -0.050354 0.4303 -0.59043 -0.01026 -1.1637 0.7338 -0.37947 -1.0465 1.2903
2.9098 -0.93474 -2.3761 -2.9602 -0.097113 0.37874 -0.63326 -0.19745 -0.81006 0.43252 -0.46716 -0.88244 0.82109
2.3897 -0.91475 -1.9291 -2.8554 -0.43703 0.026782 -0.37035 -0.51073 -0.63942 -0.31975 -0.39326 -0.88431 0.64632
1.9732 -0.97127 -1.7574 -2.7428 -0.094188 -0.24351 -0.17528 -0.72747 -0.45819 -0.1356 -0.86536 -0.98325 0.45498
1.3809 -1.0924 -1.24 -2.024 0.068296 -0.23227 -0.46574 -0.36508 -0.56078 0.11849 -0.37171 -0.82621 0.22819
0.60085 -0.64287 -0.291 -1.692 0.23371 0.16905 -1.3311 -0.26684 0.21486 0.053748 -0.60289 -0.9132 -0.093583
1.3573 -1.2643 -0.64357 -2.7867 0.45373 -0.14797 -1.5013 0.14153 -0.07817 0.22777 -1.6616 -0.83452 0.41747
1.89 -2.2668 -0.50578 -3.5619 -0.1632 -0.29342 -0.99615 0.16415 -0.083488 0.59255 -1.1037 -0.48468 0.62391
0.98091 -2.1514 -0.24893 -3.3502 -0.18045 0.058673 -0.57537 0.17052 -0.30851 0.72913 -0.60779 -0.72213 0.13959
