3.0898 -2.126 -1.2521 -3.6411 -0.81418 0.11052 -0.94535 -0.036442 0.068806 0.11524 -0.98032 -1.3232 -0.27352
4.3623 -2.3485 -1.6194 -3.3739 -1.4116 0.88925 -1.0646 -0.23751 -0.030834 0.5863 -1.0284 -0.59271 -0.17943
4.4452 -2.784 -1.9672 -3.2018 -1.436 1.1111 -1.081 -0.67346 -0.20749 0.55098 -1.0617 -0.42961 -0.46315
4.0406 -2.5293 -1.8944 -2.5739 -1.2912 0.89548 -1.0557 -0.75259 0.054327 0.19771 -1.0713 -0.18187 -0.27126
2.9532 -0.74476 -1.1244 -2.9043 -0.64925 0.44912 -0.64224 -0.95335 0.17111 0.1153 -0.84276 -0.42146 -0.15156
2.1462 -0.28859 -0.31402 -2.6065 -0.60982 -0.51456 0.036721 -1.0821 0.35401 -0.47572 -0.47214 -0.585 -0.42242
0.63149 -1.547 0.57264 -0.38078 -1.2264 -0.60557 0.26939 -1.0141 0.51921 -0.60992 -0.063383 -0.65526 -0.17444
0.60681 -3.1853 0.5053 0.98818 -0.92392 -0.22293 -0.047742 -1.3195 -0.6957 -0.36947 -0.23179 -0.86345 -0.16193
1.0805 -1.4341 0.17138 -1.5685 -1.0535 -0.9607 -0.10101 -1.1808 -0.044562 -0.68649 -0.024717 -0.76597 -0.29843
1.3604 -0.39763 0.13276 -2.7326 -0.83427 -0.82383 0.17608 -1.3489 0.27191 -0.41667 -0.12501 -0.48521 -0.22626
0.13969 -1.1809 0.65317 -1.4439 -1.111 -0.35331 0.51325 -1.4485 -0.097474 -0.29102 0.56192 0.025278 -0.59895
-0.45033 -1.6541 1.902 0.63974 -0.7991 -0.49542 0.13021 -1.2843 0.38044 -0.75099 -0.066865 -0.22577 0.15085
-0.071393 -1.8922 1.5402 0.32601 -0.25779 -0.30901 -0.44535 -1.931 0.12406 -0.7916 -0.35334 0.23954 -0.060897
0.058377 -1.7097 1.8977 0.74748 0.065998 -0.27717 -0.84054 -2.1621 0.63336 -0.53779 -0.43207 0.30033 -0.65079
0.008163 -1.3767 2.1373 0.68674 -0.15232 -0.15065 -0.24915 -1.7817 0.75123 -1.1199 -0.72559 0.48552 -0.29362
0.14613 -1.0785 1.4633 -0.59448 -0.71247 -0.51183 0.05983 -1.4049 0.5631 -0.65893 -0.17145 0.09975 -0.30178
2.2342 -0.41225 0.33411 -2.5863 -1.8452 -0.72768 0.56745 -1.542 -0.052056 -0.16508 0.6647 -0.6718 -0.41474
2.8109 -0.74908 -0.57175 -3.3782 -1.3475 0.33779 0.0053529 -0.89434 -0.1252 0.44705 -0.12763 -0.63628 -0.20235
2.8464 -1.3093 -1.3357 -3.3085 -0.9435 0.33989 0.049102 -0.93565 -0.14347 0.38868 -0.3775 -0.56404 -0.16787
2.979 -1.4656 -1.7072 -3.3538 -0.73691 0.8194 -0.36714 -0.73641 -0.084988 0.72468 -0.64708 -0.49233 0.34062
3.1887 -2.2313 -1.934 -3.3761 -0.9287 0.66744 -0.50206 -0.30303 -0.68255 0.6976 -0.54517 -0.90117 0.62573
2.9662 -2.0866 -1.683 -3.1721 -0.62439 0.70659 -0.27894 -0.37677 -0.4096 0.24456 -0.81376 -0.47011 0.48136
2.975 -2.1353 -2.082 -2.9778 -0.29396 0.76909 -0.38283 -0.11587 -0.51956 0.1802 -0.73233 -0.38442 0.66369
3.2204 -2.3371 -2.2427 -3.2318 -0.23542 0.61424 -0.45213 0.023561 -0.74299 0.49662 -0.50281 -0.70164 0.98989
3.1094 -2.4636 -2.2151 -2.984 -0.33995 0.70584 -0.56837 -0.14849 -0.77655 0.18575 -0.8753 -0.51906 0.66411
3.1467 -2.3249 -2.4982 -2.9249 -0.22157 0.67761 -0.48487 0.017347 -0.53872 0.14011 -0.5509 -0.88546 0.85202
3.0181 -2.2907 -2.067 -2.8529 -0.20626 0.49496 -0.59592 0.13923 -0.79831 0.10334 -0.54366 -0.91753 0.81306
2.7322 -1.8792 -2.3504 -2.9024 -0.15582 0.1329 -0.29574 -0.46644 -0.28244 0.036996 -0.51202 -0.55865 0.55298
2.4787 -1.3945 -1.7537 -2.9884 -0.21017 0.48572 -0.30178 -0.65884 -0.0045422 -0.095678 -0.40634 -0.44444 0.22274
2.4917 -1.6564 -1.7012 -2.9998 -0.28941 0.59267 -0.3034 -0.73409 -0.23874 0.09388 -0.69948 -0.41206 0.30518
1.9379 -2.3037 -1.1989 -2.9006 -0.29272 0.25045 -0.67051 -0.039418 0.026867 0.37464 -0.56443 -0.45024 0.32333
1.6031 -2.3244 -1.0549 -2.6098 -0.43159 -0.020961 -0.81847 -0.35408 -0.34545 0.61659 -0.71615 -1.0725 0.36313
0.60744 -2.1141 -0.34639 -2.4956 -0.61227 -0.51748 0.11454 -0.75481 -0.22523 0.40017 -0.86133 -0.46226 0.090494
