3.9846 -1.6006 -0.8124 -2.1956 -0.026297 -0.12088 0.11613 -0.77973 -0.20251 -0.2549 -0.81284 -0.67118 -0.036111
4.8629 -1.3175 -0.35075 -2.9526 -0.83441 -0.39498 0.062123 -0.89158 -0.36164 0.54366 -1.1133 -1.1103 0.21318
5.3228 -1.1891 -0.51504 -3.054 -0.78695 -0.013311 -0.54341 -0.95011 0.24322 0.26891 -1.6469 -0.92906 -0.026379
5.2725 -1.2282 -0.23774 -2.5792 -1.0839 -0.4686 -0.35721 -0.77375 -0.40707 0.17929 -0.89867 -1.2606 -0.014338
5.7734 -1.0351 -0.68036 -2.7742 -1.0523 -0.7284 -0.19026 -0.72011 -0.53385 0.50833 -1.248 -1.0993 -0.20251
5.7837 -1.0137 -0.76485 -2.3865 -0.80856 -0.8375 -0.54186 -0.77968 -0.29194 0.57986 -1.0907 -0.88229 -0.38285
5.4149 -0.77833 -0.79376 -1.7605 -0.65307 -1.2061 -0.47505 -1.7125 0.30177 0.70873 -0.86822 -1.0558 -0.55092
4.017 -1.0516 0.14864 -2.0455 -0.65319 -0.40186 -0.94819 -1.8933 0.67148 -0.013799 -0.65984 -0.53188 -0.59879
4.34 -1.3325 -0.08187 -0.61127 -0.61299 -0.72247 -0.53938 -1.7274 0.27619 0.36498 -0.4472 -0.25098 -0.16794
5.2561 -1.523 -0.0048672 -0.9145 -1.1776 -1.2877 -1.2243 -1.6602 0.17649 0.6897 -0.29275 -0.99839 -0.51401
5.025 -1.0167 0.028105 -1.5656 -1.2502 -1.2216 -1.21 -1.9974 0.16983 0.061886 -0.41856 -1.0931 -0.42756
3.4185 -1.419 0.82542 -0.30944 -0.24284 -0.31616 -0.31685 -1.922 -0.20878 0.086831 0.47915 -0.37608 -0.076082
1.8746 -2.2384 1.4532 0.65776 -0.40388 -0.51105 -0.70195 -1.8592 0.50979 -0.052363 0.20613 0.04281 -0.6512
1.0936 -3.0311 0.62597 0.70333 1.0148 0.38966 -0.99222 -1.4831 -0.21518 -0.60161 -0.78503 0.35334 -1.1678
1.1146 -2.843 0.83893 0.74112 0.4632 0.01092 -0.99041 -1.4648 0.23511 -0.49652 -1.095 -0.16208 -0.91055
1.2865 -2.9387 0.64 0.43925 0.34785 -0.15076 -1.0985 -1.7562 -0.53464 -0.8154 -0.42355 0.35006 -0.72709
2.3301 -1.9509 0.74874 -0.64504 -0.41586 -0.46529 -0.94334 -1.9353 0.1133 -0.66739 -0.53327 0.19862 -0.74055
4.9162 -0.085478 0.050936 -1.8553 -0.59904 -0.64477 -0.70662 -1.8782 0.37615 0.044411 -0.044282 -0.25282 -0.47206
6.1417 -0.83154 -1.1938 -1.5896 -0.85741 -1.8645 -0.63356 -0.72394 0.18396 0.53777 -0.52864 -1.3314 -0.48646
6.4399 -1.4714 -1.6168 -1.5949 -1.4507 -1.4237 -0.17839 -0.68905 -0.055095 0.50442 -0.66397 -1.458 -0.65848
6.6836 -1.9835 -2.4524 -1.9865 -1.7722 -1.0293 -0.32779 -0.96368 -0.31869 0.28714 -1.3215 -1.5055 -0.62365
6.9095 -2.333 -2.3801 -1.9519 -1.6092 -0.41472 0.070549 -0.62693 -0.40081 0.37611 -1.1949 -1.2259 -0.46663
6.9759 -2.2591 -2.3904 -2.1424 -1.6408 -0.11059 0.25783 -0.80998 -0.53902 0.19307 -1.1951 -1.3014 -0.13206
7.0122 -2.4926 -2.2572 -2.248 -1.8491 0.038322 0.32068 -0.95456 -1.1188 0.51424 -1.6606 -1.3479 -0.11578
6.9934 -2.8143 -2.0212 -2.1604 -1.7998 0.5079 0.26443 -0.82396 -1.0591 0.023124 -1.4702 -1.3216 -0.07805
6.9738 -2.7076 -1.8129 -1.8799 -1.7549 0.95095 0.61527 -0.67033 -0.88648 0.25912 -1.1397 -1.0065 0.094679
6.9448 -2.7516 -1.9459 -2.017 -1.6592 0.86392 0.51876 -0.8597 -1.0643 -0.023903 -1.3004 -0.84441 -0.030451
6.9186 -2.6705 -1.8003 -2.0678 -1.7389 1.0267 0.65033 -0.99769 -0.81827 0.081841 -1.1555 -0.87401 0.046414
6.9494 -2.8026 -1.5512 -2.4005 -1.9692 1.2128 0.82203 -1.443 -0.72557 0.032658 -1.1916 -1.1189 -0.21846
6.9736 -2.8379 -1.8381 -2.395 -1.7853 1.2442 0.69162 -1.311 -0.77229 0.20254 -1.4966 -0.81568 -0.13604
6.9984 -2.9431 -1.898 -2.5698 -1.9152 1.0998 0.68747 -1.3148 -0.87299 0.23048 -1.4477 -1.1785 -0.078722
6.9644 -2.873 -2.263 -2.5496 -2.0806 0.91285 0.29236 -1.3368 -0.96977 0.043845 -1.4512 -0.97396 -0.22413
6.8377 -2.7545 -2.3157 -2.5411 -1.9588 1.1435 0.21136 -1.3629 -1.0812 -0.03087 -1.2093 -1.0786 -0.11102
6.7201 -2.6815 -2.3071 -2.3972 -1.8837 1.0985 0.25622 -1.486 -1.0716 -0.35599 -1.2074 -0.9205 0.034109
6.6195 -2.9265 -2.3569 -2.6808 -1.8748 0.8736 0.26418 -1.673 -1.2724 -0.50862 -1.2958 -1.1611 0.037168
6.0732 -1.6594 -1.9936 -3.6097 -1.3723 0.43554 0.36799 -1.613 -1.2624 -0.27796 -1.2586 -1.1598 0.031747
5.3689 -1.8261 -1.5825 -3.413 -0.6853 -0.010134 0.37022 -0.79317 -1.4226 -0.18049 -1.046 -1.1283 0.19349
5.0978 -2.1224 -1.3323 -3.4902 -0.94671 0.18113 0.47269 -1.0159 -1.0743 -0.29668 -1.0323 -1.1887 0.5773
4.1458 -2.4326 -0.60704 -3.1621 -0.82424 -0.16761 0.74315 -0.053213 -0.86509 -0.18051 -0.32539 -0.68038 1.2119
3.6552 -2.5105 -0.799 -3.165 -0.54974 0.039633 0.3518 -1.3387 -1.1439 -0.46781 -0.42668 -0.50445 0.12944
2.5557 -3.1773 -0.8595 -2.5077 -0.20616 -0.43526 0.058481 -0.65153 -0.95681 -0.64199 -0.72768 -0.65874 0.17335
0.61077 -4.3789 -1.4062 -2.225 0.0044412 -0.10933 0.36159 0.18548 -0.33251 0.18264 0.024573 0.21396 1.4182
0.59433 -3.3321 -0.66975 -2.0491 -0.38415 -0.61323 -0.13625 -0.93625 -1.4566 -1.0594 -0.57986 -0.61617 0.076839
