-3.8213 -2.8948 0.26218 -0.048915 0.28128 0.12289 0.13674 0.08021 0.21232 0.19973 0.20365 0.34984 0.39492
-4.0204 -2.6417 0.49635 0.12815 0.42475 0.28175 0.38333 0.31897 0.35895 0.33631 0.3718 0.42135 0.53092
-5.0745 -2.2315 0.88468 0.51124 0.83846 0.71997 0.83915 0.76881 0.74517 0.51754 0.38007 0.36319 0.46492
-2.0065 -2.0766 0.53474 -0.47811 0.82022 0.82433 0.76855 0.019917 0.32702 -0.52397 -0.6954 -0.21219 -0.50081
2.9926 -0.22065 -0.75902 -3.1659 -0.17858 0.77646 0.56256 0.17881 0.023397 -0.25357 -1.103 -0.73342 0.68731
3.8674 -0.53039 -1.2579 -3.2082 0.37419 1.224 -0.020145 0.27474 -0.7603 0.014626 -1.2722 -0.75438 0.66626
4.6079 -0.14302 -1.7754 -3.0594 0.38446 0.75261 -0.65667 0.1343 -0.10068 0.026581 -1.6032 -0.62148 0.4621
4.9735 -0.30647 -1.8849 -2.6317 -0.54968 0.85213 -0.47852 0.075503 0.052228 0.11207 -1.5327 -0.90641 0.72686
5.3666 -0.6661 -1.9769 -2.1965 -0.85936 0.87476 -0.56144 0.070909 0.19205 0.14579 -1.4074 -1.1201 0.70299
5.7798 -1.1302 -1.8301 -2.075 -1.1878 0.70854 -0.73484 -0.019444 0.48595 -0.016962 -1.2751 -1.2969 0.44155
6.0087 -0.42847 -2.4639 -2.1377 -1.1647 0.28383 -0.128 -0.49555 1.0023 -0.17339 -1.1945 -0.85217 -0.035208
5.7253 0.47815 -2.6091 -1.9168 -0.73997 -0.3692 -0.60256 -0.12013 1.3079 -0.22245 -0.98241 -0.73764 -0.30646
5.8131 0.30572 -2.601 -1.6433 -0.93473 -0.33228 -0.62504 -0.47033 1.1105 -0.23203 -0.29166 -0.78588 -0.9352
5.902 -0.2418 -2.3685 -1.9251 -1.0283 -0.26493 0.32582 -0.75981 0.68527 0.11599 -0.056373 -0.81184 -1.1095
5.0272 1.3001 -1.8469 -1.9336 -0.96973 -0.30611 -0.09102 -0.93928 0.26988 -0.091173 0.43045 -0.87296 -0.98842
3.4273 1.1257 0.0064125 -1.6312 -0.87951 -0.29846 -0.25546 -1.57 0.12393 0.10355 0.70997 -0.43575 -0.19397
1.8535 0.27212 1.2549 -1.0875 -0.64681 0.011765 0.29349 -2.335 -0.49017 -0.3021 0.99348 0.034008 -0.16491
1.117 -0.24067 1.1273 -1.6686 -0.75101 -0.37567 -0.036384 -1.6853 -0.2142 -0.1048 0.58211 -0.14258 -0.27191
-0.0085411 -1.6404 1.3316 -0.57052 -0.46949 -0.55642 -0.71715 -2.1252 0.12223 -0.1578 0.21027 0.01107 -0.62537
-1.0526 -2.2131 1.2612 0.3434 -0.6513 -0.40389 -0.080693 -1.456 -0.11078 -0.4202 0.37973 -0.12768 -0.23306
-0.73862 -1.9021 1.341 -0.17491 -0.2381 -0.26237 0.075944 -1.1858 -0.12141 -0.8101 -0.2614 -0.13254 -0.49022
-0.31187 -0.93579 1.4128 -0.93265 -0.9705 -0.52552 -0.75676 -1.7651 0.93501 -0.5691 -0.7462 0.31363 -0.15898
1.4399 -0.43115 1.0006 -1.6493 -0.77506 -0.64952 0.10589 -1.4587 -0.32594 0.20323 1.0402 -0.011929 -0.69485
2.3362 0.63274 1.6106 -1.7291 -0.88871 -0.14334 -0.47332 -1.5814 0.044923 0.081767 1.0988 -0.31555 -0.18037
3.1551 1.2459 1.0999 -2.4792 -0.86776 -0.11243 -0.44379 -1.2403 0.31515 0.52462 0.69017 -0.9039 -0.022743
3.7099 1.0197 0.29106 -2.7855 -1.222 -0.32543 -0.23377 -1.0959 0.1313 0.47751 0.48802 -1.2439 -0.24244
4.2524 1.1383 -0.69018 -2.9834 -1.1931 -0.26898 -0.031249 -0.42679 0.0074012 0.81503 0.1085 -1.6108 0.14657
4.6149 1.0013 -0.8414 -3.3399 -1.07 0.21756 -0.053134 -0.20622 0.29664 0.51462 -0.20652 -1.6268 -0.119
4.7183 0.90765 -1.0096 -3.281 -0.85383 0.078591 -0.15113 -0.082839 0.037994 0.52945 -0.28517 -1.8769 0.055232
4.9446 0.66158 -1.4935 -3.2508 -1.091 0.55745 -0.045952 -0.45274 0.072406 0.55785 -0.52006 -1.635 0.072871
5.1049 0.52983 -1.713 -3.371 -1.0546 0.6524 0.13404 -0.20137 -0.21603 0.62072 -0.4961 -1.5569 0.083812
5.2048 0.32026 -1.7177 -3.3551 -0.93582 0.74955 0.17073 -0.030759 -0.31439 0.59828 -0.64095 -1.4722 0.28075
5.3418 0.43884 -2.0872 -3.2471 -0.8554 0.63679 0.47325 -0.23673 -0.26896 0.34646 -0.70284 -1.4502 0.37948
5.4834 0.20055 -2.3511 -3.0242 -1.0375 0.63008 0.48488 -0.14753 -0.45759 0.27534 -0.72014 -1.2845 0.35744
5.5327 0.071968 -2.3223 -3.0212 -1.284 0.99104 0.35531 -0.24071 -0.32058 0.3502 -0.92878 -1.2998 0.63014
5.3961 0.12974 -2.2504 -3.1281 -1.0662 1.0469 0.45203 -0.25346 -0.33284 0.50683 -0.98138 -1.2404 0.65511
5.1461 0.41834 -2.1954 -3.1203 -0.79267 0.81688 0.53251 -0.4659 -0.1739 0.24687 -0.93533 -1.007 0.41853
4.9055 0.73784 -2.2294 -3.5969 -0.43707 0.40336 0.57975 -0.66234 -0.20438 0.17884 -1.1295 -0.88481 0.37674
4.5319 0.45193 -1.4948 -3.7363 -0.47122 1.0003 0.2117 -0.31983 -0.23351 0.38105 -0.99425 -1.113 0.61846
4.1914 0.44254 -0.73909 -4.0348 -0.52461 1.376 0.14873 -0.36546 -0.27106 0.23338 -0.94659 -1.0706 0.63777
4.036 0.42017 -0.71086 -3.9439 -0.58747 1.116 0.1943 -0.47064 -0.37299 0.029621 -0.87007 -1.0687 0.80525
3.982 0.37488 -0.71489 -3.982 -0.71701 1.2413 0.28854 -0.58023 -0.6174 0.16505 -0.63498 -1.0037 0.53549
3.8776 0.25038 -0.97961 -3.7875 -0.28169 1.0201 0.27856 -0.22294 -0.60415 0.077743 -0.6334 -0.81078 0.41849
4.0608 0.18762 -2.0351 -3.1329 0.016844 0.56128 0.59033 -0.90569 -0.13453 -0.20666 -0.82549 -0.70368 0.18499
3.2781 0.061442 -1.515 -3.2929 0.23719 0.99763 0.33439 -1.2321 0.11349 -0.010684 -1.2288 -0.57298 0.18909
1.7224 -0.89915 -1.367 -2.0475 0.60939 0.39247 0.24076 -1.2611 0.028671 0.39794 -0.37107 0.073613 -0.060146
-0.32323 -2.3639 -0.011788 -0.72133 0.80532 0.37952 -0.05885 -0.52338 0.3967 0.48618 -0.48408 -0.17141 -0.80866
0.76603 -1.9642 -0.3857 -1.5823 1.267 0.62884 -0.87658 -0.27034 0.56911 0.73221 -0.36656 -0.32514 -1.0959
1.3558 -1.3876 -1.148 -1.9553 1.4478 0.97102 -1.2182 -0.19997 0.77663 1.0213 -0.59961 -0.40579 -1.0633
