1.256 -2.6263 0.48386 -0.99894 -1.2863 -0.84978 0.069112 -0.94583 0.32393 -0.18175 -0.45777 -1.194 0.047242
1.9214 -2.3127 0.17462 -1.5857 -0.42126 -0.72122 -0.032406 -0.48637 0.12842 -0.27253 -0.55744 -0.9319 0.31834
3.1369 -2.2157 -0.56107 -2.5192 -0.081271 -0.1786 0.26443 -0.50109 -0.030472 -0.43627 -1.1295 -0.71891 0.35711
3.5318 -2.1472 -1.0657 -2.834 0.019276 -0.056636 0.1035 -0.3756 -0.15171 -0.73683 -0.98052 -0.38589 0.050261
3.5606 -2.4283 -0.90537 -2.3992 -0.27934 -0.15552 0.38807 -0.54854 -0.23376 -0.44958 -0.90658 -0.55583 0.068937
3.6399 -1.6856 -0.14035 -2.9118 -0.71723 -0.21553 0.47767 -0.51262 0.11664 0.11749 -1.1181 -1.1012 0.069798
3.3238 -1.6773 -0.17617 -2.5324 -0.74528 -0.94155 0.45672 -0.62046 0.39223 -0.086112 -0.72025 -1.0767 -0.32299
2.4366 -2.1572 -0.15119 -1.5146 -0.72326 -0.85563 0.047983 -0.59287 0.28038 -0.25923 -0.28588 -0.80948 -0.41005
2.535 -2.2061 0.39475 -1.0178 -1.2546 -1.0975 -0.1567 -1.2626 0.6179 0.095466 0.019995 -1.1705 -0.51842
2.836 -1.7481 0.17211 -1.4883 -1.5994 -1.1773 0.35613 -1.3745 0.27383 -0.46022 0.28527 -1.0778 -0.431
3.1373 -1.4265 0.2624 -1.6005 -1.4552 -1.4765 -0.046262 -1.8147 0.49612 0.078586 0.3803 -1.2313 -0.67683
3.2844 -1.2609 0.4192 -1.6917 -1.4241 -1.4731 -0.38209 -2.0667 0.23188 -0.11716 0.59005 -0.93844 -0.16711
2.5055 -1.7373 0.86424 -0.90288 -0.87032 -1.2802 -0.63643 -1.7269 0.40776 -0.099834 0.28507 -0.55887 -0.3048
1.1113 -2.6199 0.78985 0.064929 -0.52358 -0.30833 0.1396 -0.78113 0.19869 -0.25992 0.21379 -0.41133 -0.94045
0.86073 -2.6321 0.81189 0.26265 -0.43584 -0.31007 -0.03825 -0.57193 0.30276 -0.44223 -0.45535 -0.41818 0.0037556
0.65809 -2.7465 0.79851 0.58987 0.26469 -0.045537 -0.73097 -1.2652 0.072775 -0.37851 -0.47046 0.08191 -0.69414
0.63975 -2.7305 0.71432 0.46522 0.20124 -0.083066 -0.51017 -0.79205 0.42838 -0.070287 -0.53261 -0.22563 -0.58897
0.50331 -2.7897 0.84843 0.79457 0.69981 0.19928 -0.81003 -1.0807 0.47672 -0.21893 -0.98845 -0.03363 -0.82653
0.30799 -2.7567 0.52042 0.10008 0.15602 -0.017595 -0.14372 -0.4904 0.0052396 -0.21591 -0.29335 -0.23905 -0.50423
2.2102 -1.9732 0.91438 -0.71414 -1.3859 -1.1551 -0.36542 -1.6296 0.3322 -0.26799 0.23948 -0.5453 -0.028704
3.3446 -1.503 0.38799 -1.6869 -1.1858 -1.6629 -0.97104 -1.0205 0.69995 -0.10055 0.048752 -0.92721 0.17124
3.0146 -1.6397 0.40972 -1.7126 -1.4999 -1.2749 -0.13846 -1.1673 0.59679 -0.17078 -0.038913 -0.88578 -0.050776
2.8337 -2.1063 0.20815 -1.4194 -1.4573 -1.0152 0.044229 -0.69664 0.36576 -0.63435 -0.55266 -1.1573 0.146
3.1222 -2.4014 0.14791 -1.8484 -1.0701 -0.79389 0.29826 -0.5904 -0.12523 -0.81174 -0.82852 -1.0432 0.15426
3.1016 -2.34 -0.11288 -2.3317 -0.8302 -0.92538 0.70764 -0.47579 -0.59005 -1.2821 -0.84499 -1.1449 0.2229
3.4087 -2.942 -0.79649 -2.5348 -1.5293 -1.3617 0.12398 -0.43131 -0.27464 -0.84482 -1.2147 -1.1322 0.34217
3.553 -2.579 -0.90704 -3.3245 -1.1808 -0.92808 0.0023117 -0.35347 0.03537 -0.65622 -0.90874 -0.99109 0.2658
3.2835 -3.0263 -0.8437 -2.5036 -0.96841 -0.88547 -0.018288 -0.26704 0.16599 -0.40753 -1.054 -0.85905 0.4331
3.2248 -3.0021 -1.2229 -2.9392 -1.1216 -1.1188 -0.050861 -0.66592 -0.49913 -0.90425 -1.1398 -1.3441 0.09028
2.9854 -2.4891 -1.0388 -2.642 -0.38766 -0.54547 0.3712 -0.28456 -0.35229 -0.62758 -0.63438 -0.54591 -0.11717
2.638 -2.4972 -0.49335 -2.3597 -0.67526 -0.84129 0.058915 -0.3608 -0.78376 -0.70846 -0.10874 -0.23496 -0.39543
3.1854 -2.5922 -0.33364 -3.1605 -1.4689 -1.0323 1.0281 -0.28665 -1.9988 -0.7419 0.1739 -1.1093 -0.28311
3.4041 -2.3729 -0.80317 -3.0891 -1.0575 -0.85702 0.66118 -0.36245 -0.6706 -1.0179 -0.48704 -0.84456 0.023425
3.2204 -2.6727 -0.3172 -2.9726 -0.92291 -0.60081 0.97689 -0.24486 -1.057 -0.48759 -0.26805 -0.94403 -0.11645
2.7756 -2.7676 -0.68488 -2.3875 -0.60444 -1.0733 0.21384 -0.079994 -0.68955 -0.77046 -0.33404 -1.0095 0.30024
3.0107 -3.1222 -1.2085 -2.81 -0.68206 -1.0342 -0.41458 -0.46116 -0.20754 -0.43356 -1.3939 -0.87132 0.023207
2.7523 -3.1661 -1.0753 -2.5855 -0.63161 -0.96917 0.040412 -0.22951 0.19282 -0.1556 -0.84739 -0.73949 0.28517
2.1656 -3.2121 -0.81609 -2.4663 -0.45801 -1.1218 -0.18558 0.11883 -0.081539 -0.13698 -0.50951 -0.81956 0.27679
2.3704 -3.6055 -1.0321 -2.8684 -1.0434 -1.3271 0.40042 0.2634 -0.55254 -0.71632 -0.38532 -0.98163 0.55789
1.3621 -3.6313 -0.71464 -2.2315 -1.1425 -1.0788 0.40807 0.12365 -0.22718 -0.40974 -0.28375 -0.80206 0.78863
