4.2506 -2.1293 -2.9303 -2.9168 -0.44993 -0.048172 -0.33893 -1.0577 -0.41751 0.033314 -1.2582 -0.19335 -0.19047
5.0358 -1.9712 -2.9851 -3.6211 -0.67911 0.32893 -0.84035 -0.77981 -0.70815 0.25202 -1.3882 -0.43389 0.16839
5.7865 -2.0617 -3.2985 -3.5267 -0.37316 0.60688 -0.95716 -0.62545 -0.66286 0.012083 -1.4667 -0.68054 0.17254
6.1369 -2.0839 -3.4975 -3.1409 -0.81451 0.44599 -0.7488 -0.80562 -0.56358 0.32444 -1.8317 -0.72024 0.19652
6.2478 -2.666 -3.5113 -3.276 -1.5457 0.14282 -0.83221 -1.1177 -0.43694 0.23788 -2.3108 -0.96743 0.1508
5.8368 -1.3917 -3.3151 -2.8452 -1.3068 -0.37525 -0.84557 -0.94813 0.35012 0.021502 -1.5378 -0.76481 -0.030327
2.9557 -1.9055 -1.2635 -1.1928 -0.98534 -0.59157 -0.20288 -1.2966 0.82067 -0.14451 -0.43068 -0.3928 -0.26704
3.6541 -0.94323 -1.6709 -2.3008 -1.0684 -0.2067 -0.42853 -1.5621 0.73861 0.16582 -0.60497 -0.62567 -0.11854
5.2496 -1.2519 -2.8534 -3.2098 -1.8367 -0.7657 -0.55696 -1.6445 0.051835 -0.0059323 -1.1434 -0.9128 -0.71388
5.0488 -0.40311 -2.7143 -2.9348 -0.86103 -0.93233 -0.21701 -1.4254 0.43902 0.18205 -0.72586 -0.45142 -0.63971
3.9762 -0.65887 -2.1082 -3.189 -1.1286 -1.3783 -0.85603 -1.936 -0.24866 -0.24223 -0.68419 -0.60084 -0.83312
1.4505 -1.5431 0.96783 -1.1117 0.30534 -0.35714 -0.84847 -2.0979 -0.13061 0.014565 -0.25084 -0.26697 -0.45593
1.0582 -2.0638 0.82245 -0.91128 -0.35728 -0.51051 -0.32866 -1.5463 -0.04275 -0.43652 -0.3789 -0.48804 -0.55181
0.52712 -2.5167 0.74633 -0.52998 -0.82016 -0.61238 -0.50408 -1.6839 0.017809 -1.207 -1.3529 -0.60724 -0.39698
0.58862 -2.5428 0.8208 -0.37353 -0.92686 -0.85733 -0.47204 -1.7245 -0.63319 -1.2101 -0.46482 -0.5561 -0.32895
0.43929 -2.3342 1.1465 0.13103 -0.733 -0.65015 -0.55988 -1.7382 0.16267 -1.0596 -0.73057 -0.22262 -0.53827
0.56016 -2.6608 0.65906 -0.16167 -0.097761 -0.5276 -0.75859 -1.3164 -0.0063141 -0.51597 -0.68425 -0.57105 -0.9739
0.78301 -2.0706 1.0758 -0.03487 -0.99343 -0.64916 -0.52064 -1.9286 0.23267 -0.36043 -0.11029 -0.65676 -0.2886
4.1396 -1.0101 -1.4793 -4.0805 -1.2949 -0.8862 -1.8394 -1.0288 0.04169 0.27272 -0.25048 -1.2764 -0.20568
5.6415 -1.4476 -2.3966 -4.201 -1.0808 0.19078 -1.6933 0.37482 0.19316 -0.1139 -0.26843 -1.6581 -0.11975
5.8313 -2.2404 -2.7421 -3.707 -1.0646 0.33463 -1.6674 0.73276 0.039885 -0.50229 -0.47974 -0.81777 0.031863
6.1678 -2.5792 -2.9623 -3.1885 -0.67577 0.33142 -1.3812 0.85969 0.18342 -0.50231 -0.92881 -0.83022 0.42584
6.2087 -3.1725 -3.9662 -2.704 -0.56108 0.30052 -1.0328 0.22734 -0.26244 -0.23771 -0.854 -0.79941 0.64218
5.7833 -3.1042 -4.5274 -2.1549 -0.70699 0.42981 -0.58751 0.36331 -0.25791 -0.36881 -0.2391 -0.6715 0.62536
4.7413 -3.5356 -3.563 -1.7404 -0.46288 0.47779 -0.44897 0.19264 -0.62551 -0.649 -0.52411 -0.13441 0.18275
4.4052 -3.3528 -3.2254 -1.9396 -0.54463 0.24231 -0.24692 -0.13164 -0.76797 -0.73813 -0.58832 0.18435 0.25541
4.212 -3.1099 -3.1365 -1.9696 -0.66549 0.15744 0.098532 -0.47053 -0.40601 -0.77358 -0.50487 -0.0072822 0.26315
4.4414 -3.4035 -3.2437 -1.6794 -0.57405 0.020554 -0.17846 0.047225 -0.92383 -0.5198 -0.46802 0.021229 0.1789
4.7358 -3.1283 -3.8348 -1.9411 -0.35062 0.23801 -0.604 -0.19729 -0.73645 -0.7293 -0.25925 0.020057 0.029843
4.995 -3.2878 -4.396 -2.7913 -0.78851 -0.26178 -1.1156 -0.57565 -1.1606 -0.96548 -0.63885 -0.61909 -0.2624
5.0893 -2.7331 -4.004 -3.0555 -0.25609 -0.3948 -0.97523 -0.099142 -1.0553 -0.41821 -0.59819 -0.40708 -0.22613
5.083 -2.917 -3.8571 -3.3676 -0.37268 -0.35374 -1.3663 -0.078966 -1.1799 -0.25876 -0.8761 -0.5405 -0.1778
5.1512 -2.7554 -4.2293 -3.3926 -0.31827 -0.53921 -1.2575 -0.1068 -0.91273 -0.42421 -0.7637 -0.86194 0.010069
5.0247 -3.2133 -3.8195 -2.6732 -0.26255 -0.37889 -0.80347 0.018241 -0.43554 0.046327 -0.94559 -0.43867 0.23891
4.395 -3.2075 -3.2287 -2.3177 -0.3554 0.06771 -0.37883 0.27109 0.038316 0.076643 -1.083 -0.063382 0.41573
3.3823 -2.6674 -3.0972 -2.7346 -0.60282 -0.77235 -0.081187 0.16841 -0.05931 -0.021905 -1.0833 -0.30816 0.82041
1.1425 -2.6529 -1.1965 -2.3095 0.50979 -0.60987 -0.20906 0.23363 -0.2379 0.092589 -0.49587 0.2605 0.94272
0.10469 -3.1466 -1.8275 -3.0745 0.80735 -0.080428 0.12135 0.85497 0.20672 0.5178 -0.36504 0.24618 0.88727
