2.8109 -1.5724 -0.48134 -3.2607 -0.55711 -1.0223 -0.35053 -1.0262 -0.4735 -0.043113 -1.0955 -1.1788 0.092839
2.9503 -0.85938 -0.45076 -2.8231 -0.70687 -1.3392 -0.21145 -0.9853 0.034476 -0.43405 -0.29659 -1.2404 -0.27135
2.1993 -0.82995 0.72825 -1.676 -1.4949 -1.5697 -0.29342 -1.4215 0.71938 -0.53335 -0.36988 -0.94203 -0.44064
2.0652 -1.2686 1.2998 -1.3162 -1.5285 -1.1661 0.10014 -1.5638 0.39364 -0.066094 0.44265 -0.43013 -0.25522
3.4938 -0.70613 -0.18234 -2.6869 -1.4332 -1.432 -0.14878 -1.6581 -0.10358 -0.10893 -0.11316 -1.1876 -0.5505
3.3341 -0.70955 0.40491 -2.7015 -1.7171 -1.3471 -0.049466 -1.6682 -0.54764 -0.60371 0.51028 -0.7767 -0.95708
1.3675 -1.7051 1.4578 0.047736 -0.65402 -0.6317 -0.44985 -1.7244 0.35482 -0.59623 -0.089969 0.086559 -0.57617
0.86935 -1.9876 1.4426 0.19677 -0.3659 -0.339 -0.47247 -1.6975 0.52778 -0.81409 -0.45048 0.25889 -0.65742
0.83468 -2.368 1.1555 0.081028 -0.64411 -0.59797 -0.88803 -2.1867 0.21407 -1.1557 -1.0766 -0.13928 -0.82655
0.60664 -2.3752 1.3575 0.66454 -0.44622 -0.4007 -0.54043 -1.3507 0.81574 -0.39635 -0.75416 -0.43195 -0.97238
0.70093 -2.0894 1.5009 0.55954 -0.26348 -0.27825 -0.57591 -1.5545 0.89598 -0.60105 -1.0332 -0.064579 -0.38391
1.0061 -2.2167 1.0447 0.02636 -0.56198 -0.68952 -0.85605 -1.2868 0.38987 -0.95294 -0.90631 -0.12692 -0.63242
3.0466 -0.82834 0.74509 -1.6126 -1.5818 -1.1287 -0.43847 -1.3923 0.62393 -0.091794 0.45654 -0.76428 -0.6793
4.1568 -0.1935 -0.22832 -3.2396 -1.7989 -0.99399 -0.16982 -1.3071 0.23259 -0.14266 -0.20565 -1.3665 -0.6458
4.1872 -0.048576 -0.38385 -3.4264 -1.1981 -1.3936 -0.14969 -0.38805 0.083277 -0.79146 0.10267 -1.6601 -0.1775
3.9319 -0.47928 0.011307 -2.9244 -1.6706 -1.9409 0.45246 0.25776 -0.21712 -1.2034 -0.34685 -1.0135 0.21899
3.8583 -0.82 -1.0806 -3.0744 -1.8062 -1.8125 0.2253 -0.54518 -0.23866 -1.3467 -0.73537 -1.084 0.11609
3.841 -1.0291 -1.2277 -3.3276 -0.96651 -1.5729 0.13253 -0.68083 -0.057051 -1.0696 -0.82559 -0.8125 0.065577
3.7576 -1.0663 -0.98015 -3.1092 -0.56991 -1.3311 0.11829 -0.17236 -0.22452 -0.89415 -0.81293 -0.29481 0.016462
3.6017 -1.0985 -1.3419 -3.5195 -0.36556 -1.4996 -0.33417 -0.27162 -0.46531 -1.2437 -0.66098 -0.72192 0.0075366
3.4819 -1.2337 -1.6254 -3.3923 -0.36418 -1.3739 -0.17653 -0.28957 -0.81267 -0.99541 -0.52038 -0.61746 -0.10473
3.4392 -1.4741 -1.3254 -3.2965 -0.27053 -1.1406 -0.085437 -0.69363 -0.52 -0.96534 -0.31466 -0.45979 -0.34501
3.8067 -1.2769 -1.6766 -3.904 -0.12025 -0.90462 -0.029702 -0.76897 -0.54361 -0.87118 -0.45935 -0.68696 -0.20641
3.8149 -0.95028 -1.7038 -3.6332 0.058865 -0.8079 0.23307 -0.71041 -0.62667 -0.74698 -0.10764 -0.54766 -0.018532
3.7836 -1.5509 -2.383 -3.1549 0.05207 -1.2055 0.080806 -0.92406 -0.4947 -0.76149 -0.86307 -0.64951 0.10503
3.2712 -1.8883 -1.7288 -2.7431 0.22634 -0.67875 -0.41384 -0.3418 -0.11898 -0.42865 -1.4709 -0.51108 0.22337
2.4075 -1.9691 -1.0806 -2.3292 0.74357 -0.61764 -0.91564 -0.46451 -0.61532 -0.79668 -0.86382 -0.0053955 -0.36639
1.7673 -2.6642 -0.86377 -1.0564 1.1088 -0.42615 -0.99784 -0.67417 -0.72181 -0.40974 -1.4388 -0.36563 -0.10922
1.4778 -5.1518 0.90659 -0.33676 1.9733 0.10351 0.63213 -0.79852 -0.20542 -0.56743 -1.1234 -0.36116 -0.35918
