1.617 -4.8599 -2.2462 -2.3587 0.97094 0.23654 -0.18624 0.27397 0.85707 0.60059 -1.1661 0.094886 0.28451
1.8246 -6.0171 -2.2898 -1.9366 -0.1198 0.51329 0.32352 0.042893 1.3247 0.93021 -0.14606 -0.5364 -0.083281
2.958 -1.3153 -0.43944 -2.4315 -0.33199 0.34329 -0.17255 -0.73081 -0.67263 -0.51032 -0.81594 -0.40221 -0.29775
5.6947 -2.8652 -2.4345 -2.685 -0.90677 0.65098 0.84817 -0.14695 -0.16832 -0.3232 -0.97786 -1.3268 -0.27722
5.2609 -1.9108 -1.8099 -2.8534 -0.43231 1.3238 0.44879 0.010695 -0.059559 0.074951 -1.2959 -1.0472 -0.27399
5.1954 -1.7452 -0.75449 -3.2345 -0.99067 0.78971 0.75847 0.048408 -0.56866 0.095601 -0.97432 -1.497 0.027902
5.118 -1.5547 -1.0074 -2.7646 -1.0175 0.61373 0.82887 0.1863 -0.064511 -0.0011239 -0.7213 -1.2659 -0.31509
4.2355 -0.91921 0.44219 -2.5864 -0.44139 0.80241 -0.21096 0.049447 -0.091622 0.63792 -0.73205 -0.92686 0.16712
3.4721 -0.71534 0.17823 -2.11 -0.19266 0.33633 -0.41152 -0.0053948 0.46155 0.22593 -0.47438 -0.70657 -0.16009
4.095 -0.66187 0.24162 -2.5732 0.31072 0.44042 0.014911 0.63665 0.098053 0.33709 -0.55755 -1.3136 -0.09529
4.1323 -0.55087 0.17411 -2.4315 -0.83901 0.30307 0.32736 -0.087276 0.27223 -0.13459 0.086865 -1.5059 -0.25217
3.3914 -0.68828 -0.40676 -2.212 -0.17094 0.21936 9.9446e-06 -0.78129 0.41666 0.010539 -0.17089 -0.39772 -0.28841
1.8566 -1.5485 0.81481 -0.79112 -0.4194 -0.51075 -0.026866 -0.81926 0.78919 -0.16194 -0.13328 -0.40739 -0.034778
0.88931 -2.4992 0.51634 -0.32147 0.14631 0.029842 0.21493 -0.17798 0.41576 -0.096189 -0.25316 -0.06472 -0.17542
0.71788 -2.5029 0.64474 -0.17596 -0.00090114 0.045145 0.37355 -0.2883 0.032666 -0.51698 -0.4768 -0.3544 -0.017654
1.6996 -1.8386 0.34274 -1.4392 0.32808 0.40003 1.0383 -0.4935 0.12746 -0.55794 -1.008 -1.0005 -0.50384
2.7188 -1.0861 0.2172 -2.0526 0.049699 0.059976 0.94821 -0.25204 0.2846 -0.53839 -0.39059 -1.3237 -0.4305
3.628 -0.92619 -0.56813 -2.3632 -0.25903 0.20776 0.71251 -0.14596 0.28243 -0.22855 -0.16809 -1.1046 -0.69264
3.9726 -0.7652 -0.38315 -3.0106 -0.33299 0.72176 0.72594 0.26736 0.43783 -0.83541 -0.38491 -1.1801 -0.56372
4.4136 -1.5861 -1.3006 -2.7239 -0.35408 0.56462 1.0538 0.37126 -0.053527 -0.60733 -0.74786 -1.3579 -0.016624
5.0522 -1.8361 -1.8639 -3.0155 -0.36314 1.1218 0.89692 0.19475 0.27476 -1.1194 -0.80459 -1.4002 0.0017241
5.1904 -1.7423 -2.3316 -2.8374 -0.47224 1.2349 0.45885 -0.078885 0.24849 -0.87989 -0.94817 -1.2624 0.48702
5.4072 -1.9585 -2.3164 -2.8972 -0.37421 1.4156 0.28511 0.073743 0.063643 -0.80284 -0.97377 -0.98251 0.18902
5.5733 -2.0901 -2.6664 -3.0285 -0.1051 1.3232 0.34368 0.11992 0.035997 -0.97252 -1.2974 -0.73126 0.32593
5.4131 -2.6858 -2.3257 -2.8807 -0.13041 1.3773 0.72779 0.045725 0.15514 -1.5876 -1.4749 -0.74401 0.50938
5.1771 -2.5749 -2.2062 -2.4493 -0.079545 1.4469 0.76187 0.3518 -0.57007 -1.2534 -0.89646 -0.67578 0.57146
4.9578 -2.4049 -1.8819 -2.6082 -0.39235 1.2761 0.91933 0.18954 -0.90231 -1.4767 -0.70839 -0.27563 0.18719
4.9957 -2.4596 -2.3381 -2.2781 -0.48204 1.5669 0.38554 0.32255 -0.78786 -1.4954 -0.6308 -0.59817 0.28572
5.0018 -2.6882 -2.0958 -2.2341 -0.19544 1.4075 0.7407 0.37703 -0.79157 -1.7707 -0.7802 -0.77514 0.45608
4.9099 -2.6836 -1.8959 -2.1487 0.056167 1.5592 0.72886 0.50338 -1.0302 -1.8167 -1.0373 -0.61615 0.10686
4.7857 -2.2654 -1.6679 -1.8433 -0.19082 1.4585 0.68644 0.44778 -1.327 -1.3629 -0.64282 -0.41057 0.12456
4.4042 -2.2326 -1.4131 -1.8126 0.26459 1.1608 0.5588 -0.07911 -1.1327 -1.2034 -0.25978 -0.15708 0.11924
4.2225 -2.0503 -1.4037 -1.7601 0.37758 0.84313 0.73909 -0.39805 -0.87696 -0.79456 -0.2729 -0.11544 -0.20327
4.2592 -2.144 -1.5949 -1.7442 0.67695 0.93651 0.56974 -0.57561 -0.59557 -0.79003 -0.42302 -0.069022 0.21452
4.1719 -1.9768 -1.665 -1.6188 0.46572 0.86216 0.55825 -0.317 -0.61829 -0.69284 -0.66495 0.54883 -0.15542
4.6456 -2.277 -2.2822 -1.7468 0.66489 0.93486 0.43883 0.062457 -0.94968 -1.1289 -0.85217 0.25187 0.51066
3.9234 -2.3604 -1.6628 -1.5365 0.7824 1.2911 -0.21333 -0.57464 -0.73995 -1.0367 -0.44842 -0.18348 0.81059
2.9682 -1.6121 -0.72992 -2.0141 0.68104 0.1152 -0.43494 -0.32756 -0.10276 -0.82398 -0.50487 -0.065158 -0.032172
1.7595 -2.0931 0.21182 -1.0577 0.091917 -0.8521 -0.092419 0.1573 0.068451 -0.62489 -0.8845 -0.60438 0.19664
0.28891 -2.8121 0.086118 -0.76318 -0.0016178 0.06142 0.48823 -0.37915 -0.41539 -0.83399 -0.48141 -0.038022 -0.13492
0.22916 -4.306 -1.4394 -1.9091 0.68557 0.36842 0.96242 1.2358 -0.68263 0.0053599 -0.21862 -0.69971 0.42775
