-4.035 -2.4591 0.38843 -0.46551 0.77968 0.54167 0.74858 0.28849 -0.045956 0.26056 -0.011825 -0.74244 -0.65862
-1.0174 -1.6771 0.71692 -0.9797 0.83315 1.2853 0.44317 -1.5196 -0.49485 -0.51983 -0.66897 0.26213 -0.60883
1.6967 0.84103 -0.68607 -2.7759 -0.12039 0.89857 0.040007 -1.0746 0.21027 -0.46528 -0.76798 -0.641 -0.25391
3.0348 0.38404 -1.6329 -2.7468 -0.17519 1.0893 -0.40388 -0.68971 0.39143 -0.43027 -1.0336 -0.56278 0.057613
3.537 -0.3002 -2.0112 -2.0252 -0.95456 1.3847 -0.27572 -0.66619 0.56265 -0.68544 -0.89202 -0.68759 -0.10207
3.3756 -0.39473 -1.3718 -2.3727 -0.60381 1.0547 -0.15177 -0.49837 0.42044 -0.65125 -1.1389 -0.21731 -0.066969
3.1889 -0.3522 -1.2326 -2.7038 -0.40128 0.94893 -0.30237 -0.61019 0.7311 -0.62728 -1.1907 -0.35603 -0.28376
3.6551 0.61858 -2.8768 -1.6489 -0.32036 0.22178 -0.25998 -0.88502 1.0153 -0.50826 -0.87524 -0.39274 -0.75791
2.1902 -0.6432 -0.99321 -1.0687 -0.95186 0.96996 -0.31537 -0.67522 1.1422 -0.1476 -0.79466 -0.79738 -0.47403
0.96671 -0.73576 -0.016519 -0.96526 -0.70168 0.673 0.01694 -0.77697 0.64665 0.26461 -0.8319 -0.39516 -0.23553
2.9585 0.93237 -2.0793 -1.3218 -0.9114 -0.32312 0.31121 -1.102 0.57195 0.23294 -0.75409 -0.57569 -0.4357
3.1207 1.5214 -1.9144 -1.9206 -0.8991 -0.65653 0.85428 -1.6176 0.10448 0.24627 -0.30431 -0.80986 -0.58904
0.73867 1.0427 0.69285 -1.6496 -0.42618 -0.31579 0.97428 -0.94239 -0.10547 0.13191 0.093751 -0.58338 0.025579
-0.40165 -0.34202 2.4498 0.3063 -0.39061 -0.36474 0.029819 -1.9171 0.62311 -0.63448 -0.12759 -0.13084 -0.013358
-0.91654 -1.271 1.4417 -0.56318 -0.08947 -0.10775 0.2178 -1.3922 0.13108 -0.84467 -0.95603 -0.48501 -0.355
-1.2405 -1.4597 1.425 -0.25716 0.3821 0.0363 0.2783 -0.98144 -0.070128 -0.67417 -0.48024 -0.52329 -0.43298
-1.9854 -1.8102 1.5687 0.57389 0.49238 0.24844 -0.47148 -1.7623 0.71604 -0.21905 -0.58839 0.37988 -0.28883
-4.3213 -2.5643 0.84268 0.28784 -0.14929 -0.22171 -0.21241 -0.95288 -0.090861 -0.37489 0.1592 0.29756 0.38221
-3.8582 -2.5805 0.90887 0.28092 -0.21065 -0.40008 -0.093344 -0.0016694 1.3398 0.84168 0.051302 -0.30512 0.48842
-1.8949 -1.2572 1.1153 -0.028598 0.0098025 0.25915 0.89282 -0.074864 0.59274 0.31275 0.1155 -0.11757 -0.11639
-1.5097 -1.7696 0.35373 -1.3524 0.35268 1.0756 1.1929 0.34152 0.13737 -0.28907 0.12041 -0.40497 -0.13623
2.7139 1.4722 -0.81024 -3.5171 -1.0548 1.129 0.51319 -0.96461 0.29068 -0.68062 -0.12671 -0.52765 -0.98607
4.3849 0.6744 -2.2731 -3.1761 -1.8615 1.8847 0.21005 -1.1731 0.39066 -0.44461 -0.28078 -0.55185 -0.97733
3.9419 -0.41311 -1.7986 -2.9345 -2.1254 1.8658 0.030638 -1.1499 0.32183 -0.70567 -0.43638 -0.87359 -0.77809
4.3297 0.024462 -2.5524 -3.3276 -1.6362 1.6182 0.097992 -1.1185 0.084171 -0.57462 -0.38068 -0.82643 -0.96452
4.4042 0.17222 -2.4965 -3.2924 -1.5656 2.0939 0.019103 -0.85008 0.16638 -0.29463 -0.29283 -0.53214 -1.0001
4.4945 0.13686 -2.6389 -3.4194 -1.5582 2.0441 0.0075505 -0.92513 -0.027055 -0.25218 -0.36022 -0.63958 -1.1497
4.566 -0.17339 -2.8442 -3.3509 -1.7098 2.0107 0.048982 -1.0454 0.10462 -0.34681 -0.35452 -0.95416 -1.0798
4.3555 0.1845 -2.7113 -3.4196 -1.5646 1.6659 0.049293 -1.1227 0.053563 -0.40296 -0.37162 -0.92643 -0.99906
4.0608 0.30981 -1.9796 -3.4857 -1.4521 1.7804 -0.093395 -0.75545 0.060965 -0.20188 -0.54566 -0.558 -0.83787
3.8653 -0.033515 -2.0419 -3.5991 -1.5727 1.4707 -0.26248 -0.93563 0.086056 -0.44346 -0.85155 -0.91698 -0.86525
3.61 0.2954 -1.7601 -3.5136 -1.5984 1.5747 -0.27432 -1.0934 0.16328 -0.54857 -0.88672 -0.74234 -0.81998
3.2766 0.83723 -1.3169 -3.6089 -1.1891 1.2852 0.17979 -1.1925 0.059737 -0.67684 -0.51074 -0.72548 -0.74715
3.0202 0.63589 -1.1463 -3.6998 -0.89869 0.88298 0.1961 -1.0388 -0.18442 -0.47 -0.71253 -0.68162 -0.91197
2.5384 0.7298 -0.88181 -3.8264 -0.75847 0.86238 0.43194 -1.3221 -0.22829 -0.58967 -0.60171 -0.81743 -1.4147
1.6119 0.69712 -0.12373 -3.5471 -0.24358 0.76597 0.069457 -0.97753 -0.23518 -0.31829 -0.47473 -0.53134 -1.4431
0.97683 0.2969 0.15804 -3.0213 -0.55577 0.35329 0.42267 -1.4717 -0.30028 -0.34375 -0.53972 -0.68519 -0.74604
-0.011591 -0.31852 0.80038 -2.0948 -0.57075 -0.18575 0.18543 -1.7484 -0.23874 -0.41928 -0.22048 -0.37086 -0.3201
