5.6334 -5.85 -3.6601 -3.5517 0.68106 -0.23845 -0.49068 -0.60725 -0.50142 -0.72816 -1.048 0.97 -1.2442
6.5644 -6.1051 -3.4504 -3.5157 0.78003 -0.023181 -0.35562 -0.81063 -0.28913 -0.44527 -1.1084 1.1417 -1.0391
6.9418 -6.9951 -3.9863 -3.6803 0.44862 -0.32551 -0.4852 -0.90058 -0.65293 -0.77016 -1.5917 1.0396 -0.95392
7.1008 -6.4824 -3.4536 -3.423 0.69441 -0.31027 -0.29237 -0.71126 -0.64543 -0.89719 -1.6692 1.1259 -0.64751
7.0608 -5.6041 -2.9571 -2.83 0.53186 0.042201 -0.073628 -0.52967 -0.42265 -1.013 -1.4246 1.112 -0.3818
7.0899 -5.9968 -3.2337 -2.7419 -0.14607 0.12283 -0.13725 -0.32012 -0.35328 -1.1913 -1.3252 0.94653 -0.021827
7.1052 -6.5569 -3.4429 -3.5357 -0.24699 -0.66435 -0.28141 -0.25254 -0.73994 -1.4619 -1.5468 0.62924 -0.27871
6.9511 -6.2313 -3.0289 -3.4591 -0.40524 -0.92598 -0.01346 0.032313 -0.80618 -1.4922 -1.0063 0.48349 -0.92047
6.6998 -5.9639 -2.6953 -3.0324 -0.9342 -1.2681 -0.19746 0.37097 -0.21266 -1.6349 -1.6179 0.76516 -0.91079
6.144 -5.5966 -2.7355 -4.0355 -1.1158 -1.2233 -0.6759 0.041228 0.04425 -1.0756 -1.0808 1.0363 -0.746
4.0659 -3.7286 -1.9586 -3.1404 -0.58722 -1.2594 -1.4118 -0.021132 0.80248 -0.46682 -0.55194 0.94468 -1.1913
3.0414 -3.4243 -2.1481 -2.7573 -0.95481 -1.0604 -1.455 0.027356 0.65899 -0.79653 -0.89773 -0.17739 -0.015479
4.7026 -4.1502 -3.1701 -3.6456 -1.1451 -1.3324 -1.615 0.33066 0.96561 -1.1278 -0.78801 0.14251 -0.79374
4.8789 -3.9007 -3.126 -3.322 -0.66709 -1.0983 -1.8641 0.02802 1.0992 -0.92177 -0.63152 -0.11998 -0.58227
4.7217 -3.7446 -2.9838 -3.2079 -1.23 -1.1397 -2.2139 -0.032353 0.87024 -0.92785 -0.21434 -0.63493 -0.53179
3.3387 -2.8752 -2.0056 -3.0849 -1.3348 -1.0892 -1.552 -0.58337 0.29818 -1.0274 0.19222 -0.94164 -0.83732
1.2417 -3.2715 -0.85121 -1.8855 -1.1015 -1.2044 -1.1181 -1.7212 -0.50036 -1.3822 -0.74445 -0.066547 -0.13866
1.1259 -3.4181 -0.27257 -1.4149 -0.89765 -1.2828 -0.80593 -0.76547 0.15998 -0.62042 -1.0285 -1.0336 -0.43836
0.5772 -3.4012 -0.43288 -1.1412 -0.47555 -0.65172 -0.7497 -1.3177 -0.4955 -1.1008 -1.348 -0.52462 -0.31576
0.33303 -3.2231 -0.35803 -1.2 -0.18187 -0.98657 -1.2226 -1.4683 -0.36894 -0.52771 -0.76861 -0.41003 -0.70475
0.48904 -3.4194 -0.015104 -0.71936 -0.58727 -0.95159 -1.0138 -1.417 0.16206 -0.77871 -1.3061 -0.86462 -0.76347
0.56699 -3.662 -0.33725 -1.0017 -0.71935 -0.94348 -0.88044 -1.3641 -0.38588 -0.85634 -0.79449 -0.48612 -0.26343
0.9729 -3.1351 -1.0267 -2.1522 -0.45105 -0.88735 -0.92227 -1.7081 -0.13965 -0.61274 -0.84765 -0.023501 -0.13394
3.6357 -3.7985 -2.1187 -3.742 -0.9899 -0.80851 -0.78961 -1.082 0.55637 -0.44396 -0.95848 -0.28817 -0.16676
5.3619 -5.3859 -3.0428 -4.4445 -0.99297 -0.34521 -0.4547 -0.53946 0.34049 -0.44704 -1.0636 -0.31338 -0.26879
6.0895 -5.9834 -3.2137 -3.9845 0.30306 -0.26141 -0.55858 -0.80516 0.054923 -0.62142 -0.92677 0.76265 -0.44617
6.7275 -5.5753 -2.8242 -3.9941 0.43779 -0.014691 -0.44048 -0.6417 -0.097503 -0.79528 -1.0768 1.3684 -0.29127
7.1299 -6.8185 -3.3386 -3.8904 -0.47336 0.20307 -0.29647 -0.63872 -0.43859 -0.62763 -1.5247 1.6363 0.27263
7.2977 -6.1718 -3.252 -2.0963 0.51323 0.48946 -0.40127 -0.551 -0.66027 -0.55089 -1.1694 1.6314 -0.063802
7.2897 -5.0882 -2.8235 -1.2276 1.1431 0.41428 -0.47204 -0.28938 -0.71418 -0.089985 -1.0811 1.564 -0.069973
7.1531 -6.2457 -4.4441 -2.0739 0.72872 -0.12201 -1.0566 -0.58904 -0.99443 0.015782 -1.2158 1.0688 -0.083496
7.0338 -7.1278 -5.5431 -2.4603 0.47962 0.040438 -1.5202 -0.20337 -0.98717 0.14268 -0.35682 1.007 0.97967
6.8373 -6.8132 -5.9272 -2.4067 0.44124 0.27608 -1.7087 0.047133 -0.84125 0.0087094 -0.19779 0.53466 0.9393
6.5823 -6.177 -5.8873 -2.0802 0.30884 0.23174 -1.8631 -0.19185 -0.78061 -0.045682 -0.19983 0.5489 0.6762
6.3615 -6.3367 -6.0358 -2.1994 0.25763 0.18284 -1.903 -0.73717 -0.47398 -0.24384 -0.37011 0.71418 0.4051
6.3011 -4.6099 -4.9475 -1.0581 0.80247 0.67224 -1.8124 -0.46355 -0.18296 -0.15136 -0.40208 0.53714 -0.29935
6.3932 -6.387 -6.3175 -2.1977 0.28255 -0.070677 -1.9919 -0.98545 -0.12216 -0.31672 0.065363 0.80574 0.4539
6.5424 -5.4415 -5.6212 -1.6606 0.40415 0.33874 -2.108 -0.77794 -0.48147 -0.71179 -0.37785 0.42708 -0.35245
6.6783 -5.7457 -5.9004 -1.9592 0.23318 0.54929 -2.2422 -0.75351 -0.78924 -0.69497 -0.45778 0.3063 -0.34666
6.7204 -6.6548 -6.4002 -2.5482 -0.069872 0.13231 -2.3753 -0.97782 -0.71933 -0.4994 -0.12155 0.72666 0.13827
6.7102 -6.6108 -6.2252 -2.3736 -0.026286 0.35242 -2.221 -0.69531 -0.58351 -0.33215 -0.06121 0.82426 0.52577
6.6535 -6.2909 -6.0287 -2.3499 -0.38197 0.23376 -2.1997 -0.42652 -0.61505 -0.30488 -0.30005 0.81807 0.54628
6.8685 -5.7457 -5.2816 -2.1288 0.18273 0.50776 -1.7634 -0.19094 -0.59757 -0.38541 -0.47258 0.8674 0.68974
6.7443 -5.8665 -5.3619 -2.4801 0.032567 0.17095 -1.7021 -0.098609 -0.74528 -0.27218 -0.61579 0.98145 0.8985
6.72 -5.9008 -5.4895 -2.867 0.032896 0.072484 -1.4966 -0.12795 -0.79576 -0.40912 -0.76381 1.3618 0.94708
6.5231 -4.9023 -4.4466 -2.6056 0.3717 0.20765 -1.2275 -0.10336 -0.61536 -0.4008 -1.0295 1.2742 0.24644
6.45 -5.739 -4.9732 -3.4174 0.015373 0.2377 -1.3047 -0.25201 -0.53864 -0.5168 -0.8336 1.8952 0.59369
6.2679 -4.6848 -3.8794 -2.6914 0.4827 0.45677 -0.85697 -0.2174 -0.74529 -0.59014 -1.0303 1.4436 -0.25081
6.1884 -5.3634 -4.2792 -3.162 0.13851 0.43169 -0.97513 -0.28308 -0.94892 -0.80375 -1.064 1.6537 -0.075178
5.9848 -5.5045 -3.9942 -3.0734 0.0081992 0.51284 -0.64375 -0.14777 -0.80472 -0.58061 -0.86723 1.8514 -0.072268
5.6621 -6.165 -4.3965 -3.2619 -0.34458 0.3417 -0.6396 -0.33942 -0.82151 -0.36032 -0.6591 2.0482 0.31367
5.4523 -5.2404 -3.6841 -3.0019 -0.44623 0.43317 -0.45385 -0.45911 -0.90258 -0.27637 -0.68088 1.8219 -0.3233
5.0005 -5.4425 -4.6509 -3.0316 -0.81133 0.37559 -1.0926 -0.69804 -0.75717 -0.21272 -0.43653 1.8389 0.25451
4.2824 -5.1508 -3.9743 -3.0395 -0.48944 0.15279 -0.99271 -0.88735 -0.67233 -0.35725 -0.42677 1.5679 0.43234
3.5874 -4.3429 -3.5699 -3.1742 -0.40269 -0.25906 -0.19052 -0.99501 -0.24757 -0.49119 -0.0027782 1.3863 0.62131
2.9022 -4.2137 -3.609 -3.543 -0.0071386 -0.31621 -0.42384 -1.0209 -0.40466 -0.48941 0.030986 1.312 0.71919
2.2384 -4.2504 -3.5008 -4.3608 -0.65177 -1.0397 -0.69937 -0.46763 -0.054804 -0.074621 0.31813 1.2783 1.0618
2.0737 -3.5195 -2.9013 -3.6851 -0.44175 -0.3706 -0.26237 -0.36703 -0.13243 -0.38269 0.24929 0.62293 0.36714
1.305 -4.0322 -2.0106 -3.2777 -0.48319 -0.77301 -0.37218 -0.53641 -0.60079 -0.25196 0.73939 1.0983 1.3789
0.81869 -4.7627 -1.8321 -2.5966 -0.8191 -0.74049 -0.1608 -0.89437 -0.72597 -0.32567 0.49447 0.87559 1.7085
