2.4438 -3.4602 -2.8075 -3.3196 -0.038841 -0.40533 -0.35374 0.00013607 -0.30895 -0.9451 -0.90027 0.50867 0.16825
2.63 -2.9299 -2.878 -3.4708 0.074429 -0.30078 -0.35184 -0.4092 0.30933 -1.3397 -0.61828 0.77367 -0.23726
2.7802 -3.3518 -2.6988 -3.9059 0.15674 0.053918 -0.13572 -0.33759 0.55394 -1.1043 -1.2636 0.91776 -0.45205
2.9183 -4.5707 -2.5101 -3.4369 -0.30078 0.04125 0.063551 -0.10579 0.25608 -1.2142 -1.0047 0.55591 -0.49164
2.9404 -4.2661 -2.656 -3.6824 -0.041298 -0.48221 0.173 -0.48241 0.14415 -1.0489 -1.4331 0.62716 -0.91193
2.5065 -3.8208 -2.9236 -3.2599 -0.72748 -0.32626 0.13067 -0.43357 0.62536 -1.1225 -0.80881 -0.3962 -0.50444
0.28301 -2.9955 -0.53924 -2.2855 -0.7612 -0.8315 -0.31179 -0.90935 0.30461 0.026845 -0.31187 -0.40901 0.22004
1.0979 -2.9859 -1.1733 -2.6252 -0.84866 -0.92046 -0.067889 -0.497 0.38878 -0.33758 -0.58748 -0.9124 -0.23998
1.7218 -2.6047 -1.5626 -2.9682 -0.5873 -0.74625 -0.12245 -0.56056 0.60865 -0.42581 -0.75897 -0.72518 -0.387
1.7902 -2.6034 -1.583 -3.1369 -0.94021 -0.76786 -0.15274 -0.42147 0.18453 -0.54039 -0.45806 -0.87581 -0.12581
1.2229 -2.3915 -0.65361 -2.6844 -1.4052 -0.76301 0.21922 -1.074 -0.1442 -0.37128 -0.10278 -0.92617 -0.18905
-1.0285 -2.541 0.40056 -0.90222 -0.82715 -0.81322 -0.21975 -0.97234 0.16019 -0.27138 -0.07505 -0.23331 0.11037
-1.8255 -3.0984 0.16108 -0.17826 0.094846 -0.12539 -0.22417 -0.50903 -0.30811 -0.3739 -0.23614 -0.26406 -0.50533
-2.0239 -2.9355 0.6011 0.084712 0.15589 0.055863 -0.027857 -0.49154 -0.30961 -0.10095 0.09838 -0.13717 -0.95841
-1.9461 -3.0061 0.2504 -0.25075 -0.066441 -0.40856 -0.25228 -0.41067 -0.08801 0.062944 0.32273 -0.088893 -0.049161
-2.5314 -2.9955 0.40181 -0.13487 0.017412 -0.11813 0.036253 -0.38373 -0.40525 -0.037425 0.51447 -0.043908 -0.65878
-2.6852 -2.8753 0.37213 -0.13161 0.10795 0.072098 0.35091 0.035816 -0.15541 -0.14904 0.059995 -0.37131 -0.43456
-2.9757 -2.8818 0.40723 -0.095404 0.044515 -0.27867 -0.32413 -0.62476 -0.31826 0.033705 0.52064 0.24186 -0.19077
0.53803 -2.6563 -0.30098 -2.277 -1.605 -1.2566 0.28754 -0.80466 -0.14494 -0.60699 0.071763 -0.71875 -0.072069
2.2007 -2.469 -1.5006 -3.757 -0.64604 -0.34745 0.50511 -0.50751 -0.011674 -0.2786 -0.63038 -0.92331 0.093828
2.5279 -3.2294 -2.4074 -3.7889 -0.3241 -0.21251 0.17103 -0.81373 0.28087 -0.28845 -0.91864 0.2976 -0.26719
2.5456 -3.718 -2.9845 -3.3346 -0.31411 0.12251 0.082845 -0.40684 -0.27837 -0.31803 -1.0208 0.20568 -0.05719
2.5473 -3.6495 -2.6654 -3.2503 -0.22385 0.48528 0.24022 -0.95594 0.11748 -0.61741 -0.99267 0.18538 -0.31534
2.575 -4.2505 -2.6144 -3.2162 -0.20073 0.59844 -0.00043788 -0.57472 -0.31051 -0.52404 -1.0732 0.25108 -0.67954
2.5124 -4.4393 -3.0763 -3.6807 -0.10523 0.48836 -0.063866 -0.58569 -0.38415 -0.42717 -0.9137 0.014562 -0.32283
2.3126 -4.0788 -2.8622 -3.4412 -0.08044 0.69641 -0.30141 -0.43424 -0.17631 -0.09285 -0.93631 0.31716 -0.32582
2.1253 -3.9577 -2.511 -3.2546 0.017492 0.3116 -0.23482 -0.66136 -0.46501 -0.11939 -0.75912 0.22784 -0.28046
1.8621 -4.0067 -2.0852 -3.5507 -0.18102 0.35914 -0.38023 -0.39756 -0.59999 -0.13269 -0.69557 0.04003 -0.38494
1.6741 -3.9277 -2.4443 -3.1691 0.1167 0.34137 -0.21694 -0.37536 0.056682 -0.083815 -0.90123 0.15389 -0.6082
1.6502 -3.7502 -2.8305 -3.0558 0.26031 0.070045 0.11071 -0.40472 -0.34109 0.04889 -0.73085 0.083235 -0.052828
1.9207 -3.7435 -2.481 -3.481 0.61445 0.85308 0.28488 -0.52756 -0.1084 0.0024582 -0.90337 0.10612 -0.58336
1.9656 -4.0805 -2.6313 -3.5095 0.43539 0.28641 -0.35929 -0.062948 -0.44384 -0.14777 -0.62982 -0.27258 -0.42717
2.0378 -4.198 -2.8249 -3.049 0.046163 0.37658 -0.22518 -0.48564 -0.49172 0.032483 -0.88358 0.28751 -0.66782
1.8705 -3.6867 -2.8177 -3.0618 0.049764 0.43332 -0.04377 -0.65526 -0.19174 -0.14458 -0.77394 0.1977 -0.47538
1.8372 -3.8359 -2.4354 -2.8896 -0.20686 0.55481 -0.24056 -0.79031 -0.30058 -0.2512 -0.86428 0.32891 -0.63953
1.8166 -3.7161 -2.3157 -2.9578 -0.34641 0.2899 -0.24145 -0.8652 -0.40313 -0.28709 -0.33378 0.19097 -0.33729
1.6522 -4.1415 -2.3172 -2.667 -0.29293 0.19667 -0.19215 -0.53926 -0.36601 -0.48924 -0.61453 0.23349 -0.77583
1.5706 -4.1655 -1.7511 -2.6986 -0.51995 -0.075258 -0.16778 -0.81458 -0.15515 -0.54364 -0.65797 0.57418 -0.95684
1.2202 -4.139 -1.9125 -2.2537 -0.72436 -0.32508 -0.29039 -0.90386 -0.34035 -0.33175 -0.74231 -0.028017 -0.50921
1.1947 -4.0789 -1.6361 -2.3509 -0.51927 -0.026724 0.15667 -0.70741 -0.2582 -0.31948 -0.3884 0.13668 -0.44121
0.61817 -3.7175 -1.0487 -2.0685 -0.72666 -0.015527 0.24234 -0.71541 -0.29754 -0.4906 -0.36405 0.017135 -0.5063
-0.2457 -3.3137 -0.86755 -1.6383 -0.33841 -0.54274 -0.15435 -0.90435 -0.40877 -0.3161 0.13803 -0.20675 0.078377
