1.9766 -2.6991 -1.7778 -3.1081 -0.21112 -0.25069 -0.69006 -0.43955 -0.19847 -0.62588 -0.74526 0.44161 -0.24081
4.0937 -3.0673 -3.3547 -3.8572 -0.68929 -0.24129 -0.3314 -0.30076 -0.045722 -0.9168 -1.2164 -0.19394 -0.36521
4.3419 -2.9255 -3.0287 -3.881 -0.89242 -0.40031 -0.54901 -0.046966 -0.092593 -1.4077 -1.1176 -0.059716 -0.62444
4.7235 -2.6281 -2.7786 -4.2346 -0.69564 -0.84749 -0.44313 0.064863 0.11728 -1.7256 -1.2891 -0.15375 -0.76207
4.4708 -2.3378 -2.5308 -3.9101 -0.91634 -1.1608 -0.48257 0.1839 -0.16387 -1.5393 -1.079 -0.41117 -0.70057
3.6946 -2.6427 -1.6015 -3.0479 -1.5948 -1.2082 -0.2408 -0.094982 -0.10115 -1.3194 -0.77288 -0.83932 -0.44709
2.1978 -1.8599 -0.67789 -2.0498 -1.5377 -1.6794 -0.3173 -0.86274 0.24654 -0.92746 -0.29938 -0.65923 -0.12232
1.7799 -2.3252 0.72631 -0.94467 -1.451 -1.5497 -0.36328 -1.3233 0.18883 -0.56051 -0.22728 -0.97182 -0.58085
2.2393 -1.8229 0.033967 -1.8409 -1.5584 -2.0603 -0.94012 -1.9388 0.35412 -0.3748 -0.37442 -1.4211 -0.32382
0.95016 -2.5157 1.1524 0.38153 -0.42821 -0.60802 -1.1302 -2.4179 0.23608 -0.80936 -0.80081 -0.061554 -0.95177
0.7196 -2.8108 0.87963 0.22983 -0.2378 -0.1099 -0.36521 -1.299 0.59812 -0.79017 -1.462 -0.88032 -1.1201
0.63103 -3.1518 0.60601 0.25188 -0.4531 -0.10823 -0.099548 -1.0833 0.046145 -0.91091 -1.0538 -1.0057 -1.2018
0.43988 -3.0776 0.81854 0.46711 -0.12284 0.066039 -0.31334 -1.415 -0.34171 -0.93573 -0.81876 -0.4987 -1.434
0.39339 -3.0407 1.0177 0.83223 0.096175 0.19963 -0.39111 -1.3895 0.1291 -0.82639 -1.2255 -0.63092 -1.299
0.41936 -3.0687 0.86011 0.70718 0.024175 0.068285 -0.48219 -1.3439 0.2255 -0.71504 -1.1605 -0.71635 -1.317
0.4853 -3.0991 0.65574 0.46402 0.14034 -0.078927 -0.74304 -1.5156 -0.066968 -0.65906 -0.76161 -0.29796 -1.2563
0.39885 -2.8552 0.90139 0.5845 -0.19617 -0.037446 -0.35493 -1.3772 0.082335 -0.79803 -0.88261 -0.56666 -1.0701
2.2618 -1.6086 0.048256 -2.6716 -2.0198 -1.1497 0.12231 -1.6987 0.15949 -0.49169 -0.025913 -1.4284 -0.36373
3.4236 -2.1412 -1.473 -3.5139 -1.3435 -0.86782 0.078006 -0.88682 -0.29896 -1.0154 -0.69466 -1.3381 -0.60945
3.9041 -2.1154 -1.7898 -4.078 -0.99489 -0.10273 0.28957 -0.9518 -0.2968 -0.66436 -0.97645 -0.79218 -0.3551
4.0459 -2.6172 -2.1479 -3.6601 -1.1569 0.27603 0.40477 -0.95112 -0.23593 -0.77865 -0.98922 -0.55792 -0.44058
4.1888 -2.4373 -2.1169 -4.2477 -1.2562 0.53604 -0.034642 -1.3342 -0.22133 -0.7881 -1.3211 -0.49047 -0.37539
4.2139 -2.4399 -1.9485 -4.0204 -1.3875 0.90117 0.15325 -1.3377 -0.25186 -0.56018 -1.2545 -0.19389 -0.29079
4.0168 -2.7638 -2.3192 -3.4999 -1.1297 0.33595 0.22635 -1.0819 -0.51312 -0.72548 -0.98603 -0.064781 -0.40737
3.628 -2.8401 -2.2792 -3.022 -1.3989 0.080566 0.68381 -0.93546 -0.60698 -1.0097 -0.7844 -0.009245 -0.72277
3.4284 -3.0475 -2.3133 -3.1608 -1.0467 -0.072548 0.6782 -0.74742 -0.67611 -0.9413 -0.62551 -0.028685 -0.66065
3.2316 -2.8311 -1.9328 -2.9876 -0.74676 -0.13207 0.83766 -1.0721 -0.56219 -0.78042 -0.79737 0.40074 -1.049
3.268 -2.9823 -2.0686 -2.8696 -0.76891 0.11917 0.55293 -1.2979 -0.78267 -0.79825 -0.69583 0.11977 -0.85604
3.1248 -2.9833 -1.8906 -3.1828 -0.76118 0.49498 -0.0086799 -1.5546 -0.73017 -0.99871 -0.33791 0.30915 -0.69797
3.0942 -2.9965 -2.0909 -3.6219 -0.41399 -0.021782 -0.34875 -1.7332 -0.48808 -1.0382 -0.36964 0.65741 -0.91653
2.8401 -3.5007 -2.216 -3.3849 -0.48164 -0.17762 -0.30168 -1.475 -1.2494 -0.98236 -0.62859 -0.38892 -0.57252
2.4703 -3.3226 -1.9172 -3.0407 -0.60346 -0.091622 0.078999 -1.4435 -0.59349 -1.0085 -0.548 0.031449 -0.16742
2.0885 -3.6626 -1.6371 -2.6417 -0.56168 -0.26269 0.12031 -1.019 -0.82555 -1.0227 -0.62748 0.036538 0.039556
1.6889 -3.2258 -0.92057 -2.8412 -0.75223 -0.64567 0.39232 -0.82377 -1.0278 -0.92843 0.16566 -0.0582 0.10697
