3.2184 -1.7853 -0.99658 -3.1929 -0.61717 0.71538 -0.73509 0.12795 0.050199 0.0027699 -1.8395 -0.41996 0.19779
3.4472 -1.6407 -1.1349 -3.0534 -0.40988 0.34856 -0.41404 0.24908 0.31563 -0.053057 -1.491 -0.34696 0.031915
3.9782 -0.91715 -1.775 -2.6362 -0.56085 0.050224 -0.42292 0.17804 0.51085 -0.04135 -1.5124 -0.35276 0.09866
3.7251 -1.2311 -1.2906 -2.2817 -0.36221 -0.38815 -0.68517 0.02129 0.6073 0.064313 -1.2168 -0.79318 0.08988
3.3017 0.1692 -1.2679 -2.3923 -0.47344 -1.36 -0.10618 -0.72446 0.52673 0.22955 -0.7815 -0.91817 0.16861
1.3026 -0.24767 0.60662 -0.99518 -0.26981 -0.80421 -0.60603 -1.5177 1.1005 0.0026385 -0.29236 -0.27167 -0.030532
3.3862 0.44667 -1.5243 -2.0599 -0.60608 -1.5292 -0.06212 -1.0248 0.72067 0.23575 -0.30391 -1.1834 0.1928
3.9709 0.56335 -1.7973 -2.5817 -0.55697 -1.1297 -0.12487 -1.0201 0.58723 0.41944 -0.61166 -1.1206 -0.0010928
3.4144 0.57133 -0.63942 -2.7338 -0.78298 -0.74531 -0.51497 -1.4391 0.33479 0.48601 0.078585 -0.94226 -0.018671
1.4361 -0.48328 0.92509 -1.1147 -0.19107 -0.58027 -0.30109 -1.8259 -0.033623 -0.27482 0.24284 -0.093552 0.017312
0.41351 -1.2395 1.7771 0.02917 0.03461 -0.30537 -0.5649 -2.0781 0.46747 -0.47132 -0.20687 0.051087 -0.49834
0.034378 -1.4009 1.8989 0.30124 -0.5167 -0.35296 -0.049168 -1.681 0.28478 -0.74823 -0.15502 -0.19619 -0.084728
-0.001171 -1.3777 1.8948 0.30504 -0.22939 -0.23278 -0.081001 -1.6995 0.21476 -0.91456 -0.3339 0.10526 -0.12145
0.47142 -1.0578 2.0681 -0.0079179 -0.65193 -0.73743 -0.35787 -2.0449 0.73095 -0.44808 -0.2999 -0.17989 0.062924
1.0436 -0.68794 1.9175 -0.43673 -1.0054 -1.1384 -0.18893 -1.7655 0.48906 -0.73424 -0.006836 -0.37497 0.19361
1.9874 -0.054588 1.5843 -1.1104 -1.4664 -0.75268 -0.50699 -2.5761 0.32216 0.2768 0.8278 -0.8696 0.032195
3.1655 0.5911 0.21222 -2.6857 -1.2947 -1.0739 -0.56818 -1.3756 0.50295 0.35614 0.8789 -1.3477 -0.27125
3.0472 -0.066804 -0.060124 -3.4793 -1.181 -0.57346 -0.74155 -0.81095 0.68162 0.28077 -0.2775 -1.4106 0.11585
3.4678 -0.45301 -0.76468 -3.1809 -1.4449 -0.33116 -0.17109 -0.48692 0.46333 -0.15595 -0.7247 -1.3403 0.27833
3.6207 -0.40379 -0.97301 -3.3117 -1.1518 -0.27766 -0.3152 -0.28423 0.34992 -0.05772 -1.0936 -1.3613 0.71729
3.8538 -0.65151 -1.3307 -3.1642 -1.0405 -0.18638 -0.16151 -0.3064 0.45083 -0.18472 -1.197 -1.2526 0.7927
4.0262 -0.56621 -1.7981 -3.1314 -1.1042 0.13438 -0.15584 -0.49287 0.5889 -0.51829 -1.1618 -0.95586 0.61954
3.9806 -0.61258 -1.8872 -3.4758 -0.83583 0.4121 0.14153 -0.80021 0.43251 -0.35732 -1.1767 -0.71427 0.34326
3.8935 -0.57617 -2.2856 -3.1439 -0.75537 0.51003 0.57333 -1.0042 0.091254 0.097927 -1.1377 -0.50509 0.49509
3.8718 -0.57331 -2.6037 -2.938 -0.80663 0.36858 0.6926 -1.0011 -0.55766 -0.081238 -0.40085 -0.88382 0.25157
3.8538 -0.8458 -2.4013 -2.8625 -0.89572 0.24749 1.1065 -1.0246 -1.1121 -0.0090096 -0.26866 -0.77896 0.019105
3.8655 -0.76186 -2.6237 -2.9766 -0.56421 -0.072417 1.2641 -0.76515 -0.98605 -0.082788 -0.40735 -0.10014 -0.46588
3.6845 -0.84084 -1.9498 -2.9377 -0.82833 0.24575 0.998 -0.60975 -1.174 -0.15935 -0.23118 -0.23635 -0.2943
3.6158 -0.67444 -2.0975 -2.5958 -0.96212 -0.22627 1.4777 -0.99603 -1.3148 0.045561 -0.49427 -0.094498 -0.58947
3.4536 -0.70726 -1.9185 -2.7374 -0.62667 -0.077085 1.1788 -0.74268 -1.2482 0.17422 -0.57735 -0.31473 -0.27892
3.1701 -0.7525 -1.6095 -2.7872 -0.70745 -0.014695 0.8781 -1.3074 -0.7372 -0.17076 -0.69084 -0.44485 -0.40231
2.8808 -0.89126 -1.2033 -3.0625 -0.48285 0.091666 0.51092 -1.0196 -0.89804 -0.097473 -0.63445 -0.69952 -0.15636
2.5677 -1.3935 -1.527 -2.4273 -0.38918 0.24986 0.52408 -1.0412 -0.604 -0.70178 -0.55458 0.19758 -0.066453
1.4874 -1.2821 -0.52093 -2.4994 0.12305 -0.22834 0.088307 -0.63771 -0.26926 -0.31544 -0.83658 -0.18731 -0.27918
0.48917 -1.6389 -0.073946 -2.0889 -0.0976 -0.2719 0.19413 -0.65359 0.19049 -0.6532 -0.8073 -0.50229 -0.076055
-0.27216 -2.0692 0.60824 -1.1012 0.11228 0.088013 0.9812 -0.11171 -0.44691 -0.84519 -0.28502 -0.1839 -0.050475
