-0.70143 -2.7313 -2.3298 -1.8702 0.36556 0.86037 -0.45915 0.3264 0.085977 -0.24653 -0.92285 0.13265 -0.10268
4.2895 -3.9515 -3.679 -2.9727 -0.29123 1.0161 -1.0748 -0.20447 -0.28886 -1.0398 -0.78654 0.37193 -0.31816
4.5339 -3.1596 -3.432 -3.3732 0.32818 0.90821 -1.1887 -0.10593 -0.18574 -1.0924 -0.49736 0.36319 -0.65242
3.339 -3.1117 -2.2053 -2.8414 -0.43797 0.053538 -0.69958 -0.80186 -0.82442 -1.0483 -0.44225 0.083902 -1.086
2.7774 -2.8586 -1.6637 -2.5276 -0.83497 -0.16797 -0.46964 -1.1196 -0.98253 -0.76818 -0.39679 -0.3815 -0.97234
2.8764 -3.5021 -0.69938 -2.5762 -0.84917 0.028337 -0.4966 -0.88549 -0.79652 -1.0033 -0.13728 -0.19551 -1.1041
2.5584 -2.3179 -1.3228 -2.3852 -0.41995 -0.43607 -0.044232 -0.85582 -0.54949 -0.76505 -0.21713 -0.068194 -0.57186
2.023 -1.6223 -0.96713 -1.8464 -0.97554 -0.35963 0.29696 -0.70876 0.32513 -0.95015 -0.29662 -0.14998 -0.19367
-0.64247 -2.2858 0.48555 -0.72251 -0.57167 -0.51831 0.2812 -0.50762 -0.17585 -0.55351 -0.02159 -0.27979 0.055385
1.8927 -1.7448 -1.2151 -2.7537 -1.3848 -1.5265 -0.2881 -1.1227 0.053126 -1.437 -0.75356 -0.50014 -0.47308
2.016 -1.4416 -0.98218 -2.6929 -1.2762 -1.3995 -0.070102 -0.89244 -0.032819 -0.75948 -0.34949 -0.86858 0.26799
-0.48503 -2.1915 0.57311 -1.0513 -1.2842 -0.81568 0.38192 -0.72299 0.34171 -0.28485 0.19759 -0.52636 0.33042
-1.2667 -2.8035 0.84897 0.55802 0.42966 0.16843 -0.54385 -1.0794 -0.052541 -0.45276 -0.68982 0.029456 -0.63182
-1.1202 -2.8427 0.5406 0.071922 -0.28926 -0.34642 -0.27267 -0.70075 -0.10863 -0.58758 -0.66042 -0.53526 0.032702
-2.5303 -2.9352 0.63952 0.34923 0.57872 0.27502 -0.29109 -0.68413 -0.084997 -0.14436 -0.31168 -0.027734 -1.0528
-3.4988 -2.7924 0.68365 -0.10961 -0.14931 -0.18009 0.18813 -0.36582 -0.57829 0.092572 0.9727 0.15131 -0.5814
-3.9329 -2.9235 0.52549 -0.056359 0.032876 -0.21131 -0.10702 -0.54582 -0.5019 0.11779 0.88302 0.19441 -0.63046
-4.2608 -2.6708 0.49091 0.073277 0.40968 0.35564 0.55349 0.459 0.43995 0.08458 -0.10221 -0.2035 -0.16535
-1.0075 -1.587 0.45002 -1.5245 -0.42781 -0.37755 0.30586 -0.81365 -0.13829 -0.45544 0.21586 0.31229 0.18113
2.9209 -2.4231 -2.3791 -3.9272 -1.3073 -0.53777 -0.36893 -1.5821 -0.55657 -1.212 -0.84564 -0.65406 -0.91064
3.1928 -2.5993 -2.6369 -3.1149 -0.96636 0.20727 -0.65772 -0.70279 -0.2207 -1.0177 -1.0499 -0.19943 -0.9379
3.1389 -3.0269 -2.4343 -3.0781 -0.26961 0.1562 -0.35551 -0.7125 -0.079258 -0.82164 -0.86602 -0.35014 -0.9298
2.9549 -3.6339 -2.2508 -2.9122 -0.28569 0.28833 -0.59607 -0.42657 -0.11848 -0.84985 -0.72476 -0.47591 -0.75365
2.7825 -3.8604 -2.0362 -2.9896 -0.47327 0.41285 -0.69227 -0.55917 -0.30909 -1.0804 -0.84712 -0.69232 -0.9828
2.3681 -3.6082 -2.0667 -2.5119 -0.34896 -0.14094 -0.76708 -0.22413 -0.4256 -1.0326 -0.7007 -0.75907 -0.71065
2.036 -3.85 -1.8109 -2.0132 -0.69279 0.27672 -0.52411 -0.33742 -0.14431 -1.0522 -0.83661 -0.74302 -0.49895
1.833 -3.9125 -1.9567 -2.1386 -0.64528 0.2031 -0.69848 -0.51167 -0.11298 -1.0563 -0.8635 -0.76308 -0.58949
1.5254 -3.6565 -1.6205 -1.9371 -0.33549 -0.16709 -0.401 -0.20446 0.031546 -0.82375 -0.88713 -0.89996 -0.23726
1.7791 -3.663 -1.7672 -2.4409 -0.13214 -0.10838 -0.71324 -0.2404 -0.48224 -0.83156 -0.78188 -0.73485 -0.41461
1.9204 -3.7098 -1.8559 -2.586 -0.41176 0.17304 -0.53202 -0.78058 -0.13908 -0.95635 -0.82232 -0.54372 -0.61173
2.1346 -3.585 -2.2505 -2.2908 -0.41325 -0.0024242 -0.38982 -0.56966 -0.14647 -0.90799 -0.69591 -0.72292 -0.63783
2.2144 -3.8256 -2.2408 -2.4598 -0.48593 -0.0074273 -0.61726 -0.32899 -0.57531 -0.70858 -0.88836 -0.84832 -0.45906
2.3292 -3.586 -2.1359 -2.2734 -0.37566 0.26129 -0.61964 -0.5513 -0.14209 -0.74028 -0.68519 -0.75984 -0.39487
2.1966 -3.5118 -1.857 -2.4068 -0.50359 0.22334 -0.46549 -0.73835 -0.05937 -1.0328 -0.71216 -0.86343 -0.49364
2.174 -3.4784 -1.5841 -2.9684 -0.3421 0.51353 -0.965 -0.55468 -0.4537 -0.92308 -0.71265 -1.1434 -0.53225
2.1322 -3.7022 -1.9433 -2.481 -0.1735 -0.16313 -0.57108 -0.28883 -0.89957 -0.69877 -0.69711 -1.1669 -0.35897
1.7154 -3.4183 -1.4701 -2.072 -0.35284 -0.24787 -0.14868 -0.11235 -0.57447 -0.68585 -0.48045 -1.3442 -0.42907
1.1799 -3.3948 -1.0958 -1.8231 -0.90603 -0.59337 -0.10409 -0.52189 -0.25758 -0.43448 -0.6618 -1.5047 -0.41535
0.50984 -3.0768 -0.66637 -1.0456 -0.94777 -0.8445 -0.21268 -0.55274 -0.4049 -0.60121 -0.38712 -1.1283 -0.36009
0.29679 -3.411 -0.47412 -0.91298 -0.26342 -0.83169 -0.61387 -0.030367 -0.13033 -0.80863 -1.1952 -0.64092 -0.3314
