3.072 -3.8643 -4.7623 -1.9891 -0.2454 0.33877 -0.76174 -0.93363 -0.1594 -1.1059 0.34988 1.0236 0.13639
3.2696 -4.0641 -3.1351 -1.6747 -0.63672 0.38212 -0.72613 -0.097456 -0.29557 -0.61597 -0.23754 0.58869 -0.75336
3.597 -4.0426 -2.1606 -2.4405 -0.22576 0.87509 -0.070038 0.31637 -0.35344 -0.92494 -0.24515 1.2206 -0.57417
3.359 -2.9977 -2.933 -3.3243 -0.36105 -0.20177 -0.84393 -0.053828 -0.62616 -1.5448 -0.67863 0.87746 -0.83485
3.6469 -1.6435 -3.3271 -3.6644 -0.48976 -0.58918 -0.40962 -0.042015 -0.67131 -1.4376 -0.14407 0.48097 -0.53088
3.7137 -2.0187 -2.788 -3.7424 -0.61877 -0.83941 -0.34665 0.22406 -0.84099 -1.3638 -0.4187 0.71532 -0.7471
3.7098 -2.3713 -2.674 -2.9335 -1.6494 -0.94272 -0.1044 0.493 -0.55943 -2.0113 -0.35497 0.23918 -0.75853
3.8144 -1.9435 -2.3028 -2.5937 -1.9873 -1.0244 -0.18597 0.69461 -0.002611 -2.1065 -0.030159 -0.84292 -0.095394
2.6602 -1.767 -1.5778 -1.8286 -1.9967 -1.4944 -0.50124 -0.065292 0.703 -1.7143 -0.55026 -0.32413 -0.33089
1.616 -2.0927 -0.54568 -1.5865 -2.1899 -2.1837 -0.82725 -1.2097 0.86977 -1.0887 -1.2809 -0.55555 0.033773
2.4641 -2.0808 -1.5051 -1.6303 -1.7488 -1.9925 -1.0818 -0.7734 0.8677 -1.2874 -1.3264 -0.35335 -0.10104
2.8183 -1.7553 -1.7733 -1.6636 -1.6295 -1.949 -0.70557 -0.46971 1.0012 -1.4413 -0.73166 -0.21244 0.10122
3.0517 -1.4707 -1.8409 -1.9942 -1.6321 -2.1506 -1.0354 -0.41953 0.92088 -1.6394 -0.34293 -0.75825 0.30069
2.8824 -1.2123 -1.2197 -2.2586 -1.7088 -2.2912 -1.3844 -0.65368 0.58495 -1.2779 -0.36174 -1.2002 0.45963
2.007 -1.5362 0.073538 -1.74 -1.5098 -2.3314 -1.164 -0.95119 0.48641 -0.92442 -0.51254 -0.87577 0.22571
0.96447 -2.2304 0.71637 -0.90603 -1.1994 -1.5249 -0.53962 -1.7397 0.26357 -0.91433 -0.37444 -0.61983 -0.4726
0.87166 -2.0546 1.2196 -0.66678 -1.1149 -1.3129 -0.52223 -1.6774 0.46636 -0.72611 -0.32906 -0.65511 -0.4516
0.99026 -2.2186 1.127 -0.68861 -1.7707 -2.1775 -0.98452 -1.7822 0.10766 -1.0367 -0.38604 -0.97769 -0.46372
1.2289 -2.4361 0.76653 -1.0648 -1.6189 -2.284 -1.0277 -1.6693 0.04766 -0.87678 -0.532 -1.0491 0.0031241
1.8143 -1.8206 0.28653 -1.2958 -1.1165 -2.6659 -1.0015 -1.1859 0.53034 -0.34812 -0.17586 -1.2305 -0.16776
2.701 -1.6203 -0.67641 -2.6101 -1.9185 -2.0138 -0.74446 -0.68902 0.75085 -0.90832 -1.3793 -0.51026 -0.24678
3.0862 -1.9711 -1.5092 -2.9087 -1.6085 -1.7974 -0.57776 -0.58371 0.35992 -1.2301 -1.5319 -0.14726 -0.31793
3.4066 -1.5551 -1.8398 -2.7528 -1.3244 -0.95083 -0.22148 -0.44548 0.13204 -1.2048 -1.3488 0.49462 -0.22517
3.5007 -1.9374 -2.8147 -3.31 -1.2887 -0.92435 -0.58632 -0.77791 -0.17359 -1.388 -1.4205 0.51983 -0.2141
3.3066 -2.2242 -2.875 -3.2836 -1.0567 -0.8944 -0.5478 -1.028 -0.74905 -1.3414 -1.1946 0.15863 -0.48592
3.0473 -1.9955 -2.6961 -3.3186 -0.45735 -0.69119 -0.45248 -0.94201 -0.46797 -1.3616 -0.38323 0.41069 -0.55322
2.9337 -2.4079 -2.8925 -3.059 -0.65263 -0.50479 -0.42282 -1.0833 -0.77702 -0.95667 -0.4201 0.15664 -0.55018
2.701 -2.5688 -2.9721 -3.0854 -0.5728 -0.59104 -0.65693 -1.0262 -0.97798 -0.95965 -0.43278 0.0006991 -0.38918
2.4949 -2.8151 -2.9776 -3.1646 -0.72397 -0.61539 -0.81097 -1.0203 -0.73965 -0.75563 -0.63784 0.032429 -0.11104
2.309 -2.7469 -3.2681 -3.0132 -0.57441 -0.95274 -0.8148 -1.5488 -0.5386 -0.42239 -0.69279 0.013524 0.087961
2.4779 -2.1463 -2.7215 -2.8823 -0.39502 -0.62671 -0.45673 -1.291 -0.68303 -0.11928 -0.34756 -0.1216 -0.083374
2.4746 -2.4557 -2.8751 -2.6489 -0.095759 -0.71979 -1.028 -1.2506 -0.76441 0.074133 -0.41066 -0.035984 -0.095095
2.2959 -2.9042 -2.8012 -2.5242 0.0049705 -0.98019 -1.1474 -0.83548 -0.63015 -0.12103 -0.24148 -0.066533 -0.13146
2.0909 -3.4005 -2.4731 -2.1263 -0.030473 -0.66549 -1.4451 -1.0456 -0.40005 -0.55722 -0.76116 0.32306 -0.51939
1.8415 -2.9849 -2.3293 -1.683 -0.03951 -1.2947 -1.5595 -0.52754 -0.31034 -0.65894 -0.67439 0.55396 -0.18759
1.89 -3.3553 -2.8827 -1.6964 -0.6738 -1.5151 -1.0007 -0.073066 -0.077192 -0.874 -0.051785 0.82664 0.3551
2.4992 -2.0996 -3.576 -3.0315 -0.23622 -1.2876 -0.72456 -0.37954 0.021882 -0.65643 -0.29265 1.0649 0.010214
