5.5562 -4.1069 -4.0743 -2.4079 -0.90237 0.76269 -1.8416 -0.30266 -0.79562 -1.7675 -0.45854 0.61213 -0.33115
5.2655 -3.5957 -4.6815 -3.112 -0.65616 -0.39082 -1.4518 -0.48218 -0.90097 -1.8925 -1.0806 0.18409 -1.3738
5.6535 -2.9922 -4.5159 -2.7176 -0.38964 -0.12082 -0.75439 -0.22206 -0.53991 -1.4184 -1.2724 0.54024 -1.1361
5.4107 -3.293 -3.9639 -2.4494 -1.3781 0.058151 -1.0795 -0.61693 -0.13757 -2.0162 -1.0954 0.32576 -1.0124
5.0902 -2.8947 -3.5716 -2.5868 -0.99797 -0.27809 -0.54791 -0.73892 0.17531 -1.6044 -1.1224 0.1955 -0.97217
3.9418 -2.3444 -2.8625 -2.869 -0.60433 -1.4696 -0.60946 -0.70907 -0.26898 -1.2187 -1.2282 -0.45101 -0.76353
2.9445 -2.451 -1.4699 -2.0556 -0.45521 -1.1789 -1.1791 -0.90665 -0.32141 -0.39865 -0.82425 -0.65844 -0.35111
2.7095 -2.1287 -1.4562 -2.2463 -0.50996 -1.5993 -1.0137 -1.1908 -0.51084 -0.62193 -0.55783 -1.1133 -0.34788
3.1817 -2.7096 -1.9244 -2.3822 -0.66196 -2.0448 -1.5607 -0.86142 -0.50947 -0.73598 -0.83845 -0.8208 -0.41843
3.1626 -2.3432 -1.9534 -2.567 -0.66603 -1.8993 -1.5466 -1.1468 -0.27138 -0.54075 -0.77705 -0.49943 -0.056435
2.6017 -2.021 -0.91849 -2.3341 -0.73343 -1.3507 -1.2163 -1.526 -0.011377 0.027052 -0.30146 -1.0478 -0.17362
1.3297 -2.9872 0.1971 -0.63841 -0.32006 -0.85581 -1.0653 -1.7345 -0.29885 -0.58331 -0.35418 -0.3935 -1.0072
1.2443 -2.7059 1.3337 0.31455 -0.5333 -0.58246 -0.6791 -1.786 0.258 -1.3408 -1.2464 -0.59927 -1.379
1.4024 -2.6365 1.2002 0.045536 -0.58704 -0.4907 -0.39817 -1.7573 0.39453 -1.4184 -1.4128 -0.79833 -1.527
1.4631 -2.9073 0.89797 0.080039 0.25116 0.043567 -0.59147 -1.7276 0.54469 -1.5491 -2.1371 -0.75925 -1.7611
1.3163 -2.7379 1.0109 0.024616 -0.14872 -0.19139 -0.58928 -2.061 -0.061428 -1.5668 -1.476 -0.52432 -1.5617
0.93447 -3.2779 0.93669 0.72511 0.18838 -0.016981 -0.96954 -2.0043 0.47183 -1.0825 -1.8111 -0.7039 -1.5634
0.13682 -3.4135 0.52268 0.2756 -0.31155 -0.1585 -0.48235 -1.4625 -0.33493 -0.88711 -0.86973 -0.78327 -1.5677
-1.1725 -3.1694 0.52111 0.33843 0.20113 0.065265 -0.35008 -0.92093 0.069946 -0.35684 -0.55744 -0.36141 -0.88258
-2.3286 -2.9515 0.40645 0.10737 0.036218 -0.11302 -0.10996 -0.41053 0.11022 -0.15506 -0.19391 -0.39062 -0.60915
2.1174 -1.6218 -1.1031 -2.5682 -0.78763 -0.64554 -0.15907 -1.0413 0.1861 -0.74907 -0.71792 -0.2916 -0.075549
3.9365 -2.5725 -2.6395 -3.7331 -0.6316 -0.20041 -0.64745 -0.53234 -0.14254 -0.99766 -1.3923 -0.2541 -0.21657
4.5072 -2.5149 -3.6304 -3.8159 -0.048027 -0.43201 -0.94646 -0.85501 -0.80484 -1.4426 -1.1648 -0.40988 -0.56158
4.7963 -2.4533 -3.589 -3.6809 0.11615 0.0085112 -1.2795 -0.80438 -0.82929 -1.5286 -0.79867 -0.37489 -0.71008
5.0833 -2.7471 -3.6071 -4.1378 -0.10946 0.28783 -1.3953 -0.99408 -1.0203 -1.4154 -1.3164 -0.17599 -1.1836
5.1414 -2.2394 -2.9909 -3.4483 -0.13928 0.96397 -0.79104 -1.1165 -0.65589 -0.73062 -1.0651 0.51122 -0.7285
4.9563 -2.2439 -3.0869 -3.1075 0.061763 0.80436 -0.56208 -1.2099 -0.67074 -0.8003 -0.81921 0.41748 -1.0316
4.613 -2.8833 -3.2236 -3.3986 -0.16964 0.23071 -0.82103 -1.3527 -1.1804 -1.1496 -0.56116 0.014523 -1.1031
4.4582 -3.019 -3.2883 -2.9463 -0.2515 0.068122 -0.75488 -1.3918 -1.4071 -1.2508 -0.42137 0.082068 -1.2474
4.2558 -3.1828 -3.0937 -2.8203 -0.1314 0.24398 -0.92589 -1.1706 -1.366 -1.4851 -0.34488 -0.01172 -1.1488
4.2269 -2.6699 -2.8365 -2.6178 0.054421 0.43595 -0.53809 -1.3214 -1.0017 -1.149 -0.11335 0.37952 -0.82569
4.2275 -3.1566 -3.0323 -2.6614 -0.30579 0.27879 -0.37528 -1.5989 -1.1834 -1.1873 -0.29511 0.2362 -1.0307
4.4741 -2.9851 -3.2882 -2.8157 -0.64227 0.3806 -0.30237 -2.122 -1.479 -1.1991 -0.53898 0.18941 -1.0867
4.6366 -3.4185 -3.614 -2.8327 -0.40074 0.25453 -0.82242 -1.6909 -1.1836 -1.5922 -0.19513 0.45931 -1.0714
4.7605 -3.067 -3.2952 -3.0451 -1.2342 0.36772 -0.27522 -2.2247 -1.6676 -1.2671 -0.30591 0.15242 -1.3452
4.5722 -2.6983 -2.9876 -2.7874 -0.87204 0.18686 -0.085724 -1.7043 -1.9289 -0.93111 -0.35455 0.26911 -1.1946
4.499 -3.024 -2.9182 -3.3139 -0.61915 0.080193 -0.45423 -1.9197 -1.4979 -1.145 -0.35934 0.22908 -0.85239
4.3189 -2.9371 -2.7674 -2.951 -0.62833 0.16982 -0.52849 -1.4284 -1.3858 -1.22 -0.28403 0.35607 -0.43141
3.9551 -2.8524 -2.563 -2.9666 -0.25748 -0.11384 -0.54129 -1.2417 -1.2626 -1.5398 -0.074354 0.37834 -0.79248
3.438 -3.3352 -2.3144 -2.7239 -0.56092 -0.14808 -0.5096 -1.5204 -1.2438 -1.858 -0.44649 0.29859 -1.0199
2.3987 -3.4231 -1.7906 -2.3002 0.18367 0.049867 -0.72137 -1.4426 -0.86624 -0.99533 -0.7799 0.39396 -0.36273
1.3735 -4.2019 -2.0559 -1.7171 0.31447 -0.15908 -0.79954 -1.1707 -1.1394 -1.2652 -0.90629 -0.15544 -0.44417
0.45793 -4.4335 -1.5928 -1.3502 0.98828 -0.066879 -0.9643 -0.43673 -1.5217 -0.18898 -0.21472 -0.019352 -0.73132
