1.0534 -4.8264 -2.5497 -2.067 0.029385 0.40374 -0.46464 -0.33308 -0.36006 -0.44111 -0.19544 0.60706 0.19099
2.8033 -4.9605 -3.2062 -2.3469 -0.38525 0.80791 -0.86554 0.10229 -0.44934 -0.81809 -0.50059 0.59583 -0.085892
4.1205 -4.5203 -3.4107 -2.9992 -0.51523 0.44769 -1.3512 -0.16937 -0.50067 -1.4228 -0.33312 0.60713 -0.34752
4.7376 -3.6837 -3.5369 -3.189 -0.62893 0.3482 -0.8881 -0.16318 -0.80662 -1.8587 -0.57081 0.71455 -0.59497
4.5603 -3.2854 -2.9799 -3.1393 -0.5082 0.43384 -0.88119 -0.087469 -0.30973 -2.0006 -0.55654 0.2479 -0.61997
4.2253 -3.3015 -2.7669 -2.8275 -0.35121 0.063053 -0.57175 -0.25928 -0.57421 -1.6962 -0.23638 -0.30137 -0.84765
4.9708 -2.7562 -3.4385 -3.5244 -0.47494 0.034772 -0.74639 -0.70423 -0.5034 -1.9882 -0.68046 0.077008 -0.9589
4.8117 -2.6866 -2.9818 -3.3916 -1.0566 0.10255 -0.60322 -1.4039 -0.50851 -1.7571 -0.48718 0.16039 -0.80113
3.5648 -2.2062 -2.3072 -2.88 -0.85726 -1.0193 -0.54635 -1.3341 -0.51168 -1.6669 -0.6659 -0.17678 -0.83973
1.4786 -2.7048 0.043297 -1.1656 -0.4874 -0.51668 -0.35998 -1.3005 -0.26957 -0.71293 -0.23748 -0.045363 -0.68919
2.2242 -2.7494 -0.22611 -2.0251 -2.2571 -1.8461 -0.34768 -1.5995 -0.20349 -1.46 -0.61101 -0.68855 0.27
2.3247 -2.5115 -0.59588 -2.2963 -1.8504 -1.5611 -0.11924 -1.5238 -0.4594 -1.4152 -0.0079823 -0.76319 0.3309
1.9187 -2.6292 -0.55253 -2.4178 -1.3123 -1.2998 -0.42486 -1.3663 0.039844 -0.91997 -0.33267 -0.52806 0.30387
1.3256 -3.1682 0.13073 -1.083 -1.322 -1.3086 -0.51732 -1.4464 -0.26477 -0.73595 -0.020088 -0.46182 -0.31673
0.335 -3.3694 0.22424 -0.34865 -0.66672 -0.54678 -0.41434 -1.2753 -0.32596 -0.69425 -0.40761 -0.72407 -1.1863
0.1798 -3.3738 0.50357 0.17845 -0.28961 -0.0046318 -0.047716 -1.1059 -0.65792 -0.9735 -0.6181 -0.74138 -1.2844
-0.75172 -3.2134 0.51457 0.050761 -0.1978 -0.047856 -0.012977 -0.7351 -0.34907 -0.47494 -0.36267 -0.62402 -1.1803
-1.9251 -3.0681 0.41194 0.058209 0.26341 0.095403 -0.048325 -0.45164 -0.42959 -0.43707 -0.39193 -0.36851 -0.71661
-2.9523 -3.0765 0.25523 -0.18103 0.084345 -0.231 -0.26756 -0.59752 -0.48235 -0.12253 0.35528 -0.051665 -0.60986
-5.3342 -2.5817 0.57182 0.23078 0.58692 0.43769 0.52257 0.39564 0.43011 0.36582 0.3994 0.26433 0.16862
-5.2861 -2.2681 0.94852 0.51628 0.47316 0.40106 0.58077 0.2854 0.35527 0.017973 -0.056096 -0.077735 0.4575
0.6435 -2.4766 0.40856 -1.2765 -1.8504 -1.3239 0.0099617 -1.3856 -0.31511 -0.82199 0.10637 -0.48821 -0.21037
2.4201 -2.6103 -0.54292 -2.8924 -1.7476 -1.1535 -0.044002 -1.1952 -0.53093 -1.0115 -0.37681 -1.0453 0.11514
2.7249 -3.1274 -0.92511 -3.3634 -1.6168 -0.62265 -0.13778 -1.4199 -1.112 -1.1209 -0.60149 -0.61701 -0.0077878
3.3478 -2.7607 -1.4744 -3.727 -1.1529 -0.29143 -0.10532 -1.1949 -1.3921 -1.2713 -0.3515 -0.42718 -0.11348
3.8324 -2.6783 -2.0237 -4.0316 -0.43875 -0.074239 -0.26391 -1.2041 -1.3272 -1.1358 -0.35948 0.039946 -0.4185
4.1837 -2.219 -2.1175 -3.9122 0.14676 0.22641 -0.31954 -1.2942 -1.4151 -0.86936 -0.39698 0.25731 -0.60853
4.3818 -2.6712 -2.6254 -3.8558 -0.50269 0.42438 -0.69546 -1.5366 -1.2477 -0.99732 -0.56573 0.52006 -0.83793
4.3529 -2.506 -2.5108 -3.4187 -0.59585 0.57235 -0.5466 -1.6405 -1.226 -1.002 -0.63675 0.45433 -1.3491
4.0623 -2.7816 -2.0808 -3.0735 -0.45317 0.83742 -0.6274 -1.6519 -1.1181 -0.71994 -0.3823 0.42228 -0.83085
3.9357 -3.014 -2.3776 -3.1727 -0.35085 0.37841 -0.77801 -1.8834 -1.054 -0.78502 -0.48496 0.31641 -0.76933
3.9243 -3.622 -2.9947 -2.8585 -0.21698 0.23141 -1.0388 -1.6909 -1.3819 -1.1694 -0.35016 0.27935 -0.98961
3.7256 -3.6751 -2.9587 -3.0811 -0.26794 0.0024182 -0.92538 -1.6502 -1.2726 -1.3028 -0.23238 0.42697 -0.95543
3.3199 -3.4835 -2.498 -2.9422 -0.11779 -0.37918 -0.8811 -1.3744 -1.6067 -0.8601 -0.43494 0.38022 -0.58907
3.6436 -3.4182 -2.4284 -3.0175 0.13054 0.0098069 -0.69164 -1.6015 -1.5035 -0.90024 -0.37851 0.36217 -0.58013
3.6412 -3.8363 -2.9872 -2.6722 -0.2301 -0.036056 -1.0868 -1.6233 -1.6761 -1.2063 -0.45232 0.42099 -0.64336
3.2866 -3.3933 -2.4449 -2.9093 0.15235 -0.18924 -0.97137 -1.5323 -1.4305 -1.0787 -0.68627 0.41431 -0.46898
3.3062 -3.2077 -2.0188 -2.8086 -0.35287 0.24986 -0.49125 -1.7044 -1.2719 -1.1173 -0.67093 0.65427 -0.71496
3.3629 -3.0282 -2.2081 -3.2339 -0.59335 -0.42348 -0.29147 -1.7439 -1.3826 -1.0649 -0.92634 0.86291 -1.1616
3.6987 -3.0955 -2.7742 -3.7171 -0.61111 0.052357 -1.1798 -1.5947 -1.1099 -1.1733 -0.10126 0.016112 -0.74442
3.8905 -3.2343 -3.1037 -3.7836 -0.283 0.044067 -1.12 -1.4262 -0.84344 -1.0078 -0.37939 0.23088 -0.61488
3.9981 -3.7301 -3.5406 -3.5962 -0.23357 0.081072 -1.1522 -1.1751 -0.69312 -1.3578 -0.2089 0.36632 -0.60535
3.889 -3.8843 -3.4229 -3.0961 -0.16429 -0.041601 -0.571 -0.79934 -0.83986 -1.364 -0.49793 0.35397 -0.29289
3.6984 -3.8626 -3.4347 -3.0886 0.0014723 0.21606 -0.29215 -0.76382 -0.60432 -1.1809 -0.53462 0.41254 -0.56184
3.2434 -4.0008 -3.0598 -3.0748 -0.2614 0.23802 -0.47138 -0.63931 -0.41078 -1.1052 -0.41443 0.60216 -0.44826
2.8932 -3.2222 -3.3807 -3.6553 -0.12291 -0.58077 -0.13489 -0.70546 -0.83043 -0.768 -0.28653 0.77641 0.025889
0.76342 -3.4829 -2.1147 -2.5619 0.052462 -0.099878 -0.37133 -0.64956 -0.23093 -0.36954 -0.010241 0.79054 0.48431
