3.8778 -1.8922 -0.86171 -2.8884 -0.33843 -0.45781 -0.14027 -0.28319 0.027759 -0.59215 -0.87001 -0.80399 0.33371
3.6074 -1.8913 -0.22293 -2.3912 -0.47881 -0.39716 -0.091675 -0.38717 -0.13176 -0.44194 -0.63434 -0.99726 0.30992
3.8109 -2.0143 -0.14647 -2.0297 -0.67455 0.0891 -0.81787 -0.74529 0.40568 -0.62292 -0.54596 -0.55177 -0.017262
4.2568 -1.9326 -0.66158 -2.3741 -0.62054 0.0062398 -1.0314 -0.63455 0.14567 -0.64751 -1.0343 -0.79171 0.25679
4.6849 -1.539 -0.29801 -2.8189 -0.43946 0.040339 -1.0223 -0.12235 0.15748 -0.91405 -1.0408 -0.92982 0.43033
5.1573 -0.77264 -0.72754 -3.1989 -0.40745 -0.066278 -0.38466 -0.51338 0.66734 -0.98444 -1.0971 -0.84865 0.30961
4.5076 -0.99041 -0.12493 -2.347 -0.86139 -0.90968 -0.015109 -0.61849 -0.050215 -0.57759 -1.1693 -1.2186 0.62481
3.7612 -0.94111 0.69132 -1.7554 -0.63365 -0.7911 -0.26976 -1.0963 0.27702 -0.22597 -0.70244 -0.75278 0.32143
4.0077 -0.89279 0.76547 -1.2064 -1.3664 -0.96444 0.010669 -1.601 0.84217 -0.38259 -0.16258 -1.0736 -0.30889
4.5637 -0.73102 -0.5689 -1.9629 -0.72994 -0.86875 -0.052623 -1.4685 0.1191 -0.21801 -0.88115 -0.80621 -0.26334
4.8391 0.10212 0.027751 -2.3168 -1.2056 -0.92442 0.29388 -1.6304 0.26754 -0.17375 -0.13496 -1.358 -0.22298
4.3303 -0.12424 0.53593 -1.6846 -1.1225 -1.0504 -0.17464 -1.9921 0.63335 -0.39989 -0.13216 -0.64789 -0.42623
1.6902 -2.0436 1.3069 0.39693 0.013766 -0.021974 -0.38261 -1.2229 0.88328 -0.49796 -0.93863 0.048421 -0.51113
0.97214 -2.7046 0.91977 0.93021 0.77392 0.49912 -0.38747 -0.79505 0.45752 -0.55177 -1.3327 -0.14005 -0.42412
0.67723 -2.8446 0.66634 0.61866 0.67891 0.27236 -0.64641 -0.86664 0.30433 -0.47299 -1.2124 -0.064229 -0.54771
0.54094 -2.7545 0.78881 0.63539 0.50078 0.25374 -0.29346 -0.52922 0.42638 -0.34048 -1.0383 -0.28368 -0.47193
0.48212 -2.8587 0.54152 0.40253 0.61537 0.25837 -0.404 -0.63153 0.099017 -0.31821 -0.75751 -0.099589 -0.72591
0.59552 -3.021 0.55319 0.52789 0.8565 0.39483 -0.4988 -0.55952 0.41636 -0.16357 -1.0505 -0.18304 -1.0048
0.73361 -3.0685 -0.5514 0.30876 0.54474 0.4147 -0.2208 -0.24428 0.37685 0.042821 -0.82518 -0.2607 -0.76787
4.042 -0.44863 1.0628 -1.2929 -0.5286 -1.1186 -0.54421 -1.0515 0.16526 0.23955 -0.40961 -0.99637 -0.15992
5.0324 0.24058 0.31223 -2.6693 -1.2548 -0.92809 -0.015629 -1.0177 0.50737 -0.37767 -0.40744 -1.3229 -0.00050937
5.3006 -0.63345 -0.21478 -2.9206 -1.4003 -0.20302 -0.24378 -1.0178 0.27828 -0.91169 -0.79463 -1.1049 0.046173
5.2815 -1.0111 -0.34209 -2.5636 -1.2685 -0.49078 -0.18184 -0.6427 -0.045313 -1.2132 -0.74204 -0.90277 0.14024
5.3966 -0.97304 -0.51057 -3.0425 -1.3922 -0.027886 -0.42958 -1.0521 -0.089864 -1.1528 -1.2488 -0.90711 0.12535
5.4205 -1.0252 -0.67357 -2.8986 -0.83735 0.15363 -0.41845 -0.95785 0.089569 -0.82966 -1.3853 -0.74941 0.69429
5.5671 -1.225 -0.89427 -2.7592 -1.1238 -0.22959 -0.36698 -0.90281 0.27934 -1.2861 -1.4215 -0.87125 0.36246
5.6296 -1.0956 -0.98614 -2.9389 -1.133 0.16385 -0.70401 -0.83978 0.36975 -1.5606 -1.286 -0.67453 0.42205
5.7807 -0.72308 -0.77435 -3.4247 -1.2557 0.46803 -0.73389 -0.99213 0.7141 -1.7521 -1.5679 -0.29661 0.32492
5.731 -0.87865 -1.0014 -2.9706 -0.86399 0.33101 -0.59909 -0.86652 0.71906 -1.308 -1.6269 -0.27432 0.50573
5.7759 -0.96254 -1.2566 -2.5606 -0.72324 0.14196 -0.51934 -0.44067 0.61552 -1.424 -1.2711 -0.2351 0.36168
5.4627 -1.0207 -0.99673 -2.8821 -0.30078 -0.26802 -0.84097 -0.39676 0.61187 -1.3536 -1.4801 -0.28864 0.16719
5.2381 -1.2119 -0.91232 -2.7234 -0.64151 -0.15261 -0.58283 -0.6757 0.69162 -1.1641 -1.4194 -0.30847 0.28629
5.0873 -1.2944 -1.1385 -2.7187 -0.92937 -0.22787 -0.31591 -0.7621 0.28172 -0.88524 -1.3524 -0.52608 0.33299
4.852 -1.0334 -0.71201 -3.0501 -0.79817 -0.25132 -0.061424 -0.85895 0.26252 -0.53742 -0.98757 -0.75709 0.1841
5.0082 -0.73701 -0.88635 -3.4088 -1.1643 -0.45463 0.25313 -1.152 0.6072 -1.0183 -1.2315 -0.56115 0.30228
5.3123 -1.2275 -1.317 -3.6297 -0.91863 -0.50691 0.33989 -0.46655 -0.17804 -0.73343 -1.0948 -0.87612 0.73406
5.2621 -1.7198 -1.3171 -3.6725 -1.1053 -0.1326 0.38861 -0.78187 -0.32575 -0.67481 -1.0146 -1.0545 0.78383
4.557 -1.9674 -1.2333 -3.4682 -0.96167 -0.11014 0.56269 -0.8264 -0.10931 -0.75277 -1.3464 -0.66679 0.70592
4.0265 -2.1833 -1.079 -3.3496 -0.73204 -0.89567 0.32495 -0.29832 -0.33797 -0.94704 -1.0273 -0.52851 0.76963
2.6289 -2.7468 -0.18952 -2.3336 -1.3089 -0.72754 0.81554 -0.53927 0.078108 -0.80927 -0.49408 -0.60536 0.28836
1.6613 -2.897 0.17415 -1.6579 -0.72284 -1.004 0.050095 -0.28635 -0.099407 -0.34037 -0.77176 -1.1582 0.98106
