0.68595 -3.1156 -3.1183 -2.4438 -0.15038 0.76759 -0.075856 -0.30732 -0.054326 -0.64347 -0.51266 1.088 0.51991
2.433 -3.0156 -3.8446 -1.3705 -0.91839 0.037032 -0.56457 -0.056365 0.20607 -1.3532 -0.21233 0.53447 0.43984
3.4376 -2.314 -4.282 -1.7139 -1.5157 -0.031034 -0.57516 -0.32676 -0.0090605 -1.4489 -0.42325 0.18995 -0.23596
3.819 -2.7987 -4.1917 -1.8797 -1.5282 -0.031536 -0.64974 0.36274 -0.17257 -1.6305 -0.71576 -0.059303 -0.53195
4.14 -2.2857 -4.1371 -1.4088 -1.0408 -0.11927 -0.69325 0.72 -0.21251 -1.7213 -0.53402 -0.2277 -0.28201
3.8645 -2.5661 -3.878 -1.4718 -1.368 -0.45843 -1.2196 0.090333 -0.55831 -1.724 -0.73503 -0.079387 -0.61556
3.3995 -1.9179 -2.961 -2.0264 -1.0978 -0.9041 -0.69393 -0.26986 -0.066271 -1.8322 -0.77629 -0.092263 -0.92133
3.1124 -1.8856 -2.6785 -2.1412 -1.5226 -0.89035 -0.79004 -0.043015 -0.36847 -1.9003 -0.84355 -0.70707 -1.0581
2.7048 -0.49508 -2.4198 -1.2777 -1.4668 -1.2088 -0.38617 -0.19135 0.19499 -1.5494 -0.4907 -0.81731 -0.41468
0.27777 -0.27676 -0.27958 -0.76187 0.022701 -1.1408 -0.5786 0.60809 0.18146 -0.87508 0.223 0.086447 -0.032718
1.4679 0.098043 -1.1344 -0.68569 -0.18783 -2.3031 -0.32146 0.28352 -0.22394 -1.0075 -0.22621 -0.81288 -0.22809
2.3411 -0.24895 -2.1774 -1.847 -0.88767 -2.3067 -0.61166 -0.56731 -0.37549 -1.188 -0.54519 -1.2127 -0.39501
2.3594 0.18147 -1.9804 -1.3352 -0.92243 -1.9311 -0.40023 -0.92959 0.42088 -0.95352 -0.26887 -1.1399 -0.045743
1.7247 0.42438 -1.002 -1.4442 -0.68303 -1.7831 -0.33995 -0.93942 0.12446 -0.56545 -0.083075 -1.1469 -0.23129
0.63313 -0.78282 0.38269 -0.74711 -0.68707 -1.4282 -1.086 -1.3053 -0.0091623 -0.66907 -0.028544 -0.639 -0.40641
-0.44489 -1.3368 1.6824 -0.35782 -0.67828 -0.95749 -0.51596 -1.6732 -0.36842 -0.086263 0.52611 -0.097072 -0.018995
-0.77363 -1.6773 1.7245 0.56262 3.7938e-05 -0.80713 -0.82264 -1.6447 -0.25014 -1.0824 -0.31269 -0.21458 -0.29565
-0.86127 -1.7406 1.862 -0.27383 -0.45967 -0.16339 -1.0449 -1.8015 -0.17714 -1.7654 -0.7612 0.14828 0.26755
-1.078 -1.6194 1.394 -0.4668 -0.71236 -0.94288 -0.65503 -1.8949 0.18555 -1.0795 -0.82228 -0.4821 -0.34011
-1.4695 -1.6567 1.0274 -0.50075 -0.39884 -0.48549 -0.17532 -1.1396 0.15839 -0.88049 -0.67938 -0.21991 -0.067153
-1.5705 -2.2944 0.94093 -0.042171 -0.41871 -0.42255 0.17044 -0.72906 0.19685 -1.0796 -1.1088 -0.40368 0.25027
-1.5915 -3.658 0.55922 -0.3097 -0.48206 -0.57967 0.089992 -0.42373 -0.26465 -0.63848 -0.43246 -0.087554 -0.27517
-0.4894 -1.215 1.3251 -0.97522 -0.66143 0.023949 -0.61637 -0.47695 0.52891 -0.29329 0.17572 0.44157 0.06647
2.5868 0.16749 -0.77821 -2.8553 -1.0898 -0.091359 -0.95106 -0.45504 0.44726 -0.93058 -0.78563 -0.063471 0.19173
3.3965 -0.93729 -1.5175 -2.565 -1.7366 0.14526 -0.40114 -0.58651 -0.4955 -1.1934 -0.65917 0.2686 -0.033505
3.5432 -2.1068 -2.6561 -3.0148 -1.3211 -0.5673 -0.72097 -0.82045 -0.90699 -1.6588 -1.0997 0.43418 -0.13184
3.3103 -2.2665 -2.7347 -2.4527 -1.4477 0.033441 -1.1107 -1.0261 -1.0351 -1.3232 -1.119 0.52873 -0.395
2.8901 -2.2681 -3.3981 -2.4234 -1.3629 -0.85223 -0.64724 -1.2561 -1.0892 -1.6089 -1.0485 0.71284 -0.63459
2.808 -2.0781 -3.4836 -2.1597 -1.0246 -0.92747 -0.58729 -1.0631 -1.4325 -0.90888 -0.82793 0.80145 -0.62467
2.6521 -2.7222 -3.091 -1.6041 -0.77298 -0.83926 -0.22125 -1.0038 -1.3938 -1.0787 -0.91381 0.90862 -0.69642
2.499 -2.0731 -3.4251 -1.9991 -0.27678 -1.1697 -0.072345 -1.3585 -1.2889 -0.92934 -0.68235 0.63436 -0.63064
2.2591 -2.5765 -3.5516 -1.5379 -0.39295 -1.3816 -0.099488 -1.1951 -1.8886 -0.81238 -0.70916 0.53238 -0.37058
1.6917 -2.3499 -2.9345 -1.1026 -0.023257 -1.4422 -0.19553 -0.92478 -1.5681 -0.27824 -0.65112 0.15381 -0.42268
1.6073 -2.4433 -3.2185 -0.76354 0.0044821 -1.47 -0.4777 -0.92473 -1.0752 -0.5576 -0.99809 0.19317 -0.072679
1.486 -2.2157 -3.5616 -1.0332 0.10858 -1.6698 -0.30238 -1.1919 -1.4974 -0.83343 -0.84183 -0.19532 -0.01688
1.7461 -2.1163 -3.4119 -1.3657 0.019812 -1.5125 0.24398 -1.408 -1.6807 -0.92464 -0.64854 -0.26008 0.063266
2.1443 -2.0887 -3.7895 -1.5398 0.26178 -1.5277 -0.26481 -0.81388 -1.407 -0.4989 -0.40733 -0.20037 0.56629
2.209 -2.1597 -4.0325 -1.8002 0.016589 -1.1574 -0.17546 -1.3932 -1.1221 -0.53986 -0.5657 -0.4259 0.53362
2.7602 -2.5576 -4.5651 -2.6005 -0.085152 -1.0374 -1.0248 -1.3575 -0.57981 -0.44751 -0.31533 0.20765 0.61671
3.1357 -1.7167 -4.3991 -2.3142 0.59858 -0.5636 -1.0441 -0.87005 -0.15084 -0.63821 -0.18627 0.34805 0.76565
3.1568 -2.2252 -4.9436 -2.8348 0.31012 -0.77123 -0.87669 -0.7481 -0.21723 -0.31343 -0.33175 0.56483 0.96625
3.1324 -2.5463 -5.0944 -3.0639 0.27638 -0.90921 -1.0061 -0.72191 -0.031564 -0.14895 -0.13874 0.46803 1.0467
2.9591 -2.4878 -4.8926 -2.8047 0.12145 -0.81486 -0.70498 -0.93069 0.2938 -0.47917 -0.4358 0.59839 0.82671
2.6406 -2.484 -4.4649 -3.0551 -0.058666 -0.66969 -0.93483 -0.60064 0.21935 -0.29027 -0.26838 0.80434 0.95721
2.4208 -2.5216 -4.4005 -3.571 -0.20985 -0.93355 -1.1266 -0.83235 0.27147 -0.38463 -0.42706 1.0187 1.1582
2.0898 -2.518 -4.0187 -3.3278 -0.11545 -0.63638 -1.1261 -0.84381 0.15672 -0.24811 -0.47749 0.7676 1.1514
1.3078 -2.0269 -3.2953 -3.2299 0.16067 -0.48176 -1.0489 -1.0009 0.031498 -0.26851 -0.58414 0.34028 0.5157
0.50259 -2.1646 -3.3997 -3.6101 0.51395 -0.56102 -0.73533 -0.5413 0.12665 -0.075386 -0.27992 0.91193 1.2842
