4.8484 -5.0239 -3.5127 -2.0003 0.16994 -0.22564 -0.78678 -0.74362 -0.059298 0.077249 -0.72362 0.34751 -0.55255
5.1179 -5.4735 -4.2925 -2.9877 0.13369 0.24236 -0.45878 -0.55525 -0.52362 -0.69465 -0.97849 0.66231 -0.64084
5.3863 -5.5442 -4.4064 -2.6675 -0.14111 0.19138 -0.21485 -0.57906 -0.43184 -1.0214 -1.1168 0.33852 -0.99543
5.6732 -5.9536 -4.1187 -2.9057 -0.37194 -0.20096 0.22762 -0.45917 -0.39667 -1.1312 -1.0544 0.45634 -1.0674
5.5279 -5.3099 -4.1657 -2.6961 -0.89911 -0.41851 0.2894 -0.23507 -0.51764 -1.4911 -1.038 0.2438 -1.0112
5.4731 -4.8063 -3.3137 -2.5914 -1.1994 -0.41334 0.55059 -0.15268 -0.087734 -1.3747 -0.98728 0.31478 -1.2571
5.4462 -3.7688 -3.8091 -2.3451 -1.37 -0.91202 0.42887 -0.036029 -0.068526 -1.7236 -0.60057 -0.26619 -0.81714
4.9286 -3.7428 -2.915 -2.7813 -1.466 -1.2555 -0.45614 0.19071 -0.27194 -1.7732 -0.21059 -0.25777 -0.29876
3.7491 -3.1796 -1.7119 -2.4233 -1.5196 -2.0175 -0.075144 -0.51425 -0.49375 -1.1848 -0.50679 -0.39329 -0.18329
2.7315 -3.442 -1.2589 -1.0883 -1.2997 -2.1472 -0.8924 -0.13541 -0.70108 -0.85595 -0.26482 -0.21929 -0.66757
3.0134 -3.2251 -0.68413 -1.4131 -1.1183 -2.3171 -0.56744 -0.1168 -0.3725 -0.86704 0.025119 -0.82694 0.13383
3.3019 -2.7673 -0.61912 -2.0293 -1.381 -2.1272 -0.57561 -0.57618 -0.3942 -1.3277 -0.23474 -0.54636 -0.2959
2.7271 -2.2672 0.52508 -1.1828 -1.6322 -1.3059 0.27514 -1.1714 0.39596 -1.1531 -0.081663 -0.73825 -0.044255
1.3977 -2.5651 1.03 -0.053717 -1.2346 -0.96643 -0.32209 -1.3727 0.47194 -0.37595 -0.18721 -0.66282 0.12832
-0.2559 -2.9833 0.59061 0.37587 0.69416 0.1886 -0.61119 -1.0094 -0.27467 -0.14913 0.046716 0.49982 -0.62275
-0.65936 -3.0798 0.41217 0.30832 0.64705 0.26856 -0.37031 -0.57118 -0.076297 -0.43146 -0.92731 -0.28063 -0.57966
-1.6327 -3.1891 0.21998 -0.30132 -0.11553 -0.44786 -0.63704 -1.0035 -0.69393 -0.18252 0.47097 0.19043 -0.7702
-1.9303 -3.3006 0.28825 -0.38227 -0.39444 -0.64762 -0.52735 -1.0757 -1.0321 -0.17038 0.84056 0.0015537 -1.0464
-1.0602 -3.5231 -0.41528 -0.66408 0.065104 -0.37223 -0.6131 -0.60872 -0.89588 -0.43066 -0.17345 -0.20956 -0.67005
1.7037 -3.1932 0.05987 -0.22444 -0.92916 -0.56986 -0.15748 -0.49876 0.19187 -0.4556 -0.26815 -0.46621 -0.47018
3.5058 -1.7723 -0.62557 -2.5051 -0.99014 -0.82838 0.15863 -0.58663 0.83017 -0.45702 -0.31033 -0.91892 0.20538
4.3716 -2.2947 -1.8561 -3.4954 -0.72514 -0.96883 0.31092 -0.20839 -0.28407 -0.92657 -0.58236 -1.0811 -0.41613
4.8178 -2.7769 -2.4899 -4.1435 -0.58172 -0.79011 0.14837 -0.645 -0.67173 -1.0522 -1.0184 -0.89901 -0.31728
4.8916 -2.7058 -2.8459 -3.894 -0.26795 -0.27963 0.48597 -0.61377 -0.65286 -0.76856 -1.0026 -0.35766 -0.33449
4.8952 -3.2668 -3.5877 -3.8563 -0.65109 -0.50036 0.0012916 -1.3211 -0.63521 -1.0261 -0.8759 -0.31514 -0.63052
4.8347 -3.4924 -3.6017 -3.8693 -0.45067 -0.065346 -0.61501 -1.4345 -0.35422 -1.3201 -0.85617 -0.24206 -1.0375
4.7696 -3.4449 -3.9747 -3.3118 0.077654 -0.34596 -0.37771 -1.4341 -0.33179 -0.81894 -0.57116 -0.15386 -0.73021
4.7214 -3.8557 -3.8556 -3.1684 0.074927 -0.31671 -0.63827 -1.2727 -0.54074 -0.67516 -0.77026 -0.0027561 -0.95939
4.5862 -3.7017 -3.7227 -3.2264 0.68697 -0.018406 -0.7104 -0.63811 -0.5654 -0.49164 -0.60464 -0.017885 -0.91631
4.3056 -3.7441 -3.5798 -3.0351 0.55737 -0.30907 -0.92734 -0.59312 -1.0217 -0.21977 -0.67591 -0.33646 -0.62221
4.0398 -3.8961 -3.2036 -3.2028 0.62134 -0.2906 -1.0981 -0.63124 -0.77539 -0.34395 -0.66381 -0.020406 -0.71856
4.0312 -3.4968 -3.3722 -3.3938 0.42752 -0.42096 -0.78233 -0.96616 -0.72093 -0.25274 -0.68632 -0.25057 -0.69385
4.3561 -3.6679 -3.3156 -3.3336 0.58592 -0.32116 -1.0862 -0.96846 -1.0165 -0.098709 -0.84166 -0.19466 -0.58188
4.3275 -4.3354 -3.4893 -3.2233 0.20821 -0.29882 -1.0219 -1.0064 -0.76872 -0.28042 -0.86975 -0.48948 -0.49022
4.3205 -4.0225 -3.0779 -2.7181 0.19094 -0.065273 -0.6368 -1.0599 -0.55953 -0.44405 -0.7233 -0.24465 -0.48314
4.2535 -4.1762 -3.2228 -3.1711 -0.071486 -0.33479 -0.81441 -1.3741 -0.87238 -0.56539 -0.44468 0.02236 -0.41546
4.2614 -3.9634 -3.3452 -3.4262 -0.46422 -0.50852 -0.63946 -1.5025 -1.1015 -0.8718 -0.64122 -0.18608 -0.92829
4.088 -3.3712 -3.0368 -3.6477 -0.74904 0.14353 -0.43005 -1.6185 -0.82468 -0.58382 -0.79968 0.30774 -1.0322
3.881 -3.3617 -2.5552 -3.3909 -0.55782 0.10232 -0.51936 -1.234 -0.59123 -0.79896 -0.096411 0.42657 -0.76696
3.7036 -4.3197 -2.9507 -2.8138 -0.70895 -0.44217 -0.10333 -1.1853 -0.64376 -0.54379 -0.5631 0.34288 -0.39101
3.1593 -4.4421 -2.807 -3.4742 -1.0989 -0.78509 -0.41657 -0.96493 -0.56308 -0.57216 -0.069308 0.69272 -0.12556
2.952 -4.669 -2.6136 -3.2538 -1.3565 -0.56578 0.057175 -1.0069 -0.7773 -0.22207 0.13118 0.52305 -0.039473
1.4738 -4.6908 -1.8847 -2.3676 -0.3529 -0.33799 -0.21343 -0.34972 -0.57492 -0.38476 -0.39701 0.20723 0.022603
