-2.1084 -2.4174 -0.59387 -2.5175 -0.27285 -0.47689 -0.10121 -0.29322 0.10596 0.37437 -0.12047 0.0364 0.27203
-1.2214 -2.2956 -0.41795 -2.6903 0.21902 -0.49641 -0.62639 -0.32882 0.59201 0.58812 -0.59973 0.21174 0.23526
-0.37292 -2.7754 -0.46046 -1.4399 -0.38423 -0.15467 -0.39199 -0.5193 1.2409 0.34485 -0.9673 -0.51167 0.17975
0.037237 -2.4485 -0.32624 -1.6278 -0.78486 -0.496 -0.078907 -0.6632 0.6474 0.10087 -0.47564 -0.91586 0.49618
0.73129 -2.2843 -0.40963 -1.9651 -0.46221 -0.41208 -0.67301 -0.69063 0.63906 -0.13504 -1.0172 -0.38208 -0.11925
1.2931 -1.7782 -0.66564 -2.2874 -0.24854 -0.33901 -0.87549 -0.50596 0.58838 -0.13307 -1.0895 -0.58428 0.050614
1.4047 -1.5412 -0.93174 -2.333 -0.052715 -0.15764 -0.38079 -0.26939 0.29596 -0.3884 -0.68243 -0.51786 -0.1005
1.3263 -1.2208 -0.19737 -2.2138 -0.44878 -0.29681 -0.26083 -0.28795 0.11889 -0.3682 -0.44754 -0.53391 0.11013
1.199 -0.88649 -0.048163 -1.69 -0.32737 -0.64622 -0.062495 -0.7616 0.27998 0.035152 -0.4341 -0.47444 0.095342
-1.6519 -1.8144 0.25384 -1.0874 -0.04757 -0.45203 -0.029352 0.14741 0.59971 0.061726 -0.22258 -0.047078 -0.086478
-0.83506 -0.7001 0.2039 -0.52059 0.0066047 -0.10279 0.16866 -0.9958 0.59513 -0.34205 -0.25113 0.022113 -0.20045
1.8758 -0.44286 -0.61076 -1.8867 -0.55209 -0.99945 -0.087631 -1.1552 0.44456 0.012527 -0.018492 -0.92726 -0.13068
1.687 -0.080799 0.0976 -2.168 -0.97888 -0.73983 0.14685 -1.3332 0.60095 -0.14991 0.43716 -0.58342 -0.38192
-0.15147 -1.5413 0.80055 -0.9107 -0.69773 -0.62469 -0.18012 -1.0784 0.48423 0.05979 0.47441 0.23805 -0.16867
-1.8266 -2.4951 0.98285 0.56004 0.31524 -0.17978 -0.691 -1.0445 0.52097 0.12088 -0.08818 0.14297 -0.75088
-1.9453 -2.5445 1.0017 0.75367 0.30884 0.24125 -0.070958 -0.75145 0.20751 -0.16429 -0.073969 -0.021476 -0.69972
-1.9567 -2.5754 1.171 1.0752 0.48467 0.39814 -0.25395 -1.0857 0.47349 -0.20828 -0.3679 -0.034288 -1.0715
-1.8449 -2.5676 1.2852 1.2381 0.7576 0.32381 -0.71378 -1.3006 0.56557 -0.25076 -0.81905 0.11442 -0.78644
-2.0249 -2.6174 1.0101 0.86914 0.6862 0.27612 -0.61026 -1.1451 0.26289 -0.10279 -0.32533 0.23923 -0.84443
-2.0569 -2.6575 1.083 0.94918 0.66626 0.45919 -0.13749 -0.55297 0.56602 -0.29183 -1.0432 -0.42467 -0.88739
-1.696 -3.7421 0.87827 0.95161 0.4002 0.57316 0.047685 -0.66063 0.16414 0.30772 -0.81741 -0.13241 0.15105
0.090022 -1.1988 0.62177 -1.6882 -0.89231 -0.62074 0.96874 -0.69411 -0.13997 -0.26751 0.33398 -0.36022 -0.49317
1.6031 -0.3407 0.64812 -2.3433 -1.0993 -0.66197 0.72757 -0.90339 -0.097627 0.064882 0.71586 -0.55927 -0.42298
1.9435 -0.39367 0.27813 -2.8266 -1.3642 -0.3219 0.86713 -1.2161 -0.13645 0.35652 0.16355 -0.62615 -0.42057
1.9538 -0.65283 -0.39705 -2.8698 -0.60094 -0.23768 0.40871 -0.95807 0.23184 0.3239 -0.45844 -0.58883 -0.33344
1.9816 -1.1284 -0.84852 -2.9324 -0.64185 -0.20139 -0.031722 -0.80814 0.021934 0.079492 -0.56539 -0.81748 -0.10668
1.896 -1.0993 -0.79972 -2.9886 -0.5805 0.0032482 0.22207 -0.54638 -0.043843 0.13918 -0.52757 -0.66801 0.10794
1.9435 -1.3872 -1.2876 -2.8212 -0.041827 0.039166 -0.064667 -0.31077 0.1077 0.11128 -0.91538 -0.44457 0.14879
1.8565 -1.5161 -1.8271 -2.4866 -0.21435 -0.20601 0.2019 -0.50829 -0.083885 0.012518 -0.75547 -0.56858 0.15677
1.7837 -1.9416 -2.1155 -1.9213 -0.22732 0.22948 0.29564 -0.62796 0.11741 0.078324 -1.172 -0.27133 0.11092
1.5992 -1.6437 -1.7676 -2.3973 0.077475 0.1658 -0.49637 -0.25074 -0.067012 -0.015492 -1.016 -0.28967 -0.014334
1.2878 -1.9226 -1.3692 -2.4014 0.32753 0.15124 -0.18948 -0.29309 -0.25702 -0.18584 -0.71405 -0.19859 -0.10227
1.3412 -2.059 -1.1412 -1.9428 0.058666 0.55232 -0.56889 -0.25355 -0.30197 -0.061566 -0.73769 -0.49423 0.38449
1.374 -1.9581 -1.28 -2.184 -0.16265 0.3245 -0.51166 -0.7199 0.048787 -0.09769 -0.50383 -0.37023 0.069818
1.3462 -1.7254 -0.93357 -2.3361 0.084458 0.19661 -0.54765 -0.26843 -0.25326 -0.36757 -0.46884 -0.59596 0.17503
1.2922 -1.8144 -0.74844 -2.238 0.013134 0.32967 -0.33335 -0.54697 -0.25636 -0.26045 -0.71078 -0.28619 0.13267
1.5879 -1.7613 -1.2427 -2.0477 0.13244 0.17178 -0.37127 -0.53492 -0.20155 -0.25475 -0.6071 -0.32375 0.32904
1.3552 -1.8727 -0.86412 -1.9002 -0.079368 0.20501 -0.45885 -0.64033 0.0040385 -0.27139 -0.70138 -0.25265 0.13218
1.3141 -1.648 -0.98262 -2.3899 -0.16128 0.14419 -0.34905 -0.57003 -0.30502 -0.071721 -0.59345 -0.57051 0.50826
1.1989 -2.1182 -1.7974 -1.892 -0.0067527 0.16972 -0.10387 -0.87237 0.20569 0.28811 -1.2484 0.37221 -0.10405
0.61189 -2.2403 -1.4593 -2.047 -0.307 0.26281 -0.60025 -0.64295 -0.019956 0.25683 -0.71024 -0.067651 0.29879
