1 -11 -1 -6 -19 32
1 -11 -1 -5 -18 13
1 -11 -1 -6 -18 6
1 -11 0 -5 -18 6
1 -11 -1 -6 -18 6
1 -11 -1 -6 -18 3
1 -11 -1 -6 -18 3
1 -11 -1 -6 -19 3
1 -11 -1 -6 -19 3
1 -11 -1 -6 -19 3
1 -11 -1 -6 -19 650
1 -12 0 -6 -19 470
1 -12 0 -6 -18 1520
1 -11 -1 -6 -18 1850
1 -12 -1 -6 -19 2186
1 -11 -1 -6 -19 2250
1 -11 -1 -6 -19 2298
1 -12 0 -6 -19 2330
1 -12 0 -6 -19 2365
1 -11 0 -6 -19 2394
1 -12 0 -6 -19 2397
2047 900 -60 618 -42 2442
2047 1021 -56 621 -46 2413
2047 911 -45 612 -46 2403
2047 805 -41 609 -47 2403
2047 744 -38 607 -47 2403
2047 690 -35 605 -47 2400
2047 660 -33 604 -47 2397
2047 636 -32 604 -47 2400
2047 613 -30 603 -47 2400
2047 601 -29 603 -47 2397
2047 589 -28 603 -47 2397
2047 580 -28 603 -47 2400
2047 573 -28 603 -47 2400
39 -2 0 -3 -18 2317
2 -11 -1 -5 -18 256
1 -11 0 -5 -18 83
1 -11 0 -6 -19 51
1 -11 0 -6 -19 32
1 -11 0 -6 -19 22
1 -11 0 -6 -19 16
1 -11 0 -6 -19 13
1 -11 0 -6 -19 10
1 -11 0 -6 -19 10
1 -12 0 -6 -19 618
1 -11 0 -6 -19 797
1 -11 0 -6 -19 1187
1 -11 0 -6 -19 1277
1 -11 0 -6 -19 1296
1 -11 0 -6 -21 1328
1 -11 -1 -6 -20 1357
1 -11 -1 -5 -17 1382
1 -11 -1 -5 -17 1382
529 377 50 487 388 1386
1007 806 -54 554 31 1392
1146 965 -77 547 -45 1392
1151 968 -80 549 -44 1392
1151 968 -81 549 -45 1392
1152 969 -82 550 -43 1392
1153 969 -82 550 -42 1395
1154 969 -83 549 -44 1395
1156 969 -83 550 -44 1392
1156 969 -84 550 -44 1392
1156 969 -84 550 -44 1395
1158 970 -85 550 -45 1395
1162 974 -86 550 -44 1392
1164 975 -87 550 -45 1392
1163 974 -87 550 -45 1392
1163 973 -87 550 -45 1392
1165 975 -88 550 -46 1392
1165 974 -88 550 -46 1392
1166 975 -88 550 -46 1392
1168 976 -89 550 -46 1392
1168 976 -89 550 -45 1389
1154 958 -87 550 -45 1395
1169 975 -90 550 -46 1389
1169 975 -90 550 -46 1389
1169 974 -90 550 -46 1392
1169 975 -91 550 -46 1392
1169 975 -91 551 -46 1389
1171 975 -91 551 -45 1389
1171 976 -91 551 -45 1389
1171 975 -92 551 -45 1389
1171 975 -92 551 -46 1392
1172 975 -92 551 -45 1389
1172 975 -92 551 -45 1392
1173 976 -92 551 -45 1389
1173 976 -93 550 -46 1389
1174 977 -93 551 -46 1392
1174 976 -93 551 -46 1392
1173 976 -93 551 -46 1392
1174 976 -93 551 -45 1392
1174 975 -94 551 -46 1392
1174 975 -94 551 -46 1392
1174 975 -94 551 -46 1392
1176 976 -94 551 -46 1392
1175 976 -94 551 -45 1389
1176 976 -94 551 -46 1389
1176 976 -94 551 -46 1389
1176 976 -94 552 -45 1389
1174 974 -94 550 -45 1389
1174 974 -94 550 -45 1392
1174 974 -94 550 -46 1389
1174 973 -94 550 -46 1392
1175 974 -94 550 -45 1389
1174 973 -94 550 -45 1392
1174 973 -94 550 -46 1389
1176 974 -94 550 -45 1389
1176 974 -94 550 -46 1389
1175 973 -94 551 -46 1389
1176 974 -94 551 -46 1389
1175 973 -95 551 -46 1389
1175 973 -95 550 -46 1389
1176 973 -95 550 -45 1392
1175 972 -95 551 -46 1392
1176 973 -95 551 -45 1389
1176 973 -95 551 -45 1392
1176 973 -95 551 -46 1389
1176 972 -95 551 -45 1392
1174 972 -95 551 -45 1395
1174 971 -95 550 -46 1395
1175 972 -95 551 -45 1392
1175 971 -95 551 -46 1392
1175 971 -95 551 -46 1392
1175 971 -95 551 -46 1392
1176 972 -95 551 -45 1392
1176 972 -95 551 -46 1392
1177 973 -95 551 -46 1392
1177 973 -95 551 -46 1392
1177 973 -95 551 -46 1392
1178 973 -95 551 -46 1392
1177 973 -95 551 -46 1389
1178 973 -95 551 -46 1392
1178 973 -95 551 -45 1392
1178 973 -95 551 -46 1389
1177 972 -95 551 -45 1395
1176 972 -95 551 -45 1392
1176 972 -95 551 -46 1392
1177 972 -95 551 -45 1392
1 -11 -1 -5 -19 608
1 -11 -1 -5 -19 410
1 -11 -1 -5 -19 397
1 -11 0 -5 -18 394
1 -11 0 -5 -19 394
1 -12 -1 -5 -19 394
1 -11 -1 -5 -19 394
1 -11 -1 -6 -19 394
1 -11 -1 -6 -19 394
