1 -11 -1 -6 -16 32
1 -11 -1 -6 -16 13
1 -11 -1 -5 -16 6
1 -11 -1 -6 -17 3
1 -11 -1 -6 -17 3
1 -11 -1 -6 -17 3
1 -11 -1 -6 -17 3
1 -11 0 -6 -17 3
1 -11 0 -6 -17 3
1 -11 -1 -6 -17 3
1 -11 0 -6 -17 669
1 -11 0 -6 -17 493
1 -11 0 -5 -17 1536
1 -11 0 -5 -17 1850
1 -11 0 -5 -17 2106
1 -11 -1 -5 -17 2214
0 -11 -1 -5 -17 2253
0 -12 -1 -5 -16 2288
0 -11 -1 -5 -16 2314
1 -11 -1 -5 -16 2349
0 -12 -1 -5 -16 2390
1 -11 -1 -5 -16 2397
1468 498 -83 550 48 2397
2047 1030 -61 604 -39 2445
2047 1196 -71 604 -44 2416
2047 1104 -67 603 -44 2403
2047 1039 -64 603 -44 2406
2047 980 -61 604 -44 2403
2047 946 -59 603 -44 2400
2047 922 -58 602 -44 2400
2047 900 -57 603 -44 2400
2047 887 -56 603 -44 2400
2047 872 -56 603 -44 2400
2047 862 -55 603 -44 2403
2047 854 -55 603 -44 2400
2047 844 -54 602 -44 2400
52 3 0 -3 -16 2317
1 -11 -1 -5 -16 186
1 -11 -1 -5 -16 83
1 -11 0 -5 -16 48
1 -11 -1 -5 -16 29
1 -11 -1 -5 -16 22
1 -11 -1 -5 -16 13
1 -11 -1 -5 -16 10
1 -11 0 -5 -16 10
0 -11 0 -6 -16 10
1 -12 -1 -5 -16 614
0 -11 -1 -5 -16 1030
0 -11 -1 -6 -17 1200
0 -12 0 -6 -18 1331
0 -11 -1 -5 -15 1338
0 -11 -1 -5 -15 1363
0 -11 -1 -5 -15 1386
536 382 48 487 399 1386
996 786 -35 553 44 1389
1167 974 -72 547 -43 1389
1172 977 -86 549 -42 1392
1173 978 -93 549 -41 1389
1174 979 -96 550 -40 1389
1176 980 -99 550 -39 1392
1177 980 -100 550 -42 1389
1179 980 -102 550 -42 1389
1180 981 -103 550 -42 1389
1178 979 -103 550 -42 1392
1183 984 -105 550 -43 1389
1185 986 -106 550 -43 1392
1184 985 -106 550 -43 1392
1184 984 -107 550 -44 1392
1186 986 -107 550 -43 1392
1187 986 -108 550 -43 1392
1188 987 -108 550 -43 1392
1188 986 -108 550 -43 1392
1189 988 -108 550 -44 1392
1190 989 -107 551 -42 1392
1192 989 -108 550 -43 1389
1191 988 -108 551 -42 1389
1190 988 -108 551 -42 1392
1192 988 -108 551 -42 1392
1192 988 -108 551 -42 1392
1192 988 -108 551 -42 1392
1193 989 -108 551 -42 1392
1193 989 -108 551 -42 1392
1192 988 -107 551 -42 1392
1193 989 -107 551 -42 1392
1193 989 -107 551 -42 1392
1194 989 -107 551 -42 1392
1193 989 -107 551 -42 1392
1193 989 -107 552 -42 1392
1190 986 -106 550 -42 1395
1190 986 -106 550 -42 1395
1192 987 -106 550 -42 1395
1192 986 -106 550 -42 1395
1192 987 -106 550 -42 1392
1191 986 -106 551 -42 1395
1192 986 -105 551 -42 1395
1191 986 -105 551 -42 1395
1192 987 -105 550 -42 1395
1192 986 -105 550 -43 1395
1194 988 -105 550 -43 1392
1194 988 -104 550 -43 1392
1195 989 -104 550 -43 1392
1194 989 -104 550 -43 1392
1194 989 -104 550 -43 1389
1194 988 -104 550 -43 1392
1195 989 -104 551 -43 1392
1195 989 -104 550 -43 1389
1196 990 -104 551 -43 1389
1196 990 -104 551 -43 1389
1195 988 -104 551 -43 1392
1194 988 -103 550 -43 1392
1194 988 -103 551 -43 1389
1195 989 -103 551 -42 1389
1196 989 -103 551 -43 1389
1196 990 -103 551 -43 1389
1196 989 -103 551 -43 1392
1196 990 -103 551 -43 1389
1197 990 -103 551 -43 1389
1197 991 -103 551 -43 1389
1197 991 -103 551 -42 1389
1199 992 -103 551 -43 1386
1199 992 -103 551 -43 1389
1199 993 -103 551 -43 1386
1199 992 -102 551 -43 1389
1199 993 -103 551 -43 1386
1199 992 -102 551 -43 1386
1199 992 -102 551 -43 1389
1198 991 -102 551 -43 1389
1196 989 -102 551 -43 1389
1195 988 -102 551 -43 1392
1194 988 -102 551 -43 1392
1196 989 -102 551 -43 1392
1196 989 -102 551 -43 1392
1195 989 -102 551 -43 1395
1195 989 -102 551 -43 1395
1197 991 -102 551 -43 1392
1197 990 -102 551 -44 1392
1198 991 -102 551 -43 1392
1198 992 -102 551 -43 1389
1199 993 -102 551 -43 1389
3 -9 -1 -4 -17 973
1 -11 0 -5 -17 419
1 -11 0 -5 -17 397
1 -11 0 -5 -17 394
1 -11 -1 -6 -17 394
1 -11 0 -5 -17 394
1 -11 0 -6 -17 394
1 -11 0 -6 -17 394
0 -11 0 -6 -17 394
