1 -11 -1 -5 -19 32
1 -11 -1 -5 -18 13
1 -11 -1 -5 -18 10
1 -11 -1 -5 -18 6
1 -11 -1 -5 -19 3
1 -12 -1 -5 -19 3
1 -11 0 -6 -19 3
1 -11 0 -5 -18 3
1 -11 0 -5 -19 3
1 -11 -1 -5 -18 3
1 -11 -1 -5 -18 646
1 -11 -1 -5 -19 480
1 -11 0 -5 -18 1530
1 -12 0 -5 -19 1818
1 -11 0 -5 -19 2099
1 -12 -1 -5 -19 2182
1 -12 0 -5 -18 2237
1 -12 -1 -5 -18 2282
1 -11 0 -6 -18 2310
1 -12 -1 -5 -18 2336
1 -12 0 -6 -19 2368
1 -11 0 -5 -19 2406
1 -11 0 -5 -18 2403
1046 312 -73 544 164 2403
2047 891 -57 603 -60 2464
2047 844 -38 601 -85 2419
2047 716 -30 602 -85 2403
2047 609 -25 603 -86 2403
2047 556 -24 603 -86 2400
2047 520 -22 603 -87 2400
2047 489 -21 603 -87 2397
2047 473 -21 603 -87 2400
2047 459 -20 603 -87 2397
2047 449 -20 603 -87 2397
2047 441 -19 603 -87 2400
2047 433 -18 604 -87 2400
2047 427 -18 602 -87 2400
10 -10 -1 -4 -19 1773
2 -11 -1 -5 -19 186
1 -11 0 -5 -19 83
1 -11 0 -5 -19 45
1 -11 -1 -5 -18 32
1 -11 -1 -5 -18 22
1 -11 -1 -5 -18 16
1 -11 -1 -5 -19 13
1 -11 -1 -5 -18 10
1 -11 -1 -5 -18 10
1 -12 0 -5 -18 701
1 -11 -1 -5 -18 1011
1 -11 -1 -6 -21 1171
1 -11 -1 -6 -20 1309
1 -11 -1 -5 -18 1334
1 -11 0 -5 -18 1366
1 -11 -1 -5 -18 1382
602 426 22 485 234 1386
1039 787 -73 548 -49 1389
1146 903 -96 546 -85 1389
1146 900 -97 548 -83 1389
1148 903 -97 550 -82 1389
1148 904 -97 551 -81 1392
1149 906 -98 550 -83 1392
1150 909 -98 550 -83 1392
1151 911 -99 550 -84 1392
1151 913 -99 550 -84 1392
1152 916 -99 550 -84 1392
1152 918 -99 550 -84 1392
1153 921 -99 551 -84 1392
1154 924 -100 551 -84 1392
1154 925 -100 551 -84 1395
1155 927 -100 551 -84 1392
1156 929 -100 551 -84 1392
1157 931 -100 552 -84 1389
1158 933 -100 550 -86 1392
1156 933 -100 550 -83 1392
1156 933 -100 550 -83 1392
1156 934 -100 550 -83 1392
1157 936 -100 551 -83 1392
1158 937 -100 551 -83 1392
1158 938 -100 550 -83 1389
1160 940 -101 551 -83 1386
1160 941 -100 551 -83 1389
1160 941 -100 551 -83 1389
1160 942 -101 551 -83 1389
1160 942 -101 551 -83 1389
1160 942 -101 551 -83 1389
1161 943 -101 551 -83 1392
1160 942 -100 551 -83 1392
1161 943 -101 551 -84 1392
1161 944 -101 551 -83 1392
1161 944 -101 551 -83 1392
1161 944 -101 552 -83 1392
1161 944 -100 552 -83 1392
1160 943 -101 550 -83 1392
1161 944 -101 550 -83 1389
1160 944 -101 550 -83 1389
1161 944 -101 550 -83 1392
1161 945 -101 550 -83 1392
1161 945 -101 551 -83 1389
1161 946 -101 550 -83 1389
1161 945 -101 550 -83 1389
1161 946 -101 550 -84 1389
1161 946 -101 550 -84 1392
1161 947 -101 550 -84 1392
1161 947 -101 550 -84 1392
1162 946 -102 550 -84 1389
1161 946 -102 550 -84 1392
1161 946 -101 550 -84 1389
1162 946 -102 550 -84 1389
1161 946 -102 551 -83 1389
1162 946 -102 551 -84 1392
1161 946 -102 550 -84 1392
1161 946 -102 551 -84 1392
1162 946 -102 551 -84 1392
1162 946 -102 550 -84 1392
1161 945 -102 551 -84 1392
1162 946 -102 551 -84 1392
1162 946 -102 550 -85 1392
1162 945 -102 550 -84 1392
1162 946 -102 551 -84 1392
1162 946 -102 551 -84 1389
1163 946 -102 551 -84 1389
1164 947 -103 551 -84 1389
1163 946 -103 550 -84 1389
1164 946 -103 551 -84 1389
1163 946 -103 551 -84 1389
1164 946 -103 551 -84 1389
1163 946 -103 551 -84 1389
1164 946 -103 551 -84 1389
1163 946 -103 551 -84 1389
1163 946 -103 551 -84 1392
1163 945 -103 551 -84 1392
1164 945 -103 551 -84 1392
1164 946 -103 551 -84 1392
1164 947 -103 551 -83 1392
1164 946 -103 551 -83 1392
1164 946 -103 551 -84 1389
1165 947 -103 551 -83 1389
1164 945 -103 550 -83 1389
1164 946 -103 550 -83 1389
1163 945 -103 550 -83 1389
2 -11 -1 -5 -19 611
1 -11 0 -5 -19 419
1 -11 -1 -5 -19 394
1 -11 -1 -5 -19 394
1 -11 -1 -6 -19 394
1 -11 0 -6 -19 394
1 -11 0 -5 -19 394
1 -11 -1 -6 -19 394
1 -11 -1 -6 -19 394
