1 -11 0 -5 -17 3
1 -11 -1 -5 -16 3
1 -11 -1 -5 -16 3
1 -11 -1 -5 -16 3
1 -11 -1 -5 -16 624
1 -12 -1 -5 -16 490
1 -11 -1 -5 -16 1526
1 -12 -1 -5 -16 1840
1 -12 -1 -5 -16 2096
1 -12 -1 -5 -16 2234
1 -12 -1 -5 -16 2240
1 -12 -1 -5 -16 2278
1 -11 -1 -5 -16 2307
1 -11 -1 -5 -16 2339
1 -12 -1 -5 -16 2384
1 -11 -1 -5 -16 2397
1129 343 -81 548 163 2400
2047 841 -54 604 -30 2464
2047 955 -45 601 -46 2426
2047 874 -31 602 -47 2400
2047 822 -27 603 -47 2394
2047 773 -24 603 -47 2400
2047 747 -23 604 -47 2403
2047 727 -22 603 -46 2406
2047 712 -21 603 -46 2406
2047 704 -20 603 -47 2403
2047 699 -20 604 -46 2397
2047 696 -20 602 -46 2397
2047 693 -20 603 -46 2394
2047 692 -19 603 -47 2394
45 0 -1 -2 -17 2320
2 -11 0 -4 -16 186
1 -11 0 -5 -16 83
1 -11 0 -5 -16 48
1 -11 0 -5 -16 32
1 -11 -1 -6 -19 22
1 -11 0 -5 -17 16
1 -11 0 -4 -15 13
1 -11 0 -4 -15 10
1 -11 0 -4 -15 10
1 -12 -1 -4 -15 614
1 -12 0 -5 -18 998
1 -12 0 -5 -18 1162
1 -12 -1 -5 -17 1261
1 -11 -1 -5 -17 1360
1 -11 -1 -5 -17 1382
1 -11 0 -5 -17 1382
496 349 41 486 456 1382
964 757 -60 552 41 1382
1129 942 -89 547 -44 1389
1135 946 -91 548 -45 1389
1138 951 -92 550 -44 1386
1140 952 -93 550 -44 1386
1141 953 -93 550 -44 1386
1141 952 -93 551 -44 1389
1140 950 -94 551 -44 1392
1141 950 -94 552 -44 1392
1140 949 -94 551 -44 1392
1141 949 -94 551 -44 1392
1143 950 -95 551 -43 1389
1144 951 -95 551 -43 1389
1144 950 -95 551 -43 1392
1145 950 -96 551 -44 1392
1147 952 -96 551 -43 1389
1147 951 -96 551 -44 1389
1147 951 -96 551 -44 1392
1147 951 -96 551 -44 1392
1149 952 -96 552 -44 1392
1148 951 -96 552 -44 1392
1148 950 -96 552 -44 1392
1147 949 -96 550 -44 1392
1148 950 -96 551 -44 1392
1149 951 -97 551 -44 1389
1151 953 -97 551 -44 1389
1151 953 -97 551 -44 1389
1151 952 -97 551 -44 1389
1154 955 -98 551 -44 1386
1153 954 -98 551 -44 1389
1152 953 -98 551 -44 1389
1152 953 -98 551 -44 1389
1152 953 -98 551 -44 1389
1152 952 -98 551 -44 1392
1151 951 -98 551 -44 1392
1152 952 -98 551 -44 1392
1152 952 -98 552 -44 1392
1149 949 -98 550 -44 1392
1150 949 -98 551 -44 1395
1150 949 -98 551 -44 1392
1150 949 -98 551 -44 1392
1151 950 -98 551 -44 1392
1150 949 -98 551 -44 1392
1151 949 -98 551 -44 1392
1151 950 -98 551 -44 1392
1152 950 -98 551 -44 1392
1152 951 -98 551 -44 1389
1152 950 -98 551 -43 1389
1152 950 -98 552 -43 1392
1152 950 -98 551 -43 1392
1152 950 -98 551 -44 1392
1153 950 -98 551 -43 1392
1153 951 -98 551 -44 1392
1154 951 -98 551 -43 1392
1154 951 -98 551 -44 1392
1153 950 -98 551 -43 1392
1153 950 -98 551 -44 1395
1153 950 -98 551 -44 1395
1153 949 -98 550 -43 1392
1153 949 -98 550 -43 1392
1153 949 -98 550 -44 1392
1151 948 -98 550 -44 1392
1152 949 -98 550 -44 1392
1153 949 -98 550 -43 1389
1154 950 -98 550 -44 1389
1154 950 -99 550 -44 1389
1153 949 -98 551 -43 1392
1153 949 -98 551 -43 1392
1153 949 -99 551 -44 1389
1154 950 -98 551 -43 1392
1155 950 -99 550 -44 1389
1154 950 -99 551 -43 1389
1154 949 -98 551 -43 1392
1155 950 -98 551 -43 1389
1154 950 -98 551 -43 1389
1154 949 -98 551 -43 1389
1153 948 -98 551 -43 1392
1154 949 -98 551 -43 1392
1153 948 -98 551 -43 1392
1153 948 -98 551 -43 1395
1153 948 -98 551 -43 1392
1152 947 -98 551 -43 1392
1152 947 -98 551 -43 1395
1153 948 -98 551 -43 1395
1153 948 -98 551 -43 1395
4 -9 0 -4 -17 982
1 -11 0 -4 -17 419
1 -11 0 -4 -17 397
1 -11 0 -5 -17 394
1 -11 0 -5 -17 394
1 -11 -1 -5 -17 394
1 -12 -1 -5 -17 394
1 -11 -1 -5 -17 394
1 -11 -1 -5 -17 394
