2 -12 -1 2 22 38
2 -11 0 2 22 16
2 -11 -1 2 22 6
2 -11 -1 2 22 6
2 -12 0 2 22 3
2 -12 0 2 22 3
2 -11 0 2 22 3
2 -11 -1 2 22 3
2 -11 -1 2 22 3
2 -11 -1 2 22 3
2 -12 -1 2 22 624
2 -12 0 2 22 496
2 -12 -1 2 22 1408
2 -12 -1 2 22 1843
2 -12 0 2 22 2154
2 -12 -1 2 22 2269
2 -12 -1 2 22 2374
2 -12 0 2 22 2394
1 -12 0 2 22 2400
2047 768 -85 609 100 2461
2047 973 -61 604 -52 2397
2047 901 -48 603 -65 2394
2047 804 -42 602 -67 2394
2047 679 -37 602 -62 2406
2047 627 -36 604 -64 2400
2047 568 -34 603 -66 2400
2047 540 -33 603 -66 2403
2047 511 -32 602 -68 2403
2047 487 -32 602 -66 2397
2047 475 -32 603 -66 2397
2047 459 -31 603 -64 2400
2018 443 -29 602 -68 2400
2032 440 -30 602 -66 2400
3 -11 -1 3 22 429
2 -11 -1 2 22 115
2 -11 -1 2 22 54
2 -11 -1 2 22 38
2 -11 -1 2 22 26
2 -11 0 2 22 19
2 -12 -1 2 22 13
2 -11 -1 2 22 13
2 -11 0 2 22 10
2 -12 -1 2 22 614
2 -12 -1 2 22 758
2 -12 0 2 22 1069
2 -12 0 2 22 1190
2 -12 -1 2 22 1296
2 -12 0 2 22 1315
2 -12 -1 2 22 1386
2 -12 0 1 20 1386
1024 638 -69 558 77 1382
1173 832 -106 550 -47 1389
1184 872 -108 549 -60 1389
1193 907 -108 549 -60 1389
1188 909 -108 549 -61 1389
1191 917 -108 549 -64 1386
1196 924 -109 549 -63 1386
1194 924 -109 550 -63 1386
1213 942 -110 551 -60 1386
1210 937 -111 550 -61 1389
1205 928 -110 551 -63 1389
1211 930 -110 552 -60 1389
1216 930 -111 550 -63 1389
1211 921 -111 550 -63 1386
1231 936 -112 549 -65 1386
1226 925 -112 550 -64 1386
1233 926 -112 550 -64 1386
1229 918 -112 550 -64 1389
1248 931 -113 549 -66 1386
1255 932 -114 550 -65 1386
1245 918 -113 550 -64 1386
1250 920 -114 550 -65 1386
1266 930 -115 550 -66 1386
1265 925 -115 550 -66 1389
1272 927 -116 550 -65 1389
1261 913 -115 550 -64 1392
1245 897 -114 550 -67 1392
1250 900 -114 551 -65 1386
1248 896 -114 550 -65 1386
1238 883 -112 552 -64 1392
1247 891 -113 549 -64 1398
1246 889 -113 549 -64 1389
1257 897 -115 550 -64 1389
1261 903 -113 547 -57 1395
1269 906 -116 549 -64 1392
1069 723 -91 549 -50 1395
1281 915 -115 548 -59 1395
1297 927 -118 549 -66 1392
1295 924 -118 548 -68 1392
1296 924 -118 549 -68 1395
1297 925 -118 549 -66 1392
1298 927 -119 549 -68 1389
1298 927 -119 549 -68 1392
1298 927 -119 550 -67 1392
1298 928 -119 549 -67 1392
23 4 -2 4 21 1366
2 -11 -1 2 22 448
2 -11 0 2 22 400
2 -11 0 2 21 390
2 -11 -1 2 22 390
2 -11 0 2 21 394
2 -12 0 2 21 390
2 -12 0 2 21 390
2 -11 -1 2 21 390
