-0.065141 -4.4219 1.4573 0.20128 0.13327 -0.18316 -0.11718 -1.2266 -0.073705 -0.2825 -0.29411 0.26459 -0.42783
2.2013 -3.6763 0.90012 1.3098 -1.2436 -1.832 -1.023 -1.6311 -0.52699 -0.26793 -0.5393 -0.9836 -0.93708
3.6881 -4.4352 1.3302 1.5845 -1.9377 -1.5941 -0.58404 -2.0566 -0.85795 -0.016806 0.026465 -0.38136 -0.48759
3.6556 -4.0157 1.4841 1.5877 -1.6509 -2.1181 -0.22649 -1.4036 -1.2568 -0.22596 0.58852 -0.24319 -0.18625
3.4963 -4.1301 1.342 1.6377 -1.5285 -2.3405 -0.4375 -1.5711 -0.66613 -0.29251 0.7086 -0.38016 -0.92788
2.9121 -3.5985 1.3128 0.92374 -1.3521 -1.7542 -0.51932 -1.651 -0.62955 -0.6699 0.34178 -0.3199 -0.87582
1.6788 -3.0883 1.0554 0.75982 -0.53603 -0.84293 -0.81319 -1.705 -0.67146 -0.35441 0.37101 -0.15349 -0.29876
0.64858 -3.8719 1.1354 -0.064807 0.59708 -0.4452 -0.63793 -1.2623 -0.064589 0.090992 0.26938 0.41097 -0.87508
-0.48117 -4.6355 1.2186 -0.42512 0.072886 -0.41854 0.38246 -0.27217 -0.15736 0.02935 0.27326 -0.0088824 -0.5028
-0.45303 -5.0394 1.5449 -0.24684 0.56065 -0.96521 0.033902 -0.77283 -0.33241 0.30096 0.40348 0.45133 -0.17754
-2.8631 -4.0858 0.2666 -0.98966 -0.72841 -0.73397 -0.081498 -0.37677 -0.69502 -0.05112 0.68127 0.10751 -0.14306
-3.1399 -3.633 0.43999 -0.22853 0.38218 0.14561 0.26587 0.22977 0.43617 0.17512 0.7277 0.73384 1.0022
0.047826 -6.404 1.9694 -0.79802 2.2615 0.033406 0.4698 1.1441 0.38871 0.10549 0.015356 0.18841 0.41251
0.034056 -7.5621 1.1604 -0.15587 0.085396 -0.10359 0.40346 -0.0020414 0.39768 0.26333 0.22321 0.32657 0.0058477
0.018188 -4.0806 1.7122 -0.18207 0.2034 -0.46753 0.56166 -0.64664 0.51522 0.13202 -0.3992 0.47609 -0.55122
2.3334 -2.064 0.25379 -0.67161 -1.3226 -1.6784 -0.31318 -1.2761 0.29135 -0.85758 -0.014376 -0.65444 -0.52272
4.1408 -2.9076 -1.8523 -0.84795 -1.3332 -1.9075 -0.64754 0.078117 0.35815 -0.55383 -0.25104 -0.35021 -0.91592
5.1461 -3.1729 -2.6526 -1.1522 -1.6079 -1.6503 -0.023185 0.27907 0.98385 -0.6755 -0.64928 -0.41023 -0.70296
4.9649 -3.3462 -3.2207 -1.5966 -1.0145 -1.7285 0.23867 0.10949 0.64409 -0.55967 -1.3169 -0.54978 -0.4233
5.0428 -3.7791 -3.8116 -2.0725 -1.0063 -1.4382 0.011133 0.096052 0.43177 -0.69473 -1.67 -0.79474 -0.27469
5.1169 -3.8435 -4.1829 -2.4811 -1.0348 -1.0837 0.39045 0.020136 0.35768 -0.65119 -1.6924 -1.1828 -0.25725
5.0488 -3.6278 -3.8855 -2.3902 -0.48221 -0.77129 0.37103 0.14482 0.029777 -0.084396 -1.619 -0.8851 -0.06283
5.123 -3.1883 -3.8233 -2.845 -0.26481 -0.92158 0.45442 -0.06474 0.12797 0.042619 -1.5667 -1.2397 -0.0083562
4.6683 -2.5635 -3.3025 -2.9522 0.15164 -0.49514 0.33952 -0.42284 -0.041593 0.0071113 -1.4427 -0.93783 -0.22424
4.4272 -2.617 -2.9593 -2.6366 -0.23641 -0.47181 -0.14085 -1.1169 0.014758 0.25655 -1.4993 -1.1093 -0.50128
4.6079 -2.5208 -2.8359 -3.0371 -0.24734 -0.66122 0.0093082 -1.4426 0.13488 0.095413 -1.4337 -1.062 -0.94344
4.9383 -2.6064 -2.9492 -2.754 -0.10186 -0.6692 -0.0067995 -1.3881 -0.17139 0.1752 -1.2658 -1.2243 -0.55859
5.1744 -2.742 -3.2174 -2.9464 -0.31448 -0.56411 0.1206 -1.3974 -0.34683 0.47187 -1.3611 -1.4327 -0.79222
4.6562 -2.9794 -2.6233 -3.3484 -0.61292 -0.59972 -0.18928 -1.3634 -0.50253 0.22008 -1.1855 -1.6388 -0.53643
3.5954 -3.2209 -1.9155 -2.7394 -0.66003 -0.39057 -0.022841 -1.215 0.074464 0.13518 -1.1678 -1.0171 -0.38911
3.2021 -2.7279 -2.0508 -3.3067 0.12013 -0.51622 -0.0027298 -0.57303 0.088228 0.36122 -0.86736 -0.73042 -0.70995
2.2633 -3.2874 -1.466 -3.1453 -0.082085 -0.40301 -0.22126 -0.77984 -0.030882 0.63063 -0.71858 -0.99641 -0.015225
