-3.3177 -2.7555 0.36583 -0.007423 0.31113 0.14393 0.22543 0.12321 0.19748 0.21357 0.30285 0.2223 0.13751
-5.4984 -2.3444 0.87494 0.73551 1.1065 0.66335 0.045506 -0.039898 0.54616 0.37959 0.11896 0.70392 0.13056
-5.1834 -2.2277 0.92302 0.54 0.94407 0.61095 0.35669 0.14399 0.28271 0.17998 0.023967 0.19431 -0.098307
-1.7104 -3.7621 1.2138 -1.7595 -0.095683 -0.50234 0.38348 0.14005 -0.085491 0.1343 0.36613 0.34999 -0.2708
1.1659 -4.1523 1.6611 -2.4512 -0.42389 -0.33809 0.021431 -0.046521 0.099744 0.25863 0.46508 0.37082 -0.4167
1.118 -6.0409 2.559 -0.92509 0.91097 0.56476 0.025811 0.26104 0.66774 0.12447 -0.044374 0.36221 -0.27928
1.148 -2.5376 2.8226 0.23359 0.29096 -1.2916 -1.1454 -0.9942 -0.68534 -0.2075 0.40243 -0.19 -0.91236
2.1041 -2.4293 3.7497 1.2389 -1.4145 -1.377 -1.5225 -0.47385 -0.79519 -0.43847 0.55473 0.38247 -0.62261
2.6503 -1.9633 3.4154 1.0618 -1.8328 -1.33 -1.7541 -0.13354 -1.1097 0.062925 0.23968 -0.031442 -0.68311
2.7683 -1.7612 2.0494 1.1385 -1.4029 -1.3274 -1.7397 -0.29295 -1.3419 -0.012878 0.40979 0.17194 -0.41142
2.8002 -1.5707 1.566 0.52118 -0.86693 -1.9287 -0.80829 -0.53622 -1.3668 0.032538 0.18236 0.43592 -0.29363
3.1113 -3.961 2.7093 0.43089 -0.50786 -1.7195 -0.60676 -0.7696 -0.14983 0.59137 0.43874 0.44385 -0.2308
3.3826 -7.0302 1.392 0.053035 0.21742 -0.34353 0.33751 -0.54993 -0.48621 0.18952 0.012184 0.73526 0.070554
3.9093 -7.3287 2.055 -0.7105 0.63649 0.18209 -0.48625 -0.0014789 -0.15125 0.4638 -0.31997 -0.11322 -0.10236
3.1818 -6.9377 1.4626 -0.21655 0.39811 0.029399 0.82691 -0.14522 -0.50772 -0.33257 -0.37165 0.16402 -0.26347
2.8267 -6.2741 1.7053 -0.14321 0.053798 -0.57544 0.29413 -0.1528 -0.61941 -0.45993 -0.1018 0.27792 0.071513
2.2032 -6.0952 1.0401 -1.1393 -0.26018 -0.74516 0.017019 -0.22773 0.11161 0.41025 0.82694 0.24502 -0.23028
2.4023 -6.6 1.1326 -0.63016 0.86685 -0.30791 0.66207 0.10987 0.19612 -0.045485 -0.20178 -0.15475 0.29395
1.9049 -5.8956 0.99581 -0.63578 0.036791 -0.63502 0.22108 0.077281 -0.13454 -0.27 0.094962 0.24956 -0.145
1.1203 -6.1351 0.69622 -0.6905 0.36213 -0.40027 0.46105 0.84536 0.72432 0.42427 0.54502 0.43209 -0.53851
0.81901 -0.48685 0.84855 -0.52254 -0.75617 -0.86187 -1.0252 -0.050685 0.61351 0.078488 -0.78405 0.34702 0.099006
3.6325 0.20225 -0.51909 -0.77551 -1.4044 -0.9536 -1.5652 0.48834 0.888 0.23093 -1.0522 0.2109 0.11603
4.4186 -0.12656 -1.3461 -1.3138 -1.9243 -0.6078 -1.2362 0.78923 1.0975 -0.15519 -1.3503 0.0035194 0.31052
4.9111 -0.2171 -1.7413 -1.7293 -1.4711 -0.23619 -0.8607 1.1294 0.70493 -0.81796 -1.6135 0.14217 0.30112
5.2646 -0.1659 -2.6002 -1.6565 -1.2269 0.22334 -0.87593 0.87553 0.41396 -0.48649 -1.4866 -0.082439 0.17489
5.3513 -0.11853 -2.796 -2.2178 -1.0494 0.57303 -0.54989 0.68998 0.21497 -0.44439 -1.4908 0.1843 0.52105
5.353 -0.028698 -2.797 -2.1277 -1.2996 1.2272 -0.56672 0.50906 0.1731 -0.73466 -1.3085 0.095838 0.69043
5.5188 -0.10416 -2.8139 -2.2348 -1.2396 1.2578 -0.78285 0.83975 -0.21485 -0.75588 -1.173 0.18996 0.55247
5.7051 -0.41347 -3.0315 -2.2547 -1.1465 1.218 -0.49457 0.55601 0.031388 -0.83153 -1.1164 0.13135 0.83082
5.7319 -0.33849 -3.0911 -2.071 -1.1949 1.5446 -0.6332 0.42031 -0.15969 -0.74693 -1.0068 -0.069885 0.84024
5.7987 -0.73412 -3.2563 -2.1019 -1.1289 1.3233 -0.49373 0.3586 -0.2758 -0.55992 -0.98666 -0.26208 0.9073
5.7985 -0.80503 -3.2308 -2.2237 -1.1878 1.5915 -0.63062 0.43986 -0.2828 -0.38019 -1.1749 -0.18631 0.82288
5.6946 -0.90117 -3.1981 -2.2409 -1.1981 1.3989 -0.66814 0.26912 -0.38295 -0.12686 -1.3494 -0.13896 0.69429
5.6064 -1.095 -3.2801 -2.1606 -1.1108 1.4775 -0.56472 0.24948 -0.23856 0.10339 -1.3862 -0.17162 0.81251
5.3027 -0.93586 -3.2198 -2.1562 -0.96158 1.1758 -0.46303 0.19765 -0.3445 0.20694 -1.5412 -0.17371 0.56776
4.5997 -0.72904 -3.1629 -2.2787 -0.01066 1.3153 -0.95108 0.05125 -0.29273 0.24942 -1.8152 0.54158 -0.15241
3.8539 -0.17326 -2.4734 -2.484 -0.10416 0.61819 -0.060815 -0.35468 -0.48219 0.64431 -1.8506 0.44371 0.1367
2.1504 -0.049727 -1.5258 -2.4312 0.19072 0.22573 -0.3066 -0.48084 -0.5273 0.50464 -1.5031 0.31194 0.28286
0.093446 -0.011552 -0.10466 -1.6623 0.27972 -0.66588 -0.062832 -1.3051 0.097193 -0.40125 -1.0676 0.0027651 -0.33142
