2.4685 -2.5158 1.1126 0.58912 0.13999 -0.12882 -0.92997 -1.9478 -0.1273 -0.77784 -0.40898 0.41528 -0.38976
3.8755 -2.3526 1.7394 0.79831 -1.0601 -0.94878 -0.90814 -2.5411 -0.42687 -1.1836 0.31369 0.14038 -0.35732
3.7548 -1.9547 1.8203 0.62425 -0.87977 -0.87112 -0.84053 -2.3878 0.29023 -0.81859 -0.10599 0.14151 -0.15612
3.3416 -2.0628 1.5523 0.53628 -0.60614 -0.6372 -0.74266 -1.9867 0.38902 -0.77553 -0.46859 -0.037195 -0.483
2.8056 -2.4118 1.271 0.89744 -0.0054886 0.044524 -0.34781 -1.3305 0.2476 -0.40181 0.13103 0.49702 -0.26912
1.4056 -3.2274 0.79088 -0.0012586 0.19371 0.21328 -0.18814 -0.197 0.6892 0.038881 -0.081017 -0.12936 -0.014064
2.7763 -6.6815 1.7026 -0.57632 0.49425 -0.6352 0.20794 -0.63061 0.80843 0.26416 0.52058 0.46915 -0.31482
4.1212 -7.79 1.49 -0.91594 1.0408 -0.48139 0.42612 0.19542 0.18112 0.20675 0.59555 0.11714 -0.13185
3.4928 -7.3441 1.8632 -0.66376 1.7208 -0.46711 0.42814 0.44789 0.50544 -0.44284 -0.5478 -0.49993 -0.39133
3.7635 -8.7872 1.0619 -1.3418 0.4497 -0.38378 1.138 0.50216 0.65082 -0.29627 0.40189 0.77392 -0.052483
3.8966 -9.3761 0.44179 -2.2312 0.5247 -0.21171 1.1914 0.015879 0.80048 0.62207 0.97366 0.42266 0.48528
2.5662 -8.3921 1.0372 -0.81364 0.81304 -0.051395 0.54503 0.24947 0.30577 -0.2711 0.017265 0.1191 0.19418
3.5576 -8.389 0.58426 -1.1605 0.53544 -0.019419 0.87452 -0.29349 0.36657 0.072558 0.51547 -0.053246 -0.023307
2.1864 -6.8933 1.3606 -0.47244 0.23089 -0.6534 -0.26047 -0.59066 0.5947 0.12441 -0.047513 0.12584 0.44714
1.4852 -6.8125 0.87042 -1.9187 -0.38535 -1.3554 -0.056991 0.33859 -0.11668 -0.19155 0.039354 -0.07741 0.027851
-0.97409 -2.759 0.35917 -0.031971 0.28822 0.13858 0.23492 0.14919 0.17702 0.11265 0.12629 0.094867 0.12406
1.3182 -2.5481 0.81039 0.23043 -0.40857 -0.055376 0.33532 -0.25128 0.48512 -0.48727 -0.66988 -0.65806 -0.1435
3.3725 -2.375 0.36257 -1.1545 -0.9364 -0.74062 0.30992 -0.26828 0.057052 -0.54349 -0.36011 -1.3476 -0.36781
3.8256 -2.0685 -0.020983 -1.3893 -0.79772 -0.76018 0.11209 -0.86038 0.064881 -0.36914 -0.10595 -0.7288 -0.72966
3.9912 -2.032 0.12843 -1.5196 -1.0204 -0.76882 -0.11711 -1.4358 0.41059 -0.17522 -0.28264 -0.99793 -0.57406
4.1973 -1.8892 0.23232 -1.8716 -1.1329 -0.68613 0.19378 -1.2231 0.07938 -0.30772 -0.10167 -0.88548 -0.76954
4.3446 -1.7137 0.13352 -2.0894 -1.0625 -0.71012 0.19883 -1.3011 0.13897 -0.21262 -0.22752 -0.8624 -0.62124
4.4848 -1.4241 0.13524 -2.6802 -0.83914 -0.44685 -0.13657 -1.2559 0.40035 -0.059159 -0.62214 -0.7776 -0.33298
4.6387 -1.5746 -0.077084 -2.9214 -0.80366 -0.60534 -0.1249 -1.218 0.065467 -0.0095626 -0.51794 -0.90053 -0.45373
4.827 -1.7088 -0.64121 -2.7943 -1.1725 -1.0537 0.34861 -1.284 -0.39651 -0.33465 -0.17678 -1.1873 -0.87351
4.8388 -1.6893 -0.67644 -2.8951 -0.95699 -0.78374 0.13216 -1.48 -0.13998 -0.098616 -0.53002 -0.98888 -0.91477
5.0256 -1.8517 -0.71051 -3.6318 -1.3381 -0.74945 -0.076443 -1.8283 -0.39211 -0.035306 -0.78552 -1.4924 -0.9934
5.0891 -1.8571 -0.65948 -2.9622 -1.2632 -0.66369 0.16273 -1.5183 -0.037656 0.037177 -0.4615 -1.2189 -1.0264
5.0665 -1.8873 -0.65829 -3.1094 -1.0152 -0.61104 0.17666 -1.3058 -0.065426 -0.036813 -0.59331 -1.1955 -0.99353
4.9612 -2.2971 -0.76342 -3.1742 -1.4393 -0.8618 -0.023553 -1.5305 0.051944 -0.21582 -0.90596 -1.4767 -0.87463
4.7183 -2.566 -0.8596 -2.9379 -1.2258 -1.0061 -0.065605 -1.1389 -0.12157 -0.17298 -0.58037 -1.4599 -0.73302
4.1361 -2.0994 -0.37716 -2.4364 -0.8112 -0.89842 -0.063767 -1.086 0.25568 -0.017905 -0.47614 -1.3704 -0.32612
3.6574 -3.0896 -0.49696 -2.386 -1.2357 -1.1398 -0.17011 -0.97954 -0.38937 -0.45506 -0.57419 -1.4397 -0.43753
3.3895 -2.7974 -0.22072 -1.867 -0.6537 -0.89345 -0.071286 -0.57064 0.0019195 -0.26564 -0.42977 -0.9972 -0.15687
2.6854 -2.7673 0.24674 -1.5 -0.949 -1.3212 -0.17837 -0.54174 0.014753 0.3784 0.42007 -1.177 0.02146
1.1299 -3.2612 -0.042294 -1.2747 -1.2989 -0.96083 0.95915 0.62959 -0.54788 -0.34156 0.52213 -1.4101 0.34546
