-1.3554 -4.7283 0.91736 0.027957 0.49041 0.4019 0.85403 0.68507 0.70701 0.019712 -0.41365 -0.39058 0.44783
-2.7744 -2.8178 1.0202 0.36445 0.95888 0.59289 -0.12219 -0.18692 0.33574 -0.22304 -0.49113 0.29728 0.10456
1.175 -2.4669 0.90181 1.6872 0.086219 -1.236 -0.61174 -0.45745 -0.45174 0.2231 0.13132 -0.12583 -0.34646
2.8611 -3.0985 1.2376 2.0696 -0.83664 -1.4794 -1.0239 -0.31306 -0.71808 0.1082 -0.0086948 0.14753 0.11977
1.9971 -1.7848 1.6342 0.9421 -0.31215 -1.5906 -0.6029 -0.62625 -0.60668 -0.19989 0.32967 -0.24174 -0.2432
1.3486 -2.0164 2.3292 0.35551 0.064899 -1.0112 -0.75024 -0.71273 -0.47782 -0.70087 -0.082495 0.045273 0.23268
0.59137 -2.9805 1.9474 0.57402 -0.42927 -0.72611 -0.53466 -0.79579 -0.036036 -0.18904 0.020505 0.11872 0.18058
0.42179 -5.5375 1.1279 -0.086944 0.59489 0.091985 0.73892 0.83923 0.46972 0.48593 0.34178 0.15091 -0.015462
-0.60947 -7.0585 0.77174 0.0092594 0.29685 -0.21286 0.51377 -0.13981 -0.86924 -0.042365 0.14779 0.1431 -0.39866
-0.38542 -6.0479 2.2913 0.17164 0.39493 -0.29436 0.35147 -0.16251 0.44089 0.031703 0.1461 0.2407 -0.015125
-0.24017 -7.9607 1.5947 -0.50011 0.46572 0.57861 0.59649 0.66892 0.50352 0.054563 0.46047 0.58546 0.63962
-0.97045 -7.3024 0.31081 -0.76916 0.65391 0.1603 0.77006 0.52665 0.72892 0.76309 1.1011 0.33011 0.55212
0.52126 -6.3043 -0.44797 -0.59801 -0.46256 0.33346 0.93693 0.96558 0.43513 0.071964 0.32087 0.52003 0.42218
1.1137 -4.4267 0.91634 -0.28747 0.86964 -0.11058 0.24458 0.11936 0.31577 -0.034361 -0.30608 -0.026771 -0.41828
0.81536 -0.79785 1.7195 0.011363 -0.29014 -0.11293 0.13341 -0.46831 0.54986 -0.45332 -0.038789 0.099973 -0.08854
3.5593 -0.63576 -0.94146 -1.6624 -1.0725 -0.64955 -0.12555 -0.10466 0.41508 -0.20396 -0.57665 -0.31475 0.50234
3.715 -0.65935 -0.84782 -2.4117 -0.87216 -0.16861 -0.33375 0.28839 -0.11752 -0.54807 -0.73291 -0.31003 0.20013
4.0315 -0.76414 -1.2995 -2.677 -0.40959 0.09782 -0.30013 0.28462 -0.11602 -0.59996 -0.83808 0.0018303 0.2228
4.12 -0.58033 -1.6082 -2.7296 -0.1773 0.098445 -0.23052 0.83243 -0.82124 -0.37589 -0.48673 -0.14158 0.38519
4.2441 -0.34598 -2.0342 -2.6171 0.03309 -0.16088 0.033094 0.37016 -0.80449 -0.56303 -0.54419 -0.32785 0.32043
4.5968 -0.24516 -2.6535 -2.515 -0.12893 -0.093538 0.35546 -0.098162 -0.21797 -0.79453 -0.54376 -0.12943 0.16805
4.635 -0.17319 -2.3904 -2.5918 -0.075968 0.06357 0.26744 0.002884 -0.38655 -0.65561 -0.36159 -0.36109 0.11903
4.7445 -0.33092 -2.7015 -2.338 -0.28513 -0.071511 0.097303 0.049813 -0.73064 -0.48263 -0.4874 -0.49394 0.32557
4.7423 0.15965 -2.6905 -2.8853 0.3033 -0.35957 0.2313 0.25682 -0.73677 -0.4014 -0.31534 -0.4922 0.45751
4.8539 -0.22311 -2.3301 -2.7282 -0.25842 0.037623 0.032669 0.019432 -0.75181 -0.37957 -0.48171 -0.74961 0.49915
4.7119 -0.47917 -2.6622 -2.6414 -0.22705 -0.30643 -0.075063 -0.019803 -0.95356 -0.075238 -0.46739 -0.89285 0.52472
4.8237 -0.78341 -2.9713 -2.322 -0.67842 -0.18176 0.14468 -0.24478 -0.43592 -0.25291 -0.44201 -0.83623 0.71207
3.9124 -1.2399 -2.1785 -2.8141 -0.57911 0.11038 -0.038918 -0.27969 -0.099689 -0.20161 -0.73113 -0.60033 0.41033
3.0023 -1.419 -2.4799 -2.4821 -0.48628 -0.17297 0.079131 -0.458 -0.068931 -0.18355 -0.57083 -0.70976 0.33029
3.0695 -2.3923 -3.0297 -3.1527 -0.66753 0.04348 0.43255 0.24159 0.27749 0.26116 -0.63581 -0.95195 0.93606
