1.367 -6.2921 0.15845 -0.48368 -0.46943 0.19303 0.098583 0.54556 0.16153 0.28795 0.067005 0.56047 0.03135
-0.38762 -2.9667 1.3041 0.4117 0.40843 -0.087391 -0.35387 -0.41256 0.14269 0.1702 -0.018523 0.30218 -0.08334
3.3745 -0.72238 1.0349 0.24635 -1.0414 -1.2315 -0.25519 -0.99181 0.67394 -0.92161 -0.13622 0.046709 -0.33189
5.249 -2.0183 0.40146 0.40504 -1.7255 -1.2879 -1.1802 -0.49739 0.55487 -0.64577 -0.06877 0.2916 -0.35025
5.5933 -2.5377 1.0954 0.93427 -1.2745 -1.8705 -2.0183 -0.66937 0.6334 -0.15281 0.17686 -0.052917 -0.81377
5.6118 -2.6329 0.91483 1.0867 -1.1387 -1.8553 -2.136 -0.62117 1.1785 -0.19944 0.041898 -0.22197 -0.6894
5.6545 -3.2734 0.57115 0.15261 -0.72665 -1.2458 -1.0848 -0.41919 0.82327 -0.42922 -0.29216 0.5128 -0.51599
4.8795 -3.8745 1.4438 -0.97229 0.23023 -1.1571 -0.28657 -0.38808 0.52692 -0.60807 -0.22113 0.43854 -0.35986
5.707 -7.2685 2.4788 -1.1569 1.0291 -0.019223 0.27618 -0.26765 0.34458 0.041642 0.31838 -0.093145 -0.27886
4.7245 -8.5458 1.9638 -1.0991 0.93862 0.14048 0.013123 0.12129 0.83782 0.42572 0.14076 -0.15074 -0.62914
4.3979 -7.4417 2.085 -0.97042 1.0325 -0.8718 0.32418 0.041901 0.21815 -0.18091 -0.083375 0.28573 -0.23811
5.0347 -8.747 1.4975 -1.5635 0.84727 -0.51493 0.30695 -0.19063 0.1384 0.22922 0.060837 -0.28095 -0.42192
5.4355 -8.7552 1.6766 -1.5177 0.6769 0.34487 0.10053 -0.88288 0.4688 0.081615 -0.28487 -0.13283 -0.35489
5.2711 -7.9852 1.4298 -0.77431 0.51779 -0.21228 0.40942 -0.24327 0.34758 0.02385 0.063011 0.49662 -0.44713
4.3291 -6.059 1.8464 -0.17994 -0.17978 -0.42941 0.06074 0.34984 0.36741 0.31305 -0.3144 -0.079178 -0.40872
2.6005 -1.4194 0.44708 -1.7829 0.24475 0.066761 0.016352 -0.10547 0.37895 -0.13617 -0.68679 0.24812 -0.512
5.5419 -1.3035 -0.89625 -2.0324 -0.76852 -0.51585 0.38616 -0.25402 0.52348 -0.016543 -0.67043 0.13538 -0.52437
5.8762 -1.5111 -1.8625 -1.6087 -1.5982 -0.012446 1.2275 -0.33053 0.32363 0.25117 -0.47757 -0.20169 -0.35231
5.9075 -1.7085 -2.1504 -1.8187 -1.3821 0.50043 1.3681 -0.39813 0.40202 0.17414 -0.36135 -0.37958 0.11619
5.6853 -1.5987 -1.8613 -1.8978 -1.3867 0.98847 0.87834 -0.40912 0.31102 0.41266 -0.63732 -0.57827 0.20254
5.2842 -1.0843 -1.7499 -2.3539 -0.8034 0.50161 0.98295 -0.54598 0.23089 0.18035 -0.86676 -0.21082 0.22865
5.2138 -1.378 -2.146 -2.1574 -0.81795 0.64903 0.81796 -0.28657 0.33719 0.26376 -0.80235 -0.11817 0.69024
4.9393 -1.1641 -2.1144 -2.1496 -0.71774 0.54509 1.0387 -0.51287 0.58064 0.028097 -0.6341 -0.13942 0.62553
4.6413 -1.3815 -1.5278 -2.3447 -0.57998 0.82108 1.11 -0.32982 0.060121 0.56099 -0.65897 -0.29056 0.9558
4.1185 -1.1003 -1.1845 -2.2174 -0.30566 0.94182 1.3129 -0.72681 0.27377 0.43194 -0.87198 -0.24914 0.7181
3.9932 -1.2579 -1.0374 -2.0202 -0.33674 0.77499 1.3016 -0.53014 0.2063 0.33892 -0.67221 -0.3204 0.59436
4.0302 -1.5747 -1.0941 -1.9315 -0.46318 0.9534 0.79549 -0.38882 0.34541 0.32002 -0.74483 -0.23187 0.32178
4.0741 -1.5207 -0.93307 -2.1908 -0.502 0.90439 0.50173 -0.2583 0.1908 0.3436 -0.58852 -0.47042 0.53244
4.0264 -1.6431 -0.97256 -2.0356 -0.63877 0.9279 0.68794 -0.40306 0.16232 0.38513 -0.60475 -0.59553 0.45921
3.9055 -1.4693 -0.90656 -2.2133 -0.53 0.62396 0.72135 -0.24235 0.19935 0.37371 -0.71159 -0.42094 0.68868
3.7818 -1.836 -1.127 -1.7973 -0.5242 0.60345 0.5953 -0.064569 0.25621 0.14665 -0.53477 -0.29381 0.2864
3.3527 -1.3109 -0.69936 -2.0427 -0.34642 0.036371 1.1651 -0.30709 0.32752 0.22167 -0.45607 -0.59174 0.39295
2.9065 -1.4669 0.13748 -1.9037 -0.60928 -0.076005 1.3656 -0.1537 0.38229 -0.29876 0.011085 -0.62329 0.62885
1.6114 -2.0478 0.68076 -0.89683 -0.20878 0.042921 0.9337 -0.078799 0.72492 -0.32546 -0.25176 0.15261 0.42811
0.62498 -2.695 0.8616 0.77655 0.84276 0.82838 0.45449 0.2535 0.82798 -0.32092 -1.2287 -0.25061 -0.042919
