-1.431 -2.9456 0.24256 -0.093215 0.22438 0.096082 0.19811 0.11875 0.17489 0.24044 0.34855 0.42492 0.55483
-0.062523 -2.5283 0.90413 0.51646 0.20537 -0.16155 -0.59909 -0.95646 0.38645 -0.072365 -0.3656 0.017565 -0.29876
4.4556 -2.3716 1.306 -0.023277 -1.7361 -1.7207 -0.89726 -1.9359 0.17418 -0.65278 0.28739 -0.38036 -0.24846
4.8965 -2.3508 1.4485 -0.25331 -2.3865 -1.8599 -0.38468 -2.0022 0.097334 -0.96916 0.20501 -0.73382 -0.20721
4.8957 -2.5513 1.1504 -0.39398 -2.1781 -1.83 -0.5536 -1.7451 -0.022261 -0.92901 0.10782 -0.63462 -0.32048
4.4741 -2.8938 0.94508 -0.52492 -1.6376 -1.3991 -0.73613 -1.7092 0.0091716 -0.61162 -0.033295 -0.65788 -0.56244
3.5967 -3.602 1.2017 -0.50806 -0.6476 -1.1233 -0.98072 -1.5029 -0.11486 -0.074476 -0.29455 -0.22592 -0.63237
1.5606 -3.9227 0.99418 -0.76614 -0.12548 -0.61473 -0.22193 -0.84969 -0.46962 -0.20057 0.50338 0.11972 -0.5335
2.9109 -7.9169 1.4276 -0.87687 1.3359 -0.28065 -0.29969 -0.92009 -0.38772 0.09668 0.49742 0.45794 0.10759
4.1742 -8.803 0.39848 -2.0428 1.2553 -0.52836 0.088559 0.25979 0.18192 -0.033008 0.079288 -0.42546 -0.4507
4.6133 -8.9974 0.87492 -1.9841 0.21259 -0.98616 0.56248 0.027069 0.87624 -0.52533 0.16956 0.86363 0.44931
4.3621 -8.217 1.3613 -1.7022 1.2034 -0.78767 0.40965 0.36434 0.99392 -0.16096 -0.0073244 0.38653 0.37654
1.5923 -6.2357 1.3615 -1.0452 1.5207 -0.5729 -0.13373 -0.53496 -0.21493 0.069418 0.582 0.4575 -0.081457
-0.78683 -2.9025 0.7548 0.10937 0.31971 -0.086278 -0.33185 -0.63841 -0.351 0.15873 0.70464 0.41443 -0.43139
2.2928 -2.7579 0.6822 -0.042131 -0.69114 -0.85244 -0.67869 -1.1572 -0.017959 -0.26483 -0.041824 -0.42494 -0.47375
4.3258 -2.5735 -0.74194 -1.879 -1.5175 -1.3845 -0.52097 -1.0392 0.20503 -0.65618 -0.35137 -1.0259 0.2435
5.0375 -2.7372 -1.3982 -2.5527 -1.0044 -1.3022 -0.43073 -0.48661 0.15349 -0.50413 -0.56736 -0.90706 0.026709
4.881 -2.8268 -1.4204 -2.6636 -1.1833 -0.6445 -0.44202 -0.73017 0.20869 -0.52647 -1.0816 -0.60418 -0.26278
4.9247 -3.1472 -1.3202 -2.9649 -0.8956 -0.94821 -0.70768 -0.7997 0.13995 -0.61173 -1.3182 -0.47032 -0.045564
4.8727 -2.807 -1.1633 -2.743 -0.91946 -0.97369 -0.12813 -0.59758 0.13777 -0.59075 -0.93964 -0.99976 -0.033513
4.931 -2.9795 -1.2257 -2.3295 -0.98621 -0.45913 0.22307 -0.95927 -0.013697 -0.60514 -0.72934 -0.91719 -0.03913
5.1244 -3.4447 -1.5851 -2.9273 -0.97564 -0.56834 -0.42138 -1.3495 -0.088198 -0.77763 -1.4747 -0.84274 -0.5045
5.3259 -3.0112 -1.6406 -2.662 -1.1322 -0.55196 -0.11521 -1.0924 -0.061507 -0.89142 -1.2222 -0.91361 -0.2614
5.7729 -3.0147 -1.5499 -2.742 -0.88182 -0.48345 -0.015593 -0.87877 0.19886 -0.58614 -1.2823 -0.65616 -0.16083
5.6722 -2.4662 -0.98983 -2.8335 -0.69347 -0.57933 -0.16756 -0.71775 0.47647 -0.74123 -1.6122 -0.70777 0.047904
5.8843 -2.4788 -1.5605 -2.4182 -1.0706 -0.51163 -0.16849 -0.88315 0.42604 -0.57518 -1.5827 -0.86784 -0.036946
5.9799 -2.7331 -1.5458 -2.1829 -1.2572 -1.2591 -0.3187 -0.86518 0.39886 -0.59811 -1.6369 -0.86651 -0.21649
6.0894 -2.6913 -1.0969 -1.9848 -1.2707 -1.366 -0.23412 -0.48594 0.41273 -0.5571 -1.3048 -0.84784 -0.024394
5.9482 -2.301 -0.63511 -1.739 -1.3659 -1.8269 -0.30758 -0.78174 0.95846 -0.51049 -1.0981 -0.65469 -0.10194
5.6651 -2.1204 -0.31241 -1.2954 -1.0938 -2.0489 -0.54674 -0.53592 0.76844 -0.33331 -0.6348 -0.66648 -0.20055
4.9869 -2.3967 0.3468 -0.95505 -0.99149 -1.4629 -0.76052 -0.64091 0.63303 -0.16503 -0.3301 -0.49734 -0.21473
4.465 -2.0903 1.3701 -0.33399 -1.7286 -1.4722 -0.46483 -1.3735 0.817 -0.54331 -0.50608 -0.81236 0.36532
4.1849 -2.0447 1.4203 0.015847 -1.2225 -0.85117 -0.4075 -1.7388 0.37479 -0.85878 -0.18972 -0.0089878 0.098859
3.8134 -2.5082 1.0802 0.31574 -0.69416 -0.63192 -0.46353 -1.5786 -0.096312 -0.36488 0.42733 0.0068701 -0.45603
2.8126 -2.7158 0.83804 0.59351 0.23662 -0.23236 -0.9437 -1.2683 0.53074 0.10644 -0.25701 0.20605 -0.48832
1.7519 -2.7463 0.75677 0.23684 -0.39394 -0.29443 0.063394 -0.39705 0.3751 -0.077714 -0.05088 -0.3566 -0.15053
