-0.51139 -3.2825 -0.11245 -0.41414 0.48665 -0.16435 -0.80505 -0.22304 0.14964 0.47402 -0.10679 0.20049 -0.33819
3.0686 -2.4393 1.0934 0.51353 -0.29881 -0.6945 -0.86352 -1.7858 0.18239 -0.092551 0.18081 0.1569 -0.57254
4.0465 -2.7973 1.3506 1.0545 -0.99943 -1.197 -0.62632 -0.52989 -0.36734 -0.11717 0.17291 -0.35055 -0.045149
4.4358 -2.734 0.9453 1.1465 -1.2719 -1.9877 -0.47037 -0.83406 -0.69772 -0.061999 -0.025901 0.035758 -0.010476
4.5621 -3.4216 1.2605 0.59701 -1.2795 -1.3067 -0.67884 -0.93333 -0.89423 0.0074123 0.35526 0.11876 -0.14422
4.0482 -3.0488 1.1651 0.66273 -1.1215 -1.1527 -0.6396 -0.73204 -0.43375 -0.18573 -0.032026 -0.39583 -0.089171
3.5899 -2.3105 0.47364 0.80702 -0.74732 -1.2523 0.067133 -0.91297 -0.30283 -0.38249 -0.36592 0.014483 -0.44715
3.0552 -2.3348 1.1687 0.60828 -0.51743 -0.6746 -0.43513 -1.2634 0.36837 -0.18117 -0.078931 -0.39677 -0.081094
2.8631 -4.3908 1.9252 -0.053693 -0.11193 0.28465 -0.11499 -0.6956 -0.39934 -0.33293 -0.016396 -0.014852 -0.36934
3.9478 -6.796 1.941 -0.14787 1.0874 0.012602 -0.90603 0.30878 -0.85275 0.050141 -0.10878 0.23651 0.24455
5.685 -10.416 0.33281 -1.8258 1.2386 -0.38134 -0.053809 1.5235 0.27158 0.69193 0.21075 0.6064 0.020306
5.6526 -10.015 0.72708 -0.67916 0.94269 0.48798 0.099467 0.49851 -0.28908 0.010486 -0.74074 0.56961 0.23768
5.3762 -10.319 0.33383 -1.5365 0.84063 0.52336 0.44573 1.2002 -0.054437 0.35718 -0.096905 0.02905 0.04205
5.2698 -10.627 0.37967 -1.3933 0.5321 -0.16608 -0.75948 0.39999 0.097293 0.39122 -0.32389 0.29912 -0.39653
4.7853 -10.695 0.19442 -1.0659 1.2301 1.1007 -0.42804 -0.057424 -0.25502 0.80271 -0.058092 0.49552 -0.36318
5.0539 -9.9494 1.44 -0.3 0.214 -0.22851 -0.45907 0.78719 -0.24497 0.43815 0.083417 0.59718 0.11973
3.9139 -9.3104 0.57245 -0.39416 1.0404 -0.37942 -0.83281 0.93832 -0.20189 0.36244 -0.73823 -0.08785 0.17464
1.2612 -5.0966 1.8368 -0.060335 0.62813 -0.1535 -0.16634 0.52792 -0.28897 0.027709 0.0092589 0.42186 -0.42397
3.0085 -1.9771 0.65531 -0.37463 -0.35222 -0.49201 0.1099 -0.92684 -0.053265 -0.59161 -0.21647 -0.15573 -0.63777
3.8599 -2.0857 0.39425 -0.8542 -0.68729 -1.2311 -0.11398 -0.15087 0.46689 -0.55737 -0.20701 -0.099658 -0.30322
4.7925 -2.547 -0.59417 -1.4669 -0.45671 -1.0646 -0.31149 0.1986 0.34571 -0.36382 -0.65266 -0.27561 -0.20618
5.4087 -2.5584 -1.1849 -2.0605 -0.33042 -1.2776 -0.4442 0.18528 0.43016 -0.15187 -1.3759 -0.17183 -0.20215
5.5277 -2.4179 -1.6227 -2.1911 -0.77304 -1.0047 -0.1641 0.028443 0.79198 -0.4165 -1.2707 -0.41962 0.014147
5.5784 -2.115 -1.9702 -1.8946 -0.63863 -0.89749 0.1014 0.092313 0.76682 -0.25888 -1.1724 -0.72087 0.30698
5.779 -2.5668 -1.9652 -1.9935 -0.74653 -0.86363 0.10649 0.13529 0.21614 0.053636 -1.1328 -0.98478 0.54468
5.8672 -2.8932 -1.7033 -2.471 -0.80415 -0.35668 -0.44724 0.048559 0.38844 0.093389 -1.6203 -0.47663 0.3108
5.8367 -2.7968 -1.8637 -2.4247 -0.63172 -0.57881 -0.22328 0.23793 0.028729 0.37956 -1.4456 -0.77133 0.52885
5.7029 -2.2723 -1.8848 -2.1634 -0.58033 -0.5991 0.087703 -0.27188 0.28123 0.12386 -1.2898 -0.63753 0.34215
5.8005 -2.4055 -1.8044 -2.3446 -0.59302 -0.66055 0.11873 -0.30793 0.11998 0.22292 -1.3022 -0.93489 0.58804
5.6511 -2.266 -1.5251 -2.4062 -0.71827 -0.21684 0.21639 -0.52992 0.47871 0.2653 -1.3955 -0.6501 0.33793
5.5634 -2.4297 -1.3431 -2.2772 -0.56347 -0.28322 0.07831 -0.45599 0.25825 -0.00026914 -1.3449 -0.56617 0.12658
5.3751 -2.337 -1.3932 -2.3628 -0.33473 -0.563 0.3741 -0.29552 -0.12146 0.18801 -1.1344 -0.83567 0.14333
5.1147 -2.1224 -1.3511 -2.182 -0.2531 -0.48469 0.12897 -0.39296 0.17751 0.13187 -1.0404 -0.77094 0.052118
4.9044 -2.24 -1.2624 -2.2365 -0.55481 -0.28994 -0.19527 -0.54304 0.21778 0.12669 -1.309 -0.37487 -0.12926
4.6528 -2.2388 -0.84792 -2.0746 -0.83877 -0.14788 -0.043287 -0.49361 0.3364 0.07869 -1.0187 -0.42296 0.071843
4.4496 -2.3155 -0.81096 -1.8244 -0.53466 -0.6697 -0.10763 -0.27995 0.026531 -0.14244 -0.84207 -0.54305 0.13732
4.123 -2.2707 -0.73612 -1.81 -0.69609 -0.87283 0.010237 -0.36174 0.2166 -0.50469 -0.60146 -0.62748 -0.026407
3.5339 -2.6368 -0.73726 -1.7115 -0.53324 -0.96056 -0.28966 -0.2447 0.24218 0.0064524 -0.72009 -0.64996 0.28919
