0.078975 -1.6353 0.40043 -0.39683 -0.50837 -0.435 0.34402 -0.67725 -0.1456 -0.15266 0.036187 -0.3168 -0.46015
3.2358 -2.2496 1.1996 1.5407 -1.6684 -1.9981 -0.64248 -0.68066 -1.6619 -0.11232 0.93556 -0.90394 0.15237
3.6239 -2.5782 1.2253 1.3536 -1.9626 -2.173 -0.75294 -0.87361 -1.1528 0.35824 0.29396 -0.87841 0.20904
3.4294 -2.1824 2.0223 1.3511 -2.3014 -2.1569 -0.38189 -0.82737 -1.1211 0.17629 0.43137 -0.6307 0.033409
2.8568 -1.7351 2.0241 0.87441 -1.952 -1.8064 -0.32771 -1.4973 -0.77432 0.28147 0.51921 -0.80554 -0.042524
1.5362 -2.4803 2.0692 0.69056 0.024886 -1.6949 -0.86345 -1.0852 -0.13716 -0.12053 0.52828 0.10636 -0.65733
1.3564 -5.2285 2.0713 -0.54974 0.9698 -0.63179 -0.3431 -0.40419 -0.13357 -0.039703 0.48751 -0.11518 -0.4904
0.61973 -5.0091 1.9115 -0.83031 0.90748 -0.79928 0.062409 -0.82984 -0.25156 0.11742 0.64922 -0.020795 -0.33546
-2.1467 -3.5897 1.1734 -0.069809 0.94969 0.091719 0.017618 -0.28419 0.29829 0.064729 0.31585 0.27141 -0.77333
-2.0849 -2.8082 0.66867 0.17435 0.48499 0.15327 -0.27273 -0.38708 0.004611 0.21531 0.49087 0.49367 -0.3119
-2.1079 -2.7808 0.56137 0.14619 0.30677 -0.050076 -0.12884 -0.44818 -0.23368 0.14637 0.5675 0.11443 -0.63757
-2.6054 -2.9799 0.3893 0.030016 0.40855 0.44267 0.67442 0.6488 0.51242 -0.093207 -0.61765 -0.53788 -0.25146
-0.96711 -4.655 1.3503 -1.112 1.0606 -0.20445 0.14826 -0.45893 0.097952 -0.15495 0.17399 -0.028623 -0.18363
-1.7494 -5.6198 1.6478 -0.60664 1.176 0.19388 0.69938 0.32179 0.42328 0.22597 0.017556 -0.058946 0.018525
-2.8869 -4.6014 0.92567 -0.53216 0.6877 0.29656 0.74932 0.65247 0.12564 -0.062932 -0.23322 -0.24011 -0.13509
0.87802 -0.39364 0.28408 -1.7265 -1.4211 -0.8151 0.68553 -0.79153 0.40798 -0.48883 -0.21562 -0.66322 -0.12016
4.2051 0.12623 -2.0482 -2.9181 -0.094866 -0.82643 0.29314 0.0066473 0.49726 -0.57095 -0.85939 -0.17546 0.18888
4.3913 -1.1868 -2.9069 -2.1402 0.052631 -0.24221 0.33112 -0.24336 0.33918 -0.41732 -1.2249 0.17694 0.12458
4.3866 -2.0629 -3.2768 -1.7375 0.35552 0.40668 0.15532 -0.037117 -0.13879 -0.44437 -1.1897 0.37445 0.1114
4.1185 -2.591 -3.3646 -1.7043 1.0317 0.40366 0.085701 -0.0081403 -0.72404 -0.3086 -1.3075 0.21419 -0.193
4.1006 -2.038 -2.9014 -2.0963 1.0567 0.4442 -0.14967 -0.092065 -0.62084 -0.36188 -0.98076 0.36509 -0.27848
3.5534 -2.0203 -2.3298 -1.8954 1.1993 0.59767 -0.10722 -0.083913 -0.68842 -0.51274 -0.69256 0.016921 -0.0014446
4.1255 -1.6863 -2.6246 -2.0024 0.45482 0.35296 0.29476 -0.37076 -0.64772 0.030718 -0.86383 -0.059195 0.055083
4.9762 -0.99337 -3.5651 -2.5541 0.72868 0.18956 0.05989 -0.57963 -0.66337 0.021935 -1.0892 0.0022006 0.11556
4.9592 -0.80835 -3.2026 -2.7202 0.37256 0.47088 -0.043519 -0.68696 -0.35186 -0.36927 -0.83825 -0.23681 -0.24213
4.7044 -0.29665 -2.2498 -3.4574 0.28665 0.46692 -0.32393 -0.55155 -0.41862 -0.47023 -0.77618 -0.42677 -0.034875
4.3581 -0.25545 -1.9549 -3.1357 0.36978 0.23713 -0.1732 -0.61013 -0.41337 -0.49579 -0.79608 -0.28816 -0.17278
4.3345 -0.2959 -1.8856 -3.3667 0.2028 -0.0046255 -0.1921 -0.66184 -0.29119 -0.67414 -1.0657 -0.056603 -0.1722
4.0096 -0.44385 -1.7778 -3.4963 0.10796 -0.23469 -0.42551 -0.59476 -0.4838 -0.74755 -1.0268 -0.31659 -0.42936
3.2862 -0.69466 -0.7024 -3.4047 -0.65991 -0.27393 0.044446 -0.99494 -0.52453 -0.84334 -0.62025 -1.0879 -0.19424
2.3634 -1.2404 -0.39156 -2.3949 -0.73035 -0.49107 -0.019837 -1.1308 -0.0076955 -1.0627 -1.0516 -0.70546 -0.42215
1.2659 -1.6978 0.70154 -0.85236 -0.37172 -0.11905 0.51721 -0.76649 0.11168 -1.485 -0.98687 -0.61321 -0.55874
