3.4205 -5.0428 -0.27806 -0.32854 0.25241 -0.30524 0.57643 0.662 0.57345 -0.23919 0.8832 0.1833 -0.40561
1.1041 -3.1317 0.43765 0.026304 0.61591 0.067586 -0.2989 -0.010156 -0.29052 -0.46429 -0.35259 0.080543 0.0025511
3.3902 -2.2326 1.489 1.284 0.54608 -0.36505 -0.41977 -0.25799 -0.41092 -0.90291 -0.19101 -0.19727 -0.24667
3.9275 -1.5172 1.0679 0.15302 -0.17625 -1.1476 -0.23739 -0.080448 -0.12002 -0.26411 0.20606 -0.12125 -0.8931
3.9675 -1.5686 1.5415 -0.2878 -1.0074 -0.53906 -0.67848 -0.56556 0.1545 -0.89072 -0.32865 -0.49631 -0.23637
3.9718 -1.4873 0.79922 0.0041695 -0.955 -1.2369 -0.40059 -0.33894 -0.066041 -0.86772 -0.17767 -0.70654 -0.63667
3.3708 -2.2316 1.2552 0.24997 -0.62531 -0.91238 -0.31419 -0.4395 0.23321 -0.75594 -0.59256 -0.29674 -0.453
2.4354 -3.042 1.3546 0.092397 0.20744 -0.26275 -0.29059 -0.84752 -0.094959 -0.4596 -0.054273 0.28038 0.0036589
1.6155 -5.2198 1.8072 -0.064706 0.8591 -8.3189e-05 0.031723 -0.58645 0.16551 -0.21647 -0.18977 0.11783 -0.065275
2.111 -7.2022 1.4937 -0.86749 0.92343 -0.03545 0.79216 0.1861 0.52372 -0.13252 -0.3024 -0.074621 -0.34808
2.2506 -9.6827 0.25912 -1.3922 0.38927 -0.16164 0.83587 0.56209 0.65663 0.14817 0.52542 0.2184 0.23453
2.5734 -8.0967 1.1299 -1.6022 1.1644 0.016229 0.5347 -0.13132 -0.22035 0.14151 0.40443 -0.20491 0.1097
4.6673 -7.2955 2.1613 -1.1168 0.66766 -0.85788 0.50272 -0.60683 0.26581 -0.060084 0.20589 0.46211 0.12978
4.525 -7.1994 1.9943 -0.28947 0.87982 0.0851 0.12083 -0.0065022 0.32805 0.13324 0.18542 -0.30485 -0.17518
3.8632 -6.7714 1.5397 -0.87561 0.78131 -0.14931 -0.85503 0.044625 0.018025 -0.52711 0.012381 0.013798 0.59102
3.1478 -2.1599 0.47103 -0.29606 -0.166 -1.2516 -0.90467 0.57794 0.30158 -0.071458 -0.49152 -0.012057 0.36756
5.1718 -2.9568 -1.233 -0.57207 -0.81557 -0.40979 -0.42881 0.58362 0.23942 -0.78059 -1.2636 -0.4769 1.0866
5.4713 -3.402 -2.3746 -1.8683 -0.65977 0.2589 0.5528 0.60116 -0.12568 -1.0223 -1.1841 -1.2209 0.54681
5.318 -4.2088 -2.691 -1.425 -0.33662 0.48708 0.44723 -0.078768 -0.42629 -1.0542 -0.91797 -0.33206 0.92064
5.303 -4.0775 -2.8482 -1.3902 -0.28897 0.88079 0.1711 -0.14884 -0.55923 -1.0579 -0.67468 0.0043673 0.67609
5.351 -4.1724 -3.0153 -1.3539 -0.3978 0.66874 -0.39908 -0.91823 -0.64265 -0.5664 -0.50291 -0.14714 0.63069
5.4338 -3.9805 -3.1252 -1.5694 -0.40535 0.76986 -0.22851 -0.72691 -0.67136 -0.90055 -0.41401 -0.30784 0.75219
5.6731 -3.7286 -3.0728 -1.7313 -0.58444 0.64375 0.14136 -0.51149 -0.31684 -1.1779 -0.93358 -0.27899 0.74613
5.6763 -3.3173 -2.4381 -1.9446 -0.49953 0.78881 0.42818 0.037502 0.025038 -1.3376 -1.278 -0.20257 0.41705
5.6388 -3.0476 -2.2175 -1.8111 -0.1692 0.75835 0.38513 0.4423 -0.17755 -0.94256 -1.2857 -0.61305 0.46253
5.6855 -2.9095 -2.1775 -2.15 -0.23949 0.92792 0.30009 0.40956 0.19758 -0.92356 -1.1645 -1.072 0.22721
5.7239 -2.3922 -2.3365 -1.9941 -0.76117 0.79537 0.39844 0.15893 0.50615 -0.66981 -1.2434 -0.63142 0.0087497
5.6019 -2.6696 -1.9632 -2.0888 -0.28377 0.94774 -0.10883 0.48176 0.34633 -0.85941 -1.1628 -0.74785 0.1283
5.6512 -2.5521 -2.044 -1.9455 -0.53826 0.52681 0.25161 0.39146 0.40022 -0.51953 -1.3431 -0.78776 0.22557
5.5459 -2.6154 -2.011 -1.841 -0.6041 0.72703 0.42364 0.4862 0.34442 -0.65037 -1.208 -0.96627 0.24833
5.365 -2.6024 -1.6952 -1.9608 -0.54841 0.98069 0.28008 0.11286 0.62246 -1.1877 -1.2688 -1.0084 0.38353
5.08 -3.2402 -1.1074 -1.691 -0.43858 0.87814 0.71502 0.69327 0.053847 -1.4494 -1.3951 -1.1 0.4805
4.3934 -2.9531 -0.78566 -1.3012 -0.261 0.75797 1.236 0.62532 -0.7157 -1.5604 -1.0795 -0.59683 0.16444
3.3341 -2.0536 -0.37297 -1.7838 0.45208 -0.065208 -0.02893 0.12044 -0.25947 -0.71354 -0.65141 -0.30249 -0.25276
1.8562 -2.8358 0.13044 -0.54995 0.029795 -0.34463 -0.0062343 0.12382 0.064149 -0.42466 -0.7741 -0.69478 -0.10935
