1.6509 -3.5674 0.14251 -0.55154 0.53822 0.48513 0.50752 0.84528 0.6048 0.41036 -0.056963 -0.13968 0.27483
1.509 -2.5808 0.79805 0.42054 0.50499 0.29642 -0.035822 -0.40341 -0.033445 -0.312 -0.15437 0.24386 -0.55565
3.8569 -1.2277 1.8051 0.41308 -0.84534 -0.83754 -0.30261 -1.3894 0.43646 -0.69196 0.13503 -0.40788 -0.44906
4.1295 -1.5547 1.3932 -0.12833 -0.61394 -0.76504 -0.41435 -0.29728 0.48643 -0.57832 0.08032 -0.57613 -0.63305
4.3072 -1.9029 1.1976 -0.10617 -0.84509 -1.2112 -0.47334 -0.31965 0.30086 -0.47766 -0.13208 -0.92925 -0.63874
3.6824 -1.935 0.84118 0.047051 -0.33476 -0.91821 -0.099074 -0.30322 0.17173 -0.68687 -0.4846 -0.55752 -0.39005
2.3933 -2.2594 1.3782 0.24554 -0.086026 -0.12821 0.03913 -0.90696 0.036799 -0.61314 -0.31095 -0.34062 -0.03631
0.65262 -3.2656 0.9794 -0.068942 0.64617 0.16634 0.074697 -0.20652 0.44982 -0.090747 -0.35323 -0.18128 -0.31067
0.4993 -6.6665 1.3519 -0.3737 -0.019042 -0.26808 0.12348 -0.2086 0.080683 0.25546 0.23825 0.48907 0.41584
0.58582 -8.3195 0.9574 -0.21539 0.54146 -0.036212 0.11073 -0.19607 -0.039702 0.056369 0.017988 -0.18219 0.19899
2.1799 -7.3039 1.4853 -0.96572 0.65592 -0.33465 0.19425 0.067942 -0.19848 -0.23638 0.0042104 0.080233 0.20588
3.053 -7.0068 1.7797 -0.22305 1.4643 -0.23157 0.13011 0.39698 0.28419 -0.44335 -0.31325 -0.36809 -0.21569
3.6816 -7.2714 1.3472 -0.77941 1.029 -0.24279 0.9277 0.68388 0.24436 -0.053614 0.28785 0.32884 -0.12685
3.7856 -6.8689 1.6748 -0.42148 0.25157 -0.54499 -0.36593 -0.24157 0.8557 0.39288 0.47563 -0.40867 -0.27605
1.719 -2.1952 1.4696 -0.64944 -0.3568 -0.65117 0.011643 -0.14717 0.39844 -0.18708 -0.27822 0.23621 0.2023
4.6452 -2.0167 -0.26715 -0.84212 -0.52321 -0.93327 0.046168 0.19978 -0.054359 -0.51765 -0.80273 -0.25333 0.31176
5.0544 -2.1381 -1.3093 -2.0102 -0.64396 0.033587 0.17253 0.22799 -0.0098972 -0.72482 -1.3304 -0.86403 0.22198
5.2999 -3.3019 -1.7814 -1.4077 -0.86494 0.29976 0.31867 0.41222 -0.27563 -1.4414 -1.3068 -1.3644 0.76537
5.3174 -3.8004 -1.7375 -1.645 -0.67966 0.54096 0.16927 0.037767 -0.13931 -1.2861 -1.1755 -0.30902 0.60262
5.4013 -3.8498 -2.2866 -1.5425 -1.0389 0.60441 0.1097 -0.29351 -0.50021 -1.2536 -0.87524 -0.29708 0.60012
5.3024 -3.775 -2.323 -1.8262 -0.27907 0.65842 -0.28143 -0.41936 -0.80725 -0.83233 -0.62601 -0.30732 0.47614
5.08 -3.3408 -2.2274 -1.7074 0.030606 0.91191 0.052743 -1.0826 -0.50051 -0.87212 -0.59924 -0.232 0.60266
5.1786 -3.497 -2.1314 -1.7695 -0.035134 0.88043 -0.018121 -0.5581 -0.34098 -0.88757 -1.07 -0.034441 0.32666
5.1429 -3.4207 -1.9417 -1.5248 -0.36711 0.99858 0.20215 -0.51314 -0.28288 -1.1634 -0.80935 -0.14894 0.29104
5.0218 -3.1544 -1.9216 -1.339 -0.10938 0.88104 0.4241 -0.09679 -0.077648 -1.1891 -1.4037 -0.15674 0.55168
5.385 -3.3163 -1.6312 -1.9429 -0.15337 0.60645 0.45074 0.64345 -0.16532 -1.1887 -1.5821 -0.85038 0.45882
5.218 -2.9805 -1.492 -1.6371 -0.44109 0.52057 0.78057 0.42411 -0.072216 -1.0923 -1.5241 -0.76621 0.40977
5.0361 -2.9167 -1.4024 -1.585 -0.46382 0.41106 0.79374 0.36169 -0.11188 -1.0645 -1.2446 -0.81531 0.33212
4.931 -2.9601 -1.3416 -1.5278 -0.57038 0.43132 0.87564 0.45478 -0.15053 -1.0984 -1.1787 -0.96901 0.41731
4.6214 -2.7409 -1.054 -1.6346 -0.38131 0.50884 0.81518 0.23009 0.21419 -1.172 -1.4412 -0.60962 0.27582
4.3698 -3.3507 -1.5376 -1.5081 0.77342 0.51528 0.59088 0.13998 -0.67803 -0.90947 -1.4746 -0.50485 -0.015243
3.682 -2.5802 -0.61512 -1.7067 -0.30687 0.47941 0.53798 -0.77854 -0.21049 -0.65981 -0.683 -0.73418 0.0070217
2.8729 -2.4104 0.26844 -1.4403 -0.44627 -0.95561 0.27957 0.26669 0.2036 -0.61114 -0.94403 -0.89937 0.55927
