2.4947 -4.3442 0.19923 0.34968 -2.1501 -2.1989 -0.99504 -1.8612 -0.64023 -0.33452 0.26449 -0.35041 0.22696
3.0123 -5.2578 -0.45401 -0.048364 -2.2866 -2.147 -0.61359 -1.2177 -0.92133 -0.16761 0.62515 0.12462 0.93499
2.8859 -4.8878 -0.47759 -0.50458 -1.7708 -2.4924 -1.1559 -1.4462 -1.159 -0.44229 0.70674 0.072847 1.1923
2.8862 -3.8825 -0.714 -0.98187 -1.8689 -2.6012 -1.2179 -1.5771 -0.90002 -0.77617 0.82364 0.19504 1.2387
2.5005 -4.2266 0.084435 -0.22044 -1.2508 -2.0935 -2.1263 -2.3562 -0.30094 -0.43052 0.62989 0.45709 0.60227
1.5051 -4.3386 0.29702 -0.47448 -0.97041 -1.2611 -1.5408 -2.3531 -1.1024 -1.2215 0.04832 0.46651 0.0031619
-1.6154 -3.5188 0.65867 0.1906 -0.22503 0.021494 -0.22632 -0.94002 -0.8459 -0.3018 0.52503 0.67754 0.51535
-3.0448 -2.6735 0.69865 0.0040925 0.558 0.27846 0.44151 0.29554 0.13206 0.24879 0.26204 0.026564 0.26417
-3.7237 -3.7643 1.5582 0.16582 0.66864 0.17058 0.40729 0.69421 0.33333 0.083979 1.2484 0.75466 -0.0019348
-3.7475 -2.7242 0.41493 0.071556 0.45052 0.3925 0.58006 0.58997 0.50782 0.21293 -0.022766 0.083476 0.39888
-4.7335 -2.8483 0.27202 -0.099698 0.20602 0.059679 0.15877 0.092731 0.14139 0.1218 0.16442 0.19441 0.26164
-6.7899 -2.6199 0.47171 0.083911 0.39142 0.2321 0.32283 0.22822 0.26168 0.19719 0.21152 0.16919 0.1708
-6.2087 -4.1961 1.1708 0.33773 0.55831 0.54831 0.66934 0.29113 0.44793 0.31047 0.25712 0.009279 0.052453
-3.2497 -4.2594 0.65841 0.038112 0.38108 0.48368 0.60381 0.33215 0.47436 0.27799 0.11947 0.19784 0.5882
-0.819 -2.082 0.80143 -0.44915 -0.79932 -0.97622 -0.40402 -1.0202 0.50598 -0.030574 0.22263 0.12258 0.58037
2.9433 -2.0777 -1.3736 -2.6888 -1.0017 -1.7924 -0.45686 -0.47312 0.11218 -0.79834 0.43941 -0.073965 0.97726
3.5131 -3.9755 -2.894 -2.9072 -0.73747 -1.3746 -0.47756 -0.31604 -0.69633 -0.9534 0.21347 0.30227 0.39685
3.683 -3.608 -3.3519 -2.9456 0.22652 -0.77201 -0.7857 -0.38367 -1.0786 -1.1162 -0.38769 0.24273 -0.44358
3.6057 -4.3094 -3.5793 -3.0441 0.14736 -0.7142 -1.0378 -0.95705 -0.71861 -0.96873 -0.85481 -0.13403 -0.50031
3.0752 -4.1245 -3.2686 -2.8801 -0.015869 -0.54796 -1.2442 -1.1455 -1.0232 -0.94161 -0.41629 -0.14616 -0.58064
2.0209 -3.9702 -2.1591 -2.1241 0.04002 -0.30096 -1.1764 -1.0385 -0.66363 -0.48594 -0.76204 0.18571 -0.48945
1.904 -4.0471 -2.0821 -2.072 0.291 -0.40404 -1.441 -0.67277 -0.70792 -0.10623 -0.65239 0.42103 -0.22129
2.3718 -4.1848 -2.4228 -2.1416 0.21665 -0.43197 -1.3498 -0.71342 -0.80082 -0.21685 -0.853 -0.084264 0.206
3.2999 -4.052 -3.2773 -2.3416 0.094434 -0.73808 -1.2542 -1.0628 -0.7043 0.056023 -0.39066 -0.17206 0.44848
4.0573 -4.0514 -3.6967 -2.039 0.42313 -0.50665 -1.1125 -1.14 -0.28264 0.28236 -0.37011 0.22233 -0.042769
4.4811 -4.0782 -4.2073 -2.3164 0.19227 -0.66226 -1.1364 -1.2744 -0.37414 -0.068766 -0.24562 0.30226 0.15146
4.7046 -4.2078 -4.6455 -2.7281 0.17175 -1.0319 -1.4578 -1.3111 -0.69436 -0.31815 -0.54143 0.2144 0.049648
4.8017 -4.4089 -4.7951 -2.6114 -0.12106 -0.95285 -1.556 -1.1986 -0.6687 -0.30395 -0.4735 0.44285 0.35294
4.8349 -4.2469 -4.7676 -2.4888 -0.17208 -0.79022 -1.2995 -1.0182 -0.48065 -0.25356 -0.30818 0.69331 0.52436
4.8091 -4.6257 -5.0393 -3.1797 -0.44328 -1.1061 -1.4134 -1.0661 -0.34362 -0.20604 -0.24204 0.92735 0.55952
4.6574 -4.1811 -4.5362 -2.9999 -0.3616 -0.92124 -1.2286 -0.9 -0.37931 -0.3539 -0.31369 0.80904 0.84335
4.4485 -4.0417 -4.4721 -3.2132 -0.52695 -0.96308 -1.0065 -1.0585 -0.41413 -0.64431 -0.30776 0.78689 0.84395
4.1377 -3.6704 -3.3217 -3.5837 -0.77151 -0.56491 -0.96906 -0.84729 -0.50298 -0.70379 -0.50456 0.62509 1.2518
3.6499 -4.0363 -3.0801 -3.0141 -1.0879 -0.71823 -0.055845 -1.2153 -0.37605 -0.90072 -0.3522 0.92376 0.89057
3.3895 -4.173 -3.2555 -3.0848 -1.0244 0.17201 -0.48254 -0.88919 -0.060545 -1.0569 -0.18196 1.1748 0.32759
1.9854 -3.4175 -2.137 -2.9459 -0.73448 -0.60312 0.31778 -0.51319 -0.39181 -0.98792 0.29505 0.98466 0.57944
