-0.041628 -6.9215 1.5748 -1.0109 0.96406 0.10833 0.27547 0.023657 0.68763 0.57237 -0.18073 -0.48907 0.30172
-0.83211 -7.7165 1.8503 0.099678 0.70158 -0.30877 -0.0012689 -0.59237 -0.3561 -0.45707 0.21142 0.18102 0.50337
0.93384 -4.0758 0.1119 0.23431 -0.57824 -1.2162 -1.8865 -2.2814 -0.63828 -0.73098 0.0069621 0.72387 0.29552
2.1485 -4.5633 0.32228 0.45774 -0.99491 -1.0784 -1.2627 -1.8642 -0.73778 -0.44839 0.024022 0.10696 0.63835
2.3101 -5.0136 0.42914 0.70427 -1.0813 -1.1211 -1.0578 -2.3253 -1.3435 -0.77168 -0.00035972 0.041676 1.0208
2.141 -4.5266 0.38643 1.2099 -1.324 -1.236 -1.1938 -1.9761 -0.98958 -1.2615 -0.35823 -0.40267 0.89367
1.3613 -3.8305 0.34645 0.22367 -1.2194 -1.1937 -1.1838 -1.9703 -0.43265 -0.67061 -0.21447 -0.5148 -0.034804
-0.61541 -3.4059 0.56272 0.015448 -0.73809 -0.57907 -0.68732 -1.7575 -0.88831 -1.1032 -0.42418 -0.30455 -0.54676
-3.2723 -2.7733 0.35516 -0.016687 0.29452 0.13173 0.20768 0.10533 0.17032 0.21681 0.33531 0.32873 0.32869
-4.944 -2.3746 0.7233 0.34037 0.64853 0.489 0.57755 0.48496 0.51386 0.44615 0.45299 0.40228 0.39786
-4.6115 -2.4887 0.63278 0.22326 0.50437 0.25492 0.24405 0.091121 0.21321 0.32962 0.5466 0.46052 0.22778
-3.2762 -2.9082 0.50431 -0.097385 0.013778 -0.27812 -0.22093 -0.6388 -0.54757 0.14637 1.0133 0.46017 -0.29933
-3.9692 -2.8419 0.38651 -0.014913 0.25957 -0.041389 -0.12043 -0.34233 -0.12779 0.1749 0.54669 0.35147 -0.11731
-7.0963 -2.4109 0.78543 0.37585 0.65561 0.36662 0.32094 0.098468 0.2654 0.52105 0.89989 0.67309 0.20376
-5.1049 -2.6412 0.46889 0.10288 0.42537 0.27168 0.36334 0.27928 0.31334 0.23039 0.23805 0.21301 0.21154
-5.1502 -2.3573 0.77037 0.39866 0.72113 0.5622 0.64826 0.55236 0.57645 0.48207 0.47786 0.437 0.41722
-4.9332 -2.6011 0.50372 0.13058 0.43779 0.25841 0.30627 0.20355 0.27871 0.22421 0.25081 0.22529 0.16365
-0.72177 -1.9153 0.2922 -0.77951 -0.9493 -0.93433 0.18157 -0.53891 0.3092 -0.4985 0.25493 0.10618 0.63431
3.6545 -3.3994 -1.7877 -2.6205 -1.684 -1.6007 -0.44562 0.24597 -0.0049929 -1.2742 -0.011095 0.082006 -0.25029
4.1708 -4.7098 -3.437 -1.8939 -1.4051 -0.43329 0.15011 -0.29089 -0.69874 -1.614 -0.086311 0.38176 -0.17725
3.7702 -4.8031 -3.4132 -2.1545 -0.82431 0.10045 -0.35655 -0.37813 -0.87278 -1.4551 -0.25083 0.0060643 -0.54854
3.3216 -4.6965 -3.6631 -2.1913 -0.65317 -0.12522 -0.56503 -1.1054 -0.86051 -1.4854 -0.54643 -0.30745 -0.8876
3.5377 -5.2872 -3.6343 -2.203 -0.6035 0.1111 -0.28305 -0.78268 -0.64918 -0.77358 -0.65545 -0.0042773 -0.64831
3.5434 -4.585 -3.1221 -2.0017 0.070193 0.3287 -0.13636 -0.52983 -0.47351 -0.53362 -0.50789 0.17003 -0.61512
4.2445 -4.8362 -3.8108 -1.8331 -0.094349 0.42325 -0.40047 -0.57732 -0.67895 -0.66257 -0.42959 0.11218 -0.39519
4.7375 -5.4855 -4.3319 -2.0792 -0.10422 -0.089119 -0.69516 -1.0586 -1.0071 -0.98497 -0.68535 -0.15217 -0.7523
5.2137 -5.7728 -4.6653 -1.7204 -0.45514 0.28454 -0.85195 -1.3317 -0.95865 -0.98724 -0.61109 -0.13928 -0.79823
5.4724 -5.7865 -4.8473 -1.8348 -0.43449 0.38446 -0.59637 -0.9976 -0.56966 -0.93801 -0.13447 0.11172 -0.21972
5.587 -5.7223 -4.8373 -1.6014 -0.63287 0.51279 -0.78653 -0.66568 -0.71779 -1.0421 -0.5826 0.095834 -0.2391
5.5921 -5.6371 -4.5975 -1.9513 -0.50983 0.034539 -0.99833 -0.63397 -0.74548 -1.2478 -0.83581 -0.080892 -0.27968
5.4904 -5.751 -4.9554 -2.3054 -0.66044 0.089831 -1.1778 -0.74093 -0.93619 -1.5935 -0.52435 -0.11581 -0.097064
5.2195 -4.5652 -3.9886 -2.0993 -0.046735 0.38484 -0.82482 -0.25516 -0.39693 -1.4084 -0.31122 -0.0060844 -0.083871
4.711 -4.6791 -4.0809 -2.7072 -0.12751 -0.029025 -0.98462 -0.46027 -0.57 -1.1654 -0.35163 0.22216 0.057022
3.6996 -4.2434 -2.8483 -2.7559 0.20699 -0.22262 -1.0324 -0.80307 -0.57481 -0.82339 -0.57884 0.33502 -0.037012
2.9447 -4.1034 -2.3836 -3.0292 -0.22244 -0.37334 -1.3682 -0.91667 -0.56923 -1.0042 -0.93449 0.30857 0.052113
2.6154 -4.3736 -2.6559 -2.2657 -0.16431 -1.1684 -1.2904 -1.0301 -1.1846 -0.82603 -0.76783 0.21956 -0.43386
1.9711 -4.2728 -1.9675 -2.2633 -0.0069935 -0.70911 -1.144 -0.81084 -1.2063 -0.79042 -0.36587 0.38588 -0.09387
1.2998 -3.713 -0.74057 -1.9534 -0.30897 -0.46941 -0.37999 -1.4681 -1.1748 -0.83202 -0.019036 0.47924 0.022506
-0.015077 -3.6258 -0.50135 -1.1757 -0.4548 -0.68933 -0.41011 -0.63364 -0.84185 -0.65143 0.19402 0.37561 -0.22041
