-0.19264 -2.2228 1.1715 -0.034393 -2.4237 -3.27 -0.29999 -1.7622 -0.24019 -0.12144 1.0596 -0.22282 -0.43874
0.44086 -2.4766 0.87918 0.34291 -1.6485 -3.2877 -0.1142 -1.0437 0.086127 0.46568 0.52518 0.064629 0.017029
1.0392 -2.5474 0.99442 0.24415 -1.2829 -3.8484 0.017696 -1.2038 0.53188 0.17254 0.84687 0.39117 -0.29576
0.8545 -2.132 0.47369 -0.045438 -1.5153 -3.1065 -0.29283 -1.6163 0.1777 -0.27478 1.1863 0.64819 -0.41673
0.32907 -1.4999 1.2678 -0.72667 -1.2459 -3.2229 -0.6603 -1.1626 0.09221 -0.1751 0.35655 0.2808 -0.26191
-1.0255 -2.1576 1.5414 0.26533 -1.2613 -2.2164 -0.33225 -0.57465 0.29853 -0.22633 -0.4487 -0.21618 0.16153
-0.80682 -4.7867 2.2189 0.40362 -0.84492 -1.9403 -0.20808 -0.72796 -0.83631 -0.37856 0.38232 0.52642 -0.096601
-1.2594 -5.7804 2.0403 -0.65896 -0.97107 -0.95433 -0.30873 -0.30745 0.27875 1.1279 1.3531 0.31297 -0.14903
-1.7957 -5.2227 1.909 -0.94454 -0.70158 -0.83286 -0.24246 -0.24596 0.2625 0.50824 0.76996 1.5407 0.033954
-2.8478 -4.5858 1.7237 -0.45942 -0.39458 -0.89345 0.056456 -0.19225 0.60739 1.4837 0.4556 1.1151 0.031155
-3.1249 -4.5751 2.1385 -0.06551 -0.035044 -1.3342 0.026539 -0.1861 0.4688 1.6211 0.5656 0.088896 0.65878
-3.5743 -4.088 0.9895 -0.2089 -0.28252 -0.84768 -0.22502 0.13846 0.35548 0.99524 1.2709 0.75659 1.0449
-2.3792 -5.1223 2.0984 -1.0959 -0.45524 -0.72861 -0.47247 -0.091486 0.1478 1.2336 0.93702 0.83361 0.42671
-2.2743 -5.5848 1.9877 -0.78151 0.059061 -0.60994 -0.20218 0.85826 0.17284 0.70187 1.3593 0.76474 -0.075884
-1.2956 -6.4989 1.4562 -0.76917 -0.1627 -0.47953 0.35403 0.81535 0.57184 0.49311 0.77856 0.652 0.1135
-1.1818 -6.7463 0.97388 -0.21072 0.13176 -0.52021 -0.043515 0.58586 -0.20122 0.10024 0.59546 0.98967 0.063151
-3.4282 -2.6834 0.67205 -0.34612 0.3284 -0.6831 -0.12283 -0.17166 -0.093882 -0.11927 0.044518 0.24827 -0.062443
0.25251 -0.61224 -0.57241 -3.366 -0.79311 -0.56235 -0.30885 -0.25779 -0.16359 -0.85907 -0.70548 0.62561 -0.22382
0.86773 -1.5527 -1.6315 -3.8296 -0.052631 -0.14763 -0.79606 -0.13042 -0.29135 -0.40808 -1.064 0.7962 -0.46913
0.92556 -2.1156 -2.1066 -3.2031 0.015916 0.15133 -0.46426 0.05454 -0.69278 0.25607 -1.3152 0.61261 -0.35681
0.93406 -2.1769 -2.9232 -2.7488 0.017411 0.0084523 -0.84096 -0.082383 -0.55009 0.24109 -0.74949 0.58075 -0.38577
0.90389 -2.914 -3.5149 -1.5826 -0.063828 0.27616 -0.31836 -0.3178 -0.46535 0.15146 -1.0334 0.50327 -0.31566
1.0909 -2.905 -3.331 -1.6838 0.089925 -0.037928 -0.54256 -0.36543 -0.30128 0.24499 -1.054 0.6605 -0.56873
1.1191 -2.6502 -3.6266 -1.6323 -0.1496 0.04951 -0.3415 -0.38468 -0.17516 -0.0079498 -1.1482 0.45552 -0.32985
1.064 -2.7667 -3.0858 -2.1423 -0.15672 0.073387 -0.00123 -0.39707 -0.049356 0.043184 -1.2413 0.66068 -0.42928
0.93372 -2.8703 -3.0377 -2.0291 -0.37386 0.06291 -0.09676 -0.33148 -0.063288 -0.2734 -1.0226 0.63225 -0.34747
0.58555 -2.7612 -2.9357 -1.9218 -0.44197 -0.12759 -0.065892 -0.43394 0.053869 -0.22426 -0.94787 0.37808 -0.42355
0.094564 -2.6521 -2.2546 -1.7621 -0.5367 -0.5432 0.17663 -0.68633 -0.30043 -0.53707 -0.70647 0.60714 -0.30044
-0.37067 -3.1888 -1.8294 -1.1457 -0.07373 0.0015367 0.041494 -0.62033 -0.46864 -0.704 -0.79575 0.70808 -0.20239
-0.70365 -2.63 -1.3975 -1.4835 0.17195 -0.44392 -0.59989 -0.79047 -0.43192 -0.65147 -0.76584 0.86202 -0.19899
