0.023787 -3.0492 0.62946 -0.55717 -1.675 -1.5189 -0.95776 -2.0867 0.054263 0.20219 0.90221 -0.097159 0.3039
0.023328 -3.529 0.27009 -1.0636 -2.1909 -1.7368 -0.70689 -1.4392 0.40209 -0.37003 -0.17701 -0.69209 0.4528
0.037627 -3.8069 0.061166 -0.53284 -1.3456 -1.3607 -0.78687 -1.0544 0.24791 -0.18788 -0.22553 -0.70181 0.63938
-0.14575 -3.4477 0.17375 -0.82092 -1.4279 -1.2621 -0.26641 -0.94933 -0.018667 -0.28952 0.16238 -0.46621 0.24364
-1.1752 -3.2681 0.29059 -0.13612 -0.46769 -0.7815 -0.8988 -1.0725 0.31669 -0.13179 -0.58319 -0.48451 0.0075168
-4.3311 -2.9841 0.33913 -0.12586 -0.10848 -0.30032 -0.072328 -0.31429 -0.2293 -0.33161 -0.20714 -0.36556 0.18592
-4.5734 -2.6048 0.5123 0.15134 0.49077 0.39195 0.53761 0.48751 0.46461 0.2354 0.093624 0.095844 0.24605
-5.728 -2.4263 0.70456 0.33475 0.6464 0.503 0.60079 0.51627 0.55665 0.55266 0.60317 0.61062 0.66267
-6.0706 -2.1597 1.1882 0.71326 0.89219 0.47009 0.30492 -0.024048 0.25358 0.80351 1.4294 1.027 0.19232
-5.4927 -2.3746 0.7272 0.34784 0.66097 0.50533 0.59732 0.50317 0.53416 0.46839 0.47505 0.4205 0.41291
-5.8641 -1.886 1.2196 0.81441 1.1129 0.93617 1.0097 0.89851 0.91273 0.81911 0.80788 0.7471 0.72162
-4.6485 -2.7039 0.4481 0.0367 0.36875 0.2049 0.30492 0.21589 0.2537 0.18972 0.20613 0.16733 0.1726
-6.9584 -4.3802 1.538 0.45998 0.91066 0.7078 0.85534 0.76338 0.79141 0.68561 0.68569 0.63476 0.6295
-0.68196 -2.0675 0.68306 -1.745 -1.8173 -1.6228 0.46212 -0.42901 0.1372 -0.42815 0.81532 -0.25099 1.1211
2.3583 -3.251 -1.8267 -3.6614 -1.42 -2.0809 0.3469 0.22969 -0.30276 -0.51505 0.49309 -0.33176 0.24567
3.7382 -5.7158 -3.7129 -2.6015 -0.88719 -0.41446 0.070007 0.51348 -1.4977 -0.93263 0.044325 -0.061288 -0.73179
4.3658 -6.7621 -3.8298 -1.3991 -0.4525 0.47234 -0.49444 0.4619 -1.0564 0.04355 0.3973 0.4728 -0.9122
4.333 -7.4296 -4.7956 -1.3624 -0.66558 0.65561 -0.78046 0.17255 -0.56304 -0.18484 0.4492 0.067275 -0.71106
4.3992 -7.1506 -5.374 -1.3992 -0.35396 0.51371 -1.3965 -0.4509 -0.47113 -0.12142 0.47827 0.25577 -0.93287
4.4771 -6.7778 -5.1759 -0.74875 -0.050646 1.0827 -1.0593 -1.0822 -0.17299 -0.5611 0.40162 0.32574 -0.7723
4.5318 -6.6722 -4.8316 -0.38376 0.16008 1.4959 -0.86872 -0.55309 -0.08598 -0.47858 0.37741 0.2271 -0.74343
4.6136 -6.6051 -5.0875 -0.66046 0.077879 1.406 -1.0706 -0.49416 0.036212 -0.36954 0.27811 0.47295 -0.89042
4.7207 -6.7677 -4.3942 -0.22344 -0.15166 1.437 -1.6517 -0.14526 0.18077 -0.11503 0.25628 0.20437 -0.64528
5.0548 -7.5813 -4.8039 -0.77126 -0.44217 1.2788 -2.1083 -0.13654 -0.25187 -0.33014 -0.051864 0.41263 -0.94823
5.2268 -7.2325 -4.2445 -0.96046 0.11113 1.6193 -1.9593 0.16815 -0.35714 0.016401 0.15933 0.73276 -1.0102
5.1789 -7.1352 -4.2816 -2.0591 0.076242 1.2064 -1.7347 0.16548 -0.75753 -0.33602 0.2338 0.80364 -1.0465
4.8198 -6.45 -4.1035 -2.4316 0.043535 0.88343 -1.3008 -0.14473 -1.0507 -0.86067 0.045673 0.41558 -1.192
4.7172 -6.081 -3.9502 -2.7175 0.14331 0.88518 -1.2143 -0.0017026 -1.0177 -0.4987 0.43754 0.65499 -0.79282
4.5304 -5.8022 -3.6551 -2.6893 0.32109 0.72748 -1.1737 0.3127 -1.053 -0.67666 0.52413 0.58826 -1.021
4.2172 -5.9436 -3.6854 -2.9892 0.23488 0.83804 -1.2345 0.34184 -0.89751 -0.85272 0.31283 0.39007 -0.9449
3.8849 -6.0006 -3.8676 -3.059 0.38572 0.2284 -1.0978 0.11372 -1.1334 -0.61754 0.11734 0.3339 -0.50418
3.2996 -5.8621 -3.6345 -2.978 0.7281 0.73939 -0.77903 0.24264 -1.0559 -0.8725 -0.057364 -0.086398 -0.27217
2.5566 -5.4289 -3.3135 -2.7335 0.052085 0.47016 -0.99577 -0.0072938 -0.87321 -0.28431 0.027699 0.46602 -0.12248
1.7167 -4.9758 -2.7893 -2.3808 0.55811 0.42867 -0.31717 -0.029033 -0.83017 -0.32708 0.029563 0.20963 -0.054438
0.68745 -4.2497 -2.0039 -3.088 0.079678 -0.58941 -0.75797 -0.20655 -0.94071 -0.18823 0.64547 0.30652 -0.034194
