0.25624 -2.8683 1.4749 0.3786 -1.7657 -1.7033 -1.3377 -1.9807 0.27644 -0.24758 0.1024 -0.59231 -0.19708
1.884 -4.1158 1.7388 0.58111 -1.9386 -1.9924 -1.8851 -2.2714 0.078717 0.34657 0.87784 0.27724 -0.12222
2.3747 -4.1833 2.0415 0.39746 -2.1795 -1.3083 -1.92 -2.6814 0.83777 0.84204 0.37127 0.1419 -0.32933
2.8681 -4.9894 2.2317 0.20474 -2.0037 -1.1282 -1.9471 -2.3063 0.24854 0.87833 0.65619 0.51738 -0.4046
3.418 -6.0294 2.3711 0.55221 -2.4437 -1.6463 -2.1845 -2.0673 -0.045315 0.63877 0.38387 0.45582 -1.2263
3.494 -6.0097 2.1908 0.11964 -2.4312 -1.5824 -2.0816 -2.1606 -0.015479 0.45094 0.25979 0.68796 -1.068
3.1904 -5.4225 2.1895 0.31477 -2.1941 -1.448 -1.9153 -2.2321 -0.04146 1.0746 0.19134 0.4841 -0.79193
2.5121 -4.367 1.8321 0.58744 -2.0713 -2.2238 -1.8011 -1.8414 0.24864 0.50076 0.29577 -0.032994 -0.44257
1.9682 -2.9507 1.2785 -0.34227 -1.4279 -2.0154 -1.4683 -2.4357 -0.36228 0.39882 0.68148 -0.44866 -0.014526
0.95339 -3.0269 1.262 0.17465 -1.3973 -2.2816 -1.0357 -1.709 -0.27545 0.13267 0.77666 -0.78447 -0.46381
-1.2914 -3.0057 0.70894 0.17292 -0.7422 -0.75429 -0.077688 -0.8663 -0.55068 0.1584 0.57846 -0.48858 -0.30569
-1.435 -3.6877 0.31463 0.14948 -1.0975 -1.0829 -0.35481 -0.26489 0.30787 0.21447 0.92984 0.16846 0.2299
-1.5219 -3.6424 -0.088784 -0.68618 -0.6988 -0.88744 -0.054857 -0.21884 0.077843 0.72148 1.6049 0.25721 0.41689
-2.2202 -3.3141 0.086563 -0.76718 -0.46329 -1.1099 -0.40273 -0.44536 -0.00046811 0.88186 1.6761 0.33311 0.68758
-4.3235 -2.7693 0.37522 -0.54332 -0.25779 -0.30302 0.81182 0.59141 -0.24616 0.43248 1.427 0.06361 0.50784
-4.2613 -3.9848 1.4165 -0.042722 0.1963 0.2509 -0.22338 -0.3189 -0.34436 0.48762 1.0512 0.73757 -0.31816
-3.3306 -3.241 0.45223 -1.1701 -1.2165 -0.72889 1.3451 0.79264 -0.90469 0.25972 1.7645 -0.20678 0.37885
-2.7057 -5.5312 1.3805 -0.29007 -0.30306 -0.20379 0.72619 -0.72073 0.099742 0.32315 0.38094 1.1131 -0.019331
-4.7791 -3.4255 1.0528 0.62808 0.038702 -0.15568 0.45984 0.15602 0.22053 0.14388 0.22036 0.228 0.25965
1.7619 -2.3404 -0.88352 -1.9576 -2.0195 -1.646 0.51234 -0.49619 -0.93869 -1.2201 0.12421 -0.87164 0.13011
3.027 -2.8503 -2.5718 -2.2374 -1.4183 -1.5338 1.0967 -0.1972 -0.63729 -1.005 -0.12545 -0.59217 -0.19563
3.558 -3.5462 -3.2973 -2.1876 -1.2909 -0.83141 0.71491 -0.10505 -1.2189 -0.58114 -0.12108 -0.23638 -0.6558
4.0639 -4.2167 -3.334 -2.2378 -0.89723 -0.65631 0.75473 -0.14834 -1.3423 -0.49996 -0.074952 0.1452 -0.82384
4.2647 -5.032 -3.5819 -2.0865 -0.50237 -0.50492 0.16821 -0.36138 -1.2694 -0.47804 0.032947 0.0661 -0.76478
4.3349 -5.1266 -3.6956 -1.9722 -0.1393 -0.47328 -0.32966 -0.45991 -1.1385 -0.25682 0.19775 -0.19059 -0.72383
4.3618 -5.0159 -3.8983 -1.8811 -0.15594 -0.16049 -0.76079 -0.55795 -0.77359 -0.28978 0.3109 0.0061765 -0.87658
4.3588 -5.4296 -3.9677 -1.9848 -0.10935 0.0012243 -1.0641 -0.95496 -0.73603 -0.46439 0.33344 -0.10274 -0.99079
4.4126 -5.285 -3.9354 -1.7651 0.034548 0.10645 -0.84931 -0.83403 -0.26502 -0.40834 0.24702 -0.047488 -0.71775
4.5117 -4.9221 -3.8077 -1.8666 0.28432 0.12083 -0.93203 -0.52238 -0.12142 -0.23656 0.38744 -0.029438 -0.86
4.4852 -5.1272 -3.8436 -2.0269 0.086338 -0.12622 -1.4937 -0.83919 -0.28319 -0.47639 0.20914 -0.17151 -0.95777
4.5203 -4.5526 -4.1769 -1.9032 -0.068757 0.18645 -1.7469 -0.65519 -0.42526 -0.44684 -0.031459 -0.15888 -0.95848
4.4688 -4.9193 -3.9829 -2.1262 0.091178 0.23364 -1.4992 -0.39208 -0.31607 -0.28022 0.21288 -0.32589 -0.78157
4.4158 -4.5415 -3.765 -2.1989 0.35707 0.41546 -1.4524 -0.27349 -0.31434 -0.18793 0.17781 -0.25085 -0.73853
4.372 -4.4973 -3.8038 -2.3668 0.24892 0.31255 -1.459 -0.40983 -0.2381 -0.25003 0.23139 -0.2794 -0.89751
4.1822 -4.0004 -4.15 -2.3897 0.029684 0.23643 -1.3925 -0.60809 -0.1545 -0.21658 -0.018744 -0.36933 -0.88586
3.8659 -4.0577 -3.826 -2.482 0.0044377 0.032649 -1.3834 -0.60763 -0.094826 -0.090189 -0.16102 -0.097604 -0.67838
3.3727 -3.7203 -3.4931 -2.618 0.4658 -0.27649 -1.3009 -0.27303 0.10996 -0.39969 0.17486 -0.1498 -0.64639
2.9708 -3.4574 -3.2102 -2.6913 0.5654 -0.27091 -1.0981 -0.57533 -0.072317 -0.47031 -0.0068338 0.097458 -0.64719
2.1439 -3.3158 -2.8928 -3.0624 0.41979 -0.44987 -1.4163 -0.33797 -0.35814 -0.63382 -0.19323 -0.34463 -0.61375
1.0233 -3.1498 -1.4575 -2.4638 -0.0063136 -0.69916 -0.94507 -0.68946 -0.27743 -0.14637 -0.44072 -0.3038 -0.597
-0.03313 -3.2115 -0.81654 -1.9428 0.26814 -0.96649 -0.76225 -0.55817 -0.51404 0.023987 -0.013692 -0.36525 -0.26406
