0.6721 -0.83525 2.3482 0.2113 -0.9659 -1.261 -0.86824 -1.5444 0.49839 -0.39756 0.26848 -0.11444 -0.24247
2.6733 -1.0124 1.6967 -0.029349 -1.2659 -2.1288 -1.6444 -0.33829 -0.65888 -0.3572 0.53739 0.018429 0.15253
2.9755 -0.75862 2.003 -0.32927 -1.3745 -1.6557 -1.4559 -0.66413 -0.13759 -0.16152 0.23676 0.28238 0.24569
2.6189 -0.59111 2.0905 0.18244 -1.0835 -1.8926 -1.3383 -0.31592 -0.14638 -0.44054 0.25311 -0.018723 0.64416
1.4696 -0.94384 2.8439 0.58215 -1.1135 -1.8057 -0.51353 -0.96479 0.10542 -0.61463 0.35404 0.098009 -0.2596
0.48969 -4.0206 2.7324 1.1813 0.22056 -1.0442 -0.21151 -0.80811 0.36475 0.082663 0.68642 -0.26192 0.16752
-0.15775 -5.31 1.5762 -0.32544 0.028298 -0.73272 0.219 -0.036262 -0.0098271 0.43359 0.81579 0.49087 -0.20492
-2.16 -4.1987 1.1701 -0.2559 0.10036 -0.82638 -0.55673 -1.1229 -0.69552 0.33783 0.88865 0.64223 0.10882
-1.0151 -5.0185 2.0429 -0.25203 0.43605 -0.44171 -0.12327 -0.67461 0.16222 0.31158 0.70548 0.28616 -0.032848
-0.23582 -5.779 2.4182 -0.18985 0.75052 -0.61176 0.19965 0.045825 0.46485 0.45949 0.31281 0.29686 0.050235
0.75843 -7.7206 -0.07587 -0.48244 0.42248 0.28531 0.57967 0.024684 0.42527 0.24663 0.78169 0.73308 0.31209
1.2959 -7.7681 0.16027 -0.78109 -0.066467 -0.34576 -0.14224 -0.43147 0.48599 0.15891 0.33992 0.26066 -0.63312
1.2386 -1.2068 1.2039 -1.1054 -0.77829 -1.5232 -0.60458 -0.30498 0.42158 -0.67921 -0.47704 -0.23295 -0.098872
3.2349 -0.025378 0.075629 -2.6179 -1.2768 -1.0161 -0.77944 0.077462 0.83189 -0.63994 -0.51412 -0.25426 -0.13891
3.7366 -0.20997 -1.219 -2.8834 -1.1438 -0.46324 -0.42186 -0.080134 0.50738 -0.64719 -0.96639 -0.53413 0.33952
3.6081 -0.15626 -1.9967 -2.7304 -1.2903 -0.70594 0.35773 -0.66211 -0.08595 -1.1882 -0.80667 -0.74074 0.12056
3.6931 -0.12947 -1.9625 -2.587 -1.0467 -0.59838 0.81321 -0.057376 -0.44637 -1.1619 -0.63486 -0.18798 0.11523
3.3006 -0.46476 -2.2197 -2.9502 -0.46229 -0.55374 0.98491 -0.17576 -0.69344 -0.75889 -1.0383 -0.1801 0.15182
2.9878 -0.63421 -2.1708 -3.0425 -0.2671 -0.80846 0.85152 -0.64015 -0.79427 -0.51979 -0.92941 -0.19388 0.054588
2.9188 -0.72659 -2.0491 -2.8196 -0.75654 -0.42562 0.80798 -1.0595 -0.72632 -0.61022 -0.59845 -0.43004 -0.26208
3.0015 -0.4747 -2.05 -3.0568 -0.8775 -0.73282 0.82419 -1.1075 -0.90001 -0.61361 -0.96026 -0.44531 -0.13552
2.9521 -1.0147 -1.5636 -2.9541 -1.0852 -0.40657 0.61884 -0.79519 -0.90242 -0.93289 -0.4912 -0.32466 -0.31499
2.971 -0.6369 -1.257 -2.8867 -1.0451 -0.037668 0.61974 -0.52925 -0.83942 -0.9885 -0.37162 -0.065989 -0.33545
3.0998 -0.70449 -0.99466 -2.8639 -1.2946 -0.056114 0.77939 -0.48874 -0.92122 -1.1925 -0.64627 0.17522 -0.50493
3.019 -0.92508 -1.0576 -2.6333 -1.1959 0.047881 0.64538 -0.50113 -0.79107 -1.2929 -0.42343 -0.16773 -0.37832
2.5826 -0.80077 -0.57076 -2.8576 -1.3153 0.38624 0.29334 -0.63467 -0.62199 -1.0642 -0.38767 -0.3769 -0.51276
2.223 -0.87359 -0.78252 -2.6093 -1.0281 0.06178 0.61307 -1.0568 -0.29557 -1.1665 0.043445 -0.54929 -0.80201
1.7097 -0.86664 -0.6482 -2.6664 -0.8821 0.036718 0.47906 -1.4849 0.080124 -0.46934 -0.83882 -0.50495 -0.57817
0.69005 -1.6371 -0.41641 -2.0811 -0.46745 0.035256 -0.094011 -1.411 0.078462 -0.26326 -0.91244 -0.7181 -0.3936
