-3.2989 -4.9223 1.0508 0.34081 -0.88394 1.7256 0.22597 0.32827 0.6825 0.62891 0.44147 0.41542 0.61109
0.15859 -4.6924 1.0003 -0.029827 -1.6109 0.72998 -0.53251 -0.23715 0.38772 0.33359 0.21356 0.18705 0.73485
0.91405 -3.784 2.4504 -0.014049 -1.4712 -1.6886 -0.98371 -2.7646 -0.74352 -0.45159 -0.62604 -0.54968 -0.37273
4.3709 -5.4627 2.5201 -0.37071 -2.2167 -2.5825 -0.46354 -2.2244 -0.67733 -0.16713 -0.64174 -0.13843 -0.68747
5.1948 -6.7572 2.1068 -0.86863 -2.4085 -2.2617 -0.6666 -2.2752 -0.68517 -0.5111 -0.95382 -0.26279 -0.67827
5.307 -6.7454 2.0175 -0.64443 -2.4043 -2.2803 -0.36279 -2.5568 -0.72141 -0.96281 -1.1002 -0.72302 -0.48478
4.4178 -6.3374 1.3668 -0.41064 -2.2952 -2.6998 -0.58927 -2.7465 -1.0245 -0.69338 -0.74719 -0.6634 -0.061569
2.942 -4.1585 1.3322 -0.30855 -1.6746 -1.8636 0.32228 -2.2885 -1.6866 -0.81768 -0.33326 -0.25893 -0.13182
1.4695 -4.3146 2.3308 0.34248 -0.41974 -1.4938 -0.6994 -2.3807 -1.2337 -1.0484 -0.33429 0.42353 -0.13373
0.8637 -6.2646 1.9744 -0.056365 0.52022 -1.1977 -0.75724 -0.7551 -0.81099 -0.84066 -0.91724 -0.37567 -0.17413
0.51353 -7.7677 1.2552 -1.4174 -0.2608 0.14502 0.38228 -0.18272 -0.1517 0.45677 -0.11689 -0.035806 -0.45257
-0.46763 -6.2843 2.1706 0.069238 0.57515 -0.070901 0.27964 -0.14054 0.17283 0.69732 0.38347 -0.24417 -0.056471
-1.8056 -5.8357 1.4506 0.015839 1.0218 0.36548 0.1875 -0.82524 1.0704 0.56219 0.42534 0.55885 0.21861
-3.6426 -3.233 1.0165 0.068167 0.70902 0.52054 0.55966 0.74468 0.61271 0.27066 0.048076 0.33455 0.46011
-3.7 -3.031 0.43923 -0.066687 0.4583 -0.12721 0.65109 0.24302 0.16502 0.33214 -0.30569 0.26823 0.042454
-1.9994 -7.4709 1.2614 -0.65306 1.3804 0.54726 1.364 0.47123 0.73979 0.21507 -0.14012 -0.16326 0.1451
0.48401 -8.9573 0.37263 -1.1552 1.0384 -0.07795 0.1204 0.083389 0.7474 0.64883 0.16753 0.38972 0.1437
1.0926 -7.8304 0.55735 -0.80315 0.58825 -0.044501 0.46108 0.79945 0.24852 0.041539 0.26689 -0.1031 0.23611
0.29655 -6.227 0.21939 -1.0585 0.032117 -0.51906 0.7082 -0.046507 -0.77944 -0.097303 0.30876 0.61225 -0.15942
1.8045 -1.3916 -0.85639 -3.5277 -1.4965 -0.82539 -0.83989 -0.5825 -1.2481 -1.2011 0.20504 0.47658 0.7622
4.2558 -1.6968 -2.2308 -3.827 -0.6505 -0.32634 -1.005 0.21635 -1.7138 -1.1001 0.469 0.50238 1.0091
4.4843 -3.2114 -2.7528 -4.3686 0.17754 -0.64189 -1.9625 -0.097525 -2.3264 -0.53057 0.3024 0.44615 0.19021
4.3336 -2.8945 -2.9004 -3.6927 0.15632 -0.26055 -1.668 -0.45476 -1.7295 -0.93534 0.14259 0.38633 0.082728
4.3496 -2.2401 -2.4998 -3.115 0.51038 0.29844 -0.89439 -0.23054 -1.3415 -0.95824 0.0093025 0.44363 0.16718
4.5056 -2.1482 -3.0458 -3.3496 0.54666 -0.059701 -0.89086 -0.60826 -1.365 -1.0495 -0.10006 0.33181 0.028597
4.8751 -3.3123 -3.3433 -3.8956 0.2462 0.43226 -1.6903 -0.42837 -1.4865 -1.1893 -0.46903 0.31447 0.080152
5.3782 -4.0082 -4.454 -4.27 -0.081269 0.089427 -2.2601 -0.53112 -1.7516 -1.0573 -0.23315 0.32074 0.30551
5.7748 -3.1706 -3.9862 -3.2129 0.2396 0.8834 -1.8956 -0.021493 -1.4778 -0.50241 -0.05998 0.58487 0.35577
5.9728 -3.9699 -4.2711 -3.9813 -0.025562 0.57621 -2.0887 -0.3486 -1.6199 -0.58735 -0.26085 0.47516 0.41653
6.0098 -3.6084 -4.6412 -3.8256 -0.30002 0.68352 -2.3454 -0.41401 -1.7693 -0.6932 -0.43467 0.22665 0.33857
6.0635 -3.9874 -4.9173 -4.0153 -0.87648 0.73375 -2.7198 -0.57282 -1.8541 -0.70643 -0.59837 0.28282 0.32316
6.0436 -3.1853 -3.7022 -3.81 -0.28164 1.0328 -1.7515 -0.35414 -1.1281 -0.38002 -0.25698 0.69424 0.67346
5.8852 -3.3458 -3.069 -4.0359 -0.78425 1.2726 -1.6642 -0.24968 -1.0639 -0.56333 -0.050205 0.86222 0.88584
5.8489 -3.4171 -2.615 -4.6649 -1.1156 1.464 -1.6019 0.22937 -1.2775 -0.54879 0.012812 1.0304 1.3045
5.5268 -3.3311 -2.7975 -4.3496 -0.20863 1.1435 -1.7565 0.14571 -1.4295 -0.76202 -0.45096 0.23169 0.63712
4.5775 -4.1534 -3.7475 -4.8893 -0.30653 0.74792 -1.8358 0.025716 -0.79237 -0.26421 -0.078861 0.46201 1.311
3.3228 -2.6765 -2.5762 -4.8017 -0.2434 0.64876 -1.1723 0.28192 -0.67054 -0.32921 0.01146 0.25838 0.88975
2.3426 -2.9469 -2.4012 -3.5766 0.50999 1.559 0.12231 0.43334 0.053353 -0.52452 -0.13202 0.37538 1.318
0.072329 -3.3669 -1.6262 -3.8464 -0.66672 -0.6239 0.14342 0.44606 -0.092029 0.45917 0.63426 0.6262 0.9111
-1.7498 -3.7215 -1.0907 -2.0705 -0.0080305 -0.071002 0.64091 0.4279 -0.59038 0.017197 0.37749 0.33167 0.96976
-0.33076 -4.5188 -2.5406 -3.2314 0.3675 1.715 -0.70343 0.78993 0.10732 -0.27228 0.055043 0.37748 0.7997
