-0.50333 -3.203 0.9528 -0.51194 -1.1112 -0.24475 -0.16083 -0.8939 -0.42686 -0.17732 -0.051383 -0.45345 0.0016961
1.816 -2.2876 1.9813 0.0067148 -2.4322 -1.3389 -0.80486 -2.1007 -0.4944 -0.79506 -0.52142 -0.18275 -0.44724
2.8685 -4.0805 1.8254 -0.047297 -2.426 -1.2197 -0.89574 -1.7982 0.081449 -0.016868 -0.66626 -0.61028 -1.0794
2.9599 -3.7562 1.6163 -0.19466 -2.6286 -1.648 -0.59375 -2.0307 -0.28535 -0.080196 -0.69015 -0.46352 -0.89141
2.4243 -2.6035 1.4926 -0.11324 -2.1323 -1.9401 -0.47161 -2.2338 -0.38849 -0.22205 0.095091 -0.69171 -0.73116
1.3714 -1.7661 1.8653 -0.47697 -1.3417 -1.9876 -0.81443 -1.8002 -0.74316 0.081643 0.26474 -0.82965 -0.51682
0.31507 -3.7282 1.7836 0.058358 -0.69286 -1.0302 -0.10268 -0.168 -0.050365 0.42131 -0.052219 -1.1685 -0.62822
-0.19829 -5.3927 0.80078 -0.9889 -0.65594 -0.16646 -0.26012 -0.30722 -0.077359 1.0551 0.61242 -0.021695 0.28397
-0.34473 -6.6745 0.84941 -0.54669 -0.17648 -0.39572 0.28351 -0.013931 -0.059452 0.65239 0.85511 0.43405 0.12005
-2.6149 -4.7906 1.4235 -1.0408 -0.53392 -0.14578 0.51848 0.56475 0.040239 0.56737 1.6669 0.70759 0.36811
-3.676 -4.6136 1.0244 0.15535 0.3457 0.00051267 0.60231 0.22182 0.065913 0.20694 1.052 0.92877 0.20945
-2.8189 -5.537 0.8281 -0.25957 0.31058 0.112 0.37445 0.39218 0.49095 0.58164 0.43794 0.11008 -0.20516
-2.3973 -6.0227 0.37643 -0.48115 -0.20113 0.0073337 0.22935 -0.2031 0.43814 0.49739 0.23788 -0.34672 -0.0055863
-1.0898 -4.3317 -0.43245 -0.67694 -0.76661 -0.53935 0.33658 0.24293 0.24415 0.71938 0.066256 -0.52624 -0.33117
-2.2219 -3.7353 -0.071779 -0.58715 -0.12241 0.3895 0.27955 -0.50583 0.029384 0.24211 0.44037 0.14448 -0.26042
-3.4293 -3.1069 0.42472 0.20152 0.36535 0.74181 0.81723 0.40546 0.25495 0.15269 0.1282 0.52616 -0.089537
-2.4229 -3.5807 0.62772 -0.13748 0.18204 0.81113 0.28438 -0.83247 -0.28725 -0.57437 -0.40459 0.035884 -0.17503
0.89326 -1.6058 -1.2006 -2.0417 -0.79829 -1.1955 -0.25342 -1.115 -0.44609 -1.9534 -0.29071 -0.25869 -0.53102
2.4381 -2.1596 -2.4181 -2.6755 -0.58931 -0.55307 -0.081422 -0.48203 -0.73003 -1.5373 -0.43373 -0.063998 -0.81121
2.9527 -2.3 -2.7531 -2.8822 -0.18938 -0.48559 -0.079097 -0.30652 -0.64767 -1.4293 -0.66367 0.14962 -1.1473
3.3103 -2.7152 -3.0779 -3.0915 -0.18632 -0.41447 -0.38136 -0.34087 -1.0274 -1.0239 -1.0596 0.0403 -1.0994
3.598 -2.6546 -3.3724 -3.2979 -0.11317 -0.2759 -0.70035 -0.21997 -1.0798 -1.0483 -1.0841 -0.048916 -1.1679
3.6251 -2.1203 -3.2559 -3.3259 0.037928 0.0039765 -0.72339 -0.40723 -0.69873 -0.90644 -1.0737 0.10562 -1.0824
3.6994 -2.6367 -3.4349 -3.2579 0.063065 -0.22565 -0.82019 -0.48009 -0.896 -0.85942 -1.2339 -0.022124 -1.0441
3.5481 -2.5875 -3.1974 -3.2038 0.075808 0.027229 -0.94447 -0.70299 -0.74875 -0.94403 -1.3094 0.066175 -1.0398
3.4734 -2.2811 -3.3523 -3.1567 0.30435 -0.038017 -0.9852 -0.9191 -0.94096 -1.0305 -0.97342 -0.019781 -0.60859
3.3157 -1.9895 -2.5151 -3.0237 0.55992 0.28782 -0.89893 -0.90394 -0.64884 -1.0202 -0.73977 0.40319 -0.60908
3.0183 -2.1621 -2.4873 -3.0175 0.32024 -0.059114 -0.82928 -1.2446 -0.86353 -1.0162 -0.52825 0.24019 -0.5176
2.6209 -2.7457 -2.639 -3.3434 -0.0018445 -0.31201 -0.76661 -1.459 -1.2495 -1.3502 -0.67816 0.078706 -0.10093
2.2858 -2.7937 -2.3715 -3.3622 0.011643 -0.28849 -0.84289 -1.4936 -1.3423 -1.4497 -0.46976 0.42922 -0.075795
1.5625 -2.7143 -1.9581 -2.8026 0.085341 -0.37099 -0.37618 -1.55 -1.2009 -1.3972 -0.6457 0.025264 -0.080259
1.1182 -2.7234 -1.4912 -2.6747 -0.48265 -1.1519 -0.44941 -1.9549 -1.1537 -1.3247 -0.053418 -0.22919 0.19384
0.71579 -3.2059 -0.76422 -1.9187 -0.61754 -0.81719 -0.26712 -1.7482 -1.2208 -1.2121 0.35381 0.53048 0.30177
