-1.8225 -2.5409 1.3759 0.69918 0.20648 -0.19439 -0.60696 -0.93338 0.14477 -0.60493 -0.48361 0.21612 -0.15294
1.2887 -1.4164 2.3912 0.29041 -1.8117 -2.06 -0.61757 -1.9936 -0.43589 -0.58715 0.046427 -0.55029 -0.44506
1.809 -1.9258 1.6806 -0.66337 -1.4408 -1.9305 -0.85133 -1.4787 -0.66512 -0.39077 0.36643 -0.49164 -0.79306
1.7237 -1.6018 1.6822 -0.26848 -2.0255 -2.1787 -0.46122 -1.4788 -0.56928 -0.55074 0.54761 -1.1585 -0.69241
1.1378 -1.8112 2.3138 0.22242 -1.9158 -2.2801 -0.78922 -1.4944 0.053572 -0.83638 0.20516 -1.1022 -0.83174
0.13633 -3.1155 1.6053 0.71877 -0.26251 -0.57686 -1.1064 -1.9551 0.21741 -0.26981 -0.89658 -0.81257 -1.1608
0.51443 -5.2607 2.1552 -0.677 -0.7251 -0.81231 0.46588 -0.19588 -0.23471 -0.31471 -0.66409 -0.12393 -0.022075
0.64225 -8.5447 0.95034 0.27209 1.1338 -0.22543 0.05888 -0.66151 0.37274 0.42533 1.2021 0.20587 -0.059458
-0.95354 -6.916 1.5403 0.07721 0.66746 -0.036646 1.0639 0.38735 0.36343 0.34346 0.64458 0.069348 0.060552
-1.9364 -6.6779 1.2802 0.34377 0.46033 0.38969 0.84697 0.30803 0.45723 0.3041 0.26826 0.11828 -0.1759
-2.476 -5.5275 1.417 -0.28468 0.74544 0.10097 0.20347 0.15311 0.32773 0.67682 0.032681 0.30461 0.63211
-1.6015 -6.9025 1.4494 -0.070074 0.23597 -0.2109 0.2886 -0.13349 0.19102 -0.46174 -0.34471 0.14132 -0.20501
-0.71225 -7.4193 -0.24392 -0.47563 0.98262 0.30653 0.19072 0.65394 0.25467 0.40396 0.58529 -0.017244 0.25317
-1.3959 -6.576 -0.78774 0.34849 0.12609 0.16648 1.0448 1.1228 0.51519 0.58653 0.57755 0.41059 0.54384
-2.7743 -2.0126 1.1743 0.56958 0.41543 0.23412 -0.13305 -0.85688 0.095979 -0.47404 -0.39412 0.08091 -0.40199
1.7578 -1.1727 -1.0342 -2.5936 -1.1678 -1.5107 -0.44998 -1.062 -0.47774 -1.9895 -0.40175 -0.33998 -0.11978
2.9507 -1.8724 -2.2541 -2.8164 -0.87463 -0.86981 0.021644 -0.077852 -0.85617 -1.8216 -0.37035 -0.62254 -0.79073
3.2104 -1.989 -2.2785 -2.8727 -0.69223 -0.3512 0.17559 -0.30552 -0.43449 -1.6463 -0.56828 -0.023278 -0.8278
3.4225 -1.9444 -2.9836 -2.8867 -0.86246 -0.19149 -0.13552 -0.39485 -0.49868 -1.7354 -0.58865 0.1013 -0.86575
3.3698 -1.8629 -2.8376 -3.1511 -0.55233 -0.17812 -0.13969 -0.69522 -0.81148 -1.3659 -0.91149 0.10751 -1.1905
3.3865 -1.9832 -2.7941 -3.5122 -0.22115 0.18762 -0.54226 -0.68559 -0.78427 -1.2408 -0.95474 0.2584 -1.0983
3.317 -2.0637 -2.7908 -3.4793 -0.23315 0.42282 -0.48725 -1.0596 -0.62097 -1.0885 -1.135 0.057012 -0.8527
3.3769 -1.8833 -2.675 -3.5113 0.37073 0.16783 -0.33742 -0.49582 -0.98019 -0.53701 -1.1616 0.16559 -0.90905
3.6279 -2.1402 -3.1134 -3.3459 -0.04366 0.12693 -0.31372 -0.71592 -0.88109 -0.74457 -1.1603 0.081304 -0.90268
3.753 -2.5372 -2.9841 -3.2529 -0.40758 0.16556 -0.61866 -1.0045 -1.1886 -0.72866 -1.0808 0.14202 -0.5582
3.7312 -2.6112 -2.8508 -3.2692 -0.33937 0.50766 -0.65163 -1.1959 -1.1762 -0.682 -0.96685 0.4214 -0.70761
3.4912 -2.0527 -2.3861 -3.6853 -0.28428 0.73237 -0.83 -1.4677 -0.71882 -1.0128 -0.66784 0.5424 -0.65933
2.9449 -2.1582 -2.3812 -3.5182 -0.35119 0.33053 -0.63406 -1.7246 -0.76067 -1.3834 -0.44022 0.14839 -0.30234
2.4481 -2.9022 -2.4176 -3.6504 -0.88174 -0.044957 -0.62011 -1.8485 -0.98627 -1.4661 -0.49136 0.52906 -0.17031
1.5896 -2.7239 -1.6783 -2.9928 -0.4882 -0.30632 -0.33932 -1.4682 -0.94136 -1.3272 -0.28005 0.12977 0.2295
0.77682 -2.8912 -0.95083 -2.2008 -0.16015 -0.76877 -0.25364 -1.2205 -1.2532 -1.4511 -0.30543 0.34783 0.48138
