1.0997 -2.6093 1.6086 -0.061692 -1.5961 -1.2559 -0.65354 -2.0018 0.030337 0.33926 0.12319 -0.17784 0.014779
1.7762 -3.6364 1.7546 0.0016522 -1.7444 -1.2352 -0.83091 -1.6075 -0.20631 0.36258 0.41253 0.042016 -0.28308
1.2366 -2.8763 1.5722 -0.52811 -1.7863 -1.0129 -0.69923 -1.7128 -0.27888 -0.30589 0.30338 -0.21593 -0.40156
0.375 -3.0285 0.7529 -0.049105 -1.0264 -1.1914 -0.83995 -1.4618 -0.1821 -0.39962 -0.040257 -0.76673 -0.40292
-1.6543 -2.5568 0.95097 0.43433 -0.013938 -0.071918 -0.17654 -0.81093 0.2996 -0.077151 0.048605 0.1062 -0.30184
-3.1974 -2.8053 0.39945 0.16878 0.50778 0.36522 0.34345 0.36815 0.46742 0.24558 0.008866 0.33145 0.55942
-1.9837 -5.2132 1.1348 0.17013 -0.54113 0.69884 -0.27068 0.63463 0.00083764 0.098955 0.31861 0.44524 0.18069
-1.4673 -5.1816 0.24658 0.45563 0.41355 0.069844 0.39189 0.40618 0.43048 0.56375 0.65624 0.056582 0.64591
-0.10802 -6.5687 0.2311 -0.27568 0.72255 0.56444 0.28444 0.26596 -0.24941 0.5733 0.38972 -0.26445 0.20545
1.1608 -6.7912 -0.42142 -1.3602 -0.66883 0.32995 0.60846 0.4987 0.60578 0.19374 0.50297 -0.25803 -0.13929
1.4261 -7.2298 0.86191 0.39875 -0.0073752 0.4322 0.96547 0.0033449 -0.079585 -0.26604 0.33353 -0.038567 0.28652
0.95707 -8.0253 -1.5769 -0.87933 -0.18792 0.49068 0.62452 0.46455 -0.12179 0.78645 0.65645 0.64908 -0.4987
0.03746 -8.027 -1.3574 -1.2731 0.006455 0.73975 1.0965 0.99813 0.63145 0.65712 0.78007 0.48865 0.17202
0.24061 -7.3492 -0.68026 -2.12 -1.2339 -0.023247 1.4997 1.3896 0.1944 -0.058275 0.24463 0.51299 0.53695
-2.6738 -6.4812 -1.2646 -0.84061 0.73205 0.77564 0.9449 0.51185 0.44598 0.38454 0.30641 0.70261 0.62833
-4.2402 -3.0403 0.46435 -0.1222 0.37406 0.02363 0.27355 0.090618 0.23198 0.39004 0.15111 0.079869 -0.28267
-4.4881 -2.7759 0.71602 0.40469 0.19805 -0.11021 -0.55553 -1.0065 -0.12601 -0.40428 -0.48696 -0.12584 -0.54203
1.1485 -1.4641 -0.33833 -2.1822 -0.69645 -0.6499 0.08167 -0.9038 -0.28093 -1.001 -0.11266 0.026319 -0.61243
1.9044 -2.2244 -1.2912 -2.4887 -0.31709 0.083483 -0.040132 -0.3337 -0.10981 -0.84872 -0.12468 0.27646 -0.57754
0.10453 -2.8873 -0.9184 -1.643 0.010634 -0.30364 -0.066073 0.014977 -0.37593 -0.75717 -0.051126 0.027995 -0.35051
-0.68899 -3.3645 -0.6332 -0.84899 0.46806 -0.074152 -0.63491 -0.58244 -0.47999 -0.2256 -0.43386 0.087948 -0.5972
-1.0755 -3.121 -0.42181 -0.28925 0.3029 -0.12003 -0.678 -0.03856 0.45023 0.089842 -0.90932 -0.43288 -0.2994
-0.45978 -2.8728 -0.4089 -0.49659 0.029511 -0.09964 -0.68863 -0.71159 0.019584 -0.11037 -0.53213 -0.25074 -0.42066
0.27487 -3.2151 -0.83883 -0.96108 0.075626 0.030937 -0.86497 -0.88688 -0.23623 -0.56381 -0.71059 -0.08217 -0.41763
1.3347 -3.5444 -1.1466 -1.3091 0.015821 0.27775 -0.7751 -0.92683 0.041463 -0.68742 -0.83829 -0.11897 -0.49154
1.9612 -3.5722 -1.9299 -1.6202 0.028971 0.50204 -1.1325 -0.56101 -0.4255 -0.94569 -0.4292 -0.7058 -0.45563
2.5794 -3.931 -1.8011 -2.3098 0.20244 0.54678 -1.1804 -0.84671 -0.357 -0.83418 -0.87015 -0.27218 -0.69046
2.6212 -3.6097 -2.2436 -2.521 0.23123 0.33448 -1.0159 -0.50527 -0.47681 -0.97149 -0.66274 -0.49974 -0.56032
2.8186 -3.5212 -2.3568 -2.562 -0.1093 0.66735 -1.4321 -0.36383 -0.34525 -1.3392 -0.71356 -0.38774 -0.69634
2.9744 -3.8041 -1.9977 -2.5126 0.23634 0.92188 -0.8549 -0.075604 -0.53254 -1.2494 -0.72154 -0.44005 -0.59424
3.0993 -4.0433 -2.5033 -3.0891 0.056956 0.39467 -1.123 -0.30146 -0.99313 -1.3283 -0.78947 -0.67855 -0.58674
2.9073 -4.0633 -2.4802 -2.7796 -0.20856 0.45706 -1.1565 -0.77376 -0.7285 -1.4738 -0.78075 -0.83171 -0.54639
2.5427 -3.7878 -2.2309 -2.4484 0.2476 0.49543 -0.7987 -0.3267 -0.96094 -1.5141 -0.35837 -0.91456 -0.27244
2.1273 -3.8602 -2.0786 -2.0087 0.20763 0.19678 -0.63609 -0.66462 -0.63461 -1.2337 -0.91395 -0.45183 -0.083547
1.8532 -3.7948 -1.6888 -2 0.43131 -0.044399 -0.91908 -0.34348 -1.0801 -1.3469 -0.48715 -0.58413 -0.33581
1.4598 -4.0057 -1.4581 -1.9451 0.25747 0.21184 -0.82827 -1.2359 -0.7308 -1.3888 -1.1717 -0.30761 -0.078942
0.74892 -3.9034 -0.96809 -1.1154 0.50466 0.05924 -0.030594 -0.4472 -1.3166 -1.2966 -0.85352 -0.68434 -0.20954
0.40767 -3.7989 -0.69622 -1.0024 0.62862 0.17909 0.077103 -0.45364 -1.4431 -1.449 -1.0738 -0.49063 -0.22897
-0.023731 -3.7004 -0.52944 -0.99311 0.086668 0.12508 0.24433 -0.82024 -1.4844 -1.4826 -0.73265 -0.46798 -0.45614
