0.65361 -7.3518 2.0212 0.48599 1.3112 0.12045 0.40423 1.1818 0.30206 0.49942 0.017018 -0.070664 0.56129
0.8142 -5.374 1.9186 -0.53559 0.71801 -0.075002 -0.015821 -0.40785 0.35025 0.44747 0.049477 -0.15596 0.06725
1.7266 -2.7661 2.0727 0.16027 -1.6406 -1.6402 -0.81772 -2.1228 -0.73727 -0.065336 0.19652 0.11689 -0.44274
2.7715 -3.5002 0.8807 0.12031 -2.0698 -2.0525 -0.2179 -1.2939 -0.55902 -0.7532 -0.17483 -0.30382 -0.68513
2.9185 -3.7448 -0.0017155 -0.11074 -2.5534 -2.5453 -0.46345 -1.6938 -0.34638 -0.76345 -0.12429 -0.62642 -0.38593
2.6288 -3.6455 0.53759 -0.48466 -2.3194 -2.7385 -0.69404 -1.1515 -0.87319 -1.0265 -0.4765 -0.68896 -0.37924
2.1478 -3.2427 0.76792 -0.034954 -2.1702 -2.3881 -0.89457 -1.9857 -0.35541 -0.9164 -0.053139 -1.0417 -0.70982
1.3651 -3.2074 1.0796 0.2921 -1.0514 -1.278 -1.05 -1.2948 -0.22325 -0.74954 -0.27803 -0.5002 -0.14099
0.11934 -3.3757 1.2226 0.092371 -0.51314 -0.64202 -0.45016 -1.2665 -0.55591 -0.61719 -0.61061 -0.68225 -0.4724
-0.20142 -4.8422 1.9956 -1.0824 0.71501 -0.20709 0.37578 -0.1358 -0.27909 0.096903 -0.21565 -0.012259 -0.38565
-2.8957 -3.8562 1.1639 -0.077872 1.2854 0.1081 0.23649 0.63877 0.41853 0.087049 -0.029137 -0.11426 0.041493
-2.9134 -4.263 1.4857 -0.13881 0.66916 0.58542 0.75714 0.77422 0.71757 0.25062 0.073867 0.31659 0.60698
-3.445 -4.7327 1.519 0.12459 0.60495 0.33787 0.40177 0.18407 0.23887 0.47132 0.83972 0.54263 0.36217
-3.86 -4.4428 0.37218 0.29451 0.40178 0.54236 0.76924 0.60327 0.64984 0.17215 -0.068201 -0.054085 0.52383
-3.0356 -3.7935 1.0517 -0.26155 0.34806 -0.062184 0.18733 -0.15982 -0.27984 0.10973 0.63998 0.29963 -0.29463
-2.7585 -4.5785 1.2318 -0.15869 0.42953 -0.37088 -0.66554 -0.24659 0.24832 0.24326 0.66414 0.21237 -0.1654
-0.49158 -6.3044 0.37191 -0.78529 -0.0017312 -0.38694 -0.17406 -0.37897 -0.19823 0.46611 0.73809 0.66784 -0.092009
-0.072432 -6.1078 1.2171 -0.53288 0.52117 0.26375 0.11417 0.1655 -0.11477 0.67167 -0.14852 0.36605 0.083539
-1.9108 -3.449 0.60059 0.23686 0.94534 0.65049 0.59946 0.79684 0.98722 0.14441 -0.5856 0.085211 0.5397
0.58385 -2.2105 -0.062183 -0.88332 -0.95319 -0.99475 -0.34937 -1.0231 -0.18743 -0.80622 0.16867 0.09778 0.33062
2.768 -2.7918 -1.7099 -2.7415 -0.91777 -1.4658 -0.47812 -0.54906 -0.49389 -1.8145 -0.34719 -0.012993 0.062446
3.0141 -3.0754 -2.1937 -2.3695 -0.96499 -1.2668 -0.20672 -0.88066 -1.0304 -2.1921 -0.39044 -0.13724 -0.25157
2.8559 -3.1037 -2.7145 -2.6716 -0.3861 -1.1691 -0.91361 -0.91258 -1.1898 -1.6482 -0.74114 -0.19318 -0.3513
2.693 -3.5894 -2.6057 -2.0064 -0.33135 -0.98392 -0.57083 -1.1931 -1.0499 -1.243 -0.41502 0.15117 -0.33757
2.4361 -3.4376 -2.6618 -1.6615 0.19067 -0.86686 -0.6697 -0.99816 -1.2161 -1.0461 -0.36577 -0.12894 -0.29707
2.3844 -4.0929 -2.6726 -2.1194 -0.17157 -1.2969 -0.72405 -0.85755 -1.4154 -1.2429 -0.73534 -0.19799 0.074967
2.2555 -3.8582 -2.2983 -2.2445 0.07869 -0.98654 -0.83467 -0.72689 -1.3441 -1.2631 -0.87304 -0.083519 -0.23813
2.9852 -4.0546 -3.1716 -1.877 -0.078597 -1.0594 -0.80214 -0.79887 -1.0134 -1.0507 -1.1603 0.24779 -0.12677
3.3404 -3.8917 -3.4396 -1.79 -0.10094 -1.0312 -0.78343 -1.1035 -0.66468 -0.7422 -0.31373 0.29814 -0.1519
3.7541 -4.055 -3.6971 -1.9998 -0.52459 -0.93609 -0.69411 -1.1029 -0.89194 -0.78368 -0.50476 0.43534 -0.062704
3.9176 -4.1484 -4.3208 -2.2058 -0.83703 -1.0617 -0.63779 -1.3876 -0.91059 -0.81028 -0.11732 0.31667 0.3171
3.9755 -3.1854 -3.4637 -1.9884 -0.37791 -0.83362 -0.14097 -1.2701 -0.674 -0.6881 0.041704 0.41185 0.33852
3.8475 -4.1544 -3.8151 -2.6306 -1.0524 -1.2942 -0.35471 -1.3391 -0.70477 -0.56259 0.033891 0.71603 0.6563
3.7291 -3.7074 -3.7073 -2.5958 -0.98188 -1.4204 -0.181 -1.1553 -0.42818 -0.73438 -0.031942 1.0727 0.91057
3.5527 -3.7334 -3.5281 -2.536 -0.93308 -1.3324 -0.20638 -0.84924 -0.40058 -1.0211 0.018089 0.89584 1.1621
3.2966 -3.6984 -2.8482 -2.3804 -1.0411 -1.444 -0.046461 -0.79698 -0.8533 -1.0543 -0.39337 1.2133 1.0908
2.7601 -4.5072 -3.3142 -3.4579 -0.67805 -1.8291 -1.1651 -0.85395 -0.87627 -0.34259 -0.14338 1.2277 1.6292
2.0192 -4.0923 -2.4882 -2.9634 -0.23211 -1.5028 -1.3199 -0.87531 -0.96637 -0.80896 0.069747 1.1925 0.996
1.5158 -4.233 -1.5078 -1.8937 -0.38167 -1.0504 -1.5941 -1.5309 -0.21113 -0.42914 -0.87486 0.92396 1.1896
0.67148 -4.1316 -1.0317 -1.3822 -0.32674 -0.743 -1.1356 -1.3107 -0.44758 -0.33515 -0.23403 0.59628 1.0379
