2.2871 -1.68 0.82268 -0.27586 -1.5593 -1.9309 -0.27846 -1.2171 -0.11878 -0.33967 0.3495 -0.34156 -0.012545
4.568 -3.0091 -0.22215 -0.88083 -1.9862 -2.6093 -0.40974 -0.17108 -0.33145 -0.35881 0.6374 -0.010436 -0.44124
5.2612 -3.4842 -0.9445 -1.6072 -2.063 -2.5219 -0.82043 -0.072904 -0.77207 -0.26619 0.20087 -0.15604 -1.0719
4.9639 -3.1518 -0.37436 -1.8981 -2.676 -2.1658 -0.33197 -0.303 -0.81389 -0.67257 0.12356 -0.97493 -1.0583
4.3883 -2.423 0.32622 -1.7581 -2.3347 -2.5381 -0.010757 -0.095699 -0.78267 -0.87152 0.11845 -0.58361 -0.73092
2.609 -2.483 1.2494 -0.84337 -1.5219 -1.6505 -0.40794 -1.0713 -0.79557 -0.86249 -0.34769 -0.87374 -0.55729
1.2879 -3.9389 1.1365 -0.042766 -0.10359 -0.87047 -0.032629 -0.45187 -0.42495 -0.43205 -0.53837 -0.35988 -0.32525
0.8576 -4.5845 1.7233 0.043378 0.38566 -0.35427 -0.39755 -0.37748 -0.45394 0.081635 0.29366 0.40454 0.34377
0.26924 -4.9761 0.45267 -0.95683 -0.28374 -0.62756 -0.33866 -0.49287 -0.51175 0.015398 0.40531 0.045934 -0.39816
-1.0353 -5.1703 1.7649 -0.14532 0.46925 0.12357 0.31764 0.26193 0.25954 0.16992 -0.12459 0.11005 -0.093574
-2.4402 -4.9236 1.2092 -0.541 -0.094743 -0.19314 0.55826 0.31784 0.15406 0.70088 1.1231 0.31023 0.90542
-3.7973 -5.6262 1.5287 -0.1868 0.28908 0.235 0.30153 0.21906 0.40296 0.5171 0.52619 0.294 0.50596
-1.082 -6.2063 1.7105 0.077597 0.19649 0.10646 0.58262 0.51326 0.52587 0.018259 0.11819 0.82551 1.4069
-0.89541 -3.769 1.5273 -0.14314 0.10661 0.044536 0.59825 -0.038583 -0.040912 0.1642 0.23844 -0.0074344 -0.3087
-0.49406 -4.0582 1.1002 -0.01196 0.18313 -0.2245 0.064921 -0.19324 0.11182 0.14732 0.18706 -0.16765 -0.65883
-0.10857 -3.3084 1.2929 -0.094618 0.60453 0.27796 0.2664 0.094307 0.12754 -0.36199 -0.020174 0.21001 -0.46715
1.1351 -2.347 0.57742 -0.62597 -0.27951 -0.11566 0.44397 -1.0127 -0.72785 -1.28 -0.49072 -0.29332 -0.53822
2.0379 -2.0868 0.38873 -0.97786 -0.85569 -0.53902 0.61929 -0.54335 -0.76895 -1.1741 0.056048 -0.32828 -0.24088
2.336 -3.6872 -0.35001 -0.49611 1.0569 0.44315 -0.1714 -0.91735 -2.1286 -0.73106 0.7159 0.66552 -0.60835
1.1647 -3.0529 -0.34491 -0.27119 0.7669 -0.12525 -0.3022 -0.29811 -1.3265 -0.79045 -0.073223 0.28927 -0.56211
2.0835 -3.7842 -1.5309 -1.0855 1.325 -0.38777 -0.36787 -0.15915 -2.3179 -0.65879 0.15739 0.43201 -0.86715
2.0308 -4.1689 -1.9774 -1.8386 1.3627 0.34094 -0.46525 -0.13157 -1.4661 -0.63814 0.041271 0.20177 -0.9186
0.97663 -3.8023 -1.3983 -0.62795 0.66476 -0.38663 -1.1002 -0.41136 -1.043 -0.5779 -0.21769 0.081223 -0.9039
1.2237 -3.7253 -1.3541 -1.0001 1.349 0.14239 -0.61472 -0.17015 -1.133 -0.6446 -0.37729 0.49116 -0.88413
2.2223 -4.1684 -1.6024 -0.89108 1.1911 0.505 -0.40001 -0.70633 -1.4976 -0.34089 0.30552 0.69917 -0.73875
1.5577 -3.1623 -1.0592 -1.4004 1.0012 0.088428 -0.26142 -0.075801 -1.3235 -0.31894 0.072702 0.091653 -0.81736
1.5919 -2.7586 -0.44037 -1.5729 -0.10079 -0.20847 0.19343 -0.12078 -0.5725 -1.141 -0.23083 0.98522 -0.51664
1.8334 -2.497 -0.65706 -1.5192 0.1241 -0.38779 0.3478 -0.00072511 -0.92459 -0.92061 0.080662 0.58998 -0.38475
1.8924 -2.3691 -0.37214 -1.4607 -0.16973 -0.22426 0.38154 -0.2352 -1.032 -1.3543 0.21767 0.20107 -0.090324
1.3652 -2.5644 0.20449 -0.83789 -0.29331 -0.51895 0.30185 -0.19548 -0.88483 -0.93226 0.23266 -0.059852 -0.11641
1.0944 -2.4583 0.6346 -0.41973 -0.12484 -0.59169 -0.3396 -0.62181 -0.17485 -0.88428 -0.82764 -0.21483 0.11637
1.1324 -2.4058 0.82556 -0.26896 -0.54635 -0.45368 0.060656 -0.91699 -0.36624 -1.0429 -0.61485 -0.65641 -0.43098
1.1953 -2.6152 1.0514 0.42322 -0.74115 -0.43872 -0.31521 -1.3829 0.078001 -0.67501 -0.47414 -0.60194 -0.82544
1.0277 -2.6978 0.69523 0.030726 -0.6162 -0.61635 -0.406 -1.0484 -0.042508 -0.68958 -0.48464 -0.50228 -0.51792
