2.9841 -1.692 1.9053 -0.1889 -1.5341 -2.0788 -0.4563 -1.2605 0.093737 -0.059301 0.36949 -0.25334 -0.35798
4.9679 -2.7069 0.72974 -1.7046 -2.6746 -2.6707 -0.62842 -0.58965 -0.50307 -0.47222 0.3279 0.0066129 -0.64395
5.3298 -3.0627 0.28696 -2.1046 -2.5544 -1.9436 -0.59994 -0.27291 -0.50778 -0.020639 0.19345 -0.36011 -0.46095
5.2022 -3.1751 -0.18728 -2.3473 -2.7453 -2.6715 -0.46289 -0.65335 -1.1822 -0.63195 -0.067655 -0.73316 -1.1695
4.8597 -2.638 0.039654 -1.6369 -2.0721 -2.9192 -0.20764 -0.73106 -1.0121 -0.34897 0.050849 -0.83348 -0.82284
2.7853 -1.7815 1.0674 -0.29686 -1.1625 -1.3277 -0.050203 -1.3625 -0.11844 -0.64446 0.44641 -0.48148 -0.19649
1.3333 -3.4401 1.424 0.051709 -0.025974 -0.098773 -0.12042 -0.54408 -0.33059 -0.022384 -0.24398 0.16549 -0.1634
1.6601 -5.4037 2.2323 0.5875 1.178 -0.078825 0.18418 0.35442 -0.010265 0.062895 -0.13458 0.80678 0.4409
0.66981 -4.5433 1.1098 0.18257 1.0095 0.13335 -0.046586 -0.24908 0.59261 0.16291 0.03133 0.46494 0.31262
-1.8011 -3.9721 1.1512 -0.15841 0.23936 0.15504 0.83178 0.60487 0.012272 0.96834 0.53998 0.50976 0.64015
-1.8089 -3.2173 0.75894 -0.16804 0.44967 0.15323 0.39318 0.12688 0.37744 0.21567 0.38715 0.46233 0.47478
-3.1426 -2.9581 0.3056 -0.12935 0.27211 0.11932 0.29176 0.24452 0.31686 0.065743 0.045262 0.045722 0.29542
-2.3139 -4.2344 1.1096 -0.066411 0.98565 0.86724 1.0082 1.1304 1.1399 -0.13321 -0.97454 -0.49788 0.29371
0.58122 -3.4531 1.278 0.3782 1.0946 0.054174 0.089222 0.054648 0.48039 0.32751 -0.60405 -0.019152 0.34381
0.67852 -3.7793 1.2177 -0.35101 0.74893 0.30635 0.37655 0.44662 0.9674 -0.51213 -0.12519 -0.33428 0.077323
0.97523 -2.1141 1.1611 0.12051 -0.51656 -0.24927 0.16006 -0.91763 0.063385 -0.97631 -0.43065 -0.084144 -0.15361
2.5406 -1.9375 0.82787 -1.2799 -0.99263 -0.77268 0.68044 -0.26112 -0.66294 -1.2414 0.11505 -0.23057 0.29048
1.9957 -2.5339 -0.10628 -0.83864 -0.82718 -0.54099 0.39662 -0.40899 -1.1928 -1.0829 0.54775 -0.084509 -0.54807
1.348 -3.5256 -0.47295 -0.40309 0.43413 -0.49105 -0.60825 -0.16639 -1.4661 -0.93201 -0.042792 0.055587 -0.35282
1.6785 -4.1448 -0.88144 -0.21798 0.42187 -0.49008 -0.962 -0.54784 -1.5905 -0.67289 0.21406 0.12895 -0.98362
1.7359 -3.7409 -1.913 -1.9867 0.38653 -0.29081 -0.57992 -0.21288 -0.91932 -0.52015 -0.44969 -0.032249 -0.62385
2.2864 -3.2738 -2.1544 -1.8323 0.80206 -0.22791 -0.50214 0.090368 -1.1842 -0.54556 -0.26115 0.43375 -0.52453
2.7016 -3.7082 -2.4047 -1.8685 0.92394 -0.14364 -0.51435 0.26791 -1.6214 -0.17806 0.092776 0.12671 -0.69047
2.7228 -3.8446 -2.2896 -1.1963 0.86607 0.20121 -0.57359 -0.088476 -0.87416 -0.4013 0.23336 0.53128 -0.53858
3.1015 -3.3572 -2.6195 -2.2115 0.95163 -0.0010071 -0.58999 0.27767 -0.9983 -0.10972 0.37893 0.41786 -0.67733
2.7932 -3.679 -2.3826 -1.7466 0.83125 0.22233 -0.57783 -0.41412 -0.71974 -0.77025 0.33896 0.37179 -0.82923
1.8358 -2.9621 -1.3076 -2.1249 0.51902 0.16562 -0.6526 -0.5534 -0.68309 -0.41434 0.13262 0.46679 -0.79926
1.3875 -2.94 -0.46566 -1.2218 0.56031 0.06006 -0.39891 -0.64837 -0.88495 -0.75454 0.098457 0.80254 -0.59461
1.019 -2.6732 -0.054856 -0.92448 0.41586 -0.56217 -0.43974 -0.12615 -0.9857 -0.65564 0.31726 0.48579 -0.18066
0.77066 -2.5139 -0.10297 -1.3727 -0.34586 -0.52308 0.19744 0.054038 -0.51066 -1.0327 0.2122 0.6372 -0.38366
0.12378 -2.1194 0.88531 -0.59951 -0.19608 -0.26294 0.20814 -0.97848 -0.37936 -0.73146 -0.23002 -0.36917 -0.35213
0.46799 -2.4029 0.82722 -0.23857 -0.62777 -0.43468 0.20545 -0.7956 -0.45047 -1.0704 -0.054546 0.088454 -0.13219
0.57926 -2.7308 0.78085 0.33403 -0.33888 -0.21826 -0.26369 -1.0557 -0.26951 -0.83427 -0.61735 -0.3039 -0.14141
0.79365 -2.8827 0.60879 0.36336 -0.050744 -0.07301 -0.40456 -1.1176 -0.3152 -0.92253 -0.85157 -0.3586 -0.42167
0.91812 -2.6368 1.0932 0.81857 0.071474 -0.1006 -0.79262 -1.6417 0.047561 -0.52679 -0.44052 0.071176 -0.76232
0.98972 -2.7952 0.74891 0.33586 -0.24939 -0.30999 -0.32899 -1.0015 0.037681 -0.27413 -0.0361 -0.28927 -0.73692
-0.05218 -2.7452 0.86266 0.69343 0.34072 0.10556 -0.56099 -0.87323 0.7389 -0.074369 -0.85186 -0.2328 -0.84011
