1.0556 -1.9204 1.2385 -0.45757 -1.1849 -1.626 -0.24534 -0.54679 0.39863 0.015319 0.85961 -0.26527 0.57371
3.6706 -3.3326 -0.03241 -1.5308 -1.5993 -2.1722 -0.55066 -0.22834 -0.13613 0.040066 0.75478 0.027222 0.24138
4.1034 -4.2193 0.18126 -1.1003 -2.0974 -2.2446 0.43996 0.13679 -0.50277 -0.67116 -0.06149 -0.46287 -0.1331
4.2729 -4.3209 -0.090332 -1.4337 -2.8354 -2.5522 0.43814 -0.20364 -0.76365 -0.7846 -0.33635 -0.5598 -0.65754
4.183 -4.3112 -0.20266 -1.4432 -2.5112 -2.486 0.032684 -0.26535 -0.90916 -0.70507 -0.33084 -0.71061 -0.70546
3.5036 -4.2533 -0.35074 -1.0346 -1.9886 -2.5754 -0.55934 0.1614 -0.92887 -1.2334 -0.322 -0.56822 -0.16505
2.4615 -3.3984 0.13686 -0.61785 -0.67983 -1.3997 -0.6396 -0.38104 -0.5871 -0.6607 0.084064 -0.62822 -0.13612
0.53352 -3.1745 0.35675 0.10081 0.033747 -0.29647 -0.45454 -0.652 -0.029045 -0.30481 -0.42777 -0.25337 -0.21787
-2.6887 -2.8386 0.37936 0.15234 0.47229 0.14728 -0.16361 -0.22068 0.15559 0.12068 0.056292 0.44567 0.25836
-3.0706 -2.6197 0.4989 0.15585 0.48925 0.35285 0.45594 0.38581 0.43085 0.38063 0.41248 0.42086 0.45175
-3.1042 -2.523 0.58326 0.21231 0.52912 0.37069 0.46143 0.36902 0.40389 0.32014 0.32933 0.27542 0.234
-2.1486 -2.8834 0.28348 0.016309 0.3595 0.18458 0.11213 0.066866 0.24329 0.15062 0.053705 0.32094 0.34677
2.1748 -2.1885 0.4257 -2.2095 -2.355 -1.7655 0.50277 -0.7904 -0.26311 -0.71878 0.84633 -0.48584 0.76741
4.3583 -3.7403 -1.5734 -3.2842 -1.1052 -1.192 0.13521 -0.037562 -0.47082 -1.1779 0.11808 -0.12097 0.08344
5.0479 -4.7017 -2.8982 -3.5274 -0.75894 -0.91615 -0.15159 -0.10709 -1.4283 -1.1241 -0.24206 0.12718 -0.19188
5.1195 -5.2575 -4.1477 -3.0861 -0.63469 -0.58094 -0.63327 -0.82946 -1.5006 -1.017 -0.94951 0.3028 -0.90409
5.0383 -5.2735 -3.8789 -3.3432 -0.30417 -0.18751 -1.026 -1.2332 -1.633 -0.90617 -0.44223 -0.051411 -0.89469
4.7586 -4.92 -3.6834 -2.9515 0.62486 -0.5035 -1.2808 -0.44333 -1.5982 -0.41842 -0.085985 -0.38488 -0.66102
4.601 -5.787 -3.721 -2.0819 0.26221 -0.19527 -1.4552 -0.4163 -1.1217 -0.42327 -0.30928 -0.10882 -0.11781
4.6673 -5.5598 -3.8667 -2.7906 0.32566 -0.53288 -1.5639 -0.45216 -1.2329 -0.75212 -0.063365 -0.46572 -0.35185
5.1593 -5.5528 -4.4139 -2.5773 0.16756 -0.16159 -1.7485 -0.16198 -1.3234 -0.90861 -0.016023 -0.27672 -0.43674
5.4426 -5.7563 -4.8244 -2.3822 -0.024825 -0.3277 -1.3024 -0.45999 -1.6677 -0.67511 -0.5216 -0.16177 -0.40297
5.5506 -5.521 -4.1938 -2.4963 0.2559 -0.34198 -1.1786 -0.34707 -1.5084 -0.40504 -0.41277 -0.043691 -0.064139
5.619 -5.847 -4.1224 -2.3225 0.17915 -0.1072 -0.86808 -0.3339 -1.4185 -0.42712 -0.70576 -0.074553 -0.10468
5.7645 -5.6397 -4.2677 -2.5272 0.18867 -0.4224 -1.0015 -0.4625 -1.5341 -0.38558 -0.61277 0.19505 -0.23179
5.79 -5.7124 -4.1971 -2.8172 0.14924 -0.16272 -1.0304 -0.22178 -1.5884 -0.47286 -0.65314 0.39241 -0.47878
5.6046 -5.7812 -4.553 -2.9559 -0.19832 -0.44399 -1.075 -0.59797 -1.7196 -0.49001 -0.85517 0.075188 -0.189
5.5006 -5.1816 -4.2066 -2.446 0.12436 -0.069963 -0.64028 -0.31362 -1.1166 -0.44356 -0.55827 0.41639 -0.31958
5.1835 -5.2748 -4.0562 -3.2634 -0.19456 -0.51977 -0.89284 -0.83028 -1.1461 -0.57232 -0.76478 0.27305 -0.6409
4.5301 -4.991 -3.5905 -3.2187 -0.16368 -0.28674 -0.77192 -0.82871 -1.2114 -0.69663 -0.76194 0.093962 -0.7918
3.7699 -4.1947 -2.5565 -3.1937 -0.010035 -0.022136 -0.35881 -0.97261 -0.73194 -0.54089 -0.41759 0.22909 -0.48559
3.1604 -4.6152 -2.6267 -2.803 -0.3364 -0.35637 -0.43328 -1.1631 -0.55021 -0.13175 0.19227 0.95288 -0.22168
2.7531 -4.3658 -2.8207 -2.9309 -0.50316 -0.39685 -0.11639 -0.67265 -0.66878 -0.56419 -0.22231 0.88086 0.027219
1.4947 -3.6368 -2.3807 -2.8797 0.083302 -0.54883 -0.66492 -0.28045 -0.66575 -0.70849 -0.08327 0.58925 -0.1546
