0.81382 -2.473 1.7163 1.5683 -0.13233 -0.52633 -1.2767 -2.1504 0.33816 -0.56615 -0.29947 0.063387 -0.55715
1.254 -2.3699 1.5695 0.8364 -0.42482 -0.41801 -0.52746 -1.926 -0.55619 -1.0622 0.28615 0.31633 -0.48477
0.38932 -2.4668 1.3974 0.81141 0.25278 -0.31148 -0.56792 -1.284 0.21217 -0.79659 -0.94745 -0.21343 -0.90131
0.16424 -4.4123 1.4882 0.14209 0.83115 -0.0254 -0.30642 -0.51307 0.28072 -0.62991 -0.80162 -0.58793 -0.27005
1.3637 -7.7127 1.8456 -0.93613 1.1827 0.071247 0.73194 0.24163 0.27354 0.18958 0.36025 -0.075065 -0.48596
2.1759 -8.108 1.2776 -1.8534 2.0919 -0.063552 0.15923 -0.33274 0.29396 0.41513 0.40202 0.81829 0.31876
2.1111 -9.3196 0.57569 -1.4814 1.4933 -0.23796 0.56213 0.64674 1.1448 1.0506 0.53682 -0.18416 -0.15926
2.5442 -8.4391 0.95057 -2.4837 0.92204 -0.20349 1.2203 0.086566 0.588 0.12099 0.4075 0.017755 0.13101
2.1728 -8.8574 0.64472 -2.3797 1.0863 -0.039265 0.85652 -0.23484 1.1954 0.57394 0.54284 0.64676 0.16268
2.5358 -9.1214 0.30855 -2.5417 1.6981 -0.088531 0.93409 0.59794 0.94469 0.59151 0.67011 0.6505 0.46872
2.4335 -9.5935 0.29925 -1.8527 1.0155 -0.2957 0.88141 0.55123 0.95205 0.66174 0.69203 0.18029 0.51299
2.6117 -9.6855 -0.12405 -2.749 1.0634 -0.5716 0.84596 1.0171 0.75683 0.082951 0.23193 0.89465 1.3002
2.376 -9.5533 0.18031 -2.1932 1.1799 -0.10163 1.2434 0.78152 0.80926 0.27297 0.56715 0.51146 0.086187
1.7252 -10.208 -0.19983 -2.0121 1.1711 0.27527 1.3619 1.449 1.6326 0.50915 0.13545 0.80021 0.0038515
0.47594 -6.6467 1.964 -0.1221 0.80734 -0.20568 0.26015 0.29802 0.18277 -0.22815 -0.4045 0.16673 0.37401
0.72281 -2.5133 0.57613 -0.57669 -0.75971 -0.78264 -0.19623 -0.68993 0.29799 -0.2483 -0.3075 -0.70272 -0.39579
1.8008 -2.0646 0.32698 -1.7258 -1.0264 -1.0678 0.25948 -0.50319 0.40593 0.059161 0.098484 -1.103 -0.063081
2.0297 -2.2701 -0.18098 -2.6213 -1.0054 -1.0388 0.83538 -0.023277 -0.15296 -0.30531 0.046825 -1.3754 -0.0013196
2.0469 -2.5101 -0.75912 -2.9733 -0.73208 -0.37831 0.38925 -1.136 -0.29099 -0.23672 -0.29289 -1.2478 -0.82445
2.4945 -2.4228 -0.93522 -3.2121 -1.0338 -0.79172 0.7587 -0.67865 -0.21392 -0.66673 -0.24157 -0.98497 -0.55576
2.5594 -2.0243 -0.79914 -3.2175 -0.88419 -0.85782 0.78984 -0.64712 -0.40732 -0.38941 -0.080926 -1.331 -0.34644
2.3918 -2.458 -0.62738 -3.2132 -0.68498 -0.61589 0.30657 -0.66269 -0.16931 -0.11385 -0.48061 -1.3269 -0.44546
2.5703 -2.3636 -1.3577 -3.2237 -0.57306 -0.67968 0.39965 -0.56622 -0.41922 -0.096272 -0.26346 -0.48755 -0.80902
2.8329 -1.6416 -0.93575 -3.343 -0.88292 -0.95987 0.88467 -0.50249 -0.060108 -0.072149 -0.19615 -1.1666 -0.72912
2.6842 -2.2265 -1.0254 -2.399 -0.74716 -1.062 0.17555 -0.74819 0.1622 0.055837 -0.44967 -1.1896 -0.39807
3.1686 -1.8316 -1.239 -2.8841 -0.79324 -1.2282 0.24557 -0.45014 0.00086288 -0.26522 -0.39583 -1.3796 -0.35636
3.0956 -1.5265 -0.68673 -2.919 -0.95959 -1.4627 -0.03685 -0.6883 0.40154 -0.70413 -0.33143 -1.3302 -0.49179
3.1611 -1.6627 -0.98771 -2.4418 -0.92416 -1.5641 0.063708 -0.41696 0.31344 -0.62677 -0.37515 -1.2315 -0.11587
3.077 -1.8755 -1.1491 -2.4591 -1.0919 -1.5722 0.095757 -0.40283 0.25104 -0.45647 -0.32407 -1.4621 -0.057157
3.0616 -2.1744 -1.2762 -2.9337 -1.2503 -1.8673 0.31371 -0.6145 0.060187 -0.32985 -0.38414 -1.6267 -0.48132
2.5328 -1.9407 -1.0292 -3.6258 -0.39325 -0.75846 0.37366 -0.080446 0.25476 0.31084 -0.31336 -1.4726 -0.3182
1.4684 -3.067 -1.2616 -3.2742 -0.85034 -0.83315 0.35461 0.12058 0.40177 0.39809 -0.14151 -1.2427 0.067541
0.4562 -3.8082 -1.0017 -2.3506 -1.1585 -1.0694 0.18287 0.38213 0.44736 0.72242 0.27577 -1.3134 0.76494
