1.4495 -3.1587 0.88211 0.60081 -0.57674 -0.8008 -1.4082 -2.452 -0.60504 -0.81237 0.11582 0.13945 -0.65556
2.2788 -2.8133 1.4839 0.83624 -0.57848 -1.2225 -1.5316 -2.1543 -0.5587 -0.46496 0.62416 0.058629 -0.47392
2.508 -2.8587 1.6124 1.4418 -0.56834 -1.5946 -1.7661 -2.1942 -0.79554 -0.59647 1.0103 -0.006927 -0.18596
2.4069 -2.466 1.5069 0.6353 -1.181 -1.3412 -0.94585 -1.8233 -0.33198 -1.0465 0.54698 0.1924 -0.26817
1.2782 -2.9273 1.2201 0.47366 -0.31098 -0.58198 -1.1688 -1.9394 -0.1957 -0.67048 -0.26689 0.039646 -0.49918
1.8971 -5.289 1.8457 -0.65142 1.5128 -0.12607 -0.090754 -0.80976 0.098286 -0.34731 -0.17476 -0.3444 -0.77782
3.2011 -7.8609 1.8053 -1.0164 0.56291 -0.54884 0.11953 -0.4069 0.26933 -0.16571 0.32497 -0.13071 -0.051014
3.7532 -8.4799 0.96245 -2.4464 0.79054 -0.62175 0.8722 0.085394 -0.15543 -0.011966 0.93779 0.29447 0.43186
3.9235 -8.2428 1.0728 -2.6787 0.87799 -0.33793 1.274 -0.41458 0.14732 -0.024453 0.65877 0.8563 0.43066
2.2163 -6.8198 1.8535 -1.701 1.4575 -0.17395 0.60337 0.31764 -0.54814 0.10897 0.4147 -0.031453 -0.045673
2.6988 -9.2587 0.11517 -2.7192 0.82112 -0.056761 0.95378 -0.15024 -0.10189 -0.062328 0.34263 0.23458 0.30888
2.8639 -8.4812 1.1753 -1.6974 1.6611 0.29126 0.82135 -0.068548 0.19116 0.24031 -0.047629 0.27386 0.16404
3.243 -9.3589 1.2225 -1.0747 1.3801 0.062518 0.73747 0.11114 0.57318 0.22212 0.58984 0.61685 0.050424
2.7113 -8.556 1.2908 -0.76895 0.59207 -0.69124 0.76145 0.88053 0.28556 -0.30739 0.086258 0.35915 0.66643
1.2982 -6.7148 1.5576 -1.6935 1.2124 0.22801 0.54276 -0.4582 0.55087 -0.11307 0.075449 0.337 -0.00030616
-0.71427 -2.8333 0.84357 -0.0018164 0.1949 0.011665 -0.053377 -0.35167 0.35792 -0.33326 -1.0571 -0.54059 -0.23729
1.4328 -2.301 0.86195 -0.88454 -1.4265 -1.2786 0.18025 -0.44745 0.3693 -0.51988 -0.4104 -0.9302 0.36919
0.8471 -2.467 0.52705 -0.8033 -0.56064 -0.55489 0.11203 -0.59359 0.21188 -0.21935 -0.24594 -0.74812 -0.37699
1.4194 -2.7223 -0.062726 -1.8291 -0.52777 -0.78126 0.69381 0.20229 -0.99206 -0.56704 0.14238 -1.0854 0.19849
1.3156 -2.9394 -0.044816 -1.5556 -0.92908 -1.0218 -0.028895 -0.54985 -0.44163 -0.50329 -0.23063 -0.93287 -0.31639
1.2505 -2.5787 0.038685 -1.3272 -0.46074 -0.51382 0.12182 -0.39801 0.23977 0.03236 -0.17727 -1.0081 -0.4685
1.557 -2.7761 -0.22358 -1.4445 -0.49228 -0.86809 0.0055375 -0.18695 0.016844 -0.23662 -0.50516 -1.3158 -0.41472
2.1327 -2.6598 -0.35206 -2.3666 -1.6026 -1.2359 0.27907 -0.53727 -0.6231 -0.70252 -0.15125 -1.5697 -0.46209
2.1957 -2.9648 -0.19415 -1.5408 -1.1096 -1.0677 -0.30968 -1.189 -0.35237 -0.47853 -0.59792 -1.1804 -0.8108
2.2873 -2.2294 0.15571 -1.5198 -1.3509 -1.1504 0.24496 -0.80925 0.19454 -0.69714 -0.30233 -1.0102 -0.23575
2.4186 -1.9276 -0.12789 -1.8282 -1.0857 -1.1081 0.055676 -1.311 0.6013 -0.44713 -0.60102 -0.85176 -0.44644
2.7402 -2.0008 -0.61534 -1.9264 -1.5561 -1.3624 0.14805 -1.2745 0.26038 -0.84528 -0.38105 -1.3557 -0.2108
2.6949 -2.4189 -0.30107 -1.8726 -1.4636 -1.4665 0.076926 -0.92421 0.014556 -0.66412 -0.34161 -1.411 0.040917
2.7574 -2.5545 -0.60916 -1.9835 -0.97926 -1.2471 -0.10157 -0.54399 0.24686 -0.22577 -0.44574 -1.1183 -0.024162
2.5602 -2.3655 -0.37507 -2.253 -0.99856 -1.3762 -0.05126 -0.53454 0.36529 -0.16758 -0.32129 -1.0015 -0.13585
1.6531 -3.0675 -0.22196 -2.0113 -1.223 -1.492 -0.0077101 -0.0078605 0.33966 -0.2464 -0.34478 -0.93699 0.054339
1.8821 -3.0367 -0.62661 -2.8362 -1.581 -1.6413 0.5825 0.14866 0.076496 -0.047645 0.4625 -1.5003 0.29914
0.41171 -3.3601 -0.83123 -2.0466 -0.40359 -0.88937 -0.055759 0.17977 0.026421 0.68335 0.51585 -0.85445 0.44551
