0.98242 -6.2837 -0.25212 -0.23369 -0.16375 0.20561 -0.38601 0.22345 0.047809 0.50247 0.46674 0.404 0.37199
1.2948 -2.8109 1.355 1.9056 -1.0265 -0.49615 -0.91657 -0.58628 -0.27653 -0.4397 -0.04536 -0.57313 -0.075202
4.3355 -4.1762 2.0157 2.3265 -2.6872 -1.5218 -1.2272 -0.052157 -0.98857 -0.27202 0.59876 -0.24454 0.060252
3.9871 -3.7795 1.9421 2.0238 -2.2054 -1.568 -1.388 -0.31669 -0.49884 -0.19405 0.43956 -0.52832 -0.029127
3.5483 -3.5616 1.772 2.0737 -1.7508 -1.8951 -1.4634 -0.42233 -0.82007 -0.31628 0.41324 -0.13185 -0.29321
3.1569 -2.613 1.1535 1.8653 -1.3814 -1.9693 -0.94111 -0.7727 -0.96295 -0.46815 0.67315 -0.036151 -0.4299
2.5409 -2.0107 1.5358 1.3441 -1.0465 -1.9023 -1.0148 -0.76222 -0.21627 -0.70719 0.33989 -0.11347 -0.28844
1.9887 -1.8518 1.2579 1.464 -0.50653 -1.584 -0.76079 -1.0998 -0.06629 -0.68744 0.28894 0.023742 -0.77883
1.2372 -1.9908 1.6604 0.82358 -0.12313 -0.67312 -0.53682 -1.1627 0.15371 -0.73334 -0.13198 0.033118 -0.95763
0.49261 -3.2588 2.4993 0.72026 0.32829 -0.45045 -0.099752 -1.0039 0.91627 -0.19474 -0.9489 -0.17558 -0.44603
-1.3972 -2.901 0.92935 0.23223 0.17671 -0.031183 0.13774 -0.31473 0.17277 -0.028738 0.026036 0.088528 -0.33971
-2.0981 -3.9999 1.7641 -0.18199 -0.004357 0.16002 -0.021377 -0.24305 -0.015279 -0.0049732 0.031929 -0.038013 -0.3213
-0.077704 -7.249 1.6046 -0.75701 1.5505 0.22899 0.85031 0.57048 0.44978 -0.041039 -0.22491 0.30268 0.098469
0.67403 -6.5377 2.3025 -1.6558 1.6332 0.27961 0.71077 0.16992 0.24895 0.48419 -0.26533 0.0335 -0.27687
2.224 -9.0003 1.2461 -1.0469 1.9356 0.31564 0.47929 -0.21761 0.42077 0.41603 0.33793 0.62097 -0.53349
1.4047 -7.6116 0.77671 -1.0776 0.5338 -0.98916 -0.36245 -1.1935 -0.50619 -0.38263 -0.094723 0.39953 -0.37206
-1.12 -3.753 0.52474 -1.13 -0.57232 -0.86396 0.38779 0.89494 0.97006 0.090265 0.16025 0.027374 0.43422
-0.75951 -2.6754 0.36306 -0.57705 -0.45742 -0.53521 0.48048 0.5803 0.53624 -0.083989 0.0031736 -0.38869 -0.22639
0.9149 -1.7099 1.5982 -0.083498 -0.97225 -0.9737 0.18381 0.064444 1.375 -0.37425 -0.55292 -0.84673 -0.27017
1.9837 -1.3645 0.6981 -1.3802 -1.0037 -0.94678 0.69603 -0.029451 0.61457 -0.23578 -0.055544 -0.84893 -0.43057
2.1064 -1.5869 0.92764 -1.6244 -1.783 -0.53895 1.3778 -0.058596 0.95552 -0.29125 -0.067789 -1.2774 -0.29917
2.1196 -1.5506 0.47117 -1.9388 -0.9948 -0.70932 1.1963 0.27624 0.95716 -0.63573 -0.52977 -1.2657 -0.40741
1.8722 -1.4884 0.4782 -2.0668 -0.68391 -0.52958 0.68773 -0.14901 0.60524 -0.2904 -0.79411 -1.0342 -0.044743
2.3463 -1.2563 -0.22104 -2.3786 -0.55567 -0.59452 0.62875 -0.15667 0.40107 -0.051643 -0.59397 -1.4047 -0.036113
2.7198 -1.3269 0.09948 -2.3743 -1.1509 -0.74378 0.83579 0.026554 0.10828 -0.052314 -0.5287 -1.7295 0.002301
2.7359 -1.1862 -0.051686 -2.4988 -1.0399 -0.28745 0.43146 -0.44239 0.58209 -0.14221 -0.97161 -1.3458 -0.096391
3.2895 -0.78525 -1.0911 -3.0933 -0.51001 -0.35822 0.22659 -0.45317 0.23545 -0.14262 -0.85249 -1.8633 0.086681
3.1772 -0.6484 -0.68121 -3.1614 -0.46997 -0.24498 0.28693 -0.5808 0.48957 -0.23593 -1.1429 -1.4724 0.076718
2.6223 -0.51951 0.25095 -3.0034 -0.58342 -0.49215 0.23454 -0.3851 0.32303 -0.56876 -0.48925 -1.6713 0.11304
1.6845 -1.4996 0.1248 -1.6157 -0.37578 -0.64227 0.57822 -0.71668 -0.33835 -0.72619 -0.46563 -1.114 -0.33075
0.89827 -2.1973 0.65101 -0.52686 0.20887 0.13708 0.30368 -0.83424 -0.30763 -0.74902 -0.63199 -0.39923 -0.29094
0.11563 -2.4778 0.79306 0.11294 0.33478 0.5962 0.57721 -0.75009 -0.38173 -1.1813 -0.68952 0.082495 -0.23744
