0.24709 -2.8443 0.99989 0.72969 0.090184 -0.67846 -0.88186 -1.8401 -0.015978 -0.18274 -0.5208 -0.27739 -1.0735
2.8201 -3.4242 1.347 1.7918 -1.0726 -1.5036 -0.62325 -1.9451 0.07622 -0.040793 0.57262 0.1082 -0.46014
3.6946 -4.1221 1.8823 1.4681 -1.8318 -1.8074 -0.34654 -1.9531 -0.3206 0.31541 0.48092 0.40238 -0.37815
3.7392 -4.1107 1.7396 1.4271 -1.8948 -1.6196 -0.27986 -1.9493 -0.29763 0.22178 0.63918 0.2888 -0.25046
3.2851 -3.889 1.3526 1.2434 -2.2051 -1.7339 -0.65751 -2.4293 -0.36675 0.2624 0.49102 -0.41349 -0.41691
2.1145 -2.8776 1.2404 0.28555 -1.3349 -1.5031 -0.89747 -1.8815 -0.91317 -0.38687 0.61735 -0.65508 -0.018845
1.001 -2.7461 1.0388 0.554 -0.27073 -0.86837 -1.111 -1.565 0.14167 0.19035 0.43295 0.052311 -0.39322
-0.048855 -3.7286 1.0748 -0.044928 0.38135 -0.36261 -0.1037 -1.1312 -0.57214 -0.30379 0.57982 0.41984 -0.24804
-0.28978 -6.0761 1.4018 0.45585 0.98624 -0.30832 -0.56733 -1.1947 -0.24517 0.14014 0.79075 0.92283 0.061741
-0.63112 -5.2148 2.0875 -1.2828 1.5066 -0.18529 0.47661 -0.076517 0.27298 0.38689 0.20773 0.41137 0.45645
-1.1379 -7.0607 1.7227 -0.11975 -0.30889 0.74926 1.1644 -1.0653 1.4146 0.31272 0.2511 0.38067 0.059423
0.55121 -8.1245 1.3689 -0.39511 0.95275 0.34808 1.0167 0.23395 0.583 0.353 0.27796 -0.34866 0.18041
-0.60944 -7.4546 1.7319 -0.28386 1.0292 0.54823 0.77282 -0.38159 0.21834 0.44177 0.56514 0.21433 -0.013244
-1.5682 -8.5633 0.96849 0.088492 0.94761 0.32946 0.46083 -0.00069912 0.44178 0.92548 0.73935 -0.045124 0.36862
-3.7002 -2.8594 0.39152 0.1097 0.34837 0.26057 0.31215 0.26149 0.42242 0.2719 0.1256 0.372 0.6325
1.1513 -2.0248 0.619 -0.96399 -0.71573 -1.095 -0.11105 -0.86379 0.70651 0.051617 0.010529 -0.52384 -0.46396
3.2649 -2.8087 -1.6424 -1.5107 -0.80703 -1.6306 -0.6602 0.096051 0.59869 -0.57099 -0.45485 -0.39838 -0.37845
3.9211 -2.6374 -2.199 -1.5399 -0.63946 -1.3957 -0.36982 0.28269 0.84114 -0.095828 -1.1629 -0.35317 -0.25452
3.8644 -2.9019 -2.4246 -1.7242 -0.50863 -1.4651 -0.39925 0.38996 0.24473 -0.17433 -1.1944 -0.52376 0.07048
3.9308 -3.1139 -2.7359 -2.506 -0.3884 -1.4293 0.06321 0.1119 0.15148 -0.27809 -1.3102 -1.042 -0.041046
3.7978 -3.2457 -3.0294 -2.5747 0.50714 -0.92341 0.11155 -0.18948 -0.51036 -0.026235 -1.4853 -0.7924 -0.39847
3.5144 -2.982 -2.5996 -2.645 -0.0099838 -0.33595 0.043127 -0.80839 -0.098309 -0.033308 -1.2347 -0.7344 -0.42934
3.4493 -3.1792 -2.4879 -2.6637 0.060275 -0.44663 0.045896 -0.68212 -0.22901 -0.081392 -1.0471 -0.58913 -0.88163
3.5647 -3.2162 -2.4429 -2.2971 -0.2927 -0.096788 0.11634 -1.0221 0.080274 0.24787 -1.08 -1.0316 -0.76802
3.5635 -3.0683 -2.1036 -2.5275 -0.33028 -0.53939 -0.082887 -0.97407 0.079524 0.0092132 -0.89265 -1.0999 -0.90566
3.5957 -3.2546 -2.2356 -2.8606 -0.40908 -0.7569 -0.11765 -1.1496 -0.089377 -0.11087 -1.2068 -1.6386 -1.2354
3.7096 -3.0707 -2.0435 -2.3981 -0.089683 -0.45516 -0.1902 -1.1368 -0.098822 0.22059 -0.81756 -1.2283 -1.0054
3.6437 -3.416 -2.463 -2.4179 -0.29355 -0.5945 -0.1521 -1.1515 -0.43503 0.011114 -0.96539 -1.4304 -1.0238
3.4888 -4.023 -2.7033 -2.6792 -0.56397 -0.76334 -0.55699 -1.6702 -0.66939 -0.23029 -1.4376 -1.4952 -1.4107
2.9508 -3.7049 -2.0595 -2.0088 -0.48518 -0.48199 -0.39274 -0.96442 -0.12397 -0.037758 -0.9379 -1.1559 -1.0336
2.4325 -3.6911 -2.0013 -2.4523 0.22645 -0.46954 -0.39816 -0.22684 -0.10651 0.46672 -0.6189 -0.88778 -0.69602
2.0526 -3.4526 -1.6685 -2.6688 -0.22178 0.28169 0.42845 -0.89235 0.63148 0.63462 -0.91443 -0.47315 -0.92577
