-0.51414 -2.3505 1.8022 0.59785 0.06401 -0.68979 -0.72586 -1.7331 0.053961 -1.0459 -0.9218 -0.40053 -0.78576
1.9624 -1.7297 2.2545 1.0584 -0.37578 -1.9729 -1.4717 -1.4393 -0.55871 -0.5859 0.41903 -0.2103 -0.082786
2.7156 -1.4312 2.0695 0.80892 -0.97461 -2.261 -1.2548 -1.6975 -0.56213 -0.20714 0.67372 -0.24504 -0.039865
2.7375 -1.78 2.5305 0.31161 -1.2351 -1.8085 -1.4192 -1.3522 -0.68573 -0.45391 0.59275 -0.33248 -0.0092528
2.0367 -2.0023 1.2358 0.84184 -1.279 -1.9144 -1.2944 -1.0697 -0.19142 -0.88763 -0.20553 -0.38079 -0.44943
1.2052 -2.7108 0.95162 0.36742 -0.05635 -1.6566 -0.089315 -0.90204 -0.31296 -0.572 -0.82663 -0.27805 -0.92574
0.52931 -4.4473 2.7745 0.69022 0.70476 -0.70923 -0.7166 -0.90854 0.23418 0.034672 -0.36817 0.2505 -0.59351
-0.50838 -6.1141 1.4932 -1.4563 0.90071 -0.46864 0.14024 -0.54885 -0.2204 0.56659 0.79215 0.64051 0.27172
-0.34636 -5.6631 2.0079 -1.0778 0.83894 -0.15523 0.15359 -0.11003 0.11099 0.82637 1.0877 0.87899 0.4958
-1.8832 -6.906 2.007 0.5903 1.3766 0.48917 0.38752 0.35503 0.49232 0.55913 0.47998 0.22471 0.39911
-1.0651 -6.451 2.237 -0.080468 0.84791 -0.24062 0.33132 -0.4196 0.6753 1.2462 0.47361 -0.045946 0.32854
-1.4849 -6.6283 1.8141 -0.22398 0.69361 -0.0037595 0.4799 0.57562 0.060141 -0.18621 0.12949 0.34233 0.2354
-1.3067 -5.4585 1.9164 -0.12788 0.62418 -0.27167 -0.10727 -0.12744 0.34877 0.50187 0.1356 0.097933 -0.47353
-1.7258 -5.7302 2.111 -0.10489 0.23889 0.11995 0.41422 0.1446 0.68012 0.62318 0.18207 0.61981 0.7163
-1.1091 -6.5353 1.8693 0.17056 -0.0048506 -0.24748 0.31248 0.45242 0.14314 0.14159 0.30254 -0.10563 0.0027487
-1.1234 -5.0119 1.4835 -0.45424 0.20048 0.72596 0.078632 0.34149 0.58409 0.15177 -0.086477 0.012679 -0.20387
-1.9438 -2.0362 1.3043 0.21256 0.2178 -0.021881 0.58922 -0.062926 0.41321 -0.50845 -0.68662 -0.42088 -0.064303
2.3467 -0.97464 -0.93532 -1.4016 -0.65894 -0.58966 -0.1272 -0.1265 0.61327 -0.63163 -0.776 -0.15853 0.024109
3.5145 -0.81327 -2.0226 -1.5078 -0.54694 -0.87141 0.4852 -0.081057 0.48968 -0.32126 -0.85177 -0.12414 0.16419
4.0148 -1.2035 -3.0993 -1.5176 -0.7415 -0.4974 0.45744 -0.24276 0.38889 -0.59042 -1.0841 -0.19924 0.21237
4.3425 -1.8362 -3.3423 -1.7174 -0.67498 -0.11057 0.34495 -0.21592 -0.13844 -0.55934 -1.0846 -0.10936 0.22706
4.5689 -1.6384 -3.8623 -1.8384 -0.1464 -0.27886 0.33701 0.16887 -0.46275 -0.58823 -0.82284 -0.26079 0.41593
4.7307 -1.8353 -4.0058 -1.7386 -0.066401 -0.22456 0.18976 0.24919 -0.58638 -0.65525 -0.67153 -0.37861 0.31397
4.8286 -1.8039 -4.2373 -1.6057 0.10072 -0.09121 0.041995 0.42812 -0.7638 -0.61032 -0.41692 -0.53713 0.20033
4.8274 -1.413 -4.3204 -1.7022 0.44075 -0.22201 0.14522 0.32123 -0.70417 -0.69663 -0.27655 -0.72819 0.22952
4.7773 -1.077 -4.2217 -1.6936 0.42628 -0.2643 0.41044 0.19044 -0.77424 -0.58079 -0.41155 -0.69591 0.3882
4.5591 -1.0198 -3.9377 -1.7977 0.54131 -0.2632 0.52919 -0.049814 -0.57452 -0.56669 -0.52285 -0.42223 0.10441
4.2 -0.71448 -3.4897 -2.1245 0.74863 -0.41066 0.64133 0.016837 -0.51473 -0.47076 -0.6243 -0.47867 0.30718
3.6428 -0.62182 -2.8455 -2.3123 0.64346 -0.36968 0.45027 -0.0922 -0.31079 -0.58214 -0.74847 -0.32864 0.1997
2.6021 -0.9429 -1.4588 -2.2096 0.34443 0.32689 0.37689 -0.28847 -0.0047233 -0.46262 -1.1501 -0.3486 0.35439
1.5283 -1.2356 -0.66372 -1.3896 0.75047 0.14695 0.45891 -0.27404 -0.13869 -0.49382 -1.2478 -0.14297 0.29482
0.61535 -1.8282 0.25556 -0.97901 0.55188 0.29243 0.99197 0.10292 -0.24919 -0.67864 -0.47847 -0.57163 -0.18755
-0.18255 -2.1062 0.7303 -0.34261 0.24917 0.44125 0.89146 -0.021263 0.64497 -0.29847 -0.42891 -0.46647 -0.59993
