1.055 -5.3927 1.4942 -0.033948 1.2249 -0.89551 0.53522 0.27918 0.039328 0.69737 0.41917 0.5843 0.47621
0.88031 -2.468 2.7756 0.74759 -0.27343 -1.6315 -0.34358 -1.6004 -0.45475 -0.46491 -0.44052 -0.38795 -0.58216
3.4378 -2.7349 1.6928 1.3739 -2.1749 -1.7782 -1.0352 -0.7069 -1.2291 0.32043 -0.20685 -0.029854 -0.41936
4.6146 -3.8678 1.1642 1.6191 -2.672 -1.51 -1.3423 -0.29393 -1.3308 0.52741 -0.58356 0.042113 -0.69069
4.7998 -4.291 0.84781 1.1567 -2.8612 -1.8469 -1.4821 -0.28279 -1.6396 0.24163 -0.72311 -0.092283 -0.85223
4.8117 -4.4876 0.56955 0.61752 -3.2829 -2.4201 -1.7699 -0.49107 -2.0345 -0.27949 -0.97622 -0.23843 -1.2314
4.032 -3.6725 0.85903 1.0897 -2.5518 -1.9462 -1.2639 -0.64517 -1.4879 -0.0091033 -0.66056 0.075173 -1.3584
2.2093 -2.9788 1.4972 -0.22186 -0.69825 -1.9898 -0.23876 -1.2793 -0.79256 -0.53047 -0.43959 -0.62741 -1.3178
2.9532 -5.1302 3.288 -0.024792 0.69455 -1.0994 -0.5787 -0.78674 -0.54999 -0.46161 -0.089608 -0.30041 0.011814
3.8475 -6.6374 3.2665 -0.99038 1.3432 -1.4829 -0.65507 -0.42479 0.30929 0.17778 0.12259 0.54417 0.45086
3.7047 -6.4845 3.1616 -1.5976 1.2585 -1.1673 0.12247 -0.067094 0.45712 0.32921 0.48379 0.47677 0.41385
4.0173 -7.2373 3.4327 -1.0093 1.053 -1.7202 -0.57235 -0.3127 0.47451 -0.030777 0.37224 0.36241 -0.040028
4.235 -8.3668 2.2131 -1.7162 0.61444 -0.61623 0.63477 -0.14787 -0.37322 0.049034 -0.36333 0.17934 0.43613
5.4462 -9.1842 2.2895 -1.7036 1.7942 0.032737 0.79045 0.19589 0.57933 -0.39096 -0.16283 -0.30098 -0.32483
4.4746 -8.9067 2.3757 -1.1568 1.0331 -0.48696 0.075851 -0.39723 -0.055015 -0.48709 -0.047662 -0.11949 -0.36368
4.2713 -7.6675 2.4977 -0.57904 1.2055 -0.69827 0.6437 -0.55729 0.22288 0.27229 -0.44189 1.0729 -0.25514
3.5449 -8.0744 2.5816 0.21294 0.65967 -0.5451 0.50567 -0.20654 0.30055 -0.19934 -0.70004 0.51969 -0.10078
1.7773 -1.6953 1.2618 -1.497 -0.69704 -0.88122 -0.78002 -0.97037 0.087368 -0.76784 -1.2285 -0.12257 -0.5981
3.7075 -1.1076 -0.81439 -1.8584 -1.6829 -0.37153 -1.1703 -0.8282 0.39789 -0.37848 -0.78059 -0.61671 -0.40358
4.2664 -1.4418 -1.1477 -2.6898 -1.6512 0.19546 -1.1776 -0.11362 0.2468 -0.30783 -0.77469 -0.85464 -0.24339
4.0135 -1.0493 -1.9426 -2.9313 -1.1778 0.51296 -0.84802 -0.31305 0.17993 -0.79358 -0.53033 -0.59627 -0.29445
3.8888 -0.82404 -2.3992 -3.2011 -0.87003 0.39131 -0.26521 -0.44426 -0.075587 -1.3555 -0.25945 -0.6413 -0.57263
3.7079 -0.41686 -2.3428 -3.5302 -0.32671 0.023838 -0.094698 -0.37049 -0.34357 -1.3279 -0.00056922 -0.70842 -0.50427
3.7394 -0.46502 -2.8969 -3.5349 -0.23412 -0.2964 0.22641 -0.24579 -0.72669 -0.89121 -0.19868 -0.68145 -0.64914
4.1055 -0.17192 -3.2138 -3.2736 -0.018047 -0.34841 0.20571 -0.62714 -0.88362 -0.86576 -0.16762 -0.7563 -0.4725
4.4337 -0.28713 -3.447 -2.9358 -0.099571 -0.22391 -0.22476 -0.3028 -1.0606 -0.69162 -0.018974 -1.3164 -0.12554
4.7658 -0.30592 -4.1424 -3.2859 0.17895 -0.98498 -0.46213 -0.45697 -1.3114 -0.722 -0.33772 -1.3013 -0.69466
4.9583 -0.23092 -3.8702 -2.5127 0.11281 -0.55859 -0.32035 -0.23721 -0.91756 -0.33123 -0.24639 -1.1651 -0.29247
5.044 -0.22155 -4.1134 -2.6471 -0.44025 -0.79617 -0.4017 -0.78782 -0.79736 -0.45351 -0.68584 -1.3207 -0.43503
5.0766 -0.49822 -4.1029 -2.3824 -0.63207 -0.78642 -0.32557 -0.73626 -0.81318 -0.16048 -1.0212 -1.1201 -0.33561
5.0376 -0.47973 -3.6472 -2.8006 -0.38724 -0.65198 -0.4241 -0.57283 -0.88367 -0.056806 -0.7192 -1.4465 -0.12544
5.03 -0.11232 -4.001 -2.3081 -0.27837 -0.68148 0.039038 -0.85822 -0.70211 0.17711 -0.72606 -1.1214 -0.22344
4.9405 -0.14044 -3.9311 -2.789 -0.33365 -0.92929 -0.003618 -1.0896 -0.74448 0.18739 -1.1294 -1.2693 -0.28609
4.9295 -0.5111 -4.0997 -2.9637 -0.77674 -0.70711 -0.33228 -1.2456 -0.86626 -0.090054 -1.0572 -1.4104 -0.30546
4.6255 0.084149 -3.2966 -2.7984 -0.15708 -0.63526 0.28794 -1.086 -0.17398 0.094055 -0.65695 -1.168 -0.036714
4.1265 -0.28968 -3.227 -2.9411 -0.22727 -0.71881 0.17143 -1.5439 -0.50887 -0.010624 -1.1438 -1.0656 -0.12488
3.4726 -0.69492 -2.8022 -2.8676 0.10107 -0.38812 0.12293 -1.3569 -0.46644 -0.41394 -0.9126 -1.0644 -0.41581
2.3332 -1.1355 -1.4445 -2.4859 0.36979 0.49022 -0.36773 -0.93761 -0.67665 -0.43796 -0.92745 -1.2619 -0.47044
1.0773 -1.9343 -0.42028 -1.5025 0.76145 0.63501 0.27782 -1.2653 -0.88999 -1.3265 -1.5266 -0.71949 -0.69546
0.19309 -2.379 0.45566 -0.36666 0.70853 0.18127 -0.45301 -1.7279 -0.42643 -0.86009 -0.93724 -0.26912 -1.2267
