3.079 -3.672 0.9792 1.2128 -1.6698 -1.5282 -1.3048 -0.8265 -0.68203 -0.19318 0.61481 -0.35329 -0.014982
3.669 -3.5752 0.87549 1.0998 -1.6713 -2.1385 -1.4025 -0.43164 -0.68601 -0.17952 0.29005 0.08524 -0.11282
3.6754 -3.0152 0.58462 0.9328 -1.3522 -2.2457 -1.4344 -0.092131 -0.60142 -0.20101 0.24898 0.34973 0.143
3.4037 -2.6938 1.0714 0.55855 -1.2832 -2.063 -1.2249 -0.21217 -0.20137 -0.27854 0.15038 0.35386 -0.042774
2.299 -1.7748 1.0466 0.32371 -1.0961 -2.0945 -0.94502 -0.29549 0.39181 -0.83561 0.15487 0.035883 -0.089809
0.80672 -2.4279 1.4122 0.13557 -0.35838 -0.62642 -0.83241 -1.0676 0.80658 0.051685 -0.40151 -0.028501 -0.1122
2.6433 -6.414 2.2292 -1.2591 1.6935 0.095148 0.37717 -0.39713 0.41777 0.33443 0.052152 0.41732 -0.29605
2.8189 -7.5404 1.5084 -1.3221 1.0484 -0.74501 0.27295 -0.72598 -0.28438 0.21954 0.14097 0.75871 -0.017395
3.4883 -8.1835 1.1625 -1.721 2.2538 -0.19928 0.58422 -0.099374 -0.084127 0.5536 0.78678 0.56063 0.58262
3.9508 -8.3874 1.0405 -2.5915 0.30238 -1.1917 0.88343 -0.95088 0.19549 -0.3227 0.44032 0.31787 -0.4018
3.4365 -8.754 0.93385 -1.8715 0.82698 -0.93427 0.4416 -0.21442 0.51591 -0.079346 0.1241 0.41487 0.31116
3.3772 -9.2012 0.59855 -1.7249 1.224 -0.29477 0.67261 0.085818 0.35362 -0.43181 0.062715 0.69702 0.041848
3.1939 -8.7983 1.2361 -1.3729 1.0359 0.0513 0.9001 -0.52705 0.0059208 -0.25968 0.50232 0.32999 0.00047395
-1.0771 -3.5731 2.1086 -0.5401 0.21871 -0.097521 0.13102 -0.39052 0.27212 -0.37103 -0.51407 -0.24402 -0.2582
2.1728 -1.3859 0.20941 -1.8772 -0.72849 -1.0267 0.19003 -0.025531 0.71032 -0.85175 -0.76957 -0.13902 -0.12978
3.0566 -1.6531 -1.2234 -2.0667 -0.44743 -0.9696 0.24527 -0.062125 0.55286 -0.74215 -1.0227 0.60054 -0.25635
4.0881 -2.3891 -2.725 -2.3981 -0.60625 -0.56663 -0.2424 0.012043 0.2546 -0.24115 -1.2707 -0.053911 -0.0092498
4.8369 -3.2179 -3.2308 -2.1923 -0.76346 -0.20936 -0.17199 -0.057098 0.13053 -0.19148 -1.3292 -0.20054 0.15128
5.3322 -3.2039 -3.7322 -1.8536 -0.82988 0.21783 -0.11012 -0.13616 0.03402 -0.18855 -1.2601 -0.39265 0.80152
5.6272 -3.2101 -3.6796 -1.7468 -0.99966 0.68878 -0.0665 -0.054529 0.066394 -0.060686 -1.5654 -0.27361 0.72318
5.4985 -3.2121 -3.6806 -2.4388 -1.0879 0.38764 -0.2528 -0.34388 -0.064082 -0.26577 -1.3618 -0.46329 0.52587
5.4329 -2.6151 -3.2515 -2.3601 -0.52101 0.46057 -0.0039085 -0.27431 0.048729 -0.013411 -1.1979 -0.21285 0.49818
5.1506 -2.2647 -3.1508 -2.4725 -0.63879 0.45935 -0.11222 -0.44983 0.2908 -0.066182 -1.1507 -0.40346 0.38434
4.9298 -1.9329 -2.9929 -3.0039 -0.476 0.091115 -0.21781 -0.71486 0.45309 -0.28691 -1.3729 -0.17379 0.12822
4.5417 -1.669 -2.5861 -3.0267 -0.55525 0.31734 -0.030719 -0.92277 0.78421 -0.4836 -1.2365 -0.10746 -0.0022211
3.9436 -1.8122 -2.1919 -2.9001 -0.55486 -0.22951 0.15535 -0.74988 0.19641 -0.33433 -1.1275 -0.32168 0.073345
3.3727 -1.6894 -1.7935 -2.787 -0.17218 -0.46487 -0.13386 -0.78617 0.35293 -0.51534 -1.2763 -0.083342 -0.16909
2.9299 -2.3376 -1.4324 -2.6094 -0.75077 -0.13317 -0.046118 -0.53165 0.31154 -0.46186 -1.0802 -0.14197 0.19217
1.4665 -2.5701 -0.85616 -1.9094 -0.46107 0.13329 -0.24875 -0.53893 0.16052 -0.33412 -0.85598 -0.54425 -0.16873
