-0.39095 -7.0525 1.7985 0.26668 1.0323 -0.60599 -0.80171 0.95944 0.7827 0.36396 -0.40626 0.066611 0.036488
-0.64738 -7.9072 1.1477 0.16631 1.175 0.13987 0.18008 0.90528 0.08802 0.18322 0.061527 0.42396 0.22598
0.51072 -9.1348 0.63426 0.057174 1.2175 0.59533 0.042678 0.64927 0.10614 0.37137 -0.51496 0.79547 0.57576
-1.9897 -4.1014 1.6465 0.29937 0.42202 -0.13643 -0.40027 -0.88631 -0.38865 -0.37343 0.17225 -0.34065 -0.18958
1.9748 -2.6505 1.2861 0.75737 -0.42565 -0.59497 -1.2185 -2.5799 -0.47807 -1.0389 -0.28031 0.20112 -0.29006
3.0147 -2.8558 1.1712 0.37965 -1.5403 -1.6926 -1.0402 -1.9768 -0.87676 -0.95716 0.45675 -0.50013 -0.45269
2.732 -2.4671 1.0021 -0.11513 -0.99423 -1.6317 -0.97512 -1.2737 -0.44345 -0.86401 0.015079 -0.39688 -0.055534
1.64 -2.88 0.42948 0.014243 -0.95919 -1.0204 -0.9213 -1.1543 -0.38908 -1.0572 -0.57087 -0.65911 -0.72839
0.58957 -3.092 0.833 0.40866 0.5064 0.12779 -0.67005 -0.82021 -0.067609 0.20265 -0.061347 0.30776 -0.94374
-2.6375 -3.7241 1.5121 0.32042 1.0716 0.37088 -0.3058 -0.35596 0.018761 0.41295 0.62326 0.42567 -0.20178
-3.5934 -2.9855 0.45445 0.047876 0.45625 0.05082 0.00067816 -0.12914 0.26104 0.41486 0.55164 0.85176 0.51071
-5.8451 -2.7446 0.39067 -0.33864 -0.11688 -0.0029167 0.93149 0.76561 0.196 0.49823 1.1055 0.29869 0.88632
-5.6281 -2.5144 0.70825 0.34026 0.64094 0.47994 0.55847 0.39998 0.40344 0.25298 0.20184 0.0041333 -0.15895
-4.1477 -3.569 0.63775 -0.15386 0.44679 0.47107 0.83446 0.94518 0.79691 0.0068197 -0.5924 -0.30906 0.49794
-4.1638 -2.8197 0.3782 -0.074486 0.22981 -0.0039589 0.018499 -0.12789 -0.016205 0.11565 0.33819 0.24354 0.045757
-6.481 -4.367 1.8216 0.25698 0.79549 0.52845 0.63983 0.52109 0.59547 0.46573 0.47544 0.41967 0.56494
-3.0985 -6.4571 1.9608 0.22674 0.38311 0.28948 0.39099 0.096231 0.57437 0.82982 0.071545 -0.44552 0.13051
-2.4034 -5.0954 1.2257 -0.33447 0.24286 0.079003 0.20737 0.066921 0.16558 0.23188 0.22941 0.12764 0.2102
0.10302 -1.7291 1.0431 0.098427 -1.3563 -0.87318 0.18288 -0.84199 0.6077 -0.60711 0.041937 -0.50079 0.23593
3.6659 -1.9337 -0.050773 -1.8577 -1.4842 -2.1754 -0.23409 0.096718 0.76148 -0.74693 -0.15838 -0.42944 0.090828
3.6532 -2.6691 -0.59042 -2.1972 -1.7109 -2.1595 0.19237 0.29506 0.19157 -1.0193 -0.56833 -0.66554 -0.0098646
4.2608 -2.5951 -0.86746 -2.8421 -1.4238 -1.5977 0.054013 0.56596 0.19421 -1.1366 -0.97958 -0.52108 0.29043
3.9723 -3.049 -1.0186 -2.8969 -1.3065 -1.6067 0.30562 0.37693 -0.28844 -1.2311 -0.66514 -0.5601 0.45359
3.5882 -2.7987 -0.93118 -2.7436 -1.1718 -1.239 0.16319 -0.096501 -0.24581 -0.98833 -0.69413 -0.79112 0.33024
3.625 -2.4646 -0.53354 -2.7652 -1.2749 -1.2551 0.44955 -0.041938 -0.080632 -1.1115 -0.74597 -0.7429 0.34647
3.5595 -2.7029 -0.85068 -3.1694 -1.7761 -1.6252 0.073033 -0.46444 0.020854 -1.6298 -0.66534 -1.1122 -0.094855
3.5299 -2.1467 -0.52087 -2.9171 -1.3966 -1.4348 0.37871 -0.41515 -0.006604 -0.90889 -0.54915 -1.5446 0.52285
3.6908 -1.8126 -0.46408 -2.7687 -1.108 -1.265 0.35969 -0.13567 0.19618 -0.89885 -0.55732 -1.4641 0.54954
3.9896 -1.8363 -0.76671 -2.7326 -1.1802 -1.5376 0.63667 -0.10659 0.16784 -1.1463 -0.69319 -1.3884 0.61755
4.0682 -2.4257 -0.99138 -2.7897 -1.4002 -1.639 0.59286 -0.24631 0.12233 -0.93717 -0.88653 -1.318 0.53275
4.0218 -2.2973 -0.8525 -2.9908 -1.0426 -1.4434 0.62246 -0.1822 0.25685 -0.82137 -1.1532 -1.0357 0.46353
3.8861 -2.3455 -0.73221 -2.9357 -1.1106 -1.2305 0.33627 -0.22048 0.31716 -0.6702 -1.3292 -1.0452 0.43046
3.5476 -2.6369 -0.58047 -2.644 -1.195 -1.3928 -0.16698 -0.1931 0.97234 -0.79392 -1.3595 -1.1587 0.011877
3.0627 -2.9232 -0.22176 -2.0231 -1.3649 -1.7119 0.074216 0.020952 0.87992 -0.81578 -1.1454 -1.3103 0.17066
2.7629 -3.2697 -0.68455 -2.2585 -0.97959 -1.4628 0.26948 0.35759 0.23427 -0.58007 -0.72046 -1.1327 0.2929
1.5195 -3.7597 -0.5313 -1.7367 -1.3952 -1.195 0.53583 0.46414 0.018801 -0.47349 -0.39927 -1.3009 0.46416
-0.070175 -3.2587 -0.03726 -1.3341 -1.2757 -1.3953 0.13645 0.27167 0.044721 0.25978 0.45149 -1.2929 0.65896
