0.2993 -8.9139 0.61573 -0.27464 2.1884 1.1319 -0.21358 -0.46935 -0.045213 1.0445 0.057301 0.85354 0.36673
-0.23107 -9.0087 0.67005 0.12254 1.7201 0.0004289 -0.54022 0.62425 0.41009 0.90757 0.25375 0.36203 -0.21268
0.41305 -9.8786 -0.14406 -0.5286 1.4831 0.45339 0.44189 1.011 0.061693 0.71893 0.62274 0.51866 0.66589
0.37766 -9.5994 0.074919 -0.028401 2.2227 0.64217 -0.37259 0.74338 0.23907 1.0048 0.10205 0.58751 -0.40028
-0.15739 -2.8969 1.1208 0.38396 0.0053143 0.13411 -0.45232 -0.90703 0.025158 -0.53804 -0.36012 -0.23109 -0.51361
1.7924 -2.6211 1.063 0.51138 0.088076 -0.47079 -1.0314 -2.098 -0.11112 -0.74199 -0.19899 0.17231 -0.587
2.5066 -3.2393 1.3439 1.1075 -0.088369 -0.15412 -1.159 -2.8368 -1.087 -1.3301 0.63834 0.89083 -0.36399
3.0572 -2.8989 1.3593 0.65367 -1.097 -1.1635 -1.1342 -2.444 -0.58751 -1.065 0.42426 0.01866 -0.16767
3.1138 -2.7643 0.88793 0.01187 -1.5795 -1.663 -0.94417 -1.9214 -0.77278 -0.92616 0.29377 -0.61705 -0.34065
2.4463 -2.8626 0.67728 -0.20808 -1.2089 -1.2163 -0.77263 -1.3736 -0.67005 -0.87425 0.21043 -0.49755 -0.64351
1.2351 -3.4314 0.50729 0.078059 0.43038 -0.18075 -0.55046 -0.63537 0.063751 -0.29983 -0.60489 -0.32677 -1.0994
-0.33794 -4.5894 0.9309 -0.2706 0.64645 0.33148 0.10013 0.64674 0.0083114 -0.6391 -0.27669 -0.38221 -0.92096
-2.3794 -5.7417 1.5062 -0.2933 0.042089 0.28602 0.84005 0.57332 0.46677 0.72518 0.78573 0.41811 0.37545
-3.5546 -2.7572 0.34454 -0.040176 0.27285 0.12551 0.24106 0.15361 0.18009 0.12303 0.14642 0.073744 0.096899
-5.2713 -2.5195 0.57612 0.1908 0.50078 0.34366 0.43542 0.33822 0.37011 0.30822 0.3217 0.272 0.27063
-6.0213 -2.4256 0.66413 0.27345 0.57781 0.41542 0.50234 0.40272 0.43085 0.36421 0.37329 0.3214 0.31688
-6.8635 -2.3594 0.74701 0.37221 0.68795 0.53456 0.62805 0.5377 0.56917 0.50342 0.5115 0.46025 0.4547
-6.5858 -2.4054 0.88522 0.37561 0.74173 0.54724 0.64768 0.5374 0.56774 0.49437 0.50153 0.44272 0.43657
-5.3805 -5.8264 2.1164 0.4985 0.69177 0.58129 0.82853 0.62727 0.498 0.34283 0.55557 0.89938 0.95067
-4.0111 -4.4212 0.94858 0.33339 0.99905 -0.15471 0.90538 0.14387 0.62291 0.28182 0.34199 0.33753 0.34145
-0.38099 -2.2881 1.2123 -0.15661 -1.5292 -1.1943 0.037692 -0.89624 0.46804 0.15432 0.61263 -0.93102 0.3038
3.49 -2.3023 -0.28941 -1.5123 -1.6866 -2.3454 -0.28765 -0.32674 0.73025 -0.52446 0.074035 -0.63852 0.049927
3.6236 -2.8703 -0.09985 -2.0547 -1.6456 -2.1452 0.10161 0.39621 0.46783 -0.78659 -0.28133 -1.2759 0.32927
4.1793 -2.6373 -0.79412 -2.6182 -1.4059 -2.26 0.40354 0.91316 -0.12723 -1.0861 -0.27142 -1.1 0.15712
4.5882 -2.591 -1.1386 -3.3865 -1.057 -1.822 0.14723 0.8604 -0.18563 -1.2431 -0.41938 -1.4085 0.26692
4.3761 -2.9219 -1.2991 -3.5985 -1.5755 -1.5963 0.10367 -0.18173 -0.18334 -1.5639 -0.83931 -1.2791 0.12825
4.3912 -2.5332 -0.94214 -3.0729 -1.3255 -1.4015 0.26107 0.24345 -0.03954 -1.0548 -0.47372 -1.2372 0.51938
4.5326 -2.5222 -0.74867 -2.7618 -1.5078 -1.4935 0.36848 0.17467 0.29624 -1.1493 -0.75567 -1.5103 0.63017
4.4655 -2.6878 -0.80471 -2.6698 -1.6172 -2.1886 0.44276 0.45915 0.15779 -1.2179 -1.0374 -1.17 0.76852
4.5006 -2.7568 -0.72173 -2.7802 -1.857 -1.5878 0.22244 0.16148 0.58675 -1.7859 -0.98982 -1.0245 0.28358
4.588 -2.5263 -0.86365 -2.5713 -1.5695 -2.2011 0.51785 0.53971 0.40966 -1.7345 -0.69967 -1.3196 0.49474
4.5154 -2.3677 -0.38012 -2.1026 -1.5563 -2.3661 0.61971 0.7509 0.5466 -1.4205 -0.62919 -1.2469 0.39464
4.4962 -2.558 -0.49027 -2.1393 -1.8423 -2.48 0.84543 0.57977 0.22283 -1.1312 -0.72795 -1.3809 0.72009
4.1462 -3.3946 -1.1258 -2.7142 -1.6621 -2.2473 0.17875 0.40882 0.17342 -1.1193 -1.2139 -1.0755 0.46279
3.3816 -3.9902 -1.272 -2.6625 -2.0237 -2.0749 0.056508 0.38893 -0.13339 -1.239 -0.69162 -0.99629 0.28648
2.8257 -3.4637 -0.67982 -2.3239 -1.8759 -1.7007 0.55664 0.33542 -0.0095319 -0.76044 -0.014884 -1.0261 0.87563
2.4225 -3.7841 -0.28088 -1.9902 -1.9308 -1.9468 0.49506 0.81445 0.15786 -0.87824 -0.2149 -1.3405 0.48507
0.15744 -3.4331 -0.25337 -1.5225 -1.4505 -1.1773 0.72931 0.4802 -0.60592 -0.31376 0.65687 -1.2271 0.29795
0.56114 -3.6183 -0.38823 -1.6111 -1.5878 -1.1397 0.55934 0.28944 0.10726 -0.41558 0.16693 -0.66428 0.35967
0.68728 -3.7076 -0.47963 -1.8038 -1.7881 -1.4909 0.58323 0.41971 -0.5191 -0.016048 0.96793 -1.1356 0.68514
1.4646 -3.4895 -0.38072 -1.9356 -1.4891 -1.904 0.070173 0.40657 -0.30829 0.24959 0.79051 -1.2995 0.91643
1.7356 -3.6603 -0.43832 -2.0239 -1.6402 -2.0537 -0.22172 0.15272 0.36783 0.55432 0.45248 -1.3757 0.9721
1.815 -3.4347 -0.089731 -1.3809 -1.6953 -1.7674 -0.2012 -0.48557 0.030793 0.094682 0.52171 -1.2127 0.25731
2.3052 -3.1161 0.37039 -0.7734 -1.4704 -1.8827 -0.96426 -1.2221 0.14497 -0.01079 0.28656 -0.71417 0.31259
2.2743 -3.0078 0.85921 -0.0086866 -1.1532 -1.1718 -1.0091 -2.0035 -0.20062 -0.21464 0.71453 -0.0096921 -0.41578
1.7232 -3.022 0.78835 0.30611 -0.37921 -0.49355 -0.96281 -1.9466 -0.54564 -0.73667 0.03431 0.23008 -0.48495
0.96994 -2.8934 1.0149 1.1272 1.1891 0.3062 -1.4201 -1.7733 0.40081 -0.49151 -1.3965 0.31612 -0.86307
1.1218 -2.7322 0.80595 0.60798 0.229 -0.007086 -0.62673 -1.2364 -0.036084 -0.59749 -0.63577 0.085581 -0.21312
0.89719 -2.7031 0.78328 0.50586 0.082073 -0.10789 -0.51722 -0.83963 0.44264 -0.33633 -0.96175 -0.43042 -0.41883
0.47587 -2.8081 0.63204 0.33236 0.31492 -0.11483 -0.65334 -1.0348 -0.096288 -0.0071877 0.22664 0.35926 -0.57703
