1.0717 -2.7318 0.79397 0.25515 -0.25503 -0.60722 -1.0882 -1.6655 -0.31548 -0.9736 -0.71976 0.081254 -0.3285
3.5728 -2.632 1.607 -0.0041475 -1.2046 -2.3518 -1.4632 -1.513 -0.53251 -0.39021 0.066378 -0.038022 -0.67056
4.4621 -2.6159 1.7265 -0.49708 -0.94848 -2.5328 -1.516 -1.0487 -0.64246 -0.32688 0.4316 0.0093895 -0.60671
4.2409 -2.4456 1.1574 -0.3465 -1.1751 -3.2112 -0.94409 -1.0661 -0.22063 -0.93164 0.1814 0.13975 -0.88316
3.1265 -2.6626 1.1868 -0.16905 -0.9008 -2.0868 -0.69551 -1.3414 -0.52056 -0.89129 -0.044774 -0.56367 -0.79506
2.0551 -3.438 1.3461 0.16923 -0.29137 -1.4078 -1.0045 -1.0821 -0.22355 -0.40704 -0.54865 -0.49989 -1.0225
3.6446 -5.8708 2.4374 -1.1718 1.2684 -0.57603 -0.22703 -0.53729 -0.79102 -0.22264 -0.023061 0.14454 -0.3218
5.013 -7.979 2.0397 -1.5834 0.91716 -1.3763 -0.28302 -1.4474 0.27673 0.11196 -0.050186 0.27201 -0.33741
4.7451 -8.3902 0.96696 -2.7783 1.3207 -1.2818 -0.15832 -0.92614 0.41679 0.5269 0.36322 0.35191 0.16399
4.0163 -8.2165 0.9493 -2.5794 1.5042 -0.49837 0.44375 -0.38244 0.60968 -0.015536 0.12265 1.0375 0.11955
3.5187 -8.9021 0.49654 -2.8133 0.73508 -0.94349 0.24382 -0.16835 0.67965 0.39408 0.87934 0.61158 0.35525
4.2011 -8.3215 1.2403 -2.4519 1.5392 -0.052713 1.1859 0.037857 0.72565 0.23997 -0.0813 -0.68482 0.37738
3.638 -7.9827 1.1299 -1.9767 0.91887 -0.35737 0.43261 -0.69079 0.017129 0.34523 -0.028632 0.10094 0.70296
2.8526 -7.285 2.0296 -1.2938 0.78031 -0.26336 0.19184 0.21037 0.35189 0.031149 0.076369 0.52815 0.068773
0.94431 -3.0779 1.9231 0.055518 -0.25711 -0.26036 -0.086616 -0.43392 -0.012787 -0.1063 -0.3953 -0.0092268 -0.5544
3.1049 -1.7662 0.63158 -0.98483 -0.6646 -1.3471 0.048758 0.025945 0.36883 -0.80834 -0.21506 -0.35811 -0.11699
3.0282 -1.7152 0.33789 -1.4554 -0.58051 -1.1853 0.47626 -0.04784 0.45957 -0.66901 -0.36031 -0.56152 -0.10972
2.6234 -2.27 -0.32525 -1.2164 -0.15861 -0.42085 0.35346 -0.18588 -0.078264 -0.64988 -0.32822 -0.43098 0.1489
2.4862 -2.242 -0.65264 -2.0298 0.21276 -0.21784 0.38648 -0.065911 0.18668 -0.66293 -0.39083 -0.21727 -0.16837
2.5387 -2.6572 -1.0326 -2.213 0.072512 -0.21601 0.17284 -0.2304 -0.19769 -0.66743 -0.61239 -0.23737 -0.27262
3.0415 -2.9444 -1.2653 -2.4121 -0.12764 0.22331 0.62745 -0.68586 -0.35324 -0.56168 -0.38151 -0.41496 0.072278
2.974 -3.0607 -1.205 -2.4074 0.25763 0.3054 0.46414 -0.63513 -0.31857 -0.48414 -0.61096 -0.15707 -0.079393
3.0365 -2.7175 -1.1596 -2.7353 -0.022436 0.2031 0.58585 -0.82847 -0.52175 -0.15321 -0.78151 -0.77548 0.13587
2.7255 -2.8998 -0.78482 -1.9386 -0.14802 0.14407 0.35141 -0.54751 -0.32211 -0.41321 -0.71436 -0.39061 -0.069357
2.0738 -2.6 -0.070482 -1.7644 -0.51176 -0.29442 0.33978 -0.69479 -0.0022439 -0.43543 -0.90144 -0.91051 0.36003
1.8004 -2.847 -0.23026 -1.6376 -0.3262 -0.46779 0.14378 -0.34123 -0.12047 -0.28073 -0.52173 -0.44726 0.48474
1.9396 -3.2934 -0.75602 -1.9119 -0.033906 -0.42124 -0.23798 -0.31079 -0.24758 -0.28224 -0.77549 -0.40971 0.13036
2.1387 -3.0816 -0.66717 -2.3377 -0.048804 -0.38437 0.46255 0.038252 -0.5691 -0.60576 -0.62184 -0.99569 0.47419
2.1246 -3.7344 -0.73522 -2.1933 -0.61017 -0.28057 1.0326 0.23974 -0.07125 -0.39966 -0.54539 -1.0067 0.84125
1.1193 -4.013 -1.0814 -2.2032 -0.63667 -0.47632 0.52478 0.44821 0.45535 -0.11341 -0.52926 -0.28665 0.60853
