1.5937 -3.8995 0.62134 0.74896 -0.33043 -0.67498 -0.25078 0.70435 0.18591 0.35918 0.59256 0.77547 0.14206
0.35791 -2.7095 0.55978 0.34085 0.49003 0.31228 -0.042458 -0.26861 0.43356 0.41316 0.28923 0.47825 0.086299
2.6352 -2.9572 1.2636 1.6128 0.841 -0.13946 -0.60369 -0.42955 -0.22235 -0.39769 -0.261 -0.12536 -0.28975
3.8268 -1.7131 1.2403 -0.04018 -0.72617 -0.83008 -0.66208 -0.45222 0.55552 -0.37161 0.10201 -0.67399 -0.39571
3.9159 -2.4957 1.2396 -0.14515 -1.0054 -0.65032 -0.10381 -0.019999 0.32193 -0.39807 -0.21181 -0.95292 -0.67174
3.6511 -1.7741 1.2936 -0.27472 -0.53982 -0.96825 -0.28545 -0.32402 0.038079 -0.53901 -0.29799 -0.41918 -0.5822
2.8127 -2.17 2.1706 -0.078249 0.36241 -0.52083 0.23497 -0.98759 -0.5595 -0.89419 -0.245 0.94193 -0.031812
2.4463 -4.3027 1.7941 -0.48402 0.85401 -0.84 0.41812 -0.29656 0.71416 0.28427 0.27798 0.070013 0.44568
2.5715 -5.8537 2.0024 -1.2095 0.83656 -0.0059129 0.25023 -0.17144 0.49093 -0.033515 -0.00080699 0.41639 0.31549
3.0508 -8.9457 0.7635 -1.2893 1.4342 -0.17205 0.69095 0.86583 0.50073 0.16623 0.3272 0.38671 0.4441
1.7144 -6.8297 1.8832 -0.38946 0.52435 -0.53372 0.27996 -0.032462 -0.43684 -0.34451 0.010872 -0.16855 -0.22199
2.5679 -7.1842 1.1896 -0.92378 -0.30615 -0.68685 0.57633 -0.12285 0.32549 0.080029 0.37522 -0.39105 -0.48419
4.3987 -9.2604 0.70186 -0.93176 0.44409 -0.49728 0.71239 0.63949 0.58713 -0.42098 0.38047 0.28751 0.63702
4.2345 -6.6912 1.9145 -1.4939 0.94757 -0.46841 0.30978 0.24666 0.23187 -0.22343 0.27993 -0.15903 -0.48801
2.6404 -4.3346 1.1653 -0.90973 -0.39931 -0.3345 -0.058865 0.75128 0.061685 0.015962 -0.45807 0.42682 0.35811
2.5879 -1.9335 0.53953 -0.53268 -0.1872 -0.6063 -0.37698 -0.33897 0.44564 -0.23301 -0.26718 -0.055546 0.0020579
4.6892 -2.4152 -0.87653 -1.2775 -1.0932 -0.51655 -0.51681 0.67269 -0.14221 -0.48458 -0.92441 -0.33619 0.61167
5.3869 -3.5092 -2.2168 -1.1936 -1.0158 0.19515 0.1629 0.86591 -0.093017 -1.1858 -1.3826 -0.87579 0.66643
5.0013 -3.9986 -2.4641 -1.5288 -0.48192 0.41729 -0.38211 -0.19367 -0.71292 -0.95167 -0.64021 -0.42022 0.52861
4.6027 -3.4715 -2.4719 -1.3026 -0.56451 0.62843 -0.33397 -0.84391 -0.44957 -0.44592 -0.48111 -0.22569 0.40633
4.6924 -3.325 -2.8899 -1.5529 -0.26883 0.3717 -0.88494 -0.55151 -0.38384 -0.33347 -0.63291 -0.13951 0.099417
4.6627 -2.9964 -2.9981 -1.9465 -0.77523 -0.037548 -0.5881 -0.38338 -0.35051 -0.49224 -0.5632 -0.083917 0.24586
5.2047 -3.377 -2.7322 -1.4834 -0.57466 0.79334 -0.29585 -0.63614 -0.57624 -0.4918 -0.58106 -0.46311 0.86208
5.2395 -2.7593 -2.1607 -1.8683 -0.8042 0.93222 0.41548 -0.4469 0.057629 -1.2765 -0.90056 -0.34092 0.42365
5.511 -2.6938 -2.5651 -1.7207 -0.7832 1.0796 0.6144 0.18524 -0.024042 -1.1707 -1.5214 -0.86134 0.46945
5.51 -2.3382 -1.9463 -2.4847 -0.18395 0.92779 0.30597 0.18361 0.4281 -0.75203 -1.6572 -0.79211 0.099964
5.3536 -1.9528 -1.7729 -2.2723 -0.29685 0.49434 0.60439 -0.027295 0.55083 -0.57448 -1.4652 -0.61047 0.15448
5.2123 -2.0108 -1.61 -1.8758 -0.62887 0.62004 0.43773 -0.03278 0.67572 -1.0871 -1.2251 -0.9271 0.23901
5.0555 -1.8899 -1.2958 -2.212 -0.20445 0.74476 0.39553 0.17441 0.48398 -0.76012 -1.3853 -0.80243 0.12764
4.9859 -2.0231 -1.2068 -2.1051 -0.48621 0.70646 0.46693 0.2317 0.66459 -1.2201 -1.1071 -1.1054 0.51001
4.9358 -2.6728 -1.4698 -1.4318 -0.38632 0.78372 0.79067 0.29012 0.24993 -1.4455 -1.3412 -1.019 0.7609
4.3239 -2.8266 -0.81881 -1.603 -0.021715 1.0808 0.91435 0.041856 -0.27587 -1.3088 -1.4595 -0.49462 0.22091
3.6263 -2.0706 -0.69329 -1.9035 0.19887 0.62568 0.41013 -0.34968 -0.32209 0.030539 -1.0204 -0.18229 -0.077007
3.5373 -1.324 -0.20309 -2.8626 -0.3131 -0.19895 0.90944 -0.064643 -0.38748 -0.38301 -0.57764 -1.0182 0.47996
0.97681 -2.8868 0.12877 -0.77176 -0.028418 -0.13445 0.31511 0.1227 -0.041716 -0.53124 -0.79194 -0.59709 0.099401
