4.2821 -5.9385 2.883 -0.21546 -2.4991 -2.4251 -1.4406 -2.005 -0.75245 0.84852 -0.13086 0.4992 0.17702
4.7546 -6.9858 2.6405 -0.22972 -2.2768 -2.1512 -0.78392 -1.5609 -0.75005 0.26204 -0.50008 0.13593 0.040431
4.8391 -7.6868 1.2598 -1.3853 -2.768 -2.5266 -1.1418 -2.0482 -1.149 -0.15175 -0.58045 0.35157 0.22021
4.3137 -6.8745 0.88222 -0.96699 -2.3987 -2.3713 -1.3479 -1.8098 -0.6287 -0.059306 0.076716 0.5578 0.57058
3.5842 -5.4348 0.82225 -0.81686 -1.9738 -2.8899 -1.0939 -2.0325 -0.61008 -0.52163 0.86698 0.29995 0.39886
2.4753 -3.9527 0.78833 -0.93962 -1.8366 -3.0184 -1.0884 -1.7738 -0.86392 -0.55788 0.23324 -0.13712 0.79592
0.97179 -3.5924 0.95462 -0.48145 -1.1962 -1.8939 -0.79894 -1.8237 -0.12233 -0.67792 -0.18801 -0.010006 0.261
-0.92126 -4.3797 1.018 -0.40982 -0.26891 -0.83606 -0.74754 -1.6532 -0.26975 -0.13415 0.26794 0.94784 -0.075093
-1.3155 -4.8205 1.098 -0.098061 0.28723 0.0058225 -0.48936 -1.269 -0.68835 -0.23431 0.026222 0.86167 -0.14885
-1.0006 -4.8781 0.43509 -0.69038 -0.45881 -0.74222 -0.41548 -1.2902 -0.79335 -0.090022 0.97724 0.85457 0.76085
-1.1591 -5.2655 1.0249 -0.64278 -0.15771 -0.59181 -0.64322 -0.87018 -0.028826 -0.069948 1.3905 0.92258 0.67867
-0.70821 -6.4677 1.5902 -0.62072 0.27617 -0.23479 0.21317 0.16063 0.42153 0.028189 -0.068034 0.37113 0.061827
-1.331 -6.4892 1.3768 -1.16 0.037578 -0.40783 0.55933 -0.18236 0.16022 0.44545 0.35461 0.75799 -0.079991
-3.4094 -3.8379 0.56948 -0.42112 0.014932 0.019108 0.21627 -0.18176 -0.0040447 0.13386 0.8206 0.58028 0.42328
-2.0818 -5.3879 0.92903 -0.5062 0.051513 -0.49296 -0.51385 -0.6398 -0.078291 0.68879 1.6378 1.0512 0.91925
0.25175 -7.1846 1.6079 -0.30926 0.41816 -0.76668 0.11828 -0.083147 0.4987 0.28838 0.47864 -0.22005 0.11372
0.71789 -7.2709 0.86113 -0.60375 0.48258 -0.39226 0.20714 0.1372 -0.028302 0.62064 0.65453 -0.65216 -0.18627
-0.35683 -2.8168 1.1625 -0.91696 -1.0271 -1.6339 -0.37499 0.015206 -0.044726 -0.22166 0.053953 0.5335 0.57197
3.5271 -2.9371 -0.89946 -2.5466 -1.9633 -2.9504 -0.066493 0.036577 -0.6575 -0.53168 0.10148 0.85768 0.55755
5.144 -4.1203 -2.4324 -2.8159 -1.3688 -2.4892 0.19031 0.56153 -0.81724 -0.89264 -0.089496 0.91112 0.54205
5.8747 -5.3919 -3.495 -2.7442 -1.485 -1.6124 -0.67044 1.0662 -1.6784 -0.93494 -0.35505 0.153 0.56914
6.2543 -7.1526 -4.0657 -3.4768 -1.6125 -0.94579 -0.98856 0.9623 -1.4288 -0.89886 0.20176 0.70389 0.6332
6.814 -6.3154 -2.6918 -2.5329 -0.74963 0.64065 -0.95486 0.67338 -1.4835 -0.81329 0.28736 0.62121 0.085031
7.3264 -5.027 -1.3309 -1.4728 -0.024957 1.3939 -1.0307 0.54929 -1.3219 -0.28467 0.52606 0.74381 0.18596
7.5727 -5.1254 -1.316 -1.1099 0.14111 1.3556 -1.6452 0.24662 -1.2826 -0.35553 0.39422 0.56763 0.57809
7.5307 -4.9093 -1.3142 -0.91008 0.40562 1.4381 -1.5392 0.40131 -0.91327 -0.45523 0.17367 0.12964 0.52202
7.4805 -5.1371 -1.8024 -1.078 0.32555 1.6928 -1.7929 0.26946 -0.75158 -0.96342 -0.10586 -0.2228 0.57344
7.3971 -5.6863 -2.1961 -1.4421 0.86932 1.7496 -1.7672 -0.05022 -0.55642 -0.60236 0.11905 0.15516 1.2657
7.2486 -5.5873 -2.8161 -2.1461 0.66618 1.4647 -2.188 0.0060754 -0.44108 -0.65786 0.041526 -0.1878 0.68531
6.95 -5.3325 -2.9696 -2.3132 0.55359 1.4524 -2.0517 0.045061 -0.34677 -0.68848 0.16318 0.073761 0.78373
6.6566 -6.4678 -4.0464 -3.4127 -0.083841 0.95576 -2.5057 -0.31671 -0.87879 -0.75398 0.12673 0.07863 1.1777
6.2888 -6.2461 -4.0008 -3.1581 -0.45805 1.1772 -1.7368 -0.27175 -0.92698 -0.7004 0.098026 0.37212 1.7827
5.6656 -5.4451 -3.7216 -2.7167 -0.73745 0.72604 -1.4456 -0.1198 -1.0659 -0.62992 -0.0084344 0.3922 1.6891
5.1577 -4.8004 -3.7402 -3.5473 -0.82933 0.44553 -1.129 -0.69049 -0.67391 -0.61368 -0.13217 0.24953 1.8375
4.9205 -5.3352 -4.0386 -4.0603 -1.4015 -0.046677 -1.8228 -0.99794 -1.0245 -0.58058 -0.2442 0.43364 1.4677
4.4582 -4.4072 -3.4177 -3.1837 -0.64209 0.21305 -1.8467 -0.66029 -0.4387 -0.11496 -0.063037 0.25804 1.2469
4.0833 -4.3842 -3.817 -3.9327 -0.78525 -0.29615 -1.8847 -0.96831 -0.88194 -0.38969 -0.012501 0.46966 1.5604
3.7743 -3.7431 -3.3633 -3.8316 -0.32323 -0.43306 -1.6288 -0.80758 -0.50493 0.013995 -0.02332 0.41834 1.9881
3.472 -4.0826 -3.5519 -4.2285 -0.96269 -0.72504 -1.8072 -1.0753 -0.71735 -0.48867 0.03643 0.50669 1.8257
3.0048 -3.7652 -2.8793 -4.0079 -1.4717 -0.4809 -1.5188 -1.0243 -0.25642 -0.72698 0.55554 1.0276 2.4899
2.7596 -3.7717 -2.2043 -3.7855 -1.3993 -0.63021 -1.4808 -0.89762 -0.62005 -0.98124 0.54884 1.3297 2.1899
2.4208 -3.9912 -1.5064 -2.9851 -1.0378 -0.92507 -1.1276 -0.59886 -1.1595 -0.68402 0.63918 1.1813 2.2728
2.108 -4.1956 -1.7327 -3.4652 -1.3818 -0.90323 -1.1059 -1.4503 0.1696 0.36198 0.3365 1.5532 2.6506
1.928 -3.3401 -1.8046 -3.2418 -1.0841 -1.0385 -0.92373 -1.4576 -0.2434 -0.19577 0.57113 0.83373 2.4284
1.6191 -3.9256 -1.2704 -1.7406 -1.2423 -1.7404 -1.3287 -1.5008 0.36492 -0.23512 0.71043 1.3089 2.3593
1.1058 -4.2618 -1.4938 -2.2322 -0.58359 -1.2833 -1.4986 -1.4643 -0.28059 0.11269 1.0646 1.7754 1.9126
0.58229 -4.2299 -1.414 -2.389 -0.94104 -1.233 -0.83736 -0.99276 -0.30268 0.0082413 0.60573 1.0632 2.1209
-0.40276 -4.1714 -1.4013 -2.0497 -0.14152 -0.89858 -0.90983 -0.38462 -0.10489 0.63142 0.50563 0.8517 1.5936
