-0.2477 -7.7941 1.5322 -0.68614 1.2282 -0.019037 0.85031 0.78626 1.0836 0.55766 0.68964 0.75726 0.46291
0.61368 -7.9929 1.5278 -1.6314 0.97084 -0.24327 1.0652 0.22713 0.67676 -0.20015 0.52603 0.33355 0.074104
-2.2201 -5.7694 1.7313 -1.0773 -0.067869 -0.43227 0.86714 0.041446 -0.058862 0.29562 1.006 0.62652 0.36624
-0.030236 -3.6761 1.3583 -0.25206 -1.7555 -2.0291 -1.1389 -2.3631 -1.171 -0.32108 0.14053 0.38037 0.093499
1.8752 -5.5561 1.3282 0.42565 -2.1294 -1.436 -0.9395 -1.3373 -1.1073 -0.41478 -0.79847 0.05539 0.34248
2.7734 -5.9112 1.921 1.3535 -2.2854 -1.6402 -0.78496 -1.1732 -0.97378 0.01196 -1.1534 -0.22748 0.2932
3.3657 -6.2718 0.95004 0.84313 -2.591 -1.5522 -1.0889 -2.0835 -1.3776 0.40051 -0.87977 -0.21641 0.19222
2.7495 -5.1058 0.85945 1.176 -2.1145 -1.3533 -0.78075 -1.8606 -1.2797 -0.26288 -0.65065 -0.0622 0.19403
1.8143 -3.6783 1.0452 0.86757 -2.164 -2.1548 -0.75535 -1.9659 -1.0433 -0.74655 -0.20336 0.15274 0.37197
0.81671 -3.3531 0.62958 -0.20172 -1.1008 -1.8978 -1.0555 -1.861 -0.66084 -0.94676 -0.54659 -0.65543 -0.39789
-0.14977 -4.1532 1.6653 -0.25268 0.0011526 -0.98231 -0.96073 -1.5476 -0.59795 -0.52406 -0.41564 0.019382 -0.1146
0.43331 -6.3638 2.747 -0.058474 0.99181 -1.0399 -0.18246 -0.27804 -0.23012 -0.27562 0.35135 0.45914 0.0853
0.002148 -7.9116 1.4258 -0.89117 0.97452 -0.39147 0.10942 0.48833 -0.043443 0.37805 0.4033 0.80178 0.54458
0.52637 -7.0128 2.1997 -0.21662 0.34037 -0.73631 -0.1285 -0.16375 0.19415 -0.040019 0.10869 -0.2607 -0.18489
1.0161 -6.1861 2.145 -1.1386 0.90385 -0.90833 -0.044301 -0.61661 -0.39604 -0.29918 -0.14691 0.28857 0.14088
0.24837 -6.3753 1.8952 -1.2643 0.84651 -0.01254 0.025264 -0.89285 -0.64078 -0.1839 -0.42457 0.095904 0.34424
0.11807 -6.7635 1.3812 -0.81535 0.65407 -0.55632 0.14377 -0.57213 -0.28318 0.088346 0.65439 0.61244 0.32452
0.45699 -6.6591 1.9008 -0.61302 0.77496 -0.51934 -0.24923 -0.97067 0.1336 0.25009 0.61688 0.41823 0.466
-0.57413 -6.3971 2.3107 -0.82903 0.3743 -0.45513 0.63159 -0.091422 0.13849 0.33282 0.90207 0.8234 0.55477
-3.5155 -3.4762 0.7649 -0.27521 0.45549 0.0024462 0.1902 0.23309 0.13745 0.49484 0.52861 0.67078 0.51047
-4.4057 -3.4371 0.98709 -0.13943 0.70001 0.10073 -0.1013 -0.36044 -0.063664 0.013802 1.1318 0.78802 0.011926
-0.29634 -1.1666 -0.49183 -1.6321 -1.3242 -1.6369 -0.36366 -1.1394 0.46051 -1.0608 -0.20759 0.082131 0.20944
2.6868 -1.9284 -2.4674 -2.9575 -1.4618 -1.8891 -0.24968 -0.37081 0.20017 -1.2089 -0.22373 0.026466 -0.32276
2.7496 -3.0556 -3.7136 -2.5906 -1.2796 -1.137 0.00090182 -0.73667 -0.30998 -1.7494 -0.57878 -0.017152 -0.53224
1.6977 -3.2172 -2.9868 -2.3452 -0.64633 -0.40604 0.3607 -0.75715 -0.38902 -1.0942 -0.6681 -0.28879 -0.78127
1.0057 -3.5293 -2.2942 -1.7181 0.022281 0.12969 0.53976 -0.5034 -1.2361 -0.97369 -0.52309 0.039556 -0.65686
0.71083 -3.7882 -2.2467 -1.3654 0.11383 0.31367 0.57645 -0.31558 -0.585 -0.79733 -0.5295 0.1502 -0.41859
0.85615 -3.5218 -2.6212 -1.9336 0.31384 0.046627 0.32974 -0.15394 -0.43995 -0.55256 -0.36364 0.11731 -0.4896
1.9557 -3.5206 -3.3109 -1.6513 0.08907 0.11634 0.014423 -0.61444 -0.65193 -0.97695 -0.59463 0.22634 -0.75294
2.9736 -4.0732 -4.0781 -1.7647 -0.57865 0.59629 -0.21395 -0.77488 -0.60527 -1.5356 -0.74259 -0.10687 -0.94444
3.5871 -4.2187 -4.2729 -1.7858 -1.0111 0.70899 -0.35839 -0.77951 -0.39903 -1.2 -0.37661 -0.27586 -0.50897
3.9821 -3.7927 -4.2854 -1.6085 -0.77368 0.82815 -0.89293 -0.93196 -0.064267 -1.147 -0.17882 0.027308 -0.5783
4.1038 -4.1402 -4.6847 -2.1846 -0.78066 0.79267 -1.2498 -1.0237 -0.33008 -1.4162 -0.24661 0.089051 -0.42387
4.3548 -4.4683 -4.8391 -2.458 -0.97385 0.70348 -1.5069 -1.0046 -0.64567 -1.4438 -0.36268 -0.029331 -0.23185
4.5089 -4.3755 -4.7253 -2.1924 -0.98729 1.0256 -1.2935 -0.75557 -0.42077 -1.3444 -0.47396 -0.1193 -0.064529
4.4966 -4.3861 -4.4364 -2.3405 -0.79181 1.0082 -1.2306 -0.51719 -0.17286 -1.3396 -0.18731 -0.01822 0.10054
4.3834 -3.7758 -4.0581 -2.25 -0.52546 1.093 -1.0961 -0.53995 -0.17293 -1.3114 -0.42806 -0.13692 0.11968
4.183 -3.7637 -4.2336 -2.9328 -0.7676 0.49444 -1.3509 -0.77703 -0.38373 -1.6456 -0.40312 -0.27112 -0.018976
3.7255 -2.823 -3.5938 -3.2962 -0.24639 0.46652 -1.1084 -0.6645 -0.32462 -1.4091 -0.26285 -0.26009 -0.012067
3.3221 -3.0723 -3.4247 -3.1516 -0.25157 0.52656 -0.89361 -0.85083 -0.33081 -1.5157 -0.57198 -0.31299 0.53298
2.5927 -3.2547 -2.6579 -2.8427 -0.91996 0.49039 -1.0576 -1.3176 -0.61243 -1.2734 -0.40227 -0.11583 0.38664
1.912 -3.3128 -1.9039 -2.4671 -0.51335 0.14949 -0.95476 -1.2346 -1.2017 -1.121 -0.23888 -0.55974 0.2256
0.93681 -3.075 -1.3873 -2.0261 -0.020631 -0.23873 -0.79953 -1.9729 -1.1729 -0.94602 -0.38704 0.1676 0.036001
