-0.40617 -5.7815 2.1338 -0.40614 0.57747 0.57851 0.0758 0.60587 0.62565 0.53563 0.33266 0.42045 0.43234
-0.48272 -2.2004 0.83696 -0.61499 -0.96313 -0.83768 -0.56164 -0.80515 0.035303 -0.33488 0.21292 -0.23006 -0.0012729
2.341 -2.7144 0.6503 -0.68604 -2.5806 -1.4044 -0.79265 -1.3848 0.75415 -0.62256 0.11287 -0.48472 0.035113
3.0817 -4.1312 0.41495 -0.65748 -2.9043 -1.3881 -0.41736 -1.2899 0.74321 -0.5554 -0.42986 -0.68315 -0.028948
3.6771 -4.6575 0.48025 -0.51722 -3.6431 -1.9501 -0.38693 -1.2721 0.86563 -0.28906 -0.27547 -1.3868 -0.16372
3.7528 -4.6139 -0.25299 -0.70282 -3.5334 -1.9439 -0.11585 -1.3706 0.86824 -0.42939 -0.63412 -1.2722 0.015901
3.1542 -4.3417 -0.4517 -1.176 -3.4945 -1.7962 -0.72136 -1.1072 0.29379 -1.0359 -0.673 -0.98568 -0.4542
2.4813 -4.4462 -0.34782 -1.3391 -2.6154 -2.2782 -0.603 -1.21 -0.226 -0.63607 -0.38174 -1.1985 0.20111
1.4967 -3.3761 0.17719 -1.011 -2.0295 -1.8624 -0.45473 -1.0358 -0.44512 -0.39814 -0.1488 -1.2828 0.49227
0.33006 -3.6344 0.049158 -0.69443 -0.7725 -0.92803 -0.61263 -0.95751 -0.50956 -0.6142 0.097561 -0.50258 -0.14351
-1.2841 -3.9622 0.93641 -0.40314 -0.12434 -0.24499 -0.42191 -0.69751 -0.65203 -0.26801 0.14402 0.11534 -0.3022
-4.215 -3.6176 1.2446 -0.15974 0.89565 0.29808 0.49243 0.4112 0.5824 0.36027 0.070358 0.25721 0.15418
-3.2933 -2.9847 0.54471 -0.32206 0.040187 0.058523 0.96948 0.77727 0.01585 -0.22123 0.21061 -0.49776 0.6649
-3.5747 -3.2712 0.70848 -0.31571 0.31507 0.09303 0.3944 0.31415 0.27718 -0.083288 0.33659 0.020374 0.34016
-4.6521 -3.2054 0.40137 -0.84413 -0.39436 -0.8198 1.877 0.92578 -0.17678 0.50507 0.877 0.13455 0.52938
-5.0087 -2.8991 0.44217 -0.58717 -0.50647 -0.37722 0.69289 0.35273 -0.45208 0.36951 1.4948 0.36456 0.68783
-4.9908 -3.7203 1.5365 0.06055 0.67095 0.36394 0.33984 0.14904 0.22153 0.4774 0.887 0.71397 0.37251
-4.7987 -4.2712 1.3031 0.14409 0.39888 0.91303 0.43005 0.69213 0.55479 0.3957 0.44436 0.4031 0.42177
-1.7973 -3.304 0.80261 0.39991 0.97478 0.91396 0.25397 0.58681 0.97488 -0.10217 -0.72558 -0.13925 0.10607
-1.8243 -2.8 1.0044 -0.052402 -0.055502 -0.38851 -0.14523 -0.18285 0.54151 -0.18859 -0.18352 0.04448 0.7327
2.0847 -2.7296 -0.36833 -1.9281 -1.535 -1.1734 -0.052382 -1.3435 -0.2021 -1.0569 -0.0047098 0.23507 0.4655
2.7505 -3.7001 -0.80295 -2.5082 -1.314 -0.56204 0.2466 -1.158 -0.77026 -1.3044 0.55149 0.18681 -0.041097
2.3698 -4.2957 -1.551 -2.3954 -1.0058 -0.46923 0.33579 -1.4898 -1.007 -1.1278 0.025258 -0.10968 0.21925
1.5514 -4.7891 -2.2313 -1.7567 -0.21869 -0.91695 0.17429 -0.98326 -0.98644 -0.19864 0.27073 -0.12693 -0.28214
0.68558 -4.6303 -2.0441 -1.8856 -0.37405 -0.21683 -0.072016 -0.34762 0.038227 0.35336 -0.068386 0.20283 -0.074177
1.3224 -4.6141 -1.6576 -1.6488 0.58067 -0.66655 -0.92053 -1.1925 -0.70985 0.94737 0.38697 -0.3394 -0.44674
0.62197 -4.7348 -1.493 -0.9899 0.15827 -0.38583 0.25342 -0.99191 -0.42565 -0.1292 0.048213 -0.33817 -0.44349
2.1769 -3.9629 -2.2666 -1.7239 0.37116 -0.93895 0.017703 -1.1186 -0.77028 -0.21869 -0.20848 -0.064947 -0.41513
4.927 -4.6435 -4.4514 -2.2142 0.1526 -1.0449 0.13642 -1.2443 -0.86387 -0.67457 -0.40873 0.27648 -0.79427
5.7283 -4.8052 -4.5701 -2.2615 0.42218 -1.0683 -0.14341 -1.2859 -0.68704 -1.0665 -0.32058 -0.012867 -0.65851
5.8558 -5.1775 -5.3754 -2.7493 0.097897 -0.91792 -0.95909 -1.3344 -0.65786 -1.3259 -0.0068809 0.28777 -0.30634
5.7291 -3.9401 -4.5851 -2.218 0.17559 -0.21304 -0.83949 -0.96452 -0.17463 -1.2035 0.39627 0.57626 -0.24101
5.4328 -4.2038 -4.6262 -3.0888 -0.052127 -0.50041 -0.97794 -1.2402 -0.26209 -1.5489 0.15363 0.56817 -0.20011
5.0891 -4.003 -4.2152 -3.2717 0.079883 -0.633 -1.2586 -1.0679 -0.51822 -1.3465 0.17389 0.79838 -0.10462
4.7999 -3.8477 -3.6954 -3.2456 0.14338 -0.40927 -1.324 -0.68715 -0.56979 -1.3128 0.14488 0.92107 0.28531
4.4092 -3.5042 -3.4118 -3.4701 0.37504 -0.59146 -1.3528 -0.56968 -0.72839 -0.98453 0.26648 0.83893 0.57826
4.2694 -3.8808 -3.5829 -3.3556 0.47978 -1.005 -1.2796 -0.53277 -0.89287 -0.81199 0.25349 0.77861 0.63027
3.796 -3.6005 -3.5362 -3.069 0.32683 -1.1029 -1.2002 -0.49383 -1.1041 -0.80324 0.051816 0.81291 0.90384
3.3417 -3.2742 -3.0375 -2.9523 0.42349 -1.2021 -1.1316 -0.61105 -0.61599 -0.61725 0.15737 0.99668 0.5436
2.6258 -3.4759 -2.3827 -2.6731 -0.18515 -0.9951 -1.4203 -0.7999 -0.62147 -0.73493 -0.14038 0.66101 0.79408
2.0687 -3.8173 -1.5663 -1.9238 0.37515 -1.1088 -1.4426 -0.93444 -0.44297 -0.47653 -0.27045 0.5835 0.90128
1.6822 -3.7934 -1.0179 -1.7923 0.29055 -1.1867 -1.5444 -0.97998 -0.02638 0.0744 -0.0077734 0.89705 0.6716
1.0505 -4.3895 -0.94312 -1.2031 -0.39974 -1.2064 -1.5112 -1.361 -0.54046 -0.39927 0.13871 0.9428 1.0858
