-0.25634 -3.6652 0.63926 -0.28772 -0.061745 0.44594 0.57495 0.72037 -0.30904 -0.16118 -0.24167 0.41588 0.31572
1.9509 -2.3796 1.1417 -0.81475 -1.8348 -1.5729 -0.7374 -1.4163 0.38624 -0.37304 -0.065495 -0.67989 0.056067
2.8072 -3.6932 1.1178 -0.88192 -2.9312 -1.6816 -0.21469 -1.4625 0.598 -0.34894 -0.10353 -0.53852 0.20163
3.1634 -4.1244 1.0781 -0.61888 -2.7632 -0.94903 -0.51357 -1.1209 0.74648 -0.75287 -0.96517 -0.65807 0.21311
3.3784 -4.4262 0.51823 -0.84785 -2.5022 -1.3935 -0.43391 -1.0525 0.72588 -0.72949 -0.55509 -0.81761 -0.080242
3.5571 -5.1976 -0.6016 -1.7034 -3.2986 -1.9402 -0.74058 -1.5876 0.2472 -0.98706 -0.71717 -0.90439 -0.17047
3.1132 -4.1841 -0.15209 -1.7467 -2.5923 -1.2719 -0.6066 -1.0789 0.15205 -1.003 -0.55729 -1.3169 0.24138
2.5485 -3.7849 -0.14714 -1.4599 -1.9452 -1.5998 -0.4048 -1.4713 -0.26493 -0.50453 -0.39087 -1.5467 0.24591
1.9554 -3.6672 -0.44782 -1.2381 -1.4129 -1.712 -1.0598 -1.488 -0.33523 -0.32727 -0.38828 -0.93072 -0.22384
1.3016 -4.0978 1.0561 -0.75751 -1.2713 -1.1246 -0.70942 -1.3892 -0.41058 -0.091429 -0.13524 -0.91696 -0.57576
0.55521 -4.8308 0.55223 -0.44646 -0.65213 -0.46982 -0.01294 -0.3645 -0.038893 -0.84182 -0.48095 -0.28879 -0.4055
0.89224 -7.5303 0.91146 -0.2196 -0.06087 -0.50084 0.14975 0.75258 0.75142 0.18047 -0.12476 0.059385 -0.40098
0.031339 -6.5582 0.80354 -0.80166 -0.65773 -0.5493 0.78251 0.50027 0.40001 0.16834 -0.28325 -0.03117 -0.015873
-2.9688 -4.6776 0.64221 -1.2927 -1.0499 -0.41329 1.3401 0.94688 -0.10373 0.43669 1.0978 0.24476 0.48809
-3.2431 -3.1766 -0.029909 -0.70155 0.19179 0.03002 0.89631 1.1538 0.1978 0.015399 -0.23867 -1.1749 0.22932
-5.5082 -2.6338 0.63653 0.24297 0.48555 0.1605 0.076316 -0.21414 -0.091774 0.20157 0.61093 0.36062 -0.12172
-5.8309 -2.6039 0.49299 -0.54578 -0.41497 -0.1794 1.298 0.9557 -0.23634 0.13984 1.0953 -0.35533 0.8524
-5.8953 -2.5929 0.54986 0.13272 0.48103 0.45022 0.80258 0.67705 0.45314 0.34912 0.38646 0.14039 0.49714
-4.9742 -2.4666 0.72208 0.12125 0.29253 0.22102 0.53495 0.24502 -0.041224 0.094989 0.42508 -0.019582 0.060472
-2.8342 -3.5335 0.39525 -0.10715 0.62107 -0.078689 1.3229 0.35423 0.42247 -0.085076 0.13129 0.0029803 -0.051711
0.8954 -2.3124 -0.056348 -2.0609 -1.5117 -1.9169 -0.071551 -0.96566 -0.033892 -0.65303 -0.058329 -0.3448 0.70767
3.3598 -3.1255 -1.4322 -2.9827 -1.3522 -1.023 0.30695 -1.003 0.21537 -0.97363 0.32246 0.57212 0.45051
4.5025 -3.9041 -3.8782 -2.6404 -0.36208 -0.86246 0.37944 -1.1354 -0.59353 -0.88975 0.67525 0.086066 0.10237
4.8569 -4.802 -4.7398 -3.1204 0.14419 -0.95687 -0.2048 -1.1985 -1.0801 -0.52686 -0.043577 -0.20154 -0.44314
4.1996 -4.7442 -4.0791 -2.815 0.56605 -0.74479 -0.11713 -1.0163 -0.98621 -0.067671 -0.23263 -0.56297 -0.81175
3.5307 -4.5305 -3.3601 -2.5608 0.55981 -0.28403 -0.15828 -1.1611 -0.43392 0.25449 -0.37779 -0.27032 -1.0902
3.4639 -4.724 -3.1618 -1.8092 0.19922 -0.95726 -0.28858 -0.96671 -0.62742 0.10438 -0.25588 -0.44225 -0.54094
3.92 -4.6207 -3.844 -2.4283 0.43147 -0.90618 -0.30355 -0.76984 -0.87486 0.09725 -0.37753 -0.31014 -0.49747
4.8348 -4.7231 -4.5661 -1.8325 0.35958 -0.55632 -0.021655 -1.055 -0.33668 -0.97472 -0.19998 -0.38041 -0.66386
5.3588 -4.8117 -4.4763 -1.7625 0.67711 -0.24953 -0.10922 -0.69381 -0.39812 -0.9638 -0.078473 -0.33698 -0.35722
5.5227 -4.6764 -4.9682 -2.2269 0.4324 -0.49825 -0.52314 -0.59677 -0.24029 -1.2605 0.0065732 -0.080059 -0.50041
5.527 -4.4572 -5.0649 -2.568 0.61891 -0.47869 -0.74041 -0.63432 -0.39586 -1.9966 -0.15001 -0.44989 -0.70832
5.3877 -4.491 -4.803 -2.9011 0.16822 -0.39405 -1.2873 -0.55056 -0.094086 -1.8902 0.068743 -0.045278 -0.64606
5.2324 -4.5884 -4.6396 -3.2772 0.28595 -0.46341 -1.0842 -0.67663 -0.15832 -1.4178 0.059938 0.16058 -0.21535
5.1015 -4.1498 -4.0766 -3.0741 0.31041 -0.29701 -1.0697 -0.63488 -0.29527 -1.212 -0.27089 0.20365 -0.13478
4.8503 -4.293 -4.2623 -3.5752 0.6054 -0.41243 -1.4164 -0.82909 -0.61764 -1.0218 -0.245 0.35074 -0.10688
4.6017 -3.1228 -3.805 -2.9387 0.98057 -0.33566 -1.169 -0.3012 -0.49751 -0.74069 -0.053313 0.69726 0.060511
4.2886 -4.4919 -4.3181 -3.536 0.53968 -0.72846 -1.6378 -0.2247 -0.61264 -0.3341 0.2638 1.1849 0.84121
4.0377 -4.3487 -3.9766 -3.4204 0.51298 -0.78199 -1.6738 -0.84254 -0.69709 -0.59972 -0.11653 0.92402 0.61218
3.622 -3.6402 -3.832 -3.6701 0.80642 -1.2383 -1.4114 -0.94052 -0.97281 -0.62318 -0.24032 0.74836 0.3795
3.1861 -4.1367 -2.9956 -2.6633 0.42154 -1.3004 -1.688 -0.91086 -0.86 -0.51173 -0.078778 0.55088 0.38459
2.4765 -3.9766 -1.834 -2.7283 0.0026592 -0.68554 -1.7659 -1.1398 -0.58534 -0.48732 -0.31641 0.79375 0.52737
1.7574 -4.0703 -1.254 -2.3624 -0.095414 -0.55416 -1.3426 -1.6831 -0.75063 -0.39626 0.13174 1.0456 0.97542
1.11 -4.1576 -0.88302 -1.5777 -0.21109 -1.0408 -1.5024 -1.6322 -0.61894 -0.2252 0.27847 1.0751 0.74854
1.1551 -4.6038 -1.0252 -1.3103 -0.52345 -1.3467 -1.9739 -1.3849 0.34331 0.5203 0.24546 1.2306 1.1928
