2.1131 -4.3221 0.73944 0.87503 -1.5394 -1.2457 -0.83357 -1.4811 -0.67251 -0.18924 0.047844 0.15957 -0.12104
2.2319 -4.3427 0.35317 0.41962 -1.1865 -1.3062 -0.85349 -1.0083 -0.39103 -0.17624 -0.46334 -0.29555 -0.33128
1.7118 -3.3794 0.67468 -0.17011 -0.781 -1.0491 -0.81855 -1.6105 -0.13474 -0.25722 -0.35068 -0.45656 -0.47457
0.54351 -2.4718 0.89606 -0.41216 -0.26756 -0.90297 -0.73845 -1.488 -0.67347 -0.47435 0.70435 0.045421 -0.75955
-1.0903 -2.8366 0.51944 0.11009 0.1489 -0.018414 -0.068799 -0.43804 -0.026124 -0.033509 0.15793 -0.016112 -0.53445
-0.72687 -4.7656 0.79029 0.091856 0.11911 -0.52683 0.36648 0.19276 1.0958 0.56691 0.76986 0.051677 0.10245
-0.60428 -4.858 -0.89326 -0.32869 -0.33943 0.18081 0.29653 0.13587 0.059174 0.45022 0.48884 0.2192 0.71558
0.25497 -6.3024 -0.34238 -0.92977 -0.27457 0.42484 0.42904 -0.050936 0.75299 0.77221 0.14033 0.13999 0.27793
0.37016 -7.62 -0.31058 -0.075637 0.57721 0.13664 0.18609 0.21108 0.79152 0.66859 0.070272 -0.13687 -0.26896
-0.78424 -6.7208 -0.39406 -0.89268 -0.30238 -0.34455 0.4864 0.77672 0.64856 0.33651 0.82362 0.19364 0.17929
-1.7297 -6.4766 -0.029337 0.23938 0.57923 0.14283 -0.065723 -0.11008 0.15807 0.47327 0.44618 0.40769 0.37922
-0.58897 -7.4422 0.43082 -0.57131 1.1643 1.1013 0.16142 -0.072215 0.33154 0.30363 -0.027028 -0.014554 0.4179
-2.1024 -4.9886 1.827 -0.24567 -0.086843 -0.070746 0.31168 0.25562 -0.039175 0.14878 0.16362 0.27505 0.16025
-3.7612 -4.5095 1.465 -0.5073 0.84468 0.18972 0.18339 0.62161 -0.038116 0.39574 0.11119 0.19511 0.062551
-2.208 -3.1715 0.20607 -0.046544 0.25194 0.1392 0.20672 0.11424 0.213 0.37102 0.55156 0.76872 0.96879
0.15768 -2.392 0.04008 -1.4344 -0.31367 -0.25799 -0.0057874 -0.93701 -0.11533 -0.084044 -0.20787 -0.34531 0.11633
3.0785 -2.6565 -1.6969 -3.0191 -0.095362 -0.35221 0.16158 -1.0543 -0.22562 -0.55853 -0.47345 0.12031 -0.51719
2.8327 -2.7915 -2.3898 -2.6849 -0.30169 0.29364 0.20676 -1.1777 0.064413 -0.53543 -0.16725 0.14874 -0.64619
2.7338 -4.2862 -2.5649 -3.0552 -0.46848 0.10718 -0.69434 -1.5798 -0.30666 -0.96842 -1.1082 0.21249 -1.5827
2.2503 -3.7074 -1.9102 -2.5989 0.23946 0.36731 -0.54365 -0.67482 0.021432 -0.6702 -0.26127 0.2582 -0.83732
1.6625 -3.1859 -1.2598 -2.0941 0.23315 0.08682 -0.38886 -0.70769 -0.10903 -0.35205 -0.10416 0.051795 -0.94066
1.3439 -3.2109 -1.7417 -1.6513 0.10271 -0.095916 -0.55198 -0.49666 -0.59613 -0.40889 -0.36225 -0.30175 -0.55799
1.3731 -3.0807 -1.3886 -1.5438 0.51705 0.26365 -0.51638 -0.073712 -0.28234 -0.44084 -0.11445 -0.25001 -0.75551
1.5168 -3.0313 -1.608 -1.0961 -0.15241 0.4705 -0.34377 -0.71142 -0.1789 -0.60263 -0.13115 -0.36345 -0.42468
2.1074 -3.292 -1.8729 -1.8322 -0.045429 0.21371 -0.12296 -0.74082 -0.047413 -0.67259 -0.43689 -0.0039697 -0.99297
2.457 -3.689 -2.3524 -2.0013 -0.5582 -0.060904 -0.03654 -0.66387 -0.56917 -0.89413 0.01637 -0.34126 -0.64926
2.6917 -3.7063 -2.5109 -2.0775 -0.40359 0.22161 -0.23655 -0.36043 -0.27447 -1.0739 -0.10112 0.11646 -0.64075
2.83 -3.591 -2.0617 -1.9219 -0.39667 0.35077 0.32372 -0.55373 -0.15316 -1.1892 0.10273 0.24473 -0.6007
2.726 -4.0395 -2.4321 -2.0084 -0.98243 -0.022189 -0.050281 -0.30977 -0.63156 -1.4288 -0.014757 -0.42111 -0.5203
2.6577 -3.7546 -1.9104 -2.0602 -1.3264 -0.18379 0.5113 -0.0043244 -0.27465 -1.4208 0.078745 0.14215 -0.6959
2.6197 -3.7284 -1.6988 -1.8228 -1.1419 -0.35332 0.62271 0.42556 -0.50578 -1.2525 0.32648 -0.44937 -0.22351
2.4907 -3.7532 -1.531 -1.6594 -1.802 -0.76042 0.60203 0.32941 -0.19613 -1.3626 0.24117 -0.38262 -0.37498
2.1606 -3.3671 -1.3349 -1.4569 -2.1234 -0.98307 0.20572 0.52154 -0.24494 -1.2996 0.46411 -0.51216 -0.4296
1.1836 -2.8192 -0.50825 -0.95889 -1.5019 -1.0968 0.070895 -0.64516 -0.12926 -0.73055 0.19372 -0.4327 -0.33658
