1.5499 -2.24 1.7161 0.53439 -1.724 -1.6085 -1.0601 -2.5912 -0.18616 -1.2253 0.31128 0.038468 0.1202
1.5229 -2.1864 1.3924 0.23203 -1.2443 -1.4915 -0.93391 -2.1567 -0.19988 -0.82134 0.39231 -0.099588 -0.21859
1.791 -2.277 1.3938 0.037587 -1.3795 -1.7381 -1.174 -2.07 0.1725 -0.73673 -0.072439 -0.40215 -0.32796
1.7101 -2.8564 0.83245 -0.2762 -1.3269 -1.8053 -1.4369 -2.2353 0.21154 -0.57257 -0.25882 -0.66571 -0.30113
1.4077 -2.9337 0.68102 -0.38114 -1.4437 -1.3395 -0.69319 -1.9682 -0.21154 -0.76143 0.021346 -0.69982 -0.32066
-0.39474 -3.1347 0.64255 -0.13953 -0.4797 -0.77467 -1.0441 -1.5996 -0.037658 -0.43712 -0.56505 -0.47724 -0.6306
-1.4817 -6.0891 1.3945 -0.23548 -0.069363 -0.21949 0.014324 -0.41241 -0.60927 0.47441 0.77632 -0.12859 -0.17034
-2.6741 -4.803 1.3743 -0.51096 0.35972 -0.30017 0.63852 0.91686 0.45906 0.58986 0.92335 0.69796 0.22795
-2.9007 -5.3843 1.7808 -0.19528 0.062698 -0.22491 0.45134 0.55486 -0.035497 0.41472 1.4031 0.68433 0.15398
-2.9915 -5.0348 1.6195 -0.49411 0.20499 0.0095827 0.28055 0.50067 -0.26107 0.27536 0.85184 0.52767 0.071929
-3.9805 -3.9109 1.0754 -0.31439 0.36393 0.098629 0.46649 0.30399 0.25767 0.34524 0.47219 0.29196 0.39996
-6.7784 -2.329 0.85999 0.5047 0.8469 0.68727 0.7538 0.60404 0.63139 0.60681 0.64135 0.4673 0.32097
-5.6506 -2.6271 0.48092 0.095234 0.40969 0.24757 0.33472 0.22253 0.25942 0.22122 0.25797 0.16165 0.11911
-5.3107 -2.6176 0.50424 0.15026 0.48565 0.35133 0.46337 0.39251 0.44244 0.39155 0.41463 0.38173 0.39022
-5.6321 -2.5864 0.9692 0.63615 1.0538 0.41639 0.34837 0.039265 0.48941 0.60592 0.38839 0.53266 -0.17562
-4.7468 -2.9128 0.45278 -0.21425 0.1173 0.018182 0.68948 0.46328 0.15417 0.17187 0.21133 -0.069216 0.31423
0.45326 -1.9781 0.088251 -1.4512 -1.5287 -1.5691 -0.086053 -1.0996 -0.091175 -0.33858 0.42565 -0.74562 0.39454
2.6123 -1.5768 -0.88327 -2.4479 -1.2273 -1.5798 0.28024 -0.5469 -0.2945 -1.0266 0.26597 -0.54338 0.011371
2.8482 -2.1694 -2.0711 -2.5069 -0.42318 -0.68988 -0.31994 -1.2402 -0.42317 -0.80848 -0.66177 0.52494 -0.39071
2.9625 -2.5545 -2.3569 -2.5567 -0.73665 -0.24213 -0.66929 -1.4217 -0.5807 -0.67224 -0.26051 0.10595 -0.65573
2.7174 -2.6377 -2.1092 -2.7435 -0.18259 -0.054789 -0.89365 -1.4532 -0.49353 -0.27125 -0.74177 0.12233 -0.33943
2.5768 -3.1643 -2.4986 -2.799 -0.34511 -0.23699 -0.94566 -1.6784 -0.65067 -0.35962 -0.90264 -0.30688 -0.67938
2.689 -3.0046 -2.6835 -2.9876 -0.18199 -0.24647 -0.98326 -1.6121 -0.41187 -0.24481 -1.1475 -0.5228 -0.72044
3.1346 -2.9894 -3.0247 -2.5455 0.3731 -0.20885 -0.7724 -0.93467 -0.34495 -0.080786 -0.91174 -0.2026 -0.66761
3.5321 -3.2124 -3.4476 -2.4597 0.25994 -0.16227 -0.88845 -1.0129 -0.26304 -0.29958 -0.85772 -0.18611 -0.62649
3.6109 -3.274 -3.5103 -2.4746 0.36488 -0.20431 -0.72168 -0.91266 -0.32592 -0.3843 -1.018 -0.10789 -0.72724
3.4498 -3.2129 -3.4917 -2.4732 0.13953 -0.43433 -0.45204 -1.0495 -0.063671 -0.69412 -0.88041 -0.17246 -0.85056
3.1749 -3.0201 -3.3203 -2.8093 0.20351 -0.57678 -0.72865 -0.9639 -0.27093 -0.36167 -1.0454 -0.33257 -0.86783
2.8444 -2.7761 -2.7385 -2.9717 0.44051 -0.66838 -0.80953 -0.6906 -0.1715 -0.095974 -1.0075 -0.35713 -0.40685
2.4228 -3.4791 -2.4136 -2.8153 -0.074074 -0.71765 -0.71838 -0.52504 -0.48907 -0.20868 -0.75832 -0.46179 -0.21234
1.8019 -3.3398 -1.9042 -2.8188 -0.47065 -0.92812 -0.79987 -1.1529 -0.47789 -0.62352 -0.9716 -0.30204 -0.48947
1.8415 -3.4579 -1.6356 -1.9425 -0.72853 -0.92098 -0.52773 -0.54512 -0.23851 -0.82559 -0.14173 0.23712 -0.6169
2.0785 -3.5458 -2.6339 -3.3686 -0.32579 -0.99793 -0.69804 -0.25221 -0.3193 -0.52007 0.12938 0.40784 0.060209
2.7769 -3.9619 -3.6123 -4.0115 -0.086443 -1.1005 -1.3808 -0.044087 -0.58103 -0.69715 0.059949 0.49472 0.088231
2.296 -4.3234 -2.6447 -3.5367 -0.20019 -0.68595 -0.26384 -0.30647 -0.22192 -0.24073 -0.16883 0.41349 0.41671
1.7584 -3.9667 -1.4972 -2.8293 -0.79815 -0.22611 0.71401 -0.71237 -0.26635 -0.14976 0.46011 0.50397 1.154
1.1196 -3.8505 -1.0419 -2.7798 -0.64081 -1.1357 0.2338 -0.18044 -0.54429 -0.06158 0.269 -0.14778 1.183
