0.81158 -2.6377 1.4282 0.11113 -0.78856 -1.1393 -1.0241 -1.9475 -0.31404 -0.61446 -0.33311 -0.41034 -0.22459
0.32297 -3.5716 0.83842 0.40481 0.014302 -0.49076 -1.0812 -1.9014 -0.42773 -0.98282 -0.85896 -0.042287 -0.36792
-1.8045 -4.5602 1.3067 -0.24296 0.42605 -0.2874 -0.71685 -0.88398 -0.51505 -0.48421 -0.1933 -0.048436 -0.25629
-2.0986 -5.4574 0.76147 -0.70118 0.12203 0.16467 -0.16057 -0.30318 -0.053523 0.075435 0.19816 0.6235 0.10993
-1.5886 -5.6946 1.2741 -0.32904 0.19656 0.32544 0.11509 -0.15519 0.039271 0.65015 0.58309 0.56826 0.65243
-2.106 -6.058 1.5777 0.038398 0.69677 0.40366 0.19392 0.81374 0.43853 -0.0095753 0.22579 0.18705 0.31395
-2.5809 -5.5909 1.5436 0.0036231 0.4772 0.019022 0.38946 0.66869 0.11693 0.044733 0.070908 0.25231 0.22404
-3.2557 -3.8892 1.2254 -0.34214 0.39773 0.17579 0.29035 0.18319 0.18944 0.17046 0.14906 0.17677 0.079557
-1.9058 -8.1511 -0.41362 -1.0581 0.95153 1.0588 0.57549 1.0029 0.31222 0.59762 0.60907 0.61202 0.19794
-2.6484 -5.8172 0.77347 0.29955 0.23714 0.38456 0.10445 0.067755 -0.0023758 0.25759 0.23212 0.45431 0.30732
-0.087202 -6.3673 0.24816 -0.64339 -0.33646 -0.21557 0.12322 0.30378 0.69668 -0.0042502 -0.051607 0.60039 -0.48779
-0.36944 -5.5681 0.81886 -0.0060625 -0.09843 -0.24147 -0.0044121 0.14111 -0.41084 0.48755 0.50345 -0.78103 0.12522
0.011905 -1.916 0.41668 -1.2921 -1.4325 -1.5175 -0.11034 -0.67349 0.20335 -0.52425 0.37064 0.18331 0.49093
3.14 -2.2546 -1.6361 -1.8202 -1.9009 -1.5569 0.31454 0.20687 -0.40558 -1.6602 0.4292 -0.1728 0.18073
3.2051 -3.9492 -3.0594 -1.6821 -1.6623 -1.7953 -0.49425 -0.32301 -1.4324 -1.7513 0.057019 -0.53429 -0.42684
2.949 -3.9767 -3.0822 -1.7455 -0.92448 -1.3051 -0.88678 -0.79582 -0.97628 -1.2373 -0.41235 -0.15648 -0.71681
2.2612 -4.2884 -3.3452 -1.2978 -0.69948 -1.4866 -1.497 -1.1068 -0.9136 -1.0088 -0.82766 -0.11404 -0.81722
2.0403 -4.9671 -3.1667 -0.28553 -0.8434 -1.2894 -1.3322 -2.0098 -0.40997 -0.85121 -0.85834 0.20323 -0.48248
1.6636 -4.5236 -1.7659 -0.36513 0.20165 -0.55552 -1.1623 -1.4132 -0.29081 -0.11905 -0.69036 -0.087712 -0.37838
1.9418 -4.7231 -2.5288 -0.27966 -0.17277 -0.52442 -1.5302 -1.3315 -0.49859 0.39847 -1.1031 0.048868 -0.19837
2.2972 -4.4767 -2.9399 -0.93165 0.47254 -0.6687 -1.5352 -1.1881 0.063757 -0.27893 -1.2188 0.2826 -0.48685
2.3441 -4.0499 -2.7969 -0.66566 0.25271 -0.89453 -1.0799 -0.4161 -0.046681 -0.29115 -0.41432 -0.22386 -0.19462
2.5563 -4.6315 -3.0099 -0.90462 -0.48431 -1.4595 -1.3213 -0.017343 -0.71018 -0.87085 -0.3244 -0.27283 0.29702
2.2889 -4.6216 -2.512 -0.15681 -0.61725 -1.5664 -1.7531 -0.70386 -0.23005 -0.99348 -0.71387 -0.3774 -0.29156
2.671 -4.6026 -3.0869 -0.43884 -0.50208 -1.3483 -1.9394 -0.9056 -0.020028 -0.95405 -0.73338 0.13931 -0.22465
2.3487 -4.5101 -3.1243 -1.2203 0.18559 -1.0288 -2.2745 -0.79371 0.21522 -0.1807 -0.30139 0.93863 0.026136
1.9967 -5.3419 -2.7828 -1.3031 -0.087501 -1.443 -2.3793 -0.91817 0.10177 -0.059487 -0.6912 0.88979 0.39702
1.6403 -4.6378 -2.6991 -2.0009 0.093521 -1.2629 -1.557 -0.28322 -0.27138 -0.20161 0.20035 1.3308 0.6895
1.1575 -4.0648 -1.8757 -1.5696 -0.17256 -1.0893 -0.57044 -0.27563 -0.6089 -0.57468 0.27351 1.3481 0.76678
0.96363 -3.4234 -1.8089 -2.7988 -0.79967 -0.69719 -0.478 -0.66633 -0.17344 -0.12394 0.41715 0.74234 0.50352
