2.1306 -2.7205 0.52863 -0.72228 -1.8998 -1.9162 -0.36296 -1.4151 -0.07748 -0.77912 -0.10241 -1.1282 -0.15329
2.381 -2.6559 0.64316 -0.05616 -2.4162 -2.0174 -0.015537 -1.5036 0.13383 -1.0201 0.37615 -1.201 -0.49518
2.066 -2.4554 1.1367 -0.42558 -1.9893 -1.6771 -0.13901 -1.5139 -0.30694 -0.95103 0.49743 -0.86236 -0.69927
1.3309 -3.0053 0.71747 -0.089889 -1.3153 -1.2314 -0.85925 -1.8458 -0.28004 -0.89003 -0.2914 -0.69657 -0.65443
-0.13829 -3.4391 0.7576 0.046093 -0.078969 -0.02903 -0.54612 -1.0559 -0.76342 -0.19713 0.18845 -0.05313 -1.4616
-3.345 -3.2161 0.95492 0.14581 0.61643 0.10125 -0.45112 -0.69212 -0.16212 0.34633 0.81518 0.78928 -0.52871
-4.2744 -5.1758 1.8581 0.25354 0.71638 0.36329 0.45991 0.93186 0.80502 -0.06888 0.15938 0.71532 0.13994
-2.692 -7.6948 1.3211 0.45604 1.3307 0.72777 0.64371 0.57705 0.67368 0.87455 0.47556 0.48794 0.47263
-3.3607 -6.2566 1.7626 0.25357 0.78214 0.48296 0.52687 0.44483 0.46239 0.50801 0.55544 0.77251 0.53753
-4.4829 -5.0135 1.7731 0.090198 0.6263 0.50929 0.76919 0.25804 0.74555 0.47931 0.36135 0.65072 0.34981
-5.8829 -5.2308 2.5625 0.89566 0.99191 0.58234 0.70551 1.146 1.4862 0.70629 0.21391 0.91627 1.0758
-5.2226 -3.654 1.373 -0.048834 0.69512 0.41244 0.52319 0.4388 0.46625 0.3938 0.43152 0.35884 0.35497
-4.782 -3.7989 1.4379 -0.047427 0.68114 0.4244 0.51892 0.44349 0.47311 0.39456 0.41775 0.35864 0.37033
-6.0484 -2.2321 0.87567 0.50417 0.8219 0.66645 0.75683 0.66273 0.69071 0.60951 0.61017 0.56217 0.54704
-2.2922 -2.57 0.40712 -0.67248 -0.94929 -0.84508 -0.29083 -1.0968 -0.23837 -0.36196 0.33181 0.080304 -0.1835
2.7564 -2.4069 -1.6821 -2.8376 -1.3324 -1.536 -0.19121 -0.74555 -0.088849 -1.3641 -0.34298 -0.54595 0.048522
3.397 -2.8411 -2.3978 -3.0345 -0.36795 -0.81266 -0.10704 -0.18565 -0.010777 -1.2268 -0.6471 -0.1896 -0.30715
3.5683 -3.5059 -2.8452 -3.1347 -0.29084 -0.36447 -0.53694 -0.4216 -0.55559 -1.1842 -0.6819 -0.14245 -0.64228
3.4377 -3.5615 -2.5792 -2.8306 0.10718 0.12952 -0.41444 -0.86106 -0.49352 -0.98204 -0.72404 0.1437 -0.6518
2.4328 -3.2492 -1.9085 -2.8539 0.18234 0.40074 -0.72845 -0.72685 -0.49689 -0.54977 -0.51778 -0.24389 -0.75991
1.9511 -3.7463 -1.8085 -2.776 0.015969 -0.038343 -0.42854 -0.88012 -0.77627 -0.44954 -0.6443 -0.32138 -0.69287
1.7092 -3.6916 -1.7092 -2.4357 0.28164 0.10523 -0.65303 -1.0047 -0.69724 -0.47388 -0.9593 -0.20861 -0.74904
2.3344 -4.0219 -2.2137 -2.5037 -0.034453 0.34917 -0.49154 -1.1368 -0.72526 -0.22267 -0.71041 -0.41709 -0.76105
2.7499 -3.6088 -2.4141 -2.9194 0.23412 0.21054 -0.74215 -1.2263 -0.55032 -0.2176 -0.83715 -0.065945 -0.39232
3.0015 -3.5744 -2.6869 -2.9094 0.28603 0.78012 -0.54402 -0.67377 -0.26916 -0.58162 -1.1448 -0.37283 -0.35352
3.5148 -3.3764 -2.9741 -3.2196 0.2185 0.7712 -0.68284 -0.80166 -0.071895 -0.46481 -1.2468 -0.28794 -0.49341
3.8436 -3.6671 -3.4686 -2.9575 0.11128 0.090293 -0.5553 -0.8529 -0.5062 -0.88786 -0.97005 -0.49272 -0.33939
3.9845 -3.9074 -3.4476 -3.2517 0.30101 0.056473 -0.5428 -0.65316 -0.36262 -0.40271 -0.85969 -0.29553 -0.30404
4.0875 -3.8094 -3.5077 -3.3723 0.30544 -0.017205 -0.53732 -0.81324 -0.28637 -0.64658 -0.56864 -0.20329 -0.17738
4.1551 -3.5755 -3.6488 -3.4125 0.53576 -0.12008 -0.53127 -0.53553 -0.60948 -0.52523 -0.74435 -0.26253 -0.24977
4.1629 -3.4747 -3.4273 -3.5386 0.39633 -0.30413 -0.94564 -0.7503 -0.97782 -0.43786 -0.62748 -0.31899 -0.15327
4.2235 -3.5298 -3.4511 -3.4417 -0.019519 -0.046377 -0.95459 -1.1713 -0.53824 -0.63965 -0.66277 -0.34147 -0.2258
4.3117 -3.3722 -3.0978 -3.5793 0.18002 0.26043 -1.0242 -1.146 -0.63109 -0.44502 -0.44654 -0.20762 -0.11328
4.2324 -3.349 -3.416 -3.5695 0.49451 0.016885 -0.87233 -0.68163 -0.47333 -0.46024 -0.55683 0.094767 -0.53743
4.1195 -3.6565 -3.5396 -3.5934 0.21019 -0.20156 -0.94138 -0.95339 -0.44159 -0.77081 -0.83529 -0.20136 -0.74706
3.9904 -3.164 -3.1605 -4.0366 0.0083802 0.21639 -0.53354 -0.98261 0.21647 -0.68154 -0.55776 0.059902 -0.19972
3.3334 -3.6006 -3.2815 -3.2516 -0.39219 -0.10354 -0.51993 -0.50094 0.21918 -0.63407 -0.5614 0.48182 0.23731
2.1066 -3.9701 -2.6022 -2.9172 -0.1354 0.15292 -0.12597 -0.41953 0.28585 -0.62547 -0.78744 0.55058 0.13251
1.1463 -5.2167 -3.6106 -3.291 -0.2506 0.24893 0.4295 0.49393 0.73747 -0.37417 -0.41512 1.0473 0.56982
