3.1125 -2.982 1.6659 -0.54526 0.16284 -0.46168 0.65022 -0.21814 -0.076614 0.28825 -0.46526 0.026747 -0.90272
3.1709 -1.5702 2.7986 0.91549 -0.32461 -1.1639 -0.58522 -0.94081 0.049688 -0.97881 -0.96961 -0.85566 -0.31814
4.5997 -0.46699 2.384 0.73693 -1.4823 -1.9506 -1.1781 -0.98727 -0.47462 -0.99194 -0.21222 -0.69201 0.3299
5.294 -1.4641 1.2182 0.58166 -2.226 -0.88976 -1.2856 -1.3634 -0.947 -0.47065 0.1238 -0.54363 0.0026832
5.2592 -0.97665 0.77806 0.30683 -2.0754 -1.4087 -0.98178 -1.604 -0.89642 -0.68031 0.034308 -0.72203 -0.48577
5.1261 -1.8668 1.7814 0.486 -1.847 -1.1181 -1.0113 -1.253 -1.082 -0.66249 0.057331 -0.55666 -0.67163
4.6924 -1.5588 1.683 0.41387 -1.3624 -1.3248 -0.68433 -0.89836 -0.38173 -0.8258 -0.17201 -0.5561 -0.71421
4.6056 -1.5948 1.1177 0.026475 -1.2556 -1.4069 -0.14911 -0.30575 -0.88652 -0.91135 -0.16046 -0.48535 -0.4725
5.6691 -5.0921 1.8703 -0.055704 -0.27579 -0.50806 -0.21033 0.48902 0.14547 0.25496 0.06047 -0.46276 -0.56217
6.389 -6.7327 1.7412 -0.60332 0.47967 0.50534 0.081579 -0.21064 0.41177 0.6798 -0.15176 -0.6283 -0.35975
7.137 -8.2724 2.0777 -1.1126 -0.045482 -0.068289 -0.54768 0.046463 -0.19252 -0.28361 0.7191 0.40722 0.13844
6.8264 -8.2617 1.9865 -1.5643 0.68789 0.41186 -0.085696 -0.25732 -0.472 -0.096635 -0.0034099 -0.18646 -0.34618
6.4275 -8.5644 2.1876 -0.25845 1.1385 -0.023588 0.15063 0.15488 0.061046 -0.38802 -0.31549 2.6079e-06 -0.55523
5.9043 -8.0413 2.2779 -1.7648 -0.28078 -0.10364 -0.58649 0.60429 0.18681 -0.59101 -0.023198 0.55112 -0.34487
6.3413 -8.1729 2.2517 -1.9147 0.61366 0.47033 0.10983 -0.78964 -0.65053 -0.38397 0.096947 0.42704 -0.26136
5.4099 -6.1467 2.5322 -1.3133 0.32519 0.19801 0.35559 0.41991 0.033191 0.20829 -0.19073 -0.060167 -0.34122
3.7793 -6.1397 0.82192 -0.90941 0.53248 -0.19678 -0.05039 -0.025266 0.84651 0.47095 0.42801 0.19956 0.57466
2.6434 -1.3608 1.9392 -0.66 -0.38902 -1.0635 -0.904 -0.79863 0.22086 -0.60977 -0.21624 -0.038436 -0.039761
4.9871 -0.56295 0.64502 -1.4196 -1.3454 -1.6702 -1.5575 -0.2175 0.1672 -0.82535 -0.86734 -0.3576 -0.57832
5.3039 -0.98909 0.42043 -2.0172 -1.5857 -0.78927 -1.5809 0.42687 0.25044 -1.0447 -1.0432 -0.5915 -0.33041
5.3083 -0.9817 -0.088795 -2.1859 -1.6973 -0.16744 -0.99529 -0.21939 0.55598 -1.1982 -1.4032 -0.29426 -0.012796
5.4219 -0.55998 -0.58453 -2.5437 -1.9487 0.12652 -0.58527 -0.91118 0.22542 -1.4752 -1.2704 -0.65093 0.33693
5.6824 -0.27199 -1.2531 -2.8375 -1.4514 0.21848 -0.55916 -1.1203 0.12541 -1.3689 -1.4281 -0.52873 0.51009
5.8578 -0.27637 -1.4421 -2.9672 -1.3021 0.17562 -0.41519 -1.1858 0.18716 -1.26 -1.6263 -0.48436 0.46596
5.8468 0.14267 -1.1323 -3.1453 -1.1199 -0.0027534 0.033321 -0.90416 -0.10432 -1.1273 -1.2841 -0.49918 0.53264
5.9547 0.069338 -1.3288 -3.2788 -1.0166 0.10251 -0.11844 -0.87331 -0.13954 -1.2278 -1.2651 -0.4108 0.51486
6.0187 -0.1063 -1.533 -3.3061 -1.3825 0.011717 -0.12883 -0.93553 -0.39281 -1.2168 -1.3706 -0.42007 0.24019
5.9088 0.095805 -1.4132 -3.3827 -1.1823 0.074385 -0.026153 -0.80583 -0.65199 -1.2095 -1.095 -0.43383 0.15685
5.5928 0.15635 -1.3076 -3.3881 -1.1136 0.53859 0.077345 -1.4207 -0.25312 -1.59 -0.84764 -0.70414 -0.098182
5.3213 0.14408 -0.90007 -3.3937 -0.89262 0.45942 0.10351 -1.1955 -0.495 -1.6093 -0.61536 -0.42168 -0.47717
5.0652 0.14657 -0.48252 -3.3916 -1.1391 0.72262 0.22944 -1.3669 -0.56801 -1.6639 -0.13175 -0.87849 -0.52847
4.9015 -0.036063 -0.51533 -3.649 -0.78674 0.33904 -0.23022 -1.0541 -1.2184 -1.082 -0.51806 -1.215 -0.30248
4.5376 -0.30938 -0.021293 -3.4784 -1.3102 0.32496 0.21234 -1.3957 -1.2031 -1.0194 -0.33218 -1.6015 -0.30353
4.4893 -0.59766 -0.055627 -3.602 -1.9344 -0.19928 0.23081 -1.5463 -1.2506 -1.3333 -0.461 -1.7324 -0.65234
4.7158 -0.11494 -0.26698 -3.8556 -1.7881 -0.57237 0.43305 -1.2216 -1.08 -1.451 -0.54884 -1.6529 -0.66218
4.2231 -0.069702 0.023705 -3.2206 -1.4082 -1.1007 0.97408 -0.38744 -0.83167 -1.3023 -0.13737 -1.8206 -0.005212
2.9911 -1.1143 0.37665 -2.0633 -1.5883 -1.3522 0.78214 -0.767 -0.32804 -1.495 -0.19927 -1.7496 -0.57549
1.6939 -2.4323 1.0558 -0.44 -1.2545 -1.0698 -0.72379 -2.1245 0.31918 -0.79765 -0.93533 -1.0849 -1.2673
