-2.2801 -2.6552 0.75627 0.35735 0.32173 -0.04031 -0.45393 -0.9152 -0.22931 -0.081985 0.37137 0.51608 -0.17445
0.86216 -3.1352 0.6117 0.55949 0.37829 0.0030874 -0.85211 -1.4535 -0.26052 -0.78359 -0.74007 0.15853 -0.36256
1.2773 -3.2986 0.48402 0.34403 0.091901 -0.28942 -1.0288 -1.6376 -0.23045 -0.48737 -0.29562 0.22209 -0.48707
1.2544 -3.6167 0.16839 0.036871 -0.29141 -0.58321 -1.2029 -1.7898 -0.36093 -0.75032 -0.63703 -0.092916 -0.50509
0.67727 -3.5029 0.033045 -0.2655 -0.23751 -0.75346 -1.2308 -1.5829 -0.5595 -0.36143 -0.066089 -0.04 -0.78925
-1.0798 -2.8816 0.42562 0.21229 0.48719 0.15138 -0.31481 -0.55905 -0.06749 -0.22652 -0.40874 -0.093448 -0.65167
-1.615 -2.8335 0.17204 0.234 0.45567 0.75717 0.96495 1.1926 0.95127 0.097769 -0.59568 -0.3351 0.291
-1.9317 -3.2836 0.83311 -0.58264 -0.039137 0.45908 -0.53581 0.065436 -0.079767 -0.005831 0.3162 0.11873 -0.02453
-3.79 -3.2607 0.76135 -0.27339 0.42931 0.089799 0.34629 0.20365 0.21829 0.12437 0.19764 0.071862 0.18143
-3.9157 -4.1866 1.2816 -0.21763 0.43579 0.24964 0.31424 0.29455 0.27679 0.25532 0.42826 0.2524 0.42928
-3.8664 -2.8398 0.4614 -0.034116 0.33584 0.17062 0.2938 0.19555 0.22464 0.16941 0.19828 0.11132 0.11703
-3.7994 -2.9754 0.68001 0.045332 0.51935 0.23503 0.34227 0.19345 0.36492 0.39155 0.36142 0.38166 0.048233
-1.4249 -4.28 1.1409 0.010653 0.62955 0.15966 0.56647 0.27759 0.28903 0.26028 0.15883 0.1981 0.27693
-1.4172 -3.5287 0.88732 -0.12947 0.22994 0.55394 0.61442 0.87641 0.73208 -0.0067787 -0.29507 -0.066054 0.5151
-1.3755 -3.018 0.46655 -0.13248 0.17561 0.16102 0.088342 0.11526 0.15421 0.048157 0.17722 0.081894 -0.094134
-2.6581 -3.0378 0.52417 -0.23071 0.21215 0.064075 0.47828 0.46463 0.24991 0.45096 0.46499 0.22382 0.3169
0.98357 -2.4383 0.90484 -0.20591 -0.79953 -0.8475 -0.37851 -1.1094 0.15787 -0.35541 -0.11094 -0.39927 -0.10104
3.1022 -3.2907 -0.72821 -2.089 -1.301 -1.1751 0.1862 -0.49733 -0.55613 -1.1557 -0.11867 -0.37318 0.18793
4.1207 -3.6997 -1.988 -2.3414 -1.4566 -0.79244 0.17403 -0.67774 -1.2261 -1.6898 0.082682 0.12929 -0.2521
4.5743 -4.1353 -2.9243 -2.3678 -1.2168 -0.36459 -0.29376 -0.88771 -1.4913 -1.6767 0.086211 0.0387 -0.58247
4.6635 -3.9905 -2.8439 -2.7072 -0.24549 -0.17172 -0.6732 -0.64103 -1.391 -1.5222 0.13859 0.13651 -1.065
4.6615 -3.9869 -3.2321 -2.5555 -0.33406 -0.21983 -0.76639 -0.99823 -1.5492 -1.4688 -0.1195 0.1162 -1.0849
4.698 -3.9582 -3.2286 -2.9488 -0.080275 -0.26394 -0.82595 -0.78226 -1.5383 -1.1736 -0.39515 0.091409 -1.176
4.7719 -3.9209 -3.2824 -2.9528 -0.15111 -0.064819 -0.8491 -0.88935 -1.3225 -1.2594 -0.17857 0.16048 -1.0952
4.6796 -3.0454 -2.8926 -2.7116 0.71774 0.13517 -0.70009 -0.96611 -1.0117 -1.0129 -0.1312 0.44037 -0.93059
4.6746 -3.743 -3.4774 -3.2708 -0.2717 -0.16008 -1.1563 -1.1936 -1.4051 -1.1004 -0.41063 0.15472 -1.0706
4.4545 -3.6191 -2.9913 -3.5645 -0.13583 -0.048482 -1.017 -1.3329 -1.1968 -1.0395 -0.34528 0.19784 -0.81668
4.3147 -3.8344 -3.0957 -3.2439 -0.077657 -0.0017584 -0.97044 -1.2399 -1.0564 -1.0804 -0.56648 0.39137 -0.82909
4.2086 -3.8158 -3.033 -3.349 -0.09504 -0.05072 -0.91396 -1.2602 -1.1915 -0.99428 -0.3723 0.25061 -0.61969
4.1798 -3.8786 -2.903 -3.4117 -0.33583 0.052773 -1.0694 -1.1273 -1.0199 -1.303 -0.18143 0.51685 -0.77914
4.046 -3.9866 -2.7469 -3.2303 -0.38304 0.0727 -0.66039 -1.1039 -0.86266 -1.1466 -0.64567 0.12784 -0.60998
4.0773 -4.1865 -3.1179 -3.584 -0.47181 0.10014 -1.0819 -1.1946 -0.68804 -1.2639 -0.3899 0.027519 -0.48262
4.1838 -3.8365 -2.9423 -3.2921 0.0055833 0.24671 -0.80984 -0.59336 -0.23675 -0.99574 -0.30154 0.077754 -0.69719
4.3674 -5.0359 -3.7459 -3.4073 -0.88916 -0.29608 -0.96856 -0.53047 -0.26822 -0.69338 -0.52531 0.37496 -0.084697
4.2492 -4.7529 -3.4081 -3.889 -0.78924 0.0039376 -0.6483 -0.16807 0.31428 -1.2124 -0.70843 0.051975 -0.60682
4.0664 -5.1304 -3.6112 -3.5746 -1.2414 -0.18105 -0.16314 0.023637 0.40548 -0.87733 -0.77949 -0.17126 0.053373
2.0285 -4.561 -2.3162 -2.8201 -0.25776 0.23095 0.60159 0.7908 0.14794 -0.70788 -0.83341 0.010079 0.67328
