-1.894 -2.8767 0.92384 -0.67624 -0.25894 -0.076542 -0.10279 -0.2382 -0.22699 -0.67363 0.079693 -0.30039 0.039539
2.6331 -2.5359 0.45469 -0.81175 -1.975 -1.8951 -1.0471 -2.1024 -0.088215 -0.74278 -0.14436 -0.83913 -0.18675
3.5416 -2.6582 0.84994 -0.8678 -2.5431 -1.9046 -0.27659 -1.9418 -0.0058045 -0.65216 0.3136 -1.2622 -0.34338
3.8816 -2.4992 0.86457 -0.97992 -2.3831 -2.1545 -0.63603 -1.3954 0.35635 -0.57223 -0.23182 -1.6401 -0.076685
3.7384 -2.4101 0.92655 -0.67142 -2.2239 -2.2628 -0.60925 -1.6459 -0.028433 -0.71287 0.063165 -1.3884 -0.23533
3.0249 -2.2014 1.5649 -0.28571 -1.7059 -2.1882 -1.1189 -1.8554 0.1889 -0.92467 -0.32871 -0.80444 -0.29684
1.6449 -2.5053 1.078 -0.091389 -0.9715 -0.83465 -0.61882 -1.7209 0.4891 -0.5907 -0.71656 -0.51928 -0.25932
-0.26083 -3.219 0.68251 -0.12032 0.26343 -0.086002 0.14659 -0.15319 0.28152 0.27486 0.015271 -0.062051 -0.39114
-1.6123 -2.639 0.50299 0.13864 0.48543 0.45463 0.70947 0.73134 0.71705 0.46385 0.29367 0.28308 0.42538
-2.2941 -3.1168 0.098333 -0.2322 0.076891 -0.0084919 0.12909 0.072822 0.1382 0.20784 0.3188 0.44845 0.61886
-2.7702 -2.8513 0.28632 -0.076615 0.23264 0.095407 0.19966 0.12794 0.17724 0.19133 0.25573 0.29982 0.39695
-3.9288 -3.3352 0.64377 -0.15961 0.38127 0.18478 0.367 0.17676 0.23982 0.24797 0.25199 0.2084 0.25697
-2.3955 -4.9295 0.69094 -0.96318 -0.51335 0.081339 0.91063 0.57761 0.34539 0.19785 0.35593 0.3765 0.66909
-0.11476 -6.5296 1.6124 -0.42627 -0.18802 0.41533 0.67653 0.46309 0.14349 0.037974 0.59118 -0.0025734 0.19873
-1.6191 -4.6486 1.3747 -0.21809 -0.64594 0.21621 1.1678 0.64553 -0.32425 0.35346 0.43211 0.11258 -0.32073
0.80861 -2.0151 0.66844 -1.2698 -1.4864 -1.4948 -0.096023 -0.98595 -0.027238 -0.78922 -0.17718 -0.66872 0.3554
3.6354 -2.559 -0.6206 -2.6291 -1.7245 -1.4975 0.22845 -0.8609 -0.65774 -1.4555 -0.30416 -0.32428 0.030026
4.0576 -2.7089 -1.5886 -3.0352 -0.43134 -0.91898 0.20795 -0.61092 -0.84187 -1.1435 -1.0211 -0.58391 -0.54514
4.0121 -2.8565 -1.3856 -3.1692 -1.0726 -0.28842 0.36619 -1.0821 -0.92666 -1.1777 -0.83449 -0.75648 -0.62353
3.8229 -3.1802 -2.0528 -3.7001 -0.96456 -0.70725 -0.19743 -1.4321 -1.4101 -1.6484 -1.0617 -1.0724 -0.75615
3.3517 -3.152 -1.5393 -3.1219 -0.72444 -0.33402 0.22397 -1.4248 -1.0264 -1.281 -0.88442 -0.92124 -0.71829
3.1172 -3.1809 -1.5132 -2.5434 -0.50017 -0.33572 -0.25545 -1.1453 -0.83361 -1.3047 -0.85034 -0.42233 -0.62138
3.0888 -2.9378 -1.2058 -2.8235 -0.36988 -0.068372 0.19998 -1.1596 -0.68039 -1.1113 -0.75646 -0.49718 -0.85512
3.2246 -2.9416 -1.2567 -2.7672 -0.78777 -0.2587 0.42779 -1.6155 -1.0616 -0.98723 -0.52691 -0.84806 -0.50653
3.4679 -3.4386 -1.8215 -3.0333 -0.65513 -0.1751 0.037168 -1.3356 -0.81729 -1.2889 -0.84359 -0.6809 -0.82161
3.5917 -3.4098 -1.7817 -2.6741 -0.54354 -0.18451 0.016187 -1.0172 -0.51766 -1.158 -0.7818 -0.25136 -0.38952
3.6862 -3.3715 -2.1085 -3.1301 -0.35118 -0.38173 -0.29119 -1.3764 -0.80669 -1.0727 -0.81247 0.24483 -0.18656
4.0702 -3.531 -2.8067 -3.548 -0.17386 -0.59044 -0.25319 -1.198 -1.2683 -1.1996 -0.87711 -0.34879 -0.17155
4.1568 -3.3297 -3.07 -3.635 0.27355 -0.67644 -0.23306 -1.0451 -1.2105 -0.94025 -0.92453 0.14083 0.050302
4.0048 -3.7364 -3.3247 -3.5051 0.29502 -0.4096 -0.53858 -0.618 -1.0694 -1.1122 -0.77045 0.10387 0.043736
3.1491 -3.9884 -2.7628 -2.8814 -0.2159 0.15666 -0.49311 0.049908 0.01351 -1.0701 -0.61515 0.64103 -0.096915
