2.5331 -1.9861 1.752 -0.11357 -2.1054 -2.0032 -0.8697 -2.033 -0.070281 -0.40593 0.54249 -0.27423 0.45012
3.028 -2.079 1.5206 -1.0011 -2.6699 -2.6109 -0.90161 -1.9563 -0.0353 -0.26874 0.24193 -0.38706 0.19786
3.0992 -3.092 1.0097 -0.71725 -2.4885 -2.3847 -0.8658 -1.6716 -0.53716 -0.18424 -0.2286 -0.82948 -0.31113
2.9065 -2.9936 1.2139 -0.31075 -2.6659 -2.668 -0.65354 -1.9002 -0.59871 -0.55761 -0.086064 -0.6917 -0.22182
2.63 -3.3252 1.2468 -0.35815 -2.3353 -2.0742 -1.204 -2.3873 -0.3358 -0.34405 -0.21638 -1.8591 -0.96306
1.9149 -3.0233 1.9349 0.56839 -1.0551 -2.1023 -1.5919 -2.5917 0.12996 0.14796 0.16565 -0.8105 -0.94938
0.97069 -2.6417 1.23 0.5025 -0.073157 -0.36007 -1.1181 -2.0245 0.42461 -0.52492 -0.70948 0.068251 -0.59893
-0.18458 -2.9858 0.87404 0.36928 -0.34013 -0.36695 -0.72292 -1.7276 -0.56645 -0.58089 0.032635 0.014504 -1.1547
-3.089 -3.0284 0.78804 0.25049 0.34753 0.045711 0.034818 -0.43635 -0.045948 0.34547 0.78972 0.18753 -0.74986
-4.6456 -2.957 0.83137 0.08083 0.6217 0.2606 0.18801 0.023296 0.29774 0.2787 0.30426 0.29506 -0.11594
-4.1094 -2.6684 0.67275 0.18834 0.38144 -0.036701 -0.18856 -0.51497 -0.22657 0.31139 0.97365 0.586 -0.2416
-5.3068 -2.6142 0.77431 0.29287 0.49858 0.064225 -0.11322 -0.44785 -0.12889 0.45958 1.1942 0.81488 -0.064951
-4.7811 -2.6451 0.56139 0.095685 0.35101 0.056371 -0.0086462 -0.22738 -0.024975 0.33563 0.7852 0.60562 0.12949
-4.5751 -2.7937 0.32263 -0.065429 0.23925 0.051325 0.12093 0.0041123 0.072936 0.08276 0.17206 0.072887 -0.037303
-2.3673 -2.7442 0.60234 -1.0285 -1.3068 -1.6526 0.33073 0.38082 0.59363 0.77109 1.3941 -0.52086 1.1159
1.4204 -3.2208 0.97114 -0.65992 -0.9897 -2.1878 -0.68814 -0.15978 0.81873 1.0861 1.4074 -0.19911 0.97955
1.6573 -2.3802 0.050498 -1.5109 -2.3362 -1.8792 0.4665 -0.30369 -0.044015 -0.7662 0.88954 -0.16056 0.83762
4.4818 -2.9527 -3.3208 -2.0236 -2.166 -1.6794 0.16647 -0.23196 -0.56167 -1.5644 -0.10617 -0.13236 -0.51679
4.9421 -3.7073 -4.8284 -2.164 -1.4991 -1.4182 -0.67131 -0.89642 -1.4721 -1.3786 -0.6722 0.077129 -1.225
4.6113 -3.1292 -4.4659 -2.1712 -0.71937 -0.75907 -0.50594 -0.78262 -0.98757 -1.0727 -0.45049 0.77609 -1.1908
4.2631 -4.0293 -4.4554 -2.7901 -0.29507 -0.72559 -0.69169 -1.1575 -0.84142 -1.3466 -0.73748 0.24264 -0.93483
3.5822 -3.6266 -3.6176 -2.115 0.71664 -0.10859 -0.42162 -0.53457 -0.78438 -0.50207 -1.2042 0.0548 -0.74517
3.564 -3.5035 -3.3686 -1.7661 0.24091 0.07665 -0.64646 -0.78928 -0.57735 -0.49848 -1.2188 0.15092 -0.46932
3.4506 -3.3502 -3.3978 -1.6475 0.36153 -0.61614 -0.24508 -0.94319 -0.89135 -0.37131 -0.99361 -0.23079 -0.89743
4.0496 -3.8697 -4.1835 -2.3373 -0.10623 -1.1356 -1.1119 -1.2973 -1.4509 -0.65941 -1.1965 -0.27779 -0.73823
4.8549 -3.1499 -4.3856 -2.2867 0.35525 -0.61585 -1.2583 -1.1525 -0.82215 -0.88562 -0.94093 0.12323 -0.67205
5.0742 -2.7819 -4.48 -2.3246 0.11998 -0.6654 -0.97032 -1.068 -0.84444 -0.97343 -0.86401 0.049623 -0.91356
5.551 -2.7882 -5.2025 -2.0877 -0.29219 -0.62683 -0.87913 -1.002 -0.61457 -1.1075 -0.28393 0.27673 -0.66341
5.6753 -2.3127 -4.881 -2.236 -0.24565 -0.43135 -0.55785 -0.91009 -0.42023 -0.98594 -0.3053 0.67399 -0.76286
5.5703 -3.2806 -5.3208 -3.14 -0.7436 -0.92403 -1.0318 -1.019 -0.54801 -0.89061 -0.40848 0.71931 -0.24804
5.2407 -3.3851 -4.9987 -3.2791 -0.88219 -0.90319 -0.91515 -0.80506 -0.63534 -0.69428 -0.09759 0.99279 -0.0053309
4.7404 -2.689 -4.6657 -4.1086 -0.62216 -1.0261 -0.83288 -0.89099 -0.45541 -0.62782 -0.16475 1.0059 0.2668
4.597 -2.633 -4.3664 -3.8348 -0.7489 -1.2241 -0.83115 -1.0233 -0.44995 -0.4778 -0.23493 1.1022 0.2574
4.0416 -2.5416 -3.7753 -4.1739 -1.0574 -1.2611 -0.64383 -0.69099 0.33772 -0.57796 0.21256 0.87623 0.58868
3.6761 -2.7657 -3.2472 -4.1392 -0.46186 -0.71534 -0.74202 -0.51079 -0.31858 -0.32759 0.64188 1.0548 0.68173
3.2049 -4.1877 -3.7088 -4.0792 -0.57733 -0.40443 -0.19668 0.15158 0.14047 -0.45672 0.083121 0.44562 0.38695
3.8192 -4.4591 -3.5882 -3.5996 -0.66687 0.24845 -0.30306 0.0761 -0.11297 -0.95828 -0.34778 1.1594 0.87191
2.7226 -5.2726 -3.4928 -2.6821 -0.28954 0.0010562 0.047397 0.78838 -0.050396 -1.3838 -1.2055 1.3398 0.04162
1.8229 -5.3878 -2.4297 -2.5618 -0.60385 -0.28643 1.0594 1.3648 -0.19107 -1.3726 -0.4967 0.86126 0.98235
