2.243 -2.4509 1.0502 -0.21692 -2.0497 -2.3136 -0.90588 -1.6724 0.4216 -0.49535 0.20644 -0.70366 0.15726
2.7643 -3.0322 0.9834 -0.32804 -1.9398 -2.3994 -0.8588 -2.1809 0.0030133 0.032426 0.58907 -0.73399 -0.19067
2.9598 -3.3122 0.83523 -0.65771 -1.9459 -1.9944 -1.2647 -1.9823 -0.31495 -0.0015137 0.68086 -0.73441 -0.59861
3.2486 -3.6061 0.67663 -0.074666 -2.2946 -2.7773 -1.2748 -1.6393 0.047724 -0.34201 0.60154 -0.75642 -0.78525
2.8069 -3.6477 0.5497 -0.093116 -2.1954 -1.9888 -1.0933 -1.445 -0.14023 -0.42038 -0.21237 -0.83941 -0.54314
2.4633 -3.4782 0.94907 -0.26673 -2.1004 -2.1688 -0.8337 -0.93181 -0.09815 -0.87662 -0.36366 -1.192 -0.45625
1.7782 -3.2169 0.53611 0.015001 -1.7284 -2.1741 -0.57935 -0.71448 0.18059 -1.0229 -0.70722 -1.2534 -0.53813
0.68551 -3.0004 0.59262 0.32395 -0.23093 -0.65795 -0.88043 -0.94742 0.24467 -0.35963 -0.54164 -0.41914 -0.66273
-1.5811 -2.7508 0.62068 0.32392 0.26942 0.11487 -0.17938 -0.64489 -0.043074 -0.20125 0.026844 0.19 -0.37582
-3.8361 -2.7157 0.41914 0.032429 0.33165 0.11449 0.14691 0.0088617 0.1176 0.17277 0.31258 0.18977 -0.021358
-5.138 -2.6815 0.46485 0.050181 0.34298 0.11952 0.16811 0.018593 0.12626 0.29419 0.56368 0.39955 0.14992
-5.4827 -2.537 0.5662 0.14818 0.45629 0.35679 0.59378 0.49241 0.40111 0.3552 0.40869 0.21069 0.32987
-4.9394 -2.6507 0.62131 0.18605 0.44789 0.18658 0.40362 0.30224 0.45709 0.8353 1.2906 0.73015 0.21468
-4.9074 -2.5854 0.51881 0.14655 0.46407 0.30865 0.40025 0.31341 0.34728 0.26934 0.27806 0.24674 0.24495
-5.8597 -2.5215 0.56163 0.16213 0.46559 0.30538 0.39444 0.2823 0.31039 0.25709 0.27446 0.21274 0.20981
-3.1692 -2.4588 0.7049 0.10537 -0.0064211 -0.049105 0.3534 0.14461 0.48867 0.30328 0.39528 0.083856 0.38614
0.43053 -3.3968 -0.050817 -1.3624 -1.5954 -1.3809 0.61495 0.27967 0.1045 0.6637 1.8015 -0.29455 1.0563
0.51321 -3.9611 -0.59402 -1.477 -1.4898 -1.4138 -0.17512 -0.31224 -0.47638 -0.12544 1.4117 0.76514 0.35856
1.8612 -2.7557 -1.1573 -2.5826 -1.2107 -0.57905 0.093038 -1.4196 -0.60199 -1.1077 -0.15972 0.13161 -0.26628
3.5876 -3.3893 -2.9405 -3.4381 -1.1739 -0.78308 -0.53739 -1.0405 -1.0434 -1.3702 -0.50859 0.016757 -1.1062
3.2767 -2.9512 -2.8024 -2.906 0.14181 -0.56346 -0.79718 -0.76212 -1.102 -0.69507 -0.33367 0.37723 -0.81361
3.1325 -3.2728 -2.5308 -2.9547 0.030078 0.26924 -0.61225 -0.87796 -0.59156 -0.49177 -0.69563 0.59016 -0.90026
3.2334 -3.5 -3.1679 -3.0634 -0.12013 -0.17673 -0.94269 -1.1435 -0.81532 -0.54837 -0.65059 0.24296 -0.8875
3.532 -3.4183 -3.6105 -3.4918 -0.1116 -0.5892 -0.82864 -1.1735 -0.56533 -0.45668 -0.69994 0.41313 -0.69165
3.9517 -2.7512 -3.5657 -2.9014 0.1163 -0.54676 -0.83083 -1.0813 -0.60865 -0.52479 -0.60235 0.50057 -0.4525
4.0843 -2.607 -3.7061 -3.094 -0.18282 -0.58436 -0.55062 -1.3558 -0.44575 -0.7124 -0.80444 0.31328 -0.81122
4.3101 -3.7392 -4.2189 -3.209 -0.67351 -1.2248 -1.2367 -1.4868 -1.0144 -0.80384 -1.0084 0.032733 -0.907
4.2667 -2.6987 -3.6494 -3.2504 0.11607 -0.73772 -1.0435 -1.2523 -0.2872 -1.0329 -0.3439 0.33051 -0.78125
4.2185 -2.7296 -3.4265 -3.2461 0.108 -0.54206 -0.88641 -0.90304 -0.69889 -0.76542 -0.4412 0.29491 -0.66169
4.4429 -2.6079 -3.838 -3.6862 0.028532 -0.58637 -0.9271 -1.2301 -0.47627 -0.78576 -0.6963 0.62646 -0.66491
4.4393 -3.2558 -4.0101 -4.0108 -0.43736 -0.68017 -1.3848 -1.0225 -0.52313 -0.66841 -0.62694 0.82021 -0.3609
3.8977 -2.9775 -3.432 -4.091 -0.36846 -0.94364 -0.66328 -0.66763 0.0081011 -0.57087 0.29125 0.89044 0.29023
3.4331 -3.3133 -3.1979 -4.4626 -1.0838 -0.98663 -0.70092 -0.98316 0.05443 -0.13844 0.33512 0.613 0.80911
3.8672 -3.3826 -3.4665 -4.0586 -0.56834 -0.52623 -0.47448 -0.63601 0.1103 -0.27854 -0.57204 1.4415 0.51342
3.0157 -4.4703 -3.5085 -3.1749 -0.0023041 -0.12022 0.4601 0.068778 -0.061666 -0.65179 -0.2604 0.78601 0.53328
3.0791 -4.3426 -3.5946 -3.4424 -0.11942 0.037589 0.94545 0.2814 0.019888 -0.88371 -0.33126 0.55906 0.19449
2.1073 -5.4215 -2.7155 -2.4896 -0.10379 0.55587 0.74131 0.11108 -0.4568 -0.93424 -0.50648 0.92843 0.70537
