-0.79955 -3.8494 -0.35058 0.47017 0.47675 0.94052 0.51213 0.59805 0.44755 0.26844 -0.17944 0.45691 0.32713
1.6008 -2.2023 1.0032 -0.70512 -1.6783 -1.9111 -0.19916 -0.84551 -0.17914 -0.17502 0.79864 -0.30879 0.49947
3.8522 -3.3717 -0.012275 -1.3498 -2.8303 -2.7616 0.38809 -0.67025 -0.093771 0.089777 0.58205 0.2293 -0.30606
4.3158 -4.8973 -0.61678 -1.1809 -2.8086 -2.1089 0.087334 -0.92127 -0.59919 -0.26766 -0.61914 0.099414 -0.83148
4.8437 -5.4455 -1.1516 -1.4453 -2.7581 -2.3417 -0.15199 -1.1456 -0.30641 -0.73881 -0.71392 0.086084 -0.82416
4.918 -5.4708 -0.88577 -1.1102 -2.6185 -2.214 0.15928 -1.3424 -0.58006 -0.67373 -0.34216 -0.080966 -0.94256
4.8475 -5.1344 -1.4566 -0.98809 -2.5475 -2.3863 -0.012787 -1.0869 -0.84544 -0.88378 -0.16335 0.053188 -0.65144
4.063 -4.4234 -1.2265 -0.53689 -2.0784 -1.8559 -0.22878 -0.98424 -0.88133 -0.86484 0.57673 0.11307 -0.28555
2.8402 -4.3155 -0.49431 -0.8341 -1.7443 -1.5282 -0.6356 -1.2639 -0.97193 -0.93515 0.24448 -0.49871 -0.3732
1.4229 -3.5522 0.12089 -0.45938 -1.2217 -1.0109 -0.44005 -1.1956 -0.26684 -0.55839 -0.064582 -0.50345 0.07748
-1.4001 -3.0111 0.8023 0.31245 0.22871 -0.10282 -0.60611 -1.2301 -0.48762 -0.24399 0.28949 0.59187 -0.29763
-4.421 -2.7192 0.46735 0.11621 0.42687 0.24279 0.23913 0.17931 0.43222 0.58822 0.74113 0.78874 0.54922
-3.7877 -2.5879 0.57404 0.17257 0.45666 0.3893 0.39206 0.36154 0.37384 0.33633 0.33106 0.27036 0.44304
-3.3874 -3.2216 0.24081 -0.27979 0.06531 -0.03256 0.038932 0.1182 -0.035785 -0.197 -0.21251 -0.23403 -0.016888
2.1285 -1.6862 -0.22952 -2.4811 -1.5496 -1.8186 0.12248 -0.98021 0.010237 -0.79979 0.29377 -0.44583 0.58064
4.9003 -3.5882 -2.573 -3.6329 -1.6219 -1.6446 -0.097075 -0.21831 0.032729 -1.1308 0.33195 0.10451 0.15724
5.6062 -4.6399 -3.802 -3.2738 -0.89979 -0.8784 -0.018445 0.19337 -0.66091 -1.2403 -0.41123 0.61378 -0.83816
6.0838 -5.1144 -3.8387 -2.3669 0.063932 0.19023 0.045471 -0.20016 -0.77415 -0.80763 -0.67209 0.65103 -0.94593
6.145 -5.6891 -4.7936 -2.9279 -0.077333 -0.16353 -0.67467 -0.78984 -1.4206 -0.59896 -0.73961 0.65207 -1.099
6.1653 -4.7006 -4.9297 -2.1767 0.16894 0.088126 -0.77011 -0.55583 -1.105 -0.18128 -0.70144 0.31494 -0.79526
5.9494 -5.2931 -4.6835 -2.1391 0.8235 -0.2783 -0.98121 -0.38388 -1.1589 -0.38953 -0.83085 0.34366 -0.62045
5.9968 -5.7416 -4.9903 -2.0282 0.29986 -0.39978 -0.9631 -0.4631 -1.0627 -0.21892 -0.7472 0.33097 -0.24769
6.0065 -5.5869 -5.2117 -2.0615 0.43862 -0.32971 -1.1404 -0.61274 -1.3829 -0.33768 -1.0778 0.40195 -0.39013
6.1665 -5.8537 -4.9352 -1.9847 0.26314 -0.11885 -0.95527 -0.64917 -1.3756 -0.43747 -1.1052 0.4556 -0.3427
6.1194 -5.8481 -4.8306 -2.2696 0.048232 -0.4893 -1.1144 -0.80412 -1.2956 -0.42337 -1.2305 0.49823 -0.63933
6.0987 -5.484 -4.6026 -2.0517 0.29912 -0.2569 -0.72976 -0.78729 -0.9569 -0.1559 -1.0757 0.74787 -0.57353
6.1351 -5.8936 -4.9807 -2.3288 0.019348 -0.17331 -1.0394 -0.795 -1.1212 -0.50934 -1.3219 0.60627 -0.5699
6.1918 -5.6578 -4.2602 -2.3479 0.12018 -0.17033 -0.97681 -0.74963 -1.0445 -0.43661 -1.1869 0.52354 -0.93718
6.0855 -5.718 -4.4082 -2.3507 0.030777 -0.13534 -0.6911 -0.99809 -0.88511 -0.4098 -0.96791 0.79795 -0.66446
5.9285 -5.5901 -4.5875 -2.7128 -0.21067 -0.2399 -0.88095 -1.0156 -1.063 -0.60832 -0.93941 0.72117 -0.79114
5.704 -4.9264 -4.5051 -2.6156 0.077864 -0.13775 -0.53899 -0.82098 -0.77446 -0.5339 -0.86876 0.6328 -0.59989
5.279 -4.4816 -4.1369 -2.6204 0.36863 0.21967 -0.28846 -0.48418 -0.56688 -0.53616 -0.74223 0.4743 -0.563
4.8584 -4.5001 -4.2223 -3.2301 0.045606 -0.32793 -0.52116 -0.88997 -0.708 -0.9756 -0.79171 0.19849 -0.53872
4.3926 -5.19 -4.2162 -3.4045 -0.40188 -0.27319 -0.75455 -1.1159 -0.74035 -1.6247 -0.80414 -0.16749 -0.76006
3.889 -4.472 -3.192 -2.1848 0.22153 0.18371 -0.094641 -0.76333 -0.32777 -0.97858 -0.27899 0.42546 -0.20327
3.5117 -4.5145 -3.5763 -2.6379 0.27287 -0.11183 -0.070035 -0.287 -0.61656 -1.0262 0.10149 0.86728 -0.25105
2.9656 -4.6776 -3.4275 -2.9526 0.02428 0.025325 0.24104 0.52918 -0.978 -1.082 0.54157 0.88991 -0.79496
