1.8475 -2.4195 1.4292 0.31967 -1.1792 -1.053 -0.50613 -1.8664 -0.57803 -0.81546 0.66416 -0.15902 -0.33616
2.5626 -2.8324 1.357 0.99402 -0.45218 -1.4151 -1.5134 -2.3158 -0.7024 -0.24117 0.989 -0.2447 -0.23182
2.7527 -2.8316 1.3081 0.92377 -0.4213 -1.7135 -1.7359 -2.3602 -0.76572 -0.4656 0.91264 -0.17701 0.008784
2.53 -2.8266 1.6875 0.88607 -0.95352 -1.3997 -1.2519 -2.2847 -0.59951 -0.69303 0.81133 0.15751 -0.28823
1.2906 -2.6817 1.3911 0.53935 -0.64483 -0.54338 -0.66374 -2.1036 -0.62469 -0.75701 -0.083309 -0.15134 0.082563
2.2999 -5.2647 1.8035 -0.74559 1.157 -0.7353 -0.16268 -1.3153 0.28477 -0.93457 -0.063075 -0.29083 -0.16537
3.1136 -9.3171 0.99358 -0.8549 0.90366 -0.52131 0.80265 0.69704 0.91917 -0.22615 0.22414 0.14007 0.69101
2.1494 -8.2435 1.4232 -1.2554 1.2944 -0.099151 0.87039 0.27788 1.0692 0.21841 -0.1035 0.29875 0.49935
3.1662 -8.7575 1.0118 -2.144 0.92801 -0.1647 0.97922 -0.34007 0.12394 0.32269 0.64533 0.33536 0.59401
2.2902 -8.5206 0.73496 -2.0704 1.3902 -0.023976 0.83706 0.19969 0.5894 0.54333 0.54469 0.23273 0.27304
2.7703 -8.6824 0.90595 -1.7416 1.2546 0.16345 1.0571 -0.24523 0.089406 0.23577 0.58546 -0.14336 -0.37451
1.8365 -8.7127 0.55604 -1.4151 1.6461 0.088212 0.69291 0.3421 0.05846 -0.057146 0.19278 0.16532 0.29635
2.7455 -9.9617 0.022939 -1.8694 1.017 -0.30513 0.53989 0.64287 0.77747 0.35217 0.061286 0.34367 0.65719
3.569 -8.5338 1.3019 -1.6177 1.0788 -1.0644 0.5014 0.72992 0.8321 -0.24875 -0.013258 0.16682 0.1303
0.95997 -8.4269 1.3082 -0.60828 0.90414 -0.35334 0.39185 0.27494 0.60401 0.28455 0.19364 -0.0073692 0.51114
-0.52578 -2.9486 0.81632 0.24828 0.0023979 -0.35253 -0.45765 -1.1414 -0.38584 -0.33533 0.3511 0.14703 -0.59596
1.6755 -2.2207 0.8066 -0.62162 -1.4003 -1.2262 -0.1778 -0.82984 0.28937 -0.62014 -0.4249 -0.62372 0.033188
1.6546 -2.7282 0.030139 -1.2482 -1.2239 -1.1179 0.0064328 -0.46835 -0.10069 -0.59817 -0.19381 -0.96842 -0.27716
1.6309 -2.8222 -0.23028 -1.9857 -0.88676 -1.0575 0.5644 0.0055224 -1.1438 -0.71623 0.15524 -1.2445 0.056028
1.7141 -2.75 -0.43462 -2.2524 -1.0238 -1.216 0.32035 -0.28793 -0.30407 -0.44847 -0.4053 -1.7332 -0.45547
2.2655 -2.9142 -0.4601 -2.3638 -0.98059 -0.79781 0.7504 -0.26364 -0.571 -0.35718 -0.034976 -1.3557 -0.098654
1.8935 -2.458 -0.033806 -2.0956 -0.52179 -0.8805 0.33995 -0.3322 -0.39574 -0.42459 -0.20446 -0.9107 -0.23668
2.2394 -2.5283 -0.33552 -2.6696 -0.65026 -0.88728 0.49786 -0.28011 -0.35864 -0.45439 -0.30346 -1.3155 -0.2475
2.604 -2.0229 -0.65187 -2.6881 -1.0389 -0.87145 0.048831 -1.2947 0.24723 -0.33364 -0.76614 -0.74636 0.019289
2.7944 -2.3597 -0.6933 -2.3538 -1.114 -1.05 0.10532 -1.0193 -0.1047 -0.28051 -0.53082 -1.2376 -0.17119
2.794 -2.4886 -0.51382 -2.216 -1.238 -0.99221 0.1681 -1.0246 -0.22087 -0.11723 -0.2792 -1.2916 -0.31644
2.7229 -2.4364 -0.66938 -2.0145 -1.3188 -1.1682 -0.058104 -1.0255 -0.091186 -0.25726 -0.42648 -1.4295 -0.0025501
2.7557 -2.3179 -0.70781 -2.164 -1.3119 -1.215 0.11786 -1.1445 0.073874 -0.51014 -0.42644 -1.3484 -0.012397
2.627 -2.4237 -0.54437 -2.0404 -1.1805 -1.2783 -0.23807 -0.97438 0.02152 -0.38658 -0.36539 -1.1879 0.096881
2.2281 -2.6426 -0.44488 -1.7029 -1.7772 -1.4108 -0.17059 -1.0914 0.31791 -0.82127 -0.46764 -1.15 -0.066116
1.2696 -2.7426 -0.041716 -1.4803 -0.96748 -1.0948 0.081352 -0.3279 -0.20445 -0.18669 0.1891 -0.82794 -0.079531
1.0757 -2.926 -0.81645 -2.5744 0.093099 -0.7649 -0.18615 -0.042922 -0.35332 0.33406 -0.32053 -0.90721 0.31994
0.25706 -3.8342 -0.81821 -1.8693 -0.92574 -1.2926 -0.11605 0.57516 0.56938 0.8814 0.40256 -0.85921 0.85032
