-0.30526 -3.8231 1.133 -0.74913 -0.23543 -0.1176 0.097214 0.2912 0.23912 0.072303 -0.099568 0.15991 -0.47169
1.9213 -2.2989 1.4988 0.73113 -1.4221 -1.1622 -0.78323 0.046175 -0.6159 0.34939 0.088492 -0.12023 -0.062433
3.2365 -3.4975 1.8971 1.6428 -1.9007 -1.489 -1.1395 0.077559 -0.76458 0.38712 0.13748 0.40063 -0.28423
2.8829 -3.6371 2.178 1.2519 -1.131 -1.1103 -1.2239 0.043732 -0.98002 0.66732 -0.32656 0.41975 -0.66719
1.3049 -3.0438 1.982 0.72403 -0.77983 -1.1049 -0.31391 0.21463 -0.81053 -0.10207 -0.18696 0.59346 -0.25238
1.638 -5.7922 3.001 -0.48513 -0.070655 -0.15986 -0.1189 0.48842 -0.22984 0.59377 0.19477 0.15781 -0.79231
2.7069 -7.6297 2.7183 -1.403 1.0665 -0.34947 -0.90822 0.85815 0.095583 0.78134 0.1599 0.56973 -0.047682
2.3218 -8.2825 2.2037 -1.2792 0.56652 0.22964 -1.1423 0.19031 0.3171 0.74619 0.10874 0.98466 -0.31928
3.078 -8.6626 2.4977 -0.8995 1.3498 0.19207 -0.68198 0.60201 -0.45259 0.92506 -0.024831 0.75751 -0.166
3.6786 -9.6961 1.9841 -0.8358 0.88349 -0.10665 -0.6924 0.5508 -0.94031 0.62506 0.22514 0.37328 0.42301
3.323 -10.32 0.78529 -0.96193 0.96504 0.88777 -0.28159 0.67121 -0.57979 0.37153 0.35534 1.0526 -0.52335
1.8996 -7.9729 1.3144 -0.50618 0.14104 0.18441 -0.22319 0.15439 -0.4869 0.80692 0.23951 1.1759 -0.29569
-0.1285 -6.7323 0.96867 -0.11446 -0.029243 0.22866 0.25029 0.9251 0.54185 0.60886 -0.015984 0.88747 0.22502
2.0255 -1.1747 -0.26258 -1.7411 -0.49738 -0.047823 -0.3692 0.25401 0.83829 -0.29782 -0.79433 0.13479 -0.3358
3.157 -2.347 -1.0532 -1.2968 -0.32499 0.2255 -0.48719 -0.073169 0.96861 0.19295 -1.3651 -0.40696 -0.090889
2.7686 -2.1517 -0.99109 -1.2447 -0.42593 0.29254 -0.37008 -0.78023 0.73832 -0.088803 -1.1473 -0.33788 -0.27458
2.2938 -1.2765 -0.23024 -2.1477 -0.13477 0.46939 -0.27716 -1.1193 0.84011 0.29031 -1.048 -0.53515 -0.1621
2.4707 -1.3342 -0.31706 -2.1032 -0.45195 0.80989 0.089588 -1.4587 0.96823 0.24318 -1.2771 -0.34795 -0.15304
2.855 -1.2492 -0.49789 -2.8606 -0.55819 0.81545 -0.078807 -0.96248 0.44946 -0.017755 -1.1948 -0.4473 0.12269
3.0772 -0.65594 -0.191 -3.5137 -0.70727 0.44963 0.63838 -0.63815 0.19834 -0.069949 -1.5081 0.21587 0.1306
2.9659 -0.54586 -0.035081 -3.4161 -0.54215 0.50338 0.40537 -0.48979 -0.08784 -0.037287 -0.93137 -0.53625 -0.061981
2.7783 -0.67135 0.21864 -3.277 -0.78785 0.72639 0.18325 -0.3711 -0.0035538 0.041974 -0.71646 -0.66564 0.21432
2.5688 -0.46217 -0.055085 -2.9729 -0.59213 0.50546 0.24984 -0.40548 -0.17703 0.50037 -0.71221 -1.0404 0.23778
2.775 -0.23293 -0.37321 -3.3867 -0.2999 0.38147 0.13837 -0.54554 -0.30955 0.41934 -0.84628 -0.90154 -0.11681
2.1712 -0.37431 0.11378 -2.6842 -0.42224 0.7316 -0.047032 -0.68335 0.43287 0.21319 -0.72542 -0.8564 -0.23034
2.1378 -0.55837 -0.98373 -2.1417 0.019136 0.83878 0.57312 -1.1197 0.23143 0.00011286 -0.59354 -0.23669 -0.10003
1.499 -0.44248 -0.63001 -2.1449 0.53232 0.71333 0.44211 -1.2551 0.054786 -0.10268 -0.5233 0.3607 -0.78611
-0.31677 -1.5582 0.87695 -0.82024 -0.16457 0.14221 0.95566 -0.56099 0.3984 -0.11112 0.30262 -0.58622 -0.8391
