-0.078278 -2.1191 1.1472 1.1155 -0.5006 -0.96896 -0.95233 -0.89897 0.758 -0.5136 -0.39635 -0.073264 -0.33273
2.2295 -2.3902 1.9306 1.228 -1.1779 -1.4996 -1.3373 -0.083686 -0.15592 -0.50433 0.14691 0.17169 -0.50048
2.5513 -2.0581 1.735 0.61554 -1.3982 -1.3235 -1.125 0.10575 -0.57036 -0.99192 0.13787 0.63562 -0.24506
2.2544 -1.5661 1.4652 0.20535 -1.1596 -1.3624 -1.1114 -0.325 -0.29159 -0.75663 -0.17149 0.15283 -0.1063
2.2751 -1.7623 1.3724 0.43075 -1.4364 -1.1596 -1.0649 -0.46856 -0.0040735 -0.81714 -0.13125 0.16083 -0.15207
2.2845 -2.6243 1.7795 0.12602 -0.54709 -2.0686 -0.92456 -0.12314 0.41865 -0.28017 0.0018262 0.33691 -0.36145
2.6508 -4.4377 2.3113 -0.14504 0.14751 -1.7509 -0.30815 -0.03305 0.68528 -0.47418 0.41813 0.41885 -0.097661
2.6302 -7.4899 2.0462 -0.3081 0.63006 -0.55602 0.52758 -0.34994 -0.03628 -0.3037 0.68416 -0.13265 -0.4187
3.4127 -8.5378 1.4138 -0.8497 1.0033 -0.95553 0.90091 -0.16855 0.071963 -0.27487 1.092 0.19174 -0.18323
2.5067 -8.5031 1.606 -1.3551 0.74775 -0.11509 0.4888 -0.44513 0.55905 0.91473 0.56265 0.13638 0.20945
2.0957 -8.6125 1.769 -0.86014 0.64672 -0.23199 0.87014 0.49022 0.50644 0.083447 0.71237 0.54262 0.32187
2.1167 -10.184 1.0294 -1.4487 -0.26654 0.08894 1.212 0.42107 0.68831 0.45633 0.79381 1.2419 0.26908
2.5723 -9.0104 1.3279 -0.52448 -0.29292 -0.40715 0.38708 0.010013 1.315 0.41002 0.2397 0.54213 -0.08792
0.51548 -5.8136 1.2499 -0.26032 -0.2191 -0.1493 -0.13881 0.14305 1.1101 0.32117 0.19083 0.56266 -0.81798
2.7502 -1.5786 -0.59653 -1.8243 -0.61545 0.15461 -0.80214 0.35205 0.3538 0.72279 -1.1704 -0.049979 0.08045
3.8649 -1.5633 -0.88645 -2.9121 -1.1951 0.15345 -0.74936 0.072193 0.52776 0.13807 -1.0272 -0.31667 0.095757
4.4371 -2.5685 -1.7583 -2.5986 -1.4276 0.82453 -0.55181 0.275 0.24004 0.28673 -1.5288 -0.51991 0.37704
4.3347 -2.7866 -2.1009 -2.4601 -1.3896 0.89098 -0.21794 0.30364 0.1175 0.35617 -1.1555 -0.79831 0.22738
4.0481 -2.5172 -2.3495 -2.3479 -1.4364 0.84782 -0.12284 0.053908 0.09074 0.18535 -1.1097 -1.0253 0.46034
3.6503 -2.7086 -2.026 -2.3872 -1.398 0.57433 0.010376 -0.21841 0.080277 0.13638 -0.87377 -1.0956 0.37425
3.4735 -2.8744 -2.2398 -2.4924 -1.1266 0.61556 -0.062645 -0.29857 0.19217 0.17099 -0.88472 -0.74459 0.16273
3.3912 -2.9707 -2.1994 -2.5287 -1.1648 0.76851 -0.29898 -0.24574 0.053673 0.35443 -0.88707 -0.46345 0.0023845
3.3002 -2.5701 -2.4554 -2.5415 -1.1338 0.81258 -0.040564 -0.22429 0.031362 0.5465 -1.1958 -0.6855 0.28127
3.3208 -2.3929 -2.6554 -2.5183 -1.0318 0.9001 -0.12221 -0.43391 0.35873 0.099439 -1.1749 -0.5654 0.15213
2.9405 -2.4099 -2.1903 -2.7932 -0.49984 0.65758 0.11805 -0.47359 0.082259 0.56902 -1.289 -0.50328 -0.082209
2.208 -1.9958 -1.5076 -3.2042 -0.52875 0.31361 0.33697 -0.76383 0.52853 0.44516 -0.86146 -0.62243 -0.13696
1.5919 -2.2568 -1.4307 -3.3687 -0.57531 -0.0097895 0.50247 -0.20732 0.88334 0.98037 -0.82508 -0.7526 0.054235
