0.25145 0.54398
0.25145 0.54398
0.25145 0.54398
0.25145 0.54167
0.25145 0.54398
0.25145 0.54167
0.25145 0.54398
0.24952 0.53935
0.25145 0.54398
0.24952 0.53935
0.24952 0.54167
0.24952 0.54167
0.24952 0.5463
0.25145 0.55324
0.25145 0.5625
0.25145 0.57176
0.24952 0.57407
0.24952 0.58333
0.24952 0.59491
0.25145 0.60185
0.25338 0.58333
0.25919 0.66435
0.26306 0.59954
0.27079 0.60648
0.2766 0.62037
0.2824 0.63426
0.2882 0.65046
0.294 0.66204
0.29787 0.67361
0.29981 0.68056
0.31141 0.69213
0.32882 0.7037
0.34816 0.71296
0.3675 0.72222
0.38491 0.72454
0.40426 0.72917
0.42747 0.73148
0.44874 0.7338
0.46809 0.7338
0.48936 0.73611
0.51064 0.73611
0.53385 0.73843
0.55513 0.73843
0.57447 0.74074
0.59574 0.74306
