0.19536 0.36111
0.19729 0.36111
0.19342 0.36343
0.19536 0.36111
0.19342 0.36343
0.19729 0.36806
0.19536 0.37731
0.19729 0.39352
0.20116 0.40278
0.19729 0.41898
0.20696 0.44444
0.2205 0.46759
0.23985 0.49537
0.25725 0.52546
0.2824 0.55324
0.30174 0.58102
0.32882 0.6088
0.35977 0.63657
0.39458 0.66204
0.42747 0.68056
0.46035 0.69444
0.4913 0.70139
0.52418 0.7037
0.55126 0.69676
0.58027 0.69213
0.60542 0.68056
0.62669 0.65509
0.65571 0.64352
0.68472 0.62963
0.706 0.61343
0.72534 0.59491
0.74468 0.5625
0.75822 0.54167
0.77563 0.5162
0.78917 0.49306
0.79884 0.47222
0.80851 0.4537
0.81625 0.44444
0.82205 0.44907
0.82785 0.42824
0.82979 0.4213
0.83172 0.39815
0.82979 0.37731
0.82979 0.36111
0.82785 0.35185
