0.78917 0.53935
0.78723 0.55093
0.78723 0.53704
0.78723 0.55787
0.78337 0.51389
0.76015 0.45833
0.71567 0.41667
0.64603 0.39815
0.5648 0.41204
0.47195 0.43519
0.41779 0.46528
0.35977 0.52315
0.32108 0.58102
0.29014 0.65741
0.28627 0.68287
0.28627 0.65046
0.28433 0.51852
0.37331 0.41435
0.4971 0.36343
0.61122 0.38426
0.68665 0.31481
0.73694 0.42824
0.76209 0.5162
0.79304 0.57176
0.80851 0.60417
0.81238 0.60417
0.80271 0.58102
0.76789 0.46528
0.7118 0.37269
0.63443 0.33796
0.52611 0.34028
0.42747 0.35185
0.33849 0.37269
0.28046 0.42593
0.24758 0.51389
0.23211 0.61574
0.21663 0.69444
0.20696 0.73148
0.2089 0.72454
0.21083 0.7037
0.22824 0.62963
0.25532 0.52083
0.32689 0.4537
0.43714 0.41435
0.53191 0.40741
