0.66925 0.78009
0.66925 0.78009
0.66925 0.78009
0.67118 0.78009
0.66925 0.78009
0.66925 0.78009
0.66925 0.78009
0.67118 0.78009
0.67118 0.77778
0.67118 0.77778
0.67311 0.77315
0.67698 0.7662
0.68085 0.75694
0.67311 0.75
0.66731 0.73843
0.66151 0.73148
0.65957 0.71991
0.65957 0.70833
0.65957 0.69444
0.65957 0.68519
0.65957 0.67593
0.65764 0.65972
0.65571 0.65046
0.65571 0.62731
0.65764 0.6088
0.66151 0.59028
0.66538 0.56713
0.67118 0.54167
0.67698 0.52315
0.67892 0.50463
0.67892 0.48611
0.68085 0.46528
0.68085 0.44444
0.68279 0.42824
0.68085 0.40972
0.67892 0.38657
0.67892 0.36574
0.67698 0.34259
0.67698 0.32176
0.67505 0.30556
0.67311 0.28704
0.66925 0.26389
0.66731 0.24306
0.66731 0.22454
0.66538 0.20602
