0.60928 0.76157
0.60928 0.76157
0.60928 0.76157
0.60928 0.76157
0.60928 0.76157
0.60928 0.76157
0.60928 0.76157
0.61122 0.76157
0.60928 0.76157
0.60928 0.76157
0.60928 0.76157
0.60928 0.76389
0.60735 0.76389
0.60735 0.76389
0.60735 0.76389
0.60928 0.76389
0.60735 0.76157
0.60735 0.75926
0.60735 0.75694
0.60542 0.75463
0.60348 0.75
0.60155 0.74537
0.60155 0.74074
0.59961 0.7338
0.59768 0.72685
0.59381 0.71991
0.59188 0.71296
0.58607 0.7037
0.58414 0.69444
0.58027 0.68287
0.57834 0.67361
0.57447 0.66435
0.57253 0.65278
0.56867 0.63889
0.56867 0.62731
0.5648 0.61343
0.55513 0.60417
0.54739 0.59259
0.53965 0.58102
0.53191 0.57407
0.52805 0.56713
0.52611 0.56481
0.52418 0.55787
0.51838 0.55324
0.51644 0.54861
