-1.1762 -5.8834 1.7876 -0.65358 1.2031 -0.29868 -0.025181 -0.053107 -0.055023 0.53309 0.49539 0.4585 0.1272
-1.1702 -2.5536 1.0755 0.39894 -0.38498 -0.1966 0.08323 -0.74982 0.086045 0.16434 0.91268 0.2221 -0.57035
3.1258 -2.1143 0.43546 -0.32737 -0.7615 -1.3026 -1.6478 0.3125 0.18264 -0.20516 -0.32259 0.057912 -0.46274
4.1369 -1.7388 0.029587 -0.90875 -1.0149 -1.7119 -1.4842 0.39117 0.87087 -0.2776 -0.30751 -0.20115 -0.19246
4.305 -2.8091 -0.05142 -0.6069 -1.0755 -1.6125 -1.6657 0.79822 0.73137 -0.4955 -0.54085 -0.40564 -0.30189
4.434 -2.4227 -0.9835 -0.61176 -1.1484 -1.1952 -1.3402 0.48632 0.72989 -0.22068 -0.88956 -0.61466 -0.11726
4.7401 -3.017 -0.8378 -0.72732 -1.3981 -0.81448 -1.523 0.70139 0.9195 -0.29348 -0.8919 -0.72683 0.12435
4.4239 -2.7185 -0.82977 -0.90842 -1.2371 -1.0542 -1.4433 0.32737 0.9514 -0.090849 -0.88072 -0.90725 0.078771
4.0267 -2.5977 -0.50484 -0.80358 -0.97519 -1.192 -1.3762 0.081802 0.83139 0.21177 -0.75051 -1.1741 0.27727
3.1716 -2.0687 0.23781 -0.7121 -0.93356 -1.1142 -1.1635 -0.86299 0.85563 0.045257 -0.38082 -0.84866 -0.023407
2.2217 -1.9932 1.1716 -0.2596 -0.2689 -0.6137 -0.92142 -1.4536 0.51913 -0.22217 -0.3249 -0.23621 -0.18905
1.7213 -2.1953 1.4722 0.59296 -0.26753 -0.54638 -1.0484 -1.7194 0.58949 0.023286 -0.21465 -0.22761 -0.068065
1.9082 -2.1218 1.0609 -0.065085 -0.35599 -0.60587 -1.0349 -1.3752 0.68727 0.13552 -0.51957 -0.85661 -0.43292
2.8477 -1.8418 0.5967 -0.99352 -0.54563 -0.87052 -1.1231 -1.881 0.44132 0.19838 -0.11917 -0.39709 -0.54496
3.626 -1.1229 0.20643 -1.3351 -0.50571 -1.3845 -1.0917 -1.4046 0.49292 0.57777 -0.13254 -0.91512 0.12867
4.3896 -1.266 -0.31799 -2.0515 -1.137 -1.2676 -0.96546 -1.1426 0.61923 0.40852 -0.072097 -1.1132 -0.29698
4.2474 -1.5917 -0.71659 -2.3464 -1.3573 -1.1935 -0.47656 -1.0089 0.28535 0.53401 -0.39618 -1.7068 -0.077011
4.1279 -1.4498 -1.544 -2.6692 -0.94824 -1.3137 -0.12162 -1.3772 0.71666 -0.041353 -1.1877 -1.0366 -0.59096
4.2938 -1.6865 -1.5101 -3.1632 -1.2385 -0.75971 0.18818 -1.5349 0.59025 -0.15506 -1.4479 -1.3685 -0.51375
4.0586 -1.2261 -1.7181 -2.9186 -0.7776 -0.36436 0.50723 -1.268 0.51122 0.13103 -1.3575 -0.68384 -0.41989
3.9969 -1.7528 -1.6888 -2.8825 -0.75516 -0.42993 0.29018 -0.77196 0.20293 0.039683 -0.98356 -1.1887 -0.11301
3.9903 -1.9635 -1.686 -2.7138 -0.65809 -0.59527 0.3642 -0.49978 0.23045 -0.061571 -0.86145 -1.1161 -0.093505
3.928 -1.6357 -1.592 -2.7672 -0.61611 -0.54553 0.2446 -0.58615 0.18744 -0.19543 -0.63717 -1.058 -0.047754
3.7879 -1.623 -1.4366 -2.654 -0.81636 -0.53074 0.23791 -0.83602 0.26133 -0.14973 -0.73547 -1.0366 -0.23542
3.8283 -1.7794 -1.6176 -2.6111 -0.99815 -0.36052 0.080899 -1.1059 0.3797 0.05058 -1.0862 -0.8592 -0.50584
3.8866 -1.9549 -1.2058 -2.7708 -1.15 -0.34256 0.44281 -1.2727 0.37584 0.11103 -0.83429 -1.4595 -0.38155
3.8352 -1.9168 -0.98821 -2.8446 -0.98772 -0.75752 0.68467 -0.59198 0.15259 -0.12841 -0.64245 -1.5354 -0.49337
3.1374 -1.9816 -0.45919 -2.5184 -0.80469 -0.78841 0.57128 -0.29081 0.12069 -0.46536 -0.84272 -1.5314 -0.16338
2.0077 -2.5746 0.46772 -1.2904 -0.97822 -1.2104 0.095109 -0.64934 0.10233 -0.78117 -1.1413 -2.1636 -0.35499
1.0602 -2.758 0.54428 -0.65174 -0.65258 -0.60614 0.074492 -0.65533 -0.096433 -0.84583 -1.1727 -1.519 -0.1198
0.45498 -2.7089 0.64969 -0.09339 0.076062 0.13193 0.20951 -0.57938 0.16503 -0.54553 -1.0643 -1.0981 -0.40859
