2.6278 -8.5043 1.3654 -2.1079 -0.20743 -1.5089 1.4622 1.3487 1.4268 -0.15782 0.72701 -0.060913 0.68549
0.96519 -6.3429 2.8228 -1.5793 1.0112 -0.64685 0.85194 0.32425 0.97492 -0.13945 0.73897 0.50532 0.1104
-1.5267 -7.9763 1.7111 0.06279 1.9758 0.14664 0.72722 0.90555 0.22245 0.65042 1.1253 0.59822 0.66571
-1.6981 -6.1057 1.6058 -0.73464 1.7125 -0.17844 0.76348 0.48621 0.39828 0.4963 0.63266 0.52695 0.62876
1.4922 -7.5027 2.4357 -0.7873 1.5907 -0.37781 0.29832 -0.17726 0.26046 -0.32005 0.69132 0.51716 0.46142
3.026 -8.8739 1.1905 -2.2358 0.63021 -0.60938 1.2482 0.082308 0.65162 0.25743 1.0978 0.099784 -0.026407
1.7331 -7.1423 1.8129 -1.1303 1.2835 -0.19674 0.6462 -0.095337 -0.34821 0.37049 0.89174 -0.16979 0.23473
2.0321 -7.2408 1.3457 -1.159 1.5805 0.35081 1.2707 0.28276 0.59332 0.38115 0.53011 0.33121 0.33375
0.30854 -4.648 1.2418 -0.53054 1.0125 0.26243 0.81159 -0.30911 0.85551 0.21203 -0.52931 -0.059618 -0.10228
1.3736 -1.4939 1.241 0.066083 -0.046848 -1.1751 -0.82892 -1.0381 0.37576 -0.5385 -0.073374 -0.1636 -0.88649
3.2698 -2.2499 -0.072567 -0.57421 -0.7743 -2.5334 -1.1184 0.055132 0.43511 -0.43957 0.02433 -0.20185 -0.70593
4.0223 -2.8632 -1.1196 -0.36652 -1.4473 -2.4444 -0.98162 -0.22739 0.43399 -0.27905 -0.34417 -0.095288 -1.2263
4.3427 -3.1225 -1.737 -0.65043 -1.8644 -2.5288 -1.2087 -0.23258 0.27202 -0.37734 -0.7304 -0.39779 -1.2774
4.2402 -3.014 -1.3297 -0.72458 -1.4078 -2.3258 -0.85905 -0.034959 0.42089 0.0099961 -0.68125 -0.21124 -0.80983
3.6816 -3.0668 -1.0037 -0.62793 -1.3021 -1.9041 -1.0837 -0.38426 0.64822 -0.11517 -0.69113 -0.13657 -0.34151
2.5838 -2.9784 -0.76117 -0.56543 -1.0011 -1.4807 -1.6861 -1.3566 0.092503 -0.33482 -0.62908 -0.067305 -0.13508
0.64016 -3.049 0.55622 -0.22176 -0.6498 -1.1424 -1.2284 -1.0427 0.42053 -0.18047 -1.1026 -0.90225 -0.26779
1.1789 -2.6701 0.23963 -1.2313 -0.46079 -1.3236 -1.256 -1.1037 0.16803 0.14792 -0.58224 -1.061 -0.21509
0.87232 -2.8369 0.54476 -0.24882 -0.57443 -1.2178 -1.2235 -1.6296 0.0097637 -0.10136 0.0055139 -0.3777 -0.60321
1.4977 -2.7124 0.72374 -0.59506 -0.94182 -1.4086 -1.3324 -1.8965 0.57539 0.13005 -0.38474 -0.72611 -0.56731
1.9792 -2.1552 0.66038 -1.2451 -0.87353 -1.4689 -0.73428 -0.98389 1.0238 0.11154 -0.73678 -0.6967 0.18046
2.1709 -1.9924 0.71049 -1.4284 -1.0462 -1.6216 -0.51388 -0.77293 0.88643 -0.16979 -0.73875 -0.8201 0.47073
2.3278 -2.1321 0.26253 -1.9022 -1.2693 -1.72 0.11551 -0.68882 0.27913 -0.28981 -0.34312 -1.5518 0.059242
2.6937 -1.8628 -0.23322 -2.3418 -1.2752 -1.9658 -0.19732 -0.90295 0.25468 -0.18961 -0.40906 -2.1851 0.11774
2.8365 -1.9029 -0.64972 -2.9559 -1.1436 -1.4371 -0.16001 -0.68392 -0.3098 -0.37612 -0.44636 -2.203 -0.069866
2.8438 -1.718 -0.81588 -2.7709 -0.086779 -0.65117 0.012819 -0.96194 0.22753 0.23211 -0.86629 -1.4442 -0.70572
2.9546 -1.7045 -0.81507 -3.1172 0.29293 -0.42845 -0.41692 -1.1576 0.46577 0.27863 -1.0215 -1.21 -1.1508
2.8398 -2.2315 -0.8554 -2.5199 -0.15678 -0.15688 -0.23462 -1.2159 0.096017 0.29737 -0.73134 -1.6206 -0.99793
2.8487 -2.5279 -1.3858 -2.4959 -0.14989 -0.56918 0.00067719 -1.1737 -0.29782 0.10597 -0.71304 -1.8902 -1.1159
2.9519 -3.0614 -1.8081 -2.8872 -0.63438 -0.4617 -0.56748 -1.6841 -0.47606 -0.36444 -1.2545 -1.4949 -1.2751
2.8864 -2.6838 -1.8131 -2.9461 -0.34001 -0.5867 -0.2155 -1.2965 -0.37028 -0.35812 -0.99707 -1.7015 -1.3337
2.8015 -2.1148 -1.4194 -2.5461 -0.10384 -0.74735 0.21421 -0.92371 -0.27588 -0.15511 -0.53951 -1.1916 -0.86568
2.7092 -1.6801 -1.1404 -2.6642 -0.30444 -0.94402 0.44158 -0.94465 -0.10256 -0.08002 -0.3544 -1.4841 -0.62939
2.7545 -2.2057 -1.6005 -2.9845 -0.29484 -1.1459 0.19122 -0.81472 -0.3373 -0.27789 -0.29451 -1.325 -0.95485
3.0248 -2.3125 -1.5318 -3.1617 -0.18715 -0.62505 -0.18922 -0.90166 0.057726 0.0075542 -0.5724 -1.0548 -0.98879
3.1951 -2.5522 -1.8618 -3.5157 -0.71559 -0.57467 0.084264 -1.1602 0.12689 0.18062 -0.86325 -1.1157 -1.0213
2.2481 -2.4908 -1.4003 -2.8555 -0.46624 -0.63808 0.334 -0.54529 -0.36724 0.0026296 -0.16104 -1.0096 -0.46331
0.91636 -2.3655 -0.047312 -1.6179 -0.76305 -0.73247 -0.0074706 -1.05 -0.23609 -0.34832 -0.36042 -1.1267 -0.36433
0.73361 -2.8452 -0.1492 -1.8505 -0.40685 -0.58922 0.53788 0.1571 -0.12365 -0.041093 -0.07175 -1.4385 -0.07228
0.84985 -3.0693 -0.67393 -1.8998 -0.58847 0.019409 0.051071 -1.2933 0.40216 -0.40687 -1.2915 -0.58168 -0.23099
