-3.5047 -6.4882 1.9698 -0.085666 1.1818 0.63622 0.73223 0.96438 0.11423 0.42697 0.51004 0.74214 0.5037
-2.8631 -6.3201 1.9661 -0.3271 0.92738 0.083682 0.8513 0.25142 0.11052 0.71021 0.46854 0.45086 1.0652
-1.0251 -6.3371 2.2122 -1.0222 1.6558 0.35146 0.9899 0.23417 0.57962 0.14959 -0.029575 0.34694 0.31203
-0.77438 -7.1034 2.4105 -0.35355 1.1888 0.48132 0.43075 0.39368 0.94599 0.066703 -0.19902 0.7555 -0.49793
-0.85892 -7.9339 2.217 -0.28874 0.94134 0.60677 0.35058 0.34885 1.0818 0.45765 0.19364 0.70238 0.13829
-0.1705 -5.3791 2.1701 -0.30778 0.74757 0.38545 -0.021629 0.065249 0.61195 0.065133 -0.075066 0.89317 0.50337
-0.48247 -4.122 1.9142 -0.23976 1.0403 0.24088 -0.32453 0.60963 0.075161 -0.45748 0.027818 0.77224 -0.16612
2.2143 -0.46573 0.022439 -1.364 -0.79687 -0.85958 -1.423 0.5144 0.13017 -0.71259 -1.526 -0.33986 -0.32156
4.3512 -1.2185 -0.72869 -1.3255 -1.4526 -0.53208 -1.8324 0.55447 0.249 0.14929 -1.9691 0.59115 -0.33868
4.5394 -1.2507 -1.067 -1.6978 -1.4898 -0.72055 -2.0884 0.76013 0.20063 -0.37844 -2.0411 0.38817 -0.66474
4.508 -1.0699 -1.6193 -2.2117 -1.4444 -1.5536 -2.0578 0.17551 -0.025608 -0.33261 -2.5293 -0.16301 -0.82831
4.4876 -0.83096 -1.5642 -2.0131 -1.5955 -1.4634 -2.1589 0.049425 0.36587 -0.33895 -2.4136 -0.18203 -0.83023
4.2756 -0.64048 -1.469 -1.901 -1.7515 -1.333 -1.8061 -0.39716 0.25972 -0.191 -1.7995 -0.48283 -0.62405
3.3564 -0.44358 -0.70904 -1.1567 -1.2472 -0.88967 -1.5136 -0.99274 0.30122 0.35874 -0.90894 -0.28967 -0.057234
2.1373 0.10865 -0.02379 -1.2842 -0.74136 -0.77682 -0.7386 -1.1574 0.33597 -0.44726 -0.27281 -0.18904 -0.21778
2.8812 -0.37172 -0.72264 -1.4185 -0.85611 -1.0723 -0.961 -0.69173 -0.071396 -0.057198 -0.54829 -0.53933 -0.064342
3.677 -0.60483 -1.3996 -1.4399 -1.7715 -0.68582 -1.161 -0.68612 0.3034 -0.11552 -0.94435 -0.71746 -0.17596
4.3919 -0.94757 -2.0399 -1.61 -1.7221 0.12314 -1.3568 -0.007589 0.18498 -0.061089 -1.1324 -0.8649 -0.029408
5.0238 -1.4747 -2.8007 -2.0434 -1.705 0.2177 -1.2468 0.44492 -0.40564 -0.54468 -1.3308 -0.94973 0.14826
5.5668 -0.89291 -3.1897 -2.3832 -0.52263 0.027605 -1.3008 1.3298 -0.80813 -0.54555 -1.282 -0.7397 0.49401
5.83 -1.0716 -3.5004 -2.0015 -0.86151 0.28779 -1.1294 0.94847 -0.6724 -0.55202 -1.5356 -0.60247 0.6184
5.4604 -0.82543 -4.0444 -1.5127 -1.3648 0.281 -0.62942 0.14541 -0.37444 -0.50848 -1.0223 -0.95789 0.68867
5.2643 -0.74789 -3.6732 -1.7682 -0.94856 0.45507 -0.53447 0.35484 -0.60521 -0.46238 -1.0354 -0.74869 0.68435
4.9737 -0.47339 -3.5966 -1.7205 -0.94733 0.28653 0.061132 -0.082569 -0.55951 -0.30963 -1.0237 -0.79022 0.66492
4.9967 -0.18638 -3.7305 -1.2006 -1.0716 -0.083353 0.54136 -0.090878 -0.48468 -0.5533 -0.80154 -0.76954 0.66369
4.9509 -0.056127 -3.5718 -1.502 -0.65032 -0.22456 0.69301 -0.092239 -0.51119 -0.3816 -0.91323 -0.74465 0.55213
4.9086 0.48861 -3.8114 -1.8407 -0.19311 0.054136 0.54207 -0.18023 -0.33672 -0.37187 -0.77985 -0.92857 0.67063
4.6999 0.022074 -3.6961 -1.722 -0.044486 -0.11087 0.595 -0.086056 -0.71378 -0.091496 -0.8984 -0.71196 0.50104
3.8746 0.004774 -2.8936 -1.8177 0.065033 -0.10926 -0.19489 0.26581 -0.30977 -0.45081 -0.88911 -0.84397 0.41764
3.6908 0.1797 -2.5255 -1.9965 0.3757 -0.11319 -0.10515 0.078759 -0.20556 -0.29396 -1.2395 -0.60272 0.36238
3.2599 0.36176 -2.8262 -1.7697 0.94034 -0.40937 0.39541 -0.34851 -0.18008 -0.4089 -0.89545 -0.62931 0.20192
2.4095 -0.080726 -1.8467 -1.3381 0.34415 0.018396 0.64364 -0.5551 -0.2988 -0.46064 -1.1066 -0.20459 0.57759
1.8498 -0.48719 -1.0299 -1.2005 0.08512 -0.14815 0.70129 0.48014 -0.19136 -0.22423 -1.362 0.13569 0.46362
1.0474 -1.1995 -0.70216 -1.1957 0.50995 0.92137 0.58523 0.54058 0.11596 -0.80339 -1.1149 -0.47402 0.16953
-0.059805 -1.6142 -0.39603 -0.65859 1.3214 0.78612 0.671 0.039764 -0.17365 -0.88838 -0.77065 0.01864 -0.168
