1.1007 -8.3355 1.036 -1.2006 1.3378 -0.16108 0.47554 0.45436 0.52846 0.48165 0.75151 0.75498 0.50153
2.7964 -8.7932 0.89127 -1.7256 1.498 -0.46481 0.095148 0.6971 -0.60029 0.40779 0.020567 0.099395 -0.14366
3.2494 -9.4308 0.46459 -2.8977 1.2222 -0.23352 0.29776 0.84868 0.75005 0.76603 0.46162 0.10252 -0.19666
3.4567 -8.4412 1.2856 -2.254 1.2643 -0.67778 0.48029 -0.10615 0.84587 0.78113 0.79052 -0.020451 0.0070069
3.9351 -8.7868 1.0883 -3.2368 1.082 -0.83516 0.58593 0.28976 0.94823 0.54833 0.512 0.40673 0.11522
3.1523 -8.7994 1.107 -2.3412 1.4157 -0.12275 0.50669 -0.48112 0.015852 0.48496 0.02585 0.079984 0.65821
2.627 -9.023 0.85392 -2.3011 0.74721 -0.44916 0.89358 0.27657 0.74921 0.095837 0.20021 0.8053 0.64375
3.0755 -8.1833 1.7366 -2.0669 1.6843 -0.65006 0.25365 0.2509 0.66757 -0.056569 0.25338 0.18855 0.74703
2.3956 -9.1419 0.84513 -1.3485 1.8829 -0.19314 -0.015676 -0.23168 0.49663 0.91673 -0.40419 0.069533 0.067589
1.0858 -5.1989 2.1018 -0.56924 0.13225 -0.79816 0.26903 -0.2249 -0.71078 0.32124 0.01669 0.22776 -0.23256
2.9269 -0.16901 0.054147 -1.8674 -0.88523 -1.1059 -0.70618 -0.86913 0.9619 -0.73582 -0.38146 -0.18763 -0.32681
3.7974 -0.50343 -0.78345 -1.998 -1.3916 -1.314 -0.71202 -0.73089 1.2995 -0.76269 -0.41583 -0.69086 -0.29204
4.5792 -1.0658 -1.4342 -2.0133 -1.7056 -0.82081 -0.73857 -0.65335 1.4468 -0.79377 -1.0227 -0.614 -0.20603
5.0053 -1.1143 -1.984 -2.5061 -1.6123 -0.7907 -0.70267 -0.62801 1.1156 -0.96666 -0.88268 -0.99193 -0.14192
4.9937 -0.71545 -1.9695 -2.7781 -1.5958 -0.79966 -0.64845 -0.8448 1.1079 -0.72355 -0.88821 -1.0247 -0.23166
4.2237 -0.48891 -1.1733 -2.8587 -1.5935 -0.96673 -0.79157 -1.2504 1.4776 -0.29534 -0.65041 -1.0037 -0.17732
1.2402 -1.472 0.61816 -0.93783 -1.074 -1.1074 -0.6155 -1.1154 0.70897 0.10347 -0.19644 -0.75062 -0.069901
0.4124 -2.46 1.1968 0.26125 -0.74118 -0.48628 0.2215 -0.79557 -0.00045882 -0.58772 -0.45038 -1.4686 -0.50942
0.090014 -2.463 1.0071 0.092414 -0.50457 -0.17754 0.31053 -0.82178 0.052825 -0.58193 -0.51298 -1.0862 -0.52558
-0.33267 -2.3344 1.091 0.40692 -0.064131 0.042092 0.0010809 -0.93129 0.28463 -0.64276 -0.72454 -0.38184 -0.51693
-0.52582 -2.5084 1.1008 0.52316 -0.54664 -0.4899 -0.44208 -1.0205 0.5449 -0.51851 -0.95925 -0.64707 0.030576
-0.64792 -2.6252 0.88019 0.24021 -0.56245 -0.57166 -0.44121 -0.93786 0.31641 -0.39735 -0.6974 -0.72131 -0.23938
-0.76404 -2.8426 0.46748 0.032554 -0.075037 -0.11446 0.029017 -0.43881 -0.26381 -0.59667 -0.54522 -0.57253 -0.078186
-0.96242 -2.5927 0.93014 0.47212 -0.2338 0.020992 0.30253 -0.43653 0.082899 -0.5982 -0.58524 -0.706 -0.19899
-0.25369 -1.8402 0.58058 -1.1798 -0.68359 -0.44258 -0.12653 -1.0157 0.44643 -0.1753 -0.10345 -0.16869 -0.65769
3.0903 -1.2053 -0.85687 -3.8728 -1.4223 -0.58824 0.74896 -1.192 -0.14232 0.10212 0.065532 -1.2728 -0.63686
3.4907 -1.3484 -1.3964 -3.932 -1.0905 0.023518 0.90621 -1.1774 -0.1267 -0.32476 -0.57207 -0.60264 -0.31277
3.583 -1.1896 -1.6594 -3.5529 -0.77822 0.27167 0.84602 -1.2316 -0.03505 -0.21856 -0.56972 -0.44063 -0.16926
3.4656 -1.5917 -1.8232 -3.6597 -0.59348 0.53121 0.28677 -1.185 -0.325 -0.30991 -0.79314 -0.37712 -0.27928
3.1053 -1.5412 -1.8062 -3.5143 -0.42503 0.24186 0.8242 -1.4169 -0.11947 -0.65763 -0.68587 -0.38824 -0.50127
2.9177 -1.933 -1.7295 -3.2692 -0.46266 0.35232 0.64976 -1.1445 -0.094555 -0.51032 -1.0282 -0.26134 -0.26758
2.7857 -1.5382 -1.971 -3.0137 -0.083951 0.22347 0.93717 -1.189 -0.064667 -0.57417 -0.90965 -0.0043459 -0.29574
2.5662 -1.8414 -1.6564 -3.1358 -0.61656 -0.15859 0.76541 -1.2388 -0.44557 -0.79535 -0.73992 -0.76631 -0.16098
2.8342 -1.6658 -1.7053 -2.999 -0.27607 0.40801 0.80355 -1.2961 -0.075416 -0.55608 -0.40248 -0.87444 0.099439
2.9545 -1.48 -1.5724 -3.0986 -0.095576 0.35655 0.6149 -1.3742 -0.083137 -0.54525 -0.46477 -0.61192 0.073141
3.0504 -1.8896 -1.797 -3.2171 -0.19267 0.31414 0.31869 -1.3522 -0.44054 -0.69607 -0.9656 -0.415 -0.29235
3.2526 -1.1629 -1.5415 -3.363 -0.078716 0.15995 0.72451 -1.1619 -0.42128 -0.92269 -0.48636 -0.43853 -0.32759
3.1646 -1.2408 -1.1117 -3.2576 -0.68517 0.41622 0.80818 -1.3354 -0.51011 -0.68269 -0.67141 -0.71889 -0.2316
3.1598 -1.58 -1.2224 -3.5181 -1.2888 0.17288 0.73128 -1.742 -0.64024 -0.57292 -0.80274 -1.0461 -0.25195
3.1074 -1.6736 -1.2553 -3.4125 -1.3774 0.07988 0.84882 -1.8525 -0.4668 -0.71186 -0.79362 -1.1241 -0.47249
3.1831 -1.6293 -1.1805 -3.806 -1.1737 0.16743 0.78968 -1.4643 -0.57966 -0.57791 -0.68655 -0.93472 -0.26045
2.9522 -1.7085 -1.0912 -3.3424 -0.86386 0.15141 0.96263 -1.0593 -0.30708 -0.46691 -0.4207 -0.56186 -0.22075
2.7274 -2.0367 -1.6118 -3.299 -0.32959 0.19381 0.5681 -0.90569 -0.25099 -0.50388 -0.69671 -0.49523 -0.13172
2.2712 -2.032 -1.402 -2.9112 0.021514 0.47414 0.79897 -0.91965 -0.36232 -0.17315 -0.68076 -0.2608 -0.32181
1.7802 -2.129 -1.0248 -3.0435 0.2206 0.4545 0.49859 -0.68426 -0.2248 -0.20496 -0.512 -0.37536 -0.36042
1.658 -2.5081 -1.4677 -3.176 -0.13417 0.31607 -0.084974 -1.0305 -0.35196 -0.30175 -0.91541 -0.24626 -0.62724
