1.2753 -8.4942 1.1109 -0.85902 1.1306 0.22809 0.88704 0.44448 -0.049786 0.64695 0.5981 0.11014 0.48073
2.6592 -9.6032 0.49518 -1.8995 0.98811 -0.20227 1.4847 1.3468 0.59998 -0.2604 0.36724 0.3696 0.9475
1.3647 -9.7449 0.34485 -1.455 0.98468 0.018398 1.5538 1.4998 1.1331 0.20724 0.53871 0.43344 0.60632
0.72305 -9.5263 -0.19543 -2.4884 1.9031 0.21306 0.6253 1.1472 1.4235 1.1547 0.55414 1.2087 0.46418
2.0446 -9.7526 0.085197 -1.3742 2.5177 0.49783 0.12029 0.14175 0.16632 0.91946 0.37892 0.48098 0.43356
2.1119 -8.5961 0.62187 -1.8335 1.7703 0.36275 0.31743 -0.05348 0.51361 0.65839 -0.24617 0.64211 0.11237
0.0077369 -6.0503 1.9041 -0.23757 1.2586 0.14635 0.053035 0.12112 0.48461 0.25943 -0.27071 -0.049544 -0.32683
-0.52132 -1.9838 0.87293 0.057756 -0.36052 -0.48148 -0.1378 -0.76444 0.33537 -0.58399 -0.48762 -0.44158 -0.14758
3.1685 -1.29 -0.15988 -1.0145 -0.94056 -1.4911 -0.70729 -0.24268 0.98337 -0.63323 -0.50359 -0.23921 0.16003
3.4651 -1.5314 -0.5048 -1.2904 -1.5102 -1.6198 -0.14284 -0.41154 1.0785 -0.71737 -0.64196 -0.70782 0.22152
4.0188 -1.4699 -1.0727 -1.9653 -1.6556 -1.698 0.018127 -0.42967 0.97369 -1.0173 -0.90264 -0.5937 -0.085747
4.3231 -1.8895 -1.3806 -2.0906 -1.8366 -1.3686 0.019452 -0.38374 0.83062 -1.0412 -0.71962 -0.82713 0.15518
4.3634 -1.6554 -1.5798 -2.1872 -1.7194 -1.213 -0.001925 -0.61618 1.1701 -0.95487 -0.73034 -0.8816 0.19935
4.1292 -1.8463 -1.413 -2.3844 -1.6795 -1.4012 -0.3432 -0.66234 0.79244 -0.46863 -0.737 -1.335 0.16171
2.8887 -2.0979 -0.49771 -2.1902 -1.7207 -1.6484 -0.46915 -1.1897 0.71906 -0.15289 -0.2404 -0.9707 -0.21529
0.5262 -2.5997 0.68009 -0.12704 -0.45477 -0.52375 -0.33423 -0.81456 0.10563 -0.1455 -0.036806 -0.38415 -0.5911
0.16241 -2.5717 0.97458 0.28019 -0.73416 -0.489 0.066278 -0.49802 0.51488 -0.094861 -0.20532 -0.81661 -0.08082
-0.031678 -2.5527 0.9276 0.30372 -0.46035 -0.50597 -0.22366 -0.59247 0.39393 -0.3404 -0.6163 -0.73074 -0.02339
-0.39557 -2.8548 0.47171 0.058984 -0.019492 -0.19795 -0.3451 -0.77288 -0.265 -0.29305 -0.070179 -0.11608 -0.58854
-0.65769 -2.7763 0.67788 0.47593 0.40451 0.13074 -0.29289 -0.42809 0.44072 -0.30809 -1.093 -0.52248 -0.43866
-0.65593 -2.9013 0.54267 0.37188 0.50141 0.20944 -0.34529 -0.63545 -0.0073343 -0.47963 -0.95217 -0.33832 -0.7096
-0.70955 -2.7693 0.7241 0.50353 0.34746 0.11013 -0.32973 -0.67433 0.18776 -0.35441 -0.80547 -0.35763 -0.63059
0.083335 -2.5146 1.0452 0.40562 -0.15061 -0.64962 -0.91734 -1.2978 0.61926 0.30846 0.12614 0.08623 -0.37142
2.9756 -1.5687 -0.32694 -3.1669 -1.4666 -0.32999 0.49707 -0.9615 0.38082 0.15006 0.19707 -1.6406 -0.2885
3.4075 -2.2761 -1.3229 -3.5914 -0.75354 0.17459 0.81594 -0.47652 -0.10451 -0.039226 -0.29857 -1.3313 -0.27782
3.6144 -2.3885 -1.8414 -3.3608 -0.55098 0.95873 0.72034 -0.86527 -0.087162 -0.11277 -0.68428 -0.84288 -0.21557
3.9017 -2.1264 -2.2956 -3.4894 -0.43966 0.96193 0.54048 -1.2743 0.062437 -0.38776 -0.85876 -0.47723 -0.3234
3.8786 -2.4366 -2.3754 -3.1444 -0.28112 1.0768 0.4015 -1.0248 -0.091209 -0.43766 -0.62512 -0.33341 -0.30685
3.7899 -2.6545 -2.4518 -3.2259 -0.35964 0.86259 0.30818 -0.98324 -0.31765 -0.51366 -0.65628 -0.36361 -0.23658
3.6979 -2.4623 -2.5766 -3.1896 -0.084083 0.68549 0.50057 -0.9675 0.20036 -0.29274 -0.8156 -0.019876 -0.28597
3.5516 -2.5409 -2.3947 -3.1128 -0.36667 0.84589 0.34474 -0.9629 -0.024971 -0.28276 -0.78268 -0.14949 -0.16662
3.5077 -2.5796 -2.5537 -3.1121 0.23929 0.65321 0.70579 -0.91395 -0.066091 -0.20045 -0.85104 0.04064 -0.408
3.3698 -2.6813 -2.3152 -2.914 -0.10121 0.52694 0.27918 -0.91077 -0.20954 -0.25055 -0.75803 -0.055517 -0.39464
3.2848 -2.4937 -2.2193 -3.0755 -0.18217 0.35171 0.32472 -1.2169 -0.31775 -0.43675 -0.85109 -0.21654 -0.60542
3.4052 -2.3821 -1.8747 -3.0094 -0.25432 0.54721 0.36795 -1.009 -0.17187 -0.11469 -0.86272 -0.43737 -0.16867
3.6182 -2.318 -1.7257 -3.3685 -0.47378 0.68025 0.45095 -1.0826 -0.20173 -0.20738 -0.70074 -0.5374 -0.52331
3.616 -2.073 -2.053 -3.2865 -0.52662 0.15339 0.40416 -1.0629 -0.17606 -0.52159 -0.79018 -0.54971 -0.3648
3.6775 -2.1997 -2.0106 -3.3924 -0.91655 -0.075186 0.7025 -1.1233 -0.59327 -0.57787 -0.7799 -0.69583 -0.53317
3.635 -1.6706 -1.452 -3.2773 -0.7219 0.3372 1.1503 -0.9069 -0.35512 -0.21885 -0.69188 -0.60636 -0.26775
3.5212 -2.2917 -1.6142 -3.5373 -1.0997 0.12979 0.73407 -1.2603 -0.62534 -0.34008 -0.79026 -0.66394 -0.56617
3.4525 -2.1754 -1.8442 -3.4553 -0.64213 0.19743 0.63044 -1.0323 -0.41381 -0.57336 -0.70968 -0.48414 -0.54461
3.2641 -1.9991 -1.7783 -3.3528 -0.20877 0.21188 0.66745 -1.0247 -0.28456 -0.41142 -0.76418 -0.29316 -0.33209
2.7877 -2.8554 -1.5577 -3.2436 -0.66732 0.48814 0.18925 -0.86346 -0.52237 0.052084 -0.71634 -0.80095 -0.36653
2.1088 -2.4725 -1.291 -3.163 -0.65463 0.035995 0.55232 -0.7181 -0.066183 -0.64898 -0.56287 -0.57835 -0.52958
0.66291 -2.239 -0.67104 -2.2787 -0.34049 0.24859 0.36847 -0.65233 -0.3978 -0.20642 -0.53998 -1.09 -0.084884
1.8682 -2.6814 -1.2275 -3.7507 -0.27333 0.44047 0.43965 -0.16063 -0.036227 0.29067 -0.37409 -1.1635 0.44092
