-1.2592 -6.2064 2.3437 -0.86507 0.49602 -0.31227 1.2543 0.30201 0.28574 0.47462 0.21903 -0.049861 0.82854
-1.1194 -9.4513 0.54215 -0.4963 1.2714 0.48297 1.3827 1.5545 0.89876 0.26664 0.27838 0.34337 0.59105
1.1275 -6.343 1.7102 -2.1286 0.5924 -0.66179 1.1429 0.57456 0.18059 0.18494 0.97264 -0.095754 0.26536
1.3473 -3.2589 2.2391 -0.20479 1.2927 0.7204 0.70616 0.44962 1.374 0.46556 0.22323 0.40368 -0.23822
1.9204 -1.1412 2.1138 0.80377 0.63779 0.64006 0.2736 -0.16886 1.5307 -0.1871 -0.5457 0.22869 -0.42511
4.1413 -1.1225 0.09058 -1.0638 -0.5968 -0.66741 -1.089 0.3875 0.44527 0.97659 -0.90421 0.37843 0.20792
4.5736 -1.7447 -0.34561 -1.581 -0.86021 -0.66126 -0.86794 0.78112 0.67705 0.66102 -1.1562 0.3523 0.099486
4.6129 -2.2286 -0.98396 -1.7387 -0.91062 -0.45722 -1.1256 0.67298 0.15118 0.53269 -1.2181 0.025796 -0.07056
4.3749 -2.0141 -1.5562 -2.0742 -0.77139 -0.78998 -1.1157 0.068969 -0.20667 0.39443 -1.2637 -0.72512 -0.019764
3.9183 -1.5152 -1.1739 -2.3186 -0.4623 -1.0199 -0.70178 -0.45381 0.019722 0.77679 -1.1717 -0.66902 0.1142
2.2571 -1.2205 -0.024786 -2.0448 -0.7029 -0.56579 -0.76863 -1.127 0.5076 0.10792 -0.81416 -0.43774 0.022404
0.87089 -1.8081 1.4245 -0.2525 -0.82844 -0.94796 -0.32873 -1.3886 0.4746 -0.35941 -0.63738 -1.1919 -0.393
0.23645 -2.0652 1.2017 -0.27366 -0.89853 -0.77132 0.22813 -0.78682 0.2092 -0.76448 -0.18568 -0.58874 -0.56077
0.004966 -1.8786 1.6074 0.22275 -1.0554 -0.97398 -0.1196 -0.88818 0.73048 -0.45125 -0.28442 -0.67961 -0.12821
0.31554 -1.521 1.3332 -0.46423 -0.86465 -0.71295 -0.11974 -1.9158 0.021374 -0.39001 0.40064 -0.10257 -0.15132
2.3229 -1.1577 0.23591 -1.9431 -1.3998 -1.1928 -0.60733 -1.3126 -0.11612 0.051147 0.19861 -1.1821 -0.017504
3.3538 -1.4908 -0.54821 -2.9228 -1.1427 -1.1726 -0.65022 -0.17783 -0.42124 0.6033 -0.084973 -1.1857 0.47936
3.8246 -1.6307 -1.3549 -3.0954 -1.0119 -0.60954 -0.6601 0.09846 -0.67273 0.90182 -0.89613 -0.8125 0.68825
3.9212 -1.8963 -1.8992 -3.2138 -1.1649 -0.56364 -0.5542 -0.27327 -0.46194 0.43436 -0.90802 -0.66103 0.42554
4.1872 -2.631 -2.0076 -3.1898 -0.78742 -0.21038 -0.88241 0.14154 -0.88176 0.44573 -1.3206 -0.63747 0.69114
4.162 -2.8538 -2.34 -2.7223 -0.81333 0.27847 -0.69123 0.0038152 -1.1463 0.45943 -1.225 -0.65248 0.62911
3.6729 -2.8937 -1.5236 -2.8744 -0.60661 0.0031226 -1.0568 -0.084177 -0.76829 0.56891 -1.4492 -0.50316 0.44497
3.152 -2.723 -1.4565 -2.7073 -0.71899 -0.053548 -0.89905 -0.38913 -0.76595 0.48998 -1.3992 -0.80286 0.31715
2.5352 -2.4649 -1.4331 -2.4665 -0.57736 -0.28715 -0.99124 -0.43408 -0.6102 0.29099 -1.515 -0.53588 -0.075325
2.5616 -2.591 -1.0736 -2.5067 -0.13779 -0.30398 -1.0435 -0.20977 -0.67775 0.31422 -1.2117 -0.51971 -0.11362
2.4207 -2.5115 -0.59898 -2.263 -0.6047 -0.048044 -0.9214 0.30161 -0.64051 0.10814 -1.1909 -0.78956 0.22138
2.0885 -2.3904 -0.52883 -2.0481 -0.70343 0.68193 -1.1027 -0.51934 -0.22814 -0.015043 -1.4051 -0.36976 -0.12466
2.1082 -2.1698 -1.0383 -2.0109 0.031144 0.32147 -0.57132 -0.52329 -0.25597 0.20694 -1.6631 -0.48039 -0.014364
2.0201 -2.2649 -0.78466 -2.3343 -0.15806 0.14962 -0.93325 -0.26562 0.082824 0.12386 -1.6217 -0.64737 -0.017552
2.1121 -2.9579 -0.64533 -2.4196 -0.43417 -0.19932 -0.18035 -0.10131 0.040825 0.35642 -1.6606 -0.76366 0.13047
1.1253 -2.5339 -0.47655 -2.2353 -0.40802 -0.53984 -0.26227 -0.56596 0.080813 -0.24675 -0.84268 -0.24291 -0.012566
