-0.48287 -8.0223 1.32 -0.6764 1.5614 0.084205 0.87001 0.6853 0.22549 -0.0087716 0.41635 0.90175 0.81
0.74494 -8.7645 0.77637 -1.9456 1.3577 0.1051 1.2525 0.6407 0.70586 0.10651 0.40272 0.5956 0.26194
0.26441 -9.0666 0.45031 -1.3343 2.0711 0.093194 0.64355 1.2113 0.19695 1.0266 1.003 0.30759 0.76457
1.7439 -9.395 0.95436 -1.5112 1.0862 -0.70261 0.51245 1.1046 0.44226 0.15935 0.84815 0.54628 0.041124
1.9293 -9.6808 0.33611 -2.1673 1.4092 0.16642 0.83992 0.72846 0.081282 0.36304 0.39868 0.51819 0.57086
2.6367 -10.19 0.42123 -1.3256 1.8917 0.30883 1.0269 1.1537 -0.10802 0.44124 0.45443 0.37515 0.33282
2.2291 -10.424 0.45723 -2.1475 1.373 0.89264 1.1374 1.7749 0.82088 0.78669 0.34704 0.26035 0.22558
2.9512 -9.9641 0.60336 -2.0306 1.3458 0.29566 0.9448 0.7948 -0.21624 0.13995 0.40085 0.94246 0.46523
2.7659 -10.241 0.84381 -1.6846 1.243 -0.42827 0.30909 0.99722 0.34468 0.3995 0.34428 0.88949 0.25303
0.67014 -4.4197 2.3193 -0.61447 0.36102 -0.6112 -0.70707 -0.54432 0.10931 -0.0073171 -0.81068 -0.024365 -0.38363
1.5848 -1.525 0.37967 -0.77695 -0.71742 -1.2359 -0.86316 -1.0192 0.85345 -0.079916 -0.29985 -0.29831 0.18418
2.2457 -1.1431 0.088546 -1.5484 -0.76032 -1.0737 -1.0488 -1.0032 1.115 0.25434 -0.305 -0.50864 0.18843
2.2427 -1.0329 -0.091694 -1.6929 -0.69212 -0.6455 -1.065 -0.85413 1.0874 0.2304 -0.34319 -0.58578 0.39126
2.1084 -1.1722 -0.44649 -1.441 -0.4559 -1.2546 -1.1079 -1.1494 0.71022 0.12413 -0.38381 -0.42301 -0.12322
1.1313 -1.4988 0.42738 -1.0336 -0.61461 -0.72198 -0.78882 -1.6764 0.39084 -0.25866 -0.1281 -0.45881 -0.32397
0.045457 -1.6712 1.8114 0.40456 -0.036125 -0.1549 -0.47011 -2.108 0.25922 -0.65641 0.19411 0.75268 -0.62121
0.12796 -1.7717 1.6793 0.38514 -0.4282 -0.26351 -0.04109 -1.5994 0.36164 -0.72797 -0.33336 -0.18103 -0.53205
0.17551 -2.2722 1.4785 0.86641 0.15166 0.17903 -0.31896 -1.6238 0.32538 -0.84241 -0.77059 0.09093 -0.66991
0.031101 -2.2623 1.6469 0.94846 0.081478 0.041674 -0.62647 -2.2166 0.075131 -0.89935 -0.29991 0.52847 -0.52043
-0.11318 -2.4128 1.3884 0.84484 -0.069228 -0.012068 -0.51066 -1.9712 -0.11858 -1.0612 -0.51084 0.1983 -0.30817
-0.65953 -2.8164 1.0794 1.1067 0.67444 0.53427 -0.43173 -1.369 0.16783 -0.78327 -1.1036 -0.1664 -1.0172
-1.2855 -2.7436 1.0094 0.7489 0.33223 0.21443 -0.3229 -1.0559 0.15445 -0.24785 -0.38915 -0.16733 -1.1548
0.30254 -1.8811 0.72815 -0.92543 -0.73716 -0.59523 -0.48972 -1.6301 0.37764 -0.12187 -0.11183 -0.16848 -0.14896
2.0037 -0.85123 -0.084171 -2.2454 -0.93237 -0.54349 0.035372 -1.5697 0.80267 0.51721 0.38674 -0.64972 -0.13283
2.2705 -0.80643 -0.33989 -2.4748 -0.79213 -0.84511 0.21193 -0.92601 0.41985 0.41787 0.42749 -0.90706 -0.25044
2.4056 -0.96034 -0.7486 -2.8318 -0.71087 -0.45081 0.16418 -1.2539 0.40858 0.18003 -0.12895 -0.88782 -0.43336
2.6251 -1.2017 -0.89217 -2.9837 -1.1943 -0.050594 0.27808 -1.2778 0.34474 0.35866 -0.21464 -1.0582 -0.16481
2.6792 -1.5627 -1.211 -2.7662 -0.99304 -0.029427 0.34714 -0.78953 0.25167 -0.011219 -0.14007 -1.0633 -0.063715
2.3174 -1.6227 -1.3584 -2.6518 -0.91953 -0.49688 0.55332 -0.87944 0.058156 -0.034154 -0.14232 -1.1018 0.037828
2.1023 -1.7073 -1.0792 -2.6559 -0.7066 0.10915 0.59354 -1.1368 0.50431 0.19399 -0.74323 -0.59409 0.012206
2.0947 -1.695 -1.0657 -2.5506 -0.6548 0.29311 0.53784 -1.0203 0.28233 -0.17816 -1.0307 -0.82069 0.13607
2.1183 -1.73 -1.2082 -2.5724 -0.541 -0.11873 0.39314 -1.1059 0.51442 0.014112 -1.0517 -0.70408 -0.19446
1.9986 -1.9622 -1.242 -2.35 -0.45823 -0.084669 0.24189 -0.62709 0.11969 -0.075901 -0.88514 -0.51145 -0.10527
1.8922 -2.2366 -1.1624 -2.3325 -0.2651 -0.45622 0.031355 -0.31458 0.22398 -0.19901 -0.43423 -0.84609 -0.083646
1.8304 -1.8224 -1.2367 -2.1798 -0.44917 0.031078 0.011055 -0.6106 0.70146 -0.19334 -0.87196 -0.54021 -0.33917
1.8382 -2.1148 -1.0649 -2.0305 -0.48354 -0.27022 0.024356 -0.553 0.55708 -0.2715 -0.80478 -0.80683 -0.15267
1.6746 -1.4229 -1.031 -2.1251 -0.47469 -0.23127 0.19356 -0.92262 0.92347 -0.26752 -1.1692 -0.46675 -0.40171
1.5075 -1.7876 -0.80111 -2.1946 -0.456 -0.5627 0.042686 -0.71721 0.58042 -0.23244 -0.73138 -0.59065 -0.13046
1.2668 -1.6743 -0.84741 -1.7617 -0.31491 -0.52861 0.087173 -0.75079 0.73001 -0.066249 -0.86859 -0.79594 -0.22128
0.84248 -1.8473 -0.56731 -1.7403 -0.41362 -0.66835 0.14404 -0.5957 0.67882 -0.10381 -0.54065 -0.79384 -0.088934
0.053291 -2.5814 -0.293 -1.3413 -0.10783 -0.31807 0.15638 -0.13465 0.37881 -0.20472 -0.6728 -0.50594 -0.10851
