2.4457 -8.6152 1.0319 -1.9604 1.8305 0.54465 0.31348 0.51755 -0.088514 0.59191 0.1818 0.63922 0.43293
3.6626 -9.8377 1.4309 -0.86953 1.4073 -0.90846 -0.079232 0.68988 0.3358 0.7935 0.063642 0.24287 -0.15446
4.2257 -10.133 0.82177 -2.4483 0.93035 0.31991 0.35345 1.0552 0.94407 0.39683 -0.034215 0.10698 0.31659
4.8507 -10.062 1.7515 -1.8653 1.2762 0.20493 0.062283 -0.27957 0.014184 0.12415 -0.10419 0.69799 0.32362
4.5455 -10.599 1.0866 -2.2295 0.8247 0.1936 0.75171 0.6736 0.52803 0.53734 -0.63304 0.5924 0.28286
4.6273 -10.335 0.70894 -2.466 1.1786 0.34132 0.69931 0.40436 -0.32706 -0.062875 -0.012096 0.5108 -0.19737
5.1745 -9.9456 1.897 -1.522 1.0284 -0.03737 0.10353 -0.20003 0.3986 0.10949 -0.43595 0.098515 -0.18121
5.4375 -9.864 1.3219 -1.4816 1.1679 -0.18934 -0.35353 0.060536 -0.28118 0.29186 0.82947 0.27805 -0.29871
5.6113 -9.7472 1.3665 -1.7153 0.79685 -0.02727 1.2448 0.67758 -0.1631 -0.2705 0.28415 0.7892 0.042848
4.9309 -6.9083 2.3907 -1.0185 0.73818 -0.20271 0.98139 0.32236 -0.08816 -0.0070394 -0.22957 0.23637 -0.082589
3.883 -3.1233 2.3964 -1.5372 -0.24344 -0.82462 -0.5725 0.0057044 0.073163 -0.25686 -0.83734 0.2148 -0.80119
5.8155 -2.0071 0.20505 -0.83994 -1.7172 -0.4139 -1.6003 0.36911 1.0148 -0.10323 -0.80253 -0.045214 -0.43321
6.6027 -2.2669 -0.53931 -0.90379 -1.4635 -1.2961 -1.5498 0.076295 1.1977 -0.5224 -0.84507 -0.025369 -0.39064
6.6926 -2.2966 -0.54015 -0.45597 -1.2877 -1.4948 -1.4217 0.33667 1.1631 -0.20766 -1.1523 0.14257 -0.24078
6.6484 -1.9755 -0.87569 -0.26689 -1.3656 -1.6697 -1.0543 0.21696 1.4454 -0.31211 -0.88646 -0.025501 -0.03282
5.929 -1.7623 -0.78031 -0.17053 -1.5853 -1.2918 -1.837 -0.35054 1.0935 0.0051975 -0.68176 -0.72589 0.10126
3.2342 -0.45835 -1.0664 0.15528 -0.19642 -0.065029 -0.37103 -1.015 0.29607 0.067486 0.37917 -0.75535 0.21399
0.75834 -0.94771 1.3769 -0.0096973 0.036483 -0.1691 0.015215 -1.2203 0.72916 -0.47268 -0.50951 -0.48084 -0.16756
0.4729 -1.3723 1.591 -0.10836 -0.19104 -0.51289 -0.1104 -1.4571 -0.018365 -0.50673 0.16057 -0.11805 -0.57841
0.55597 -1.4858 1.2687 0.41849 -0.080157 0.095783 -0.15738 -1.5604 0.39355 -0.57825 -0.41523 0.073385 -0.45459
3.7848 -0.22603 -0.17675 -0.54138 -1.0403 -0.36004 -0.80535 -1.3369 0.41868 0.5124 0.72086 -0.99678 0.57239
5.6672 -0.71553 -1.1075 -0.62815 -1.588 -0.25281 -0.51231 -0.46281 0.78809 0.64498 0.10227 -0.95095 0.28844
6.0557 -1.1421 -1.6876 -1.482 -1.7097 0.084871 0.66226 -0.23706 0.76274 -0.0064032 -0.29031 -1.3496 0.35664
6.0574 -1.0954 -2.2616 -1.4659 -1.8627 0.85611 0.84211 -0.49913 0.48825 -0.025039 -0.11538 -1.4245 0.43201
6.1945 -1.5541 -2.2426 -1.6639 -1.8089 1.4457 0.96204 -0.39377 0.38112 0.10793 -0.66634 -1.0982 0.7236
6.0387 -1.6162 -2.1557 -2.1549 -1.4145 1.7728 0.53208 -0.26321 0.16081 0.084454 -0.8415 -0.63442 0.83831
5.8837 -1.0449 -2.4271 -2.1333 -1.1218 1.9682 0.54601 -0.29393 -0.18705 0.13196 -0.70717 -0.5346 0.88042
5.7493 -1.124 -2.245 -2.2993 -1.1604 1.9543 0.31246 -0.41647 0.18415 0.050929 -0.929 -0.3927 0.69786
5.6545 -1.4635 -2.2885 -2.0138 -1.4553 1.8415 0.14716 -0.28322 -0.10282 0.30579 -0.90539 -0.53907 0.78075
5.1109 -0.94665 -1.9948 -2.5044 -0.82265 1.4656 0.45104 -0.42987 -0.11645 0.38312 -0.92646 -0.44362 0.64491
5.0029 -0.77567 -2.052 -2.7497 -0.67194 1.3889 0.52173 -0.36438 -0.11852 0.43639 -1.0137 -0.44266 0.69537
4.338 -0.96329 -1.8302 -2.4386 -0.51305 1.5042 0.40569 -0.26482 -0.22283 0.51737 -0.92424 -0.45046 0.74071
4.3581 -1.5873 -1.7997 -2.1619 -0.89951 1.6914 0.66645 -0.36688 -0.38521 0.77793 -1.272 -0.41945 0.9602
3.9448 -1.614 -1.5961 -2.2895 -0.56445 1.3478 0.63889 -0.035645 -0.2659 0.57383 -1.1577 -0.1261 0.72046
3.3797 -0.75641 -1.6642 -2.5837 0.037975 0.76415 0.64509 -0.12393 0.17313 0.14903 -1.0623 -0.17074 0.43468
1.8031 -1.2258 -0.50593 -1.9784 -0.12936 0.96667 0.98944 -0.35085 0.17946 -0.24075 -0.87664 -0.51231 0.59036
1.024 -1.1425 1.1216 -1.5028 -1.091 -0.55801 1.6051 -0.35716 -0.16193 -0.62401 0.12292 -0.28983 0.95674
