3.0697 -1.2849 0.37673 -1.4458 -1.0155 -1.3597 -0.58973 -0.56928 0.68054 -0.46775 -0.065154 -0.23133 -0.087321
5.109 -1.4979 -0.90439 -2.3764 -0.94149 -1.3168 -0.93255 0.19787 0.97088 -0.29427 -0.69324 -0.14174 -0.45286
5.6681 -1.7599 -1.9289 -2.2135 -1.3661 -0.81717 -0.98738 0.41716 0.86849 -0.91705 -0.91686 -0.030762 -0.30053
5.9122 -2.0661 -2.189 -2.4492 -1.4833 -0.74126 -0.91872 0.42298 0.81114 -1.4282 -0.92704 -0.2886 -0.1435
5.7008 -2.0039 -2.1092 -2.2691 -1.2602 -1.0993 -0.5984 0.48279 0.76375 -0.85033 -0.95207 -0.6682 0.022825
4.839 -1.4465 -1.8431 -2.3503 -1.0572 -1.3363 -0.5729 0.054336 0.85013 -0.40981 -0.59783 -0.69842 0.047594
2.0863 -1.4805 0.12712 -1.3892 -0.7229 -0.77253 -0.32403 -0.9493 0.56321 -0.14884 -0.030223 -0.56654 0.015966
1.2307 -2.0721 1.4099 0.2453 -0.88184 -0.49347 0.16424 -1.1921 0.092676 -0.77431 -0.36518 -0.68633 0.139
1.0242 -2.5852 0.93453 0.47387 -0.38119 -0.33938 -0.23709 -0.82832 0.22862 -0.64073 -0.60492 -0.37988 -0.20379
0.81537 -2.5093 1.2946 0.66116 -0.69437 -0.3997 -0.096243 -1.1 0.51498 -0.49257 -0.68627 -1.1119 -0.47285
0.86406 -2.5195 1.1187 0.54043 -0.66138 -0.34033 -0.012562 -0.94219 0.24841 -0.53895 -0.4554 -0.79342 -0.47914
0.66318 -2.5022 0.99999 0.56519 0.24463 -0.073 -0.40754 -0.78487 0.45481 -0.42231 -1.0209 -0.49643 -0.40217
0.42454 -2.4646 0.99857 0.37793 -0.31196 -0.15478 -0.093621 -1.0774 -0.26846 -0.65262 -0.033595 -0.027953 -0.30872
1.9987 -1.4539 -0.53448 -2.0269 -0.34077 -0.19224 0.40869 -0.62371 0.25274 -0.27415 -0.60342 -0.3847 -0.54142
4.3488 -1.3574 -1.9734 -2.923 -0.73547 -0.4888 1.0644 -0.3207 0.50555 0.039171 -0.41887 -1.1014 0.2559
4.7777 -1.7453 -2.8635 -3.0139 0.07017 -0.22346 0.87635 -0.54585 -0.27623 0.085505 -0.98405 -0.43909 0.44798
4.597 -1.2178 -2.3432 -2.9637 0.034555 -0.031459 0.65516 -0.66108 -0.37299 -0.21625 -0.85262 -0.16037 0.47923
4.9282 -1.7626 -2.8712 -2.4732 0.12691 0.45221 0.84137 -0.51997 -0.54463 0.20065 -0.94746 -0.23545 0.25418
5.265 -2.0117 -3.2554 -2.1465 0.078211 0.24568 0.54862 -0.86291 -0.46782 -0.021349 -1.0482 -0.16315 0.159
5.4212 -2.0495 -3.2043 -2.2413 0.24755 0.35911 0.39421 -0.7027 -0.50725 -0.044278 -0.82335 -0.33546 0.10918
5.4616 -1.8055 -3.4508 -2.4204 0.45005 0.079992 0.44809 -0.9254 -0.46944 -0.21535 -0.78811 -0.28802 -0.086433
5.5633 -1.5815 -3.5139 -2.1278 0.5021 0.20372 0.36078 -0.99752 -0.18399 -0.051678 -1.142 0.088582 -0.27317
5.6459 -1.2703 -3.5923 -2.7127 0.4702 0.13001 -0.0053787 -0.91518 -0.18163 -0.23996 -0.98944 -0.049059 -0.38669
5.6702 -1.4041 -3.482 -2.6697 0.41677 0.20136 -0.15981 -0.84794 -0.20791 -0.29969 -1.1888 -0.11029 -0.28904
5.6672 -1.4482 -3.5038 -2.816 0.26051 -0.055897 -0.15001 -1.0737 -0.14858 -0.5799 -1.2005 -0.089909 -0.27362
5.411 -1.3025 -3.1234 -2.7688 0.22391 0.18031 -0.30068 -0.91722 -0.12256 -0.47549 -1.1196 -0.1443 -0.065478
4.8713 -1.1709 -2.4587 -2.9541 0.49302 0.16903 -0.441 -0.70385 -0.12754 -0.40862 -1.1881 0.14639 -0.38492
3.7473 -1.1843 -1.3239 -2.9123 0.23925 0.051815 -0.14704 -0.99016 -0.17997 -0.40086 -0.83738 -0.30832 -0.51744
2.16 -2.6381 0.068895 -0.62377 0.45449 0.096908 -0.28125 -0.65048 -0.25322 -0.50447 -0.49582 -0.28245 -0.96031
1.4536 -3.0072 0.31443 0.25704 0.99213 0.78447 0.070998 -0.37023 -0.22888 -0.78492 -1.0176 0.012984 -0.7231
0.4207 -3.1529 0.043442 -0.086604 0.79806 0.57512 0.05557 -0.07329 0.37739 9.8374e-05 -0.49254 0.11391 -0.7783
