-0.32049 -7.5491 1.2243 -0.58569 1.2832 0.24276 0.46109 -0.048197 0.34088 1.164 0.70459 -0.078538 -0.17437
-2.348 -8.6296 1.2121 0.012522 0.89117 1.0098 1.1988 -0.11263 0.90066 0.8273 0.60813 0.51522 0.6227
-0.61303 -8.6209 0.83957 -0.99412 0.30948 0.61341 1.923 0.71845 0.48233 0.046029 0.55161 0.41368 0.92953
0.11998 -7.7209 1.9484 -0.65823 0.29905 0.22291 1.4848 -0.20665 0.24854 0.32652 1.1065 -0.075583 0.37073
-0.74579 -5.8261 1.9699 -0.05959 0.20223 0.45372 0.78488 -0.091075 0.45948 0.29162 0.45044 0.42382 0.26454
-1.7758 -2.9637 0.49024 0.20027 0.48099 0.42482 0.39934 0.5808 0.58214 0.24165 -0.061174 0.23001 0.6289
-2.6253 -2.7508 0.46031 0.21114 0.525 0.43448 0.39993 0.36467 0.60732 0.20588 -0.12156 0.096392 -0.020916
1.6839 -1.9685 0.054116 -2.4309 -2.0926 -1.6426 -0.12495 -0.53945 -0.28997 -0.90517 0.26234 -0.28904 0.50202
3.5471 -3.2214 -0.60598 -3.4741 -1.4218 -1.3372 -0.29954 0.80474 -0.74326 -1.13 -0.064651 -0.23012 -0.35443
4.2318 -4.0595 -1.7118 -3.8789 -1.1156 -1.3685 -0.79348 0.35636 -1.2233 -1.0942 -0.50691 0.11229 -0.75171
4.6492 -3.8632 -2.0266 -3.7039 -0.65782 -1.2646 -0.76798 0.87062 -1.3987 -0.9258 -0.34525 0.10272 -0.7675
4.6917 -3.6027 -2.326 -3.2361 -0.97411 -1.1412 -0.70383 0.42235 -0.99518 -1.1529 -0.60677 0.19664 -1.0037
4.6603 -3.8581 -2.8318 -3.3782 -1.1628 -1.6434 -0.97537 0.23103 -0.84597 -1.1775 -1.0539 0.12788 -1.1922
3.6665 -3.1295 -1.8463 -2.9481 -1.0638 -1.8001 -1.0961 -0.089054 -0.1051 -0.69047 -0.78727 -0.14325 -0.52525
0.89658 -2.6274 0.097083 -1.1945 -0.98489 -1.4109 -0.62471 -0.66456 0.18319 -0.62196 -0.34316 -0.18646 0.17621
-0.39862 -3.0111 0.18994 -0.50576 -0.18134 -0.26406 -0.081399 -0.54223 -0.17225 -0.60826 -0.60762 -0.39405 0.020022
-0.71196 -3.2407 0.28753 -0.066313 -0.33936 -0.52616 -0.68489 -0.99558 -0.15271 -0.58569 -0.83993 -0.67334 -0.56982
-1.5211 -3.4288 0.38703 -0.036275 -0.046894 -0.36968 -0.92589 -1.6051 -0.8954 -0.55212 -0.046254 0.076728 -1.2787
-2.4395 -3.0292 0.37446 0.023046 0.25562 -0.050806 -0.17257 -0.50341 -0.29937 -0.00065129 0.34087 -0.013187 -0.68213
-2.0775 -3.0378 0.45277 -0.2865 -0.28971 -0.18994 0.24491 -0.3785 -0.77083 -0.27654 0.46121 -0.27033 -0.70542
0.35864 -1.6111 0.4093 -0.91065 -0.74637 -0.63584 -0.16912 -1.1196 0.57305 -0.60886 -0.53467 -0.047447 0.12087
3.5799 -2.3976 -2.4347 -2.7891 -0.85982 -0.5617 0.036624 -0.24095 0.25917 -0.65513 -0.44545 -0.39194 -0.12761
5.1353 -3.2934 -4.1997 -3.0911 -0.83693 0.3614 0.23231 -0.89479 -0.23957 -0.89749 -0.64267 0.10782 -0.66725
5.5179 -3.4592 -4.8072 -2.9467 -0.4045 0.58671 -0.2051 -1.0955 -0.10003 -0.84529 -0.66224 0.21445 -0.70187
5.4342 -3.1646 -4.8798 -2.7268 -0.049829 0.15354 -0.40034 -1.5864 -0.082828 -0.66326 -0.89565 -0.098828 -0.7894
5.4053 -3.6017 -4.7648 -2.8202 -0.0020792 0.39913 -0.83061 -1.4145 -0.17661 -0.46622 -0.90476 -0.049002 -0.84754
5.4 -3.7073 -4.7322 -2.8722 -0.0020243 0.54394 -0.96689 -1.3168 -0.10942 -0.2839 -1.0671 -0.040275 -0.92465
5.2651 -3.5401 -4.3448 -2.467 0.29082 0.68457 -0.58813 -1.0508 0.17783 -0.20162 -1.0155 0.23179 -0.79597
5.0685 -3.8289 -4.8231 -2.706 -0.017113 0.38002 -0.87842 -1.1603 0.20222 -0.35308 -1.0232 -0.042102 -0.79352
4.6754 -3.8874 -4.0698 -2.8928 0.19659 0.019154 -1.3574 -1.3398 -0.25812 -0.61572 -0.87827 -0.20152 -0.90004
4.1371 -4.0131 -3.581 -2.8036 0.15345 0.085687 -1.2189 -1.1833 -0.0057221 -0.55553 -0.64343 0.1113 -0.76792
3.4296 -3.9573 -3.2326 -2.3817 -0.015099 0.08106 -1.0282 -0.996 -0.13514 -0.81113 -0.41451 0.24892 -0.3233
2.5641 -4.0254 -2.5831 -2.5086 -0.16501 -0.12633 -0.96538 -1.0568 -0.4265 -0.71921 -0.39685 0.33188 -0.43866
1.9128 -4.3468 -2.594 -2.5045 -0.65296 -0.79528 -0.96681 -0.65787 -1.17 -1.0439 -0.37702 -0.22001 -0.37474
1.218 -4.0281 -1.4434 -1.9055 -0.37811 -0.64186 -0.66074 -0.63017 -0.43715 -0.46936 -0.53664 0.10544 0.31462
0.48538 -4.006 -0.93923 -1.5829 -0.6619 -0.80217 -0.4214 -0.83031 -0.68055 -0.43947 -0.12032 -0.16652 0.33484
