-0.30049 -7.8036 1.3613 -0.7782 0.87909 0.32084 0.65137 0.0011431 0.78294 0.22796 0.16035 0.43541 -0.10382
0.4986 -5.8744 1.9289 -0.68508 1.2107 0.16704 0.67243 0.16596 0.3275 -0.015269 -0.22884 0.15128 -0.75931
-1.5363 -2.976 0.77813 0.045521 0.75554 0.35442 0.51397 0.35963 0.60506 0.013303 -0.48267 -0.053214 0.15139
2.7019 -2.0652 -0.85169 -2.7749 -1.9075 -1.6756 -0.16143 -0.54881 -0.61518 -0.91557 0.098823 -0.15177 0.18667
4.4386 -4.9961 -2.2228 -2.5327 -1.5183 -1.6069 -0.46373 0.44515 -1.1895 -1.1399 -0.55937 -0.11528 -0.67352
5.0461 -5.2304 -2.9452 -2.49 -1.792 -1.243 -0.71212 0.37226 -1.3807 -1.2468 -0.71261 0.27832 -1.1804
5.3435 -5.7708 -3.1853 -2.8409 -2.0439 -1.2211 -0.93588 0.35558 -1.3189 -1.2178 -0.53191 0.36897 -1.0571
5.2082 -5.2692 -3.1097 -2.8695 -1.8963 -1.2119 -1.153 0.35448 -1.1951 -1.2237 -0.5863 0.23663 -1.0335
4.5562 -4.6424 -2.9754 -3.0103 -2.1305 -1.9045 -1.5071 -0.34593 -1.0307 -1.1632 -0.88443 0.20112 -1.1981
1.8605 -2.6987 -0.71721 -1.3111 -0.81396 -1.3204 -1.0368 -1.0312 0.27388 -0.39131 -0.36073 0.031389 -0.41839
0.46391 -2.9614 0.49167 -0.33593 -0.80253 -1.1137 -0.73515 -0.91496 0.41488 -0.25128 -0.29726 -0.49895 0.048294
0.22364 -2.8845 0.71908 -0.13721 -1.0181 -0.68651 -0.052279 -1.0382 0.0066241 -0.62042 -0.25148 -0.78309 -0.29729
0.11101 -3.6558 0.074264 -0.14113 -0.48826 -0.67291 -1.0532 -1.523 -0.15983 -0.80227 -1.1155 -0.72499 -0.81163
-0.08548 -3.4714 0.26829 0.087569 -0.24791 -0.66183 -1.1334 -1.5117 0.11901 -0.32209 -0.56678 -0.34024 -0.51477
0.86432 -3.0427 0.20164 -0.7901 -0.66997 -0.76184 -0.60876 -1.4551 0.19861 -0.2385 -0.21728 -0.26727 -0.28447
3.1123 -2.4215 -1.3313 -2.7105 -1.2404 -1.3097 -0.68098 -0.43514 0.53633 -0.70903 -0.68759 -0.33884 -0.40716
4.8336 -3.7684 -3.748 -3.6384 -1.439 -0.64279 -0.67347 -0.93718 -0.66678 -1.3038 -0.92565 0.25457 -0.76508
5.5511 -4.0888 -4.2501 -3.1025 -0.94012 0.093417 -1.1247 -1.2636 -1.2085 -1.0684 -0.89004 0.20337 -1.1407
5.8219 -3.9897 -4.5595 -2.7202 -0.98351 0.30112 -0.95104 -1.6094 -0.90643 -0.6522 -0.65461 0.3371 -1.2113
5.8362 -4.1848 -4.7967 -2.7532 -0.90914 0.22497 -0.85096 -1.8052 -0.65586 -0.59656 -0.68068 0.087803 -1.0741
5.4325 -3.477 -4.4206 -2.8728 -0.093081 0.3694 -0.76492 -1.7544 -0.029148 -0.44173 -0.7979 0.25558 -0.97721
4.9217 -3.2597 -3.7031 -2.9467 0.30886 0.64142 -0.90369 -1.502 0.0044867 -0.31822 -0.59368 0.25355 -0.8817
4.4964 -3.766 -3.8037 -2.8428 -0.32386 0.029844 -0.74552 -1.8847 -0.03668 -0.19566 -0.58571 -0.0086698 -0.78623
4.2795 -3.4696 -3.4938 -3.15 -0.12122 0.59896 -1.0572 -1.9908 0.26426 -0.74382 -0.75791 0.056712 -0.85205
4.1837 -3.1567 -3.0035 -3.1888 0.029625 0.70152 -0.84257 -1.5607 0.11995 -0.53496 -0.60528 0.070339 -0.61134
3.7619 -3.9452 -3.6395 -3.113 -0.69384 -0.21877 -1.1069 -1.6794 -0.35731 -0.80039 -0.67959 0.21716 -0.54609
3.3378 -4.0559 -3.6759 -2.8667 -0.80887 -0.34556 -1.0997 -1.3456 -0.61651 -0.78297 -0.4375 0.097914 -0.32111
2.6853 -3.8035 -3.0759 -3.3287 -0.723 -1.1157 -1.1763 -0.94805 -0.86868 -0.84745 -0.64808 -0.2406 -0.49235
2.6854 -2.6781 -2.7598 -2.6905 -0.28506 -0.71392 -0.82708 -0.84357 0.080193 -0.67362 -0.2481 0.47836 -0.33714
1.4782 -2.8305 -1.7945 -2.1804 -0.011877 -0.71831 -0.65397 -0.30098 -0.38395 -0.30637 -0.10037 0.33238 -0.041473
1.1155 -4.0441 -1.751 -2.166 -0.56852 -0.77864 -0.55694 -0.60785 -0.4691 -0.32134 0.042977 0.28379 0.24489
0.8751 -3.9644 -0.75548 -1.5587 -1.1629 -1.1712 -0.62256 -1.0171 -0.40574 -0.30916 0.078791 -0.097332 0.70298
0.43517 -3.9481 -0.91368 -1.4247 -0.85147 -0.93706 -0.31174 -0.62631 -0.37305 -0.15454 0.26899 -0.18895 0.66725
-0.38402 -4.1841 -0.77182 -1.2033 -0.76865 -1.1487 -0.78631 -0.66431 -0.56034 0.0070277 0.38959 0.028874 0.50237
-1.705 -3.5136 -0.28014 -0.99828 -0.74474 -0.78386 0.037006 -0.17036 -0.80881 -0.33176 0.41482 -0.38773 0.31514
-2.7751 -2.6666 0.50282 0.29411 0.6519 0.39701 0.12974 0.073508 0.37274 0.22207 0.031818 0.44814 0.31942
-3.2431 -2.7411 0.40237 0.040343 0.34384 0.21124 0.31982 0.25442 0.29738 0.28546 0.3348 0.40355 0.53079
-1.7329 -2.7448 0.46658 0.33966 0.72132 0.48415 0.14796 0.15346 0.46446 0.13304 -0.28233 0.37201 0.38657
-1.2416 -3.0246 0.39513 0.14254 0.56303 0.71618 0.96606 1.1422 1.0621 0.35278 -0.34157 0.13276 0.84775
