1.7864 -8.8142 0.69111 -1.364 1.2302 1.3435 0.94006 -1.4991 0.43333 1.0224 0.34535 1.0057 -0.55999
0.36553 -6.7332 1.8418 -0.93232 0.30327 0.78518 1.5846 -1.0281 0.64943 0.20506 0.21973 0.79087 -0.41647
-2.8445 -5.3826 2.1794 -0.019826 0.42471 -0.060323 0.7253 0.15341 0.20574 0.072219 0.9852 0.72056 -0.1742
-0.38691 -7.8259 1.5921 -0.59248 0.6263 0.43375 1.0758 0.10986 0.92306 0.53874 0.16884 0.058044 0.40806
-0.1266 -7.0848 1.6534 -0.4505 1.6365 -0.10168 0.71782 0.72349 0.62586 0.34524 -0.07261 -0.37493 -0.28113
-1.275 -5.1497 1.3272 -0.50833 0.53389 -0.0972 0.51992 0.21876 -0.16575 0.26701 0.1055 -0.016006 0.11508
-1.3061 -3.8006 1.0483 -0.0094299 0.8431 0.19085 -0.055207 0.0041501 0.18744 0.14057 -0.28502 -0.10979 -0.54387
0.98675 -1.6838 0.93203 -2.0775 -0.81259 -1.1141 -0.18965 -0.44668 0.26088 -0.20972 -0.2775 0.19907 0.15834
4.326 -3.4443 -1.0261 -3.4538 -1.7074 -1.6683 -0.86019 0.39374 -0.36854 -0.75904 -0.27803 0.13867 -0.28646
4.7805 -4.7595 -2.2196 -3.4366 -1.6746 -1.4493 -0.76186 0.23223 -0.88943 -1.0974 -0.58493 0.0068341 -0.66122
5.1632 -4.8562 -2.6851 -3.4101 -1.6538 -1.371 -0.82015 0.32944 -1.1445 -1.1507 -0.79832 0.31043 -0.79624
5.2189 -4.9275 -2.7555 -3.2229 -1.6156 -1.2691 -0.61956 0.27247 -0.92778 -1.1014 -0.60795 0.36041 -0.75231
5.2641 -5.423 -3.0713 -3.7581 -1.9397 -1.6778 -1.3809 0.093017 -1.1924 -1.2595 -0.98837 0.30086 -0.76753
4.8599 -4.2735 -2.2009 -3.1325 -1.273 -1.4194 -0.92731 0.036344 -0.45432 -0.75902 -0.77583 0.47505 -0.79436
2.5697 -2.5545 -1.1979 -1.681 -0.75712 -1.3099 -1.117 -0.68224 0.09617 -0.51249 -0.54128 -0.054156 -0.40368
0.89317 -2.9917 0.070344 -0.98103 -0.77449 -0.95198 -0.55821 -0.99906 0.31011 -0.17924 -0.4438 -0.53876 -0.033375
0.49846 -3.1405 0.24365 -0.55008 -0.87883 -0.92519 -0.52692 -0.95798 0.18289 -0.45103 -0.57693 -0.68843 -0.052927
0.14888 -3.5876 0.01781 -0.38904 -0.78862 -0.88415 -1.0839 -1.8521 -0.8801 -0.91978 -0.32866 -0.36307 -0.95677
-0.70405 -3.3464 0.1923 0.001591 0.27269 -0.24491 -0.81694 -1.213 -0.52494 -0.24486 0.22074 0.2763 -0.71301
-0.28839 -3.28 0.56689 0.56365 0.72874 0.025521 -1.2055 -1.5605 -0.079242 -0.55739 -0.87572 0.32444 -0.56048
-0.31202 -3.2823 0.16565 -0.13031 -0.044997 -0.33186 -0.58726 -0.934 -0.21463 -0.29533 -0.25236 -0.26869 -0.62314
1.1333 -2.6174 -0.26364 -1.4549 -1.0722 -1.473 -0.63721 -0.75994 0.40396 -0.83718 -0.88414 -0.76331 -0.36
4.3138 -3.6639 -2.9687 -3.3757 -1.4222 -0.89393 -0.44607 -0.5491 -0.35814 -1.0808 -1.0448 -0.29048 -0.73477
5.1631 -4.1939 -3.7762 -3.1331 -0.92198 -0.075294 -0.38871 -0.57981 -0.34131 -0.80968 -1.193 0.15768 -0.85772
5.0719 -3.8114 -3.6928 -2.9827 -1.0359 0.28233 -0.19677 -1.0907 -0.11682 -0.96824 -0.51337 -0.043855 -0.98013
4.9503 -3.629 -4.1451 -2.9994 -0.55448 0.15675 -0.073665 -1.4238 -0.10951 -0.96367 -0.8922 -0.029623 -1.3147
4.6169 -3.1051 -3.749 -3.6398 0.12544 0.49597 -0.52097 -1.4569 0.19043 -1.2061 -0.686 -0.10105 -1.1496
4.2956 -3.5812 -3.58 -3.1376 -0.21701 0.7107 -0.12599 -1.8171 0.43587 -0.85978 -0.82389 -0.030607 -1.0473
4.0824 -3.6695 -3.4566 -2.5255 0.087156 0.58358 -0.047492 -1.4473 0.078557 -0.38158 -1.1527 -0.23902 -0.47315
4.072 -3.7363 -3.4409 -2.5739 0.1964 0.4583 -0.11597 -1.5846 -0.045603 -0.46734 -0.99539 -0.12391 -0.55964
3.9426 -3.8172 -3.1953 -2.8439 -0.1161 0.51269 -0.2655 -1.6661 0.41784 -0.3027 -0.99529 -0.22448 -0.95577
3.9704 -4.2064 -3.4963 -3.1108 -0.30406 0.070251 -0.90856 -1.6466 -0.14535 -0.60988 -0.9547 -0.51445 -1.0464
3.7423 -3.9443 -2.941 -2.7867 -0.15613 0.33145 -0.89288 -1.3114 0.16727 -0.50599 -1.0125 -0.27293 -1.0319
3.162 -4.3626 -2.8822 -2.4569 -0.52943 -0.17177 -0.7927 -1.2974 0.011294 -0.45363 -0.61039 -0.056779 -0.58179
2.5961 -4.398 -2.5869 -2.441 -0.55749 -0.69038 -1.0524 -0.99663 -0.5882 -0.68409 -0.54321 -0.11752 -0.59235
2.173 -3.9002 -2.3262 -2.9087 -0.83447 -1.0674 -1.1586 -1.2592 -0.69273 -1.1443 -0.65613 -0.50892 -0.91391
2.0728 -3.8981 -2.0608 -1.8824 -0.78923 -1.0657 -0.36117 -0.77253 -0.7724 -0.60217 0.013122 -0.36125 -0.16926
1.773 -3.6846 -1.5855 -1.6611 -0.57265 -1.1761 -0.51977 -0.059456 -1.0165 -0.70635 -0.30044 -0.6403 0.047868
1.5085 -3.9869 -1.2242 -2.0093 -0.50689 -1.2254 -0.74852 -0.28191 -0.84136 -1.0141 -0.39751 -0.17977 0.11772
1.015 -4.0348 -0.69042 -1.2047 -0.88824 -1.0214 -0.32074 -0.36736 -0.70593 -0.8749 -0.44512 -0.55558 0.32074
0.51809 -3.2965 -0.013223 -0.93467 -1.0503 -0.75618 -0.073279 -0.92072 -0.3809 -0.61031 -0.14925 -0.55311 0.043754
0.23159 -3.5686 0.047008 -0.5449 -0.89072 -1.0378 -0.78367 -1.1239 -0.33952 -0.23428 0.060167 -0.25117 -0.10642
