1.1146 -1.877 0.13173 -2.6453 -1.7534 -1.7868 0.58629 -0.50177 0.048867 -0.81418 0.31237 -0.95546 0.37346
1.8658 -2.8926 -1.2351 -2.931 -0.79543 -1.5235 0.24267 0.43003 0.61028 -0.86727 -0.51548 -0.33965 -0.25866
2.2239 -3.3379 -1.2457 -3.0205 -0.51176 -1.533 0.26242 0.48908 0.51417 -0.81254 -0.62356 -0.18781 -0.73275
1.7086 -2.9792 -0.99641 -3.0414 -0.56668 -1.8515 -0.35295 0.072291 0.4727 -0.61027 -0.72928 -0.51739 -0.39135
-0.28406 -2.6 -0.097377 -1.7781 -0.82571 -1.1398 -0.52002 -0.8925 0.27949 -0.29238 -0.53632 -0.11365 0.081902
-1.4825 -2.9415 0.43941 0.0038553 -0.28757 -0.25067 -0.10242 -0.64612 -0.14904 -0.51634 -0.32892 -0.40805 -0.25505
-1.7861 -2.941 0.41555 -0.053242 -0.031243 -0.24426 -0.3113 -0.65759 -0.20302 -0.17859 -0.052772 -0.23158 -0.59432
-2.3027 -2.8751 0.54255 0.071684 0.031586 -0.11949 -0.068294 -0.44491 -0.19924 -0.21255 0.0015718 -0.15016 -0.13358
-2.3575 -3.298 0.6986 0.11376 0.3075 -0.18194 -0.30547 -0.88669 -0.2557 -0.17712 0.23606 0.48352 -0.088285
0.11492 -1.6511 0.087358 -1.9654 -1.0779 -1.1151 0.28009 -0.30957 0.26413 -0.4772 -0.40807 -0.47961 0.22467
2.1096 -3.029 -1.536 -3.3889 -1.0165 -0.40652 -0.40757 -0.057909 0.31538 -0.55311 -1.094 0.05181 -0.12175
2.4695 -2.7573 -2.2062 -3.6087 -0.18464 -0.39829 -0.22548 0.2201 -0.38982 -0.47358 -0.7865 0.0033805 0.0096253
2.5442 -2.9453 -2.5146 -3.2649 0.26522 0.083569 0.0094979 -0.26511 -0.34345 -0.54666 -1.0043 0.65011 -0.33563
2.5362 -3.3891 -2.8971 -3.0013 0.16426 0.21917 -0.28984 -0.041655 -0.6171 -0.72454 -0.92052 0.82959 -0.47386
2.2647 -3.625 -2.698 -3.1721 0.27799 0.11612 -0.27244 -0.16316 -0.5302 -0.59697 -0.81429 0.44016 -0.68706
2.0479 -3.6832 -3.3333 -2.8982 0.2144 -0.17301 -0.21877 -0.27006 -0.54276 -0.32272 -0.97564 0.22374 -0.46118
1.8259 -3.4581 -2.3961 -2.8711 0.51742 0.24519 -0.27573 0.011547 -0.45335 -0.43573 -0.44451 0.37519 -0.6536
1.8067 -3.7165 -2.3499 -2.3986 0.29661 0.057703 -0.24183 -0.30426 -0.49759 -0.30758 -0.71141 0.55056 -0.769
2.0032 -3.7798 -2.6177 -2.8693 0.21281 -0.017617 -0.2022 -0.037831 -0.72198 -0.35769 -0.81874 0.49874 -0.72192
2.2062 -3.8627 -2.8315 -3.1725 -0.1759 0.069234 -0.37553 0.09958 -0.82308 -1.0268 -0.44686 0.25371 -0.72865
2.2784 -3.7098 -2.6846 -2.8365 -0.25268 0.11164 -0.21905 0.13573 -0.62461 -0.8699 -0.76729 0.4512 -0.52453
2.2032 -3.8426 -2.404 -3.0057 -0.13556 -0.64701 -0.018744 0.371 -0.89659 -0.59199 -0.63902 0.41278 -0.45244
2.0577 -3.9311 -2.4645 -2.8616 0.07206 -0.65312 0.055048 0.2233 -0.69248 -0.63922 -0.69601 0.23237 -0.67832
1.8685 -4.2698 -2.5614 -2.3531 -0.68704 -0.75623 0.12157 0.33828 -0.23281 -0.91752 -0.46537 -0.17948 -0.59652
1.6684 -3.6445 -1.7766 -2.8187 -0.71702 -0.98899 0.088116 0.3673 -0.40145 -0.98543 -0.24308 -0.12924 -0.36406
1.2572 -3.5072 -1.2528 -2.7939 -1.1402 -1.2678 0.34471 0.22392 -0.15497 -1.0012 -0.311 0.081552 -0.28198
