-0.57883 -8.5839 1.1234 -0.91485 1.2112 -0.13995 0.38932 0.65058 1.4181 0.64423 0.51178 0.98312 0.24758
-0.4384 -9.9293 0.18884 -0.91052 0.99051 0.24741 0.76633 0.6043 1.0215 0.9239 0.617 0.57214 1.3246
0.64053 -8.8021 0.62237 -1.1262 0.80995 0.09053 0.97473 0.24465 0.24104 0.5715 0.69443 -0.053101 0.75315
-0.98105 -5.9087 2.1095 -0.76819 0.86808 -0.16321 0.81635 0.010393 0.36558 0.14713 0.49736 0.12072 0.51867
-1.5667 -2.8244 0.57256 -0.17502 -0.2096 -0.17232 0.35359 -0.18648 -0.3612 0.10507 0.97461 0.17857 -0.058082
1.7153 -1.6597 1.147 -0.2404 -0.47324 -0.41168 -0.4616 -0.65872 0.87974 -0.27096 -0.65836 -0.35815 -0.42558
3.9344 -2.1352 0.1904 -0.55295 -0.98493 -1.8819 -0.87155 0.4955 0.65161 -0.19312 -0.4124 -0.27111 -0.066439
4.0681 -2.7055 -0.0423 -0.53956 -1.0081 -0.88687 -1.0641 0.28479 0.59072 -0.31638 -0.37409 -0.57212 -0.10463
4.5625 -2.6859 -0.64669 -1.3562 -0.81432 -1.0722 -0.92453 0.53987 0.84273 -0.45441 -0.57987 -0.66443 -0.29597
4.5 -2.9171 -0.91162 -1.3517 -0.56367 -1.098 -0.8643 0.45369 0.78294 -0.36042 -0.98771 -0.72229 -0.12512
4.5972 -2.4119 -0.99735 -1.5301 -0.98342 -1.0511 -0.7504 0.38717 0.93901 -0.31777 -0.89077 -0.8282 0.053614
3.9494 -2.0377 -0.37224 -1.3326 -0.78409 -0.97615 -0.50537 -0.29652 0.7531 0.11866 -0.569 -0.98424 -0.26642
3.3073 -2.2654 0.19049 -1.1668 -0.51165 -1.01 -0.99231 -0.77256 0.96332 0.29081 -0.42605 -0.70912 -0.74171
1.8829 -1.8037 0.96325 -0.32883 -0.37146 -0.699 -0.72079 -1.3911 0.96567 0.080135 -0.2478 -0.29564 -0.73961
1.0987 -2.1209 1.323 0.58433 0.10634 -0.20484 -0.69554 -1.3117 0.87586 -0.35642 -0.87067 0.16295 -0.25733
1.2404 -2.0287 1.2583 0.2012 -0.14712 -0.41529 -0.59534 -1.4254 0.66723 -0.23176 -0.37855 -0.089647 -0.5923
1.5796 -1.9124 1.5771 0.45262 -0.76649 -0.86595 -0.70578 -1.6341 0.73129 -0.53549 -0.48653 -0.33922 -0.5185
2.5374 -1.5774 0.40375 -1.2114 -0.93392 -0.94535 -0.64264 -1.4739 0.99609 0.14886 -0.44912 -0.84015 -0.70667
3.733 -1.677 0.2843 -2.038 -1.177 -1.0809 -0.57105 -0.74828 0.89597 0.31388 -0.2852 -1.3 -0.12384
3.8918 -2.2759 -0.62427 -1.6185 -0.82506 -0.88615 -0.81116 -0.50134 0.81267 0.16068 -0.95859 -1.3422 0.16478
4.241 -1.8809 -1.2931 -2.0142 -1.0716 -0.60698 -0.59931 -0.41261 0.72337 0.24691 -1.2491 -1.2473 -0.37576
4.4025 -2.1745 -1.7656 -2.2605 -1.2812 -0.10176 -0.30972 -0.43366 0.30634 0.023239 -1.059 -1.5096 0.0034458
4.1831 -2.2403 -1.6426 -2.1286 -1.0951 0.18822 -0.036412 -0.49515 0.3064 -0.20421 -1.0311 -1.3896 0.40298
4.41 -2.3143 -1.7032 -2.2588 -1.0614 0.10558 -0.019999 -0.28324 0.24035 -0.18506 -1.1691 -1.2283 0.40161
4.2892 -2.2373 -1.763 -2.3158 -0.95363 -0.012808 -0.05123 -0.24716 0.069215 -0.14824 -1.208 -1.1968 0.073102
3.9407 -2.2331 -1.5412 -2.3311 -0.70109 0.10481 -0.095504 -0.20367 0.24105 -0.023163 -1.2318 -0.94159 0.054055
3.5698 -2.0568 -1.1333 -2.2737 -0.76845 -0.075511 0.54811 -0.46252 0.42913 -0.17204 -0.74022 -1.4509 -0.14861
3.3353 -1.823 -0.74283 -3.0499 -0.75778 -0.42886 0.8211 -0.58536 0.15764 -0.43487 -1.1076 -1.7143 -0.40997
1.9582 -2.3479 0.10067 -1.4231 -0.47667 -0.53508 0.51357 -0.29714 -0.0084095 -1.0236 -1.1108 -0.98715 -0.39155
1.0289 -2.7483 0.35607 -0.31603 0.30572 0.20078 0.11777 -0.47767 0.074341 -0.43584 -0.88275 -0.68815 -0.75584
0.56454 -2.6725 0.85663 0.45217 0.35517 0.14319 -0.27898 -0.39773 0.9369 -0.19864 -1.2985 -0.42831 -0.4973
0.43991 -2.7317 0.63207 -0.010271 -0.082307 -0.024611 0.23716 -0.14827 0.48808 -0.41607 -0.82664 -0.50254 -0.30912
0.021769 -2.7526 0.44559 -0.20057 0.36242 0.38846 0.40285 0.090898 0.91077 -0.10555 -0.93377 -0.56833 -0.74691
