2.1082 -3.2682 -0.080609 -2.1942 -2.3965 -3.2527 -0.32163 0.14472 0.43981 -0.32112 0.74721 -0.47046 0.68532
2.9641 -3.8654 -1.0572 -2.793 -1.2873 -2.1719 0.36111 0.75772 -0.32001 -0.39838 0.2016 -1.0735 -0.30147
4.1165 -5.7577 -2.196 -2.8602 -1.4205 -1.5953 1.0157 1.2362 -0.4505 -0.52508 0.11785 -1.3138 -0.58694
4.2216 -5.7951 -2.0692 -2.5101 -0.96819 -1.2121 0.626 0.93548 -0.71553 -0.84926 -0.10769 -0.60103 -0.57338
4.0587 -5.5483 -2.4595 -2.4818 -0.72625 -0.93594 0.41328 0.68783 -0.58538 -1.1005 -0.053319 0.17967 -0.60469
3.7425 -5.4375 -3.0066 -2.9893 -1.1941 -1.2806 -0.13139 0.56813 -0.42191 -1.2473 -0.3797 0.17402 -0.90887
2.925 -4.2982 -2.4035 -1.936 -1.4776 -1.9472 -0.93731 0.38269 0.43253 -0.20174 -0.18618 0.17661 -0.71656
-0.0461 -3.8095 -0.62649 -1.0659 -0.8009 -1.5356 -0.99849 -0.23945 0.3883 -0.09568 -0.076944 -0.0075279 0.16219
-1.1312 -3.4482 -0.044813 -0.54606 -0.6627 -0.81686 -0.51249 -0.86758 -0.57964 -0.33193 0.24171 -0.28919 -0.26252
-1.7267 -3.0859 0.11287 -0.6693 -0.59101 -0.60048 0.17635 -0.12466 -0.61121 -0.2892 0.31436 -0.58119 -0.0073405
-1.742 -3.368 -0.26106 -1.0225 -0.39744 -0.7121 0.14995 0.32477 -0.2917 0.060255 0.19288 -0.89055 0.11821
-1.2165 -4.1815 0.19865 -0.47522 -0.59963 -0.40643 -0.13292 -0.49689 -0.59016 -0.27024 -0.047205 0.072781 -0.089313
0.64821 -3.3578 -0.98583 -1.5729 -0.58718 -1.047 -1.1173 -0.38749 0.36008 -0.21242 -0.093181 -0.055403 0.2798
2.7201 -3.9375 -2.1303 -2.755 -0.81693 -0.98614 -0.2638 0.44212 0.73378 -0.40576 -0.78637 0.056671 -0.56146
3.8587 -4.9176 -3.3686 -3.189 -1.083 -0.5088 -0.25133 0.23082 -0.37361 -1.1365 -0.88336 0.39963 -0.77115
4.8281 -5.7221 -4.3373 -2.5741 -0.59708 0.51623 -0.59521 -0.05171 -1.1217 -0.87987 -0.85454 0.71815 -1.0676
5.303 -6.3694 -4.0766 -1.8521 -0.27536 1.1163 -1.0209 0.006858 -0.77143 -0.20838 0.13616 0.86767 -1.1154
5.4431 -6.6974 -4.7518 -1.4335 -0.2511 1.4678 -1.3465 -0.52032 -0.59357 -0.32466 0.16395 0.45223 -1.2918
5.0148 -7.4816 -5.3829 -1.0157 -0.52812 1.1064 -1.566 -0.81872 0.073282 -0.54007 0.30729 0.37179 -0.98531
5.0121 -6.8505 -4.8006 -0.7676 -0.038184 1.5682 -1.1057 -0.28164 0.46044 -0.19837 0.35561 0.43801 -0.94157
5.0409 -6.9 -4.9299 -0.96023 -0.059063 1.187 -1.1499 -0.73939 0.22124 -0.68312 0.45584 0.36768 -0.66193
5.2149 -7.4221 -5.376 -0.77615 -0.28918 1.3018 -1.552 -0.51878 -0.002364 -0.3571 0.2949 0.030206 -1.0403
5.3261 -7.6204 -5.2406 -0.94252 -0.33889 0.98783 -2.0297 -0.36863 -0.23129 -0.55245 0.39328 0.14597 -1.0393
5.4761 -7.5428 -4.8972 -1.0881 -0.042419 1.2434 -1.8011 0.16207 -0.54017 -0.59745 0.37743 0.23695 -1.0633
5.5017 -7.2873 -4.6821 -1.8741 -0.1246 0.79593 -1.6942 0.02699 -1.1722 -0.64792 0.30293 0.33386 -1.1066
5.1368 -6.1499 -4.1511 -2.3152 0.49797 0.85669 -1.266 0.24994 -1.1808 -0.39869 0.0172 0.34814 -0.92792
4.8959 -6.4001 -4.2023 -2.9046 0.49034 0.54925 -1.1405 0.19814 -0.75718 -0.57209 -0.11965 0.47761 -0.6205
4.7366 -6.3084 -4.1123 -2.6815 0.85397 0.61317 -1.397 0.37134 -0.77249 -0.69646 0.048122 0.17753 -0.37468
4.6065 -6.2414 -3.9691 -2.6667 0.6595 0.24086 -1.3707 0.024049 -0.78296 -0.62354 0.088166 0.18686 -0.41185
4.4165 -6.3429 -4.4128 -3.1166 0.32886 -0.16964 -1.3795 -0.057803 -1.0455 -0.41838 0.064944 0.3087 -0.42987
4.1466 -5.5566 -3.8436 -2.6064 0.14052 -0.020091 -1.317 -0.10596 -0.88675 -0.22191 0.67765 0.48021 -0.44838
3.9437 -5.5257 -4.1597 -2.4933 0.18595 -0.28945 -0.79238 -0.38593 -0.77234 -0.46401 0.59466 0.22281 -0.37836
3.6272 -5.3704 -3.6414 -2.7905 0.23936 -0.36487 -0.79192 -0.084107 -1.3457 -0.58309 0.44189 0.23444 -0.22861
3.022 -5.1905 -3.3412 -2.5848 -0.45322 -0.57305 -0.77777 -0.31586 -1.1376 -0.44541 0.7832 0.49523 -0.054039
2.1238 -4.5907 -2.232 -2.7579 -0.5089 -0.50026 -0.40193 -0.84927 -0.76719 -0.47038 0.76056 0.53126 -0.0069475
1.0858 -4.0326 -1.9825 -2.4204 -0.58022 -1.2018 0.068761 -0.93675 -0.42729 -0.41561 0.34489 0.21841 0.39778
0.6236 -4.5147 -1.3625 -1.6985 -1.0938 -1.1249 -0.24318 -0.32274 -0.78041 -0.15451 0.56992 -0.57358 0.44646
