3.1482 -3.5097 -0.0067042 -1.3416 -2.5279 -2.7304 -0.44365 -0.13542 -0.62569 -0.092692 0.47758 -1.0944 -0.0085286
3.6486 -4.2693 -0.74567 -1.8608 -2.3495 -1.4599 0.009482 0.43634 -0.22602 -0.26329 -0.19226 -1.0552 -0.53667
4.7003 -5.0913 -1.4339 -2.0371 -2.5517 -1.1514 0.37986 0.81702 -0.73224 -0.12457 -0.38996 -0.9785 -0.3192
5.7088 -6.1739 -2.1331 -2.3514 -3.0431 -1.0225 0.15659 0.84379 -1.3391 -0.2312 -0.65948 -1.2079 -0.40991
5.8149 -6.4445 -2.386 -2.4279 -2.8591 -0.68387 -0.020345 0.74416 -1.7532 -0.22273 -0.68486 -1.2861 -0.7274
5.7593 -6.3891 -2.5135 -2.2628 -2.4446 -0.44319 0.071786 0.55275 -1.7071 -0.17304 -0.52561 -1.0285 -0.68611
5.7342 -6.2903 -2.6065 -1.8622 -2.1937 -0.12367 0.33331 0.51893 -1.6571 -0.12717 -0.28211 -0.73197 -0.48464
5.7049 -5.7717 -2.6483 -1.5623 -2.0539 0.062264 0.37747 0.88684 -1.7105 0.054693 0.030993 -0.65831 -0.54984
5.4824 -5.8675 -3.4792 -2.195 -2.4544 -0.45267 -0.14569 0.49856 -1.9015 -0.39529 -0.27259 -1.0061 -0.89899
5.308 -5.5721 -2.9775 -2.4184 -2.1021 -0.5755 -0.047341 0.76971 -1.6693 -0.44501 -0.16534 -0.8385 -0.76343
5.144 -5.2885 -2.8371 -2.2889 -1.9844 -0.89708 -0.11112 1.1909 -0.77617 -0.79245 -0.37576 -0.68099 -0.72187
3.4782 -3.9414 -1.5646 -2.0901 -1.9365 -1.839 -0.50512 0.81735 -0.51978 -0.95794 0.055435 -0.71966 -0.58137
1.3295 -3.1917 -0.081585 -1.0942 -1.0247 -1.5221 -0.54858 -0.30202 -0.14146 -0.29804 0.018638 -0.79336 -0.029062
0.82034 -3.2815 0.12029 -0.98774 -1.4954 -1.1113 0.57591 0.012772 -0.4012 -0.67487 0.21756 -1.2808 0.091185
-0.25489 -3.4354 -0.0094906 -0.60641 -0.66431 -0.63397 0.019945 -0.33051 -0.53094 -0.73632 -0.48497 -0.96477 -0.13546
0.58552 -3.2591 -0.74461 -1.0719 -0.30904 -0.94087 -0.19119 -0.28804 -0.35978 -0.48685 -0.13572 -0.91504 -0.49867
2.5814 -4.1426 -1.9035 -2.0809 -1.487 -1.3736 -0.99841 0.28868 -0.36313 -0.9562 0.041527 -0.65699 -0.48136
4.1323 -4.7144 -2.9271 -2.5022 -1.8231 -0.76597 -0.95148 0.38772 -0.42675 -1.4651 -0.094984 -0.22435 -0.42669
5.5008 -5.5794 -3.9789 -2.5463 -1.4863 0.012165 -0.1881 0.3689 -0.99569 -1.8791 0.26195 -0.17221 0.032554
5.762 -5.9139 -4.8572 -2.3216 -1.2795 -0.058218 -0.77821 -0.40145 -1.0532 -1.4082 0.51488 -0.47584 -0.76289
6.3256 -5.9363 -4.6427 -1.47 -0.5161 0.384 -1.0559 -0.37836 -0.7261 -0.53344 0.84979 -0.20513 -1.1375
6.3435 -6.4936 -5.1216 -1.4731 -0.61693 -0.22937 -1.7357 -0.55805 -0.54446 -0.81535 0.24999 -0.75238 -1.4908
6.3966 -6.1284 -5.0499 -1.3795 -0.17362 0.077375 -1.7831 -0.54881 -0.54848 -0.28839 0.25395 -0.65307 -1.2851
6.4393 -6.017 -4.3824 -0.79942 0.49227 0.15788 -1.5464 -0.33767 -0.13172 0.46833 0.4875 -0.35452 -0.93636
6.3449 -6.3209 -5.0396 -1.1534 0.35536 -0.10417 -1.537 -0.34779 -0.21291 0.34537 0.22807 -0.49811 -0.91155
6.2005 -5.7526 -4.6659 -1.0087 0.28541 -0.21822 -1.7263 -0.37871 -0.28972 -0.0093744 0.10823 -0.63618 -1.0299
6.1288 -6.5387 -5.2651 -1.2929 0.17648 -0.22186 -1.6291 -0.25764 -0.18661 0.10507 0.21675 -0.46231 -0.90799
6.08 -6.883 -5.2142 -1.0322 0.30526 -0.18915 -1.8493 -0.1617 -0.14349 0.17592 0.30004 -0.31413 -0.92544
5.9791 -6.6549 -4.8685 -1.0165 0.37983 -0.12107 -1.9398 -0.051793 -0.11519 0.088151 0.17482 -0.46386 -0.99148
5.9892 -6.0987 -5.1079 -1.1495 0.2414 0.10229 -2.1414 -0.16524 -0.012036 -0.16751 0.18976 -0.44437 -1.0748
6.0638 -5.8343 -4.982 -1.5609 0.2805 0.018074 -2.3868 -0.29762 0.239 -0.28599 0.39438 -0.49209 -1.096
5.9618 -6.2029 -4.617 -2.189 0.39193 -0.18147 -2.7572 -0.54996 0.053486 -0.50689 0.28884 -0.60065 -1.2816
5.7075 -5.8481 -4.1187 -2.3884 0.4498 -0.083851 -2.8157 -0.18529 0.12876 -0.33717 0.34802 -0.54144 -1.1373
5.4385 -4.5477 -3.5128 -1.9577 0.84881 0.43561 -2.6092 0.23749 0.26554 -0.037536 0.38307 -0.29241 -0.78899
5.0923 -5.0406 -3.5741 -2.3304 0.68338 -0.084098 -2.6265 0.16818 0.089581 0.11841 0.19703 -0.59558 -0.58945
4.5859 -4.7947 -3.1061 -2.5563 0.72466 -0.36358 -2.698 0.19388 -0.24843 0.15049 -0.15608 -0.7685 -0.5184
3.691 -4.279 -3.1263 -2.5579 0.39874 -0.67409 -2.3109 0.048175 0.050091 -0.14545 0.28892 -0.55678 -0.47758
2.9408 -3.9658 -2.5554 -2.3836 0.31102 -1.199 -1.8361 0.20401 0.012778 0.26882 0.022301 -0.63441 -0.30421
2.0064 -4.111 -1.8789 -1.6679 -0.087958 -1.3752 -1.6586 -0.28487 0.039403 -0.045398 -0.29619 -0.25317 -0.37715
1.2164 -3.9257 -0.86874 -1.4908 -0.20597 -1.3611 -0.99068 -0.0079155 -0.29338 -0.3228 -0.34164 -0.31886 -0.27158
0.66828 -3.8145 -0.51648 -1.1535 -0.57366 -1.1178 -0.96091 -0.97706 -0.3384 -0.098515 -0.24873 -0.76128 -0.37955
