2.6526 -2.1612 -0.50834 -2.3666 -1.6705 -2.2373 -0.17181 -0.66846 -0.64582 -1.5361 -0.48927 -0.54673 0.10378
3.5679 -3.1225 -2.1684 -2.6216 -1.3566 -1.7438 -0.04981 -0.13803 -0.9755 -1.641 -0.45226 -1.0695 -0.81759
3.9781 -2.7842 -2.0169 -2.8621 -1.1106 -1.7855 0.17797 0.083444 -0.64016 -1.628 -0.66215 -0.48907 -0.79171
4.076 -2.8302 -1.9672 -3.0963 -1.178 -1.3957 0.22602 0.28207 -0.52958 -1.6771 -0.88467 -0.60153 -0.7421
3.9832 -2.6966 -1.792 -3.2277 -1.3506 -1.6124 0.038781 0.10737 -0.66469 -1.6895 -0.80097 -0.96354 -0.61019
3.4014 -2.0297 -1.3484 -2.8641 -1.3617 -1.5794 -0.35639 -0.26152 -0.12702 -1.5348 -0.6156 -0.93102 -0.57699
1.4669 -2.0604 0.44486 -1.1609 -1.2853 -1.1995 -0.7043 -1.5753 0.32033 -0.82338 -0.76325 -0.30528 -0.38445
0.98992 -2.8546 1.1014 0.73098 -0.16049 -0.092172 -0.51718 -1.4516 0.21304 -0.89829 -1.1987 -0.51386 -0.89287
0.70889 -3.1538 0.61625 -0.052123 -0.99647 -0.70326 -0.51539 -1.4361 -0.34294 -0.79464 -0.62398 -0.92918 -1.2541
0.41015 -2.9423 0.75851 0.20178 -0.71532 -0.35168 -0.15179 -1.1099 -0.25699 -0.78005 -0.575 -0.78326 -0.91166
0.077019 -3.0329 0.82205 0.61596 0.33903 0.12237 -0.6403 -1.3715 -0.060151 -0.41353 -0.56712 -0.14263 -1.4115
0.2402 -2.9798 0.76753 0.42807 0.0093498 -0.061711 -0.55534 -1.3057 -0.10296 -0.54043 -0.68771 -0.3496 -1.2472
1.526 -2.1129 1.3043 -0.11887 -1.3366 -1.2217 -0.34825 -1.4425 0.27692 -0.44516 0.26167 -0.69214 -0.61559
2.4845 -1.7523 -0.075566 -2.0047 -1.1451 -1.1533 0.16169 -1.0494 -0.010716 -0.70399 -0.14111 -1.2006 -0.3838
3.246 -1.971 -1.5257 -3.4631 -0.9211 -0.68955 0.32442 -0.92855 -0.56533 -1.1492 -0.80251 -0.96421 -0.37515
3.2852 -2.4316 -1.4318 -2.9769 -0.3695 -0.19195 0.5499 -1.0108 -0.94888 -0.93822 -0.57363 -0.437 -0.48259
3.3883 -2.0264 -2.0467 -3.1487 -0.21871 -0.20302 0.32665 -1.5602 -0.62211 -1.3693 -0.57618 -0.12437 -0.86837
3.5461 -2.3219 -1.9428 -3.6223 -7.9098e-05 0.34025 -0.19678 -1.1485 -0.42429 -1.271 -0.60604 0.071116 -1.1188
3.5976 -2.9139 -2.2913 -3.4281 -0.040508 0.32361 -0.17362 -1.3137 -0.75769 -0.94786 -0.90387 -0.20404 -0.8635
3.5408 -2.9804 -2.0725 -3.4525 -0.19515 0.45901 -0.09344 -1.3553 -0.54983 -0.97734 -0.73871 -0.047516 -1.0164
3.2907 -2.9109 -2.0264 -3.3632 -0.16499 0.36085 -0.021414 -1.3609 -0.5593 -0.79316 -0.95921 -0.12871 -0.89972
2.9941 -2.8325 -2.1073 -3.2486 -0.22625 0.2966 -0.020405 -1.2496 -0.53411 -0.88879 -1.0316 -0.44538 -0.97508
2.8655 -3.0291 -2.0193 -3.3229 -0.19035 0.094036 -0.0057221 -1.3298 -0.71619 -1.0009 -0.88719 -0.46849 -0.8742
2.8422 -3.1367 -1.9565 -3.0226 -0.40576 -0.13427 0.17839 -1.1444 -0.81311 -0.93234 -0.57032 -0.67868 -0.58376
2.8953 -3.3429 -1.6725 -3.1244 -0.4868 -0.2782 -0.044764 -1.2902 -0.99851 -0.80944 -0.62926 -0.51337 -0.71895
2.7471 -3.3081 -1.8054 -3.004 -0.49483 -0.057371 0.061506 -1.8726 -1.0231 -1.1295 -0.48137 -0.37835 -0.75347
2.3964 -2.8184 -1.6712 -3.0815 -0.069659 -0.58409 -0.10479 -1.2539 -1.3017 -0.61736 -0.52902 -0.57563 0.019018
1.8764 -3.5306 -1.0517 -2.2757 -0.12577 -0.39847 -0.18707 -1.1237 -1.3226 -0.97525 -0.29782 -0.24811 0.20261
1.0713 -4.0396 -0.7147 -1.2956 -0.22927 -0.32436 -0.4079 -1.265 -0.96778 -0.96452 -0.4295 0.27017 0.059805
0.7772 -3.7746 -0.29496 -0.9846 -0.53422 -0.80867 -1.009 -1.5819 -0.58553 -0.65571 -0.054301 0.52293 0.1316
0.28822 -4.3224 -0.51012 -0.72465 -0.60754 -0.70523 -0.96089 -1.6496 -1.1279 -0.9285 0.30719 0.84854 0.76908
