3.1914 -2.6979 -0.54723 -2.5334 -1.8219 -0.75182 0.33055 0.27929 -0.10377 -0.98041 -0.062827 -0.46341 -1.0911
3.7767 -3.597 -1.713 -2.1593 -2.0293 -0.95991 0.39987 0.36702 -0.39202 -1.0847 0.018438 -0.57974 -0.86094
3.7181 -3.6978 -2.0695 -2.5233 -2.2732 -1.5115 -0.24333 0.052892 -0.54545 -1.3189 -0.31739 -0.56787 -1.0668
2.7758 -3.2623 -0.90108 -2.0227 -1.9884 -1.3729 -0.16747 -0.26127 -0.11301 -0.94427 -0.26457 0.012046 -0.60211
-0.030659 -2.3366 0.10279 -0.71981 -1.251 -1.3766 0.012346 -0.61207 0.045851 -0.83846 0.075921 -0.017417 0.022839
-2.3907 -2.9448 0.38687 -0.22174 -0.57808 -0.55786 -0.1638 -0.44746 0.19063 -0.16465 -0.29987 -0.69032 -0.097957
-2.4039 -3.1663 0.19636 -0.76233 -0.93172 -0.61611 0.6181 0.090685 -0.78525 -0.49778 0.33609 -1.0686 -0.29652
-4.2891 -2.7494 0.34966 -0.2788 -0.027034 -0.1338 0.39173 0.30817 0.062919 0.19543 0.41944 -0.059417 0.42707
-4.6236 -2.6263 0.6631 0.15489 0.25795 0.33827 0.91196 0.61507 0.15317 -0.10512 0.030879 -0.49396 0.30851
-5.1166 -2.6506 0.47607 -0.18654 -0.11459 -0.0087935 0.76795 0.51808 0.19888 0.35649 0.85314 0.12167 0.63728
-2.1697 -0.76871 1.3825 -0.64966 -1.0488 -0.72556 1.2228 -0.23112 0.026201 -1.0618 0.12006 -0.58091 0.2359
3.3872 -1.9639 -2.2053 -2.576 -1.2829 -0.50361 0.17899 -0.1047 -0.79446 -1.0743 -0.47106 0.36482 -0.34531
2.8239 -2.8516 -2.5385 -2.1818 -0.83987 0.27007 0.44015 -1.1294 -0.63881 -0.69267 -0.54825 0.73535 -0.54098
0.60588 -3.192 -1.1029 -1.1493 -0.76409 0.28375 0.12141 -1.1858 -0.8548 -0.7177 -0.34711 0.15745 -0.20187
1.308 -2.5852 -1.4643 -1.814 -0.26643 0.010169 -0.093263 -1.0211 -0.57185 -0.64943 -0.059173 0.31587 -1.045
0.28174 -2.7035 -1.1122 -1.3698 -0.1963 0.35679 0.40762 -0.62159 -1.0218 -0.64839 0.37207 0.39576 -0.75365
0.051516 -2.7346 -0.93946 -1.3346 1.0552 0.43896 -0.27215 -1.2364 -0.64173 -0.43945 -0.72988 0.4187 -0.71138
-0.41838 -3.4397 -0.25372 -1.3531 -0.025403 0.7382 -0.29821 -0.75057 -0.63455 0.071828 -0.53351 0.17823 -0.19992
0.48757 -3.2147 -1.0693 -1.0853 0.68703 0.49846 -0.49945 -0.59972 -0.73125 0.10832 0.0042569 0.33531 -0.87801
0.655 -2.2738 -0.77445 -1.0925 0.029987 0.0058501 -0.45213 -0.96132 -0.63589 -0.41665 -0.18472 0.21071 -1.2078
0.99284 -3.3399 -1.3763 -1.2173 -0.34213 0.056439 -0.19152 -0.89823 -0.84863 -0.37624 -0.3855 -0.019961 -0.73681
1.2251 -2.8683 -1.376 -1.209 -0.25338 -0.16035 -0.10929 -0.78952 -0.71821 -1.0054 -0.0096221 -0.27362 -0.77305
1.8432 -2.7732 -1.8482 -1.4785 -0.577 0.26715 -0.053357 -0.81868 -0.29254 -1.3709 -0.018119 0.033563 -0.8516
2.1791 -3.2353 -1.1379 -1.9191 -0.39363 -0.25949 0.31643 -0.46204 -0.84226 -0.978 0.1387 -0.25115 -0.40188
2.0865 -3.1012 -1.0415 -1.2212 -1.0166 -0.1901 0.29651 -0.086299 -0.69449 -1.0214 0.3698 -0.63158 -0.17631
1.4912 -2.6893 -0.4557 -1.4141 -1.6492 -0.88443 0.064478 -0.34435 -0.94247 -1.1872 0.19364 -0.89166 -0.80504
