-2.0027 -2.8218 0.84855 -0.091461 -1.5104 -0.62752 0.987 -0.16932 -0.05374 -0.23616 1.0318 -0.70701 -0.1922
-3.6097 -2.7754 0.39814 0.047608 0.35055 0.21442 0.31891 0.25045 0.29923 0.3139 0.38311 0.45378 0.5991
-2.109 -2.6152 0.70029 0.49835 0.52092 0.74916 0.72414 0.20744 0.27492 -0.043767 0.25247 0.39667 -0.25069
-2.5206 -3.041 0.34562 -0.12008 -0.20208 -0.23198 -0.10076 -0.55951 -0.53122 -0.15464 0.36416 -0.23969 -0.5242
-2.7733 -3.48 0.63308 -0.16874 0.24894 0.11527 0.17302 0.12293 0.10208 0.22904 0.29308 0.38756 0.29787
-2.9664 -3.0682 0.45387 0.20979 0.28709 0.3248 0.32708 0.20079 0.34727 0.46742 0.52171 0.41189 0.7556
-3.7449 -3.2894 1.0492 0.23539 0.54232 0.4589 0.56276 0.40624 0.49379 0.41778 0.38244 0.3862 0.29603
-2.2463 -4.6277 0.8141 0.40816 0.26224 0.026001 0.154 0.18838 0.55516 0.29792 -0.011322 0.1713 0.48574
-1.5319 -7.2443 -0.61508 0.7085 0.58875 0.88914 0.62012 0.46574 0.52897 0.30301 0.29809 0.26387 0.5296
-0.65181 -5.5843 -0.235 -1.211 0.34681 0.5163 0.40604 0.419 0.41227 0.1864 -0.1648 0.56898 0.099071
2.5273 -5.488 0.038804 -1.8214 -1.6853 -0.077549 0.76235 0.91027 -0.71508 0.33915 -0.10087 1.139 -0.59721
0.76553 -2.5646 0.49607 0.061433 0.27911 -0.17734 -0.07896 -0.0056295 0.081373 -0.22036 0.050551 0.16794 0.29131
4.026 -0.79112 0.37909 -1.2624 -0.58238 -2.7344 -0.57211 -0.090153 -0.084617 -1.0384 0.030902 -0.4032 -0.45044
5.5146 -2.2722 -1.2791 -2.6403 -2.0318 -2.6853 -0.31929 0.54309 -0.16268 -1.6932 -0.17785 -0.51388 -0.79526
5.6247 -3.6659 -2.2069 -3.1461 -2.2229 -2.3094 -0.63111 0.20625 -1.006 -2.0851 -0.67862 0.1521 -1.2361
6.0317 -3.2395 -2.8403 -3.3225 -1.3363 -2.2465 -0.11607 0.37355 -1.1113 -2.0367 -0.19469 0.098701 -0.81223
6.2554 -3.6331 -2.9771 -3.1118 -1.5655 -1.9488 -0.3195 0.33348 -1.2077 -2.143 -0.23251 0.11047 -1.0668
6.1768 -2.6247 -2.2972 -2.5539 -1.0748 -1.3641 0.039595 0.52445 -0.53972 -1.7657 0.10075 0.22921 -0.83547
5.8612 -2.856 -2.3507 -3.0809 -1.0782 -2.0317 -0.49356 0.2507 -0.37433 -1.6001 -0.22613 0.25259 -1.0719
4.84 -1.7613 -0.92966 -1.9492 -1.075 -1.8221 -1.1932 0.014966 0.22622 -0.77499 -0.29718 0.60191 -0.50747
1.6446 -1.6448 1.2532 -0.065313 -0.59218 -1.0734 -0.32658 -0.76976 0.86645 -0.50955 -0.12442 -0.27172 -0.38512
1.0915 -2.8327 0.69517 -0.12421 -0.27915 0.043737 0.12265 -1.154 -0.32696 -1.1569 -0.84806 -0.64241 -1.3659
0.77384 -3.0308 0.55068 -0.11335 -0.73781 -0.63255 -0.4176 -1.2505 -0.086429 -0.77971 -0.63864 -0.81783 -0.75132
0.068171 -3.1644 0.31941 -0.089433 -0.42793 -0.41665 -0.054216 -0.28056 0.13515 -0.687 -0.85934 -0.98437 -0.5964
0.26196 -3.1156 0.55828 0.26499 -0.26188 -0.12008 -0.28361 -1.1867 -0.54447 -1.1613 -0.77129 -0.45835 -0.7671
1.1147 -2.5172 0.5316 -0.56986 -0.9316 -1.5523 -1.4486 -1.6043 0.31306 -0.69828 -0.74945 -0.47339 -0.62189
3.3809 -1.5398 -0.66625 -2.0693 -0.66618 -1.8228 -0.74372 -0.39526 0.16433 -0.58884 -0.64324 -0.43825 0.067384
4.675 -2.2802 -2.1448 -2.879 -1.0303 -1.4097 -0.84666 0.28836 -0.39745 -0.96341 -1.3932 -0.26834 -0.16082
5.0993 -2.6465 -2.837 -2.5398 -0.50418 -0.71197 -0.32242 0.29044 -0.90578 -1.1632 -1.3421 0.24788 -0.28464
5.606 -3.2131 -3.4416 -2.4792 -0.30324 -0.38462 -0.71274 -0.090633 -1.2199 -1.0449 -1.1898 0.55283 -0.5803
5.5227 -3.2806 -3.6283 -2.3431 0.11648 0.12465 -0.82215 -0.33798 -0.9589 -1.0915 -0.9401 0.56519 -0.72194
5.4006 -3.4227 -3.6954 -2.3897 0.20954 0.3887 -0.94432 -0.64925 -0.82737 -1.0299 -0.90251 0.44279 -0.68883
5.286 -3.2084 -4.0104 -2.5879 0.15976 0.32598 -0.8552 -0.85456 -0.89296 -1.0655 -0.91936 0.025371 -0.65937
5.244 -3.1966 -3.8644 -2.8327 0.27885 0.17107 -1.1243 -0.91618 -1.0509 -1.0462 -0.98399 -0.081729 -0.81757
5.2459 -3.0155 -3.9319 -2.6199 0.39057 0.40574 -0.87765 -0.77691 -0.91287 -0.85096 -0.89921 -0.10877 -0.74789
5.2556 -3.1391 -4.1752 -2.7151 0.32443 0.26212 -1.1926 -1.0265 -0.98933 -0.98461 -0.97677 -0.22665 -0.66929
5.3001 -3.4357 -4.0818 -2.8874 0.57273 0.13916 -1.1927 -0.94667 -1.0691 -0.93604 -0.94624 -0.25176 -0.75729
5.1612 -3.2122 -3.861 -2.8457 0.53616 0.36201 -1.4308 -0.67832 -1.1464 -0.95884 -0.83865 -0.43637 -0.64355
5.156 -2.7853 -3.3535 -2.4568 0.88185 0.58523 -1.2713 -0.44609 -0.87135 -0.53841 -0.60185 -0.15889 -0.71958
4.9665 -3.1467 -3.5384 -2.8775 0.66376 0.10304 -1.4578 -0.74842 -1.1083 -0.86983 -0.59234 -0.58441 -0.63282
4.9519 -3.103 -3.7895 -2.6375 0.46581 0.073045 -1.5099 -0.82463 -1.0138 -0.88833 -0.83507 -0.74576 -0.79006
4.8562 -3.0542 -3.8316 -3.2252 0.55563 -0.056614 -1.8017 -0.62434 -0.80725 -1.1857 -0.51552 -0.99756 -0.64571
4.7663 -2.865 -3.5846 -3.1612 0.40466 -0.087176 -1.9271 -0.39094 -0.71754 -1.0845 -0.60515 -0.73813 -0.63209
4.8608 -2.9398 -3.5833 -3.4381 0.43013 -0.16488 -1.7976 -0.45166 -0.87181 -1.2562 -0.28205 -0.32722 -0.61556
5.1261 -3.3245 -4.2834 -3.3183 -0.18974 -0.28497 -1.0992 -1.0007 -1.1306 -1.1033 -0.1181 0.0033992 -0.65758
5.3763 -3.4498 -4.5371 -3.8421 -0.63648 0.14437 -1.426 -1.1998 -1.0386 -1.3557 -0.34106 -0.25674 -0.28217
5.4229 -3.203 -3.9695 -3.9252 -0.12276 0.23719 -1.284 -0.73794 -0.63589 -1.1331 -0.49014 -0.34427 0.14681
5.4635 -3.3286 -3.861 -4.4728 0.30256 0.49588 -2.0598 -0.010378 -0.83268 -1.2297 -0.37634 -0.43667 0.021712
5.3299 -3.6339 -3.967 -3.7445 0.19963 0.40897 -2.0516 -0.26009 -0.59796 -0.83301 -0.11916 0.017345 -0.10625
5.0322 -3.7118 -4.2476 -3.3199 0.19318 -0.22077 -1.8933 -0.17813 -0.82576 -0.59786 0.091023 -0.20491 0.068596
4.7023 -3.9631 -3.9946 -3.164 0.31666 -0.52353 -1.3961 -0.19403 -0.63747 -0.77439 0.026343 0.026501 0.25402
4.5211 -4.196 -4.5759 -3.3059 0.1113 -0.47015 -1.3484 0.31601 -0.5091 -0.64156 0.31483 0.0063417 0.32305
3.6481 -3.0437 -3.2486 -4.0297 0.10746 -0.07113 -0.72677 0.16038 0.015511 -0.77786 0.0043424 0.2517 -0.07329
2.1821 -2.9303 -2.232 -3.2149 0.12531 0.18929 -0.13191 -0.12581 0.44106 -0.42223 0.3874 0.38334 -0.55204
