3.0045 -3.0785 -0.012117 -2.0934 -2.1452 -2.6412 -1.0909 -0.4329 -0.42423 -1.2275 -0.20799 -0.82025 -0.38027
4.1278 -3.7662 -0.80746 -2.9904 -2.2526 -1.9519 -0.63556 0.23764 -0.34785 -0.849 -0.3203 -0.57317 -1.2118
4.0491 -3.6638 -0.54197 -2.6076 -1.8416 -1.111 -0.28442 0.52785 -0.80242 -0.49193 0.26731 -0.42429 -0.85961
4.4826 -4.2342 -1.4842 -2.6909 -1.9471 -1.0955 -0.56798 0.69666 -0.84983 -1.107 0.094631 -0.10561 -0.93005
4.7326 -4.7614 -1.8852 -3.0297 -2.2881 -0.9301 -0.84835 0.49317 -0.88843 -1.4862 -0.27585 -0.12404 -0.88612
4.6899 -4.5943 -2.5135 -2.9749 -2.0781 -1.2921 -0.98916 0.38963 -0.80347 -1.7341 -0.054745 -0.11542 -0.89526
4.2287 -3.9187 -1.9038 -2.8753 -1.5773 -1.1174 -1.1401 0.23221 -0.31905 -1.2203 -0.14386 0.14985 -0.68858
3.3173 -3.3321 -1.8274 -2.4317 -2.0383 -1.6433 -1.4086 -0.47625 0.37812 -1.2038 -0.027029 -0.076546 -0.38098
0.57082 -2.9335 0.24625 0.01295 -0.57683 -1.2789 -1.5309 -1.437 0.26677 -0.22882 -0.024722 -0.086944 -0.53497
0.32852 -3.4725 0.10579 -0.13157 -0.4276 -0.5022 -0.63041 -1.1941 -0.24322 -0.59393 -0.49521 -0.54914 -0.69867
0.15306 -3.4258 0.16613 -0.16412 -0.61317 -0.52413 -0.47035 -1.1513 -0.46597 -0.94637 -0.69842 -0.60532 -0.29289
-0.0099386 -3.6439 -0.057121 -0.40022 -0.49722 -0.71857 -0.83517 -1.3148 -0.63971 -0.47751 0.045262 -0.11232 -0.4475
-0.1688 -3.4105 0.5164 0.28439 0.055456 -0.17861 -0.74094 -1.3852 -0.49088 -0.73844 -0.6115 -0.080871 -0.73582
0.53182 -3.4613 0.37288 -0.20768 -1.4718 -1.3797 -0.98019 -1.5313 -0.081045 -0.66309 -0.32894 -0.61038 -0.16436
1.815 -2.9955 -0.12833 -1.543 -1.4508 -1.6491 -0.79742 -0.597 0.19764 -0.61583 -0.38678 -1.011 0.23699
3.0302 -3.1111 -1.9528 -2.2774 -1.4287 -1.5191 -0.097289 0.039204 0.69407 -0.72157 -0.39096 -0.61888 -0.30199
3.5902 -3.7439 -2.5334 -2.6781 -1.1266 -0.37051 -0.2725 0.0010087 0.0654 -1.3231 -0.48659 0.011303 -0.1197
4.4304 -3.9533 -3.7575 -2.9366 -1.5549 -0.37398 -0.57001 -0.45484 -0.50729 -1.6688 -0.88265 -0.18878 -0.51365
4.0278 -4.0184 -3.0358 -2.751 -0.96334 -0.07894 -0.68409 -0.36748 -0.39754 -1.196 -0.74205 0.34319 -0.89655
3.7455 -3.5804 -2.6979 -2.5883 -0.73243 0.28501 -0.50359 -0.30312 -0.41329 -1.3091 -0.60338 0.40714 -0.60831
3.5547 -3.9941 -2.7562 -2.2699 -0.57598 0.029933 -0.51248 -0.44744 -0.90857 -1.3224 -0.78791 -0.021069 -0.87477
3.1687 -4.2764 -2.74 -2.4292 -0.6815 -0.10917 -0.90215 -0.64287 -0.94004 -1.5176 -0.65751 -0.0078687 -0.55018
2.6701 -4.1677 -2.7279 -2.535 -0.069254 -0.16815 -1.0133 -0.75721 -0.88513 -1.4585 -0.67257 -0.1832 -0.55811
2.8047 -4.0871 -2.5429 -1.8832 0.28357 0.17201 -0.86212 -0.76501 -0.69957 -1.0268 -0.40515 -0.02492 -0.53654
3.0913 -3.984 -2.5897 -2.3951 0.3604 0.078456 -1.1338 -0.43399 -1.0043 -1.0807 -0.37387 0.35142 -0.50427
3.4262 -3.6929 -3.1909 -2.1655 0.48395 0.032214 -0.82489 -1.0205 -1.0974 -0.81681 -0.45362 0.48701 -0.37659
3.828 -4.1454 -3.6886 -2.5313 0.077409 0.17696 -0.89934 -1.232 -1.2754 -1.1427 -0.54567 -0.087398 -0.46081
4.0483 -4.0358 -3.6546 -2.7583 0.31887 0.28039 -1.0196 -1.1529 -0.9939 -1.202 -0.40672 0.12615 -0.35716
4.2457 -4.6769 -3.8075 -2.6982 -0.13411 0.36168 -1.43 -1.1428 -1.1421 -1.24 -0.62195 0.069306 -0.14079
4.2887 -4.426 -3.6017 -2.9205 0.016161 0.48896 -1.5246 -0.9999 -1.0484 -1.3535 -0.42281 0.021878 0.055262
4.2503 -4.5487 -3.7178 -2.786 -0.36597 0.32557 -1.4788 -0.96112 -1.061 -1.2269 -0.69785 -0.0126 0.13046
3.9943 -4.3071 -3.4957 -2.9761 -0.27087 0.24155 -1.4613 -0.92424 -0.95908 -1.6161 -0.50414 -0.18256 0.1629
3.8295 -4.254 -3.4516 -2.7155 -0.18648 0.068376 -1.2382 -0.85247 -0.88671 -1.5353 -0.56999 -0.2633 0.43429
3.8249 -4.2289 -3.0503 -2.6566 -0.35895 0.078308 -1.4575 -0.89741 -1.0623 -1.4485 -0.7722 -0.37904 0.18539
3.5909 -4.3235 -2.9474 -2.7415 -0.066971 0.24891 -1.2253 -0.67357 -0.95849 -1.4847 -0.78854 -0.34681 0.60856
3.3828 -4.5295 -2.8598 -2.3748 0.08258 0.19444 -1.2133 -0.54364 -0.97801 -1.2489 -0.69048 -0.1426 0.48526
2.9106 -4.1242 -2.3203 -2.8968 0.39943 0.13255 -1.4185 -0.20701 -0.97994 -1.478 -0.36645 -0.077796 0.4379
2.3402 -4.003 -2.0056 -2.661 0.28869 0.33291 -0.71897 -0.60923 -0.868 -1.0314 -0.29932 0.22848 0.77582
1.7902 -4.0692 -1.9293 -2.7255 -0.061481 -0.71696 -1.0305 -0.89319 -1.1884 -0.98753 -0.16053 0.6784 0.68139
-0.18978 -3.5743 -1.6839 -1.9481 0.85775 -0.012194 -0.53177 -0.3244 -0.80316 -0.44605 -0.196 1.1312 0.84946
