4.1625 -3.4777 -1.8621 -1.5007 -1.7554 -1.9829 -0.034368 -0.16026 -0.12631 -1.1931 -0.45545 -0.28808 -0.71919
4.9646 -3.8924 -2.7105 -1.6269 -2.0104 -1.8226 -0.11021 0.042517 -0.15457 -1.6226 -0.42624 0.0032276 -1.085
5.4485 -4.6276 -3.2086 -2.0152 -2.1459 -1.6311 -0.55274 -0.20091 -0.68856 -1.4907 -0.71651 -0.20196 -1.3426
5.5558 -4.2062 -3.0902 -1.6218 -1.7532 -1.4609 -0.09528 -0.041109 -0.35348 -1.3207 -0.67589 0.028039 -1.2107
5.3081 -4.1208 -3.3341 -1.7842 -1.5758 -1.4301 0.06891 -0.089604 -0.31476 -1.2921 -0.75329 -0.15709 -1.3046
5.219 -3.8812 -3.1953 -1.8559 -1.376 -1.0941 -0.096543 0.089376 -0.19066 -1.3491 -0.61206 -0.18472 -1.1442
4.8421 -3.7308 -3.4816 -2.8029 -1.5366 -1.9862 -0.53828 -0.35107 -0.49145 -1.8186 -0.91164 -0.33561 -1.1152
3.6721 -3.3699 -2.2875 -2.7109 -0.89627 -1.8223 -0.69313 -0.1856 -0.4092 -1.1386 -0.70385 -0.50513 -0.57456
1.9018 -3.4858 -0.42816 -0.8475 -0.52013 -0.80721 -1.056 -1.4442 -0.38942 -0.65242 -0.44437 -0.073965 -0.57694
1.6866 -3.2042 0.68457 0.27571 -0.56621 -0.53155 -0.7658 -1.5525 -0.036814 -0.86921 -1.0095 -0.6978 -0.93719
1.4544 -3.6408 0.24547 0.1827 0.09935 -0.49539 -1.7493 -2.3034 -0.021224 -0.8169 -1.4846 -0.3381 -1.4309
1.2929 -3.2812 0.45416 0.25818 -0.14585 -0.29294 -0.74665 -1.2505 -0.12068 -1.0212 -1.5194 -0.81974 -0.74581
0.56903 -3.3804 0.06078 -0.24992 -0.12174 -0.23357 -0.41659 -0.89473 -0.56058 -0.69016 -0.51875 -0.4336 -0.81644
0.060907 -3.3652 0.13606 -0.2215 0.02341 -0.38734 -0.83719 -1.1706 -0.57361 -0.38348 -0.22831 -0.17377 -1.0647
-0.39706 -2.7004 0.77404 -0.081336 -0.96117 -0.68572 0.03262 -0.79496 -0.37064 -0.19589 0.73255 -0.26127 -0.28608
2.5152 -2.6631 -1.0445 -2.7938 -1.1816 -0.70092 0.74645 -1.0566 -0.90368 -1.0375 -0.19532 -0.78522 0.053523
3.8552 -2.6901 -2.424 -3.0101 -1.0381 -0.30918 0.1796 -1.0115 -0.58307 -1.0848 -0.43275 -0.0077952 -0.47568
4.2565 -3.2504 -2.8253 -2.4029 -0.0082616 0.29026 -0.34084 -1.2017 -0.64116 -0.40418 -0.64697 0.23892 -0.62115
4.0733 -3.5398 -2.57 -2.5866 0.0025108 0.60542 -0.55352 -1.191 -0.39794 -0.37393 -0.87768 0.18127 -0.8143
4.0861 -3.8949 -3.8169 -2.9145 -0.086414 -0.066706 -0.83704 -1.1405 -0.9167 -0.38011 -1.1002 -0.29097 -0.82639
3.9925 -3.4292 -2.8533 -3.4354 0.37532 -0.10738 -1.1373 -1.1035 -1.1689 -0.51698 -0.78837 -0.78561 -0.80868
4.1685 -3.2756 -3.2665 -2.5934 0.09868 -0.14013 -0.56042 -0.92236 -0.90177 -0.552 -1.0671 -0.32492 -0.68975
5.5275 -3.7468 -4.6348 -2.8095 -0.25043 -0.4436 -0.98386 -1.1135 -0.68334 -0.76542 -1.0555 -0.10713 -0.81035
5.8144 -3.6766 -4.2863 -2.2231 -0.10533 -0.2102 -0.55948 -0.32118 -0.45266 -0.56337 -0.9465 -0.052739 -0.86048
5.9713 -3.8371 -4.798 -2.1702 -0.63751 -0.52579 -0.8243 -0.74641 -0.46623 -1.0358 -0.72348 0.066868 -1.0298
6.1123 -4.5984 -4.7117 -1.8855 -1.0542 -0.48025 -0.96564 -0.78568 -0.75819 -1.2635 -0.9607 -0.12797 -1.2475
6.0297 -4.2641 -4.2139 -2.0316 -0.65916 -0.48073 -0.60769 -0.57807 -0.6846 -0.72747 -0.66844 0.32603 -0.71397
5.5673 -3.0847 -3.4475 -2.6771 0.17091 -0.19597 -0.5323 -0.57155 -0.41207 -0.79316 -0.46752 0.44949 -0.61907
4.9068 -3.0142 -3.4778 -3.0254 -0.08731 -0.69199 -0.37746 -0.69461 -0.91751 -1.1122 -0.75244 0.31291 -0.6186
4.9998 -4.4479 -4.0421 -3.5168 -1.4645 -1.3892 -0.74641 -0.47884 -0.52605 -1.0395 -0.76653 0.4599 -0.21222
3.8419 -3.211 -2.1462 -3.386 -1.5589 -1.3992 0.56603 -0.015331 -0.10693 -0.47064 0.51416 0.33025 0.65527
3.4546 -3.587 -2.3521 -3.7195 -1.8296 -1.8153 0.28293 -0.076742 -0.4342 -0.069526 0.83028 -0.038693 1.1264
2.6495 -3.909 -0.8792 -2.8248 -2.5926 -2.4769 -0.36284 -0.32823 0.27648 -0.43067 0.2184 -0.15984 1.066
1.2552 -3.2723 0.16915 -1.308 -2.0491 -2.1314 -0.76983 -0.93926 0.53587 -0.24977 -0.28616 -1.033 0.44536
