-1.1475 -5.7055 1.5386 -0.044055 0.84889 0.93688 1.0394 0.34732 0.99745 -0.15941 -0.55239 0.42331 0.33658
-2.2387 -2.874 0.2546 -0.081735 0.24533 0.11685 0.20528 0.1605 0.23009 0.14374 0.11362 0.19707 0.27563
2.6684 -2.1391 -0.22182 -2.3492 -1.6231 -1.6003 -0.13033 -0.27203 -0.367 -0.58233 0.10517 0.056815 0.48625
4.3013 -4.0265 -1.5883 -2.4108 -2.4848 -0.6495 0.51747 0.056895 -0.98429 -1.0354 0.11075 -0.061751 -0.10291
4.8041 -4.8222 -2.7722 -2.8391 -1.9827 -0.21842 -0.1342 -0.55422 -1.2061 -1.3997 0.31255 -0.066512 -0.56935
4.9955 -4.2814 -2.8014 -2.5099 -1.6651 -0.097321 0.14268 -1.0731 -1.0294 -1.4068 0.11039 -0.22709 -0.73915
4.9224 -4.7777 -3.1739 -3.64 -1.9679 -0.72321 -0.0073883 -1.5332 -1.0438 -1.5425 -0.47862 -0.0034242 -0.93065
4.7539 -3.9508 -2.5994 -3.4639 -1.8751 -1.1865 0.089107 -0.80138 -1.419 -1.4722 -0.30576 -0.14905 -0.59664
4.2163 -3.0001 -1.5662 -2.9855 -1.9665 -1.5457 0.17455 -0.32479 -0.84784 -1.3338 -0.47664 -0.13967 -0.41609
3.1542 -1.9343 0.49741 -2.0283 -2.091 -1.8418 -0.07555 -0.51578 0.040325 -1.0018 0.21756 -0.24747 0.10602
0.92498 -2.6945 0.69029 -0.0027418 -0.36917 -0.34506 -0.26568 -1.0288 0.058938 -0.45624 -0.18321 -0.12665 -0.33916
0.52896 -3.0965 0.30646 -0.076224 -0.18841 -0.25602 -0.35232 -0.91088 -0.40285 -0.68962 -0.45379 -0.34751 -0.43883
0.54655 -3.3682 0.12544 -0.14215 -0.22417 -0.39456 -0.70343 -1.2829 -0.5669 -0.71934 -0.34957 -0.21808 -0.72733
-0.15485 -3.3289 0.32659 -0.08049 -0.29361 -0.43639 -0.69535 -1.2934 -0.46539 -0.46402 -0.3036 -0.38995 -1.1872
-0.20385 -3.3335 0.25149 0.038599 0.053724 -0.12334 -0.78688 -1.2577 -0.40531 -0.68113 -0.71442 -0.23535 -0.98719
1.914 -1.7158 1.6569 -0.15127 -1.0936 -0.80404 -0.31828 -0.48255 0.050471 -0.84316 -0.44283 -0.18123 0.28537
4.3928 -1.1108 -0.14156 -3.0657 -0.89342 -0.73639 0.47544 0.65493 0.12556 -0.55412 -0.18791 -0.29398 -0.015203
5.0861 -2.4312 -1.7146 -3.3873 -1.1669 -0.60457 0.39394 -0.06468 -0.99194 -1.0934 -0.44493 0.36941 -0.52441
5.2454 -3.0287 -2.8438 -3.7137 -0.67323 -0.12758 -0.28305 -0.3476 -0.98072 -0.86678 -0.60524 0.24275 -0.41413
5.2279 -3.2613 -3.1684 -3.8588 -0.7116 -0.0057919 -0.55821 -1.1871 -0.70041 -1.1555 -0.56721 -0.11416 -0.57185
5.38 -3.3378 -3.4485 -3.8233 -0.43144 0.079692 -0.6247 -1.3103 -0.91631 -0.67633 -0.76736 0.27848 -0.86738
5.4388 -3.4606 -3.5173 -3.6926 -0.3838 0.037574 -0.51437 -1.3227 -0.96133 -0.55623 -0.48848 0.45655 -0.84336
5.3996 -3.4105 -3.2092 -3.1023 -0.56783 0.6725 -0.33085 -1.3357 -0.50383 -0.73721 -0.16013 0.17311 -0.83317
5.2728 -4.0494 -3.6414 -3.2534 -0.91546 0.32541 -0.35287 -1.7301 -0.69063 -0.87677 -0.34724 0.003695 -0.99128
4.9393 -4.2792 -3.3641 -3.2519 -1.0027 0.23705 -0.32237 -1.5889 -0.70538 -0.90783 -0.2216 0.14552 -0.85107
4.7323 -4.0461 -3.6263 -3.2427 -0.86457 -0.035297 -0.55605 -1.2636 -1.0019 -0.74711 -0.47996 0.19212 -0.79544
4.6643 -3.6322 -2.7738 -3.1272 -1.1433 0.27419 -0.45624 -1.3447 -1.0592 -0.58576 -0.38543 0.057291 -1.002
4.8632 -4.2276 -2.8212 -3.5512 -1.4902 0.66755 -0.92221 -1.4019 -0.95351 -0.73095 -0.34759 0.26719 -0.95724
4.4942 -3.3727 -2.793 -3.1455 -0.48078 0.085202 -0.42571 -1.2782 -0.45565 -0.46907 0.007991 0.3778 -0.94856
4.3694 -4.3163 -2.8664 -3.2049 -0.81734 -0.036636 -0.53438 -1.3909 -0.52443 -0.51012 -0.095599 0.11607 -0.39979
4.2527 -4.1893 -2.9464 -3.4461 -0.94314 -0.31613 -0.67602 -1.4887 -0.53372 -0.78281 -0.31927 0.29717 -0.38983
4.4108 -4.2419 -2.7839 -3.8282 -0.90584 0.12628 -0.97766 -0.85947 -0.21271 -0.65998 -0.0054435 0.90754 -0.022467
4.2967 -4.6593 -3.1032 -3.7357 -0.60064 -0.1017 -0.96331 -1.2342 -0.49746 -0.66013 -0.083917 0.60952 -0.33488
3.9986 -4.5877 -3.7181 -4.1411 -0.45061 -0.16454 -0.99186 -0.57616 -0.55481 -1.1531 -0.057762 0.8815 -0.029087
2.9611 -4.3292 -2.809 -3.4946 -0.059792 -0.37168 -0.46059 -0.53122 -0.63454 -0.74026 0.21182 0.60916 0.28433
2.0044 -2.8253 -1.4605 -3.5026 -6.2653e-06 0.046573 -0.048137 -0.12234 -0.19515 -0.15624 0.49323 0.43376 0.063876
1.4108 -4.2337 -2.0549 -3.1089 -0.70233 -0.43498 -0.12884 0.11531 -0.019094 -0.15663 1.0779 1.549 1.0206
