-1.4662 -2.6666 0.43053 0.042863 0.19432 -0.11652 -0.24801 -0.040804 0.089341 -0.0074648 0.036983 0.13581 -0.0038976
2.8967 -2.2018 0.011198 -1.9104 -1.9164 -2.6255 -0.31705 -0.34529 -0.57385 -0.75944 0.39723 -0.54437 -0.047022
4.3798 -3.5855 -1.8932 -2.7841 -2.5512 -1.7991 -0.17461 -0.32845 -0.77693 -1.8688 -0.1572 -0.56828 -0.69645
5.4573 -4.6632 -3.6829 -2.8841 -2.8567 -1.27 -0.026361 -0.98672 -1.2551 -1.8251 -0.43787 -0.37252 -0.60803
5.9941 -4.4616 -4.3982 -2.391 -2.114 -0.74489 0.28619 -1.3074 -0.95954 -1.8022 -0.033037 -0.24015 -0.57609
6.008 -4.1075 -4.1655 -2.1659 -1.6023 -0.40522 0.26939 -1.1798 -0.80537 -1.5361 -0.14054 0.082224 -0.66936
6.0832 -3.7113 -3.6478 -2.0529 -1.0939 -0.72842 0.48187 -0.57039 -0.8808 -1.5729 -0.11045 0.15217 -0.79179
5.9674 -3.9409 -3.5289 -2.2163 -1.5981 -1.0976 0.37039 -0.529 -1.0727 -1.9614 -0.49397 -0.15987 -0.80192
5.438 -3.2444 -2.5471 -2.6106 -1.7168 -1.4663 0.25421 -0.2001 -1.0183 -1.6664 -0.71617 0.016395 -0.57392
3.5415 -2.247 -0.99717 -1.8114 -1.7375 -1.7887 0.031929 -0.25582 -0.18747 -1.4606 -0.33162 0.045226 0.037781
1.388 -2.6108 0.71824 -0.43386 -0.57402 -0.60236 -0.47013 -1.5 0.16735 -1.078 -0.9415 -0.13012 -0.42379
1.2878 -3.2126 0.65496 0.23056 -0.39383 -0.51765 -0.76039 -1.5217 0.055872 -1.0913 -1.2576 -0.73422 -0.92621
0.50377 -3.3709 0.4274 0.32209 0.14099 0.018432 -0.70587 -1.3906 -0.12969 -1.1326 -1.6066 -0.55435 -0.72499
0.50492 -3.0983 0.62075 0.25513 0.070817 -0.23651 -1.0553 -1.9444 -0.29156 -0.80432 -0.60188 0.088578 -1.1225
-0.057675 -3.2573 0.58061 0.41982 0.36044 -0.11463 -1.0279 -1.4936 -0.061411 -0.4562 -0.93083 -0.2567 -1.3294
2.1478 -1.3459 1.5221 0.1093 -0.095101 0.11562 -0.0503 0.040181 0.86341 0.19203 0.069571 0.018038 0.081375
4.8011 -0.2715 -0.22563 -1.8582 -0.039341 -0.27653 0.65172 1.1353 0.49139 -0.53809 -0.026705 0.59159 0.37955
5.6393 -2.6582 -2.3416 -2.8257 -0.85719 -0.53393 0.532 -0.00099325 -0.8276 -1.116 -0.23254 1.0118 -0.19553
5.7623 -3.2921 -3.3101 -3.2895 -0.49557 -0.4225 -0.32206 -0.23118 -1.1207 -1.0979 -0.53417 0.65973 -0.027574
5.4153 -3.3531 -2.653 -3.3545 0.054685 0.086068 -0.6645 -0.49163 -0.55625 -1.3585 -0.56625 0.59478 -0.50752
5.2152 -3.6147 -3.0736 -2.8035 -0.048656 -0.2846 -0.40017 -0.88264 -0.60826 -0.86045 -0.78904 0.43096 -0.54359
5.1094 -3.8767 -3.0886 -3.2643 -0.19424 -0.3541 -0.82275 -1.0832 -1.197 -0.85489 -0.60821 0.51079 -0.82024
4.9478 -3.7903 -3.0173 -3.4819 -0.40616 -0.18822 -1.2252 -1.2398 -0.73497 -0.85235 -0.73358 0.49601 -0.67924
4.8231 -3.3702 -3.0329 -3.0315 -0.70362 0.006723 -0.56682 -1.3968 -0.7632 -0.80346 -0.76074 0.28779 -0.54264
4.9864 -3.2608 -3.6162 -3.3987 -0.32328 -0.02965 -0.71738 -1.5562 -0.54411 -0.91965 -0.6858 0.20669 -0.46469
5.0035 -4.037 -4.3561 -3.3854 -0.6251 -0.56647 -1.0793 -1.5551 -0.84591 -1.0014 -0.70233 -0.027875 -0.62039
5.1374 -3.9879 -4.4188 -3.2135 -0.7649 -0.24717 -1.3684 -1.6777 -0.71021 -1.1505 -0.99166 -0.043068 -0.76761
5.1695 -3.9565 -4.5512 -2.9894 -0.5739 -0.43601 -0.88301 -1.546 -0.72364 -0.91845 -1.0394 0.17671 -0.79687
5.3416 -3.087 -4.077 -2.3667 -0.21743 0.15222 -0.14214 -1.3354 -0.04409 -0.92634 -0.66339 0.42045 -0.5719
5.3646 -3.8813 -4.5297 -2.8537 -0.7253 -0.21223 -0.70466 -1.9492 -0.1936 -1.3264 -0.88288 -0.021887 -0.73657
5.0596 -4.0739 -4.0161 -2.6532 -0.7176 -0.091859 -0.58823 -1.6459 -0.50743 -1.0368 -1.1194 0.064039 -0.88189
4.7457 -4.301 -3.3932 -2.4501 -0.76373 0.21967 -0.75346 -1.7699 -0.25754 -0.86483 -0.41598 0.084693 -0.46432
4.4386 -4.5051 -3.7701 -2.5997 -1.0038 -0.18463 -0.67119 -1.729 -0.21031 -0.73738 -0.11208 0.3707 0.0034656
4.3174 -4.8715 -4.0613 -3.0741 -1.4851 -0.18048 -0.84069 -1.7704 -0.25156 -0.7231 -0.24131 0.78802 -0.05671
4.1369 -3.9991 -2.6964 -2.8007 -0.90249 0.10093 -0.54213 -1.4928 -0.13937 -0.91731 -0.32183 0.78441 -0.23088
4.0851 -4.5769 -3.6719 -3.0331 -1.2256 -0.0073744 -0.52146 -1.3022 -0.17702 -0.85844 -0.01216 0.78463 -0.14127
3.4553 -4.2607 -2.9973 -2.9786 -0.39093 0.48178 -0.32009 -0.7532 0.20577 -0.72627 0.22702 0.79864 -0.67002
1.9489 -4.8466 -2.3258 -2.3696 -0.6073 -0.33763 -0.25192 -0.51096 -0.40847 -0.51453 -0.061271 0.62462 0.070712
1.1718 -4.3631 -1.223 -2.2985 -1.2291 -1.0287 0.05536 -0.41746 -0.40584 -0.42197 0.44599 0.34213 0.71094
