-0.43273 -0.83622 0.92737
-0.43273 -0.83622 0.92737
-0.43273 -0.83622 0.92737
-0.43273 -0.83622 0.92737
-0.43273 -0.83622 0.92737
-0.43273 -0.83622 0.92737
-0.43273 -0.83622 0.92737
-0.43273 -0.83622 0.92737
-0.43273 -0.83622 0.92737
-0.43273 -0.83622 0.92737
-0.43273 -0.83622 0.92737
-0.43273 -0.83622 0.92737
-0.43273 -0.83622 0.92737
-0.43273 -0.83622 0.92737
-0.43273 -0.83622 0.92737
-0.43273 -0.83622 0.92737
-0.43273 -0.83622 0.92737
-0.43273 -0.83622 0.92737
-0.43273 -0.83622 0.92737
-0.43273 -0.83622 0.92737
-0.43273 -0.83622 0.92737
-0.43273 -0.83622 0.92737
-0.43273 -0.83622 0.92737
-0.43273 -0.83622 0.92737
-0.43273 -0.83622 0.92737
-0.43273 -0.83622 0.92737
-0.43273 -0.83622 0.92737
-0.43273 -0.83622 0.92737
-0.43273 -0.83622 0.92737
-0.43273 -0.83622 0.92737
-0.43273 -0.83622 0.92737
-0.43273 -0.83622 0.92737
-0.43273 -0.83622 0.92737
-0.43273 -0.83622 0.92737
-0.43273 -0.83622 0.92737
-0.43273 -0.83622 0.92737
-0.43273 -0.83622 0.92737
-0.43273 -0.83622 0.92737
-0.43273 -0.83622 0.92737
-0.43273 -0.83622 0.92737
-0.43273 -0.83622 0.92737
-0.43273 -0.83622 0.92737
-0.43273 -0.83622 0.92737
-0.43273 -0.83622 0.92737
-0.43273 -0.83622 0.92737
-0.43273 -0.83622 0.92737
-0.43273 -0.83622 0.92737
-0.43273 -0.83622 0.92737
-0.43273 -0.83622 0.92737
-0.43273 -0.83622 0.92737
-0.43273 -0.83622 0.92737
-0.43273 -0.83622 0.92737
-0.43273 -0.83622 0.92737
-0.43273 -0.83622 0.92737
-0.43273 -0.83622 0.92737
-0.43273 -0.83622 0.92737
-0.43273 -0.83622 0.92737
-0.43273 -0.83622 0.92737
-0.43273 -0.83622 0.92737
-0.43273 -0.83622 0.92737
-0.43273 -0.83622 0.92737
-0.43273 -0.83622 0.92737
-0.43273 -0.83622 0.92737
-0.43273 -0.83622 0.92737
-0.43273 -0.83622 0.92737
-0.43273 -0.83622 0.92737
-0.43273 -0.83622 0.92737
-0.43273 -0.83622 0.92737
-0.43273 -0.83622 0.92737
-0.43273 -0.83622 0.92737
-0.43273 -0.83622 0.92737
-0.43273 -0.83622 0.92737
-0.43273 -0.83622 0.92737
-0.43273 -0.83622 0.92737
-0.43273 -0.83622 0.92737
-0.43273 -0.83622 0.92737
-0.43273 -0.83622 0.92737
-0.43273 -0.83622 0.92737
-0.44337 -0.83988 0.92737
-0.46094 -0.84591 0.92737
-0.48545 -0.85433 0.92737
-0.52059 -0.86641 0.92737
-0.55574 -0.87848 0.92737
-0.59088 -0.89056 0.92737
-0.62603 -0.90263 0.92737
-0.66118 -0.9147 0.92737
-0.69632 -0.92678 0.92737
-0.73147 -0.93885 0.92737
-0.76661 -0.95093 0.92737
-0.80176 -0.963 0.92737
-0.83691 -0.97508 0.92737
-0.86512 -0.98477 0.92737
-0.87977 -0.9898 0.92737
-0.89256 -0.99419 0.92737
-0.89256 -0.99419 0.92737
-0.89256 -0.99419 0.92737
-0.89256 -0.99419 0.92737
-0.89256 -0.99419 0.92737
-0.89256 -0.99419 0.92737
-0.89256 -0.99419 0.92737
-0.89256 -0.99419 0.92737
-0.89256 -0.99419 0.92737
-0.89256 -0.99419 0.92737
-0.89256 -0.99419 0.92737
-0.89256 -0.99419 0.92737
-0.89256 -0.99419 0.92737
-0.89256 -0.99419 0.92737
-0.89256 -0.99419 0.92737
-0.89256 -0.99419 0.92737
-0.89256 -0.99419 0.92737
-0.89256 -0.99419 0.92737
-0.89256 -0.99419 0.92737
-0.89256 -0.99419 0.92737
-0.89256 -0.99419 0.92737
-0.89256 -0.99419 0.92737
-0.89256 -0.99419 0.92737
-0.89256 -0.99419 0.92737
-0.89256 -0.99419 0.92737
-0.89256 -0.99419 0.92737
-0.89256 -0.99419 0.92737
-0.89256 -0.99419 0.92737
-0.89256 -0.99419 0.92737
-0.89256 -0.99419 0.92737
-0.89256 -0.99419 0.92737
-0.89256 -0.99419 0.92737
-0.89256 -0.99419 0.92737
-0.89256 -0.99419 0.92737
-0.89256 -0.99419 0.92737
-0.89256 -0.99419 0.92737
-0.89256 -0.99419 0.92737
-0.89256 -0.99419 0.92737
-0.89256 -0.99419 0.92737
-0.89256 -0.99419 0.92737
-0.89256 -0.99419 0.92737
-0.89256 -0.99419 0.92737
-0.89256 -0.99419 0.92737
-0.89256 -0.99419 0.92737
-0.89256 -0.99419 0.92737
-0.89256 -0.99419 0.92737
-0.89256 -0.99419 0.92737
-0.89256 -0.99419 0.92737
-0.89256 -0.99419 0.92737
-0.89256 -0.99419 0.92737
-0.89256 -0.99419 0.92737
-0.89502 -0.98975 0.92047
-0.90422 -0.97315 0.89468
-0.91348 -0.95646 0.86875
-0.92352 -0.93835 0.84061
-0.93356 -0.92024 0.81247
-0.9436 -0.90213 0.78433
-0.95364 -0.88402 0.75619
-0.96368 -0.8659 0.72805
-0.97373 -0.84779 0.69991
-0.98377 -0.82968 0.67177
-0.99381 -0.81157 0.64363
-1.0039 -0.79346 0.61549
-1.0139 -0.77535 0.58735
-1.0239 -0.75723 0.55922
-1.0189 -0.72705 0.51701
-1.0139 -0.69686 0.4748
-1.0089 -0.66668 0.43259
-1.0039 -0.63649 0.39038
-0.99883 -0.6063 0.34817
-0.99381 -0.57612 0.30596
-0.98879 -0.54593 0.26375
-0.98377 -0.51575 0.22154
-0.97875 -0.48556 0.17933
-0.97373 -0.45537 0.13712
-0.9687 -0.42519 0.094914
-0.9625 -0.39358 0.051598
-0.95622 -0.36188 0.0082164
-0.93983 -0.31803 -0.044611
-0.91975 -0.26973 -0.10089
-0.89967 -0.22143 -0.15717
-0.87958 -0.17314 -0.21345
-0.8595 -0.12484 -0.26973
-0.83942 -0.076541 -0.32601
-0.81933 -0.028243 -0.38229
-0.79925 0.020055 -0.43856
-0.77917 0.068352 -0.49484
-0.75908 0.11665 -0.55112
-0.739 0.16495 -0.6074
-0.71778 0.2112 -0.66051
-0.69603 0.25648 -0.7121
-0.67038 0.29475 -0.75279
-0.64026 0.32493 -0.78093
-0.61013 0.35512 -0.80907
-0.58001 0.3853 -0.83721
-0.54988 0.41549 -0.86535
-0.51976 0.44568 -0.89349
-0.48963 0.47586 -0.92163
-0.4595 0.50605 -0.94976
-0.42938 0.53623 -0.9779
-0.39925 0.56642 -1.006
-0.36913 0.59661 -1.0342
-0.33952 0.62556 -1.0594
-0.31065 0.65273 -1.0806
-0.28252 0.67811 -1.0975
-0.25742 0.69622 -1.0975
-0.23231 0.71433 -1.0975
-0.20721 0.73244 -1.0975
-0.1821 0.75055 -1.0975
-0.157 0.76867 -1.0975
-0.13189 0.78678 -1.0975
-0.10679 0.80489 -1.0975
-0.081685 0.823 -1.0975
-0.05658 0.84111 -1.0975
-0.031476 0.85922 -1.0975
-0.0061359 0.87734 -1.0988
0.020642 0.89545 -1.1082
0.04742 0.91356 -1.1176
0.077309 0.93167 -1.1444
0.10743 0.94978 -1.1725
0.13756 0.96789 -1.2007
0.16769 0.98601 -1.2288
0.19781 1.0041 -1.257
0.22794 1.0222 -1.2851
0.25806 1.0403 -1.3132
0.28819 1.0585 -1.3414
0.31831 1.0766 -1.3695
0.34844 1.0947 -1.3977
0.37856 1.1128 -1.4258
0.40686 1.1309 -1.4488
0.43489 1.149 -1.4711
0.46099 1.1671 -1.4879
0.48609 1.1852 -1.502
0.5112 1.2033 -1.5161
0.5363 1.2215 -1.5301
0.5614 1.2396 -1.5442
0.58651 1.2577 -1.5583
0.61161 1.2758 -1.5724
0.63672 1.2939 -1.5864
0.66182 1.312 -1.6005
0.68693 1.3301 -1.6146
0.71203 1.3482 -1.6286
0.73866 1.3609 -1.6427
0.76627 1.3699 -1.6568
0.79487 1.3754 -1.6708
0.825 1.3754 -1.6849
0.85513 1.3754 -1.699
0.88525 1.3754 -1.713
0.91538 1.3754 -1.7271
0.9455 1.3754 -1.7412
0.97563 1.3754 -1.7553
1.0058 1.3754 -1.7693
1.0359 1.3754 -1.7834
1.066 1.3754 -1.7975
1.0961 1.3754 -1.8115
1.1233 1.3754 -1.8145
1.1446 1.3754 -1.7957
1.1652 1.3754 -1.774
1.1802 1.3754 -1.7318
1.1953 1.3754 -1.6896
1.2104 1.3754 -1.6474
1.2254 1.3754 -1.6052
1.2405 1.3754 -1.563
1.2555 1.3754 -1.5208
1.2706 1.3754 -1.4786
1.2857 1.3754 -1.4363
1.3007 1.3754 -1.3941
1.3158 1.3754 -1.3519
1.3306 1.3751 -1.3097
1.3423 1.3711 -1.2675
1.354 1.3671 -1.2253
1.3643 1.3613 -1.1831
1.3744 1.3553 -1.1409
1.3844 1.3492 -1.0987
1.3944 1.3432 -1.0565
1.4045 1.3372 -1.0143
1.4145 1.3311 -0.97204
1.4246 1.3251 -0.92983
1.4346 1.3191 -0.88762
1.4447 1.313 -0.84541
1.4547 1.307 -0.80321
1.4647 1.3009 -0.761
1.4808 1.3022 -0.73573
1.4984 1.3052 -0.71463
1.5175 1.31 -0.69768
1.5375 1.316 -0.68361
1.5576 1.3221 -0.66954
1.5777 1.3281 -0.65547
1.5978 1.3341 -0.6414
1.6179 1.3402 -0.62733
1.638 1.3462 -0.61326
1.658 1.3523 -0.59919
1.6781 1.3583 -0.58512
1.6982 1.3643 -0.57105
1.7183 1.3704 -0.55698
1.7429 1.3683 -0.54919
1.7713 1.3593 -0.54685
1.8003 1.3492 -0.54526
1.8304 1.3372 -0.54526
1.8606 1.3251 -0.54526
1.8907 1.313 -0.54526
1.9208 1.3009 -0.54526
1.9509 1.2889 -0.54526
1.9811 1.2768 -0.54526
2.0112 1.2647 -0.54526
2.0413 1.2526 -0.54526
2.0714 1.2406 -0.54526
2.1016 1.2285 -0.54526
2.128 1.2164 -0.54526
2.1443 1.2044 -0.54526
2.1606 1.1923 -0.54526
2.1756 1.1802 -0.54526
2.1907 1.1681 -0.54526
2.2057 1.1561 -0.54526
2.2208 1.144 -0.54526
2.2359 1.1319 -0.54526
2.2509 1.1198 -0.54526
2.266 1.1078 -0.54526
2.2811 1.0957 -0.54526
2.2961 1.0836 -0.54526
2.3112 1.0715 -0.54526
2.3262 1.0595 -0.54526
