-0.85874 -1.0781 0.39917
-0.85874 -1.0781 0.39917
-0.85874 -1.0781 0.39917
-0.85874 -1.0781 0.39917
-0.85874 -1.0781 0.39917
-0.85874 -1.0781 0.39917
-0.85874 -1.0781 0.39917
-0.85874 -1.0781 0.39917
-0.85874 -1.0781 0.39917
-0.85874 -1.0781 0.39917
-0.85874 -1.0781 0.39917
-0.85874 -1.0781 0.39917
-0.85874 -1.0781 0.39917
-0.85874 -1.0781 0.39917
-0.85874 -1.0781 0.39917
-0.85874 -1.0781 0.39917
-0.85874 -1.0781 0.39917
-0.85874 -1.0781 0.39917
-0.85874 -1.0781 0.39917
-0.85874 -1.0781 0.39917
-0.85874 -1.0781 0.39917
-0.85874 -1.0781 0.39917
-0.85874 -1.0781 0.39917
-0.85874 -1.0781 0.39917
-0.85874 -1.0781 0.39917
-0.85874 -1.0781 0.39917
-0.85874 -1.0781 0.39917
-0.85874 -1.0781 0.39917
-0.85874 -1.0781 0.39917
-0.85874 -1.0781 0.39917
-0.85874 -1.0781 0.39917
-0.85874 -1.0781 0.39917
-0.85874 -1.0781 0.39917
-0.85874 -1.0781 0.39917
-0.85874 -1.0781 0.39917
-0.85874 -1.0781 0.39917
-0.85874 -1.0781 0.39917
-0.85874 -1.0781 0.39917
-0.85874 -1.0781 0.39917
-0.85874 -1.0781 0.39917
-0.85874 -1.0781 0.39917
-0.85874 -1.0781 0.39917
-0.85874 -1.0781 0.39917
-0.85874 -1.0781 0.39917
-0.85874 -1.0781 0.39917
-0.87269 -1.0781 0.39917
-0.89181 -1.0781 0.39917
-0.92074 -1.0781 0.39917
-0.94494 -1.0781 0.39917
-0.96561 -1.0781 0.39917
-0.9669 -1.0781 0.39917
-0.9669 -1.0781 0.39917
-0.9669 -1.0781 0.39917
-0.9669 -1.0781 0.39917
-0.9669 -1.0781 0.39917
-0.9669 -1.0781 0.39917
-0.97508 -1.0781 0.39917
-0.99574 -1.0781 0.39917
-1.0227 -1.0781 0.39917
-1.0501 -1.081 0.39917
-1.0666 -1.1036 0.39917
-1.0751 -1.141 0.39917
-1.0751 -1.1938 0.39917
-1.0786 -1.2402 0.39917
-1.0881 -1.2756 0.39917
-1.1171 -1.2756 0.39917
-1.146 -1.2756 0.39917
-1.1749 -1.2756 0.39917
-1.1569 -1.2327 0.23297
-1.1336 -1.185 0.048504
-1.1047 -1.1322 -0.15605
-1.0869 -1.0998 -0.28146
-1.0751 -1.0781 -0.36547
-1.0751 -1.0781 -0.36547
-1.0751 -1.0781 -0.36547
-1.0751 -1.0781 -0.36547
-1.0751 -1.0781 -0.36547
-1.0751 -1.0781 -0.36547
-1.0751 -1.0781 -0.36547
-1.0751 -1.0517 -0.36547
-1.0751 -0.9989 -0.36547
-1.0751 -0.94608 -0.36547
-1.0751 -0.9019 -0.36547
-1.0751 -0.88681 -0.36547
-1.0751 -0.88068 -0.36547
-1.0751 -0.88068 -0.36547
-1.0751 -0.88068 -0.36547
-1.0751 -0.88068 -0.36547
-1.0751 -0.88068 -0.36547
-1.0751 -0.88068 -0.36547
-1.0751 -0.88068 -0.36547
-1.0751 -0.88068 -0.36547
-1.0751 -0.88068 -0.36547
-1.0751 -0.88068 -0.36547
-1.0751 -0.8453 -0.36547
-1.0751 -0.79892 -0.36547
-1.0751 -0.7461 -0.36547
-1.0666 -0.70868 -0.36547
-1.0501 -0.68604 -0.36547
-1.0227 -0.68321 -0.36547
-0.99574 -0.6796 -0.37948
-0.97508 -0.66451 -0.43792
-0.9669 -0.62662 -0.58464
-0.9669 -0.57379 -0.78919
-0.9669 -0.52097 -0.99375
-0.95725 -0.48575 -1.0619
-0.92832 -0.48575 -0.85738
-0.89939 -0.48575 -0.65282
-0.87175 -0.48575 -0.4574
-0.86348 -0.48575 -0.39896
-0.85874 -0.48575 -0.36547
-0.85874 -0.48575 -0.36547
-0.85874 -0.50368 -0.29607
-0.85874 -0.53103 -0.19014
-0.85874 -0.58386 0.014412
-0.85874 -0.63275 0.20375
-0.85874 -0.67803 0.37908
-0.85874 -0.68321 0.39917
-0.85874 -0.68321 0.39917
-0.85874 -0.68321 0.39917
-0.85874 -0.65539 0.29141
-0.85874 -0.61011 0.11608
-0.85874 -0.55744 -0.087865
-0.85874 -0.515 -0.25224
-0.85874 -0.49236 -0.3399
-0.85874 -0.48575 -0.36547
-0.85814 -0.48465 -0.36121
-0.84988 -0.46956 -0.30277
-0.83257 -0.43796 -0.1804
-0.80363 -0.38514 0.024153
-0.7747 -0.33231 0.22871
-0.74577 -0.27949 0.39917
-0.71684 -0.22666 0.39917
-0.6879 -0.17384 0.39917
-0.65897 -0.12102 0.39917
-0.63004 -0.10199 0.39917
-0.6011 -0.090832 0.39917
-0.57217 -0.090832 0.39917
-0.55099 -0.076683 0.39917
-0.53445 -0.054044 0.39917
-0.53428 -0.0015343 0.39917
-0.53135 0.048617 0.38882
-0.52309 0.093895 0.3596
-0.47917 0.10663 0.20435
-0.42131 0.10663 -0.00019906
-0.36344 0.10663 -0.20475
-0.31668 0.12691 -0.33077
-0.28362 0.17219 -0.35999
-0.25391 0.2236 -0.36547
-0.22498 0.27108 -0.38617
-0.19604 0.29371 -0.50306
-0.16711 0.30409 -0.66743
-0.13818 0.30409 -0.87199
-0.11674 0.29041 -1.0236
-0.10167 0.2651 -1.1301
-0.10167 0.21228 -1.1301
-0.10167 0.15945 -1.1301
-0.10167 0.10663 -1.1301
-0.1306 0.00098112 -1.1301
-0.15953 -0.10467 -1.1301
-0.18847 -0.21031 -1.1301
-0.23247 -0.28845 -1.1301
-0.28284 -0.35495 -1.1301
-0.34071 -0.40778 -1.1301
-0.38721 -0.45022 -1.1703
-0.42027 -0.48041 -1.258
-0.42613 -0.48575 -1.4418
-0.4269 -0.48434 -1.6354
-0.43104 -0.47679 -1.7815
-0.44886 -0.44425 -1.734
-0.47779 -0.39143 -1.5295
-0.50673 -0.3386 -1.3249
-0.52869 -0.28578 -1.1697
-0.53282 -0.23295 -1.1405
-0.53428 -0.18013 -1.1301
-0.53428 -0.12699 -1.1289
-0.53428 -0.043982 -1.012
-0.53428 0.047517 -0.86225
-0.53428 0.15316 -0.65769
-0.52206 0.24765 -0.45314
-0.50122 0.33428 -0.24859
-0.44335 0.3871 -0.044032
-0.38549 0.43992 0.16052
-0.32762 0.49275 0.36508
-0.26975 0.54557 0.39917
-0.21189 0.59839 0.39917
-0.15402 0.65122 0.39917
-0.084532 0.72527 0.39917
-0.0059995 0.81582 0.39917
0.080196 0.92037 0.39917
0.15976 1.0194 0.45031
0.22176 1.1024 0.62564
0.26206 1.1656 0.95438
0.29108 1.2184 1.3623
0.32415 1.2713 1.7129
0.36677 1.3241 1.9284
0.42464 1.3769 1.9284
0.4825 1.4297 1.9284
0.53753 1.4774 1.9485
0.57059 1.4849 2.1239
0.60168 1.4889 2.3132
0.63061 1.4889 2.5178
0.65954 1.5143 2.6237
0.68848 1.5492 2.6931
0.71741 1.602 2.6931
0.74634 1.6549 2.6931
0.77527 1.7077 2.6931
0.80421 1.7605 2.6931
0.83314 1.8133 2.6931
0.86207 1.8662 2.6931
0.89101 1.8838 2.6931
0.91994 1.8838 2.6931
0.94887 1.8838 2.6931
0.9778 1.8838 2.6931
1.0067 1.8838 2.6931
1.0357 1.8838 2.6931
1.0646 1.8838 2.6821
1.0935 1.8838 2.5945
1.1225 1.8838 2.4496
1.1514 1.8838 2.245
1.1803 1.8838 2.0405
1.2093 1.8838 1.8359
1.2382 1.8838 1.6314
1.2671 1.8838 1.4268
1.2961 1.8838 1.2223
1.325 1.9267 1.0177
1.3539 1.9743 0.81315
1.3829 2.0272 0.60859
1.4118 2.0391 0.48318
1.4407 2.0297 0.39917
1.4697 1.9768 0.39917
1.4986 1.9302 0.37542
1.5275 1.8924 0.31698
1.5565 1.8838 0.14591
1.5854 1.8838 -0.058643
1.6143 1.8838 -0.2632
1.6288 1.8574 -0.46775
1.6288 1.8045 -0.6723
1.6288 1.7517 -0.87686
1.6288 1.7075 -1.0144
1.6288 1.6924 -0.92678
1.6288 1.6863 -0.76971
1.6288 1.6863 -0.56516
1.6407 1.6429 -0.52863
1.6584 1.5782 -0.5749
1.6873 1.4725 -0.77945
1.7106 1.372 -0.96391
1.7287 1.2763 -1.1301
1.6997 1.2235 -1.1301
1.6708 1.1707 -1.1301
1.6419 1.1178 -1.1301
1.6129 1.1004 -1.1301
1.584 1.0939 -1.1301
1.5551 1.0939 -1.1301
1.5262 1.0631 -1.0705
1.4972 1.0027 -0.95357
1.4683 0.90276 -0.75997
1.4394 0.80073 -0.58342
1.4104 0.71017 -0.49575
1.3815 0.64241 -0.58464
1.3526 0.58959 -0.78919
1.3236 0.53677 -0.99375
1.3043 0.50155 -1.1301
1.3043 0.50155 -1.1301
1.3043 0.50155 -1.1301
1.3043 0.49919 -1.1301
1.3043 0.46146 -1.1301
1.3043 0.41728 -1.1301
1.3043 0.36446 -1.1301
1.2945 0.32956 -1.1301
1.2795 0.30409 -1.1301
1.2506 0.30409 -1.1301
1.2238 0.30016 -1.1301
1.199 0.29261 -1.1301
1.1962 0.24498 -1.1301
1.1962 0.19215 -1.1301
1.1962 0.13933 -1.1301
1.1962 0.11433 -1.1301
1.1962 0.10679 -1.1301
1.1962 0.10663 -1.1301
1.1962 0.10663 -1.1301
1.1962 0.10663 -1.1301
1.1962 0.10663 -1.1301
1.1962 0.10663 -1.1301
1.1962 0.10663 -1.1301
1.1962 0.10663 -1.1301
1.1962 0.10663 -1.1301
1.1962 0.10663 -1.1301
1.201 0.10663 -1.1301
1.2299 0.10663 -1.1301
1.2589 0.10663 -1.1301
1.2878 0.10663 -1.1301
1.2797 0.10663 -1.1301
1.263 0.10663 -1.1301
1.2341 0.10663 -1.1301
1.2051 0.10663 -1.0753
1.1762 0.10663 -0.98766
1.1473 0.10663 -0.78432
1.1183 0.10396 -0.59012
1.0894 0.09641 -0.41479
1.0605 0.05632 -0.36547
1.0315 0.0034966 -0.36547
1.0026 -0.049327 -0.36547
0.98478 -0.081871 -0.28694
0.98065 -0.089417 -0.11161
0.97987 -0.090832 0.087467
0.97987 -0.085487 0.27132
0.97987 -0.055301 0.35899
0.97987 -0.012854 0.39917
0.97987 0.03997 0.39917
0.97238 0.065439 0.39917
0.95852 0.06764 0.39917
0.92958 0.014816 0.39917
0.90065 -0.038008 0.39917
0.87172 -0.090832 0.39917
