-0.64213 -1.5224 -1.5887
-0.64213 -1.5224 -1.5887
-0.64213 -1.5224 -1.5887
-0.64213 -1.5224 -1.5887
-0.64213 -1.5224 -1.5887
-0.64213 -1.5224 -1.5887
-0.64213 -1.5224 -1.5887
-0.64213 -1.5224 -1.5887
-0.64213 -1.5224 -1.5887
-0.64213 -1.5224 -1.5887
-0.64213 -1.5224 -1.5887
-0.64213 -1.5224 -1.5887
-0.64213 -1.5224 -1.5887
-0.64213 -1.5224 -1.5887
-0.64213 -1.5224 -1.5887
-0.64213 -1.5224 -1.5887
-0.64213 -1.5224 -1.5887
-0.64213 -1.5224 -1.5887
-0.64213 -1.5224 -1.5887
-0.64213 -1.5224 -1.5887
-0.64213 -1.5224 -1.5887
-0.64213 -1.5224 -1.5887
-0.64213 -1.5224 -1.5887
-0.64213 -1.5224 -1.5887
-0.64213 -1.5224 -1.5887
-0.64213 -1.5224 -1.5887
-0.64213 -1.5224 -1.5887
-0.64213 -1.5224 -1.5887
-0.64213 -1.5224 -1.5887
-0.64213 -1.5224 -1.5887
-0.64213 -1.5224 -1.5887
-0.64213 -1.5224 -1.5887
-0.65116 -1.5169 -1.5766
-0.69576 -1.4896 -1.5169
-0.7417 -1.4615 -1.4554
-0.79252 -1.4305 -1.3874
-0.84334 -1.3994 -1.3194
-0.89417 -1.3683 -1.2514
-0.93701 -1.3421 -1.194
-0.95464 -1.3313 -1.1704
-0.96781 -1.3232 -1.1528
-0.96781 -1.3232 -1.1528
-0.96781 -1.3232 -1.1528
-0.96781 -1.3232 -1.1528
-0.96781 -1.3232 -1.1528
-0.96781 -1.3232 -1.1528
-0.96781 -1.3232 -1.1528
-0.96781 -1.3232 -1.1528
-0.96781 -1.3232 -1.1528
-0.96781 -1.3232 -1.1528
-0.96781 -1.3232 -1.1528
-0.96781 -1.3232 -1.1528
-0.96781 -1.3232 -1.1528
-0.96781 -1.3232 -1.1528
-0.96781 -1.3232 -1.1528
-0.96781 -1.3232 -1.1528
-0.96781 -1.3232 -1.1528
-0.96781 -1.3232 -1.1528
-0.96781 -1.3232 -1.1528
-0.96781 -1.3232 -1.1528
-0.96781 -1.3232 -1.1528
-0.96781 -1.3232 -1.1528
-0.96781 -1.3232 -1.1528
-0.96781 -1.3232 -1.1528
-0.97558 -1.3137 -1.1459
-0.99477 -1.2903 -1.1287
-1.0166 -1.2636 -1.1093
-1.042 -1.2325 -1.0866
-1.0674 -1.2014 -1.0639
-1.0928 -1.1703 -1.0413
-1.1182 -1.132 -1.0186
-1.1436 -1.0844 -0.99591
-1.169 -1.0301 -0.97324
-1.1944 -0.96797 -0.95056
-1.2198 -0.9058 -0.92789
-1.2453 -0.84363 -0.90521
-1.2669 -0.76772 -0.87252
-1.2846 -0.677 -0.82902
-1.2935 -0.55433 -0.76222
-1.2935 -0.3989 -0.67152
-1.2935 -0.24347 -0.58082
-1.2935 -0.088041 -0.49012
-1.2946 0.062122 -0.3999
-1.2966 0.2074 -0.31013
-1.3111 0.29197 -0.22589
-1.3365 0.32306 -0.14652
-1.3619 0.35415 -0.06716
-1.3873 0.38523 0.012203
-1.4128 0.41632 0.091565
-1.4382 0.4474 0.17093
-1.4512 0.46331 0.24476
-1.4548 0.46775 0.3144
-1.4563 0.46961 0.3831
-1.4563 0.46961 0.45113
-1.4563 0.46961 0.51915
-1.4563 0.46961 0.58718
-1.4368 0.48156 0.6552
-1.4046 0.50122 0.72323
-1.3609 0.52797 0.79125
-1.3101 0.55906 0.85928
-1.2593 0.59015 0.92731
-1.2084 0.62123 0.99533
-1.1442 0.63594 1.0663
-1.0727 0.64165 1.139
-0.98129 0.62314 1.2161
-0.87965 0.59205 1.2954
-0.778 0.56096 1.3748
-0.67636 0.52988 1.4542
-0.57471 0.5066 1.5307
-0.47307 0.48693 1.6059
-0.37142 0.5026 1.6682
-0.26978 0.53368 1.7249
-0.16814 0.56477 1.7816
-0.066491 0.59586 1.8382
0.035154 0.62694 1.8949
0.1368 0.65803 1.9516
0.22055 0.66722 1.9764
0.29782 0.66849 1.9896
0.37431 0.66881 2.0014
0.45055 0.66881 2.0127
0.52678 0.66881 2.024
0.60301 0.66881 2.0354
0.67925 0.70408 2.021
0.75548 0.74976 1.999
0.83171 0.80838 1.9676
0.90795 0.87056 1.9336
0.98418 0.93273 1.8996
1.0604 0.9949 1.8655
1.1261 1.0699 1.8268
1.1894 1.148 1.787
1.2424 1.2385 1.7427
1.2933 1.3318 1.6973
1.3441 1.425 1.652
1.3949 1.5183 1.6066
1.4396 1.5965 1.564
1.4831 1.672 1.5219
1.5111 1.7093 1.4868
1.5365 1.7403 1.4528
1.5619 1.7714 1.4188
1.5873 1.8025 1.3847
1.6127 1.8319 1.3507
1.6381 1.8611 1.3167
1.6635 1.864 1.2827
1.6889 1.864 1.2487
1.7144 1.864 1.2147
1.7398 1.864 1.1807
1.7652 1.864 1.1467
1.7906 1.864 1.1126
1.816 1.8397 1.0964
1.8414 1.8137 1.0814
1.8668 1.7828 1.0698
1.8922 1.7518 1.0585
1.9176 1.7207 1.0472
1.9431 1.6896 1.0358
1.9685 1.6771 1.0312
1.9939 1.665 1.0269
2.0193 1.6648 1.0268
2.0447 1.6648 1.0268
2.0701 1.6648 1.0268
2.0955 1.6648 1.0267
2.1209 1.6648 1.0179
2.1463 1.6648 1.0088
2.1718 1.6648 0.98608
2.1972 1.6648 0.9634
2.2226 1.6648 0.94072
2.2472 1.6643 0.91824
2.256 1.6542 0.89926
2.2594 1.6407 0.88149
2.1832 1.5786 0.88149
2.1069 1.5164 0.88149
2.0307 1.4542 0.88149
1.9545 1.392 0.88149
1.8782 1.3299 0.88149
1.7972 1.2707 0.88041
1.6732 1.2377 0.86977
1.5489 1.2049 0.85905
1.4219 1.1738 0.84771
1.2948 1.1427 0.83637
1.1678 1.1116 0.82504
1.0483 1.0775 0.81144
0.97569 1.0242 0.78391
0.90639 0.96953 0.75539
0.85557 0.90735 0.72138
0.80475 0.84518 0.68737
0.75392 0.78301 0.65335
0.7009 0.72623 0.62032
0.63763 0.69451 0.59186
0.5719 0.66881 0.5645
0.49567 0.66881 0.54183
0.41943 0.66881 0.51915
0.3432 0.66881 0.49648
0.26987 0.66704 0.47316
0.20712 0.65879 0.44747
0.15287 0.64534 0.41989
0.12746 0.61425 0.38588
0.10205 0.58317 0.35187
0.076641 0.55208 0.31785
0.05123 0.521 0.28396
0.025819 0.48991 0.25041
0.00040784 0.45882 0.21975
-0.025003 0.42774 0.19707
-0.050414 0.39665 0.1744
-0.075825 0.36556 0.15172
-0.10124 0.33448 0.12905
-0.12665 0.30339 0.10637
-0.15206 0.27231 0.08651
-0.17747 0.24122 0.07309
-0.20288 0.21013 0.060329
-0.22829 0.17905 0.048992
-0.2537 0.14796 0.037654
-0.27911 0.11687 0.026317
-0.29939 0.085788 0.017272
-0.30976 0.054702 0.012645
-0.31645 0.023616 0.0096574
-0.31645 -0.0074706 0.0096574
-0.31645 -0.038557 0.0096574
-0.31645 -0.069643 0.0096574
-0.32 -0.10073 0.0096574
-0.32933 -0.13182 0.0096574
-0.34498 -0.1629 0.0096574
-0.37039 -0.19399 0.0096574
-0.3958 -0.22507 0.0096574
-0.42121 -0.25616 0.0096574
-0.4451 -0.28539 0.0096574
-0.46688 -0.31204 0.0096574
-0.47929 -0.32722 0.0096574
-0.47929 -0.32722 0.0096574
-0.47929 -0.32722 0.0096574
-0.47929 -0.32722 0.0096574
-0.47929 -0.32722 0.0096574
-0.47929 -0.32722 0.0096574
-0.47929 -0.34059 0.0047809
-0.47929 -0.36913 -0.0056312
-0.47929 -0.3989 -0.016488
-0.47929 -0.42999 -0.027826
-0.47929 -0.46108 -0.039164
-0.47929 -0.49216 -0.050501
-0.47929 -0.50141 -0.061839
-0.47929 -0.48935 -0.073176
-0.47929 -0.46742 -0.084514
-0.47929 -0.43633 -0.095851
-0.47929 -0.40525 -0.10719
-0.47929 -0.37416 -0.11853
-0.47929 -0.35102 -0.12986
-0.47929 -0.33452 -0.1412
-0.47929 -0.32722 -0.15254
-0.47929 -0.32722 -0.16388
-0.47929 -0.32722 -0.17521
-0.47929 -0.32722 -0.18655
-0.47567 -0.32278 -0.19789
-0.46944 -0.31517 -0.20923
-0.45181 -0.29359 -0.22056
-0.42639 -0.2625 -0.2319
-0.40098 -0.23142 -0.24324
-0.37557 -0.20033 -0.25458
-0.35016 -0.16964 -0.26591
-0.32475 -0.13919 -0.27725
-0.29934 -0.12801 -0.28859
-0.27393 -0.12801 -0.29993
-0.24852 -0.12801 -0.31126
-0.22311 -0.12801 -0.3226
-0.19769 -0.12801 -0.33394
-0.17228 -0.12801 -0.34528
-0.14687 -0.11141 -0.35661
-0.12146 -0.086668 -0.36795
-0.096051 -0.057589 -0.37929
-0.070639 -0.026503 -0.39063
-0.045228 0.0045832 -0.40197
-0.019817 0.035669 -0.4133
-0.0046993 0.041572 -0.42005
0.0061911 0.037131 -0.42491
0.0092239 0.013465 -0.42626
0.0092239 -0.017621 -0.42626
0.0092239 -0.048707 -0.42626
0.0092239 -0.079794 -0.42626
0.015808 -0.10283 -0.42332
0.024624 -0.12313 -0.41939
0.046044 -0.12801 -0.40983
0.071455 -0.12801 -0.39849
0.096866 -0.12801 -0.38716
0.12228 -0.12801 -0.37582
0.14769 -0.12801 -0.36448
0.1731 -0.12801 -0.35314
0.19851 -0.12801 -0.34181
0.22392 -0.12801 -0.33047
0.24933 -0.12801 -0.31913
0.27474 -0.12801 -0.30779
0.30016 -0.12801 -0.29646
0.32557 -0.12801 -0.28512
0.35098 -0.10469 -0.27378
0.37639 -0.076774 -0.26244
0.4018 -0.04617 -0.25111
0.42721 -0.015084 -0.23977
0.45262 0.016003 -0.22843
0.47803 0.047089 -0.21709
0.51839 0.041604 -0.19909
0.56092 0.030819 -0.18011
0.61079 0.0020455 -0.15786
0.66162 -0.029041 -0.13519
0.71244 -0.060127 -0.11251
0.76326 -0.091213 -0.089835
0.80368 -0.10958 -0.06716
0.8431 -0.12671 -0.044485
0.86957 -0.12801 -0.02181
0.89498 -0.12801 0.00086505
0.92039 -0.12801 0.02354
0.9458 -0.12801 0.046215
0.9658 -0.12138 0.066474
0.98551 -0.11441 0.086604
0.98625 -0.084235 0.098275
0.98625 -0.053148 0.10961
0.98625 -0.022062 0.12095
0.98625 0.0090241 0.13229
0.98625 0.04011 0.14363
0.98625 0.071197 0.15496
