-0.69647 -1.078 -0.34939
-0.69647 -1.078 -0.34939
-0.69647 -1.078 -0.34939
-0.69647 -1.078 -0.34939
-0.69647 -1.078 -0.34939
-0.69647 -1.078 -0.34939
-0.69647 -1.078 -0.34939
-0.69647 -1.078 -0.34939
-0.69647 -1.078 -0.34939
-0.69647 -1.078 -0.34939
-0.69647 -1.078 -0.34939
-0.69647 -1.078 -0.34939
-0.69647 -1.078 -0.34939
-0.69647 -1.078 -0.34939
-0.69647 -1.078 -0.34939
-0.69647 -1.078 -0.34939
-0.69647 -1.078 -0.34939
-0.69647 -1.078 -0.34939
-0.69647 -1.078 -0.34939
-0.69647 -1.078 -0.34939
-0.69647 -1.078 -0.34939
-0.69647 -1.078 -0.34939
-0.69647 -1.078 -0.34939
-0.69647 -1.078 -0.34939
-0.69647 -1.078 -0.34939
-0.69647 -1.078 -0.34939
-0.69647 -1.078 -0.34939
-0.69647 -1.078 -0.34939
-0.69647 -1.078 -0.34939
-0.69647 -1.078 -0.34939
-0.69647 -1.078 -0.34939
-0.69647 -1.078 -0.34939
-0.69647 -1.078 -0.34939
-0.69647 -1.078 -0.34939
-0.69647 -1.078 -0.34939
-0.69647 -1.078 -0.34939
-0.69647 -1.078 -0.34939
-0.69647 -1.078 -0.34939
-0.69647 -1.078 -0.34939
-0.69647 -1.078 -0.34939
-0.69647 -1.078 -0.34939
-0.69647 -1.078 -0.35089
-0.69647 -1.078 -0.35712
-0.69647 -1.078 -0.36929
-0.69647 -1.078 -0.38365
-0.69647 -1.078 -0.39801
-0.61217 -1.078 -0.4029
-0.49183 -1.078 -0.40372
-0.36412 -1.078 -0.40372
-0.2737 -1.078 -0.40372
-0.21334 -1.078 -0.40372
-0.21334 -1.078 -0.40372
-0.21334 -1.078 -0.40372
-0.19422 -1.078 -0.40372
-0.077284 -1.078 -0.40372
0.046696 -1.078 -0.40372
0.16686 -1.0766 -0.40372
0.24225 -1.0665 -0.40372
0.2698 -1.0471 -0.40372
0.2698 -1.0224 -0.40372
0.2698 -0.99778 -0.40372
0.2698 -0.98683 -0.40372
0.2698 -0.9847 -0.40372
0.2698 -0.9847 -0.40372
0.30007 -0.9847 -0.40372
0.3575 -0.9847 -0.40372
0.48521 -0.9847 -0.40372
0.61292 -0.9847 -0.40372
0.73296 -0.9847 -0.40372
0.74681 -0.9847 -0.40372
0.75294 -0.9847 -0.40372
0.75294 -0.9847 -0.40399
0.75294 -0.9847 -0.40953
0.75294 -0.9847 -0.41982
0.75294 -0.9847 -0.43418
0.75294 -0.9847 -0.44854
0.75294 -0.9847 -0.44979
0.75294 -0.9847 -0.43885
0.75294 -0.9847 -0.42449
0.75294 -0.9847 -0.41281
0.75294 -0.9847 -0.40381
0.75294 -0.9847 -0.40372
0.75294 -0.9847 -0.40372
0.75294 -0.9847 -0.40372
0.64535 -1.0055 -0.40372
0.52676 -1.0284 -0.40372
0.39905 -1.0531 -0.40372
0.31528 -1.0692 -0.40372
0.2698 -1.078 -0.40372
0.2698 -1.078 -0.40372
0.2698 -1.078 -0.40372
0.2698 -1.0691 -0.40892
0.2698 -1.048 -0.42121
0.2698 -1.0236 -0.43539
0.2698 -1.0024 -0.44773
0.2698 -0.9864 -0.45707
0.2698 -0.9847 -0.45806
0.2698 -0.9847 -0.45806
0.2698 -0.9847 -0.45806
0.2698 -0.9847 -0.45806
0.2698 -0.9847 -0.45806
0.2698 -0.9847 -0.45806
0.23293 -0.97758 -0.45806
0.16056 -0.9636 -0.45806
0.032848 -0.93894 -0.45806
-0.09486 -0.91427 -0.45806
-0.18786 -0.8896 -0.45806
-0.2094 -0.86494 -0.45806
-0.21334 -0.84027 -0.45806
-0.21334 -0.81808 -0.45806
-0.21334 -0.80143 -0.45806
-0.21334 -0.79807 -0.45806
-0.21334 -0.79807 -0.45806
-0.21334 -0.79807 -0.45806
-0.29483 -0.78233 -0.45806
-0.40567 -0.76092 -0.45806
-0.53338 -0.73626 -0.45806
-0.63069 -0.71159 -0.45806
-0.69647 -0.68693 -0.45806
-0.69647 -0.66226 -0.45806
-0.69647 -0.63759 -0.45806
-0.69647 -0.61293 -0.46073
-0.69647 -0.58826 -0.47233
-0.69647 -0.5636 -0.48592
-0.68834 -0.5405 -0.50028
-0.64987 -0.52326 -0.51464
-0.54876 -0.51813 -0.529
-0.42105 -0.51813 -0.54337
-0.29335 -0.51813 -0.55773
-0.16564 -0.50474 -0.57209
-0.03793 -0.48425 -0.58645
0.089778 -0.45958 -0.60081
0.21749 -0.43965 -0.61793
0.34519 -0.42481 -0.63802
0.4729 -0.42481 -0.66674
0.60061 -0.42481 -0.69547
0.72832 -0.42221 -0.72268
0.85603 -0.40289 -0.74015
0.98373 -0.38023 -0.75568
1.1114 -0.35636 -0.77005
1.2392 -0.33853 -0.78441
1.3669 -0.3315 -0.79877
1.4946 -0.3315 -0.81313
1.6223 -0.3315 -0.82749
1.75 -0.32034 -0.84835
1.8777 -0.30089 -0.87404
2.0054 -0.27622 -0.90277
2.1139 -0.25526 -0.92717
2.2023 -0.23818 -0.94706
2.2023 -0.23818 -0.94706
2.2023 -0.23818 -0.94706
2.1986 -0.23818 -0.94706
2.1017 -0.23818 -0.94706
1.9885 -0.23818 -0.94706
1.8601 -0.23818 -0.94706
1.7001 -0.23818 -0.94706
1.4915 -0.23818 -0.94706
1.2361 -0.23818 -0.94706
0.98066 -0.23818 -0.94706
0.77202 -0.23818 -0.94706
0.612 -0.23818 -0.94706
0.48367 -0.23818 -0.94706
0.35597 -0.23538 -0.94706
0.22826 -0.22944 -0.94706
0.10055 -0.20549 -0.94706
-0.027159 -0.18082 -0.94706
-0.15487 -0.15616 -0.94706
-0.28258 -0.14857 -0.94706
-0.41028 -0.14487 -0.94706
-0.53799 -0.14487 -0.94706
-0.63871 -0.14487 -0.94706
-0.69647 -0.14487 -0.94706
-0.69647 -0.14487 -0.94706
-0.69647 -0.14487 -0.94706
-0.66008 -0.14487 -0.95525
-0.56776 -0.14487 -0.97601
-0.44413 -0.14487 -1.0038
-0.31643 -0.14487 -1.0314
-0.18872 -0.14487 -1.057
-0.061009 -0.14487 -1.0729
0.066699 -0.14487 -1.0872
0.19441 -0.14487 -1.1016
0.32211 -0.13003 -1.1246
0.44982 -0.11009 -1.1506
0.57753 -0.085429 -1.1793
0.70524 -0.060762 -1.2007
0.83295 -0.036096 -1.2097
0.96065 -0.01143 -1.1954
1.0884 0.013236 -1.181
1.1895 0.04304 -1.1666
1.2279 0.084943 -1.1523
1.2361 0.1327 -1.1379
1.2429 0.18071 -1.1228
1.2676 0.22529 -1.1057
1.3715 0.25455 -1.0796
1.4992 0.27921 -1.0509
1.6269 0.30388 -1.0222
1.623 0.32855 -0.99344
1.5561 0.35321 -0.96471
1.4284 0.37788 -0.93599
1.3007 0.40255 -0.90726
1.173 0.42721 -0.87854
1.0453 0.45188 -0.84982
0.91757 0.47654 -0.82109
0.77247 0.50121 -0.79237
0.55859 0.52588 -0.76364
0.31596 0.55054 -0.73492
0.064479 0.57597 -0.70619
-0.1694 0.6048 -0.67747
-0.33181 0.64742 -0.64875
-0.45952 0.69676 -0.62002
-0.58723 0.74609 -0.5913
-0.60427 0.79542 -0.56257
-0.5503 0.84475 -0.53385
-0.42259 0.89409 -0.50512
-0.30758 0.94342 -0.47497
-0.21334 0.99275 -0.44248
-0.21334 1.0421 -0.3994
-0.21334 1.0914 -0.35631
-0.21334 1.1407 -0.31224
-0.21334 1.1901 -0.25981
-0.21334 1.2394 -0.20438
-0.21334 1.2887 -0.14694
-0.21334 1.3381 -0.089486
-0.21334 1.3874 -0.032038
-0.21334 1.4367 0.025411
-0.21334 1.4861 0.08286
-0.21334 1.5266 0.15054
-0.21334 1.5598 0.22683
-0.21334 1.5844 0.313
-0.21334 1.6091 0.39917
-0.21334 1.6338 0.48535
-0.21334 1.6584 0.57152
-0.21334 1.6831 0.65769
-0.21334 1.7078 0.74387
-0.21334 1.7324 0.83004
-0.21334 1.7571 0.91621
-0.21334 1.7818 1.0024
-0.18286 1.8064 1.0886
-0.044084 1.8311 1.1747
0.21133 1.8558 1.2609
0.46675 1.8804 1.3471
0.75838 1.8981 1.4292
1.0923 1.9076 1.5065
1.473 1.9081 1.5786
1.8378 1.9069 1.649
2.1794 1.9042 1.7177
2.2023 1.881 1.7625
2.2023 1.8564 1.8056
2.2023 1.8317 1.8487
2.0618 1.7935 1.8997
1.8669 1.75 1.9537
1.6115 1.7006 2.0112
1.3451 1.6492 2.0649
1.033 1.5889 2.1033
0.64985 1.5149 2.1176
0.26672 1.4409 2.132
-0.14395 1.3669 2.1432
-0.60247 1.2929 2.1491
-1.1058 1.2189 2.15
-1.6091 1.1456 2.1491
-2.0984 1.0737 2.1467
-2.3921 1.0207 2.1223
-2.6475 0.97135 2.0936
-2.9029 0.92202 2.0648
-3.0376 0.89601 2.0361
-3.1122 0.8816 2.0074
-3.1122 0.8816 1.9787
-3.1048 0.88303 1.9491
-3.0614 0.89141 1.9155
-2.9337 0.91608 1.8724
-2.806 0.94074 1.8293
-2.6588 0.96541 1.7884
-2.4588 0.99008 1.7535
-2.2167 1.0147 1.7233
-1.9612 1.0394 1.695
-1.7058 1.0641 1.668
-1.4504 1.0887 1.661
-1.195 1.1134 1.661
-0.93958 1.1381 1.661
-0.7352 1.1529 1.6552
-0.56261 1.1615 1.6459
-0.4349 1.1615 1.6316
-0.31151 1.1615 1.6177
-0.21334 1.1615 1.6066
-0.21334 1.1615 1.6066
-0.21334 1.1615 1.6066
-0.21334 1.1615 1.6053
-0.21334 1.1615 1.5975
-0.21334 1.1615 1.5853
-0.21334 1.1615 1.571
-0.21334 1.1615 1.5566
-0.21334 1.1615 1.5423
-0.21334 1.1615 1.5279
-0.21334 1.1615 1.5135
-0.17102 1.1534 1.4992
-0.096398 1.139 1.4848
0.03131 1.1143 1.4705
0.15715 1.09 1.4559
0.2698 1.0682 1.4398
0.2698 1.0682 1.4111
0.2698 1.0682 1.3824
0.2698 1.0682 1.3537
0.2698 1.0682 1.3249
0.2698 1.0682 1.2962
0.26971 1.0682 1.2675
0.26817 1.0679 1.2388
0.19748 1.0543 1.21
0.069776 1.0296 1.1813
-0.057932 1.0049 1.1526
-0.18564 0.98687 1.1277
-0.31335 0.97492 1.1064
-0.44106 0.97492 1.092
-0.56876 0.97492 1.0777
-0.69647 0.97492 1.0633
