1.0548 -1.2451 -1.1012
1.0548 -1.2451 -1.1012
1.0548 -1.2451 -1.1012
1.0548 -1.2451 -1.1012
1.0548 -1.2451 -1.1012
1.0548 -1.2451 -1.1012
1.0548 -1.2451 -1.1012
1.0548 -1.2451 -1.1012
1.0548 -1.2451 -1.1012
1.0548 -1.2451 -1.1012
1.0548 -1.2451 -1.1012
1.0548 -1.2451 -1.1012
1.0548 -1.2451 -1.1012
1.0548 -1.2451 -1.1012
1.0548 -1.2451 -1.1012
1.0548 -1.2451 -1.1012
1.0548 -1.2451 -1.1012
1.0548 -1.2451 -1.1012
1.0548 -1.2451 -1.1012
1.0548 -1.2451 -1.1012
1.0548 -1.2451 -1.1012
1.0548 -1.2451 -1.1012
1.0548 -1.2451 -1.1012
1.0548 -1.2451 -1.1012
1.0548 -1.2451 -1.1012
1.0548 -1.2451 -1.1012
1.0548 -1.2451 -1.1012
1.0548 -1.2451 -1.1012
1.0548 -1.2451 -1.1012
1.0548 -1.2451 -1.1012
1.0548 -1.2451 -1.1012
1.0548 -1.2451 -1.1012
1.0548 -1.2451 -1.1012
1.0548 -1.2451 -1.1012
1.0548 -1.2451 -1.1012
1.0548 -1.2451 -1.1012
1.0548 -1.2451 -1.1012
1.0548 -1.2451 -1.1012
1.0548 -1.2451 -1.1012
1.0548 -1.2451 -1.1012
1.0548 -1.2451 -1.1012
1.0548 -1.2451 -1.1012
1.0548 -1.2451 -1.1012
1.0548 -1.2451 -1.1012
1.0548 -1.2451 -1.1012
1.0548 -1.2451 -1.1012
1.0548 -1.2451 -1.1012
1.0548 -1.2451 -1.1012
1.0548 -1.2451 -1.1012
1.0548 -1.2451 -1.1012
1.0548 -1.2451 -1.1012
1.0548 -1.2451 -1.1012
1.0548 -1.2451 -1.1012
1.0548 -1.2451 -1.1012
1.0548 -1.2451 -1.1012
1.0548 -1.2451 -1.1012
1.0548 -1.2451 -1.1012
1.0548 -1.2451 -1.1047
1.0548 -1.2451 -1.1114
1.0548 -1.2451 -1.1225
1.0548 -1.2451 -1.1337
1.0548 -1.2451 -1.1449
1.0548 -1.2451 -1.156
1.0181 -1.2514 -1.1672
0.96049 -1.2613 -1.1784
0.88188 -1.2749 -1.1896
0.80326 -1.2884 -1.2007
0.72464 -1.3019 -1.2119
0.64602 -1.3155 -1.2231
0.54191 -1.3114 -1.227
0.43018 -1.3022 -1.2287
0.31225 -1.2886 -1.2287
0.19433 -1.2751 -1.2287
0.076398 -1.2616 -1.2287
-0.030225 -1.2481 -1.2255
-0.092405 -1.2345 -1.2097
-0.1373 -1.221 -1.1889
-0.17661 -1.2075 -1.1666
-0.21592 -1.1939 -1.1443
-0.25523 -1.1804 -1.1219
-0.29454 -1.1669 -1.1031
-0.33385 -1.1533 -1.0893
-0.37315 -1.1398 -1.0781
-0.41246 -1.1263 -1.0669
-0.45177 -1.1127 -1.0557
-0.49108 -1.0992 -1.0446
-0.51023 -1.0857 -1.0391
-0.5161 -1.0721 -1.0375
-0.5161 -1.0586 -1.0375
-0.5161 -1.0451 -1.0375
-0.5161 -1.0315 -1.0375
-0.5161 -1.018 -1.0375
-0.45855 -0.99458 -1.0456
-0.38602 -0.96857 -1.056
-0.3074 -0.9415 -1.0671
-0.22878 -0.91444 -1.0783
-0.15016 -0.88738 -1.0895
-0.071547 -0.86095 -1.0996
0.0070714 -0.84643 -1.09
0.085689 -0.83251 -1.0795
0.16431 -0.81898 -1.0683
0.24293 -0.80545 -1.0572
0.32154 -0.79192 -1.046
0.40016 -0.7749 -1.0348
0.47878 -0.74808 -1.0237
0.5574 -0.72106 -1.0125
0.63602 -0.694 -1.0013
0.71463 -0.66694 -0.99017
0.79457 -0.63987 -0.979
0.8926 -0.61281 -0.96783
1.0105 -0.58575 -0.95666
1.1285 -0.55868 -0.9455
1.2464 -0.53162 -0.93433
1.3624 -0.50472 -0.92303
1.466 -0.47889 -0.91085
1.4715 -0.4615 -0.89169
1.4322 -0.44797 -0.86936
1.3929 -0.43444 -0.84702
1.3536 -0.42091 -0.82469
1.3123 -0.40738 -0.80235
1.2673 -0.39385 -0.78002
1.1921 -0.38031 -0.75769
1.1134 -0.36678 -0.73535
1.0348 -0.35325 -0.71302
0.95621 -0.33972 -0.69068
0.86882 -0.32921 -0.66835
0.76752 -0.32348 -0.64601
0.61029 -0.33701 -0.62368
0.45305 -0.35055 -0.60135
0.29581 -0.36408 -0.57901
0.13858 -0.37761 -0.55668
-0.018658 -0.38849 -0.53434
-0.17589 -0.39532 -0.51201
-0.33313 -0.39532 -0.48967
-0.49037 -0.39532 -0.46734
-0.6476 -0.39532 -0.44501
-0.80484 -0.39532 -0.42267
-0.9263 -0.39532 -0.40034
-1.0035 -0.39532 -0.378
-1.0428 -0.39532 -0.35567
-1.0821 -0.39532 -0.33333
-1.1215 -0.39532 -0.311
-1.1525 -0.39437 -0.28945
-1.1489 -0.38945 -0.27118
-1.0893 -0.3781 -0.25821
-1.0107 -0.36457 -0.24704
-0.93206 -0.35104 -0.23588
-0.85344 -0.33751 -0.22471
-0.76815 -0.32168 -0.21165
-0.6731 -0.30249 -0.19581
-0.55612 -0.27575 -0.17375
-0.43819 -0.24869 -0.15141
-0.32027 -0.22163 -0.12908
-0.20234 -0.19456 -0.10674
-0.084411 -0.16355 -0.087669
0.033516 -0.12888 -0.071617
0.15144 -0.088281 -0.06045
0.26937 -0.047686 -0.049283
0.3873 -0.0070921 -0.038116
0.50522 0.033502 -0.026949
0.58877 0.074097 -0.010897
0.65102 0.11469 0.0081771
0.69033 0.15529 0.030511
0.72964 0.19588 0.052846
0.76895 0.23647 0.07518
0.80636 0.27642 0.097245
0.79993 0.30126 0.11308
0.77395 0.31939 0.12614
0.73465 0.33292 0.13731
0.69534 0.34645 0.14848
0.65603 0.35998 0.15964
0.61038 0.37569 0.17261
0.54605 0.39784 0.19089
0.4702 0.42395 0.21243
0.39159 0.45101 0.23477
0.31297 0.47807 0.2571
0.23435 0.50514 0.27944
0.10517 0.51914 0.30536
-0.082982 0.51793 0.33548
-0.31884 0.5044 0.36898
-0.55469 0.49087 0.40248
-0.79054 0.47733 0.43598
-1.0264 0.4638 0.46948
-1.2226 0.45027 0.4917
-1.3952 0.43674 0.50725
-1.5524 0.42321 0.51841
-1.7097 0.40968 0.52958
-1.8669 0.39615 0.54075
-2.0241 0.38261 0.55192
-2.0975 0.37871 0.54719
-2.1499 0.3772 0.53852
-2.1892 0.3772 0.52735
-2.2285 0.3772 0.51618
-2.2678 0.3772 0.50501
-2.3003 0.37955 0.49578
-2.2725 0.40267 0.5037
-2.2371 0.42838 0.51374
-2.1978 0.45544 0.52491
-2.1585 0.4825 0.53608
-2.1192 0.50956 0.54725
-2.0575 0.54048 0.55841
-1.9467 0.57985 0.56958
-1.8297 0.62028 0.58075
-1.7118 0.66087 0.59191
-1.5939 0.70147 0.60308
-1.476 0.74206 0.61425
-1.3182 0.7895 0.63672
-1.1243 0.84318 0.66948
-0.92777 0.8973 0.70298
-0.73122 0.95143 0.73648
-0.53507 1.0055 0.76998
-0.34067 1.0591 0.80348
-0.23164 1.0931 0.83698
-0.15302 1.1202 0.87048
-0.074405 1.1473 0.90399
0.0042126 1.1743 0.93749
0.079432 1.201 0.97034
0.14947 1.2271 1.0022
0.11571 1.2412 1.0144
0.076398 1.2548 1.0256
0.037089 1.2683 1.0368
-0.0022198 1.2818 1.0479
-0.041529 1.2943 1.0591
-0.080838 1.3042 1.0703
-0.12015 1.3042 1.0814
-0.15946 1.3042 1.0926
-0.19876 1.3042 1.1038
-0.23807 1.3042 1.1149
-0.28911 1.3022 1.1228
-0.36672 1.2956 1.1231
-0.48465 1.2821 1.1119
-0.60258 1.2686 1.1007
-0.7205 1.255 1.0896
-0.83843 1.2416 1.0786
-0.95636 1.2313 1.0727
-1.0743 1.227 1.0768
-1.1922 1.227 1.0879
-1.3101 1.227 1.0991
-1.4281 1.227 1.1103
-1.5404 1.226 1.1214
-1.6355 1.2221 1.1326
-1.6861 1.2105 1.1438
-1.7254 1.197 1.1549
-1.7647 1.1834 1.1661
-1.804 1.1699 1.1773
-1.8371 1.1585 1.1902
-1.8626 1.1497 1.2053
-1.8626 1.1497 1.2276
-1.8626 1.1497 1.25
-1.8626 1.1497 1.2723
-1.8626 1.1497 1.2946
-1.8416 1.1497 1.314
-1.7997 1.1497 1.3304
-1.7211 1.1497 1.3415
-1.6425 1.1497 1.3527
-1.5639 1.1497 1.3639
-1.4852 1.1497 1.375
-1.4066 1.1551 1.3817
-1.328 1.1645 1.3852
-1.2494 1.178 1.3852
-1.1708 1.1916 1.3852
-1.0922 1.2051 1.3852
-1.0135 1.218 1.3847
-0.93492 1.2246 1.379
-0.8563 1.227 1.3698
-0.77768 1.227 1.3586
-0.69906 1.227 1.3474
-0.62044 1.227 1.3363
-0.54183 1.2316 1.3213
-0.46321 1.2469 1.2975
-0.38459 1.2722 1.2654
-0.30597 1.2993 1.2319
-0.22735 1.3264 1.1984
-0.14874 1.3534 1.1649
-0.057575 1.3719 1.135
0.04638 1.3815 1.1086
0.16431 1.3815 1.0863
0.28223 1.3815 1.064
0.40016 1.3815 1.0416
0.51809 1.3815 1.0193
0.59751 1.3682 1.0079
0.65531 1.3475 1.0027
0.69462 1.3205 1.0027
0.73393 1.2934 1.0027
0.77324 1.2663 1.0027
0.81255 1.2393 1.0027
0.79811 1.2215 1.0027
0.76967 1.2061 1.0027
0.73036 1.1925 1.0027
0.69105 1.179 1.0027
0.65174 1.1655 1.0027
0.6171 1.1503 1.0053
0.60853 1.1262 1.0228
0.606 1.1 1.0437
0.606 1.073 1.066
0.606 1.0459 1.0883
0.606 1.0188 1.1107
0.59403 0.9959 1.1364
0.56115 0.98015 1.1681
0.52238 0.96644 1.2014
0.48307 0.9529 1.2349
0.44376 0.93937 1.2684
0.40445 0.92584 1.3019
0.38531 0.91231 1.3469
0.38158 0.89878 1.4006
0.38158 0.88525 1.4565
0.38158 0.87172 1.5123
0.38158 0.85818 1.5681
0.38158 0.84465 1.624
0.35229 0.83112 1.6632
0.3144 0.81759 1.6975
0.27509 0.80406 1.731
0.23578 0.79053 1.7645
0.19647 0.777 1.798
0.15716 0.76346 1.8315
