1.1795 -1.4896 -0.98886
1.1795 -1.4896 -0.98886
1.1795 -1.4896 -0.98886
1.1795 -1.4896 -0.98886
1.1795 -1.4896 -0.98886
1.1795 -1.4896 -0.98886
1.1795 -1.4896 -0.98886
1.1795 -1.4896 -0.98886
1.1795 -1.4896 -0.98886
1.1795 -1.4896 -0.98886
1.1795 -1.4896 -0.98886
1.1795 -1.4896 -0.98886
1.1795 -1.4896 -0.98886
1.1795 -1.4896 -0.98886
1.1795 -1.4896 -0.98886
1.1795 -1.4896 -0.98886
1.1795 -1.4896 -0.98886
1.1795 -1.4896 -0.98886
1.1795 -1.4896 -0.98886
1.1795 -1.4896 -0.98886
1.1795 -1.4896 -0.98886
1.1795 -1.4896 -0.98886
1.1795 -1.4896 -0.98886
1.1795 -1.4896 -0.98886
1.1795 -1.4896 -0.98886
1.1795 -1.4896 -0.98886
1.1795 -1.4896 -0.98886
1.1795 -1.4896 -0.98886
1.1795 -1.4896 -0.98886
1.1795 -1.4896 -0.98886
1.1795 -1.4896 -0.98886
1.1795 -1.4896 -0.98886
1.1795 -1.4896 -0.98886
1.1795 -1.4896 -0.98886
1.1795 -1.4896 -0.98886
1.1795 -1.4896 -0.98886
1.1795 -1.4896 -0.98886
1.1795 -1.4896 -0.98886
1.1795 -1.4896 -0.98886
1.1795 -1.4896 -0.98886
1.1795 -1.4896 -0.98886
1.1795 -1.4896 -0.98886
1.1795 -1.4896 -0.98886
1.1795 -1.4896 -0.98886
1.1795 -1.4896 -0.98886
1.1795 -1.4896 -0.98886
1.1795 -1.4896 -0.98886
1.1795 -1.4896 -0.98886
1.1795 -1.4896 -0.98886
1.1795 -1.4896 -0.98886
1.1795 -1.4896 -0.98886
1.1795 -1.4896 -0.98886
1.1795 -1.4896 -0.98886
1.1795 -1.4896 -0.98886
1.1795 -1.4896 -0.98886
1.1795 -1.4896 -0.98886
1.1795 -1.4896 -0.98886
1.1795 -1.4896 -0.98886
1.1795 -1.4896 -0.98886
1.1795 -1.4896 -0.98886
1.1795 -1.4896 -0.98886
1.1795 -1.4896 -0.98886
1.1795 -1.4896 -0.98886
1.1795 -1.4896 -0.98886
1.1795 -1.4896 -0.98886
1.1795 -1.4896 -0.98886
1.1795 -1.4896 -0.98886
1.1476 -1.4697 -0.99739
1.0965 -1.4379 -1.011
1.0451 -1.4058 -1.0248
0.98898 -1.3708 -1.0398
0.93283 -1.3358 -1.0548
0.87668 -1.3008 -1.0698
0.82053 -1.2659 -1.0848
0.76438 -1.2309 -1.0998
0.71811 -1.202 -1.1121
0.67217 -1.1734 -1.1244
0.64528 -1.1566 -1.1316
0.64528 -1.1566 -1.1316
0.64528 -1.1566 -1.1316
0.64528 -1.1566 -1.1316
0.64528 -1.1566 -1.1316
0.64528 -1.1566 -1.1316
0.64528 -1.1566 -1.1316
0.64528 -1.1566 -1.1316
0.63885 -1.1326 -1.1316
0.63034 -1.1008 -1.1316
0.61976 -1.0612 -1.1316
0.60104 -0.99121 -1.1316
0.58232 -0.92122 -1.1316
0.56361 -0.85124 -1.1316
0.54489 -0.78125 -1.1316
0.52618 -0.71127 -1.1316
0.50746 -0.64128 -1.1316
0.48874 -0.5713 -1.1316
0.47744 -0.52904 -1.1316
0.47234 -0.50995 -1.1316
0.46723 -0.49086 -1.1316
0.46719 -0.49071 -1.1316
0.46719 -0.49071 -1.1316
0.46719 -0.49071 -1.1316
0.46719 -0.49071 -1.1316
0.46719 -0.49071 -1.1316
0.46719 -0.49071 -1.1316
0.46719 -0.49071 -1.1316
0.46719 -0.49071 -1.1316
0.46719 -0.49071 -1.1316
0.46719 -0.49071 -1.1316
0.46719 -0.49071 -1.1316
0.46719 -0.49071 -1.1316
0.46719 -0.49071 -1.1316
0.46719 -0.49071 -1.1316
0.46719 -0.49071 -1.1316
0.47408 -0.47783 -1.1281
0.48429 -0.45874 -1.123
0.49782 -0.43345 -1.1162
0.53525 -0.36346 -1.0975
0.57268 -0.29348 -1.0787
0.61012 -0.22349 -1.06
0.64755 -0.15351 -1.0412
0.68498 -0.08352 -1.0225
0.72241 -0.013534 -1.0037
0.75985 0.056451 -0.98499
0.80674 0.12644 -0.96624
0.86459 0.19642 -0.94749
0.92244 0.26641 -0.92875
0.99578 0.33639 -0.91
1.0707 0.40638 -0.89125
1.1455 0.47636 -0.8725
1.2204 0.54635 -0.85375
1.2952 0.61634 -0.835
1.3701 0.68632 -0.81625
1.445 0.75631 -0.7975
1.4967 0.82268 -0.7772
1.4797 0.87835 -0.75232
1.4627 0.93402 -0.72743
1.4314 0.98747 -0.70159
1.3939 1.04 -0.67534
1.3565 1.0924 -0.64909
1.3191 1.1449 -0.62284
1.2816 1.1974 -0.59659
1.2402 1.2452 -0.56933
1.1959 1.2897 -0.54138
1.1489 1.331 -0.51273
1.0366 1.296 -0.46773
0.92432 1.261 -0.42273
0.81202 1.2261 -0.37773
0.69973 1.1911 -0.33273
0.58743 1.1561 -0.28773
0.47513 1.1211 -0.24274
0.36283 1.0861 -0.19774
0.25314 1.0535 -0.1543
0.14764 1.0249 -0.11339
0.042152 0.99626 -0.072483
-0.053463 0.97687 -0.037512
-0.14704 0.95937 -0.0037622
-0.24063 0.94187 0.029987
-0.33421 0.92438 0.063737
-0.42779 0.90688 0.097486
-0.52137 0.88938 0.13124
-0.61495 0.87189 0.16498
-0.70243 0.85439 0.19629
-0.76028 0.8369 0.21572
-0.81813 0.8194 0.23515
-0.86337 0.8019 0.24953
-0.9008 0.78441 0.26078
-0.93823 0.76691 0.27203
-0.97567 0.74941 0.28328
-1.0131 0.73192 0.29453
-1.0505 0.71442 0.30578
-1.088 0.69692 0.31703
-1.1254 0.67943 0.32828
-1.1139 0.69245 0.32972
-1.1002 0.70677 0.33074
-1.0846 0.72237 0.33135
-1.0658 0.73987 0.33135
-1.0471 0.75737 0.33135
-1.0284 0.77486 0.33135
-1.0097 0.79236 0.33135
-0.98996 0.80986 0.33176
-0.96784 0.82735 0.33312
-0.94572 0.84485 0.33448
-0.91214 0.86234 0.34044
-0.87471 0.87984 0.34794
-0.83728 0.89734 0.35544
-0.79985 0.91483 0.36294
-0.76241 0.93233 0.37044
-0.72498 0.94983 0.37794
-0.68755 0.96732 0.38544
-0.65088 0.98482 0.39309
-0.62195 1.0023 0.40229
-0.59303 1.0198 0.4115
-0.56958 1.0373 0.4218
-0.55086 1.0548 0.43305
-0.53215 1.0723 0.4443
-0.51343 1.0898 0.45555
-0.49471 1.1073 0.4668
-0.476 1.1248 0.47805
-0.45728 1.1423 0.4893
-0.43856 1.1598 0.50055
-0.41985 1.1661 0.52377
-0.40113 1.1709 0.54866
-0.38242 1.1741 0.5752
-0.3637 1.1741 0.6052
-0.34498 1.1741 0.6352
-0.32627 1.1741 0.6652
-0.30755 1.1741 0.6952
-0.28883 1.1741 0.7252
-0.27012 1.1741 0.7552
-0.2514 1.1741 0.7852
-0.24516 1.1741 0.8152
-0.24516 1.1741 0.8452
-0.24516 1.1741 0.8752
-0.24516 1.1741 0.9052
-0.24516 1.1741 0.9352
-0.24516 1.1741 0.9652
-0.24516 1.1741 0.9952
-0.2452 1.174 1.0252
-0.25031 1.1645 1.0542
-0.25541 1.1549 1.0831
-0.26672 1.1338 1.1109
-0.28543 1.0988 1.1371
-0.30415 1.0638 1.1634
-0.32286 1.0288 1.1896
-0.34158 0.99383 1.2159
-0.3603 0.95884 1.2421
-0.37901 0.92385 1.2684
-0.39773 0.88885 1.2946
-0.42458 0.86147 1.3127
-0.4535 0.83602 1.3287
-0.48451 0.81251 1.3427
-0.52194 0.79501 1.3502
-0.55937 0.77751 1.3577
-0.5968 0.76002 1.3652
-0.63424 0.74252 1.3727
-0.67167 0.72502 1.3802
-0.7091 0.70753 1.3877
-0.74653 0.69003 1.3952
-0.76604 0.67254 1.3991
-0.77284 0.65504 1.4005
-0.77943 0.63754 1.4018
-0.77943 0.62005 1.4018
-0.77943 0.60255 1.4018
-0.77943 0.58505 1.4018
-0.77943 0.56756 1.4018
-0.77943 0.55006 1.4018
-0.78101 0.53256 1.4021
-0.78271 0.51507 1.4024
-0.79077 0.49757 1.4041
-0.80949 0.48008 1.4078
-0.8282 0.46258 1.4116
-0.84692 0.44508 1.4153
-0.86564 0.42759 1.4191
-0.88435 0.41009 1.4228
-0.90307 0.39259 1.4266
-0.92179 0.3751 1.4303
-0.9405 0.36215 1.4331
-0.95922 0.35102 1.4355
-0.97793 0.34169 1.4375
-0.99665 0.34169 1.4375
-1.0154 0.34169 1.4375
-1.0341 0.34169 1.4375
-1.0528 0.34169 1.4375
-1.0715 0.34169 1.4375
-1.0902 0.34169 1.4375
-1.1089 0.34169 1.4375
-1.1337 0.34169 1.4339
-1.1643 0.34169 1.4267
-1.1949 0.34169 1.4195
-1.232 0.34169 1.4085
-1.2695 0.34169 1.3972
-1.3069 0.34169 1.386
-1.3443 0.34169 1.3747
-1.3818 0.34169 1.3635
-1.4192 0.34169 1.3522
-1.4566 0.34169 1.341
-1.4841 0.34169 1.3287
-1.4875 0.34169 1.3141
-1.4909 0.34169 1.2994
-1.4918 0.34169 1.2845
-1.4918 0.34169 1.2695
-1.4918 0.34169 1.2545
-1.4918 0.34169 1.2395
-1.4918 0.34169 1.2245
-1.4918 0.34371 1.2091
-1.4918 0.34689 1.1934
-1.4918 0.35124 1.1775
-1.4918 0.36873 1.1587
-1.4918 0.38623 1.14
-1.4918 0.40373 1.1212
-1.4918 0.42122 1.1025
-1.4918 0.43872 1.0837
-1.4918 0.45622 1.065
-1.4918 0.47371 1.0462
-1.4918 0.48785 1.0282
-1.4918 0.49739 1.0111
-1.4918 0.50693 0.9941
-1.4918 0.50818 0.97883
-1.4918 0.50818 0.96383
-1.4918 0.50818 0.94883
-1.4918 0.50818 0.93383
-1.4918 0.50818 0.91883
-1.4918 0.50818 0.90383
-1.4918 0.50818 0.88883
-1.4918 0.51087 0.87384
-1.4918 0.52359 0.85884
-1.4918 0.53631 0.84384
-1.4918 0.55218 0.82884
-1.4918 0.56968 0.81384
-1.4918 0.58717 0.79884
-1.4918 0.60467 0.78384
-1.4918 0.62217 0.76884
-1.4918 0.63966 0.75384
-1.4918 0.65716 0.73884
-1.4918 0.67466 0.72384
