-1.0605 -6.2485 2.4702 -0.31799 0.96565 -0.20607 0.083976 -0.643 0.13158 0.80818 0.30122 0.21279 0.27135
0.67737 -7.3372 1.9372 -1.8548 1.2017 -0.3997 0.80544 0.19488 0.15252 0.61975 0.2827 0.27266 0.24115
0.6213 -6.7609 2.3772 -1.3228 1.4375 -0.77424 -0.28962 -0.82947 0.54652 0.18371 -0.25291 0.3268 -0.37013
2.2003 -7.4527 2.6272 -1.9247 1.0012 -1.1556 0.21781 -0.047677 -0.064483 0.31782 0.27439 -0.36316 -0.14143
2.9063 -8.4527 1.7162 -2.116 0.83281 -0.54434 1.1994 -0.1082 0.33377 0.20302 0.76456 0.84866 -0.065105
3.8462 -7.8665 2.7807 -1.6029 1.508 -0.9631 1.0481 -0.2283 0.21245 -0.13889 0.11963 0.91028 0.14025
4.1662 -8.8617 2.4406 -2.2717 2.0083 -0.38367 1.3032 0.27058 0.94928 0.62674 0.31488 0.20141 -0.70948
4.151 -8.552 2.6691 -1.5112 1.5366 -1.0122 0.15141 -0.75486 0.15961 0.0081043 0.21743 0.52776 -0.25111
3.7901 -7.4613 2.7485 -1.2833 1.2111 -0.77296 0.81772 0.013263 0.25245 0.12331 0.051267 0.65218 -0.23736
3.1136 -7.2686 2.7583 -0.12541 0.802 -0.090123 0.62231 0.45541 0.098114 -0.023175 0.49284 0.38001 -0.95058
1.6198 -3.9633 3.0387 0.54325 -0.0097437 -0.8463 -0.14664 -0.27001 -0.0049913 -0.33295 -0.89116 -0.26986 -1.1918
2.8521 -2.4297 0.86898 1.0095 -1.9653 -2.5405 -1.6454 -0.84847 -0.84301 -0.81594 -0.35855 -0.22482 -1.2803
3.3927 -1.935 1.0561 0.90538 -1.9259 -2.6612 -1.3593 -0.15891 -1.7062 -0.39574 -0.19781 0.061593 -0.78595
3.5472 -1.9868 1.3347 1.0657 -1.663 -2.451 -1.0885 -0.71628 -1.4228 -0.065782 0.47852 -0.085665 -0.89898
2.9624 -2.077 1.3853 0.74814 -1.6171 -2.4246 -1.2088 -0.92231 -1.3102 -0.74697 0.33443 0.19828 -0.92414
1.5285 -2.1479 1.3056 0.91418 -1.0258 -2.5023 -0.95873 -0.8882 -0.49815 -0.93115 0.20321 0.037907 -1.1995
-1.6101 -2.2058 1.2605 0.92328 0.41697 -0.26332 -0.38279 -0.59813 -0.001682 -0.46351 0.17379 0.41717 -0.33048
-1.8015 -2.264 1.5717 0.72635 -0.64099 -0.7562 -0.73061 -1.7928 0.49298 -0.05594 0.4058 0.033536 -0.29093
-2.199 -2.6336 1.0873 0.30825 -0.62945 -0.82393 -0.78281 -1.474 0.21544 0.14996 0.49084 -0.15769 -0.58597
-3.3221 -2.6535 0.82444 0.27101 -0.36758 -0.45823 -0.39441 -1.0497 -0.066371 -0.12381 0.41568 0.061703 -0.26411
-3.3403 -2.5878 0.64028 -0.038962 -0.29955 -0.20458 0.37836 -0.10519 -0.14087 -0.064601 0.47823 -0.23737 -0.017514
-2.8113 -2.9585 0.46601 -0.57686 -1.2423 -1.0386 0.070757 -0.53941 -0.2785 0.2732 1.6053 0.24435 0.67609
-2.5659 -2.4785 1.4018 0.21428 -1.2776 -0.81898 0.061057 -1.0851 0.11057 0.24825 1.4372 0.10475 0.026051
-2.9413 -2.5221 0.88273 -0.063345 -0.67521 -0.6549 0.057541 -0.51524 0.065689 0.32818 1.0504 -0.099277 0.033576
-3.123 -2.8298 0.80198 0.012749 -0.49837 -0.62801 -0.11321 -0.79398 -0.28346 0.24143 1.6174 0.69174 0.61166
-4.3554 -2.6685 0.59302 -0.14324 -0.38475 -0.30133 0.38332 -0.013853 0.11437 0.40316 1.0654 0.14008 0.2264
-3.7989 -3.1595 0.098508 -0.6225 0.05979 -0.97017 -0.80367 -0.30815 0.32984 1.2132 1.2613 0.29137 0.44793
-3.8914 -3.3833 1.3239 0.51512 0.67112 -0.044633 -0.7451 -0.56231 0.37677 0.69227 0.525 0.57932 0.10826
0.72182 -5.6985 -0.36709 -0.69568 0.37361 -0.27291 0.38679 1.1146 0.53134 0.86132 0.12452 -0.12582 -0.33197
-0.28785 -2.8459 1.1496 0.52484 0.56027 -0.33414 -0.067404 0.24419 -0.076849 -0.14653 -0.1389 0.1384 -0.43823
3.7876 -1.0683 0.69062 -0.92418 -1.3588 -0.79354 -1.8577 1.1161 0.56309 0.21623 -0.89086 0.31239 -0.19409
4.2116 -0.54399 -0.80155 -1.4708 -1.4892 -0.65704 -1.2535 0.79762 0.75917 -0.54912 -1.4294 0.20577 -0.063676
4.3583 -1.3666 -0.58667 -1.5255 -1.5248 -0.18273 -1.0546 0.96221 0.6854 -0.47628 -1.7862 0.40929 -0.31879
4.2952 -1.8813 -1.0118 -1.1947 -1.3986 0.10371 -1.4207 0.88111 0.41456 -0.38319 -1.8773 0.44218 -0.47879
3.8509 -2.2174 -0.93845 -0.7934 -0.90175 -0.1969 -1.1391 0.82899 0.137 -0.39591 -1.7529 0.50495 -0.58831
3.2572 -1.3284 -1.3352 -1.0739 -0.40816 -0.21737 -0.66508 0.49203 0.1083 -0.5903 -1.505 0.55889 -0.26719
2.19 -1.2326 -0.22858 -0.84785 -0.60466 0.13718 -0.52272 0.27827 0.45435 -0.70802 -1.3777 0.55135 0.089162
1.5087 -1.6742 0.40822 -1.1403 -0.062188 0.22957 -0.57137 0.58351 0.82352 -0.5771 -1.3564 0.21674 -0.20091
0.52475 -1.9802 -0.47399 -0.43508 0.45284 0.73076 0.47968 0.75096 0.50849 -0.62519 -1.2424 0.52876 -0.27355
