-1.67 -7.6191 1.4855 -0.66879 1.3929 0.36312 0.79619 0.16638 0.35653 0.5483 0.81047 0.90376 0.62159
-2.0889 -7.33 1.7676 -0.034709 1.4668 -0.069764 0.14397 0.3268 0.68714 0.7696 0.29821 -0.0071922 0.57325
-1.2848 -8.2692 1.2751 -0.63091 1.1725 -0.25233 0.64452 0.83308 0.72385 0.51203 0.79711 0.47628 0.63261
-1.0657 -7.6671 1.8035 -0.13965 1.1791 -0.41965 0.65401 0.62481 0.47673 0.28204 0.6326 0.78587 1.0032
0.30616 -8.133 1.6953 -0.91282 1.4031 -0.36352 0.60945 0.75246 0.78669 -0.05987 -0.0036818 0.3256 0.9434
-0.42109 -4.7834 2.2662 0.19088 1.621 1.048 0.68409 1.1318 1.4299 0.15093 -0.0053386 0.37135 0.047416
0.95171 -1.9183 2.7696 1.5766 0.23142 -1.0287 -0.16332 -0.81149 0.16919 0.59571 0.18373 0.26397 -0.45855
2.5725 -2.0356 2.2558 1.4692 -0.63183 -2.1821 -0.59257 -0.38157 -1.1589 0.6412 0.59229 0.49191 0.015378
3.0494 -2.6878 2.1499 1.4708 -0.89918 -2.2896 -0.47186 -0.62693 -1.3949 0.83459 0.23326 0.095175 0.27803
3.1825 -3.3337 2.4626 1.7752 -1.5309 -2.7482 -0.59388 -0.70962 -1.8045 0.85837 -0.11186 -0.11392 0.13759
2.6455 -3.0943 1.9725 1.8586 -1.6367 -2.7986 -0.99869 -1.1005 -1.5485 0.4855 -0.24697 -0.52921 0.088397
0.99741 -2.8185 2.2653 0.89742 -1.1712 -2.2903 -1.288 -1.2135 -1.2273 0.0076349 0.32434 -0.2973 -0.68755
-0.94871 -2.3964 1.5287 0.84283 -0.15667 -0.57399 -1.5513 -2.4967 0.62402 -0.77789 -1.2025 -0.11261 -0.94112
-1.4401 -2.5502 1.4097 1.2067 0.1188 0.029513 -0.73422 -1.6927 0.48725 -0.42065 -0.66734 -0.09493 -0.99602
-2.5099 -2.6366 0.92606 0.63035 0.1849 0.018251 -0.42127 -1.0939 -0.018906 -0.47854 -0.30786 0.11025 -0.19515
-3.0717 -2.5156 1.0845 0.39018 -0.3191 -0.29702 -0.1322 -0.91365 -0.012825 0.12788 0.94465 0.45336 0.061791
-2.5579 -2.8808 0.99559 0.47481 -0.049265 -0.24235 -0.7477 -1.6739 -0.42245 -0.41854 0.68754 0.87265 0.071922
-2.6151 -2.6614 1.2638 0.57579 -0.15442 -0.18039 -0.41731 -1.5959 -0.50038 -0.31292 1.273 1.0239 0.06172
-4.9148 -2.5139 0.99332 0.78634 0.86055 0.39726 -0.24517 -0.60476 0.32804 0.36013 0.49954 0.72976 -0.31293
-4.1217 -2.5373 0.88515 0.049366 -0.12699 -0.17086 0.2161 -0.40797 -0.54847 0.1366 1.1699 0.31992 -0.24937
-3.9732 -2.5659 0.90892 0.6599 0.95775 0.47061 -0.28032 -0.61652 0.039479 0.055789 0.062939 0.53441 -0.55374
-4.3217 -2.488 0.70421 0.41682 0.75212 0.51844 0.3365 0.22439 0.4725 0.28539 0.13362 0.28735 -0.10015
-0.32909 -6.4179 0.57069 -0.27407 0.3958 -0.22865 0.089158 -0.12287 0.065791 0.08947 0.21038 0.93744 1.224
-0.33554 -3.2448 1.5529 0.16763 0.10852 -0.19634 0.29583 0.49453 0.47418 0.1842 0.43634 0.60647 -0.14062
2.1198 -1.2239 1.6132 -0.53121 -0.5772 -0.83613 -0.64156 0.17256 0.46073 0.81461 -0.27727 1.4743 -0.34932
3.5477 -2.1488 0.39413 -1.2257 -0.76003 -1.2995 -0.904 0.50631 0.27936 0.81228 -1.0573 0.96592 -0.70577
3.5344 -2.4286 -0.23806 -1.6604 -1.0874 -0.73896 -1.1505 0.39086 0.11056 0.69849 -1.4784 0.58842 -0.64293
3.4319 -2.2028 -0.822 -1.8705 -1.0074 -0.092486 -1.1674 0.070414 -0.1282 0.6516 -1.7626 0.047032 -0.37005
3.5098 -1.9532 -1.1162 -2.306 -0.77687 0.41043 -0.98098 0.056667 -0.39994 0.80334 -1.6461 -0.21336 0.13517
3.3025 -1.9111 -0.86962 -2.8321 -0.62087 0.34162 -0.92797 -0.26681 -0.17026 0.8832 -1.9854 -0.30301 -0.116
2.8501 -2.1212 -0.97239 -3.132 -0.84723 0.033133 -1.4719 -0.46228 -0.022785 0.31335 -2.0668 -0.70423 -0.38475
2.1633 -2.0137 -0.95018 -3.3647 -0.65168 -0.29433 -1.2628 -0.64489 -0.10756 0.21357 -1.9803 -0.8749 -0.51603
1.3903 -1.7255 -0.42944 -2.5307 -0.41369 -0.26443 -0.66447 -0.92821 0.0054049 0.21939 -1.1928 -0.82756 -0.076663
-0.0050845 -1.3758 0.68927 -1.919 -0.62181 -0.75521 0.22338 -0.34843 0.42246 -0.30873 -0.37532 -0.73907 -0.055967
