-0.3535 -8.5869 0.74517 -1.5526 1.3399 -0.029438 0.85914 0.60499 0.68861 0.16274 0.24635 1.1582 0.8548
1.9447 -8.3085 1.2921 -1.7177 1.789 -0.256 0.92911 -0.21964 0.38459 1.0178 0.57181 0.59524 0.6022
2.7703 -8.8223 1.3063 -2.1269 1.0987 -0.24778 1.0433 0.032177 0.77388 0.49613 0.58199 0.42394 0.47434
3.1557 -8.488 0.99456 -2.1388 1.5759 -0.44731 1.8192 0.7367 -0.074262 -0.57258 0.70899 -0.20499 0.25831
2.3377 -8.4836 1.1143 -2.1827 1.9278 0.15636 1.1617 0.27563 0.27769 -0.17881 -0.052615 0.3534 0.34786
2.7251 -9.2842 0.98998 -2.2213 1.1571 0.14868 1.603 0.17503 0.56708 -0.79263 -0.11356 0.40538 0.69201
2.3931 -9.7709 0.53068 -1.8236 1.534 0.17771 1.26 0.3618 0.21368 0.033794 0.36005 0.16245 0.25713
2.4478 -8.3964 1.0793 -1.5574 1.5278 0.11516 0.89535 0.45616 0.10334 0.22591 0.19102 0.63418 0.03553
0.64248 -2.7365 2.4208 -0.13892 0.17775 -1.2905 -0.69416 -0.43914 0.014452 -0.42941 -0.59856 0.02438 -0.51275
3.7907 -2.5672 0.058981 1.0689 -1.6981 -1.627 -1.7501 -0.19982 -0.23516 -0.21053 0.15142 0.33224 -0.039608
4.2646 -2.6976 -0.12681 1.4357 -2.2748 -1.8064 -1.9708 -0.0092639 -0.27287 -0.36428 0.19097 0.40652 -0.188
4.1806 -3.0467 0.16776 1.2964 -2.2291 -2.2307 -1.9298 -0.24052 -0.5693 -0.40368 0.20288 0.21119 -0.43307
3.7326 -3.0366 0.24588 1.5458 -2.073 -1.9662 -2.0197 -0.10418 -0.56454 -0.60152 0.22608 0.29409 -0.1435
2.5092 -3.2093 0.62225 2.0224 -0.81403 -1.5002 -2.1805 -0.73106 -0.26246 -0.55105 0.67549 0.3697 -0.18654
-0.16439 -2.5015 1.6026 0.93011 -0.85731 -1.2063 -0.25574 -0.16512 -0.0023703 -0.063531 1.366 0.051402 -0.39571
-2.3508 -2.5643 0.95046 0.33629 -0.3719 -0.55469 -0.27163 -0.59848 0.73713 0.26791 0.4804 0.1041 -0.27844
-2.6449 -2.9219 0.57449 0.41688 0.4362 -0.096126 -0.77259 -1.0154 0.17676 0.021149 -0.043223 0.29104 -0.77633
-2.3312 -2.4212 0.92207 0.23107 0.071547 -0.66374 -0.8004 -0.91918 0.31764 0.22064 0.2712 0.013481 -0.18283
-1.5757 -2.6917 1.2872 0.31364 -1.1872 -0.91949 0.20727 -0.88358 -0.6608 -0.01428 1.8954 0.17202 -0.084126
-2.0681 -2.4889 1.3699 0.82421 -0.39109 -0.29932 0.098293 -0.97037 0.12175 0.12743 1.3434 0.4 -0.18494
-1.8943 -2.8807 0.56453 -0.11958 -0.27066 -0.55361 -0.018716 -0.3825 0.099334 0.49502 1.2412 0.26583 0.22342
-2.7551 -2.8663 0.65457 0.11158 0.30487 -0.37978 -0.37504 -0.54811 0.12527 0.7803 1.3537 0.53066 -0.14142
-4.3457 -2.5028 1.1209 0.60872 0.23726 -0.046364 -0.21922 -0.87752 -0.015127 0.34546 1.0846 0.6078 -0.4222
-4.3748 -2.5681 0.6904 0.32527 0.62948 0.52116 0.64226 0.54659 0.54821 0.28669 0.06936 -0.10504 -0.16658
-4.4053 -2.6305 0.7075 0.51508 0.90489 0.70435 0.43551 0.30178 0.41581 -0.12927 -0.70566 -0.29155 -0.21471
-3.9173 -2.7675 0.87379 0.3249 0.43572 -0.13458 -0.46882 -0.91241 -0.42355 0.47967 1.4981 0.95305 -0.3856
-2.6647 -5.2863 0.83363 0.83665 0.8112 0.39511 0.14521 0.0063607 0.32273 0.57934 0.30407 0.078809 -0.1828
0.5257 -3.9752 -0.36052 -0.40635 0.028619 -0.56863 -0.32641 0.098921 0.23376 0.29226 0.28993 0.3662 -0.10618
2.5969 -1.6423 -0.53771 -0.80432 -1.5764 -1.1717 -0.98797 0.20112 1.279 0.14984 -0.53788 -0.38684 0.47859
4.7919 -3.1364 -1.8987 -0.28175 -2.0392 -0.0089288 -1.4935 1.1778 1.1939 0.3766 -1.0528 -0.34527 0.30991
4.8813 -3.3541 -1.9376 -0.45072 -1.9122 0.29048 -1.1029 1.3005 0.99638 0.080854 -1.3937 -0.46605 0.28834
4.5298 -3.2749 -2.2291 -0.73052 -1.5078 0.5657 -1.001 0.98721 0.65407 -0.13469 -1.5269 -0.32175 0.34537
3.7672 -2.596 -1.7388 -1.0557 -1.1424 0.44229 -0.78202 0.70169 0.58544 0.013311 -1.3324 -0.20288 0.27056
2.8484 -1.6971 -1.8778 -1.3274 -0.56526 0.3204 -0.31643 0.48303 0.44758 -0.12467 -1.2564 0.015493 0.17137
1.5197 -0.78631 -0.58483 -2.0131 -0.23018 -0.12957 0.62667 -0.0032771 0.9358 -0.17704 -0.92063 -0.30148 0.18367
0.31865 -1.5368 0.3842 -1.4419 0.32939 -0.074133 0.1424 0.45649 0.97336 0.3284 -0.72322 0.045904 0.73623
