0.84738 -6.3978 0.80515 -0.77966 0.49037 0.11398 0.53081 0.011556 0.836 0.36252 0.53112 0.45437 0.15125
2.8817 -7.7206 1.9252 -0.4132 1.267 -0.40385 0.31055 -0.30411 0.93649 0.37505 0.71536 0.22804 -0.17838
3.7405 -8.829 1.8984 -0.99872 0.91087 -0.94811 0.025454 -0.23445 0.63824 0.66251 1.5288 1.1723 0.86865
4.0005 -9.1243 1.4278 -0.80559 1.9849 -0.21047 0.75061 0.008543 0.60976 -0.23472 0.37667 0.94778 1.0043
4.3535 -8.6221 2.2112 -0.46353 0.85594 -0.97179 1.4571 0.054388 0.76517 0.26607 0.5083 -0.20975 -0.085487
4.0075 -8.2776 2.1317 -0.68778 1.1268 -0.84264 0.56185 0.32926 0.78141 -0.40347 -0.28396 -0.16738 0.25971
4.7477 -9.4102 1.6659 -1.1103 0.87968 0.13504 1.0389 -0.81241 0.058909 -0.74898 -0.099696 -0.61007 0.17919
5.1247 -9.1814 1.5155 -1.302 0.61602 -0.6855 0.60019 -0.92504 -0.52669 -0.23185 0.24047 0.042795 0.24266
5.9908 -8.2004 1.8847 -1.0241 1.0941 -0.31807 1.184 -0.25694 0.33294 -0.093487 -0.29345 0.48251 0.46632
6.9983 -8.6249 1.3794 -1.9171 0.45986 -1.2616 0.99385 -0.094531 -0.39882 0.042772 0.52847 -0.6218 -0.58018
5.781 -4.898 2.0923 -0.58545 0.36787 -1.1253 0.52627 -0.67005 -0.20585 -0.42923 -0.0487 -0.96439 -0.52741
5.0915 -2.6355 2.6299 1.3721 0.95369 -2.6042 -0.41894 -1.0862 -0.80072 -0.18489 0.091228 -0.75918 0.052527
4.8725 -1.4281 1.9818 1.6296 -0.53681 -2.7037 0.11225 -0.83654 -1.5368 -1.0849 0.35598 -0.53152 0.53279
5.0651 -1.1017 1.3275 1.3721 -0.38663 -2.3596 -0.72107 -1.4482 -1.2479 -0.70875 -0.15926 -0.81844 0.78903
4.9796 -1.5792 1.6183 1.1473 -0.75905 -2.5749 -0.86172 -1.5838 -1.3915 -0.82655 -0.22155 -0.5229 0.67585
4.3271 -1.5813 2.1248 0.9437 -1.0549 -2.1833 -0.46352 -1.8817 -1.1858 -0.85958 -0.01528 -0.45106 0.21919
2.9186 -1.8791 2.0622 1.2793 -0.34033 -2.075 -0.87654 -1.0388 -0.87462 -0.6845 0.11965 -0.21063 -0.57133
0.81526 -1.8805 2.1178 1.3906 0.14832 -0.65588 -0.73546 -1.4069 0.015489 -0.80514 0.022238 -0.03224 -0.20746
-1.1896 -2.4691 1.1641 0.97868 0.32404 0.1753 -0.47648 -1.2143 0.42149 -0.30668 -0.39829 0.33483 -0.13116
-3.6622 -2.9246 0.65191 0.29148 0.026247 -0.0060315 -0.29235 -1.0904 -0.50225 -0.45801 0.39035 0.57789 -0.043636
-2.6465 -2.7818 0.63911 0.161 0.22932 -0.13033 -0.44263 -0.86599 -0.37836 -0.054368 0.4267 0.38527 -0.35847
-1.8725 -2.9799 1.1226 0.7165 0.34961 -0.17757 -1.2391 -2.0621 -0.276 -0.38114 0.20369 0.79628 -0.62486
-1.6137 -2.9417 1.1011 0.51006 -0.012543 -0.00034106 -0.30438 -1.4679 -0.92741 -0.63855 0.93826 0.95565 -0.20006
-1.8298 -2.8726 1.1546 0.47429 0.046429 -0.026853 -0.32033 -1.4074 -0.9439 -0.29442 1.3491 1.0895 -0.40789
-3.2688 -2.645 1.0237 0.74373 0.82799 0.29848 -0.55638 -1.1282 -0.16692 0.047404 0.604 0.96081 -0.39472
-5.9108 -2.6341 0.605 0.16582 0.46495 0.25446 0.29768 0.14675 0.35031 0.72165 1.1691 1.0034 0.63187
-2.665 -4.547 0.060302 -0.53613 0.082357 -0.25293 0.038809 0.15453 0.40884 0.49871 -0.012857 -0.046172 0.30826
3.8579 -5.4006 1.282 -0.80837 0.80919 -0.68326 0.22601 -0.0089443 0.46606 0.0024439 0.35486 0.26865 0.71716
5.815 -6.5648 1.704 -0.79404 1.6983 -0.75509 0.25611 -0.17301 0.54228 0.093513 0.049151 -0.32309 0.43502
5.7413 -2.834 2.3185 -0.84429 0.83623 -1.4408 -0.724 -0.25244 0.30223 0.35511 -0.98993 0.061631 0.42826
6.0035 -1.8905 -0.0029925 -0.44844 -1.2761 -1.671 -1.9005 0.025863 0.13931 0.41159 -0.48033 -0.068244 0.3923
6.3336 -1.6345 -0.78149 -1.0082 -1.6124 -1.8533 -1.9115 -0.10114 0.53728 0.098199 -0.89285 -0.35588 0.078059
6.6779 -1.9178 -1.0603 -0.76721 -1.6159 -2.0238 -1.5063 0.13235 0.96529 -0.04898 -1.3815 -0.57897 0.36358
6.7067 -1.7038 -1.5599 -1.1437 -1.4675 -1.8028 -0.85957 0.03058 0.80323 -0.057546 -1.3206 -0.49921 0.10404
6.7484 -1.5045 -1.9965 -1.4127 -1.5157 -1.5498 -0.82036 0.14247 0.36857 -0.034356 -1.4551 -0.56232 -0.058724
6.7182 -1.2147 -2.6329 -1.6645 -1.7487 -1.7634 -0.86287 0.010478 -0.055484 -0.26057 -1.3744 -0.86165 -0.22579
6.6526 -1.3891 -2.7024 -1.8156 -1.9281 -1.9448 -0.70065 -0.075126 -0.28064 -0.36551 -1.1826 -1.1239 -0.22523
6.4847 -1.2579 -2.7809 -2.2289 -2.1231 -2.1754 -0.80541 -0.57932 -0.28274 -0.70743 -1.3071 -1.4638 -0.43205
6.2811 -0.32485 -2.3063 -2.3359 -1.5951 -1.7685 -0.45708 -0.52816 0.072971 -0.46611 -0.95399 -1.3663 -0.040682
6.0128 0.64684 -2.1864 -2.9472 -1.0501 -1.8579 -0.52314 -0.24864 -0.52304 0.22071 -0.95213 -1.6448 0.2037
5.5867 0.63212 -1.8548 -3.4917 -1.3616 -1.5335 -0.61223 -1.3431 -0.11012 -0.011456 -1.0986 -2.0603 -0.068602
5.2196 0.86306 -1.3118 -3.9202 -1.1031 -0.94812 -1.1468 -0.90532 0.39425 -0.18569 -1.2627 -1.4645 -0.095356
4.8711 0.10764 -1.2277 -3.4897 -1.32 -1.3848 -0.57125 -0.55752 -0.4677 0.25377 -0.96335 -1.5953 -0.058088
4.6521 0.076206 -2.3556 -3.2723 -0.74184 -1.0478 -0.072675 -0.7279 -0.61402 0.46565 -1.1114 -1.8886 0.2819
4.3076 0.018861 -2.3171 -3.3796 -0.60213 -0.5061 -0.07066 -1.0989 -0.18575 0.1061 -1.5045 -1.2241 -0.36135
3.4731 -0.3251 -1.9551 -2.8613 -0.4668 -0.93942 0.39787 -1.3924 -0.10022 -0.023731 -1.175 -1.2043 -0.1814
2.5929 -1.0221 -1.2761 -2.2964 -0.18835 0.036067 0.14723 -0.88495 -0.081268 0.43693 -0.68385 -0.56281 0.65104
1.2911 -0.62675 0.90637 -0.94213 -0.23653 -0.84708 -0.067757 -1.2202 0.29232 -0.32782 -0.28142 -0.48922 -0.041348
