-1.0542 -5.5372 1.5317 -0.095199 0.39223 0.1121 0.2747 0.19842 0.38536 -0.11785 0.11687 0.28727 -0.10737
1.2706 -1.9738 1.9779 1.3879 -0.13013 -0.76754 -1.0245 -1.6745 0.116 -0.46832 -0.26917 -0.46947 -0.44901
3.0978 -2.1466 2.1024 1.0559 -1.4529 -1.3795 -0.41877 -1.9472 -0.92305 -0.49732 0.26471 -0.59611 -0.17864
3.831 -3.0936 1.8972 1.5925 -1.5924 -2.1081 -0.71322 -1.4526 -1.5881 -0.80213 -0.26274 -0.33941 0.021555
4.0835 -3.3066 1.854 1.9589 -1.1564 -2.2655 -1.0064 -1.4263 -1.5585 -0.47568 -0.41511 -0.37952 0.37041
4.0506 -3.4657 1.2657 1.7807 -1.2328 -2.238 -1.3471 -1.7227 -2.1518 -0.6054 -0.13896 -0.524 0.16288
3.5248 -2.8757 1.3545 1.5658 -0.77596 -2.0221 -1.2418 -2.1147 -1.5944 -0.7216 0.50482 -0.44294 0.28247
2.0982 -2.817 1.4637 1.3473 -0.968 -1.2289 -0.94077 -2.1099 -0.7468 -0.82207 0.3199 -0.62893 -0.15118
0.77828 -2.9902 1.0758 0.59695 -0.014258 -0.33673 -0.99807 -1.5486 0.6599 -0.23013 -1.078 -0.30171 -0.86457
0.20562 -2.9135 0.77933 0.70379 0.4512 0.19678 -0.56546 -1.0573 0.18066 -0.60977 -1.1281 -0.1775 -0.47788
-0.89125 -2.7596 0.78021 0.54902 0.48184 0.11672 -0.56965 -1.0579 -0.13335 -0.39385 -0.34371 0.24518 -0.43499
-1.1862 -3.0254 0.76752 0.012555 -0.020051 -0.28262 -0.49853 -1.1604 -0.84023 -0.056887 1.0438 0.66384 -0.55061
-1.7216 -2.9296 0.65556 0.19306 0.22648 -0.15102 -0.64371 -1.1599 -0.49338 -0.14989 0.39046 0.43765 -0.70709
-3.0626 -2.8136 0.52564 0.041852 0.25585 -0.10541 -0.28041 -0.60335 -0.31609 0.16941 0.77945 0.50112 -0.32942
-3.4799 -2.7569 0.46157 0.1123 0.40212 0.064213 -0.20639 -0.41118 -0.11108 0.046753 0.26667 0.44622 0.0336
-1.547 -2.9463 0.4303 0.27602 0.74065 0.21509 -0.61806 -1.0045 -0.56881 -0.4888 -0.15436 0.48329 -0.35783
-2.497 -2.6656 0.66261 0.13506 0.21244 -0.02305 -0.12619 -0.59114 -0.4313 -0.079661 0.55643 0.41287 -0.11116
-1.6781 -3.1729 0.19757 -0.16079 0.44811 -0.24452 -0.83245 -1.0142 -0.68754 -0.022597 0.69589 0.80666 -0.12599
-3.4465 -3.4076 0.75926 -0.16875 -0.33243 -0.2139 -0.21024 -0.56571 -0.67557 0.33174 1.3141 0.92562 -0.070295
-1.9299 -8.786 1.2788 1.8903 0.34499 0.72688 0.27942 0.81383 0.42314 0.8236 0.62366 0.77719 0.29667
0.58188 -7.6144 0.96242 -0.98318 0.57749 0.58563 0.11543 0.032984 -0.18051 0.46964 0.21907 0.84492 0.71626
1.6081 -7.5138 1.0482 -0.75278 0.36781 -0.016331 -0.077234 0.35235 -0.41549 0.8516 0.14574 0.27186 0.095977
1.9761 -6.3694 1.217 -0.86676 -0.044704 -0.24003 -1.0356 0.03873 -0.7444 0.43776 -0.60768 0.15112 -0.38632
3.0368 -1.3361 1.3766 -0.91225 -1.5774 -1.2364 -0.7915 -1.0808 0.60459 -0.53571 -0.02781 -0.30819 0.10389
4.4182 -1.5129 -0.035588 -1.5992 -1.411 -2.0591 -1.6344 -0.27229 0.57422 -0.44342 -0.49527 -0.68024 -0.10811
4.8242 -1.0872 -0.06005 -2.3381 -1.6231 -1.6453 -1.0642 -0.027404 0.66357 -0.32455 -0.58745 -0.85998 0.24015
5.0283 -1.0359 -0.47582 -2.4888 -1.7454 -2.0673 -0.65244 0.48096 0.32354 -0.39244 -0.61511 -1.0544 0.12916
4.8047 -1.571 -0.24058 -2.7144 -2.4175 -2.1547 -0.38621 0.45843 0.51794 -1.0709 -0.88786 -1.3142 -0.030722
4.5308 -1.1899 -0.16009 -2.6848 -2.1084 -2.1004 0.43812 0.31539 0.49242 -1.3844 -0.13148 -1.4099 0.0055726
4.4184 -1.8806 -0.92409 -3.0655 -2.0663 -2.0796 0.31583 0.18097 0.39683 -1.3091 -0.87928 -1.0836 0.16251
4.2979 -2.3069 -0.68432 -3.0752 -1.6071 -1.2609 0.3529 0.54486 0.26462 -0.48141 -0.91708 -0.8004 0.59755
4.1507 -3.0247 -1.4469 -3.6908 -1.7773 -1.312 -0.055057 0.42474 -0.54354 -0.44252 -0.98801 -1.1011 0.10812
3.8143 -2.8746 -0.85888 -3.8044 -1.8272 -0.73911 0.39423 -0.15469 -0.45543 0.11991 -1.064 -0.8518 0.37735
3.048 -2.9295 -1.0254 -3.4755 -1.4484 -0.91196 0.57758 -0.53402 -0.084969 -0.01952 -0.70016 -0.62022 0.029698
1.9702 -2.9222 -0.43384 -2.6388 -1.2092 -1.4362 0.65157 0.21394 -0.11858 -0.40969 -0.01934 -1.1553 0.5363
1.5101 -3.3871 -1.2731 -2.7462 -0.78677 -0.31045 0.33988 -0.16093 0.57654 -0.9866 -0.61295 -0.34258 -0.095755
1.7305 -3.8169 -1.823 -3.7597 -0.51152 -0.93334 0.57979 0.82834 0.2562 0.23355 -0.048781 -1.0867 0.54665
1.5082 -3.3114 -0.96875 -2.8528 -0.9508 -0.82169 1.162 0.47683 0.14413 0.060768 -0.036116 -1.6524 -0.0051823
1.4979 -4.0023 -1.0407 -2.7134 -1.254 -1.0026 0.9126 0.78968 0.63583 0.15348 -0.027909 -1.3549 0.10586
0.47375 -3.3006 -0.12258 -1.397 -1.3242 -1.5368 -0.20986 0.062507 0.45837 0.12631 0.099776 -0.78992 0.35462
1.3652 -3.2978 -1.5618 -1.9663 -0.97911 -1.07 0.07157 0.11701 0.50553 -0.38293 -0.159 -0.41046 -0.022154
0.88384 -2.3022 0.39909 -1.0262 -0.91377 -0.89436 -0.17913 -1.0247 0.15948 -0.57751 -0.14243 -0.15223 0.086348
