0.5195 -6.8383 1.8847 -1.0399 0.60662 0.036994 0.26453 0.57743 0.74309 0.23484 0.38967 0.61457 0.27329
1.1749 -7.3698 1.6233 -0.67428 1.0266 0.18757 0.58651 -0.41036 0.47013 0.46976 0.66798 0.92925 0.28008
2.7487 -7.4586 2.1955 -1.0227 1.6053 0.027304 1.0523 0.061255 0.1696 -0.70949 -0.059751 -0.15937 -0.28907
3.1881 -8.6482 1.2721 -0.75482 1.3822 -0.37034 0.73836 -0.90348 0.5458 -0.25051 -0.21704 0.70453 0.049653
3.3291 -8.249 1.4911 -1.5582 1.0457 0.0047612 0.83834 -0.27633 0.28808 -0.59323 0.063465 -0.20353 -0.44101
3.5786 -8.8777 1.023 -1.3254 0.58174 -0.3037 1.2752 0.13395 0.21679 -0.26137 0.16414 0.13652 -0.022183
3.8919 -8.1393 1.3111 -0.81787 0.90348 -0.35845 0.76846 -0.28155 0.23747 -0.34582 -0.14594 -0.11901 -0.091092
4.3773 -7.9692 1.4241 -1.8244 -0.056833 -0.5598 1.2439 0.24224 0.42757 -0.40942 0.31227 -0.064536 -0.50837
5.2911 -8.5744 2.2035 -0.88268 0.60197 -0.76972 1.4386 -0.037373 0.26963 -0.30548 -0.048984 -0.09427 -0.45138
4.6265 -8.563 1.9471 -0.55798 0.24976 -0.63966 0.66211 0.28608 0.0061227 0.72577 0.35615 -0.064859 -0.7448
1.7708 -3.3058 2.9313 0.68108 -0.010389 -1.2773 -0.24289 -1.1378 -0.83494 -0.78397 -0.2901 0.119 -0.93551
3.8244 -1.6358 2.5012 0.25214 -1.1579 -2.69 -0.79852 -0.27842 -1.7219 -0.075484 -0.15074 0.14349 -0.68813
4.0453 -1.9208 2.699 0.3194 -1.4922 -2.9716 -0.85445 -0.13183 -1.4879 -0.091377 -0.56635 0.28605 -0.55301
3.742 -1.4394 2.1718 0.86915 -1.6015 -2.7855 -0.42476 -0.77109 -1.255 -0.18538 -0.33869 0.17756 -0.55972
3.1389 -2.3149 2.6009 0.31266 -0.69094 -2.7716 -0.74279 -1.1889 -0.25553 0.18208 -0.29003 -0.44078 -0.60172
0.39247 -2.2989 1.7801 0.54274 -0.67674 -0.84867 -0.19942 -0.51399 0.45786 0.20585 -0.26515 -0.15638 -0.24641
-1.5922 -2.5436 1.1742 0.93668 0.40674 0.25035 -0.51728 -1.2229 0.086284 -0.10549 0.10907 0.53224 -0.50066
-2.2363 -2.8324 0.71969 0.20572 0.15428 -0.24722 -0.51625 -0.99787 -0.37835 0.21767 0.97635 0.5492 -0.61985
-3.3536 -2.6658 0.56295 0.062036 0.076998 -0.078574 0.015272 -0.33176 -0.13733 -0.051556 0.28643 0.083999 -0.0039114
-3.9747 -2.528 0.75773 0.29663 0.53028 0.19321 -0.013747 -0.31712 -0.041612 0.32143 0.77768 0.61828 -0.070724
-3.5914 -2.6804 0.67398 0.59409 0.95792 0.45023 -0.21823 -0.29567 0.42149 0.29365 -0.021343 0.348 -0.54608
-4.1314 -2.9468 0.34926 0.1559 0.48456 -0.0014033 -0.5422 -0.6694 -0.044636 0.050681 0.060577 0.29291 -0.54872
-4.0464 -2.962 0.36494 0.068282 0.45523 0.4321 0.6167 0.58219 0.51953 0.038379 -0.36101 -0.39337 -0.20685
-4.423 -2.632 0.54604 0.24295 0.57244 0.28993 0.12587 0.034499 0.3598 0.43215 0.51747 0.59695 0.20204
-5.1548 -2.4462 0.69475 0.31863 0.62309 0.3979 0.39232 0.22459 0.31769 0.35624 0.50589 0.37933 0.12192
-5.7298 -2.554 0.58094 0.16699 0.44476 0.19998 0.19956 0.065553 0.1983 0.35044 0.59644 0.52764 0.31628
-2.1173 -5.7826 -0.58837 0.24283 -0.32472 -0.13262 0.60432 0.34485 0.48485 -0.47195 0.033455 0.72516 0.74733
2.7182 -4.7792 0.080939 -0.25656 0.12949 0.30427 0.18978 0.14811 0.22953 0.17581 0.29716 0.22436 0.33209
1.856 -0.17442 1.6045 -0.1227 -0.71863 -0.98497 -0.35448 -0.97257 0.55329 -0.93916 -0.5003 0.18101 -0.37708
4.4842 -0.23791 -0.16954 -1.596 -1.1688 -2.4914 -1.0656 -0.0036011 0.035641 -0.49765 -0.93363 0.15161 -0.46065
4.7193 -0.42392 0.12452 -1.538 -1.2603 -2.363 -0.91353 0.37858 0.41285 -0.41078 -1.0071 0.0045317 -0.68172
4.6601 -0.42825 -0.30005 -2.3178 -1.04 -2.5047 -0.85922 -0.28808 0.44742 -0.51771 -1.4044 -0.31437 -0.99359
4.891 -0.81114 -0.27367 -2.4688 -1.2117 -1.9837 -0.62685 -0.14374 0.16631 -0.21648 -1.2069 -0.63494 -0.99429
4.9428 -0.17535 -0.71519 -2.5708 -0.87036 -1.6416 -0.63515 -0.28637 0.41854 -0.11495 -1.2737 -0.66797 -0.76428
4.9999 -0.2606 -1.2307 -3.1997 -1.1072 -1.8323 -0.64769 -0.92731 0.21069 -0.21295 -1.7851 -1.0557 -0.69559
4.9248 0.087418 -1.0655 -2.912 -0.87003 -1.4908 -0.53839 -0.66999 0.50338 -0.0011034 -1.2985 -1.2707 -0.14537
4.7481 -0.37499 -0.58047 -3.3291 -1.4235 -1.3952 -0.57678 -0.80301 0.273 -0.15513 -1.3829 -1.4298 -0.016042
4.4095 -0.40959 -0.69841 -2.9523 -1.4627 -1.0703 -0.35024 -0.61382 0.66842 -0.38715 -1.0921 -1.0951 0.60609
3.5646 -0.78265 -0.7686 -2.6409 -1.5297 -0.76751 0.33257 -0.57398 0.7519 -0.013976 -0.9465 -0.90531 0.35065
2.4228 -1.2746 -1.2663 -2.7089 -0.83226 -1.1786 -0.23719 -0.94728 0.092483 -0.54557 -1.102 -0.67454 0.12819
0.2243 -1.9629 0.32164 -1.2615 -0.58271 -0.88551 -0.15138 -0.65838 0.57165 -0.15002 -0.76804 -1.1206 -0.10145
0.058358 -2.6434 -0.056692 -1.1984 -0.3221 -0.6693 -0.16216 -0.28038 0.57217 0.24584 -0.71754 -1.294 0.027666
-1.2266 -2.8263 0.41236 -0.86724 -1.223 -1.2876 -0.21689 -0.58052 -0.018038 -0.23953 0.07236 -0.6811 0.60931
