-0.01169 -8.014 2.3091 -0.52709 1.478 -0.6405 1.4391 1.5381 0.88469 0.12327 0.23137 -0.18776 0.95982
-0.43831 -7.7888 2.0248 -0.67916 1.4965 0.64381 0.43758 0.01047 -0.077558 0.69812 0.46198 0.63602 1.2365
0.2655 -8.1504 1.7969 -0.88584 1.4042 0.031143 0.31379 -0.028584 0.62498 0.58679 0.92055 0.77399 0.77484
1.2335 -8.6719 2.0696 -1.5854 1.4527 -0.032306 0.95138 0.53139 1.005 0.40435 -0.082432 0.041059 0.56336
1.5483 -9.0613 1.793 -2.1137 1.6938 0.62144 0.81709 0.50493 0.41531 0.11522 -0.0011033 0.60447 0.87654
2.6067 -9.7589 1.5789 -1.8763 1.7987 0.0066029 0.31627 0.54437 0.42808 0.0019426 0.11506 0.52339 0.45385
4.0516 -10.791 1.5295 -2.7981 0.70987 0.32495 0.82387 0.65622 0.053094 0.22069 0.29467 0.3439 0.53112
3.8475 -9.749 1.6793 -2.4441 0.66781 -0.045556 0.70146 0.55637 0.12226 0.17667 -0.18746 0.071724 -0.022913
2.14 -8.8217 1.0562 -1.5971 0.19821 -1.2189 0.79575 1.2838 -0.4179 0.29259 0.74496 0.17117 -0.209
-0.36453 -5.5442 2.0891 0.19514 0.26086 -1.0003 0.2263 0.59734 -0.74408 0.60528 0.72038 -0.16218 -0.117
1.1986 -1.5069 1.7367 1.5854 -1.099 -1.7887 -0.80379 -0.9956 -0.54751 -0.46483 -0.04991 -0.50256 -0.80862
3.13 -1.8836 0.87419 1.9905 -2.6623 -1.6394 -0.77088 -1.2471 -0.55527 -0.69033 0.63538 -0.89162 -0.56468
3.1505 -2.3257 0.81445 1.8291 -2.6863 -1.974 -1.0122 -1.544 -0.76354 -0.93877 0.10076 -0.73616 -0.72504
2.4377 -2.664 1.6225 1.2177 -1.8955 -2.2501 -0.99033 -1.7044 -0.73071 -0.86821 0.10455 -0.9093 -0.91432
0.37284 -1.9665 2.6475 1.1426 -1.1154 -1.6798 -0.33374 -0.78531 -0.48056 -0.49523 -0.10945 -0.32569 -0.55755
-0.75391 -0.9891 2.6601 0.80107 -0.3202 -1.0608 -0.81911 -1.833 0.68618 -0.44636 -0.072996 -0.19264 -0.097856
-2.3804 -2.2652 1.4031 0.46641 -0.38617 -0.70139 -0.86435 -1.7064 0.56363 0.017832 0.40867 0.43609 0.23021
-2.716 -2.6646 1.4797 0.83879 0.29451 -0.2257 -1.0328 -2.0048 -0.088034 0.083295 1.1218 1.0909 -0.34259
-3.5172 -2.6828 1.1531 0.57342 0.0098963 -0.29868 -0.65073 -1.4405 -0.1257 0.11458 1.0742 0.91287 -0.034552
-2.6091 -2.7006 1.2364 0.48104 -0.21105 -0.47337 -0.5464 -1.442 -0.12141 0.22854 1.328 0.78436 0.070855
-3.0075 -2.5551 1.1841 0.33658 -0.65576 -0.43444 0.0641 -0.94649 -0.14367 0.06463 1.3595 0.55926 0.14961
-3.8461 -2.5842 1.0518 0.64078 0.37114 0.16944 0.1104 -0.34504 0.28573 0.19905 0.29992 0.047693 -0.2982
-3.7349 -2.525 0.96376 0.56674 0.31061 0.28461 0.37656 -0.0021081 0.55407 0.081607 -0.078027 -0.20949 -0.28261
-4.3933 -2.3724 1.1929 0.82716 0.69718 0.266 -0.46278 -0.88802 0.33389 0.13391 0.081367 0.52722 -0.30971
-5.091 -2.3656 0.93981 0.42261 0.28763 0.24041 0.447 -0.0018541 0.27828 0.37396 0.83473 0.4228 0.16726
-5.5957 -2.6469 1.0352 0.70665 0.9152 0.18757 -0.37659 -0.76507 -0.088299 0.77674 1.6767 1.2817 -0.14218
-4.4493 -2.8405 1.1182 0.45244 0.49314 -0.10314 -0.56173 -1.0914 -0.44357 0.65211 1.9264 1.3141 -0.37489
-5.5591 -2.361 0.96119 0.5768 0.79535 0.48268 0.26862 -0.020202 0.14999 0.2737 0.47175 0.54293 0.23899
-4.7357 -3.1747 0.6056 0.18204 0.017149 -0.098587 -0.35 -0.61347 -0.13188 0.45241 1.1954 1.0559 0.27504
1.8971 -6.5819 0.38195 0.14316 -0.26891 -1.3837 0.81339 0.16613 0.054671 0.10767 0.41002 0.7011 -0.35309
1.5629 -4.6719 0.65987 -0.85666 -0.68685 0.24289 1.226 0.82952 -0.19268 0.021064 0.51106 0.60146 -0.33817
2.2655 0.71492 -1.6564 -1.3874 -0.25707 -1.6109 -0.25643 -0.84294 0.064117 -0.96355 -1.5804 -0.28449 -0.49536
4.7166 -0.067223 -3.6609 -0.95145 -1.1578 -0.75109 -0.85514 -0.44121 0.93512 -0.90338 -0.76346 -0.58622 -0.40278
4.9013 -0.07993 -3.6173 -1.3558 -1.1588 -0.0037448 -0.80813 -0.32741 0.61901 -0.65252 -0.85034 -0.57781 -0.32313
4.9124 -0.082883 -3.8246 -2.0341 -1.3973 0.2386 -0.84613 -0.87706 0.34072 -0.48561 -1.1663 -0.94685 -0.49015
4.7506 0.27083 -3.3062 -2.5116 -1.4836 0.63345 -0.39456 -1.4116 0.49951 -0.21499 -1.2259 -0.99541 -0.44855
4.2594 0.2304 -2.9944 -2.8194 -1.4365 0.84083 -0.48845 -1.3699 0.70235 -0.59048 -1.1317 -0.58874 -0.62326
3.7783 0.24396 -2.1477 -3.5261 -1.3584 1.0673 -0.59614 -1.3004 0.22801 -0.31627 -0.90096 -0.79044 -0.61956
2.917 0.26102 -1.3818 -3.7277 -1.0099 0.96684 -0.83759 -1.7565 0.15123 0.36836 -1.4495 -0.72427 -0.60652
1.263 -0.27884 -0.6632 -2.7918 -0.53952 -0.45537 -0.18306 -1.0453 0.62911 -0.15356 -0.82179 -1.1561 -0.2305
-0.016898 -0.59193 -0.40335 -2.6136 -0.11402 -0.69116 -0.13879 -0.81061 0.064309 -0.42565 -0.23303 -0.38222 -0.44871
