-2.7024 -5.7031 1.4248 -0.063423 0.84949 0.42932 0.32095 0.25065 0.31898 0.34826 0.56157 0.43262 0.21203
-2.3113 -6.4993 1.4577 -0.23639 0.88018 -0.38345 0.72713 0.23956 0.59826 0.52001 0.50022 0.54171 0.042559
-1.4818 -8.1723 1.3852 0.10516 0.60269 0.70474 1.294 -0.11462 0.25402 -0.12241 0.80949 0.78717 0.49212
-1.7572 -8.2753 1.2789 0.060224 1.3301 1.0098 0.86014 0.44116 0.49022 0.45191 0.19487 0.55112 0.27063
-0.59561 -7.5515 1.1618 -0.23149 0.33008 0.25842 1.268 0.71852 0.84192 0.058716 0.30314 -0.15355 -0.11667
-0.88916 -6.1383 0.99388 -0.109 -0.089997 0.32402 0.034301 0.40752 0.71601 0.7221 0.87274 0.24146 -0.13426
1.1881 -2.0775 0.64623 0.0077263 -1.5663 -2.8063 -1.4616 -1.4519 -0.75143 -0.65755 0.55846 -0.13899 0.063287
2.9603 -3.2355 0.14037 0.03629 -1.8398 -2.8723 -1.212 0.076445 -0.49482 -0.62922 -0.036731 0.46847 -0.62357
3.7801 -4.59 -0.49722 0.61962 -2.2008 -2.1158 -0.4848 -0.22209 -1.2596 -0.79206 0.19872 0.24782 -0.56632
3.819 -5.2107 -0.92796 0.026694 -2.715 -2.6562 -0.71114 -1.1224 -1.7679 -0.57787 0.082716 0.34262 -0.53429
2.5918 -4.1845 -0.46668 0.23231 -1.5855 -2.2583 -1.0724 -1.8111 -2.0753 -0.88088 0.12445 -0.069032 -0.17428
0.55208 -3.2295 0.20622 0.62256 -1.4023 -1.5304 -0.62586 -1.295 -1.8069 -0.91448 0.52373 -0.48246 -0.13746
-0.97265 -2.84 0.68861 -0.25291 -0.80298 -0.78827 -0.50951 -1.4348 -0.1675 -0.6749 -0.061256 0.12678 0.14884
-3.4895 -2.6837 0.61482 0.042252 -0.2309 -0.37059 -0.13248 -0.52028 0.043787 0.09608 0.48296 0.22764 0.55027
-3.7084 -3.0058 0.3714 -0.33817 -0.50292 -0.53043 0.098764 -0.26981 -0.27294 0.23284 1.0208 0.19839 0.37552
-4.7588 -2.6621 0.42921 -0.20546 0.021171 -0.032248 0.53425 0.31013 -0.10512 0.17412 0.68325 0.078548 0.4376
-5.282 -2.5024 0.61589 -0.24163 -0.034572 0.13133 1.327 1.0763 0.17907 0.42239 1.0962 -0.14307 0.73937
-5.6877 -2.9125 0.33505 0.017452 0.31615 0.20434 0.32978 0.28368 0.34289 0.38882 0.45243 0.56178 0.78017
-6.6182 -2.2553 0.83958 0.44816 0.74573 0.57107 0.63968 0.52181 0.55318 0.53857 0.59697 0.54871 0.49643
-6.3899 -2.3657 0.74987 0.37103 0.68307 0.51173 0.58626 0.47425 0.52573 0.52474 0.59952 0.5258 0.45528
-6.3155 -2.4618 0.75506 -0.34838 -0.34952 -0.091301 1.4221 0.99841 -0.27904 0.34817 1.5964 0.10462 1.0841
-6.6343 -1.9569 1.2491 0.38584 0.63046 0.85696 2.0995 1.8319 0.88883 1.0415 1.6409 0.40615 1.3801
-6.2036 -2.287 0.81199 0.43357 0.74033 0.57958 0.66417 0.57765 0.60521 0.53177 0.534 0.51383 0.52492
-6.1981 -2.1833 0.96334 0.60429 0.94254 0.80494 0.90585 0.80505 0.83368 0.79423 0.81441 0.75581 0.75895
-6.2589 -1.803 1.2911 0.89244 1.1899 1.0172 1.0916 0.97713 0.98869 0.90669 0.89639 0.8208 0.79565
-6.1431 -2.4321 0.67115 0.29466 0.60938 0.45427 0.54677 0.45636 0.48845 0.41803 0.42626 0.38151 0.37641
-2.8478 -5.3148 0.77483 0.41523 0.2043 0.47348 0.32519 0.39475 0.37741 0.35047 0.35702 0.33501 0.32997
2.0986 -3.976 1.2141 0.20842 -0.88288 -0.96178 -0.24364 -0.14694 -0.10597 0.20063 0.57917 0.30314 0.47211
4.635 -2.685 -1.7182 -1.5746 -2.2688 -2.0656 -0.85998 1.1705 0.19129 -0.69401 0.64811 0.66375 0.13644
5.6283 -3.9329 -3.6652 -2.3823 -2.0576 -1.0724 -0.60768 1.3568 -0.86144 -1.248 -0.076416 0.65527 -0.12566
5.4393 -4.1076 -3.5115 -2.6626 -2.1117 -0.96076 -1.0804 0.89037 -1.3461 -1.0382 0.65556 0.95329 -0.14975
5.592 -4.3408 -3.8616 -2.5644 -2.0354 -0.99457 -1.1189 0.5047 -1.7969 -1.345 0.5636 0.7596 -0.23957
5.4818 -3.2102 -3.4178 -2.0208 -1.0721 -0.44479 -0.92641 0.61369 -1.5772 -1.3025 0.60812 0.47097 -0.3224
5.5705 -3.6652 -4.6163 -2.3214 -1.2401 -0.72594 -1.1768 0.23633 -1.6765 -0.82485 0.44705 0.74092 0.12263
5.5113 -3.4309 -5.0751 -2.2244 -1.1961 -0.82813 -1.2338 -0.31823 -1.4926 -1.0999 0.2832 0.33672 -0.064701
5.4036 -3.5445 -5.5107 -2.4444 -1.4578 -0.82536 -1.1746 -0.18017 -1.5218 -0.77963 0.31499 0.66619 0.17645
5.2324 -3.7581 -5.4235 -2.567 -1.4198 -1.0064 -0.84389 -0.59928 -1.3179 -0.94702 0.39235 0.6376 0.35564
4.9707 -2.6376 -4.4821 -1.9383 -1.0522 -0.66941 -0.5612 -0.48918 -1.3128 -1.0302 -0.040281 0.31112 -0.14011
4.5365 -3.2167 -4.8201 -2.8041 -1.0947 -0.83941 -0.65494 -0.60495 -0.86061 -0.69958 0.24592 0.72778 0.65296
3.9693 -2.1131 -3.719 -2.2916 -0.6313 -0.85597 -0.51599 -0.48049 -0.60936 -1.0857 0.089573 0.59511 0.53045
3.3415 -2.8237 -3.7573 -3.0287 -1.0129 -1.22 -0.74563 -0.78278 -0.65226 -1.257 0.31305 0.8631 0.50667
2.8642 -3.0893 -4.102 -3.1821 -0.43974 -1.0303 -0.86482 -0.64617 -0.42988 -1.206 0.76101 1.0903 0.71604
1.386 -3.5132 -2.159 -2.314 -0.68684 -1.344 -0.61377 -0.95261 -0.70035 -0.29537 0.4746 0.46521 0.75072
0.79389 -3.7017 -1.4354 -2.5116 -0.88662 -1.5006 -1.326 -1.3352 -0.46987 -0.87164 0.057142 0.87467 0.66334
0.19763 -4.284 -1.2139 -1.2247 0.058416 -0.6594 -1.1807 -1.0905 -1.0127 -0.4969 0.6043 1.251 1.1043
