-1.0984 -7.2158 0.72814 -0.60971 0.15401 -1.1615 0.28485 0.095442 0.31768 0.50675 0.43004 0.76202 1.0645
-1.2009 -3.6509 2.6692 0.39823 -0.40709 -1.4058 -0.57852 -0.76299 -0.64538 -0.10608 0.39308 0.59072 0.48301
4.5084 -5.8422 1.8717 -0.2964 -3.2084 -2.7457 -0.76452 -1.7945 -0.89303 0.29614 0.081868 0.80349 0.18462
6.7271 -8.3422 1.9396 -0.89632 -2.9227 -2.2552 -0.61202 -1.8396 -0.73307 0.23701 -0.57844 0.41667 -0.15876
7.1107 -8.3236 2.825 -0.47556 -2.3054 -1.514 0.03291 -1.3761 -0.36639 0.19604 -0.77968 -0.16038 -0.6764
7.1794 -8.9522 2.7869 -0.69672 -3.0067 -1.7504 -0.34536 -2.077 -0.438 -0.21966 -0.80684 -0.37739 -0.86709
6.9389 -8.2727 2.9236 -0.22029 -2.4721 -1.7516 -0.7131 -1.8942 -0.14971 -0.082476 -0.40547 0.014347 -0.82668
6.2975 -7.8366 3.2977 0.13708 -2.6336 -1.6225 -0.6893 -1.6485 -0.045551 -0.018857 -0.65164 -0.091929 -0.42825
4.6341 -7.2595 2.5923 0.0224 -2.6963 -2.381 -1.4983 -1.882 -0.43503 -0.57901 -0.71562 -0.040836 -0.5546
1.4732 -4.6754 1.9824 -0.21363 -1.1048 -0.85755 -0.5463 -1.6049 -0.023673 -0.3798 -0.73127 -0.15838 -0.94073
1.0411 -4.7789 1.5739 -0.56355 -0.73158 -0.87232 -0.7441 -1.5284 0.07807 -0.25517 -0.19417 0.035621 -0.36694
0.6205 -5.3469 1.2376 -0.55082 -0.64308 -1.1627 -0.40459 -1.368 -0.16437 -0.43257 -0.1283 0.16185 -0.4396
-0.11081 -5.758 1.6851 -0.47044 -0.20294 -0.52214 0.27349 -0.18136 -0.28035 -0.12589 -0.078058 -0.32878 -0.11316
-0.088142 -5.5352 1.3269 -0.64637 -0.49815 -0.73141 -0.85008 -1.1179 -0.10804 0.15992 0.815 0.79348 0.21159
-0.34464 -5.9483 1.1978 -0.039524 0.29151 -0.76218 -0.85305 -1.4975 0.12754 0.43409 0.5452 1.322 -0.10109
-2.6016 -4.9956 1.2214 -0.87491 -0.56473 -0.54532 -0.011717 -0.60751 -0.14725 -0.1677 0.27659 0.41364 0.058884
-1.6131 -5.4716 1.6651 -0.34226 0.22951 -0.50509 0.3133 -0.5403 -0.089471 0.43292 0.51114 1.1902 -0.0045505
-3.5073 -5.4731 1.3384 0.48759 0.11364 -0.076926 0.29097 -0.74594 0.14815 0.66587 0.88059 0.92517 0.076227
-4.0232 -4.1762 1.037 -0.096187 0.074601 -0.45654 0.184 -0.94664 -0.22986 0.39691 1.3998 1.4144 0.16403
-3.5705 -3.142 0.58456 -0.38639 -0.68102 -0.47203 0.19708 -0.43229 -0.99562 0.13938 1.3236 0.57603 -0.18277
-4.1647 -2.7842 0.67675 0.12454 0.26294 -0.041186 -0.11791 -0.53398 -0.40904 0.16601 0.9545 0.70753 0.012347
-3.1607 -3.2965 0.50334 -0.44464 -0.34214 -0.52735 -0.14404 -0.49003 -0.74061 0.25374 1.4999 0.91796 0.096682
-6.2437 -2.596 0.94099 0.71756 1.0855 0.47706 -0.35118 -0.534 0.38345 0.52021 0.73291 1.2497 0.15494
-6.6506 -2.2243 1.216 0.69038 0.85636 0.40846 0.21596 -0.14279 0.20207 0.86444 1.6253 1.1396 0.10966
-5.6096 -2.4175 0.71215 0.27863 0.5446 0.28372 0.27196 0.098723 0.23325 0.42369 0.70313 0.56616 0.27348
-6.2915 -2.0076 1.1292 0.71091 0.98804 0.72444 0.70087 0.51336 0.61621 0.73192 0.954 0.80354 0.50722
-5.6195 -2.5016 0.76307 -0.31148 -0.37005 -0.20882 0.94076 0.4089 -0.53809 0.31295 1.6506 0.22821 0.42714
-6.3157 -2.3065 0.78805 0.25827 0.54938 0.54023 1.0289 0.8788 0.54105 0.51945 0.7036 0.28002 0.67719
-5.16 -2.6007 0.80577 0.23245 0.63121 0.42369 0.53413 0.42472 0.46538 0.37936 0.39115 0.33652 0.33842
-0.1308 -6.359 0.27986 -1.0322 1.2315 -0.081825 0.34552 0.51482 0.70026 0.66395 0.9279 -0.60836 -0.29889
4.3623 -4.9452 -0.21348 -2.9479 -1.8231 -2.7208 -0.22425 0.96115 0.41607 0.33576 0.69778 0.60953 -0.53783
6.8181 -6.0768 -0.61883 -2.9954 -1.7 -1.7275 0.10099 1.3519 -0.20684 -0.98516 -0.65947 0.1889 -0.61381
7.2348 -6.2557 -1.1454 -2.2904 -0.74485 -0.78376 -0.10371 1.3419 -0.63124 -0.8641 -0.58945 0.70406 -0.72477
7.2004 -7.6184 -2.618 -3.0976 -0.47044 -0.63752 -0.45701 1.1741 -1.1662 -0.56603 -0.50167 0.94833 -0.1297
7.1316 -7.2642 -2.6974 -3.194 0.13595 -0.73882 -0.9258 0.70911 -1.6271 -0.56808 -0.56273 0.83957 0.10162
7.0323 -7.0172 -3.4202 -2.9722 0.51139 -0.5525 -1.4437 0.68351 -1.3368 -0.23624 -0.61244 0.91377 0.30244
6.138 -6.5156 -3.9267 -2.8648 -0.11024 -0.32129 -1.2507 0.2465 -1.2875 0.30534 -0.39764 1.7669 0.98803
5.7122 -5.3656 -4.4764 -3.1301 -0.60331 -0.21252 -1.0326 -0.02628 -0.5929 0.17336 -0.37792 1.3676 1.1123
5.7892 -5.5482 -5.2095 -4.636 -0.48296 -0.89231 -1.6596 0.22083 0.0085766 0.56248 -0.4075 2.0896 2.4946
5.5491 -4.7782 -3.9406 -4.6754 0.54568 -0.045104 -1.773 0.60401 0.40928 0.50906 -0.38692 2.3707 2.1885
4.3866 -4.261 -4.0008 -4.5283 0.33999 -0.1243 -1.774 -0.20018 -0.30716 0.069144 0.4899 2.0983 1.2838
3.3123 -4.1172 -3.6463 -4.0643 -0.088096 -0.94849 -0.88918 0.43899 0.099966 0.42771 0.90127 1.724 1.4379
1.9906 -3.9645 -2.9837 -3.7009 -0.34812 -1.1309 -0.27158 0.32337 0.2826 0.3899 0.67583 1.7148 1.7523
1.3306 -4.3638 -2.1744 -3.0997 -0.58607 -1.0053 -0.56465 -0.29442 0.079668 0.40918 0.8461 1.423 1.194
0.84062 -5.0038 -2.0882 -3.2693 -0.80814 -1.0262 -0.041382 0.032914 -0.42127 0.51236 1.2708 1.3843 0.80761
0.16749 -4.4331 -2.1988 -2.9329 0.68937 -0.19898 -0.33557 0.5199 -0.1398 0.46333 0.31527 0.9595 0.11389
-0.16897 -4.6195 -2.1738 -2.8333 -0.035428 -0.18508 0.18376 1.1171 0.47865 -0.076744 0.1791 1.2328 0.45223
