-2.5869 -5.9043 2.2166 -0.41581 1.193 0.29025 0.88022 0.022161 0.98149 0.52552 0.31074 0.39759 0.17086
-1.1467 -7.7352 1.8039 -0.94343 1.4274 0.011394 1.0408 0.94105 0.99108 0.35664 0.54485 0.48748 0.15639
-0.80252 -7.9807 1.5346 -0.55483 1.9069 0.32164 0.63645 0.37006 0.22491 0.22606 0.63944 1.0047 0.83506
0.43509 -8.5285 0.87709 -1.6605 1.5937 0.17654 0.95572 0.88221 0.87907 0.8495 0.56814 -0.16787 0.022389
0.56561 -9.4177 0.91216 -2.6902 1.3144 0.5685 0.74744 0.31205 0.5875 1.0103 0.83012 0.74201 1.0426
1.2202 -9.7575 0.99481 -1.4578 1.0509 -0.36974 0.27997 0.62678 0.61346 0.74505 1.059 0.50889 1.006
2.1601 -9.7064 0.77686 -2.5686 0.81874 -0.25383 0.76298 1.1085 0.18689 0.24224 0.76457 0.51597 0.36315
3.4345 -10.136 0.54629 -2.5035 1.3256 -0.45038 0.41323 0.92978 0.6473 0.1505 0.51381 0.66216 0.65745
3.7158 -10.554 1.1974 -1.9267 1.1328 -0.51127 0.33335 0.97695 0.30834 0.067081 0.59214 0.74193 0.54405
3.5152 -10.696 0.78123 -1.7127 0.43296 -0.68666 -0.06459 0.81172 0.7901 0.32762 0.67309 0.39217 -0.44469
2.2257 -9.59 0.8534 -0.68467 0.62292 -0.7373 0.86262 1.7151 0.35821 0.32688 0.73893 0.40567 -0.72673
1.0222 -6.1158 2.8344 0.064002 0.29255 -0.62749 0.040123 -0.50258 -0.40503 -0.13287 -0.13052 0.2005 -0.71667
1.5315 -1.4953 2.0698 0.95706 -1.2652 -1.8838 -0.49576 -0.77237 -0.93715 -0.34282 -0.09647 -0.5811 -0.90516
3.048 -1.7067 1.2017 1.6502 -2.4488 -2.1167 -0.69283 -1.3657 -0.83099 -0.41721 0.47166 -0.56119 -0.74709
2.8099 -1.8623 1.3892 2.2927 -2.2784 -2.1969 -0.53452 -1.4578 -0.60687 -0.92176 0.40772 -0.48314 -0.62427
1.5566 -1.7824 1.7225 1.7243 -1.1696 -2.1445 -0.66978 -1.5557 -0.79629 -0.38883 0.25614 -0.67066 -0.86064
-0.31118 -1.327 2.0038 0.91017 -0.3025 -0.72748 -0.32091 -1.8373 0.41478 -0.42143 -0.056206 -0.073758 -0.4396
-1.7006 -1.7032 2.0695 0.74209 -0.60693 -0.70856 -0.35925 -1.6317 -0.024039 -0.39171 0.90417 0.37583 -0.24911
-4.1208 -2.7789 0.71126 0.14008 0.25438 -0.048902 -0.20486 -0.60626 -0.18291 0.41506 1.2448 0.92114 0.047049
-3.9946 -2.6915 1.0506 0.63144 0.82937 0.18701 -0.65977 -1.1201 -0.20024 0.34594 0.99458 1.0441 -0.57989
-4.0237 -2.3971 1.1251 0.58631 0.073379 0.050129 0.032114 -0.7091 0.017294 0.06755 0.73497 0.40455 -0.35039
-3.12 -2.8811 0.67327 0.25479 0.41148 -0.31848 -0.8805 -1.0496 0.052705 0.41266 0.66025 0.66636 -0.16145
-3.8 -2.6302 0.85137 0.42176 0.1924 -0.13766 -0.18442 -0.62543 0.22795 0.53128 1.1263 0.66939 0.078615
-3.531 -2.4499 1.0005 0.6568 0.54308 0.30805 -0.12413 -0.56944 0.26962 0.073785 0.087043 0.29386 -0.55626
-3.6823 -2.5238 0.91895 0.57026 0.69376 0.44046 -0.0011706 -0.4067 0.022494 -0.098268 -0.1629 0.17679 -0.50079
-4.6092 -2.7988 0.66466 0.35351 0.64165 0.49537 0.56543 0.31773 0.32353 0.22042 0.18071 -0.2078 -0.56289
-6.4584 -2.2981 0.8861 -0.040138 0.087859 0.20486 1.4349 1.0897 0.18259 0.70012 1.6412 0.098191 0.60653
-6.6405 -2.1519 0.99991 0.68192 1.0029 0.72716 0.54614 0.40557 0.66363 0.71163 0.76596 0.87864 0.50358
-6.147 -2.2885 0.99686 0.64784 0.9245 0.46526 0.057795 -0.17467 0.30398 0.59896 0.93835 0.99184 0.19995
-4.5548 -2.4828 0.69929 0.2804 0.5265 0.2465 0.22642 0.016149 0.15064 0.34427 0.61517 0.35807 -0.076305
-5.0135 -3.454 0.81208 0.46905 0.58084 0.33657 0.14029 -0.17392 -0.075289 0.60194 1.1437 1.0348 0.47501
0.79517 -6.1445 -0.69089 0.33542 0.31277 -0.95827 -0.55691 0.5474 -0.28028 0.49595 0.4401 -0.38761 0.25778
2.1948 -5.1698 0.084735 0.04701 0.68738 -0.26239 -0.45556 0.73362 -0.072563 0.025009 0.66681 -0.11996 -0.13776
3.7936 0.4669 -1.9212 -0.8548 -1.0035 -0.96303 -0.84736 -0.2903 1.2772 -1.0345 -0.5017 -0.41145 -0.51105
5.1551 -0.26821 -3.4383 -1.203 -1.4534 -0.17861 -0.96439 -0.29572 0.84927 -0.60541 -0.87309 -0.53515 -0.46291
5.2205 -0.18811 -3.5568 -1.5086 -1.3758 -0.016751 -0.19897 -1.1604 0.82806 -0.4053 -0.97373 -0.66429 -0.40502
5.4209 -0.36232 -3.5736 -2.2482 -2.144 0.68012 -0.40052 -1.6305 0.43859 -0.52814 -1.1079 -1.079 -0.80898
5.225 -0.27208 -2.8783 -2.7335 -1.858 1.0795 -0.46329 -1.1936 0.43361 -0.5723 -0.82429 -0.88775 -0.81762
5.2054 -0.27199 -2.8472 -3.1498 -1.986 1.3627 -0.78782 -1.0798 0.22841 -0.50808 -0.7105 -0.962 -0.93424
5.1187 -0.054356 -2.476 -3.5646 -2.0175 1.4882 -0.51931 -1.358 0.021483 -0.34025 -0.4321 -1.0331 -1.1176
4.4824 -0.11442 -1.6954 -3.7406 -1.948 1.5361 -0.27615 -1.311 -0.014534 -0.11475 -0.24521 -0.85362 -1.2064
3.074 0.0064951 -1.0179 -3.7085 -1.0775 0.58496 -0.35504 -1.2457 0.58207 -0.27006 -0.35284 -0.94391 -0.78351
1.7787 -0.49747 -0.26886 -3.2279 -1.1644 -0.39231 0.53358 -0.72995 0.19164 -0.12733 -0.28117 -1.2389 -0.53314
0.010075 -1.8095 -0.50124 -2.6524 -0.10694 -0.50634 0.12984 -0.39693 -0.012049 0.16117 -0.044006 -0.67967 -0.70653
