-1.3122 -5.2509 0.70876 1.3797 -0.34516 0.73192 1.7118 0.77819 0.97141 0.10296 -0.23729 -0.0027296 0.86372
-0.64263 -4.8572 0.3107 0.57826 0.029235 0.21575 0.62903 0.60201 0.90942 0.76946 0.53414 0.12589 0.62037
-0.064433 -6.1789 -0.40132 0.26145 0.14379 0.49053 0.55777 0.2339 0.013807 0.30697 0.50815 0.74414 0.89365
-0.54845 -7.0826 -0.51715 -0.67825 -0.04752 0.46185 0.96127 0.42223 0.10729 0.63795 0.63142 0.80329 0.76577
-0.077609 -7.356 -0.17213 -0.35717 -0.074336 0.17172 0.65181 0.69744 0.50727 0.59432 0.28896 0.074601 0.1782
0.46518 -8.8014 -1.1314 -0.40947 -0.51578 0.87505 0.84251 0.74016 0.18713 0.91727 0.62947 -0.18488 0.25341
0.7929 -8.9236 -0.078181 -0.0819 0.46506 0.62351 0.71845 0.60167 0.16692 0.28966 0.24748 -0.078363 0.29854
0.68442 -8.3284 -1.0176 -0.76036 -0.14505 0.42156 0.7531 0.42469 -0.16339 1.2012 0.19565 0.44639 0.75966
-0.47838 -7.4025 -1.4513 -0.66461 -0.45184 0.66809 0.8369 0.20684 0.3298 1.0171 0.27246 0.016063 0.673
0.033841 -8.1586 -0.89676 -0.2945 0.10678 0.40762 1.6239 0.39279 0.42602 0.62343 0.16606 0.85853 0.66649
-0.57381 -7.0936 0.11629 -0.64524 0.30524 -0.045477 0.79381 -0.13232 0.27943 0.71699 0.34655 0.30352 0.24036
-0.34919 -7.3795 0.53308 0.94762 0.023008 -0.46098 0.68282 0.11728 -0.14695 0.47617 0.47842 0.77829 0.60607
-1.2119 -6.0899 1.2185 0.085126 0.14768 0.30279 0.6482 -0.038798 0.07232 0.57145 0.30038 0.030178 -0.058684
0.14677 -3.6928 1.7278 -0.59103 -1.2988 -1.3247 -0.93965 -1.6122 -0.67898 -0.85721 -0.61573 -0.076621 0.098375
1.9054 -4.5462 1.9749 -0.35491 -1.8966 -1.9099 -1.2545 -1.1311 -1.0625 0.046141 -0.37443 -0.90258 -0.25139
2.7033 -5.1921 1.8166 -0.5814 -1.9779 -0.85979 -1.0676 -1.4098 -0.92176 -0.23263 -0.55539 -0.40382 -0.062533
3.7038 -6.7495 1.4625 -0.34469 -2.6428 -1.1506 -1.1578 -1.4558 -1.5862 -0.052631 -1.1061 -0.45591 -0.27544
3.4319 -6.481 1.4371 -0.21215 -2.6664 -1.2128 -1.2266 -1.4668 -1.4757 0.081275 -0.84581 -0.26958 -0.032137
1.2868 -4.6763 1.3847 0.15301 -1.4372 -0.70847 -0.78597 -1.5862 -1.1633 -0.06879 -0.47921 -0.27849 -0.024276
-1.1929 -2.6882 1.0222 0.49318 -0.50148 -0.34924 -0.28713 -1.1027 0.4153 -0.36581 -0.3582 -0.31067 -0.23042
-2.8079 -2.7942 0.60698 0.17668 0.048759 -0.12957 -0.17192 -0.6731 -0.23484 -0.10076 0.47543 0.35779 0.017472
-4.2261 -2.709 0.52202 -0.052974 0.12597 -0.023357 0.23062 -0.10842 -0.27796 0.14597 0.82133 0.38862 0.20589
-5.6177 -2.2896 0.89815 0.23515 0.37988 0.20587 0.51844 0.17493 -0.017183 0.4671 1.1766 0.54936 0.2913
-5.4602 -2.6401 0.48306 -0.51884 -0.36491 -0.12385 1.3354 1.0146 -0.11815 0.28502 1.2356 -0.23223 0.8712
-6.3437 -2.3478 0.86993 0.36355 0.58879 0.30535 0.39534 0.11458 0.14462 0.50504 1.0672 0.62354 0.19944
-6.2047 -2.285 0.78627 0.15981 0.38296 0.34897 0.93603 0.74794 0.36224 0.49897 0.88972 0.24822 0.53966
-5.257 -2.5274 0.63129 0.059247 0.26538 0.15706 0.55868 0.29741 0.028809 0.34289 0.8679 0.34086 0.40932
-5.8089 -2.3201 0.8826 0.44526 0.6799 0.38328 0.28104 0.0065194 0.12924 0.337 0.67724 0.56451 0.19764
-6.1137 -2.1229 1.1088 0.69284 0.92149 0.57334 0.43183 0.18057 0.4164 0.69111 0.99763 0.72846 0.085798
-5.5329 -2.5228 0.72985 0.47744 0.85408 0.63488 0.48979 0.3148 0.49471 0.34441 0.21945 0.1649 -0.19923
-5.6987 -2.2584 0.94848 0.51861 0.7866 0.50346 0.46853 0.27876 0.47541 0.79965 1.1929 1.0102 0.60575
-5.7638 -2.3928 0.71318 0.33792 0.65427 0.50118 0.59489 0.50221 0.53379 0.46964 0.48175 0.43187 0.42648
-5.9655 -2.402 0.69283 0.30764 0.61491 0.45395 0.54162 0.44746 0.47658 0.40585 0.4115 0.36183 0.35608
-5.4499 -2.5485 0.59353 0.2325 0.54294 0.40466 0.50339 0.41976 0.46236 0.47665 0.54443 0.57745 0.6562
-0.099103 -6.1441 -0.36792 0.71948 -0.56706 1.5233 -0.60013 -0.45822 0.057733 0.63159 -0.24339 0.38201 0.55014
2.2793 -2.6237 -0.43502 -1.1477 -1.8366 -0.24843 -0.20105 0.091768 0.088101 -0.13935 0.021102 -0.11955 0.072632
4.4855 -2.3719 -2.551 -2.2751 -1.5926 -0.91987 -0.20018 0.24886 0.25731 -1.3837 -0.19783 0.03302 -0.92991
4.949 -2.6272 -3.4342 -2.8215 -0.90116 -0.33643 -0.31648 -0.052824 -0.28938 -1.4349 -0.36706 0.6487 -1.0059
4.8453 -2.8601 -3.7857 -2.7161 -0.36613 -0.15636 -0.69218 -0.5547 -0.32767 -1.2042 -0.45952 0.41149 -0.80371
4.6605 -2.4146 -3.884 -2.7214 -0.26663 -0.045585 -0.7991 -0.4674 -0.16396 -0.91244 -0.4992 0.45195 -0.85016
4.4611 -2.2243 -3.4558 -2.9017 0.16701 0.14252 -0.69262 -0.59354 -0.17118 -0.65162 -0.72876 0.66559 -0.87666
3.8461 -2.1654 -3.1128 -2.4914 -0.20789 0.055597 -0.67855 -0.63545 -0.22719 -0.7952 -0.6628 0.5814 -0.99013
3.6238 -2.1639 -2.7153 -2.8238 -0.38035 -0.072511 -0.49124 -0.50876 -0.25101 -1.1329 -0.26007 0.30606 -1.1071
3.3572 -2.2106 -2.6543 -3.2542 -0.46534 -0.44906 -0.53004 -0.54208 -0.77645 -1.259 -0.20782 -0.072813 -1.2034
3.162 -2.4238 -2.4284 -2.3853 -0.80329 -0.19554 -0.29803 -0.62601 -0.33953 -1.176 -0.085036 -0.17962 -0.69363
2.9347 -2.4223 -1.7086 -2.3766 -0.96543 0.12217 -0.26725 -0.35787 -0.36356 -1.3178 0.026444 -0.017918 -0.78381
2.4184 -2.1536 -1.3749 -2.2955 -0.77189 -0.36061 0.069337 -0.47286 -0.60337 -1.083 -0.019056 -0.19408 -0.63628
1.9196 -2.0341 -0.56017 -1.9663 -0.9198 -0.17397 -0.12522 -0.40688 -0.37371 -1.4997 0.40211 -0.37415 -0.63385
1.4689 -1.8076 -0.18099 -1.803 -0.8122 -0.42842 -0.18039 -0.22185 -0.29758 -1.2724 -0.18707 -0.27076 -0.20237
0.75563 -1.9875 0.30387 -0.60874 -0.96412 -0.73487 -0.0020226 -0.75643 -0.48185 -0.87472 0.034546 -0.56647 -0.3727
0.38735 -2.3127 0.74717 -0.49024 -0.58085 -0.57752 0.22355 -1.0984 -0.6449 -1.1765 -0.040548 -0.49559 -0.3142
0.084003 -2.1392 0.89478 -0.65999 -0.84347 -0.32681 0.4238 -0.61633 -0.49698 -0.98662 -0.34305 -0.53748 -0.24567
-0.38825 -2.0581 1.2402 0.23179 0.19044 0.13722 0.40044 0.033339 -0.10233 -0.22584 -0.059306 0.24399 -0.19323
