-2.0415 -2.6636 0.97943 -0.28545 -0.80497 -1.2305 -0.35459 -0.55314 0.047736 0.10319 0.71942 0.18648 0.51255
-1.3932 -6.6999 1.6304 0.25819 0.1235 -0.05682 0.5739 -0.12596 0.56241 0.15627 -0.085817 -0.36394 -0.069243
0.18096 -7.9525 0.70765 -0.50251 1.2434 0.38594 0.73095 0.88779 0.75158 -0.03247 0.0023576 0.13297 0.35572
-0.2582 -8.2536 0.47099 0.24148 1.1364 0.13833 0.72102 0.60854 0.36783 0.5803 0.092752 0.48113 0.33565
-0.28434 -7.9937 0.4798 -0.29839 0.53131 0.73818 0.87896 0.41264 0.51112 0.63581 0.16739 0.18076 0.27218
-0.72524 -7.4265 0.11269 -0.41421 0.31355 -0.098172 -0.38319 -0.056922 0.5859 0.6684 1.1728 0.49448 0.81817
-0.39132 -8.0754 -0.25104 -0.50238 -0.46908 0.14069 0.50053 0.71106 1.3068 1.0353 0.37014 0.97637 0.11831
-0.041336 -7.0673 0.55217 -0.13827 0.83923 -0.1148 -0.32438 0.23083 0.46895 0.62031 0.91252 0.37661 0.30312
1.4644 -8.3006 0.729 -0.36037 0.16012 -0.45611 0.40804 0.6004 -0.066124 -0.11278 -0.1358 -0.10794 0.56969
2.9983 -8.2251 0.87982 -0.76061 0.17886 -0.029729 0.36154 0.57393 0.23569 1.2242 0.63139 0.63134 0.36159
1.9874 -7.2603 0.42298 -0.50262 0.18997 -0.59407 0.51903 0.06701 0.051072 1.0227 -0.19301 -0.42347 -0.10494
1.3852 -2.2722 2.1043 0.0043346 -1.2411 -1.5521 -0.1833 -0.62574 -0.83363 -0.48989 0.16175 -0.43762 0.14665
3.6956 -2.6326 0.75544 -0.60108 -2.6012 -2.3601 -0.29399 -0.49569 -0.71257 -0.22411 -0.1292 -0.55364 -1.1367
4.2792 -3.0646 0.65517 -0.80497 -2.9502 -2.6317 -0.48143 -1.057 -0.88805 0.12476 0.024048 -0.67406 -1.2942
4.1403 -2.8581 1.1891 -0.83773 -2.6452 -2.5282 -0.82626 -1.0599 -0.67888 0.21983 0.11741 -0.79395 -1.119
3.7752 -3.0316 0.91444 -0.81974 -2.5998 -2.5794 -1.533 -1.3302 -0.59676 0.062357 -0.15085 -0.88776 -1.2595
2.5371 -2.7404 1.4688 -1.0386 -1.9413 -2.601 -1.662 -1.0344 -0.60486 -0.23081 -0.19837 -0.83007 -1.0117
-0.056132 -2.788 2.0879 -0.13292 -0.73969 -1.4982 -0.71739 -0.90688 -0.37419 -0.010869 0.056025 -0.12974 -0.89408
-1.1129 -2.5108 1.0632 -0.34543 -0.91913 -1.3896 -0.35529 -1.0081 0.52849 0.49149 0.85153 -0.64504 0.53449
-1.437 -3.0868 0.23482 -1.2103 -0.88697 -1.418 -0.13688 -0.36564 0.44168 0.80212 1.0104 -0.62412 0.91807
-1.694 -2.8259 0.66287 -0.70646 -0.89555 -1.2749 0.23767 0.21379 0.84015 0.44518 0.37211 -0.97611 0.59022
-2.4945 -3.3069 0.21991 -0.91675 -1.0449 -1.2405 0.68665 0.82548 0.34725 0.45631 0.97978 -0.68617 1.1977
-4.4785 -2.8999 0.29918 -0.4803 -0.23397 -0.38639 0.5378 0.38465 0.051982 0.50485 1.0615 -0.22754 0.42558
-5.8545 -2.4408 0.9522 0.12626 0.11131 0.04355 0.5339 0.029383 -0.25764 0.55934 1.6855 0.78428 0.29201
-5.2942 -2.4882 0.84017 0.38248 0.59412 0.093313 0.13609 -0.061717 0.21329 0.61698 1.0331 0.44863 0.10362
-3.9452 -2.7188 0.67998 -0.39007 -0.7962 -0.49665 0.89943 0.18593 -0.40974 0.35365 1.882 0.11158 0.46981
-4.2035 -2.7939 0.60016 -0.24139 -0.51937 -0.55184 0.27719 -0.27492 -0.36582 0.32974 1.6203 0.38432 0.46038
-5.2031 -2.6849 0.56874 0.19318 0.48843 0.20907 0.31898 0.10898 0.16883 0.44377 0.84265 0.36355 -0.0060171
-5.0694 -2.8902 0.33041 -0.55199 -0.37996 -0.12458 1.1308 0.69951 -0.40464 -0.13102 0.699 -0.63998 0.3312
-5.6955 -2.53 0.59598 0.19109 0.48075 0.29542 0.38299 0.26465 0.32829 0.42284 0.59401 0.51161 0.45341
-5.628 -2.4489 0.70624 0.31531 0.60683 0.39861 0.52665 0.42443 0.50991 0.59717 0.74534 0.43426 0.18906
-5.213 -2.5882 0.73271 0.0053622 0.15209 0.13736 1.2253 1.0394 0.38211 0.69878 1.4618 0.17041 0.37853
2.193 -6.1493 -0.84036 -0.80858 -0.026186 -0.77264 -0.43723 0.055026 0.23174 0.05649 0.2116 0.48115 0.18854
1.8155 -2.6119 0.43702 -1.358 -0.6915 -1.4964 -0.37239 -0.18642 -0.44743 -0.20208 -0.034728 -0.00081126 -0.088111
4.0546 -2.8421 -1.0925 -2.1097 -2.0061 -1.3661 -0.91564 0.50359 -0.024783 -1.1324 -0.10851 0.20023 -0.99948
4.3657 -4.162 -1.0645 -2.1263 -1.6198 -0.7672 -0.9559 0.68119 -0.87021 -1.1589 -0.30287 0.60624 -0.94282
4.266 -3.9304 -2.2609 -1.963 -1.6368 -0.59954 -0.82732 0.056065 -0.45553 -2.0638 -0.33013 0.35023 -0.66173
4.2274 -3.6051 -2.9485 -2.2781 -2.0274 -0.68658 -1.571 -0.30119 -0.42084 -2.3019 -0.21392 0.28122 -0.60597
4.0661 -3.2389 -3.1241 -2.0474 -1.4211 -0.55059 -1.6489 0.13876 -0.50427 -2.1356 -0.63879 0.42727 -0.52836
3.6875 -3.1352 -2.8773 -1.6458 -1.0155 -0.37052 -1.1415 -0.034498 -0.28275 -1.6448 -0.43133 0.71609 -0.33045
3.3175 -3.1182 -3.0104 -1.5995 -1.4214 -0.84777 -1.2093 -0.62761 -0.10693 -1.7347 -0.36321 0.6365 -0.14254
3.0209 -3.3931 -2.9416 -1.9436 -1.5258 -1.1717 -1.545 -0.79825 -0.5451 -1.7915 -0.54802 0.48739 -0.46501
2.7958 -3.7585 -2.9046 -1.9869 -1.5319 -1.1253 -1.5434 -0.96111 -0.37601 -1.7915 -0.17816 0.46714 -0.24597
2.5217 -3.3866 -2.8636 -1.9928 -1.0964 -0.6455 -0.97805 -0.77847 0.077542 -1.3443 -0.10456 0.47157 0.41129
2.6658 -3.7269 -3.0501 -2.5569 -0.97636 -0.83955 -1.4993 -0.60032 -0.50323 -1.3334 -0.3357 0.20135 0.13909
2.43 -2.9716 -3.0302 -2.3117 -0.83616 -0.35693 -1.2821 -0.22466 0.12832 -1.1663 -0.40641 0.56217 0.37098
2.2353 -2.9195 -2.9292 -2.6638 -0.67254 -0.9775 -1.0604 0.059303 0.22999 -1.0302 -0.19813 0.90482 0.58873
1.8264 -3.093 -2.8396 -2.4014 -0.66661 -0.901 -0.84835 0.052864 0.26948 -0.9515 -0.19017 0.8124 0.53344
0.71534 -1.9212 -1.543 -3.1379 -1.0659 -0.91561 -0.21318 -0.85694 0.17071 -0.7389 -0.42372 0.54981 0.51023
