-0.69977 -2.4297 1.2174 0.75209 0.79224 0.21923 -0.1135 -0.37268 1.1482 0.56142 -0.049562 0.49182 -0.017566
0.82758 -2.5952 1.694 0.39595 1.4315 0.68844 0.45446 -0.27199 -0.22146 -0.12907 -0.36911 0.006424 0.023802
1.001 -4.3385 1.2984 -0.34775 1.0487 0.13315 -0.23292 -0.046252 0.11855 0.39246 0.4669 -0.30108 -0.38065
1.8656 -5.222 1.7654 -0.25462 0.70726 -0.16147 0.24902 -0.11549 -0.2808 0.35865 0.42096 0.44058 -0.15215
0.81922 -5.2069 1.2577 -0.10214 0.55516 0.0046242 0.20711 -0.23201 -0.45292 0.13058 0.25979 0.13472 -0.30865
0.5711 -4.6204 1.3099 0.063434 0.58889 0.45683 1.0247 0.67347 0.51356 -0.054311 -0.45307 -0.49685 -0.29003
0.53346 -5.7798 1.6057 -0.092429 1.0444 0.26764 0.40627 0.94531 0.42005 0.088598 -0.3359 0.45659 0.82664
-0.71013 -6.3222 0.74005 -0.70825 0.56662 0.10476 0.13857 -0.050602 -0.075845 -0.038258 0.0093159 0.16391 0.35403
0.69141 -8.0753 1.1105 -0.13961 1.1196 -0.4304 -0.086415 -0.10163 -0.099985 0.58508 0.41168 -0.52761 0.079958
0.94391 -6.379 1.1451 -0.22544 0.55195 -0.42191 -0.21573 -0.26823 -0.27106 0.27847 -0.26819 -0.71325 -0.51266
2.2149 -5.9774 0.99823 -0.25955 0.92894 0.40766 0.73226 0.33239 -0.11203 1.045 1.0449 -0.052278 0.13532
2.0328 -2.3021 2.1155 -0.94499 -1.2849 -1.3869 -0.73427 -0.24106 -0.20412 -0.06215 0.0082282 -0.30067 0.057364
5.1714 -2.5268 -0.83353 -1.8417 -2.1489 -2.3887 -0.61508 0.48238 -0.53973 -0.631 0.47745 -0.16461 -0.38205
6.2488 -4.304 -1.8973 -2.1458 -3.1244 -1.7549 -0.40382 0.73019 -0.7103 -0.91432 -0.6153 -0.8145 -0.60367
6.1113 -3.771 -2.2126 -2.6159 -3.0801 -1.3526 -0.35786 0.028574 -0.88016 -0.7706 -0.40673 -0.54992 -0.56385
5.9215 -3.6885 -1.7702 -2.9434 -2.725 -1.5768 -0.30599 -0.22691 -0.60016 -0.93882 -0.36749 -0.71091 -0.26647
5.4762 -2.975 -1.0183 -2.7261 -2.7049 -2.2065 -0.32297 -0.32479 -0.67713 -0.991 -0.15012 -0.64212 -0.61388
3.7848 -1.7918 0.51694 -1.611 -1.8078 -2.6887 -0.28831 -0.022641 -0.41764 -0.91166 0.3038 -0.77449 -0.73854
0.91241 -2.2983 1.1301 -0.32923 -0.69357 -1.0889 -0.010059 -0.33111 0.50243 0.080446 0.0069663 -1.196 -0.058159
-0.010304 -3.1898 0.3232 -0.8075 -1.4418 -1.1881 0.46119 -0.067771 -0.074464 -0.017261 0.7468 -1.0079 0.74835
-0.38621 -3.3376 0.30168 -1.0243 -2.2313 -1.5254 0.29098 -0.85254 -0.25186 -0.1197 1.1163 -0.81761 0.56744
-1.6036 -3.1236 0.25787 -0.51113 -0.81062 -0.85173 0.035876 -0.26497 0.065591 0.17009 0.55376 -0.51224 0.42855
-0.89004 -3.1513 0.4397 -0.75902 -1.7502 -1.2629 0.6708 -0.026328 -0.12142 -0.14581 0.82674 -1.0626 0.83562
-1.233 -3.4488 -0.064098 -1.0729 -1.0723 -1.035 0.56184 0.38683 -0.1816 0.061003 0.68681 -0.92437 0.7578
-1.0072 -3.7339 -0.28947 -1.4389 -1.4115 -1.2864 0.51805 0.41569 -0.20889 -0.029643 0.4664 -1.1792 1.1454
-1.4001 -3.4955 -0.1891 -1.2165 -1.188 -1.2954 0.083006 0.14707 -0.04857 0.12546 0.40309 -0.80469 1.1361
-1.9302 -3.6019 -0.16629 -0.83539 -0.90742 -1.1779 -0.41727 -0.47425 -0.14156 0.10205 0.32322 -0.65132 0.29601
-2.3398 -3.5661 -0.26925 -1.1157 -0.86581 -0.80768 0.48336 0.27276 -0.58999 -0.32978 0.31622 -0.95369 0.54926
-2.8401 -3.2043 0.026215 -0.67209 -0.50042 -0.55031 0.30418 0.16797 -0.22575 0.071098 0.56348 -0.32626 0.50464
-4.3625 -2.8755 0.33226 -0.38396 -0.15552 -0.22173 0.52392 0.31455 -0.27655 0.051108 0.5927 -0.16433 0.56596
-5.4967 -2.4099 0.72336 -0.1023 0.094761 0.26134 1.3552 1.0366 0.14591 0.2692 0.83507 -0.31085 0.51609
-5.2266 -2.3433 0.7582 0.35119 0.63695 0.42886 0.47127 0.33901 0.41375 0.46819 0.59841 0.5033 0.36382
-4.3821 -3.6143 0.1242 0.48232 0.39512 0.87972 0.87693 0.49438 0.21937 0.68645 0.21308 -0.50054 0.365
-0.22348 -4.1404 -0.10237 0.41829 0.24368 0.87071 0.71981 -0.1533 -0.36612 0.74359 0.35598 -0.88359 0.3758
1.7989 -1.0475 0.27584 -1.5359 -0.93714 -1.3034 0.089371 0.31994 0.61826 -0.91135 -0.089888 -0.39063 -0.54431
4.1328 -1.679 -0.98911 -2.1699 -1.7642 -1.5808 0.30491 0.9139 -0.30361 -1.3341 0.18844 -0.59877 -0.50439
4.0851 -1.7708 -1.3043 -2.5834 -0.98103 -1.0584 0.68115 0.7486 -0.49442 -1.5428 -0.17874 0.11602 -0.5961
3.4575 -1.4242 -2.2076 -2.5793 -0.55157 -1.1957 0.37543 -0.14833 -0.77816 -1.3425 -0.39517 -0.1759 -0.45678
2.7895 -1.6616 -1.8412 -2.2239 -0.37623 -0.58308 0.069619 -0.52586 -0.50862 -1.3602 -0.08596 -0.086176 -0.57506
3.1155 -3.1124 -2.9717 -0.8452 -0.35955 -0.55038 -0.066084 -0.31313 -0.75566 -0.94678 -0.27941 0.19837 -0.70747
2.3229 -2.9717 -1.7022 -1.5687 -0.12564 -0.57349 -0.52742 -0.14371 -0.86815 -0.77892 -0.2486 0.15174 -0.87563
0.29178 -2.4834 -0.20085 -0.64611 0.27967 -0.073805 -0.30997 -0.71942 -0.85 -0.67342 0.045499 0.18737 -0.85983
0.055333 -2.487 0.59754 -0.36736 -0.1768 -0.15197 0.057389 -0.92156 -0.58233 -0.90525 -0.050805 0.084118 -0.78401
