-1.6085 -9.8167 0.24035 -0.47098 1.3544 0.3981 0.89715 0.9923 1.4578 1.5816 1.222 0.7274 0.92293
-0.75558 -9.2279 0.94049 0.31905 0.795 0.91348 1.1384 0.29779 1.0992 0.50899 0.20515 0.3189 0.21501
0.19143 -8.8683 1.2372 -0.84203 0.96435 0.24475 1.2304 0.26811 0.51742 0.82831 1.0121 -0.075101 0.48082
1.0895 -8.8991 0.79817 -1.3415 1.0131 0.15247 0.27136 -0.076304 0.80618 0.85595 0.27991 0.16614 0.63756
2.0224 -8.1282 1.5054 -1.4141 2.0274 -0.186 0.40811 0.25817 0.61797 0.22921 -0.25247 -0.31676 0.23839
2.0367 -8.0857 1.5278 -1.8119 1.2165 0.029911 1.1568 0.2303 -0.086003 0.29574 0.15542 0.062707 0.44497
2.4859 -8.9323 1.2212 -2.0326 1.9695 0.41522 1.0808 -0.38961 0.53895 0.12161 -0.33139 -0.01098 -0.27722
1.7423 -5.5334 2.534 -0.62757 0.29345 -1.1069 -0.80652 -1.8731 -0.98418 -0.58316 -0.21857 0.41362 0.50174
2.8172 -4.2714 1.1188 -0.2889 -2.0637 -2.4717 -1.2148 -1.2451 -0.75084 -0.41569 -0.33358 0.48775 -0.31755
4.4046 -5.9295 1.2734 -0.56607 -2.0435 -2.1068 -1.1615 -0.8781 -0.98666 -0.011313 -0.43533 -0.58734 -0.91055
5.1708 -6.3741 1.6675 -0.27888 -2.1792 -1.9875 -0.62584 -0.38903 -1.3153 -0.31588 -0.49875 -0.54322 -1.0235
5.3686 -6.8664 1.0969 -0.61562 -2.6901 -2.0946 -0.94862 -0.83674 -1.4845 -0.25565 -0.99862 -0.8483 -0.90843
5.2196 -6.7013 1.3825 -0.10813 -2.2888 -1.7859 -0.73554 -0.9242 -1.4646 -0.024606 -0.87993 -0.83496 -0.96224
4.5283 -6.4027 1.6765 -0.046981 -2.5133 -1.9064 -0.61368 -1.2931 -1.5908 0.22928 -0.69814 -0.83733 -0.70722
2.6055 -5.488 1.7387 0.50965 -1.4591 -2.1404 -0.88029 -1.1574 -1.4695 -0.13007 -0.58194 -0.81084 -0.63235
-0.70036 -3.3704 0.63839 0.42207 -0.51768 -0.55734 -0.78543 -1.5469 -0.47501 -0.49685 -0.19394 -0.16053 -0.35509
-4.1499 -2.7636 0.45304 -0.10412 -0.087354 -0.075881 0.36032 0.018523 -0.14466 -0.14268 0.19058 -0.23777 0.14454
-4.2138 -3.0137 0.35069 -0.55791 -0.489 -0.24083 1.0447 0.57993 -0.68741 -0.38735 0.48898 -0.71802 0.43004
-4.419 -2.9725 0.18452 -0.60704 -0.29472 -0.23177 0.76764 0.52302 -0.32755 0.15382 0.90097 -0.26003 0.31857
-5.1198 -2.9159 0.50942 -0.37986 -0.43096 -0.26746 0.73759 0.28384 -0.49764 0.26495 1.4834 0.42696 0.57385
-5.732 -2.4391 0.73683 0.31929 0.58267 0.31994 0.3203 0.10246 0.20814 0.41052 0.71021 0.46311 0.090448
-5.2891 -2.6947 0.71625 0.25336 0.47196 0.044751 -0.10265 -0.42102 -0.097732 0.49238 1.1944 0.78414 -0.079009
-4.9814 -2.9158 0.60914 0.081649 0.28147 -0.14825 -0.34661 -0.6789 -0.28772 0.41454 1.3039 1.066 0.1633
-4.6365 -2.7328 0.59182 0.22612 0.5043 0.081318 -0.15873 -0.42789 -0.055422 0.35274 0.84993 0.63278 -0.15594
-5.6887 -2.4654 0.81786 0.40217 0.66059 0.31037 0.22651 -0.02169 0.24368 0.66557 1.1727 0.81432 0.13601
-5.4653 -2.5008 0.71619 0.2819 0.55411 0.27544 0.2394 0.040341 0.25324 0.6085 1.0297 0.81729 0.34602
-6.2341 -2.1065 0.98322 0.59123 0.89202 0.72436 0.8056 0.70419 0.72875 0.65623 0.65186 0.58312 0.56086
-5.9726 -2.2519 0.84669 0.46377 0.77336 0.61414 0.70231 0.60348 0.62976 0.55966 0.56393 0.50687 0.49602
-5.9365 -2.1357 0.96149 0.57868 0.88588 0.72211 0.80552 0.70968 0.73331 0.64994 0.64772 0.59865 0.58465
-5.9203 -2.1911 0.91751 0.54274 0.86063 0.70841 0.80062 0.69809 0.72355 0.66196 0.66779 0.59886 0.58529
-5.3255 -2.37 0.90318 0.64808 0.8908 0.52821 0.19824 -0.27906 0.70317 0.54006 0.17097 0.32661 0.46717
-1.0071 -2.1057 0.14007 -0.79608 -0.67076 -0.58151 0.63425 -0.46967 -0.56816 0.54972 0.092035 0.078753 0.097037
2.2492 -2.3513 -0.19256 -1.8212 -1.8651 -2.1258 -1.5279 -0.15059 0.45478 -0.77435 -0.089085 -0.30398 -0.018862
3.9962 -3.6148 -2.2545 -2.5501 -2.194 -1.8781 -0.81852 0.57743 0.085045 -1.1099 -0.20414 -0.4597 -0.49375
3.6168 -3.7726 -1.8456 -2.312 -1.2733 -1.152 -0.58804 0.38577 -0.74088 -1.5075 -0.68408 -0.025095 -0.3489
4.035 -3.7206 -2.8041 -2.6067 -1.1233 -0.85101 -0.906 0.26393 -1.0616 -1.8157 -0.78481 -0.051036 -0.0086113
4.349 -3.6187 -2.9605 -2.8085 -0.81442 -0.46624 -1.0313 0.14397 -0.91479 -1.7807 -0.99511 0.017633 0.45691
4.3822 -3.4613 -3.2422 -3.0462 -0.64202 -0.35056 -1.1601 -0.1483 -1.0513 -1.9894 -0.94217 -0.18409 0.46741
4.311 -3.4189 -3.3045 -3.3049 -0.44947 -0.40859 -1.2097 -0.41213 -1.1763 -2.1143 -1.0248 -0.47193 0.5295
4.2276 -3.1669 -3.0049 -3.1336 -0.075884 -0.31289 -1.0983 -0.27353 -1.0629 -1.8055 -0.7331 -0.24505 0.80579
4.1197 -3.541 -3.1866 -3.3356 -0.23819 -0.1889 -1.295 -0.13677 -1.1972 -1.7314 -0.72685 -0.27381 0.89935
3.9258 -3.5962 -3.2562 -3.4861 0.082229 -0.65504 -1.1406 -0.33579 -1.356 -1.5632 -0.74227 -0.19999 1.22
3.683 -2.8882 -2.4772 -2.9655 0.39852 -0.053878 -0.87127 -0.36751 -1.0481 -1.2722 -0.73592 -0.27505 1.1414
3.4823 -3.4384 -2.9814 -3.3526 0.040027 -0.24776 -1.406 -0.81363 -1.5559 -1.6495 -0.97794 -0.62034 0.74787
3.1324 -3.0989 -2.4597 -3.1941 0.41869 -0.12805 -1.0375 -0.54427 -1.2964 -1.0993 -0.82812 -0.53981 1.0399
2.8924 -3.1187 -2.7844 -3.2313 0.224 -0.12833 -0.94623 -0.69992 -1.2972 -1.1246 -0.65635 -0.17928 0.65539
2.6326 -3.0256 -2.5242 -2.9192 0.36557 0.036975 -0.63353 -0.80638 -1.1496 -1.0715 -0.56649 -0.24515 0.6946
2.3927 -3.3652 -2.0217 -3.0801 -0.066093 0.3185 -0.66056 -0.97332 -1.0096 -1.079 -0.5315 -0.24004 1.1124
1.8575 -2.038 -1.2284 -3.3816 -0.034519 -0.26644 0.074945 -1.0413 -0.96714 -0.45203 -0.16611 -0.060086 0.71862
0.89091 -3.056 -0.90891 -2.5202 0.033998 -0.087875 -0.42252 -1.0437 -0.50855 0.020109 0.23067 0.38271 1.0796
