-3.0233 -5.7933 1.1076 1.1164 1.0986 0.018425 0.2134 0.093221 0.25241 0.39072 0.83122 0.81845 0.60184
-2.2396 -6.1707 1.2401 0.56464 0.71821 0.33155 0.24292 0.19366 0.24177 0.83406 0.63814 0.97385 0.50285
-0.73229 -7.6091 1.2681 0.90484 0.83422 0.29027 0.25512 0.4812 0.56281 0.96857 0.22098 0.24634 0.0051105
1.0567 -6.8774 2.0392 -0.24513 -0.0060492 0.4651 0.83879 -0.17768 0.083881 0.94377 -0.40418 -0.47743 -0.29558
1.5408 -5.4284 2.6966 0.060375 -0.47549 -0.33268 -0.075958 0.49223 0.39612 0.40913 0.081076 -0.5265 -0.16798
1.9714 -4.7967 1.6514 0.32174 0.2035 -0.58343 0.555 0.30634 -0.12213 0.71678 0.16708 0.18247 -0.32045
1.7185 -5.9564 1.3356 -0.054051 0.11171 0.38327 0.27073 -0.050186 -0.50739 0.55723 0.19313 0.33456 0.2411
2.263 -1.8135 1.397 -0.095834 -1.6531 -2.5637 -0.42085 -0.47846 -0.21455 -0.082489 -0.046034 -0.27966 -0.43345
3.4309 -1.5696 0.62652 -0.58018 -2.676 -2.1271 -0.10669 -0.47332 -0.63038 -0.50349 0.8168 -1.0353 -0.65728
3.5031 -0.97822 0.90465 -1.6052 -2.0783 -2.3955 -0.38496 -0.48959 -0.65673 -0.75113 0.3567 -0.76764 -0.6641
3.1958 -1.1088 1.7281 -1.5973 -2.6767 -2.3426 -0.99494 -0.89571 -0.38345 -0.77168 -0.39509 -0.8648 -0.54807
1.8677 -1.5084 1.7139 -1.3035 -1.8525 -1.8508 -1.5649 -1.3232 -0.15102 -1.2302 -0.27051 -0.88287 -1.2227
-0.7021 -2.0453 1.3973 0.23651 -1.1928 -1.0914 -0.27047 -1.5212 -0.012703 -1.3732 -0.50423 -0.61121 -0.93211
-3.4623 -3.0163 0.6013 0.14574 -0.11632 -0.61963 -0.35076 -0.58889 0.33196 0.74526 1.1069 0.035453 -0.24882
-2.1334 -3.0779 0.51533 -0.3367 -1.0714 -1.3708 -0.5681 -0.94288 0.18751 0.20867 0.53604 -0.70709 0.0829
-2.4006 -3.2713 0.3521 -0.4955 -1.3091 -1.0008 0.20176 -0.6412 -0.33098 -0.17881 0.80065 -0.8459 -0.28438
-4.8363 -2.6186 0.67632 0.063578 -0.11793 -0.18464 0.36877 -0.039158 0.12216 0.30127 0.87209 0.040529 0.19702
-4.2196 -2.9255 0.44496 0.020586 0.29186 -0.14537 -0.23781 -0.51617 -0.24824 0.32006 1.0019 0.60377 -0.0315
-5.1752 -2.5003 0.71043 0.052751 0.157 0.024597 0.39451 0.041678 -0.14146 0.37919 1.2104 0.59456 0.38817
-4.5346 -2.6473 0.71254 -0.089546 -0.14265 0.07916 0.90685 0.33282 -0.42979 -0.10189 0.65234 -0.27187 0.054412
-5.1182 -2.6466 0.60383 -0.12688 0.020546 -0.043425 0.66076 0.26258 -0.25515 0.3269 1.2572 0.1268 0.076014
-5.5468 -2.5886 0.70238 -0.2986 -0.19731 -0.023723 1.5527 1.2693 0.27233 0.75834 1.6875 -0.18716 0.5665
-5.0389 -2.5603 0.72511 -0.12498 -0.085335 0.083827 0.98984 0.48933 -0.3548 0.012155 0.74337 -0.33939 0.091648
-4.132 -3.0077 0.61791 0.14279 0.24787 -0.17251 -0.4507 -0.90302 -0.46445 0.21982 0.96726 0.66342 -0.486
-0.86869 -6.8703 -0.12735 -0.48903 -0.16256 0.047473 0.013398 0.012268 0.19788 0.18865 0.32769 0.31264 0.26732
1.2727 -4.8297 -0.11185 -0.40413 -0.21752 0.034413 0.53036 0.73177 0.47066 0.24579 -0.022019 -0.94842 -0.018887
2.6102 -0.78079 -0.78352 -2.2673 -2.4347 -2.3807 -0.36565 -0.17907 -0.68466 -0.65595 -0.023572 -0.67863 -0.22767
4.2989 -1.4592 -2.1802 -2.7366 -2.0839 -1.9672 -0.52493 0.69951 -0.56603 -1.1776 0.01994 -0.69038 -1.4987
4.5221 -0.92574 -0.80251 -3.1842 -2.1853 -0.91452 0.067246 0.55898 -0.8 -0.8979 -0.37783 -0.46293 -0.66809
4.7793 -0.73896 -1.5227 -2.9818 -1.9907 -0.71496 -0.074224 0.93005 -0.92978 -1.117 -0.41045 -0.42131 -0.71613
4.6577 -1.1741 -2.2775 -3.3404 -1.7822 -0.88005 -0.76477 0.087804 -0.63319 -2.1259 -0.7512 -0.56114 -0.9592
4.4381 -1.0688 -2.593 -3.2532 -1.4906 -0.30943 -1.0653 -0.052956 -0.46821 -2.4086 -0.60936 -0.38994 -0.97725
4.1707 -1.5505 -2.9891 -3.0811 -1.4386 -0.6637 -1.1127 -0.25257 -0.82253 -2.2547 -0.11978 -0.17142 -0.5073
3.9189 -1.9966 -2.7798 -3.43 -1.6391 -0.51768 -1.5002 -0.5876 -1.1463 -2.3647 -0.30153 -0.21133 -0.61969
3.652 -1.6322 -1.866 -3.3183 -1.3378 0.092667 -0.89509 -0.76484 -0.76807 -2.0063 -0.38713 -0.045237 -0.045999
3.3004 -1.7375 -2.6001 -2.9023 -0.78252 -0.19564 -1.0794 -0.51004 -1.0582 -2.2199 -0.28501 -0.10385 0.082706
2.8149 -1.9788 -2.398 -3.3961 -0.57666 -0.66612 -0.9591 -0.81131 -1.4534 -1.4374 -0.50187 0.33867 0.8382
1.9062 -2.0309 -1.5906 -2.876 -0.70201 -0.85034 -0.85513 -0.98884 -0.71316 -1.2663 -0.07596 0.84722 1.3912
0.33486 -1.8733 -0.0104 -1.5408 -0.28744 -0.56434 -0.20508 -1.5073 -0.42242 -0.89598 0.12208 0.6525 0.7611
