-1.6961 -4.6121 1.0011 -0.47835 0.32217 0.27477 0.33981 0.18113 0.155 0.1655 0.51044 0.49802 0.46602
-0.23724 -6.9024 1.5361 0.015893 0.84414 0.40451 0.48792 0.54071 0.5122 0.60689 0.27436 0.13427 0.643
0.11656 -6.2783 1.0896 -0.4658 0.68964 -0.4622 0.032464 0.055637 0.2398 1.0349 1.1629 0.56493 -0.054686
0.82497 -9.5707 0.4185 -0.12323 0.94217 0.71068 0.73274 0.69563 -0.072287 0.035411 0.89742 1.157 -0.38621
-1.2256 -6.1135 1.3959 -0.13948 0.20219 -0.15127 0.091627 -0.38353 0.057784 0.38873 0.016548 -0.020736 -0.3844
-1.4526 -6.9512 1.6891 -0.26719 1.2537 0.23054 0.34015 0.5873 0.38234 0.7606 0.32009 0.41594 0.25599
-1.7769 -7.655 1.3405 0.081424 0.68743 0.25434 0.25149 0.16044 0.19136 0.14797 0.33965 0.62293 0.68828
-1.2891 -5.7263 1.6023 -0.0038571 0.58513 0.13717 0.50616 0.38635 0.45421 0.28656 0.46748 0.47468 0.55765
-3.5964 -4.1133 0.93434 -0.46712 0.37263 -0.020442 0.28246 0.11482 0.25349 0.097701 0.18309 0.14334 0.12769
-1.467 -5.9001 1.4509 -0.17577 0.020047 -0.28347 -0.059778 -0.52291 -0.55051 0.10702 0.57491 0.051557 -0.59452
1.1699 -2.1458 0.93237 -0.42239 -1.4675 -1.8183 -1.0197 -1.8209 0.23646 -1.0332 -0.90965 -0.59944 -0.49239
3.087 -3.0474 1.0714 -0.15324 -1.5259 -2.9651 -0.94473 -1.29 -0.22747 -0.23229 -0.022262 -0.93053 -0.48942
3.847 -3.9593 0.53067 -0.5442 -2.3973 -3.0299 -0.92119 -1.6857 -0.38707 -0.29183 -0.3237 -0.79143 -0.84251
4.4836 -4.3652 1.1034 -0.47594 -3.0962 -2.6042 -0.38956 -1.5943 -0.21364 -0.50543 -1.2104 -0.54015 -0.76343
4.472 -4.6718 0.77015 -1.0986 -3.1017 -2.4337 -0.69217 -1.4495 -0.86143 -1.1873 -1.4536 -0.14867 -0.74072
4.2265 -4.0203 0.8338 -1.3424 -2.4482 -2.1037 -0.63993 -1.8149 -0.96231 -0.60582 -1.2317 -0.37847 -1.0855
2.6034 -3.5336 0.9329 -0.28831 -1.1978 -1.902 -0.67316 -1.2889 -0.43621 -0.24687 -0.44612 -0.84707 -0.88696
1.277 -2.6041 1.2682 0.41994 -0.7853 -0.52513 -0.69651 -2.3718 0.056838 -1.1456 -0.57757 -0.15312 -0.72877
-0.9712 -3.1651 0.2195 -0.28353 -0.5614 -0.70269 -0.63052 -1.0767 -0.52185 -0.5331 -0.13183 -0.23057 -0.13618
-0.37825 -3.9042 -0.28552 -0.56117 -0.61626 -1.062 -1.4686 -1.813 -0.79876 -0.72598 -0.34271 -0.054807 -0.51169
-0.68502 -3.3446 0.22362 -0.17625 -0.11481 -0.40789 -0.65835 -1.1018 -0.63005 -0.31508 0.26113 0.30663 -0.39574
-0.85444 -3.2786 0.26772 0.011226 -0.1105 -0.34769 -0.58419 -0.98449 -0.42666 -0.6731 -0.50689 -0.097813 0.0056756
-2.3759 -3.2149 0.088226 -0.54017 -0.33677 -0.58715 -0.24706 -0.49712 -0.58381 0.050351 0.7818 0.11723 -0.058277
-3.0553 -3.0627 0.28671 -0.59909 -0.61177 -0.56514 0.17136 -0.31909 -0.84866 -0.025215 1.1367 0.12316 -0.049635
-5.2589 -2.6397 0.47798 0.0096129 0.35077 0.36668 0.83379 0.72149 0.48466 0.5133 0.69359 0.30315 0.60801
-4.7641 -2.7651 0.56548 -0.3038 -0.27491 -0.2707 0.45031 -0.021998 -0.50956 0.34493 1.525 0.41963 0.14992
-3.6088 -2.9789 0.30107 -0.61679 -0.60375 -0.41146 0.6368 0.16735 -0.71315 -0.078607 1.0215 -0.10063 0.30902
-3.5382 -2.8423 0.43843 -0.3923 -0.36085 -0.35713 0.3363 -0.116 -0.63715 0.053201 1.0701 0.077334 0.0027407
-5.1455 -2.6715 0.48414 0.042401 0.32224 0.23097 0.55574 0.39104 0.1321 0.1469 0.32632 0.1095 0.50644
-6.3194 -2.4926 0.60915 0.22663 0.5387 0.38048 0.46969 0.36704 0.39738 0.34476 0.36799 0.30411 0.29115
-5.5486 -2.5799 0.56869 0.22376 0.58947 0.51201 0.6654 0.60362 0.57262 0.30707 0.1296 0.06174 0.15407
-6.4376 -1.8988 1.2075 0.80771 1.1075 0.92398 0.98566 0.8763 0.88101 0.76213 0.74298 0.70429 0.67676
0.08041 -4.0172 -0.090892 -1.0241 -0.77553 0.66705 0.65955 -0.17328 -0.12094 -0.41474 0.6767 -0.081192 0.22867
3.2336 -2.7134 -0.5368 -2.2643 -2.4855 -2.212 -0.57579 -0.22849 0.17811 -0.41522 0.4193 -0.11607 -0.15868
6.2152 -4.9257 -2.8023 -2.9528 -2.7481 -2.2077 -0.80463 0.75218 -0.18001 -1.1536 0.08625 -0.022555 -0.27154
6.5555 -5.3114 -3.278 -2.2936 -2.4132 -1.0794 -0.22565 0.54519 -0.4333 -1.2511 -0.083358 0.091219 -0.14845
6.2414 -4.994 -3.8683 -1.7924 -2.0621 -0.92441 -0.63016 0.17834 -0.61089 -1.0381 0.16664 0.69008 -0.011465
6.2308 -5.4026 -4.4716 -2.0844 -1.9832 -1.0285 -0.9244 -0.11055 -0.88837 -1.2905 -0.028878 0.94876 -0.047253
5.9966 -3.9589 -4.1803 -2.1544 -1.4077 -1.0884 -0.69752 -0.23568 -0.76783 -1.6168 0.064706 0.86998 -0.0081819
5.7429 -3.5012 -4.1297 -2.8297 -1.1941 -0.81557 -0.69056 -0.33136 -0.16604 -1.417 0.39202 0.98829 0.561
5.6387 -4.3869 -4.8316 -3.3982 -1.8414 -0.83643 -1.6974 -0.081118 -0.21411 -1.1009 0.28523 1.1813 0.53844
5.2258 -3.7772 -4.8635 -3.3332 -1.6374 -1.1726 -1.4845 -0.59236 -0.089691 -1.3268 0.36193 0.73748 0.42389
4.5451 -3.5705 -4.0917 -3.7126 -1.5133 -1.2203 -1.218 -0.45707 -0.14086 -0.71493 0.45307 1.157 0.68874
3.99 -2.8125 -3.4631 -4.0758 -1.3611 -1.4211 -0.98143 -0.53099 0.13158 -1.3041 0.45541 0.78752 0.36389
2.7782 -3.4101 -2.2988 -3.719 -1.1321 -1.1055 -0.14354 0.097954 0.23436 -0.15496 0.48621 0.43284 0.43143
3.4688 -4.0305 -3.1086 -3.98 -1.5487 -0.57596 -0.08285 0.2497 0.078007 -0.9744 1.4052 1.9225 0.58975
3.6419 -4.6431 -3.9102 -3.6716 -1.2915 -0.34911 -0.70285 0.63434 0.28048 -1.385 -0.41406 1.5128 1.0546
3.0977 -4.1105 -2.7787 -3.0221 -1.2977 -1.3277 -0.35388 0.99736 -0.59231 -1.5923 0.13218 1.001 0.14611
2.6182 -5.0768 -2.8162 -3.0076 -1.0297 -0.75751 0.10853 1.287 -0.28583 -1.3327 0.063118 0.86783 0.37561
0.81642 -4.6318 -1.4064 -2.1892 -0.54562 -0.24441 1.3453 1.5454 -0.53841 -0.9424 0.35468 -0.2638 1.2156
0.17774 -4.8938 -1.6819 -2.3282 -0.60737 -0.69701 0.84174 1.3209 -0.93162 -0.22564 0.94872 0.025687 1.3005
-0.19142 -4.395 -1.3029 -2.4215 -1.4214 -1.2616 0.54454 0.5207 -0.7567 -0.29215 0.75967 -0.20052 1.4516
0.00046963 -3.4729 -0.32304 -1.7878 -1.901 -1.7799 -0.19373 -0.36983 0.28817 0.22448 0.66009 -0.31808 1.2845
0.28048 -3.281 -0.16584 -1.0704 -1.395 -1.3012 -0.25373 -0.49853 -0.083087 -0.53044 -0.27321 -0.90767 0.34351
