62.7 -36.6 -7.7 -1.5 29.7 4.4 4.9 -28 22.8 19.5 62.3 -52.2 -24.5 -27.7 -16.5 -36.2 -37.4 -50.1 -36.2 -9.5 -25.3 -23.2 -42.1 1.3 -25.8 -32.4 -10.9 -38.2
67.6 -31.1 -1.5 4.1 33.1 8.4 8.7 -24.5 25.8 22 64.8 -50.2 -22.3 -25.5 -14.5 -34.3 -35.9 -49.1 -35.9 -11.8 -27 -25.2 -43.8 -0.6 -27.7 -34.4 -14 -40.6
71.9 -26.2 5.7 9.6 35.7 10.8 11.7 -21.9 28.1 24.3 66.4 -48.8 -22 -24.9 -13.7 -32.9 -35.4 -49.5 -37 -14.8 -28.2 -27 -45.9 -2 -29.2 -36.7 -17.8 -42.6
73.1 -21.3 10.6 12.5 35.6 9.9 11.6 -21.6 28.2 24.5 65.7 -49.3 -24.7 -26.8 -15.1 -33.6 -37 -51.7 -39.9 -17.9 -29.5 -28.6 -48 -3.3 -30.8 -38.9 -21.2 -43.9
70.7 -18.5 10.3 11.1 33.1 6.8 9.1 -23.4 26.1 22.7 63.4 -51.2 -28.3 -29.8 -17.4 -35.9 -39.9 -54.2 -43.1 -18.9 -29.8 -28.6 -48.3 -3.3 -31.1 -39.2 -22.3 -43.1
68.3 -18.8 7.6 8.1 30.8 4.3 7.4 -24.6 24.5 21 61.5 -52.7 -29.7 -31.3 -18.7 -37.7 -41.8 -55.4 -44.8 -17.9 -28.7 -27.3 -46.9 -1.9 -29.9 -37.8 -21.1 -40.7
69.2 -17.9 8 8.6 31.6 4 8.7 -23.5 25.5 21.3 62 -52 -28.7 -30.6 -18.3 -37.5 -41.7 -55.1 -44.6 -17.8 -28.1 -26.7 -46.3 -1.4 -29.2 -37.2 -20.5 -39.5
73.4 -11.9 13.7 14.3 35.3 5.9 12.1 -20.3 29 23.8 64.4 -49.9 -26.8 -28.6 -16.4 -35.6 -39.9 -53.8 -43.6 -19.8 -29.3 -28.1 -47.5 -2.7 -30.3 -38.9 -22.2 -40.5
77.3 -6.8 18.7 20 39 10 15.4 -16.9 32.5 26.4 66.7 -48 -24.4 -25.9 -14 -33.3 -37.7 -52.2 -42.2 -21.1 -30.5 -29.4 -48.6 -4 -31.5 -40.4 -23.5 -41
77.1 -9.6 17.4 19.5 39 13.6 16.1 -16.4 32.5 26.3 66.2 -48.6 -23 -24.4 -13.2 -33 -37.2 -51.9 -41.4 -20.3 -30.6 -29.8 -48.7 -4.3 -31.8 -40.5 -23.1 -39.3
73.2 -16.7 11.6 13.9 35 13.7 13.5 -19.4 28.9 22.8 62.4 -52.4 -24.6 -26.2 -15.7 -36 -39.7 -54.4 -43.1 -19.3 -31 -30.4 -49.1 -4.6 -32.4 -40.5 -23.2 -37.9
68.3 -23 4.2 6.5 29.7 10.2 9.4 -24.3 23.7 17.9 58 -57.1 -27.9 -30.1 -19.9 -40.5 -43.9 -58.5 -46.1 -19.2 -32 -31.3 -50.3 -5.3 -33.4 -40.8 -24 -38
63.8 -29.1 -4.3 -1 25.6 5.8 5.8 -28.7 19 14 55.5 -59.4 -30.1 -33.1 -23 -43.7 -46.9 -61.2 -47.5 -18.7 -32.5 -31.6 -51.4 -5.7 -33.7 -40.7 -23.6 -38.2
61.3 -35.5 -10.5 -5.5 24.6 3.4 4.2 -30.5 16.7 13 55.9 -58.3 -29.7 -33.3 -23.3 -43.7 -46.9 -61.1 -46.4 -17.8 -32.2 -31.1 -51.2 -5.3 -33.1 -39.5 -21.5 -36.8
61.5 -40.2 -11.1 -5.2 26.6 3.3 4.6 -30.2 17.1 14.5 58.1 -55.8 -28.3 -31.8 -21.9 -42 -45.1 -59.4 -44.4 -18.5 -32.6 -31.6 -51.5 -5.4 -33 -39.2 -19.7 -35
61.8 -41.8 -9.8 -3.8 28.8 3 4 -30.5 17.1 15.2 59.6 -54.5 -29.1 -32.3 -22.2 -42 -44.8 -58.8 -44.1 -21.6 -35.4 -34.5 -53.8 -7.3 -34.7 -41 -21 -35.6
59.7 -43.7 -11.8 -5.4 28.7 1 1.3 -33.1 14.8 13.7 59.1 -55.1 -32 -35.4 -24.9 -44 -46.5 -59.5 -45.2 -23.7 -38.3 -37.4 -55.9 -9.1 -36.4 -42.4 -23.7 -37.8
55.8 -49.2 -17.6 -10 26.9 -1.4 -1.9 -36.6 11.7 11.4 58 -55.6 -33.7 -38.2 -27.6 -46.2 -47.9 -59.8 -45.1 -21.6 -37.7 -36.9 -55 -8.1 -35.2 -40.6 -23.7 -37.2
52.8 -53.1 -21.7 -13.2 25.4 -2.9 -3.6 -39.1 10.2 10 57.1 -55.4 -33.6 -39.4 -29 -47.3 -48.3 -59.6 -44 -18 -35.8 -34.9 -53.1 -5.9 -32.9 -37.9 -21.8 -34.3
53.1 -50.1 -19.9 -11.9 25.9 -2.8 -3.1 -39.2 11.3 10.4 57 -54.6 -32.6 -39 -28.8 -47.1 -47.8 -59.4 -43.2 -17 -35.4 -34.4 -52.5 -5 -32 -37.2 -21.1 -32.4
55.4 -44.6 -15.3 -8.1 28.3 -0.8 -0.9 -37.1 13.5 12.7 58.3 -53.1 -31.1 -37.7 -27.5 -45.5 -46.8 -58.6 -42.7 -18.5 -36.5 -35.4 -53.4 -5.9 -32.3 -38.1 -22.6 -32.2
57.8 -39.9 -9.9 -2.9 31.9 2.5 2.3 -34.1 15.8 15.6 60.4 -51.3 -29.6 -36.2 -26 -43.3 -45.6 -57.5 -42.4 -20.9 -37.8 -36.6 -54.5 -7.5 -33.4 -39.5 -25.3 -33.1
60.4 -33.7 -2.2 4.5 36.1 5.4 5.8 -30.3 18.9 18.9 62.7 -49.2 -28.6 -34.8 -24.2 -41.2 -44 -56.2 -42.4 -22.7 -38.1 -37.1 -54.9 -8.3 -34.1 -40.3 -26.9 -33.7
63.3 -26.6 4.7 10.6 38.3 5.9 7.3 -27.6 21.8 20.8 64 -48.4 -28.1 -34.1 -23 -40.4 -42.7 -55.3 -42.6 -22.9 -37.1 -36.3 -54.1 -7.5 -33.7 -39.6 -25.5 -32.4
63.9 -23.2 5.8 10.5 36.1 2.9 5.2 -28.4 21.9 19.6 62.9 -49.7 -28.6 -34.8 -23.3 -41.4 -43 -55.6 -43.1 -21.3 -34.9 -34.4 -52.5 -5.6 -32 -37.3 -21.3 -29
62 -25 2.4 6.1 31.2 -1.2 1.3 -31.6 19.8 16.5 60.2 -52 -29.6 -36.5 -24.8 -43.2 -44.5 -57.1 -43.8 -19.7 -33.4 -32.6 -51.5 -4 -30.2 -35.4 -17.2 -25.7
60.7 -26.9 0.5 3 27.6 -4.1 -1.4 -33.9 17.8 14.1 57.5 -54.1 -31.1 -38.6 -26.6 -44.5 -46.4 -59.3 -45.6 -21.2 -34.9 -33.8 -53.2 -5.1 -31.2 -36.9 -18 -26.3
62 -23.7 3.5 4.5 27.4 -4.9 -2 -33.6 17.8 14 56.4 -55.1 -32.8 -40.1 -28.1 -45.4 -48.2 -61.2 -48.1 -26.1 -39.5 -38.2 -57.5 -9.3 -35.3 -41.3 -23.9 -31.3
64.1 -20.5 7 7.6 28.9 -3.6 -1.3 -32.2 19.2 15.1 57.1 -54.4 -33.1 -40.1 -28.3 -45.7 -48.7 -61.3 -49 -30 -43.1 -41.9 -60.4 -12.8 -39 -44.5 -28.5 -35.3
63.5 -23.8 5.1 7 28 -2.5 -1.9 -32.9 18.8 14.3 56.9 -54.8 -32.8 -39.6 -28.2 -46.7 -48.9 -61.4 -48.9 -30.2 -43.8 -42.6 -60.4 -13.8 -39.8 -44.6 -27.9 -35.1
59.7 -30.1 -0.3 2.4 23.7 -4 -4.9 -36.2 15.8 10.9 53.8 -59.3 -34.3 -40.9 -29.7 -49.3 -50.8 -63.5 -50.1 -28.8 -43.1 -41.7 -60 -13.7 -39.2 -43.8 -24.8 -32.7
55.1 -35 -6.7 -4.2 18.2 -7 -8.7 -40.3 11.6 6.7 48.8 -66.5 -36.8 -43.3 -32 -52.2 -53.7 -66.6 -52.4 -27 -42.1 -40.7 -59.9 -13.3 -38.5 -43.2 -21.8 -30.2
51.6 -39.6 -13.9 -11.1 13.9 -8.6 -10.6 -43.2 8.1 3.8 45.2 -71.3 -37.5 -44.7 -33.4 -53.6 -55.4 -68.3 -53 -24.1 -40.8 -39.8 -59.5 -12.4 -37.5 -42.2 -19.1 -27.7
51.2 -45 -18.6 -14.9 13.2 -6.9 -9.2 -43.2 7.4 3.7 45.3 -70.7 -35.3 -43.6 -32.9 -52.8 -54.8 -67.6 -51.2 -21.4 -39.6 -39.2 -58.7 -11.5 -36.6 -41.3 -17.1 -25.7
54.2 -48.4 -17.9 -13.4 16.1 -2.9 -5.8 -40.4 9.3 5.9 48 -66.9 -32.2 -40.9 -31 -50.6 -52.8 -65.6 -49.2 -21 -39.7 -39.7 -58.8 -12 -36.9 -41.6 -17.3 -25.3
57.5 -47.9 -14.9 -10.1 19.1 -0.2 -3.4 -37.7 11.2 7.7 50.2 -63.8 -30.4 -38.9 -29.5 -49.1 -51.6 -64.4 -48.7 -22.6 -40.9 -41 -60.1 -13.7 -38.2 -42.9 -18.7 -25.9
57.8 -47 -15.2 -9.7 19.2 -0.2 -3.7 -37.4 11.2 7.6 50.5 -63.3 -30.5 -38.7 -29 -49 -51.7 -64.1 -48.9 -22.5 -40.5 -40.5 -60 -13.6 -38 -42.2 -18 -25
55.2 -50.5 -20.2 -13.4 16.4 -1.6 -5.6 -39.1 9.2 6.1 49.3 -64.4 -31 -39.3 -29 -49.5 -52.1 -64.1 -48.3 -18.9 -37.5 -37.3 -56.9 -10.4 -35.2 -38.9 -14.6 -21.7
52.9 -54 -24.6 -16.8 14.1 -3 -7.3 -40.5 7.6 4.8 47.9 -65.6 -32 -40.3 -29.2 -50.1 -52.4 -64.3 -47.4 -15.9 -35.2 -34.6 -53.6 -7.2 -32.4 -36 -12.4 -19.3
53.9 -51.1 -22.7 -15.3 15.7 -2.6 -6.3 -39.6 8.7 6 48.7 -64.8 -32.3 -40.1 -28.3 -49.5 -51.4 -63.7 -46.6 -16 -34.8 -34 -52.1 -5.8 -31.2 -35.4 -12.8 -19.1
58.5 -44.4 -16.2 -9.7 21.4 1.3 -1.8 -35.5 13 10.4 52.9 -60.7 -29.8 -36.9 -24.9 -46.4 -47.8 -60.7 -44.3 -16.5 -33.7 -33.3 -51 -4.8 -29.8 -34.8 -13 -18.6
64.6 -37.7 -7.8 -2.2 28.5 6.7 4.1 -30 18.9 16.5 58.5 -54.9 -25.5 -32.1 -20.3 -41.7 -42.9 -56.4 -40.9 -16.3 -31.5 -31.4 -49.4 -3.1 -27.7 -33.2 -12.4 -17.4
69.2 -30.8 1.2 5.7 34.3 9.7 7.8 -25.7 24 21.3 62.6 -50.6 -23.1 -29.3 -17.3 -38.1 -39.7 -53.2 -39 -17.2 -30.3 -30.3 -48.7 -2 -26.5 -32.4 -13.3 -17.6
69.7 -24.8 6.8 10.5 36.4 8.4 7.2 -25.2 25.8 22.7 63.3 -49.8 -24.4 -30.1 -17.9 -37.7 -39.6 -52.8 -39.9 -19.4 -31 -30.6 -49.2 -1.9 -26.8 -33 -16.1 -19.1
66.5 -22.4 6.6 10.2 35.1 4.4 3.7 -27.7 24.2 21.2 61.8 -52.1 -27.2 -32.8 -20.9 -39.9 -41.5 -54.1 -42 -20.5 -31.7 -30.4 -49.3 -1.4 -26.4 -33.1 -18.4 -20.2
63.5 -23.9 3.8 7.6 33.2 1 1 -29.9 22 19.6 60.8 -54.7 -28.7 -34.5 -23.2 -41.7 -42.7 -54.8 -43.1 -19.5 -31 -29 -48.2 -0.1 -24.7 -31.9 -19.3 -20.9
63.7 -24.4 4.2 8.1 33.3 0.3 1.1 -29.7 22.1 19.9 61.4 -55.4 -28.6 -34.3 -22.9 -41.6 -42.1 -54.2 -42.5 -19.3 -30.5 -28.3 -47.8 0.2 -24.2 -31.4 -21.3 -22.9
67 -18.7 9.8 13.3 36.3 1.9 3.3 -27.1 25.1 22.2 63.4 -53.6 -28.7 -33 -21 -39.8 -40.3 -52.6 -41 -21.6 -31.9 -29.9 -48.8 -1.2 -25.5 -32.8 -25 -25.7
70.7 -12.9 15.5 18.9 40.4 4.4 6.1 -23.6 28.9 25.6 66.2 -50.1 -29.3 -31.1 -18.4 -37.1 -37.7 -50.2 -38.5 -23.8 -33.2 -31.4 -49.2 -1.7 -26.1 -33.2 -27.4 -26.5
71.2 -14.9 15.6 19.4 42 5.1 6.9 -22.3 30 27.2 67.7 -48.2 -30.5 -30.7 -17.3 -35.7 -36.4 -48.6 -36.4 -24 -33.4 -31.5 -48.1 -0.6 -24.9 -31.9 -27.8 -25
67.6 -21.8 10.7 14.8 39.6 2.3 4 -24.7 27 25 66.2 -50 -33 -33.3 -19.4 -37.4 -38.2 -49.8 -37.4 -24.2 -33.8 -31.3 -47.3 -0.1 -24.3 -31.4 -28.8 -24.7
61.3 -29 2.9 7.5 34.2 -2.9 -1.9 -30.1 21 19.8 62.2 -54.3 -36.7 -37.9 -23.8 -41.6 -42.3 -53.6 -40.9 -25.3 -35 -31.7 -48 -1.3 -25.1 -32.4 -31.2 -27.1
54.9 -36.3 -6.6 -0.7 28.2 -7.2 -7.3 -35.9 14.9 15.1 58.2 -57.8 -39.1 -41.6 -27.3 -45.3 -45.7 -57.1 -43.3 -25.5 -35.9 -32.1 -48.9 -2.4 -25.9 -33.2 -33.4 -30.2
52.4 -42.2 -12.8 -4.9 25.9 -7.5 -8.3 -38.4 12.6 14.2 57.5 -57.6 -38.2 -41.5 -27.2 -45.7 -45.6 -57.1 -42 -24.2 -35.7 -31.5 -48.3 -1.4 -25.1 -32.2 -33.7 -30.9
55.1 -43.3 -11.8 -2.8 29 -3.6 -4.2 -35.9 15.6 17.4 60.9 -53.8 -34.2 -37.7 -23.6 -42.5 -41.9 -53.1 -38.2 -22.5 -34.8 -30.4 -46.3 0.7 -23.7 -30.7 -32.2 -29.4
59.1 -40.4 -7.4 1.3 33.5 0.5 0.5 -31.9 20.1 21 64.6 -50.1 -30.1 -33.5 -20.1 -38.6 -38.1 -49.1 -35 -21.2 -34 -29.4 -44.6 2.4 -23 -29.7 -30 -27.6
59.6 -40.1 -7.1 1.3 34.2 1.3 1 -31.2 21 21.2 64.8 -49.5 -28.6 -32.2 -19.2 -37 -37.2 -48.2 -34.3 -19.5 -32.6 -28.1 -43.3 4 -22.2 -28.8 -27.2 -26.3
55.8 -46.8 -13.3 -4.7 30 -1.2 -2.7 -34.7 17.3 17.7 61.5 -52.1 -29.4 -33.7 -20.9 -38.5 -39 -50.3 -35.7 -16.5 -30.4 -26.2 -42.2 5.6 -20.9 -27.7 -24.5 -25.5
52.1 -53 -19.5 -10.8 24.9 -4.5 -6.9 -39 12.6 13.6 57.7 -55.6 -31.3 -35.9 -23.1 -41.5 -41.6 -53.4 -38.1 -14.7 -29.2 -25.3 -41.9 5.9 -20.6 -28.1 -24.5 -26.6
52.4 -50.8 -18.9 -10.6 23.6 -5.1 -7.3 -39.7 11.9 12.4 56.9 -57.1 -32.1 -36.1 -23.3 -42.7 -42.5 -54.7 -39.7 -14.8 -29.2 -25.3 -42.1 5 -21.6 -29.6 -26.5 -29.1
56.1 -44.1 -13.4 -5.1 26.5 -1.6 -3.5 -36.3 15.7 15.2 59.7 -54.9 -30.1 -33 -20.4 -39.9 -40.2 -52.7 -38.7 -14.5 -28.6 -24.6 -40.9 5.3 -21.6 -30.2 -26.9 -30.4
60.9 -37.9 -6.3 2.3 31.3 3.5 1.7 -31.1 21.3 20.2 64 -50.9 -26.8 -28.5 -15.8 -34.6 -35.9 -48.8 -36.1 -13.6 -27.1 -22.7 -38.7 6.9 -20.2 -29.6 -25.1 -30.1
65 -31.4 2.4 10 35.8 6.9 5.3 -26.5 26.2 24.8 67 -48 -25.2 -25.6 -12.5 -30.2 -32.3 -46.1 -34.9 -14.2 -26.3 -21 -37.5 8 -19.2 -29.4 -24.5 -30.8
66.4 -24.8 8.6 14.2 37.1 6.4 5.6 -24.9 28.1 26.3 66.8 -48.4 -26.7 -26.3 -12.2 -29.4 -32 -46.7 -36.2 -16.4 -26.7 -20.2 -37.7 7.6 -19.5 -30.2 -26.3 -34
64 -21.2 8.8 12.7 34.6 2.9 3.3 -26.5 27 24.5 64 -51.6 -29.3 -29.2 -14.2 -31.5 -34.3 -49.2 -38.8 -17.9 -26.7 -19.6 -38 7.4 -20.2 -31.1 -28.1 -37.3
61.1 -21.7 6.1 9.3 31.7 0.1 1.4 -28.2 25.6 22.4 61.9 -54.4 -30.2 -30.8 -15.4 -33.4 -35.9 -50.7 -40.3 -17.7 -25.3 -18.5 -37 8.1 -20 -31.3 -27.8 -38.6
61.6 -21.1 7.3 10.2 32.4 0.2 2.3 -26.6 27 23.2 63 -54 -28.5 -29.8 -13.7 -32.7 -34.8 -49.8 -40.1 -17.5 -24.1 -17.6 -35.9 8.3 -19.8 -31.8 -27.2 -39.1
66.3 -14.7 14.4 16.7 37.2 3.1 5.8 -21.7 31.5 27.2 66.7 -51 -26 -27.2 -10 -29.7 -31.8 -47.4 -39.2 -18.5 -24.4 -17.7 -35.7 7.6 -20.6 -33.2 -27.8 -40.9
71.7 -8.7 21.4 23.3 42.3 7 10 -16.5 36.1 31.5 70.6 -47.5 -24 -24.2 -6.2 -25.8 -28.7 -44.7 -38 -18.7 -24.4 -17.5 -35.7 7.3 -21.2 -34.1 -28.4 -43.4
73.5 -9.8 21.9 24.1 43.4 9.3 11.9 -14.6 37.5 32.4 71.9 -45.8 -23.8 -22.6 -4.3 -23.5 -27.3 -43.6 -37.2 -17.5 -23.3 -16.7 -35 7.8 -21.2 -33.9 -27.8 -45.3
71.7 -14 18.1 20.9 40.7 8.9 11 -16.1 36 30.2 70.4 -47.3 -25.1 -22.8 -4.6 -23.9 -28.3 -44.8 -37.8 -15.8 -21.8 -15.6 -34.2 8.6 -21.1 -33.7 -26.8 -46.5
68.6 -17.2 13 16.5 36.8 6.9 8.9 -18.8 33.3 27.4 67.8 -50.5 -26.4 -23.9 -6 -25.6 -30.3 -46.7 -38.8 -13.6 -20.3 -14.3 -33.6 9.6 -20.5 -33.5 -25.4 -47.1
65.3 -22 6 10.7 33.1 5.2 6.8 -21.5 30.3 25.2 65.5 -53.1 -26.3 -24.6 -7.6 -27.4 -31.6 -47.9 -39.2 -11 -19.1 -13.2 -33.2 10.4 -19.6 -32.9 -23.6 -47
64 -28.4 0.6 6.4 31.6 5.4 6.3 -22.6 28.9 24.4 65 -53.2 -25 -24.2 -8.2 -27.9 -31.3 -47.6 -38.4 -9.7 -18.7 -13.1 -33 10.5 -19.2 -32.4 -21.9 -46.9
66.1 -31.9 0.6 7.2 33.8 7.8 8 -21.2 30.4 26.2 66.9 -50.6 -23.4 -22.8 -6.9 -26.4 -29.7 -45.9 -37.1 -10.5 -19.6 -14.1 -33.4 9.9 -20.4 -33 -21.7 -48.1
68.7 -30.7 3.1 10.3 37 9.7 9.8 -19.3 32.4 28.2 68.8 -47.9 -23.2 -22.2 -5.6 -24.8 -28.6 -44.7 -36.7 -12.7 -21.4 -16 -34.5 8.2 -23 -35 -23 -50.9
68.6 -30.1 2.5 10.2 37.5 9 9.4 -19.4 31.9 28.2 68.6 -47.3 -24.3 -23.1 -5.7 -25.1 -29.2 -45.1 -37.4 -13.4 -22.5 -16.7 -35.3 6.9 -24.5 -36.3 -23.2 -52.7
65.8 -34.4 -2.4 6.2 35.7 6.6 7.2 -21.4 29.2 26.3 66.9 -48.1 -25.2 -24.5 -7.1 -26.5 -30.3 -46.3 -38.4 -11.6 -21.4 -15.1 -34.4 7.1 -23.5 -35.3 -20.9 -52.3
63.5 -38.1 -5.9 3.4 34.7 4.5 5.5 -23.2 27.3 24.9 65.5 -49.2 -25.6 -25.3 -8.9 -27.7 -31.1 -47.5 -39 -9.6 -19.9 -13.5 -33.2 7.7 -22.4 -34.3 -19.2 -52.5
65.1 -33.9 -2.8 6.3 37.3 5.1 7 -22.1 29.2 26.6 66.8 -48.6 -24.5 -24.4 -8.4 -26.6 -30.2 -47.1 -38.3 -8.9 -18.9 -12.6 -32.4 8.3 -21.9 -34.1 -19 -54
69.5 -25.9 4.4 12.7 42.2 9 11.6 -17.8 34.3 31.1 71.3 -45.4 -21.1 -21.2 -4.8 -22.8 -27.2 -44.3 -35.5 -8.1 -17.5 -11.6 -31.4 9.2 -21 -33.3 -17.8 -54.4
73.5 -20.3 11.8 19.2 46.6 13.2 15.7 -13 39.1 35.6 75.8 -41.9 -18.2 -18.1 -1 -19 -24.6 -41.6 -33.3 -8.3 -17 -11.5 -31.6 9.2 -21.1 -33.1 -16.1 -54.3
76.2 -16.3 18.6 24.8 49.2 14.6 17.1 -10.3 41.7 37.7 77.5 -40.9 -18.2 -17.6 0.1 -17.6 -24.2 -41.3 -33.9 -10.8 -18.7 -13.3 -33.6 7.4 -23.2 -35 -16.3 -55.9
76.9 -12.3 22.8 27.6 48.9 13.1 15.9 -10.4 41.9 37.5 76.4 -42.6 -20.4 -19.1 -1.6 -18.9 -25.3 -42.7 -36.5 -13.5 -20.8 -15.2 -35.7 5.6 -25.2 -37.2 -17.6 -57.8
75.5 -10 22.2 26.3 46.2 10.7 13.6 -12.6 40.3 35.7 73.9 -45.2 -22.9 -20.8 -4.1 -21.4 -26.7 -44.3 -38.7 -13.6 -20.6 -14.8 -35.2 6.2 -24.6 -36.8 -17.3 -57
73.5 -10.4 19.4 23.4 43.3 9.1 12 -14.8 38.7 34.2 72 -47 -24.5 -21.5 -5.4 -23.1 -27.6 -45.1 -39.5 -11.7 -18.5 -12.8 -33.2 8.1 -22.6 -34.5 -15.8 -54.1
73.5 -10.3 19.3 22.9 42.6 9.4 12.4 -15.2 38.5 33.9 71.7 -47.5 -24.9 -21.5 -5.4 -23.3 -28.3 -45.6 -39.9 -11.2 -17.8 -12.6 -33 7.9 -22.8 -34.3 -16.1 -53.1
76.2 -5.5 24.1 26.5 44.9 11.4 14.9 -13 40.4 35.3 73.1 -46.6 -23.9 -20.7 -4.4 -22.6 -28.4 -45.7 -40.2 -13.5 -19.8 -15.1 -35.6 5.2 -25.5 -36.9 -19.1 -55.7
79.5 -0.7 29.1 30.7 47.8 14.3 18.4 -9.9 42.9 37.6 75.4 -45 -21.7 -19.1 -2.8 -21.3 -27.2 -44.8 -39.6 -15.8 -21.7 -17.1 -37.9 3.1 -27.4 -38.9 -21.7 -58.1
79.4 -3.2 28.1 30 47 14.8 19.3 -9.7 42.8 37.6 75.4 -45.2 -20.8 -18.8 -2.5 -21.5 -27.1 -44.9 -39.2 -16.8 -22.6 -17.6 -38.6 2.5 -27.6 -39.1 -21.9 -58
75.1 -11 21.1 24 41.5 10.8 15.5 -13.8 38.3 33.2 70.9 -49.6 -23.8 -21.8 -5.7 -25.1 -30.5 -48.4 -41.6 -18.1 -24.1 -18.8 -39.7 1.2 -28.4 -40.2 -21.8 -57.3
68.4 -19.5 10.9 14.5 33.5 5 9.2 -20.6 31.2 26.1 63.5 -56.4 -28.7 -26.7 -11.2 -30.5 -36.2 -54.1 -46 -19.4 -26 -21 -41.7 -1 -30.5 -42.5 -22.4 -56.9
62.2 -28 -0.2 4.3 26.3 1.1 4.3 -27 24.4 19.8 57.6 -61.3 -31.1 -30.3 -15.5 -34.8 -40.3 -58.2 -49 -18.7 -26.7 -22.3 -43.2 -2.6 -32.2 -43.8 -22.5 -55.8
59.6 -35.4 -7.2 -2.1 23.2 1 3.4 -29.6 21.4 17.2 56.5 -61.4 -29.8 -30.6 -16.6 -35.9 -40.7 -58.5 -48.7 -16.7 -26.1 -22.6 -43.8 -3.2 -32.6 -43.2 -22.3 -54.2
61.1 -38.9 -7.3 -2.4 24.4 3.2 5.6 -28.1 22.4 18.3 59.3 -58.1 -27.2 -29.1 -15.3 -35 -39 -56.5 -46.7 -16.3 -26.7 -23.8 -45 -4.3 -33.3 -42.9 -23.8 -53.8
63.2 -38.3 -4.8 -0.4 26 4.4 7.3 -26.2 23.9 20 61.7 -55.5 -26.5 -28.6 -14.6 -34.8 -38.2 -55.3 -45.9 -18.2 -29.2 -26.6 -47.5 -6.7 -35 -44.4 -26.3 -54.7
62.7 -38 -5.4 -0.5 25 3.7 6.8 -26.5 23 20 61.6 -55.3 -27.4 -29.5 -15.2 -35.8 -38.8 -55.8 -46.4 -18.5 -30.3 -27.7 -48.6 -7.6 -35.6 -45.3 -25.4 -53.2
59.5 -42.6 -10.6 -4.2 21.6 2.4 4.8 -29 19.7 18 59.8 -56.2 -28.4 -30.6 -16.3 -37.2 -40.1 -56.8 -46.6 -15.3 -28.4 -25.4 -46.9 -5.7 -33.7 -43.5 -20.4 -47.9
55.8 -47.7 -15.9 -8.6 17.8 1.2 2.4 -31.8 16.5 15.3 57.2 -58.2 -29.3 -31.8 -17.7 -38.9 -41.8 -58.1 -47.2 -12.3 -26.5 -23.3 -45.3 -3.9 -32.1 -41.7 -16.9 -43.4
55.1 -46.8 -16.1 -9.1 17 1.2 1.6 -32.4 16.1 14 56.1 -59.6 -29.8 -32.1 -18.5 -39.6 -43.1 -59 -48.1 -12.1 -26.5 -23.4 -45.3 -4 -32.5 -42 -17.8 -43
57.5 -42.7 -12.1 -5.8 19.9 3 3.2 -30.5 18.4 15.1 57.7 -58 -28.6 -31 -17.8 -38.4 -42.5 -58.2 -47.8 -13.2 -27.3 -24.5 -46 -4.8 -34 -43.1 -20.5 -44.5
61.2 -38.8 -6.1 -0.7 24.1 4.9 5.4 -27.9 21.3 17.6 61 -53.4 -27.1 -29.7 -16.6 -36.5 -40.8 -56.3 -46.3 -15.2 -28.6 -26 -47.2 -5.8 -35.5 -44.2 -22.5 -45.6
64.8 -33.6 1.6 5.6 28 5.2 6.6 -25.3 23.9 20.5 64.1 -48.2 -27.1 -29.3 -15.9 -35.4 -39.7 -54.8 -45.6 -18.3 -30.3 -27.7 -48.8 -7.4 -36.8 -45.4 -23.8 -45.8
66 -27.6 6.8 9.7 29.4 3.2 5.7 -24.7 24.7 21.3 65.1 -45.2 -29 -30.6 -16.6 -36 -40.6 -55.6 -46.9 -21.2 -31.4 -28.8 -50.2 -9.3 -37.5 -46.8 -25 -45.6
63.2 -24.8 5.8 8.6 27 -0.5 2.6 -27.2 22.8 19.3 63 -46.2 -32 -33.3 -18.6 -38.4 -43.1 -58.5 -49.9 -21.8 -31.2 -28.4 -50.3 -9.9 -37 -47.4 -25.5 -44.5
59.4 -25.6 2.7 5.9 24.2 -3.5 -0.1 -29.8 20.8 16.9 60.2 -49.7 -33.6 -35.1 -19.9 -39.8 -44.8 -60.9 -52.2 -20.2 -29.7 -26.7 -49 -8.3 -35.6 -46.4 -24.5 -42.3
59.2 -24.8 3.7 7 25.1 -3.7 0.2 -29.4 21.8 17 59.3 -54 -32.6 -34.4 -19.2 -38.7 -44.1 -60.7 -52 -18.8 -28.5 -25.1 -47.9 -6.6 -34.7 -45.2 -23.6 -41
62.6 -18.6 9.5 12.3 29.5 -1.5 3 -26.3 25.5 19.5 60.3 -57.8 -30.1 -32.1 -16.9 -36 -42 -58.6 -50.3 -19.6 -29.1 -25.3 -48.1 -6.5 -35.1 -45.2 -24.1 -41.2
65.4 -14.3 14.2 16.9 33.4 0.8 5.8 -23.7 28.6 22.2 61.7 -59.4 -28.1 -30.1 -14.6 -33.8 -39.8 -56.1 -48.1 -21.1 -30.2 -26.2 -48.3 -6.9 -35.1 -45.3 -24.3 -40.9
63.9 -18.6 12.4 15.6 33.4 0.4 5.5 -24.6 27.8 22.1 61.5 -59.7 -28.2 -30.5 -14.6 -34.3 -39.5 -55.6 -47.5 -21.9 -31.1 -27.3 -48.2 -7.4 -35 -45.4 -23.8 -39.8
59 -26.3 6.4 10.1 30.2 -2.7 2.2 -28.4 23.8 18.9 59.2 -60.1 -30.4 -33.1 -17.1 -37 -41.5 -57.6 -49.4 -21.6 -31.4 -27.7 -48.1 -7.6 -35.3 -45.8 -23.7 -39.1
54.2 -31.6 -0.6 3.4 26.3 -5.7 -1.5 -32.5 19.6 15.1 56.9 -59.9 -32.1 -35.1 -19.6 -39.4 -43.7 -59.5 -51.1 -19.1 -30.4 -26.6 -47.4 -6.4 -34.6 -44.7 -22.9 -37.8
51.2 -36.5 -8.3 -3.5 22.5 -6.3 -3.8 -35.5 16.2 12.4 55.6 -58.7 -32 -35.3 -20.7 -40.5 -44.7 -59.9 -50.5 -15.3 -28.4 -24.9 -46.1 -3.9 -32.6 -41.9 -20.4 -34.4
50.8 -42.3 -13.8 -8.2 19.9 -4.9 -4.2 -36.6 14.1 11.6 55.6 -57.4 -31 -34.7 -20.7 -40.4 -44.6 -59.3 -48.4 -13.4 -27.6 -24.8 -45.4 -2.3 -31 -39.8 -18.1 -31.1
52.4 -46.4 -15 -9.1 19.4 -2.9 -3.2 -36 13.8 11.9 55.8 -57.9 -30.4 -34.5 -20.5 -40 -43.9 -59.2 -47.2 -15.4 -29.8 -27.1 -46.9 -3.6 -32.1 -40.9 -18.5 -30.8
53.6 -46.9 -14.4 -8.4 19.3 -2.2 -2.3 -35.2 13.9 12 55.2 -60.3 -30.8 -35 -20.9 -40.3 -43.8 -59.6 -47.3 -19 -33.4 -30 -49.6 -6.4 -34.9 -43.2 -20.8 -32.7
52.4 -47.2 -16 -9.3 18.1 -2.7 -3.1 -35.7 13.2 11.1 53.8 -62.7 -31.2 -35.5 -21.6 -41.2 -44.2 -59.7 -47.2 -19.7 -34.5 -30.5 -50 -6.8 -35.3 -42.9 -21.1 -32.2
50 -51.6 -20.9 -12.9 15.3 -4 -6 -37.8 11.2 9.3 52.3 -64 -31 -35.8 -22.3 -42.2 -44.9 -59.3 -46.2 -16.3 -31.9 -28.1 -47.1 -3.6 -32.2 -39.3 -18.1 -28.2
48 -56 -25.6 -17 12.1 -6.1 -9.4 -40.5 8.6 7.2 50.3 -66.1 -31.3 -36.9 -23.7 -43.7 -46.2 -59.8 -46.3 -12.9 -29.3 -26.1 -44.6 -0.6 -29.3 -36.5 -15.9 -24.9
48.1 -54.7 -25.5 -17.6 11 -7.3 -10.2 -41.2 7.6 6.7 49.3 -67.7 -31.8 -37.6 -24.5 -44.3 -46.7 -60.6 -47.2 -12.1 -29 -26 -44.5 0 -28.4 -36.2 -16.2 -23.9
50.7 -50.1 -20.9 -13.9 13.8 -4.8 -6.6 -38.5 9.8 9.4 51.6 -65.2 -30.1 -35.9 -22.7 -41.9 -44.3 -58.9 -45.8 -12.2 -29 -26 -44.6 0.2 -27.4 -35.7 -16.1 -22.8
55.5 -44.7 -13.2 -6.9 19.7 0.8 -0.5 -33.5 15 14.5 56.9 -58.9 -25.9 -32.1 -18.4 -36.9 -39.8 -54.4 -42.1 -12.1 -28.3 -25.3 -43.7 1.6 -25.2 -33.7 -14.4 -20.6
60.9 -37.2 -3.5 1.7 25.7 5.5 5.1 -28.4 21.3 19.5 62 -53.2 -22.3 -28.8 -14.4 -32.5 -36.2 -50.3 -38.9 -12.4 -27.3 -24.6 -42.8 3.2 -23.1 -31.6 -13.2 -18.7
64 -29.1 3.2 7.2 28.3 6.5 7.2 -26 24.7 21.6 64 -51.5 -21.6 -27.6 -13.3 -31.6 -35.6 -49.2 -38.2 -12.8 -26.7 -24.3 -42.5 4.2 -21.8 -30.2 -13.2 -17.5
63.1 -24.8 3.5 6.6 26.4 4.3 5.4 -27.3 23.6 20 62.4 -53.2 -23.2 -29 -15.2 -34.5 -37.7 -50.9 -39.4 -12.3 -26 -23.8 -42.3 5 -20.9 -29 -13.6 -16
60.4 -25.6 0.4 3.7 23.2 2.1 2.5 -30.3 21 17 59.7 -55.2 -25.4 -31.4 -17.8 -37.9 -40.1 -53 -40.9 -11.8 -25.6 -23.7 -42.2 5.6 -20 -27.9 -14 -14.3
59 -26.7 -0.2 3 22 1.7 1.2 -32 19.9 15.4 58.3 -55.7 -27.1 -33.2 -19.7 -39.8 -41.4 -54.3 -42.3 -14 -27.4 -25.6 -43.9 4.4 -20.7 -28.5 -15.6 -14.1
60.2 -23.3 3.9 6 23.3 2.4 2 -31.2 20.8 16 58.6 -55.4 -28.5 -33.8 -20.7 -40.3 -42 -55 -43.8 -19.2 -31.9 -29.7 -47.6 1 -23.6 -31.3 -18.4 -16
62.7 -19.7 8.5 9.7 25.3 3.8 3.8 -29 22.6 17.9 59.7 -54.4 -28.7 -33.5 -20.6 -39.9 -41.6 -54.8 -44.1 -23.2 -35.5 -33.1 -50.3 -1.9 -26.1 -33.7 -20.1 -17.3
63.2 -22.1 8.1 9.5 24.7 4.3 4.1 -28.7 22.8 18.3 59.4 -54.3 -28.7 -34.1 -21 -40.1 -41.8 -55 -43.6 -23.8 -36.4 -34.3 -51 -2.7 -26.7 -34.2 -19.7 -17.2
60.7 -27.5 3.6 5.1 21.4 2.2 1.7 -31 20.3 15.8 56.7 -56.5 -30.4 -36.6 -23.4 -42.1 -43.8 -57 -44.3 -22.9 -36.1 -34.6 -51.1 -2.6 -26.8 -33.7 -19.2 -17
56 -32.5 -3.4 -1.9 16.9 -1.6 -2.2 -34.9 15.7 11.8 53.1 -60.1 -33.2 -39.9 -26.9 -45.1 -46.6 -59.8 -45.8 -21.8 -35.7 -34.7 -51.6 -2.1 -26.7 -32.7 -19.4 -16.8
51 -38.9 -12.1 -9.9 12.4 -4.8 -5.5 -39.1 10.8 8.1 50.7 -62.4 -34.6 -42 -29.3 -47.7 -48.7 -61.6 -46.5 -20.4 -35.4 -34.5 -52 -1.7 -26.1 -31.2 -19.7 -15.9
49.1 -45.6 -17.8 -14.1 10.6 -4.7 -5.9 -41 8.6 7 50.8 -61.9 -33.4 -41.6 -29.2 -48.2 -48.9 -61.2 -45.5 -19.2 -35.1 -34.2 -51.8 -1.6 -25.5 -29.9 -19.9 -15
52.5 -47.6 -16.5 -11.5 13.7 -0.8 -2.5 -38.4 11 9.7 53.7 -58.5 -30.5 -38.8 -26.6 -45.8 -46.7 -58.1 -43.1 -18.6 -35.2 -34.1 -51.4 -2 -25.4 -29.5 -20.3 -15
57.8 -44.2 -11.8 -6 18.9 4 1.7 -34 15.3 13.7 57.3 -54.6 -28.3 -35.5 -23.5 -42.3 -43.5 -54.5 -40.3 -17.8 -35.2 -33.7 -50.8 -2.1 -24.9 -29.6 -20.1 -15
59.8 -42 -10.3 -4 21.5 6.7 3.4 -32.1 17.3 15.6 59 -52.6 -27.4 -33.9 -21.8 -40.1 -41.4 -52.2 -38 -15.8 -33.9 -31.7 -48.9 -0.2 -22.6 -28 -17.4 -12.7
57.2 -45.9 -14.3 -7 20 6.1 2.1 -33.8 15.8 14.7 58.7 -52.8 -27.1 -33.8 -21.6 -39.7 -40.5 -51.5 -36.1 -12.9 -31 -28.1 -45.4 4 -18.4 -24.1 -12.2 -7.8
54.1 -49.7 -18.2 -10.4 17.9 4.2 1 -35.9 14 13.7 58.3 -53.9 -26.6 -33.8 -21.2 -39.8 -39.7 -51 -34.8 -10.4 -27.8 -24.3 -42 8.2 -14.4 -20 -7.2 -3.2
55.3 -46.3 -16 -8.5 19.8 4.5 3.5 -34.2 16 15.8 60.4 -53 -24.6 -31.4 -18.4 -37.6 -37 -48.6 -32.8 -8.3 -24.6 -21 -39.1 11.6 -11.3 -17 -3.6 0.1
60.4 -39.2 -9.2 -2.6 25.1 8.4 9.1 -29.1 21.8 20.8 65 -49.2 -20.4 -26.3 -13.3 -33 -32 -44.1 -29.2 -5.5 -21 -17.7 -36 14.3 -8.4 -14.4 -1.2 2.6
66.4 -33.5 -1.2 4.3 30.7 13.2 14.4 -23.7 27.5 26 69.8 -45.1 -16.4 -21.4 -8.8 -28.4 -27.7 -40.2 -26.2 -3.6 -18.6 -15.6 -34.3 15.6 -6.9 -13.2 -0.5 3.5
70.7 -28.4 6.6 10.8 33.8 15.6 16.6 -20.3 30.7 28.8 71.7 -43.9 -15.6 -20 -7.7 -26.6 -26.9 -39.8 -26.3 -4.9 -19.4 -16.2 -34.9 14.5 -8.1 -14.8 -2.3 1.8
70.5 -25.1 9.3 12.8 31.9 13.7 14 -21.6 28.9 26.5 68.5 -47.3 -19 -23.6 -11.4 -29.4 -30.6 -43.7 -30.4 -8.8 -22.8 -19.7 -38 11.2 -11.7 -18.7 -5.9 -1.8
64.9 -26.8 4 7.6 24.5 7.8 7 -28 22.5 19.3 61.2 -54.5 -24.9 -30.4 -18.6 -36.4 -37.4 -50.5 -37.1 -13.1 -26.7 -24 -42.1 7.5 -15.7 -22.8 -10.5 -5.9
57.9 -32.3 -3.9 0 16.7 1.3 -0.6 -35.5 15.1 11.7 54.2 -61.1 -30.5 -36.8 -25.7 -44 -44.2 -56.6 -43.3 -17.3 -30.3 -28.3 -46.3 4 -18.9 -26.4 -16 -10.4
54.3 -35.3 -7 -3.5 13.4 -2.6 -5 -39.8 10.9 7.8 50.6 -64.4 -34 -40.8 -30.2 -49.2 -48.7 -60 -47.3 -22.8 -35.1 -33.3 -51 -0.5 -22.8 -30.9 -22.6 -16.2
56 -31.3 -2.9 -0.7 15.5 -2.8 -5 -39.2 11.6 8.6 50.9 -64.1 -34.9 -41.8 -31.3 -50.3 -49.9 -60.5 -48.6 -27.9 -39.8 -37.3 -55.2 -4.8 -26.8 -35.3 -28.2 -21.8
60.2 -26 3.3 4.8 20.4 0.1 -1.8 -35.6 15.4 12.4 54.3 -60.8 -33.4 -40 -29.2 -47.1 -47.5 -58.2 -46.7 -28.8 -40.8 -37.4 -55.6 -5.4 -27.5 -36 -28.7 -23.2
61.7 -27.2 4.5 6.1 22.7 2 0.2 -34.1 17 14.5 56.5 -58.3 -32.2 -38.7 -27.5 -44.4 -45.4 -56.3 -44.6 -26.5 -38.8 -35.2 -53.8 -3.6 -26 -34.1 -25.8 -21.4
58.2 -33.1 -0.4 1 19.7 -0.4 -2.5 -37.3 13.5 12.1 54.1 -59.9 -34.4 -41.4 -29.9 -46.2 -47.2 -58.3 -46 -25.6 -38.4 -35.1 -53.9 -3.7 -26.4 -33.9 -25.1 -21.9
51.7 -40 -9.3 -7.9 13 -5.8 -8.7 -43.9 6.5 6.4 48.5 -64.6 -38.8 -46.9 -35.5 -51.9 -52.3 -63.3 -50.1 -26.8 -40.6 -37.6 -56.5 -6.6 -29.1 -36.6 -27.4 -25.4
45.2 -48.2 -20.2 -17.2 5.9 -10.2 -14.6 -50.4 -0.6 0.2 43.6 -68.7 -42.3 -51.5 -40.5 -57.9 -57.2 -67.8 -53.4 -28.2 -43.2 -40.4 -59.6 -9.7 -32.1 -39.4 -29.8 -29
41.9 -56.1 -27.5 -22.5 2.2 -10.9 -16.6 -53.2 -3.7 -3.3 42 -70 -42.7 -53.1 -42.2 -60.8 -59.2 -69.4 -54 -29.1 -45.1 -42.2 -61.7 -11.3 -34.2 -40.9 -30.4 -30.9
43.4 -59 -27.5 -21.3 3.7 -8.1 -14.3 -51.5 -2.1 -2.3 43.5 -68.8 -40.5 -51.7 -40.4 -59.4 -57.7 -67.9 -52.3 -30 -46.6 -43.2 -62.9 -11.8 -35.5 -41.7 -30.3 -31.9
47.2 -56.2 -23.4 -17.2 7.8 -4.3 -10.7 -47.9 1.6 1.5 46.5 -66.1 -37.7 -49.1 -37.4 -56.1 -54.8 -65 -49.7 -30.3 -47.6 -43.6 -62.9 -11.5 -35.8 -41.5 -30 -32.5
49.9 -53.5 -21.2 -15.1 10.7 -1.6 -8.6 -45.6 4 4.6 49.2 -62.8 -35.6 -47.3 -35.3 -53 -52.3 -62.4 -46.8 -28.3 -46.3 -41.8 -60 -9.5 -33.4 -38.9 -28.3 -31.3
49.5 -55.9 -23.6 -17.2 10.4 -0.8 -9 -45.6 3.8 5.2 50.7 -60.7 -34.7 -46.5 -34.4 -51.5 -50.9 -60.7 -44.2 -24.2 -42.5 -37.7 -55.1 -5.6 -28.9 -34.6 -24.7 -27.8
47.2 -59.1 -27.6 -20.9 8 -1.7 -10.9 -47.2 2.3 3.7 50.2 -61.6 -35 -47 -34.7 -51.8 -50.4 -60.3 -43.3 -21 -39.4 -34.2 -51.3 -2.4 -25.5 -32 -21.6 -25
45.8 -57.4 -27.9 -21.6 6.6 -2.7 -11.5 -48.4 2.4 3.1 49 -64 -35.7 -47.3 -34.8 -52 -50.1 -60.3 -43.9 -20.7 -38.7 -33.2 -50.5 -1.6 -25.1 -32.1 -20.7 -24.7
46.4 -54.2 -25.2 -19.2 7.5 -2.7 -10.6 -48 4 4.4 48.7 -65.2 -36.1 -46.7 -34.3 -51.1 -49.6 -59.8 -44.6 -22.9 -40.2 -34.6 -52.1 -3 -27.1 -33.7 -21.8 -26.1
48.3 -52.2 -20.6 -15 9.9 -2.1 -9.2 -46.3 6 6.1 49.2 -65 -36.8 -45.9 -33.6 -50 -49.3 -59.7 -45.3 -26.9 -43 -37.5 -54.8 -5.6 -30.4 -36.6 -24.4 -29.2
50.9 -47.8 -14.1 -9 12.8 -1.4 -7.9 -43.8 8.3 7.9 50 -64.3 -37.7 -45.3 -32.9 -48.7 -49.1 -60.4 -46.5 -31.1 -45.3 -40 -56.7 -7.9 -33 -39.4 -27.5 -33.1
52.2 -41 -8.9 -4.7 14.2 -1.7 -7.1 -41.9 10.3 8.9 50.6 -64.1 -38.5 -45 -32.3 -47.8 -49 -61.4 -47.5 -32.8 -45.5 -40.1 -56.2 -8.3 -33.4 -40.5 -29.1 -35.7
51.7 -36.6 -7.9 -4.7 13.5 -3.2 -7 -41.3 11 9 50.9 -64.7 -38.6 -44.8 -31.9 -47.3 -48.8 -61.7 -47.4 -30.8 -42.8 -36.9 -53.2 -6.1 -30.9 -39 -27.4 -35.2
51.6 -35.9 -7.8 -5.6 13.4 -4.3 -6.1 -40.5 12 9.7 52 -64.8 -37.5 -43.4 -30.3 -45.7 -47.6 -60.3 -46.1 -27.1 -38.5 -32.1 -48.6 -2.3 -27.4 -36.2 -23.8 -32.7
54.2 -33.6 -4.2 -2.7 15.8 -3.1 -3.5 -37.9 14.8 12.3 54.4 -63.1 -35.9 -40.8 -27.4 -42.8 -45.1 -57.9 -44.6 -25.1 -35.4 -28.9 -45.2 -0.1 -25.9 -34.9 -22 -31.8
59.8 -25.3 3.9 5.2 20.9 0.6 1.2 -33 19.9 16.8 58 -59.9 -33.5 -37.4 -23.1 -39 -41.9 -55.4 -43.4 -25.2 -34.5 -28.1 -44 -0.3 -26.7 -35.9 -22.9 -33.2
65.5 -17.4 11.7 13.4 26.5 5.5 6.6 -27.3 25.4 21.7 62 -56.4 -29.9 -33.3 -18.1 -34.6 -38.1 -52.7 -41.6 -24.6 -33.3 -27 -43.1 -0.3 -27.2 -36.7 -23.4 -34.2
67.4 -17.6 13.3 15.4 28.6 8.1 9.3 -24.4 27.7 23.5 63.5 -55.8 -27.1 -30.6 -15.1 -32 -36.2 -51.6 -40.7 -22.3 -31.5 -25.2 -42 0.5 -27.3 -36.7 -22.5 -34.2
65 -22.2 9.7 11.6 26.5 6.4 7.8 -25.2 25.9 21.6 61.4 -58.5 -27.3 -30.4 -15.3 -32.6 -37.5 -53.5 -42.2 -19.9 -29.9 -23.7 -41 1 -27.8 -37.1 -21.7 -34.7
60.7 -26.2 3.8 5.4 22.7 3.3 5.1 -27.5 22.7 18.5 58.2 -61.4 -28.4 -30.8 -16.6 -34.3 -39.3 -55.9 -44.3 -17.1 -27.6 -21.9 -39.1 1.9 -27.7 -37.4 -20.5 -34.9
57.3 -30.7 -2.9 -1 19.3 1.7 4 -29.3 20.4 16.9 56.6 -62.2 -27.9 -30 -16.6 -34.8 -39.4 -56.4 -44.3 -13.1 -24 -19.2 -36.2 3.6 -26.5 -36.4 -18.1 -33.8
56.9 -35.6 -6.8 -4 18.6 2.9 5.4 -28.9 20.5 17.8 57.8 -60.6 -25.4 -27.5 -14.4 -33.4 -37.6 -54.9 -42.3 -9.5 -20.8 -16.7 -33.8 4.9 -25.6 -35.2 -15.9 -33.1
60.2 -37 -5.2 -1.3 21.7 6.6 8.8 -26.1 23.5 20.8 61.1 -57.3 -22.2 -24 -10.6 -30.2 -34.9 -52.1 -40 -8.2 -20.1 -15.7 -33.1 4.6 -26.5 -35.7 -15.6 -35.1
64.5 -34 -1.1 3.4 26.1 10.7 12.1 -22.5 27.1 24.1 64.5 -54 -19.5 -20.5 -7 -27 -32.5 -49.4 -38.6 -7.9 -20.7 -15.6 -33.2 3.6 -27.8 -37.2 -15.7 -38.1
66.4 -31.8 0.2 5.2 28.2 13 13.7 -20.1 28.9 26.1 66.4 -52.1 -17.6 -17.9 -5 -25 -30.8 -47.8 -37.8 -6 -19.2 -13.9 -31.7 4.8 -26.9 -37.1 -13.3 -38.4
64.8 -34.9 -3.2 2.4 26.8 12.9 13.2 -19.7 28.2 26 66.4 -52 -16.8 -16.7 -4.4 -24.4 -30 -47.6 -37.1 -2 -15 -10.2 -28.5 8.1 -23.8 -34.8 -8.7 -35.6
61.5 -39.4 -7.8 -1.6 23.8 10.5 11.1 -21.3 25.9 24.1 64.6 -53.9 -18 -17.6 -5.5 -25.4 -30.7 -49.1 -37.7 0.5 -12 -8.2 -27.1 9.9 -22.2 -33.6 -6 -34.2
59.7 -39.2 -8.5 -2.3 22.7 7.7 9.1 -23 24.8 22.4 63 -55.8 -20.1 -19.3 -7.1 -27.1 -32 -50.9 -39.2 -0.9 -12.6 -9.4 -28.6 8.2 -23.8 -35.2 -7.1 -36.6
60.5 -36 -5.2 0.9 24.7 7.1 9.4 -23.1 26.3 22.9 63.7 -55.1 -20.4 -19.5 -7.1 -27.3 -32 -50.9 -39.8 -4.1 -15 -11.8 -30.6 5.5 -26.7 -37.4 -10 -40.8
64.1 -32.1 1.7 7.1 29.3 9.2 12.2 -20.5 30.3 26 66.8 -51.8 -18.4 -17.8 -5.1 -25.4 -30.3 -48.8 -39 -6.9 -16.9 -13 -31.7 4 -28.7 -38.8 -12.8 -44.5
69.3 -25.6 11.4 15.6 35 12.3 16.1 -16 35.1 30.4 70.5 -48.1 -16.2 -15.6 -2.5 -22.7 -28 -46.5 -38.1 -8.7 -17.1 -12.9 -32 4 -28.9 -39.8 -14.3 -47
72.7 -17.9 18.7 22 38.5 13.8 18.3 -12.9 37.8 33.5 72.5 -46.3 -15.5 -14.6 -1.2 -21.5 -27.2 -45.9 -38.2 -8.5 -15.9 -11.9 -32 5 -27.7 -39.9 -14.3 -48.1
71.3 -14.5 19.3 22.3 37.4 12.3 16.7 -14.1 36.7 32.7 71.4 -47.2 -16.8 -16 -2.6 -23.1 -28.7 -47 -39.4 -7 -14.1 -10.8 -31.7 5.8 -26.2 -39 -13.4 -48.2
67.6 -16.2 16 18.9 34.1 9.2 13.3 -17.3 34.2 29.8 68.7 -49.7 -18.6 -18.7 -5.4 -25.9 -31.3 -48.8 -41.1 -6.3 -13.4 -10.7 -32 5.6 -26.2 -38.4 -13.1 -48.5
66.8 -16.7 15.4 18 33.3 7.7 11.9 -18.4 33.5 28.5 67.5 -51.2 -19.2 -20.2 -7.1 -27.3 -32.9 -49.9 -42.1 -7.8 -14.4 -12.1 -33.6 4 -28.1 -39.4 -14.3 -49.7
70 -11.6 20 21.6 36.5 8.9 13.9 -16.2 36.1 30.1 68.8 -50.2 -18.2 -19.4 -6.4 -26.1 -32.5 -49.4 -41.9 -10.1 -16.3 -14.3 -35.7 2.1 -30.7 -41.6 -15.9 -51.1
74 -6 25.2 25.6 40.7 12.1 17.3 -13 39.7 32.9 71.7 -47.1 -15.9 -16.9 -4.1 -23.5 -30.4 -47.3 -40.2 -10.7 -16.7 -15.1 -36.6 1.6 -31.5 -42.3 -15.6 -50.8
75.2 -6.8 25.4 25.3 41.9 14.2 18.7 -12.1 40.4 33.6 73.4 -44.8 -14.5 -15.5 -2.9 -22.4 -29.1 -45.8 -38.9 -9.4 -15.9 -14.4 -36.6 2.4 -30.5 -41.5 -14.1 -49.9
72.4 -11.9 20.4 21 39 12.9 16.3 -15.2 37 30.7 71.6 -46.1 -16.6 -17.5 -4.8 -24.7 -30.8 -47.6 -40.1 -8.5 -15.9 -14.6 -37.6 2.2 -30.3 -41.6 -14.8 -51.4
67 -17.8 12.1 14.5 33.2 9 11.2 -20.9 31.1 25.5 67 -49.9 -20.8 -21.6 -9.1 -29 -34.7 -51.8 -43.4 -8.2 -16.7 -15.9 -39 0.9 -31.1 -42.7 -17 -53.8
61.6 -24.2 2.5 7.3 27.2 6.1 7 -25.8 25.6 21.2 62.7 -53.7 -22.7 -24.2 -12.5 -32.3 -37.5 -54.7 -45.6 -6.7 -16.9 -16.2 -39.1 0.3 -31 -42.6 -17.1 -53
60.5 -29.3 -2.2 3.9 24.6 7.3 6.9 -26.4 24.1 20.9 61.9 -55.7 -20.3 -22.8 -11.9 -32 -37 -53.9 -44.6 -4.2 -15.9 -15.3 -37.9 1.3 -29.4 -40.8 -14.8 -49.2
64.1 -30.6 0 5.7 26 11.2 10.2 -23.3 26.4 23.6 63.5 -56.6 -16.4 -19.5 -8.8 -29.3 -34.5 -51.1 -42.2 -3.1 -16.1 -15.5 -37.8 1.9 -28.8 -39.9 -14.2 -47.2
67.2 -30 2.8 7.5 27.1 13.7 12.1 -21.5 28 24.7 63.7 -58.4 -15.2 -18.8 -7.8 -28.4 -33.9 -50.2 -41.5 -4.9 -18.5 -18.1 -39.9 0.2 -30.8 -41.6 -16.8 -49.4
65 -33 -0.2 4.3 24.3 12.1 9.9 -24.2 25.5 21.7 60.7 -62 -17.9 -22.2 -11 -31.4 -36.6 -52.7 -43.2 -7.8 -21.7 -21.4 -43 -2.4 -33.4 -43.8 -19.9 -52.2
58.1 -42.1 -9.1 -3.9 17.7 7.2 4.1 -30.7 18.8 15.6 55.9 -66.5 -23.1 -28 -17.1 -37.2 -41.8 -57.6 -46.5 -10.2 -24.4 -23.9 -45.8 -4.3 -34.8 -44.9 -21.9 -53.5
51.6 -49.8 -17.5 -11.6 11 1.7 -2 -37.3 12 9.9 51.4 -69.8 -28.3 -33.3 -22.9 -42.7 -46.8 -62.3 -49.9 -12.4 -27.2 -26 -48.5 -5.7 -35.6 -45.6 -23.7 -54
50.5 -48.6 -18.4 -12.7 9.2 -0.5 -4.2 -39.1 10.7 8.8 50.5 -69.5 -29.8 -34.4 -24.4 -43.8 -47.6 -63 -50.6 -13.6 -28.5 -26.7 -49.4 -5.6 -35.1 -44.9 -24.2 -52.8
54.7 -42.4 -12.8 -7.4 13.1 2.3 -0.9 -35.3 15.2 12.8 54.4 -65 -26.4 -30.7 -20.7 -39.8 -43.3 -59 -47 -12.6 -27.2 -25.5 -47.4 -3.2 -32.4 -42.2 -21.6 -48.3
61 -36.2 -3.8 0.9 19.5 7.3 5.2 -28.8 21.9 18.8 60.3 -58.2 -21.6 -25.7 -15.2 -33.8 -37.6 -53.7 -42.2 -11.3 -25.3 -23.5 -44.5 -0.3 -29.1 -39.1 -18.5 -42.9
66.5 -30 6.1 9 25 10.7 9.8 -23.5 27.5 23.7 64.4 -53 -19.7 -23.5 -12.1 -29.8 -34.5 -50.7 -40.1 -12.5 -25 -23 -43.3 0.9 -27.4 -37.8 -18.3 -40.4
67.6 -25.1 10.9 12.1 26.2 10 10.1 -22.5 28.6 24.6 64.2 -52.4 -21.8 -25.2 -13.2 -30.6 -36 -51.6 -41.7 -15.6 -26.6 -24.3 -44.3 0.1 -27.7 -38.5 -20.6 -40.9
63.4 -24.8 8.1 9.1 22.6 6.1 6.5 -25.8 25.1 21.3 60.2 -56.5 -25.7 -29.2 -16.8 -34.8 -40.1 -55.4 -44.9 -17.6 -28.1 -26 -45.4 -1 -28.3 -39.3 -21.8 -40.7
58.9 -27.8 3.2 4.7 18.5 2.8 3.5 -29.3 21.2 17.1 56.1 -61.4 -28 -31.6 -19.3 -38.3 -43.2 -58.5 -46.8 -17.6 -28.1 -26.4 -45.3 -0.6 -27.9 -38.8 -20.5 -38.3
58.9 -28.4 3 4.1 17.7 2.5 3.9 -29.7 20.6 15.6 54.9 -63.7 -27.1 -31.1 -19 -38.6 -43.2 -59 -46.6 -17.2 -28.2 -26.3 -45.4 -0.2 -27.7 -38.2 -20.1 -36.3
63.1 -23.5 8.6 8.2 20.6 4.6 6.6 -26.9 23.6 17.3 56.4 -62.5 -24.7 -29.2 -17.2 -36.5 -41.3 -57.6 -45.5 -18.2 -29.6 -27.3 -46.8 -1.2 -28.9 -38.8 -22.6 -36.4
67 -19.3 14.2 12.6 23.8 7 8.9 -23.9 26.7 19.8 58.3 -59.8 -23.2 -27.9 -16 -34.7 -39.4 -56 -44.6 -20 -31.4 -28.9 -48.3 -3 -30 -39.5 -25.8 -36.3
65.8 -22.2 12.9 11.5 22.5 6.3 7.4 -25 25.6 19.2 57.2 -58.9 -24.9 -29.3 -17.6 -35.7 -40.2 -56.5 -45.3 -22.2 -33.6 -31 -50.2 -4.7 -31 -40.2 -27.9 -35.6
59.8 -28.4 5.8 5.2 16.8 1.6 2.2 -30 20.5 14.9 53 -61.5 -29.8 -33.5 -21.7 -39.6 -43.8 -59.5 -47.8 -24.7 -35.9 -33.4 -52.3 -6 -32.2 -41.2 -29.2 -35.4
53.1 -33.4 -3 -2.2 10.9 -3.8 -2.9 -35.6 14.7 9.8 49 -65.1 -34.2 -37.5 -25.2 -43.5 -47.3 -62.6 -49.8 -25.7 -36.7 -34.5 -52.9 -5.8 -32.2 -40.9 -28.8 -34.4
49.1 -38.5 -11.4 -8.6 8 -6.4 -5.2 -38.9 10.9 6.8 47.7 -66.9 -35.3 -38.5 -26.4 -45.6 -48.7 -63.2 -49.3 -23.9 -35.4 -33.3 -51.1 -4.1 -30.3 -38.6 -26.4 -30.4
49 -43.5 -15.6 -11.1 9.3 -5.2 -4.3 -38.9 10.6 7 49.2 -65.8 -33.5 -36.6 -25.1 -45 -47.8 -61.3 -47 -21.5 -34.1 -31.5 -49.1 -2.3 -28.2 -35.8 -24.3 -25.5
52.3 -44.9 -13.7 -8.9 13.4 -1.7 -1.5 -36.2 13.5 9.8 52.3 -62.9 -31 -33.6 -22.4 -42.8 -45.4 -58.6 -44.7 -21.1 -34.5 -31.3 -48.9 -1.8 -27.8 -34.7 -24.8 -23.1
55.8 -42.9 -9.7 -5.8 16.9 1 0.8 -33.3 16.3 12.5 55 -60.4 -29.4 -31.4 -20.3 -40.6 -42.9 -56.8 -43.5 -22.1 -35.7 -32 -49.8 -2 -28.6 -34.7 -26.3 -22.9
55.7 -43.1 -9.9 -6.6 16.6 0.6 0.5 -33.2 16.1 13 55.8 -59.8 -29.9 -31.2 -20.1 -39.7 -41.9 -56.7 -42.9 -21.9 -35.3 -31.7 -49.6 -1.1 -28.1 -34 -26.1 -21.9
51.7 -48.9 -16.3 -12.2 12.4 -2.7 -2.7 -36.4 12.4 10.5 54 -60.6 -32.1 -33.4 -22.4 -40.8 -43.4 -58 -42.9 -20.3 -33.9 -30.4 -48.3 0.9 -26.3 -32.2 -24.1 -19.3
47.4 -54.4 -23.5 -18.3 7.3 -6.6 -6.6 -40.3 7.9 6.8 51.1 -61.5 -35.3 -36.8 -25.5 -43.5 -46.3 -60.1 -43.6 -19.4 -34 -30.3 -47.6 1.6 -25.3 -31.3 -22.8 -16.9
46.5 -53.9 -24.7 -19.3 5.8 -7.9 -8.1 -41.4 6.6 5.4 49.7 -61.5 -37.2 -38.8 -27 -45.4 -47.8 -61 -44.1 -20.4 -35.6 -31.3 -47.6 0.9 -25.5 -31.8 -23.1 -15.7
48.7 -50.6 -20.6 -15.7 8.5 -6.1 -6.6 -39.6 9 7 50.4 -61 -36.7 -38.2 -26 -45 -46.7 -60.1 -43.9 -21.9 -36.6 -32.1 -47.9 -0.1 -25.9 -32.3 -23.9 -14.9
51.8 -47.5 -13.9 -10.1 12.5 -4 -4.4 -37.2 12.3 9.8 52 -61.3 -35.6 -36.9 -24.3 -43.3 -45.2 -58.8 -43.5 -23.7 -37.5 -33 -48.9 -1.1 -26.3 -32.8 -24.9 -14.6
54.3 -42.4 -6.1 -3.8 15.5 -3.7 -3.3 -35.2 15.2 12.1 53.6 -62.3 -35.9 -36.9 -23.5 -41.9 -44.4 -58 -43.7 -26.5 -39.2 -34.2 -50.5 -2.2 -26.7 -33.2 -26.5 -14.9
54.8 -35.9 -0.9 -0.3 15.7 -5.6 -4.3 -34.5 16.5 12.9 54.4 -63.1 -37.5 -38.1 -23.9 -41.5 -44.3 -57.6 -43.7 -28.1 -40.1 -34.5 -50.9 -2 -26.1 -32.4 -27.3 -14.4
53.2 -32.9 -0.9 -1.1 13.5 -8.7 -6.4 -35.2 16 12.5 54.2 -63.1 -38.8 -39.4 -24.6 -41.9 -44 -57.2 -42.9 -26.6 -38.4 -32.7 -48.7 0.6 -23.6 -29.3 -25.9 -12
51.5 -34.2 -2.9 -2.8 11.8 -11.1 -7.7 -35.7 15.5 12.5 54.5 -61.7 -38.8 -39.5 -24.5 -42 -43.4 -56.6 -41.1 -23.8 -35.2 -29.8 -45.7 4.4 -20.5 -25.6 -23.6 -9.2
52.1 -34.3 -1.9 -1.4 13 -11.3 -7 -35 16.7 13.7 55.9 -59.1 -37.2 -38.4 -23.3 -41 -42.6 -55.7 -39.2 -22.8 -34 -28.5 -44.8 6 -19.3 -24.1 -23.2 -9
55.3 -29 3.6 3.9 17.2 -9.1 -4.5 -32.5 19.8 16.3 58.6 -56 -34.7 -36.2 -21.5 -38.9 -41.4 -54.3 -37.8 -24.3 -35.1 -29.4 -46.1 4.8 -20.3 -25.4 -25.5 -11.6
58.8 -23.9 9.3 9.4 21.5 -5.8 -1.4 -29.7 23 19.1 61.5 -53.2 -32.5 -34.3 -20 -36.5 -39.8 -52.4 -36.8 -26.2 -36.3 -30.8 -47.2 3.3 -21.5 -26.9 -28.1 -13.4
58.2 -25.8 9 9.4 21.7 -4.3 -1.2 -30.1 22.7 18.8 61.7 -53.6 -33.4 -34.8 -20.8 -36.6 -39.8 -52.2 -37 -27.9 -37.3 -32.4 -48.2 2.2 -22.5 -27.9 -30.2 -14.1
53.6 -31.8 3.4 4 17.1 -6.2 -4.5 -34.1 18.4 14.5 57.7 -58.5 -37.7 -38.5 -24.4 -40 -42.5 -55.1 -39.4 -29.4 -38.9 -34.6 -49.8 0.9 -23.9 -28.9 -32.1 -15.2
48.2 -37.2 -4.8 -3.7 10.9 -9.1 -8.8 -38.9 12.8 9.2 51.9 -64.5 -41.4 -42.1 -28.1 -44.1 -45.9 -58.7 -42.1 -28.9 -39.2 -35.2 -50.7 0.3 -24.3 -29.1 -31.9 -15.2
44.1 -42.4 -13.6 -10.9 5.7 -10 -11.2 -42.4 8.2 5.4 47.7 -67.7 -41.5 -43 -29.6 -46.5 -47.9 -60.6 -43 -25.6 -37.3 -33.3 -49.9 1 -23.2 -28.1 -28.5 -12.6
43.3 -46.7 -18.5 -14.4 3.7 -7.6 -10.5 -43 6.8 4.4 47 -66.6 -38.5 -41.2 -28.8 -46.4 -47.7 -60.3 -41.9 -22.1 -35.1 -31.2 -48.7 1.6 -22.2 -27 -24.3 -9.4
47 -47 -16.6 -12.7 5.7 -2.7 -6.3 -40.1 9.2 6.7 49.7 -62.9 -34.1 -37.5 -25.7 -43.8 -45.7 -58.2 -40 -19.9 -34.2 -30.5 -48.4 1.4 -22.4 -27.2 -21.4 -8
52.2 -43.9 -12.3 -9.2 9.3 2.1 -2 -36.5 12.7 9.7 53.3 -59.8 -30.4 -33.9 -22.2 -40.7 -43.2 -55.9 -38.7 -18.1 -33.6 -30.4 -48.6 1.1 -23.1 -27.9 -19.3 -7.8
54.1 -43.2 -11.8 -8.6 10.9 3.7 -1 -35.4 13.8 10.9 54.7 -58.7 -28.4 -31.9 -20.7 -39.3 -41.8 -54.5 -38.3 -15.2 -31.9 -29.2 -47.6 2.1 -22.5 -27 -16.4 -6.6
51.8 -48.5 -16.8 -12.4 9.2 1.5 -3.5 -37 11.6 9.7 53.5 -59.6 -28 -32.2 -21.9 -40.2 -42.2 -54.7 -38.8 -11.4 -29.4 -26.9 -45.3 4.2 -20.6 -24.8 -12.7 -4.2
48.1 -53.8 -22.7 -17.2 6.1 -2.3 -6.9 -39.8 8 6.9 50.9 -61.9 -28.9 -34.3 -24.4 -42.7 -44.3 -56.4 -40.1 -9.2 -28.3 -25.9 -44 5.1 -19.8 -24.1 -11.1 -3.7
47.6 -52.2 -23.3 -17.3 5.3 -3.5 -7.3 -40.6 7 5.8 50.2 -63.2 -28.8 -35 -24.9 -43.8 -45.4 -57.4 -40.8 -9.2 -28.3 -25.9 -43.5 4.6 -20.3 -25.3 -11.6 -5
51.8 -46.2 -17.7 -11.9 8.8 -0.1 -3 -37.2 10.4 8.7 52.8 -61.3 -25.7 -31.9 -21.8 -40.9 -42.9 -55.6 -39.4 -8.7 -27 -24.7 -42 5.2 -20 -26 -11.2 -5.2
58.8 -39.7 -8 -3.6 14.9 5.7 3.4 -30.7 16.4 14.3 57.1 -57.4 -21 -26.7 -16.9 -35.6 -38 -52 -36.7 -7.6 -24.9 -22.4 -39.9 7.2 -18.8 -25.5 -8.9 -4
65.2 -32.7 2.6 4.8 20.9 9.5 8.2 -24.7 22.1 19.5 60.4 -54.7 -18.1 -23.5 -13.1 -31.3 -34.3 -49.2 -35.4 -8 -23.9 -20.6 -39.2 8.5 -18.2 -25.5 -7.3 -4
66.8 -27.5 7.7 8.4 22.7 8.7 8.3 -23.3 23.9 20.6 60.1 -55.6 -18.8 -24.4 -12.8 -31 -34.5 -49.6 -37.3 -9.6 -24.3 -20.7 -40.2 8.1 -19 -26.8 -7.5 -5.8
63.3 -27.2 4.9 5.4 19.2 4.8 4.5 -26.6 21.1 17.4 56.8 -59.3 -22.2 -27.8 -15.5 -34.1 -37.5 -52.7 -41 -10.2 -24.4 -20.9 -40.7 7.7 -19.6 -28 -8 -7.8
59.5 -29.6 0.3 1 15.2 2.2 1.4 -30.1 17.9 14.3 54.1 -62 -24.9 -30 -17.9 -36.6 -40 -55.3 -43.2 -9.5 -23.3 -20 -39.8 8.7 -19.2 -27.8 -7.4 -8.5
58.9 -28.9 0.3 0.8 14.6 2.8 1.8 -30.3 17.6 14.2 54 -62 -25 -29.7 -18 -36.7 -40 -55.6 -43.5 -9.8 -23.3 -19.6 -39.2 8.8 -19.8 -28.3 -7.1 -9.4
60.7 -23.4 5.1 5.3 17.4 5.2 4.8 -27.6 19.9 16.5 55.7 -60.4 -23.4 -28.6 -16.6 -35.5 -38.6 -54.6 -43.2 -12.1 -25.2 -21.2 -40.5 6.7 -22.1 -30.7 -8.3 -11.9
62.6 -19.5 10.2 10.3 21 7.6 8.1 -24.7 22.6 19 58.1 -58.5 -21.5 -27.3 -15.1 -34.1 -36.8 -53.3 -42.6 -14.1 -27.2 -23.3 -42.3 4.1 -23.8 -32.9 -9.8 -14.7
63 -21.8 10.3 10.9 22.3 8.3 8.7 -24.6 22.8 18.9 59.2 -57.4 -21.2 -27 -15.2 -33.9 -36.7 -53.2 -42.2 -14.6 -28.4 -24.5 -43.4 2.7 -24.5 -33.4 -10.6 -16.5
61.7 -26.5 5.8 6.7 20.4 6.5 6.2 -27.7 20 16.1 58 -58.2 -23.2 -28.7 -17.4 -35.6 -38.8 -54.9 -43 -14 -28.5 -24.9 -43.8 2.4 -24.7 -33 -10.7 -17.2
58.9 -30.3 -1.5 -0.4 16.8 3.6 2.6 -31.9 16 12.6 55.6 -60.1 -25.9 -31.3 -20.1 -38.1 -41.6 -57 -44 -12.5 -27.6 -24.5 -43.5 2.9 -24.4 -31.8 -9.4 -16.2
55.5 -35.2 -10.2 -7.9 12.7 1.6 -0.4 -35.4 12.3 9.5 53.5 -61.1 -27.2 -33.1 -22 -40 -43.5 -58.2 -44.1 -10.6 -26.7 -23.7 -42.5 3.6 -23.7 -30.3 -7 -14.5
54.5 -40.2 -15 -11.2 11.6 2.2 -0.8 -35.9 11 9.3 53.8 -59.5 -26.4 -32.6 -21.5 -40.3 -43.3 -57.5 -42.9 -9.6 -26.7 -23.4 -41.9 3.7 -23.3 -29.3 -5.4 -14
57.7 -41.2 -12.8 -8.6 15 5.3 2.1 -32.8 13.6 12.7 57.5 -55.7 -23.8 -29.7 -18.7 -38.3 -40.7 -54.4 -40.4 -10.1 -27.4 -24 -42.3 3.3 -23.6 -29.6 -5.9 -15.6
61.4 -39.2 -8.9 -4.9 19.2 7.5 5.2 -29.5 17 16.4 61.1 -52.8 -22.2 -27 -16.1 -35.8 -38.1 -51.1 -37.8 -11.3 -28.2 -24.6 -43.1 2.8 -24.2 -30.6 -7.9 -18.5
60.6 -40.1 -9.6 -5.3 19.5 6.1 5.1 -29.2 17.4 16.8 61.3 -53.3 -23.4 -27.1 -15.9 -35.3 -37.7 -50.5 -37 -12 -28.3 -24.3 -42.8 3.1 -24 -30.7 -9.1 -20.7
55.1 -47.1 -16 -10.8 14.7 1.5 0.9 -32.9 13.5 13.1 57.5 -57.1 -27.4 -30.4 -18.6 -37.4 -39.9 -53.1 -38.6 -12.4 -28.2 -23.8 -41.7 3.6 -23.4 -30 -8.7 -21.3
48.6 -54.2 -23.1 -17 8.5 -4.2 -4.9 -38.3 8.5 8 52.3 -61.8 -32.6 -34.9 -22.7 -41 -43.2 -56.7 -41.3 -13.9 -29.3 -24.5 -41.6 3 -24.1 -30.3 -8.7 -21.8
46.6 -53.8 -23.8 -17.2 7.2 -6.9 -7.1 -40 7.9 7 51.6 -62.6 -34.9 -36.3 -23.6 -41.9 -43.6 -56.8 -41.7 -14.9 -29.5 -24.5 -41.3 3.3 -24.3 -30.3 -8.2 -22
50.9 -47.4 -16.9 -10.4 12.9 -4.3 -3.1 -35.5 13.4 12.6 57.6 -57 -31.5 -32 -19.1 -37.5 -38.6 -51.5 -37.5 -13.2 -26.8 -21.8 -38.6 6.6 -21.5 -27.6 -4.9 -20
57.9 -39.8 -6.3 -0.1 21.8 0.7 3.8 -28.1 21.7 21.4 66.2 -48.6 -25.8 -25.4 -12.7 -30.6 -31.7 -44.4 -31.7 -10.7 -23.3 -18.3 -35 10.7 -17.5 -23.9 -0.8 -17.7
62.5 -32.7 3.7 9.3 28.6 3.7 8.4 -22.5 28 27.9 71.9 -42.5 -22.9 -21.9 -9.2 -26 -27.8 -40.5 -28.6 -10.7 -22.3 -16.9 -33.7 12 -16 -23 0.1 -18.2
61.9 -28.1 7.8 12.5 29.9 2.2 7.8 -22 29.1 28.7 72.4 -41.2 -24.8 -23.3 -10.5 -26.3 -28.8 -41.2 -29.8 -12.9 -23.7 -17.9 -35.1 10.6 -17.3 -24.7 -2.4 -21.1
57.3 -28.4 5.2 9.1 26.9 -2.3 3.6 -25.4 26.2 25.4 70.1 -42.7 -28.6 -27.3 -14.4 -29.7 -32.2 -44.3 -32.7 -14.1 -24.6 -18.8 -36.3 9.4 -18.3 -25.7 -4.6 -23.2
54.2 -30.8 2.4 5.8 25 -5.2 0.7 -27.7 24.3 23.7 69.6 -41.7 -30.1 -29.1 -16.2 -31.4 -33.4 -45.2 -33.7 -12.7 -22.9 -17.7 -35.1 10.9 -16.5 -24 -4.1 -23
56.7 -28.7 5.6 8.2 28 -3.8 1.9 -25.9 26.9 26.5 72.9 -36.5 -28 -27 -13.8 -29.3 -30.6 -42.1 -31.8 -10.6 -20.2 -15.9 -32.9 13.7 -13.5 -21.6 -2.5 -21.9
62.7 -21 13.6 15.6 34 -0.3 5.8 -21.8 32.1 31.7 77.4 -32.2 -25.2 -23.7 -9.6 -25.6 -26.6 -37.8 -29.4 -10.6 -19.5 -15.4 -32.2 15 -12.1 -20.8 -2.3 -22.1
66.1 -15.9 19.4 21.2 38.1 2.1 8.5 -19.1 35.7 34.9 78.8 -33.6 -24.1 -22.3 -7.3 -23.2 -24.5 -35.9 -28.6 -13 -20.9 -16.2 -33.2 14.2 -12.7 -21.6 -3.5 -23.1
63.8 -19.1 17.6 19.5 36.4 1.3 7.1 -20.6 34.5 33.1 75.4 -40.4 -26.1 -24.3 -9 -24.4 -25.9 -37.7 -29.6 -16.2 -23.6 -17.8 -35.2 12 -14.6 -23.3 -5.4 -24.9
57.5 -25.9 9.9 12.4 29.8 -2.4 1.9 -25.5 29.2 27.7 69.4 -48.6 -30.4 -28.7 -13.8 -28.5 -30.1 -42.4 -32.2 -19.1 -26.3 -19.7 -37.4 9.9 -16.7 -25.3 -7.9 -27.6
50.7 -32 -0.1 3.4 22 -6.8 -3.9 -31.5 22.6 21.7 64.2 -54.7 -34.5 -33 -18.8 -33.1 -34.5 -46.9 -34.8 -20.1 -27.7 -20.8 -38.5 9.1 -17.6 -26.6 -9.9 -29.7
45.4 -38.3 -10 -5.2 15.8 -9.8 -8 -36.6 17 17.4 61 -58.2 -36.4 -35.2 -21.3 -36.1 -36.9 -49.1 -36 -19.1 -27.7 -21 -38.2 9.3 -17.2 -26.5 -10.2 -30.5
44.6 -43.3 -14.5 -9.4 14.2 -10 -8.6 -37.8 15.5 16.8 61.1 -58.5 -35.7 -34.8 -20.6 -35.8 -36.1 -48.1 -35 -18.3 -27.2 -21 -37.7 9.6 -16.6 -25.7 -10.2 -31.5
49.4 -43.3 -11.5 -6.9 17.4 -6.9 -5.6 -34.6 18.5 19.9 64.2 -55.8 -33 -32.2 -17.6 -32.7 -32.9 -44.9 -32.6 -19 -27.8 -21.6 -37.8 9.4 -17.3 -25.8 -11.1 -33.8
54.8 -39.8 -6.7 -1.9 21.3 -2.6 -1.5 -30.6 22.5 23.2 67.1 -53.1 -30.3 -29.3 -14.7 -29.5 -30.2 -42.3 -30.5 -20.2 -29.1 -22.6 -38.4 8.8 -18.9 -26.9 -12.1 -36.6
56.1 -38.6 -5.6 0 22.5 0.3 1.2 -28.8 24.3 24.3 68.1 -52.5 -28.7 -27.3 -13.1 -27.9 -28.9 -41.2 -29.3 -19.5 -28.8 -21.9 -37.6 9.6 -18.6 -26.8 -11.2 -37.4
53.2 -42.8 -9 -2.6 20.7 0.9 1.6 -29.5 23.7 23.5 67.2 -53.3 -28.2 -26.4 -12.6 -27.7 -28.6 -41 -28.5 -16.3 -26 -18.8 -35.1 12.1 -15.9 -24.6 -8.8 -36.1
49.2 -47.5 -13.7 -7.2 17.6 -0.4 -0.1 -31.8 21.6 21.4 65 -54.6 -29.3 -27.1 -13.6 -29.2 -29.7 -42.2 -29.2 -14.3 -24.1 -16.9 -33.8 13.1 -14.3 -23.6 -8.5 -36.5
48.5 -46.1 -14 -8.3 16.9 -1 -0.8 -32.2 21.3 21.4 64.4 -54.3 -30.3 -27.8 -14.2 -30.1 -30.3 -43 -30.3 -14.7 -23.9 -17 -33.7 12.4 -14.5 -24.8 -10.3 -38.9
53.5 -39.7 -8 -3.5 21.2 2.4 2.9 -27.8 25.4 26 68.4 -50.2 -28.2 -24.8 -11 -26.7 -27.4 -40.2 -28.6 -14.2 -22.6 -15.6 -31.8 13.1 -13.9 -25.1 -9.8 -39.9
62 -32.2 2.4 5.8 29.2 8.7 10 -20.2 32.8 33.7 75.3 -43.9 -23.3 -18.9 -4.9 -20.1 -21.8 -34.6 -24.6 -12.1 -20 -12.4 -28.3 15.5 -12.3 -23.6 -6.9 -39.1
69.2 -24.7 13.4 15.9 36.5 13.1 16.1 -13.9 39.5 39.8 80.5 -39.3 -19.4 -14.4 -0.1 -14.7 -17.6 -30.7 -21.9 -11.2 -18.5 -10.1 -26.5 17 -11.9 -23.2 -5.4 -40.1
71.1 -19.2 18.8 20.5 38.7 13 17.4 -12.9 41.6 40.7 81.2 -39.2 -18.8 -14.1 0.4 -14.1 -17.4 -30.8 -22.9 -12.2 -18.4 -9.8 -27.4 16.5 -13.1 -24.5 -6.5 -43.9
67.9 -18.8 16.9 18 35.4 9.5 14.5 -16.2 39 37.1 78.3 -42.5 -21 -16.9 -2.3 -17.2 -20.2 -33.8 -26 -12.6 -18 -9.9 -28.6 15.8 -14.1 -25.9 -7.5 -47.2
64.5 -21.7 13.3 14.1 31.2 6.6 11.7 -19.2 35.7 33.5 75.3 -45.6 -23.3 -19 -4.5 -20.1 -22.7 -36.7 -28.6 -11.7 -16.9 -9.3 -28.4 15.7 -13.9 -26.4 -7.1 -48.4
65 -21.5 13.8 14.3 30.8 6.7 12.2 -18.4 35.3 33.4 74.7 -46.2 -23.8 -18.5 -4.4 -20.3 -23 -37.7 -29.5 -11.2 -16.6 -9 -28.2 15.2 -14.5 -27.2 -7.8 -50
68.7 -15.8 18.7 19.1 34.3 8.8 15 -15.2 38 35.9 76.4 -44.7 -22.6 -16.6 -2.8 -18.4 -21.8 -37 -29.5 -12.9 -18.1 -10.3 -29.7 13.2 -16.9 -29.7 -11.4 -54
71.7 -10.9 23 24 37.9 10.6 16.9 -12.8 41 38 78.5 -42.3 -21.3 -15.7 -1.4 -16.8 -20.6 -35.6 -28.9 -15.3 -20.2 -12.6 -31.9 11 -19.8 -32.4 -15.1 -57.7
70.5 -13.3 21.7 23.6 37.7 9.9 15.4 -14.2 40.2 37.3 78.2 -41.6 -22.2 -17.6 -2.5 -18 -21.6 -36 -29.5 -17.1 -22.4 -15.2 -33.8 9 -22.4 -34.4 -16.6 -59.9
65.7 -19.3 16 18 33.6 6.3 10.9 -18.8 35.2 33.6 74.7 -44.4 -25.8 -22 -6.3 -22.3 -25.4 -39.4 -32.5 -18.1 -24.5 -17.9 -35.7 7 -24.9 -36.3 -17.1 -62
60.2 -24.5 8.6 10.6 28.4 2.2 6.2 -23.7 29.5 29.3 70.9 -48.1 -29 -25.5 -9.9 -26.2 -29 -43 -35 -16.7 -24.5 -18.7 -36.4 6.2 -25.4 -36.9 -15.9 -63.2
57.1 -28.8 1.7 4.9 25.8 1 4.1 -25.9 26.9 27.5 70.1 -48.8 -28.7 -25.3 -10.4 -27.1 -29.6 -43.4 -33.9 -12.4 -21.4 -16.3 -34.5 7.9 -22.7 -34.7 -12 -61
58.5 -31.4 -0.9 4.2 27.4 3.5 5.5 -24.5 28.3 29.2 72.5 -46.1 -25.5 -22.5 -7.9 -25.2 -27.3 -40.6 -29.9 -8.2 -18.2 -13.2 -32.1 10.4 -19.2 -31.6 -8 -57.3
62.2 -31.4 1.1 7.2 30.9 6.8 7.9 -21.5 31.1 31.9 75.3 -42.9 -22.8 -20.6 -5.4 -23.4 -25.2 -37.8 -27.1 -8.3 -19.3 -13.7 -33 10 -19 -31.6 -8.8 -57.1
63.2 -31.1 2 8.3 31.6 6.9 7.2 -21.3 31 31.5 74.4 -43.1 -24.1 -22.5 -6.6 -24.9 -26.5 -38.8 -28.6 -12.8 -24.8 -18.6 -37.8 5.8 -23.3 -35.8 -14.6 -60.9
59.4 -34.7 -1.6 4.5 27.7 3 3.1 -25 26.9 27.2 69.8 -46.8 -28.3 -27.1 -11.2 -29.2 -30.8 -43.2 -33.6 -16.9 -29.8 -23.5 -42.3 1.4 -28.3 -40.3 -19.5 -64.3
53.7 -42.1 -8.1 -2.3 21.8 -1.9 -1.5 -29.9 22 21.9 64.7 -51.4 -31.6 -30.5 -15.7 -32.9 -34.8 -47.6 -38.1 -16.7 -30.4 -24.2 -43 0.6 -29.9 -41.5 -18.7 -63.2
50.1 -46.7 -12.7 -7 18 -5.3 -3.8 -32.9 19.9 19 61.9 -54.3 -32.6 -31.2 -17.5 -34.1 -36.5 -49.4 -39.8 -13.9 -28.1 -22 -40.7 2.7 -28.3 -39.8 -14.2 -59
51.3 -43.6 -10.7 -5.3 19.2 -5.2 -2 -31.2 22.2 20.9 63.3 -53.5 -31 -29 -15.3 -31.7 -34.7 -47.8 -38 -11 -25.1 -18.8 -37.2 6.2 -25.1 -36.7 -9.6 -53.8
56.2 -36.9 -3.5 1 24.7 -1.6 3.2 -25.7 27.6 26.9 68.5 -49.4 -27.9 -25 -10.1 -26.4 -30.1 -43.6 -33.8 -9.2 -22.2 -15.7 -33.5 10.2 -21.5 -33.2 -6.8 -48.8
61.6 -31.5 5.2 8.7 30.9 2.6 7.8 -19.9 33 32.6 73.9 -45 -25.7 -21.7 -5.4 -21.6 -25.6 -39.7 -30.7 -10 -21.3 -14.1 -31.7 12.6 -19.5 -31.2 -7.1 -45.7
65.5 -25.9 13.7 15.9 35 4.7 9.9 -16 37.3 35.9 76.8 -43.2 -25.5 -20.6 -3.1 -18.9 -23 -37.9 -30.8 -12.7 -22.2 -14.4 -32.1 12.8 -19.5 -31.6 -9.7 -44.7
66.4 -20.2 18.7 19.9 36.1 4.3 10 -14.6 39.7 36.7 77.2 -43.8 -26.1 -20.8 -2.4 -18.2 -22.1 -37.4 -32.2 -13.8 -22.1 -13.9 -31.7 13.6 -18.5 -31.4 -10.6 -42.8
64.7 -18.1 18.7 19.5 34.8 2.5 8.8 -14.9 40.3 36.6 76.6 -45.2 -26.1 -20.9 -1.8 -18 -21.6 -36.8 -32.4 -11.3 -18.9 -10.8 -28.1 17.6 -14.1 -27.7 -7.3 -37.2
62.8 -19 17.7 18.5 33.9 1.3 8.4 -15 40.7 37.5 76.6 -45.9 -25.2 -20.2 -0.7 -17 -20.3 -35.4 -30.9 -7.4 -14.6 -6.5 -22.8 22.8 -8.2 -22.5 -2.2 -29.7
63.5 -17.6 19.9 20.6 35.3 1.9 9.6 -13.4 42.5 39.9 77.9 -44.9 -24.2 -18.5 0.9 -14.9 -18.1 -33.6 -29 -6 -12.9 -4.6 -19.7 25.5 -4.8 -19.7 0.4 -24.6
67.2 -11.1 26 26.4 39.9 4.2 12.5 -10.1 46.3 43.7 81 -42 -23 -16.1 2.9 -11.9 -15.2 -31.1 -26.9 -7.7 -13.9 -5.2 -19.5 25.4 -4.1 -19.6 -0.5 -22.6
71.6 -5.1 32.3 32.2 45.4 7 16 -6.4 50.9 47.9 84.9 -38 -21.3 -13.3 5.5 -8.3 -11.8 -28 -24.2 -8.9 -14.6 -5.7 -19.6 25.4 -3.5 -19.3 -2.2 -21.9
72.5 -5.9 32.8 32.8 46.8 7.3 17.1 -5.8 52.2 48.9 86.2 -36.3 -20.8 -12.7 6.3 -7 -10.6 -27 -23.1 -8.8 -14.6 -5.9 -19.9 25.8 -3.4 -19 -4.2 -22.3
69 -10.5 27.1 27.6 42.9 3.9 14.4 -9 48.7 45.7 83.8 -38.8 -22.8 -15.2 3.9 -9.3 -12.8 -29.3 -25.2 -8.7 -15.2 -6.6 -21 25.5 -4.7 -19.8 -6.3 -23.7
63.4 -15.6 18.4 20 36.6 -0.2 10.2 -13.7 42.9 40.7 79.7 -43.1 -25.5 -18.4 0.5 -12.9 -16.3 -32.8 -27.9 -7.7 -15.1 -6.8 -21.6 25.6 -5.4 -20 -6.8 -23
58.5 -22.2 9.5 12.4 31.4 -2.1 6.9 -17.6 37.9 36.7 76.4 -46.1 -26.8 -20.3 -1.6 -15.5 -18.7 -35.2 -28.8 -5.3 -14 -6.3 -20.9 26.7 -4.4 -18.3 -5.2 -19.2
57.3 -27.9 5.1 8.9 30.1 -1 6.5 -18.5 36.5 36.1 75.8 -46.2 -26.2 -20 -1.5 -15.8 -18.6 -35.2 -27.5 -3.7 -13.1 -6.1 -19.9 27.6 -3.1 -16.4 -3.9 -14.8
60.6 -28 7.3 11.2 33 2.7 9.1 -16 39.1 38.9 78 -43.8 -23.8 -17.2 0.8 -13.5 -16.2 -32.7 -24.9 -3.8 -13.4 -6.7 -19.8 27.7 -2.7 -15.8 -4.3 -12.1
64.4 -24.2 11.4 14.9 36.2 6.2 12.3 -12.9 42.5 42.1 80.6 -41.7 -21.1 -14 3.3 -11 -13.5 -29.9 -22.7 -4.4 -14.2 -7.1 -20 27.5 -2.5 -16 -5.1 -10.3
64.2 -24.2 11.6 14.5 36 6.9 12.7 -12.8 42.6 42.2 80.8 -41.9 -20.2 -13.1 3.7 -10.9 -12.7 -29.1 -22.1 -3.9 -14.2 -6.9 -19.9 27.8 -1.8 -15.5 -5.3 -8.4
59.6 -30.9 5.8 8.8 31.6 4.1 9.3 -16.9 38.2 38.3 77.6 -44.2 -22 -15.8 0.8 -13.7 -14.8 -31.3 -23.8 -3.4 -13.9 -7 -20.1 27.9 -1.3 -14.7 -6.2 -7
54.3 -37.3 -1.6 2.3 26.1 0.3 4.5 -22.5 32.6 33.3 73.2 -46.5 -25.1 -20 -3.6 -17.5 -18.5 -34.8 -26.5 -3.9 -14.8 -8.1 -21 27.1 -2.1 -14.4 -8.8 -6.6
53.8 -35.9 -2.4 1.8 25.3 -0.6 3.6 -23.9 31.6 32.5 72.7 -45.9 -26 -21.1 -4.9 -18.2 -19.4 -35.1 -26.6 -4.2 -15.1 -8 -20.6 27.6 -1.9 -13.1 -10.4 -5.1
59.4 -29.6 4.8 8.5 31.1 3 8.3 -19 37.1 37.8 78.1 -40.7 -22.6 -17 -0.8 -14 -15.6 -30.3 -22.2 -2.6 -12.8 -5.1 -18 30.8 1 -9.6 -8.7 -0.9
67.2 -23.1 15.7 18.3 39.3 8.2 14.8 -11.8 45.1 45.1 85.4 -33.7 -17.9 -11.3 5 -8.2 -10 -24.2 -17 -1.4 -10.4 -2.2 -15.3 34.2 4.2 -6.4 -6.6 3.4
72.9 -16.8 25.4 26.9 44.8 11.5 19.2 -6.7 50.8 49.8 89.8 -28.8 -15.4 -8.3 8.4 -4.6 -6.9 -21.3 -14.9 -2.8 -10.4 -1.7 -14.4 34.9 5.1 -6.2 -7.5 4.3
74.1 -11.7 29.5 30.3 45.6 11.7 19.9 -5.5 52.1 50.4 90.3 -27.3 -15.3 -8.6 8.5 -4.2 -7 -21.6 -15.5 -4.5 -10.8 -2.1 -14.7 34.5 5.3 -7 -9.9 3.7
71.4 -10.8 27.6 28.4 43.2 9.7 18.2 -7 50.5 48.4 89.1 -27.4 -15.6 -10.1 7.4 -5.5 -8.2 -22.8 -16.2 -3.8 -9.3 -0.4 -13.6 35.9 7.4 -5.3 -10.1 5.6
68.1 -13.2 24.6 25.3 40.7 7.6 16.5 -8.6 48.7 46.6 88.5 -27.7 -15.7 -11.1 6.4 -6.7 -9.2 -23.4 -16 -2.2 -7 2.6 -11.4 38.4 10.3 -2.1 -8.6 9.7
66.9 -13.5 24.5 24.6 39.9 6.5 16 -9.2 48 45.9 87.9 -29.6 -16.5 -11.5 5.7 -7.4 -10.2 -24 -16.4 -3.1 -7.5 2.8 -11.4 38.2 10.2 -1.5 -9.2 11.1
68.6 -8.9 28.1 27.3 41.5 7.2 17.1 -8 49.1 46.4 87 -33.8 -17.8 -11.2 5.9 -7.1 -10.5 -24.5 -17.5 -6.4 -10.6 0 -14 35.4 7.4 -3.9 -12.4 9.1
72.2 -4.6 32.8 31.2 44.6 9.9 19.8 -5 51.8 48.1 86.7 -37.4 -17.7 -9.6 8.1 -5.3 -9.3 -23.5 -17.5 -8 -12.3 -1.8 -15.7 33.9 6 -5 -13.9 8.6
73.9 -5.3 33.3 31.9 45.6 12.2 21.2 -3.5 52.6 48.4 86.2 -38.9 -17.3 -8.4 9.9 -4.5 -8.1 -22.7 -16.7 -7 -12 -1.7 -15.6 34.3 6.5 -4 -12.6 11.3
71.4 -9.6 28 27.4 42.1 10.8 18.7 -6.5 49.1 45.2 83.7 -40.3 -19 -10.2 8 -7.3 -9.8 -24.7 -17.4 -5.9 -12.2 -2.4 -15.7 34.1 6.6 -3.4 -12 13.5
66.1 -15.7 18.7 19 36 6.9 13.6 -12.3 42.8 39.7 79.7 -42.6 -21.9 -14.1 3.5 -12.3 -13.7 -28.3 -19 -5.7 -13.1 -3.9 -16.6 33.4 6.1 -3.3 -12.8 14.2
60.9 -23.1 8.6 9.9 30.6 3.4 9.2 -17.4 37.3 35.1 76.8 -44.5 -23.5 -17.3 -0.4 -16.2 -16.7 -30.5 -19.4 -5.1 -13.5 -4.6 -17 33.4 6.6 -2.3 -12.6 15.4
59 -28.9 3.2 5.6 29.3 2.5 8.3 -19.1 35.4 34 76.9 -43.9 -23 -18 -1.3 -16.9 -17 -30.1 -18 -4.6 -13.6 -4.7 -17.3 33.7 7.6 -0.9 -11.2 17.4
61.3 -29 4.4 7.7 32.3 4.9 10.4 -17.3 37 35.8 79.7 -40.5 -21 -16.5 0.4 -15.1 -15.6 -28.1 -15.9 -5.4 -14.8 -5.7 -18.4 32.9 7.3 -0.7 -10.5 18.4
64.6 -25.7 7.7 11.3 36.3 8.5 12.8 -15 39.1 37.7 82.4 -36.9 -19.1 -14.6 2.4 -13.3 -14.1 -26.2 -14.2 -6.3 -16.2 -6.9 -19.7 31.7 6.1 -1.4 -10.2 18.5
65.2 -25.7 7.3 10.9 36.8 10.1 13.3 -14.7 38.8 37.5 82.7 -35.9 -18.2 -13.8 2.8 -13.1 -14 -25.9 -13.6 -5.1 -15.5 -6.4 -19.7 32 6.2 -0.8 -8.3 19.9
61.1 -32.8 0.9 4.4 31.7 7.9 10.5 -17.8 34.9 34.1 79.6 -38.5 -19.6 -15.5 0.3 -15.6 -16.3 -28.3 -15 -2.6 -13.6 -5.2 -19.3 33 7.1 0.4 -5.4 22.6
54.3 -41.3 -8 -4.6 22.9 2.5 5 -23.6 28.7 28.4 74 -43.8 -23.3 -19.9 -4.7 -20.7 -20.8 -32.9 -18.6 -2.3 -14.2 -6.5 -21.2 31.4 5.7 -0.7 -5 22.8
50.4 -43.5 -11.7 -8.4 17.3 -1.3 1.3 -27.2 25.2 24.7 70.1 -47.5 -26.4 -23.4 -8.7 -24.8 -24.6 -36.5 -21.6 -4.5 -16.9 -9.5 -23.9 28.2 2.7 -3.6 -6.7 20.5
52.1 -40.2 -7.7 -4.5 18.7 -0.5 2.3 -25.7 26.8 25.4 70.7 -47 -26 -22.7 -8.5 -24.7 -24.6 -36.2 -21.5 -6.3 -18.6 -11.2 -24.8 26.5 1.3 -5.5 -6.9 19.1
57.6 -34.9 1.4 4.3 24.5 3.3 6.3 -21.5 31.4 29.1 74.1 -43.8 -23.7 -19.5 -5.7 -21.5 -21.9 -33.4 -19.5 -7.6 -18.8 -11.5 -24.3 26.5 1.5 -6 -5 19.5
63.1 -28 11.4 13.5 30 6.8 9.9 -17.8 35.6 32.9 77 -40.7 -22.2 -17.2 -3.2 -18.3 -19.5 -31.1 -18.1 -9.1 -18.7 -11.4 -23.9 27.2 2 -6.1 -3 20.5
64.5 -22.7 16.4 17.7 31.4 7.3 10.3 -17.4 36.3 33.9 77 -39.7 -23.1 -18 -3.2 -17.9 -19.5 -31.1 -18.2 -10.5 -18.7 -11.4 -23.9 27.8 2.2 -5.9 -1.8 20.7
60.4 -23.3 14 15.2 28.2 4 6.7 -20.9 33.1 31.2 74.1 -41.6 -26.1 -21.4 -6.1 -21 -22 -33.4 -19.8 -11.4 -18.5 -11.3 -24.3 28 2.3 -5.6 -0.9 20.1
55 -27.5 9.3 10.8 23.9 0.3 2.4 -25 29.2 27.3 70.8 -45 -28.8 -24.5 -9.6 -24.5 -25.2 -36.5 -22.3 -11.7 -18 -11.3 -24.8 27.3 2 -5.6 0.4 18.9
53.1 -28.2 8.4 9.7 22.5 0.3 0.9 -26.5 28.1 25.7 69.5 -47.2 -29.3 -25.4 -11.2 -25.9 -27.1 -38.6 -24.6 -12.1 -18.7 -12.2 -26.3 25.2 0.1 -7.3 1.2 16.7
55.7 -22.6 13 13.2 25 3.7 2.4 -24.7 30.4 27.6 71 -46.9 -27.4 -24.3 -10.1 -24.9 -26.8 -38.8 -26.1 -13.2 -20.4 -13.7 -28.4 22.5 -2.9 -10.1 1 13.9
60.3 -16.9 19.1 18.4 29.5 7.7 5.4 -21.6 34.4 31 74 -44.2 -24.6 -22.1 -7.1 -22.6 -24.8 -37.3 -25.7 -13.8 -20.9 -13.8 -29.1 21.3 -4.4 -11.6 1.7 12.7
62 -17.3 20.2 20.3 31.6 8.6 6.7 -20.4 35.8 32.1 75.2 -41.7 -23.4 -20.7 -5 -21.3 -23.4 -36 -24.6 -13 -19.8 -12.8 -28.2 21.8 -4.4 -11.6 3.8 13.2
59.5 -21.6 15.4 17.3 29.4 4.6 4.6 -22.8 33.2 29.9 73.2 -41.1 -25 -21.6 -5.9 -22.5 -24.5 -36.9 -25.2 -11.4 -18.7 -12 -27.4 22.3 -4.7 -11.7 6 13.4
54.9 -27 7.1 10.3 24.6 -2 0.7 -26.9 28.5 26 69.9 -42.3 -27.5 -23.6 -8.8 -25.4 -27.3 -39.5 -27.2 -8.5 -17.5 -11.3 -26.9 22.7 -4.8 -11.8 8.5 13.3
50.7 -33.6 -1.8 1.9 19.2 -7.6 -2.9 -30.8 23.9 22.5 67.4 -44.9 -29.4 -25.4 -11.6 -28.3 -30 -42.4 -29 -5 -16.4 -10.1 -26.8 22.8 -4.8 -12 11.2 12.9
49.3 -39.1 -6.5 -2.7 16.4 -9.7 -4.3 -32.3 21.7 21 66.4 -47.5 -29.6 -26 -12.5 -29.7 -31.2 -43.9 -29.5 -3.3 -16.2 -9.7 -27.5 21.9 -5.7 -12.9 12.6 11.6
51.1 -39.2 -5.1 -1.2 17.8 -8.2 -2.9 -31 22.6 22.1 67 -47.8 -28.4 -25.2 -11.2 -28.8 -30.4 -43.4 -29 -4.7 -17.6 -11.1 -29.1 19.5 -8.2 -15.1 12.1 9.2
53.2 -36.2 -2.1 2.1 20.7 -5.9 -1.3 -29.8 24.1 23.6 68.1 -47 -27.4 -24.3 -10.2 -27.4 -29.5 -42.5 -28.7 -7.1 -19.7 -13.5 -31 16.4 -11.2 -17.8 11.4 6.9
52.7 -36.3 -2.4 2.1 21.2 -5.6 -1.6 -30.5 23.6 23.4 68 -47.1 -28 -24.6 -11.2 -27.6 -30 -43 -29.4 -7.9 -20.5 -14.6 -31.8 14.7 -12.8 -19 12.6 6.8
49.2 -42.1 -7.3 -2.3 18.4 -7.6 -4.3 -33.1 20.5 20.8 65.5 -50 -29.7 -26 -13.9 -29.7 -32.2 -45.6 -31.2 -6.8 -19.6 -13.9 -31.3 15 -12.9 -18.6 15.3 8.1
44.6 -48.2 -13.6 -8 14 -10.7 -7.9 -36.7 16.2 16.7 61.3 -54.9 -32.2 -28.5 -17 -33.2 -35.6 -49.4 -33.7 -6.1 -19.2 -13.8 -31.4 14.9 -13.9 -18.9 16.5 7.9
42.8 -48.2 -14.9 -9.6 12.2 -11.9 -8.8 -38.1 14.7 14.9 59.4 -57.7 -33.6 -29.6 -17.9 -35.3 -37.4 -51.5 -35.3 -6.9 -19.4 -14.4 -32 13.8 -15.3 -20.1 15.6 6.2
45.7 -43.6 -9.4 -4.9 15.3 -9 -5.5 -35.1 18.2 17.8 62.2 -55.2 -31.8 -27.6 -15 -33.8 -35.5 -49.8 -34.1 -7.8 -19 -14.2 -31.8 13.2 -15.3 -20.7 15.1 5.1
51 -37.9 0.4 3.2 21.5 -4.1 -0.3 -29.3 24.2 23.3 67.1 -50.5 -28.5 -24.3 -10.7 -30.1 -32.2 -46.5 -32.4 -9.2 -18.6 -14.2 -31.6 12.7 -15.1 -21.5 14.5 3.9
55.4 -31.6 10.2 10.9 26.9 -0.7 3.4 -24.3 28.9 27.8 70.5 -47.7 -26.9 -22.5 -8 -27.1 -30.4 -44.8 -32.5 -11.6 -19.1 -15.2 -32.2 11.5 -16 -23.6 12.6 1.3
56.8 -26.2 14.7 14.1 28.2 -0.5 4.1 -22.9 30.3 28.8 70.4 -47.9 -27.3 -22.6 -7.9 -26.1 -30.3 -44.9 -33.8 -12.7 -19.1 -15.6 -32.4 11.3 -16.7 -25 11.4 -1.3
55.2 -25.3 12.6 12.3 25.1 -2.7 1.8 -25.3 28.9 26.7 67.8 -49.7 -28.7 -24 -9.4 -27 -31.3 -46.2 -35 -11 -17.5 -13.8 -30.9 13.6 -15.3 -24.2 12.8 -1.9
52.8 -28.1 8.7 9.4 21.1 -5.2 -1.3 -28.6 26.7 24 65.3 -51.4 -30.4 -25.8 -11.4 -28.5 -32.7 -47.6 -36.2 -8.8 -16 -11.3 -29.4 16 -13.9 -23 14.3 -2.3
52.3 -29 7.9 9.1 19.8 -6.3 -2.8 -30 25.8 22.9 64.7 -52.2 -31.5 -27.2 -12.7 -29.6 -33.6 -48.6 -37.7 -9.6 -17.1 -11.5 -30.5 15.3 -15.4 -24.3 12.5 -5.6
54.9 -24.8 11.9 12.5 22.2 -5.3 -1.3 -27.9 27.7 24.5 66.5 -51.2 -31 -27.1 -12.1 -29.1 -32.8 -47.9 -38.3 -12.9 -19.9 -14.3 -33.3 12.4 -18.7 -27.2 8 -10.8
59 -20.2 17.6 17.4 26.1 -2.6 2.2 -24 31.3 27.6 69.8 -49.1 -28.8 -25.6 -10.1 -27 -30.5 -46.1 -37.2 -15.4 -21.7 -16.6 -34.6 10.5 -20.3 -28.9 4.8 -14
59.8 -21.6 18.4 18 26.9 -1.3 3.2 -23.2 31.8 28.2 70.7 -48.8 -28.3 -25.5 -9.7 -26.4 -30.1 -46 -36.5 -16.7 -23.2 -17.9 -35 9.5 -20.9 -29.8 3.5 -15.3
55.4 -27 12.6 12.6 22.9 -3.6 -0.3 -27.4 27.6 24.5 67.4 -52.2 -31.2 -28.6 -12.8 -29.4 -33.1 -49.2 -38.6 -17.9 -25.5 -19.4 -36 8 -22 -31.5 2.4 -17.1
48.7 -32.7 3.4 4.5 17 -7.5 -5.4 -33.1 21.8 19.4 62.4 -56.4 -35.2 -32.5 -16.9 -33.5 -36.6 -52.8 -41.5 -17.7 -27.1 -20.1 -36.5 7 -22.7 -32.6 1.9 -18.4
44.1 -38.3 -5.4 -2.8 12.9 -9.7 -8.6 -36.6 18 16.3 59.5 -58.6 -36.8 -34.2 -18.9 -35.6 -37.7 -53.7 -42.3 -15.6 -26.6 -19.4 -35.5 7.7 -21.7 -31.9 2.9 -18.1
44.2 -41.6 -8.6 -4.9 13.1 -8.5 -7.8 -35.9 18.2 16.9 60.2 -57.7 -35.3 -32.8 -17.6 -34.3 -36 -51.8 -40.6 -13.8 -25.5 -18.1 -34 9.4 -19.9 -30.6 3.7 -17.9
48.6 -39.6 -5.4 -1.4 17.4 -4.4 -3.5 -31.6 22 20.7 64.1 -53.9 -31.9 -29.3 -13.9 -30.4 -32.4 -48.2 -37.7 -13.8 -25.1 -17.3 -33.4 10.4 -18.8 -29.8 3 -19.2
53.3 -34.9 -0.8 3 22 -0.1 1.2 -27.1 26.3 24.9 68.6 -48.8 -28.8 -25.7 -10.3 -26.3 -28.9 -44.9 -35.2 -13.9 -24.8 -16.8 -33 11.2 -18.4 -29 2 -20.4
55.1 -34.1 -0.1 4 23.2 2.2 3.2 -25.6 27.8 26.6 70.7 -45.8 -27.6 -23.9 -8.9 -24.6 -27.5 -43.4 -34.1 -12.7 -23.6 -15.7 -31.3 12.6 -17.8 -27.5 2.5 -20.3
52.9 -39.4 -4.7 0 19.8 1.4 1.7 -28 25.5 24.7 68.7 -47.1 -28.4 -24.6 -10.1 -25.9 -28.8 -44.6 -34.7 -10.3 -22.1 -14.4 -29.4 14.2 -17 -26.2 3.8 -19.6
49.3 -44.7 -11.2 -5.9 14.5 -1.2 -1.1 -32.1 21.3 20.6 64.3 -51.5 -30.2 -26.5 -12.6 -28.8 -31.8 -47.1 -36.2 -8.7 -21.7 -14 -29.1 14.6 -16.8 -26.2 4.1 -19.8
48.6 -44.6 -12.9 -7.9 12.3 -2.2 -1.5 -33.6 19.8 18.9 62.3 -54.6 -30.6 -27.2 -13.2 -30 -32.9 -47.9 -36.4 -8.4 -21.6 -13.9 -29.6 14.4 -16.6 -26.2 3.7 -20.6
52 -41.4 -8.2 -4.3 14.9 0.1 1.4 -30.6 22.6 21.3 64.5 -54.1 -28.6 -25.5 -11 -28.1 -30.8 -45.7 -34.7 -9 -21.1 -13.6 -29.6 14.5 -15.9 -25.5 3.5 -21
57.3 -37.2 0.3 3.1 20.2 4.1 5.9 -25.4 27.8 26 68.9 -51.1 -25.3 -22.5 -7.6 -24.8 -27.2 -42.4 -32.8 -10.5 -21.1 -14.1 -29.7 14.2 -15.8 -25.8 3.2 -22.1
62.2 -31.1 9.3 11.5 25.3 7.3 9.8 -21 32.7 30 72.5 -48.1 -22.8 -20.1 -5.1 -21.9 -24.5 -40.1 -32.4 -12.1 -21.7 -15.3 -30.2 13.5 -16.7 -27.6 2.7 -24.1
63.5 -26.2 13.4 15.5 26.6 7.5 10.8 -20.4 34 30.4 72.9 -47.4 -22.8 -19.8 -5.3 -21.4 -24.4 -40.6 -33.9 -12.3 -22 -15.8 -30.5 13 -17.7 -29.2 2.6 -25.7
60.1 -27.1 10.9 13.1 23.7 4.3 8.1 -23.6 31.2 27.5 70.1 -49.8 -25.3 -21.9 -7.7 -23.8 -26.9 -43.4 -36.5 -11.2 -21 -14.9 -30.1 13.5 -17.5 -29.1 3.3 -25.7
56 -31.2 7.2 9.1 20.8 0.7 4.8 -26.7 28.1 24.8 67.2 -52.7 -27.8 -24.4 -9.9 -26.9 -29.6 -45.5 -38.1 -10.3 -19.6 -13.5 -29.1 14.4 -16.6 -28 3.9 -25.4
54.9 -31.8 6.8 8.3 20.9 -0.5 3.4 -27.2 27.7 24.7 66.3 -53.8 -28.7 -25.6 -10.7 -28.5 -30.7 -45.9 -38.4 -11.3 -20.1 -13.9 -29.5 13.9 -16.9 -28.5 2.5 -27.1
57.1 -26.4 10.7 11.6 23.6 0.6 4 -25.4 29.6 26.5 67.7 -53 -28.3 -25.5 -10.2 -27.6 -30.1 -45.1 -38.1 -14 -22.6 -16.3 -31.7 11.8 -18.9 -30.7 -0.4 -30.7
60.3 -21.2 15.9 16.7 27.2 2.7 5.7 -22.8 32.2 29.6 70.6 -50.8 -27.2 -24.5 -8.9 -24.8 -27.9 -43.6 -37.4 -15.8 -24.4 -18.1 -33.5 10.4 -20.1 -32.1 -2.3 -33.5
61 -21.7 17 18.2 28.3 3.1 5.9 -22.2 32.6 31.2 72.4 -49.1 -27.1 -24.5 -8.5 -22.9 -26.7 -43 -37 -15.8 -24.8 -18.8 -34 9.9 -20.2 -32.2 -2.8 -34.6
57.8 -25.6 12.6 14.7 25.8 0.5 3.1 -24.8 30.1 29.7 71.3 -48.6 -28.9 -26.4 -10.2 -24.1 -28.2 -44.1 -37.5 -15.1 -24.9 -18.8 -34 9.8 -19.9 -32.4 -2.8 -34.9
52.4 -29.8 5 8.3 21.7 -3.2 -1 -29.1 26.1 26.5 68.9 -48.4 -31.1 -28.6 -13.1 -26.8 -30.6 -45.4 -38 -13.2 -24.4 -17.9 -33.1 10.4 -19.2 -32.1 -1.9 -34.5
47.8 -35.3 -2.8 1.9 18.6 -5.2 -4.3 -32.5 23 24 67.5 -47.5 -31.6 -29.7 -15.2 -28.6 -31.7 -45.5 -37.4 -10.4 -23.1 -16.4 -31.3 11.7 -18 -30.7 0.1 -33.1
46.8 -39.6 -6.2 -0.2 18.7 -4.3 -5 -32.8 23 24.2 68.7 -45.6 -30.5 -29.2 -15.3 -28.3 -30.7 -43.8 -35.7 -8.8 -22.3 -16.2 -30.1 12.4 -17.4 -29.7 1.5 -32.1
49.4 -38.8 -3.8 2.5 21.8 -1.7 -3.1 -30.3 25.6 26.9 72 -43.9 -29 -27.8 -13.6 -26.4 -29 -41.5 -33.6 -9.9 -23.4 -18 -31.1 11.5 -18.7 -30.8 0.9 -33.2
52.5 -35.1 -0.4 5.6 24.6 0.3 -0.8 -27.8 27.7 29.2 74.3 -44.6 -28.1 -26.7 -11.7 -24.8 -28.1 -40.2 -32.2 -11.6 -25.4 -20.1 -33.2 9.8 -20.6 -32.7 0.2 -34.9
52.8 -34.8 -0.3 5.4 24.3 0.5 -0.4 -27.6 27.9 29.1 73.8 -47.9 -27.6 -26.6 -10.9 -24.3 -28.3 -40.6 -31.8 -10.9 -25.5 -19.9 -33.3 9.6 -20.8 -32.9 1.8 -34.5
49.7 -40.8 -5.2 0.7 20.2 -1.6 -2.9 -30.6 25.6 26.1 70.3 -52.6 -28 -28.1 -12.5 -25.8 -29.7 -42.8 -33 -8.1 -23.9 -18.1 -32.2 10.4 -20.2 -31.8 4.3 -32.4
45.1 -47.6 -12.3 -6.4 14.6 -5.2 -7.1 -35.1 21.3 21.6 65.6 -56.8 -29.8 -31.4 -16.1 -29.1 -32 -46.3 -35.7 -6.2 -23.3 -17.7 -32.5 10 -20.9 -32.3 4.7 -31.7
43.7 -48.7 -14.7 -9.3 12.6 -6.8 -8.9 -36.8 19.5 20 63.7 -57.4 -30.5 -33.2 -18.1 -31 -32.8 -47.8 -37.1 -5.9 -23.7 -18.3 -33.3 8.9 -21.9 -33.5 3.5 -32.7
46.8 -45.6 -10.2 -5.5 15.6 -4.8 -6.5 -34.1 21.9 22.8 66.3 -53.9 -29.2 -32.1 -16.7 -29.6 -31.3 -46 -36.2 -6.8 -24.2 -18.8 -33.3 8.5 -21.9 -34 1.7 -34.1
51.2 -42.2 -2.6 1.5 20.2 -2.4 -3.4 -30.6 25.2 26.6 69.4 -50.6 -28.7 -30.7 -14.9 -27.8 -30.2 -44.4 -35.7 -10.6 -26.5 -20.8 -34.8 6.8 -23.3 -36 -2.1 -37.2
53.7 -38.1 4.4 7.8 23.4 -2 -2.2 -29 27.1 28.4 70.5 -50 -30.1 -31.1 -15.1 -27.6 -30.8 -45.1 -37.3 -16.2 -30.3 -24.4 -37.8 4.1 -26.6 -39.8 -7 -41.1
53.2 -33.9 7.4 10.6 24.4 -2.6 -2.8 -29.4 27.4 28.1 70 -50.9 -31.4 -32.4 -16 -28.2 -31.5 -46.2 -39.1 -18.7 -31.5 -26 -38.8 3.9 -28.1 -41.7 -8.5 -41.8
50.9 -33 6.6 9.8 23.5 -2.9 -3.7 -30.4 27 27.3 69.4 -51.5 -31.2 -32.7 -16.2 -28.1 -31.1 -46 -39 -15.8 -28.4 -23.1 -35.6 8.1 -24.9 -38.9 -5.2 -37.7
49.4 -34.3 5.8 8.6 22.5 -2.4 -3.4 -30.2 27.1 27.1 70 -51 -30 -31.7 -15.2 -26.7 -29.9 -44.6 -37.6 -11.2 -23.6 -18.3 -30.9 13.6 -19.2 -34.1 -0.8 -32.7
50.9 -32.8 8 9.5 23.3 -0.8 -1.7 -28.3 28.8 28.3 71.5 -49.6 -28.2 -29.7 -13.2 -24.5 -28.5 -42.7 -36.3 -9.5 -21.1 -15.4 -28.6 16.1 -15.9 -31.5 0.5 -30.6
55.6 -25.8 13.8 13.6 26.9 2 1.9 -24.6 32.7 31.6 74.7 -47 -25.4 -26.4 -10 -21.2 -25.9 -39.6 -34.4 -10.2 -20.6 -14.9 -28.5 15.8 -15.3 -30.9 -0.4 -30.4
61.2 -18.9 20.3 19.4 32.1 5.4 6.4 -19.6 37.9 36.4 79.3 -43.2 -21.6 -22 -5.8 -17.5 -21.9 -35.4 -31.1 -10.6 -19.7 -14.5 -27.9 16.2 -14.2 -29.3 -0.2 -28.6
63 -18.6 21.3 21.5 34.1 6.7 8.1 -17.6 39.5 38.1 81.1 -41.1 -20.2 -20 -3.9 -16.5 -20.3 -33.8 -28.8 -10.6 -19.3 -14.5 -27.3 16.7 -13.2 -28 0.3 -26.3
59.1 -23.8 15 17.1 30.2 4.3 4.8 -21.1 35.1 34 77.6 -43.8 -22.9 -22.6 -6.8 -20.1 -23.5 -37.1 -30.7 -11.4 -20.6 -15.8 -28.7 15.8 -14.5 -28.9 -1.6 -26.4
52.1 -31.1 4.1 7.8 22.7 -0.1 -0.9 -27.7 27.7 26.7 71.3 -49.6 -27.3 -27.5 -12.4 -25.9 -28.9 -42.7 -34.8 -11.4 -22.1 -17.1 -30.9 14.1 -16.5 -30.4 -4.9 -27.8
45.8 -39.1 -7.1 -2.2 16.1 -3.8 -5.5 -33.4 21 20.4 66.5 -54.7 -29.9 -31.1 -16.8 -30.5 -33 -47 -38 -10.5 -22.4 -17.9 -32.6 12.7 -17.7 -30.8 -7.6 -28.4
44.1 -44.6 -12.2 -7 14.4 -4.4 -6.3 -34.9 18.8 18.5 65.5 -56.3 -29.5 -30.8 -17.8 -31.9 -33.9 -47.8 -39 -9.8 -22.3 -18.5 -33.7 11.9 -18.4 -30.9 -8.9 -28.2
47.8 -43.7 -9.7 -4.7 17.7 -1.3 -3 -31.9 21.3 20.8 68 -54.1 -26.7 -27.4 -15.3 -29.9 -32.1 -46 -38.3 -10.1 -22.5 -19.3 -34.6 10.9 -19.3 -31.9 -9.7 -28.4
52.7 -39.1 -5.3 -0.4 22 2.8 1.3 -27.7 25 24.1 71 -50.9 -23.5 -23.3 -11.9 -27.2 -29.8 -43.9 -37 -10.2 -22.4 -19.8 -34.8 9.8 -19.9 -33.1 -10.3 -28.8
55.2 -37.1 -3.9 1.5 24.1 5.8 4.3 -24.7 27.2 26.5 72.5 -49.3 -20.8 -20.1 -9.1 -25.2 -27.8 -42.4 -35.4 -7.8 -20.1 -18 -32.6 11.1 -18.2 -31.9 -9.1 -27.1
54.4 -40.4 -6.5 -0.4 23.3 6.7 5.2 -24.2 26.9 27.1 72.3 -49.7 -19.1 -18.2 -7.5 -24.2 -26.5 -41.5 -33.8 -3.2 -15.7 -14.1 -28.3 14.8 -14.4 -28.1 -6.1 -22.9
51.9 -44.2 -10.6 -4.3 20.6 5.6 4.1 -25.5 25.1 25.7 70.6 -51.4 -18.9 -17.8 -7.5 -24.5 -26.6 -41.5 -33.4 0.3 -12.2 -10.9 -25.3 18.3 -11.6 -24.6 -4.2 -19
51.3 -43.3 -10.9 -5.1 19.6 5.1 4.2 -25.3 25.4 25.6 70.2 -51.6 -18.8 -17.2 -6.9 -24 -26.1 -40.9 -32.9 1.4 -10.6 -9.2 -24.4 20.4 -10.1 -22.9 -4.5 -16.4
54.5 -38.9 -5.4 -0.4 22.5 7.3 7.6 -21.8 29.5 28.8 73.2 -48.8 -17.4 -14.9 -3.9 -20.8 -23.5 -38.1 -30.9 0.6 -10.2 -8 -24 22 -8.7 -21.7 -5.8 -14.7
59.8 -33.4 4.1 8 28.4 11.2 12.9 -16.8 35.6 34 77.9 -44.3 -15.5 -12.1 0 -16.5 -19.9 -34.5 -28.6 -2 -11 -7.5 -23.9 22.8 -7.7 -21.3 -7.7 -14.7
65.2 -26 14.7 17.1 34.3 14.2 17.4 -12.2 41.3 39 82 -40.7 -14.1 -10.2 3.1 -12.9 -16.9 -31.6 -27.1 -4.9 -12 -7.6 -23.7 22.8 -7 -21.2 -10 -15.8
67.4 -20.1 20.4 21.7 36.6 14.8 18.6 -10.1 44.2 41.3 83.6 -40 -13.7 -9.6 4.3 -11.5 -15.7 -30.4 -26.3 -5.4 -11.5 -6.9 -22.7 23.3 -5.5 -20 -11.2 -15.2
65.1 -20.8 19 19.9 34 12.9 16.2 -11.5 43.4 40 82.3 -42.6 -14.7 -10.1 3.4 -12.5 -16.3 -31.2 -26.2 -2.8 -9.2 -4.8 -20.4 25.5 -2.7 -16.9 -10.4 -11.6
61.4 -25.5 15.5 16.4 30 10.6 12.7 -14.1 40.9 37.4 80.1 -45.7 -16.5 -11.2 1.7 -14.1 -18 -33 -26.8 0.1 -6.5 -2.6 -18.3 28 -0.2 -14 -9.2 -7.2
60.4 -26.3 15.1 15.7 28.8 9.8 11.1 -15 39.6 36.7 79.3 -46.6 -17.8 -11.8 0.7 -14.6 -18.8 -34.1 -27.4 0.6 -5.9 -2.2 -18.1 28.7 0.3 -13.4 -9.8 -5.8
63.5 -20.7 19.4 19.2 31.5 11.2 12.9 -12.7 41.4 39.3 81.2 -44.8 -16.8 -10.5 1.9 -13 -17 -32.9 -26.7 -0.9 -6.7 -2.8 -19 28.1 -0.5 -14.2 -11.4 -6.6
68.4 -15 25.3 24.4 35.7 14.2 16.4 -8.7 45.3 43.2 84.9 -41.2 -13.8 -7.8 5.2 -9.8 -13.2 -29.5 -23.9 -1.5 -6.7 -2.3 -18.4 28.6 0.1 -13.7 -11.2 -5.6
70.4 -15 26.3 25.5 36.4 15.5 16.9 -7.6 46.4 44.1 86.7 -38.9 -12.4 -7 6.9 -8.3 -11.8 -27.3 -21.6 -1.4 -6.3 -1.7 -17.3 29.1 0.9 -12.5 -10 -2.7
67.4 -19.1 20.6 20.6 32.4 13 13 -11.4 42.6 40.6 84.4 -40.2 -15 -10.1 4.5 -11.1 -15 -28.9 -22.4 -2.1 -7.3 -2.7 -17.7 28.3 0.1 -12.5 -10.2 -1.3
61.2 -24.4 11.2 12.3 27.1 8.4 8.3 -17 37 35.9 80.5 -43.5 -19.1 -13.8 0.5 -15.6 -19.3 -32.1 -24.2 -2 -8.2 -3 -18.2 28 -0.6 -12.5 -10.5 -1
55.7 -30.3 2.2 4.9 24.1 4.8 6 -20.8 33.1 33.3 78.4 -45.4 -21.1 -15.1 -1.5 -17.8 -20.8 -33.3 -23.9 0.3 -7.2 -1 -16.9 29.4 0.8 -10.5 -9 0.8
54 -34.6 -1.6 2.2 24.5 3.5 6.7 -21.4 32.5 33.7 79.3 -44.3 -20.8 -14.4 -1 -17 -19.5 -32.3 -22.3 2.2 -6.1 0.7 -15.2 30.6 2 -8.7 -7.2 3.1
55.9 -33.9 0.3 4.8 27 4.2 8.9 -19.7 34.1 35.4 81.6 -41.5 -19.3 -13.1 0.5 -15 -17.8 -31.1 -21.1 0.9 -7.4 -0.4 -15.7 29.4 0.6 -9.7 -7.4 3.1
58.6 -30.4 3.2 8.3 29.5 5.2 10.7 -17.6 36.1 36.9 83.4 -38.7 -17.6 -12.2 1.8 -13.8 -17.3 -30.4 -20.7 -1.3 -9.6 -2.8 -17.5 26.9 -2.2 -12.2 -8.5 1.4
59.8 -29.7 3.6 9.1 30.7 5.6 11.2 -16.5 37 37.5 84.7 -36.1 -16.5 -11.5 2.6 -13.5 -17.2 -29.6 -20.3 -1.1 -9.6 -3 -17.7 26.5 -2.5 -12.5 -7.6 2.2
58.8 -34 0.6 6 29.9 5 10.5 -16.9 36.3 37.1 85 -34.2 -16.9 -11.4 2.5 -13.9 -17.2 -29.2 -19.5 1.5 -7.2 -0.6 -15.4 28.6 -0.1 -9.8 -4.1 6.4
56.2 -38.5 -3.9 1.1 28 3.6 8.6 -18.8 33.9 35.6 84.2 -34.3 -19.5 -12.6 1.1 -15.5 -17.6 -30 -19.3 3.8 -5.6 1.3 -13.5 30.5 2 -7.6 -1.5 10.3
55.9 -38 -4.4 0.2 28 3.1 7.9 -19.4 33.2 35.5 84 -36 -21.3 -13.3 0.7 -16.2 -17.5 -30.4 -19.4 4.4 -5.4 1.9 -13 31.4 2.4 -7.8 -1.4 11.5
59.7 -34 1 5.2 31 5.1 10 -16.9 36.2 38.2 85.8 -36.6 -19.8 -11.6 3 -14.2 -16 -29 -19.2 4 -5.5 1.8 -13.1 31.5 2.1 -9.1 -2.4 11
65.5 -29.2 9.7 13.2 34.9 8.7 13.8 -12.8 41.2 41.6 88.1 -36.1 -16.8 -9 6 -10.8 -14 -27.4 -19.6 2 -6.4 0.4 -14.2 30.3 0.7 -11.3 -3.9 9
70 -23.4 18.4 20.5 38 11.3 17 -9.5 45.3 44 89.3 -36 -15.1 -7.8 7.6 -8.3 -13.1 -27.3 -21.1 -0.9 -8.3 -1.5 -16.1 28.5 -1.5 -13.8 -5.5 6.1
70.9 -18.8 22.5 23.7 38.7 11.7 17.9 -8.3 46.8 44.2 88.8 -36.5 -14.7 -8 7.7 -7.5 -13.2 -28.2 -22.5 -1.6 -8.8 -1.4 -16.2 28.3 -2 -14.1 -4.9 5.1
68.4 -18.5 21.5 22.9 36.9 10.8 17.1 -9 45.8 42.8 87.6 -36.6 -14.7 -8.4 7.4 -7.8 -13.7 -28.6 -22.6 0.9 -6.2 1.7 -12.9 31.2 0.7 -10.8 -0.9 8.4
66.2 -20.4 20 21.7 35.2 10.5 16.6 -9.7 44.8 42 87.4 -35.2 -14.5 -8 7.4 -8.1 -13.6 -28.4 -21.8 3.9 -2.4 5.4 -8.7 34.8 4.5 -7 3.9 13.3
66.6 -19.4 20.9 22.5 35.6 11.4 17.5 -9.1 44.9 42.6 88.4 -33 -14.6 -7.4 7.7 -8.4 -13.5 -28.7 -22 4.1 -1.4 5.9 -8.3 35.1 5.1 -6.9 5.5 14.7
69.2 -14.3 24.3 25.1 38.2 13 19.7 -7.2 46.4 43.8 89.7 -31 -14.7 -7.1 8 -8.6 -13.8 -30 -23.5 1.5 -3.9 2.8 -11.9 31.7 1.7 -10.6 3.5 12
72.3 -10.3 28.2 28.1 41.6 14.7 22.4 -4.7 48.4 45 90.7 -30.2 -14.1 -6.9 8.6 -8.5 -14.4 -31.5 -25 -1.1 -6.7 -0.4 -16 27.7 -2.3 -14.4 1.2 8.3
72.7 -11.9 27.8 27.4 42.2 14.3 22.8 -4.8 47.8 43.9 89.2 -32.5 -13.7 -8.1 8 -9.7 -16.2 -33.6 -26.2 -2.4 -8.4 -2.3 -18.8 24.8 -5.2 -16.7 0.2 5.6
68.9 -17 21.9 21.8 38 10.7 19.4 -8.9 43.4 39.4 84.4 -38.7 -15.3 -11 5.1 -13.4 -19.8 -36.9 -27.9 -2.6 -9.3 -3.5 -20 22.9 -7.1 -17.5 1 4.7
62.6 -23.1 12.3 13.1 30.6 5.5 13.6 -15.1 37 33.2 78 -46.3 -18.3 -14.5 0.8 -18.2 -23.9 -40.4 -29.6 -1.7 -9.5 -4.1 -20.1 22.2 -7.8 -17 3.9 5.9
56.5 -31 1.5 3.3 22.4 1 7.8 -21.1 30.3 27.2 71.9 -52.6 -21.6 -17.9 -3.6 -22.9 -27.8 -43.9 -31.4 -0.6 -10.3 -4.9 -20.9 21.4 -8.3 -16.8 6.6 6.7
53.1 -38 -5.5 -3.3 16.8 -1 4.6 -24.7 25.7 23.2 67.7 -55.5 -24 -20.4 -7 -26 -30.7 -46.7 -33.4 -1.3 -12.7 -7.1 -23.8 19 -10.3 -18.7 6.9 5.1
53.4 -39.4 -6.4 -4.1 15.6 0.1 4.9 -25.1 24.6 22.2 66.5 -55 -24.8 -21.3 -8.4 -27 -31.9 -47.9 -34.6 -3.9 -16.3 -10.7 -27.5 15.2 -14.1 -22.2 4.8 2
55.2 -37 -5.3 -2.8 16.2 2.4 6.1 -24.4 25.1 22.5 66.9 -53.3 -24.5 -21.4 -8.6 -26.9 -32.1 -48 -34.7 -6.4 -19.4 -14 -30.2 12.1 -17.4 -24.6 2.6 -0.2
55.4 -37.1 -6.4 -3.2 15.2 3.1 5.3 -24.8 24.7 21.9 66.8 -52.8 -24.2 -21.9 -8.8 -27 -32.4 -48.2 -34.2 -6.5 -20.1 -14.6 -30.2 12.1 -17.8 -24.1 3.2 0.5
52.5 -42.8 -11.1 -7.4 11.5 0.8 1.8 -27.6 21.7 18.9 64.5 -54.5 -25.4 -23.9 -10.8 -28.9 -34 -49.8 -34.4 -5.4 -19.2 -13.4 -29.1 13.6 -16.5 -22.3 5.8 2.7
47.5 -49.4 -17.7 -14.2 5.9 -3.4 -3.4 -32.5 16.6 13.9 59.6 -57.9 -28.8 -27.8 -14.8 -32.9 -37.3 -53.2 -36.2 -5.5 -19.6 -13.5 -29.7 13.4 -16.5 -22 7.1 3
44.6 -51.4 -20.2 -17.6 2.4 -6 -6.4 -35.7 13.7 11.2 56 -59.8 -31.8 -31 -17.7 -35.5 -39.7 -55.5 -37.7 -7 -20.9 -14.8 -31 11.9 -17.5 -22.5 6.6 1.8
46.3 -49.5 -16.4 -14.3 4.1 -4.9 -5.3 -34.6 15 13.1 56.9 -57.8 -32.2 -31.3 -17.3 -34.8 -39.1 -54.8 -36.8 -9.2 -22.3 -16 -31.1 11 -17.8 -22.4 6.1 1.2
50.5 -45.6 -8.5 -6.5 9.2 -2.3 -2.2 -31.2 19 17.1 60.7 -53.6 -31.3 -30 -15.4 -32.3 -37 -52.5 -35.1 -12.3 -24.4 -17.7 -31.2 10.1 -18.3 -22.9 5.3 0.3
54.1 -39.9 -0.4 1.2 13.8 -1.1 -0.2 -28.8 22.8 19.8 64 -50.4 -31.1 -29.4 -14.3 -30.5 -35.5 -51 -34.8 -16.1 -27.3 -20.1 -32.5 8.8 -19.8 -24.4 3.4 -1.6
53.4 -36.4 2.8 3.6 14.3 -3 -1.5 -29.6 23.3 19.1 64 -50.3 -33 -31 -15.6 -31 -36.3 -51.7 -36.5 -18.9 -29.5 -22.2 -34.2 7.8 -21.4 -25.8 1.7 -3.5
48.1 -38.7 0 0.5 10.4 -7.6 -5.2 -33.1 20.4 15.7 61 -52.6 -36.7 -34.2 -18.4 -33.7 -38.8 -54.5 -39.3 -19.5 -29.7 -22.8 -34.9 7.7 -21.5 -25.8 1.4 -4.3
43.1 -42.6 -3.2 -2.7 6.6 -11.8 -8.5 -36.1 17.6 13.2 58.3 -54.5 -39.8 -36.7 -20.6 -36 -41.2 -57.1 -41.3 -18.6 -28.6 -21.6 -34.6 8.4 -20.7 -25 2.1 -4.8
43 -41.5 -2.4 -2.1 6.9 -12.7 -9.3 -36 17.5 13.7 58.5 -54.4 -40.5 -37 -20.7 -36.2 -41.6 -57.5 -41.4 -18.3 -28.4 -21.1 -34.8 8.5 -20.6 -24.9 2.1 -6.1
47.9 -34.5 3 2.9 11.3 -9.6 -6.9 -32.7 20.5 17 61.7 -52.6 -38.5 -35.2 -18.9 -34.2 -39.4 -55.4 -39.8 -19.1 -29 -21.6 -35.3 8.1 -21.1 -25.5 1.4 -7.6
54.9 -28.1 10.1 9.3 16.8 -4.8 -2.6 -28.5 24.8 21.4 65.7 -51 -34.7 -32.4 -16.3 -31 -36.1 -52.4 -37.6 -19.1 -28.7 -21.6 -35.1 8 -21.3 -25.6 1.2 -8
57.9 -28.3 11.9 10.5 17.8 -2.6 -1 -27.8 25.6 22.3 65.6 -53 -32.8 -31.6 -16 -30.7 -35.8 -52.2 -37.4 -18.3 -28.3 -21.8 -35.5 6.9 -22.3 -26.3 0.8 -9.1
53.8 -33.8 4.8 3.5 12.2 -5.5 -4.9 -32.9 20.2 16.9 59.4 -59.5 -35.4 -35.2 -20 -35.6 -40.6 -56.9 -40.9 -18.3 -30 -23.9 -38.4 3.6 -25.5 -29.2 -1.3 -12.8
45.1 -41.8 -8.1 -8.2 3.5 -11.6 -12 -40.9 11.5 8 51.3 -66.6 -40.4 -41.2 -26.4 -43.1 -47.3 -63.4 -45.5 -18.7 -32.6 -26.8 -42 -0.2 -29.1 -32.4 -4 -16.8
37.6 -50.6 -20.2 -18.7 -3.3 -16.5 -17.5 -47.3 4.6 1 46.6 -69.6 -43.6 -45.7 -31.5 -48.5 -51.8 -66.8 -48 -18.2 -33.9 -28.6 -43.9 -1.8 -30.8 -33.5 -5.4 -18.8
35.6 -56 -25 -22.7 -4.5 -17.3 -18.7 -48.7 2.6 -0.5 47.3 -67.8 -43.6 -46.4 -33.1 -49.6 -52.7 -66.2 -47.8 -18 -34.2 -29.5 -44.7 -2.1 -31.5 -33.5 -6.2 -19.6
38.5 -54.4 -22.4 -19.8 -0.9 -14.5 -16.5 -46.3 4.5 2.4 51.2 -63.4 -41.5 -44.5 -31.8 -47.5 -51.1 -63.6 -45.9 -19.4 -35.4 -31 -45.9 -3.2 -32.4 -34.2 -8 -21
41.6 -50.1 -18.8 -15.8 3.4 -11.4 -14 -43.9 6.4 5.6 54.6 -59.8 -39.8 -42.4 -29.7 -45.4 -49.1 -61.1 -43.8 -21.1 -37.2 -32.7 -47.3 -4.8 -33.3 -35 -9.8 -22.7
42.2 -50.4 -18.7 -14.9 5.7 -10.4 -13.5 -43.6 6.9 7.1 55.9 -58.5 -39 -41.3 -28.5 -44.7 -47.6 -59.6 -42.1 -20.9 -37.5 -32.7 -46.8 -4.6 -32.2 -33.9 -9.7 -22.6
40.1 -56.7 -22.3 -17.7 4.8 -11.8 -15.4 -45.2 5.8 6.1 55 -59.5 -39.2 -41.6 -29 -45.4 -47.2 -59.3 -41.2 -18.7 -36 -31.1 -45.2 -2.5 -29.5 -30.9 -8.3 -21.1
36.2 -62.9 -28.1 -23 0.7 -15.5 -19.2 -48.6 3 2.8 52.2 -62.3 -41.2 -43.8 -31.3 -47.9 -49.1 -61.1 -42 -17.2 -35.5 -30.7 -45.1 -1.7 -28.6 -29.5 -8.8 -21.1
34 -63.3 -30.5 -25.6 -2.6 -18.6 -21.6 -50.4 1.3 0.4 50.5 -63.6 -43.5 -46.1 -33 -49.8 -51.3 -62.9 -42.9 -18.1 -36.3 -31.7 -46.3 -2.5 -29.4 -30 -11.4 -22.6
36.3 -59 -25.9 -22.1 -1.2 -18 -20 -48.1 3.5 2.2 52.4 -61 -43.7 -45.8 -31.7 -48.3 -50.5 -61.8 -41.6 -19.9 -36.9 -32.3 -46.5 -2.8 -29.4 -30.2 -12.8 -23
42.2 -52.2 -16 -13.3 4 -13.7 -15.2 -42.7 8.8 7.2 56.8 -56.7 -41.9 -43 -28.2 -44.2 -47.2 -58.4 -39.1 -21.7 -37.3 -32.4 -45.9 -2.3 -28.5 -29.9 -11.9 -22.3
48.5 -43.3 -4.5 -3 10.3 -8.7 -10 -37.1 15 12.8 61.1 -53.4 -39.2 -39.7 -24.5 -40 -43.5 -54.8 -37.3 -22.5 -36.9 -31.9 -45 -1.3 -27.2 -29.4 -9.9 -21.4
51.6 -36.1 2.6 3.3 13.9 -6.1 -7.4 -33.8 19 16.6 63.8 -52.2 -36.9 -37.3 -22 -37.6 -41.1 -52.6 -36.5 -21 -34.8 -30 -43.1 0.4 -25.1 -27.9 -7.6 -20.2
50.6 -35.9 2.8 3.2 13.5 -6.9 -8.1 -33.6 19.4 17.1 64.1 -52.8 -36.5 -36.8 -21.7 -37.5 -40.8 -52.4 -36.7 -18.1 -31.6 -27 -40.4 3.4 -21.9 -25 -6.2 -18.8
47.9 -39.9 0.5 0.4 11.1 -9.7 -10.1 -35.2 18.2 15.4 62.5 -54.9 -37.7 -38 -23.2 -39 -41.8 -53.4 -37.6 -17.1 -29.7 -25.3 -39.4 5.5 -19.9 -23.1 -7.9 -19.3
46.3 -41.1 -0.6 -0.9 9.3 -12.1 -11.4 -36.7 17.1 13.2 59.9 -58.2 -40 -39.9 -25.3 -41.2 -43.5 -55 -38.9 -19.8 -31.4 -27.3 -42 4 -21.4 -24.9 -12.5 -23.1
47.2 -37.2 1.9 1 9.8 -12.1 -10.3 -36.6 17.6 13 58.7 -60.6 -41.7 -40.9 -26.4 -42.1 -44.5 -56.2 -39.9 -24.2 -35.3 -31.4 -46.1 -0.2 -25.1 -28.9 -17.1 -28.2
50.2 -33.1 7.1 5.5 12.4 -9.7 -7.2 -34.1 20.2 15.4 60.3 -60.1 -41.3 -39.9 -25.5 -40.7 -44 -55.4 -39.7 -27.1 -37.9 -34.2 -48.5 -3.4 -27.8 -31.6 -19.2 -31.7
51.4 -33.1 8.9 7.3 13.4 -8.4 -6 -32.9 21.3 16.8 61.6 -59 -40.4 -39.1 -24.8 -39.9 -43.6 -54.6 -39.6 -28.2 -38.8 -35.4 -49.6 -4.9 -29.3 -33 -20.1 -33.9
48.6 -36.6 3.9 2.7 9.9 -10.6 -9.4 -36 18.1 14.1 59.3 -60.2 -41.3 -40.9 -26.8 -42.2 -45.6 -56.4 -41.3 -28.5 -39.9 -36.7 -51 -6 -30.9 -34.4 -21.4 -36.3
43.4 -41.7 -5.5 -5.8 3.8 -14 -14.5 -41.7 12.7 9.2 55.4 -62.9 -43.3 -43.9 -29.9 -46.1 -48.7 -59.6 -43.4 -26.7 -39.8 -36.9 -51.5 -6.1 -31.2 -34.8 -21.5 -37.4
39 -47.7 -14.7 -13.4 -0.9 -15.7 -17.6 -45.8 8.6 5.4 52.9 -64.8 -44.2 -45.6 -31.6 -48.6 -50.6 -61.7 -44.2 -23 -38.1 -35.6 -50.4 -5.1 -30 -33.4 -19.4 -36.3
38 -51.7 -18.5 -16.1 -1.5 -14.9 -17.3 -46.2 7.4 4.5 52.8 -64.9 -43.7 -45.5 -31.7 -49.2 -51.1 -62.2 -44 -21 -37.1 -35.1 -50.2 -5.2 -30 -32.9 -17.8 -35.9
40.8 -50.2 -16.4 -13.8 1.2 -12.2 -14.8 -44.1 8.5 5.9 54.4 -63.4 -42.5 -44.5 -31.2 -48.8 -50.9 -61.5 -43.4 -22.4 -38.7 -37.4 -52.3 -7.9 -32.6 -35.1 -18.8 -38.4
44.1 -46.4 -13.5 -10.9 3.9 -9.5 -12.9 -42.5 9.5 7.5 56.1 -61.2 -41.6 -43.5 -30.9 -48.2 -50.7 -60.6 -43 -24.7 -41.1 -40.4 -54.9 -11.1 -35.8 -38.2 -20.7 -41.6
44.7 -46.7 -14 -10.6 4.1 -9 -13 -43.1 9.1 7.8 56.6 -60.2 -41.5 -43.6 -31.2 -48.3 -50.6 -60.4 -43 -25.1 -41.6 -41.1 -55.5 -11.8 -36.7 -39.4 -21.2 -42.9
42 -52.3 -18.3 -13.9 1.5 -11.1 -15 -45.4 6.9 6.3 55.6 -61.3 -42.9 -45.1 -32.6 -49.4 -51.4 -61.4 -43.9 -24.1 -40.7 -39.9 -54.6 -10.4 -35.6 -38.6 -20.5 -42.6
38.3 -57.1 -23.4 -18.5 -1.9 -14.5 -17.8 -48 3.9 4.1 53.4 -63.7 -45.1 -47.3 -35 -51.7 -53 -63.2 -45.3 -23.3 -40.2 -39.2 -53.9 -9.5 -35.1 -37.8 -20.1 -42.7
38 -55.4 -23.3 -18.9 -1.7 -15.5 -18.5 -47.9 3.9 4.7 53.4 -63.8 -45.4 -47.5 -35.2 -52 -52.8 -63.3 -45.2 -22.5 -39.3 -38.8 -52.9 -8.7 -34.6 -37 -19.2 -42.7
