81.6 -26.7 22.5 22 15.7 16.9 6.8 -23.6 33.6 40.7 87 -30.3 -26.3 -25.4 -11.7 -21 -16.1 -25.6 -19.1 0.7 -14.7 -12.6 -14.4 26.9 -8.2 -20.5 -2.9 -19.3
84.2 -22.5 28.4 27.1 17.8 18.6 8 -21.4 35.9 42.3 88.3 -27.8 -25.8 -24.8 -10.9 -19.9 -15.7 -26.1 -20.1 0.3 -14.4 -12.3 -14.8 26.7 -8.6 -20.9 -3 -19.4
82.7 -24.9 29.5 27.7 15.6 17.6 7.2 -21.8 35.3 41.5 87.2 -28.2 -26.4 -25.3 -11.4 -20.2 -16.8 -27.9 -21.2 2.3 -11.8 -10.1 -13 28.7 -6.2 -18.9 -1 -16.6
79.8 -28.7 29.1 26.5 11.9 15 5.3 -23.7 33.6 39.4 84.7 -30.8 -28.2 -26.9 -13 -21.6 -19 -30.3 -22.5 3.7 -9.8 -8.8 -11.8 30 -4.3 -17.6 -0.5 -15.4
78.5 -28.6 28.9 25.7 9.4 13.8 4.7 -24.7 32.9 37.9 82.4 -33.2 -29.1 -27.6 -13.6 -22.6 -20.3 -31.2 -23.2 4.1 -9.4 -9 -12.4 29.3 -4.6 -17.9 -1.6 -16.5
80.8 -23.3 31.8 28.2 10.2 15.8 7.1 -22.8 34.9 38.6 82 -33.5 -27.4 -25.9 -12.2 -21.9 -19.1 -29.7 -22.8 4 -9.6 -9.5 -13.5 27.6 -6.2 -18.7 -2.4 -18
86.4 -16.4 39.6 35 14.5 19.9 11.9 -18.1 39.8 42 84.4 -31.5 -24.2 -22.4 -8.9 -19.3 -16.1 -27 -21.6 3.7 -9.3 -9.4 -14.1 26.9 -7.2 -19.1 -2.4 -18.7
90.6 -13.1 44.4 39.1 17.9 23.2 15 -14.5 43.2 45 87.3 -29 -21.4 -19.5 -6.2 -17 -14.1 -25.1 -19.9 4.5 -8.3 -8.6 -13.7 28.1 -6.6 -18.5 -1.1 -17.7
90.2 -14.6 40.2 36.1 17.5 24.2 14.5 -14.9 42.5 45.2 88.7 -27.6 -19.8 -18.4 -5.5 -16.2 -13.9 -24.4 -17.9 8 -6.2 -6.3 -11.6 30.9 -4 -16 2.2 -14.3
86.3 -20.2 30.4 28.5 14.1 23.6 12.2 -17.9 39.1 43.4 88.3 -27.7 -19 -18.6 -6.1 -16.4 -14.6 -24.1 -16 13.6 -2.2 -2.1 -7.9 34.9 0.3 -11.4 6.8 -9.4
81.7 -28.2 20.7 20.5 10 22.3 10 -21.7 35.1 40.8 86.5 -28.9 -18.7 -19.2 -7.1 -17.3 -15.4 -24.7 -15.2 18.1 0.7 1.1 -5.4 37.4 2.9 -8.1 9.8 -6.5
79.8 -32.3 16.1 16.5 8.3 21.9 9.4 -23.4 32.9 39.2 84.9 -30.1 -18.8 -19.6 -7.8 -18.5 -16.3 -25.8 -15.9 18.7 -0.1 0.4 -6.2 36.1 1.3 -9.1 9.6 -7.8
81.9 -29.6 16.6 16.8 9.9 24.1 11.3 -22 33.4 40.1 85.6 -29.3 -18 -18.9 -7 -18.4 -15.9 -25.6 -16.2 17.5 -2.9 -2.5 -8.8 33.1 -2.3 -12.5 8.5 -10.5
85.2 -24.1 17.8 18.5 12.7 27.7 14 -19.3 35.6 42.1 88 -26.4 -15.8 -17.2 -4.9 -16.4 -14.1 -23.7 -15.2 17.1 -4 -4 -9.9 31.6 -3.8 -14.4 9 -11.4
87.8 -20.8 19.1 20.8 15.3 30.6 16.3 -16.8 38.3 44.1 90.4 -22.7 -13.2 -15.1 -2.7 -13.9 -11.8 -21.6 -13.6 18.4 -2.1 -2.3 -8.1 32.8 -2.2 -12.9 11.6 -9.4
88.7 -21.4 19.1 22.3 17.1 32.2 17.8 -15.1 40.2 45.5 91.7 -19.3 -10.8 -13.1 -1.1 -12.2 -10 -20.1 -11.5 21.6 1.9 1.5 -3.9 36.1 1.6 -8.8 15.9 -5.2
87.7 -24.1 15.5 20.4 17.5 32.6 18.1 -15.2 39.6 45.7 92.1 -17.2 -9.1 -11.7 -0.4 -12.1 -9.4 -19.3 -9.2 25.7 5.8 5 0.3 39.5 5.5 -4.3 20.2 -0.5
88.1 -24.1 14.9 20.2 19.3 32.4 18.9 -14.8 39.3 46.6 93.6 -15.5 -8 -10.6 0.2 -12.1 -9.2 -18.3 -7.6 28.8 8 6.8 2.6 41.4 7.9 -1.8 22.1 1.7
92.9 -19.8 23 26.3 24.8 33.7 22 -11.3 42.6 50.3 97.3 -13.6 -6.8 -8.9 2 -10.4 -8 -16.5 -6.7 29.4 8.4 7 2.3 41.6 8 -2.1 20.9 0.4
100.1 -12.1 35.9 36.1 31.5 36 26.3 -6 48.3 55 101.7 -12 -5.8 -7.2 4.4 -7.8 -6.4 -14.7 -6.7 26.7 6.5 5.2 -0.6 39.7 5.5 -5.1 17.6 -3.9
105.7 -3.9 46.8 44.8 36.2 37.2 29.4 -1.9 53.3 58.4 104.7 -10.6 -5.8 -6.7 5.7 -5.8 -5.6 -14 -7.7 22.4 3.7 2.6 -4.1 36.9 2.2 -8.7 13.8 -8.9
106.5 -0.5 51.2 49 37.4 35.8 29.6 -1.1 54.8 59 105.6 -8.6 -7.2 -7.8 5.2 -5.7 -5.9 -14.7 -9.2 19.4 2.3 1.2 -5.7 35.5 1.2 -10.4 11.6 -11.6
103.3 -4.1 50.3 48.2 35.6 31.8 26.8 -3.3 52.9 56.8 104 -7.7 -10.5 -10.3 2.7 -8.2 -7.7 -17.1 -11.7 18.1 2.2 1 -5.5 35.7 1.9 -10.2 10.5 -12
98.8 -10.1 48.3 45.2 32.4 26.3 22.4 -7 49.3 52.9 99.8 -11.3 -15.2 -14.1 -1.3 -12.2 -11 -21 -15.4 16.2 0.8 0 -6.3 35.3 1.5 -10.6 8.8 -13
95.3 -13.6 45.8 41.7 28.8 22 18.3 -11 45.6 48.5 94 -19.9 -19.2 -18.1 -5.4 -16.2 -14.7 -25.2 -18.8 12.9 -2.9 -3.3 -9.5 32.4 -1.7 -13 6 -15.4
95.2 -11.6 45.9 41.3 27.7 20.9 17.1 -12.2 44.5 46.8 90.2 -28.1 -20.7 -20 -7.4 -18 -16.5 -27.3 -20.1 9.1 -6.7 -7.1 -13.2 29 -5.2 -15.6 3.1 -17.8
98.8 -5.6 52.1 47.3 31 23.5 19.8 -9.2 48 49.6 91.5 -30.3 -19.2 -18.8 -5.7 -16.1 -15 -25.6 -18.3 6.5 -8.3 -9 -14.5 27.8 -5.8 -16.2 0.7 -19.2
101.1 -2.3 55.8 51.5 33.7 25.9 22.4 -6.7 50.9 52.4 93.9 -28.6 -17.5 -17.3 -3.9 -14 -13.1 -23.3 -15.7 5.5 -8.5 -9.6 -14.2 28.1 -4.7 -15.3 -1.1 -19.8
97.9 -5.7 49.3 46.8 30.8 24.8 20.7 -9.2 48.3 50.4 92.6 -28.8 -18.5 -18.6 -5.4 -15 -14 -23.8 -15 6.2 -8.2 -9.4 -13.9 28.6 -4 -14.1 -1.6 -19.3
91.6 -14.7 36.7 36.4 23.9 21.7 16.4 -14.5 42 45.4 88.4 -31.2 -20.8 -21.2 -8.5 -18.2 -16.4 -26.1 -15.6 9.2 -6.6 -7.4 -12.7 30 -2.6 -12 0.4 -16.6
85.7 -24.9 25.2 26.6 17.4 19.2 12.4 -19.2 36 40.7 84.6 -33.5 -22.1 -23.2 -10.9 -21.5 -18.1 -27.9 -16.1 12.8 -4.7 -5.2 -11.5 31.5 -1.2 -10.2 2.7 -13.7
83.5 -29.2 20.1 22.4 14.9 19.1 10.8 -21.2 33.6 38.9 83.7 -33.4 -21.2 -23 -11.3 -22.8 -18.1 -27.7 -15.8 14.5 -4.7 -5.2 -11.9 31.4 -1.3 -10.2 2.6 -13.3
86.5 -25 21.4 24.5 17.5 22.6 13 -19.4 36 41.1 86.4 -29.3 -17.5 -19.7 -8.7 -20.5 -15.5 -24.5 -13.4 15.4 -5.2 -5.7 -12 31.2 -1.4 -10.3 2.5 -13.4
90.9 -18.5 24.1 27.9 21.3 27.3 17.1 -16.1 39.6 45 90.2 -23.6 -13.4 -15.6 -5 -16.4 -12.1 -20.4 -9.8 17.1 -4.6 -4.7 -10.3 32.4 0 -8.7 4.7 -11.3
92.5 -16.8 25.1 28.8 22.5 29.2 19.4 -14.3 41 47.1 92.1 -20.5 -12.1 -14.2 -3.2 -14.1 -10.5 -18.5 -7.7 18.7 -3.2 -3 -7.5 34.6 2.3 -6.6 8.4 -7.7
90.9 -20.6 22.8 26.1 20.4 28 18.7 -14.8 39.5 46.3 91.5 -20.9 -13.3 -15.2 -3.6 -14.2 -10.5 -18.9 -7.4 20.4 -1.3 -1.1 -4.5 37.2 4.8 -4.5 12.3 -4.1
87.7 -25.6 16.5 19.9 16.5 25.9 16.3 -17 36.4 43.8 89.8 -23.1 -14.5 -16.5 -4.7 -15.1 -11 -19.9 -7.3 22.8 1.2 1.2 -1.8 40.2 7.6 -1.9 15.7 -0.8
87 -26.5 14 17.1 14.7 25.2 15.6 -17.5 35.6 43.3 89.5 -24.5 -14.6 -16.3 -4.4 -14.7 -10.3 -19.5 -6.6 24 3.3 3.4 0.1 42.9 9.9 0.2 16.9 1.2
91.1 -21.7 21.4 23.1 18.2 26.8 18.6 -13.8 39.8 47 92.4 -22.5 -13.3 -13.9 -1.4 -11.7 -7.4 -16.9 -5 22.6 3.9 4.5 0.8 44.5 11.2 1.1 15.1 1
98.1 -12.6 35.1 34.6 25.6 30.3 23.5 -7.7 46.9 53.1 97.3 -17.8 -11.5 -11 2.5 -7.1 -3.7 -13.5 -3.3 19 2.3 3.7 0.2 44.1 11 0 11.6 -1.2
103.8 -3.2 47.7 45.1 32.4 33.1 27.2 -2.8 52.5 57.9 101.2 -14.2 -10.5 -9.7 4.8 -3.8 -1.5 -11.6 -3.3 14.9 -0.1 1.9 -1.1 42.5 9.6 -2 8.8 -3.5
104.4 -0.4 52.6 48.5 33.8 32.3 26.8 -2.3 53 58.1 101.1 -14.8 -12.4 -11.6 3.7 -4.2 -2.6 -12.7 -5.8 11.9 -1.9 0.6 -2 41.4 8.3 -3.8 8.1 -4.6
99.4 -6.2 49.8 45.1 29.2 26.8 21.7 -6.5 48.7 53.6 96.9 -19.8 -17.7 -16.5 -0.9 -8.7 -7.2 -17.3 -10.8 9 -3.7 -0.7 -3.1 40.4 6.6 -5.9 7.7 -5.8
93.5 -13.4 45.7 40.8 23.7 19.7 15.7 -11.6 44.2 48.5 92 -25.2 -24 -21.7 -6.2 -14 -12.2 -22.3 -15.8 5.4 -6.3 -2.8 -4.9 38.7 4.6 -8 6 -8.2
91.5 -14 44.8 40.1 22.4 16.6 13.5 -13.3 43.6 47.3 90.5 -26.7 -27.3 -23.5 -8.2 -16.1 -13.6 -23.8 -17.1 2.9 -8.4 -4.4 -6.2 37.5 3.7 -8.9 3.7 -10.2
94.9 -6.9 49.6 45.4 26.8 19 16.5 -9.9 47.7 50.8 93.2 -23.8 -26.3 -21 -5.6 -13.6 -10.7 -21.2 -14.4 2.2 -9.1 -5 -6.1 37.7 4.1 -8.5 1.5 -11.3
101.8 2.2 60 55.2 34.5 24.2 22.6 -3.7 54.2 56.7 98.1 -19.5 -23.1 -16.8 -0.9 -8.8 -5.9 -17.2 -10.9 1.8 -8.9 -4.9 -5.2 38.7 4.9 -8 -0.4 -12.4
105.7 5.7 65.7 60.3 38.8 27.5 26.3 -0.3 57.3 60 101.3 -17 -20.9 -14.8 1.5 -5.9 -3.7 -15 -9.4 2.1 -8.6 -4.4 -4.7 39.2 5.2 -7.9 -1.1 -13.3
102.7 1.5 59.5 55.1 35.7 26.4 24.3 -3 53.8 57.9 100.3 -17.4 -21.2 -16.6 -0.3 -7.2 -5.1 -15.8 -10 3.7 -8 -3.6 -4.6 39.5 5.5 -7.5 0.1 -12.7
95.5 -7.8 46.2 43.7 28.1 22.8 19 -9.1 47.5 52.9 96.8 -19.2 -22.5 -19.5 -3.6 -10.4 -7.6 -17.5 -10.5 7 -6.1 -1.9 -3.1 41.1 7.3 -5.1 3.4 -9.7
89.1 -17.6 33.9 33.4 21.5 19.9 14.6 -14.2 42.9 48.7 93.9 -20.5 -23 -21 -6 -12.8 -9 -18.3 -9.9 10.4 -3.9 -0.5 -1.2 43.2 9.6 -2.1 6.9 -6.3
86.9 -21.8 28.1 28.6 19 19.3 13 -16.4 41.1 46.9 92.7 -20.8 -22.7 -21.4 -7.1 -14 -9.7 -18.6 -9.5 11 -4.2 -1.5 -1.4 42.8 9 -2.2 6.8 -6.2
88.7 -18.9 27.4 28.5 20.1 21.4 14.1 -15.9 41 47.1 93.1 -20.4 -21.7 -20.8 -7 -13.7 -9.8 -18.8 -9.3 9.1 -6.8 -4.4 -4 39.7 5.8 -5.3 3.7 -9.2
91.5 -14.6 27.7 29.3 22.5 24.3 16.3 -14.2 41.7 48.4 94.1 -19.7 -20 -19.2 -5.6 -12.3 -8.9 -17.9 -8.4 8.1 -8.5 -6 -5.9 37.5 3.6 -7.7 1.6 -11.2
93.2 -14 28.3 30.1 24.2 26.2 18.2 -12.8 42.7 49.8 95.2 -19.2 -18.5 -17.5 -3.6 -10.8 -7.8 -16.4 -7.4 9.5 -7.4 -4.5 -5.1 38.3 4.5 -6.7 2.7 -9.7
92.4 -18 26.9 29.2 23.5 26.1 18.1 -13 42.2 49.8 95.1 -19.5 -17.8 -17.1 -2.8 -10.6 -7.8 -16.3 -6.9 12.5 -4.7 -1.5 -2.2 40.8 7 -3.7 6 -5.8
88.4 -24 20.8 24.1 20.1 24.1 15.3 -15.9 39 47.5 93.3 -21.1 -18.2 -18.4 -4.2 -12.5 -9.5 -18.4 -7.4 15.4 -2.7 0.6 0.2 42.4 8.5 -1.7 9.2 -2.3
85.5 -26.5 17.6 20.9 17.8 22 13 -18.3 36.9 45.9 91.7 -22.9 -19.2 -19.6 -6.1 -14.5 -11.1 -20.6 -8.8 16.3 -2 0.8 0.8 42.3 8.4 -1.9 10 -1.5
87.1 -23.7 23 25.1 19.7 22 13.8 -17.3 38.9 47.2 92.5 -23 -19.4 -19.1 -6.2 -14.5 -10.7 -20.9 -10.3 14.3 -3 -0.7 -0.7 40.8 6.9 -4.4 7.8 -3.9
92.1 -16.6 33.5 34 24.3 23.6 16.3 -14.2 43.1 50.2 94.5 -22.1 -19.1 -18 -5.2 -13.5 -9.4 -20.4 -12.4 9.8 -6 -4.3 -4.4 37.6 3.4 -8.8 3.2 -8.8
97.3 -8 43.6 42.5 28.9 25.3 18.6 -10.9 47 52.9 96 -21.4 -18.9 -17.3 -4.2 -12.4 -8.8 -20.4 -14.4 5.9 -9 -7.8 -8.4 34.4 -0.3 -12.5 -1.1 -13.3
99.7 -3.8 48.6 46.6 30.7 25.5 19.4 -9.4 48.3 53.7 95.8 -21.1 -19.7 -17.8 -4.4 -12.1 -9.7 -21.4 -16.2 4.9 -9.4 -8.5 -9.7 33.4 -1.4 -13.4 -2.4 -14.5
97.8 -6.8 48.3 45.8 28.6 22.9 17.5 -11 46.3 51.8 93.4 -21.6 -23 -20.5 -6.8 -14.1 -12.7 -24.1 -18.9 5 -8.8 -7.7 -9.1 33.8 -0.9 -13 -2 -13.8
94.3 -11.9 46.9 43.5 25 19.1 14.3 -13.8 43.5 48.8 90.3 -23.3 -27.1 -23.6 -9.7 -17 -16.1 -27.2 -22 3.9 -8.9 -7.4 -8.8 34.1 -0.8 -13.3 -2.8 -13.6
93 -12.3 46.7 42.5 23.5 17.7 13.2 -14.6 43 47.6 89.2 -25.7 -28.4 -24.1 -10.4 -17.8 -16.9 -27.9 -22.6 2.9 -9.2 -7.6 -9.2 33.8 -1 -13.9 -4.6 -14.1
96.2 -6.5 50.2 45.6 26.5 20 15.6 -11.9 45.8 49.7 91.3 -27.5 -26 -21.7 -8.1 -15.8 -15.1 -25.6 -20.6 2.7 -9 -7.7 -9.9 33 -1.3 -14.1 -5.8 -14.9
103 1.6 58.7 53.7 33.3 24.3 20.4 -6.7 51.6 54.7 95.5 -26.8 -22.1 -18.4 -4.1 -12.1 -11.8 -21.8 -17.4 3 -8.4 -7.1 -9.6 32.8 -1.3 -13.9 -5.1 -15
107.5 5.5 63.7 59.5 38 27.8 23.8 -3.2 55.5 58.2 98.5 -24.5 -19.3 -16.2 -1.5 -9.5 -9.1 -18.7 -14.6 4.4 -7.5 -6 -8.5 33.7 -0.6 -12.9 -2.2 -13.4
104.8 1.3 58 55.5 35.7 27.4 22 -5.3 53 56.4 97.3 -23.7 -19.5 -16.9 -2.6 -10.8 -9.3 -19.1 -14 6.5 -6.5 -5.2 -7.6 34.7 0.1 -11.6 1.2 -11
96.9 -9.2 44.7 44 28 23.2 16 -11.6 45.9 50.7 92.7 -25.8 -22.4 -20 -6.5 -15.1 -12.2 -22.6 -15.6 9 -5.6 -4.2 -6.8 35.3 0.5 -10.1 4.1 -9
90.1 -20.2 32.2 32.5 20.7 18.9 10.6 -17.9 39.1 45.4 88.6 -28.6 -25.3 -23.1 -10 -18.8 -15.5 -26.3 -17.3 11.6 -4.4 -2.9 -6.1 35.7 1 -8.9 6.5 -7.7
88.9 -23.7 26.9 27.7 18.3 18.8 9.6 -20.1 36.8 44 87.9 -29.3 -25.2 -23.3 -10.8 -19.3 -16.5 -26.9 -17.3 13.4 -3.5 -2.2 -6.2 35.4 1.3 -8.6 8 -7.3
92.3 -19 27.7 29.2 20.8 23.2 12.7 -18.1 38.6 46.4 90.5 -26.9 -21.7 -20.3 -8.7 -17 -14.8 -24.5 -15.3 14 -3.8 -2.6 -7 34.6 0.9 -9.3 8.6 -7.3
95.3 -13.9 28.9 31.2 23.4 27.9 15.6 -15.9 40.6 48.9 93.4 -23.4 -17.9 -17.4 -6.4 -14.7 -12.4 -21.8 -13.2 13.5 -5 -3.7 -7.9 33.8 -0.2 -10.3 8.6 -7.1
95.5 -14.1 28.8 31.7 23.9 29 15.9 -15.6 41 49.6 94.7 -21.1 -16.8 -16.6 -5.4 -14.4 -11.4 -20.6 -12 13.2 -5.9 -4.4 -7.9 33.8 -0.3 -10.3 8.9 -6.2
92.9 -19.5 26.2 29.4 22 26.4 14 -17.5 39.5 48.2 94.2 -21.1 -18.4 -18.2 -6.1 -15.8 -12.1 -21.1 -11.8 14 -5.3 -3.7 -6.7 35 1.5 -8.7 10.4 -4.2
88.2 -25.9 19.4 23.5 17.8 22 10.5 -21.3 36 45 92.1 -22.8 -21 -21.1 -8.3 -18.6 -13.9 -23 -12.3 15.4 -4.2 -2.8 -5.5 36.2 3.6 -6.7 12.7 -2.2
86.2 -26.8 16.9 21.1 16.2 19.6 9.2 -22.8 34.7 43.6 91.1 -23.3 -21.9 -22.7 -9.6 -19.8 -14.6 -24.2 -12.7 16.4 -3.2 -2.2 -4.9 37 4.6 -5.7 14 -2.1
90.6 -20.8 25.2 27.9 20.7 21.8 12.6 -18.6 39.1 47.2 93.8 -20.2 -20 -20.7 -7.4 -17 -12.5 -22.3 -11.5 16.6 -2.4 -1.6 -4.6 37.8 4.6 -5.8 13.5 -4
97.9 -11.5 38.8 39.7 28.2 26.1 17.9 -12.3 46 52.8 98.5 -15.8 -17.6 -17.6 -3.9 -12.9 -10 -19.1 -10.3 14.6 -3.6 -2.8 -5.9 36.6 2.8 -7.7 10.5 -7.4
102.8 -3.4 49.1 48.8 33.1 28 20.5 -8.7 50.1 56 101.3 -13.6 -17.6 -16.9 -2.7 -11.5 -9.5 -18 -10.9 10.4 -7.3 -6.3 -9.1 33.3 -0.4 -11.1 6.2 -11
102.4 -1.6 52.1 51 33 26 18.9 -9.7 49.5 55.3 100.3 -15.1 -20.3 -19.3 -4.9 -13.4 -11.4 -19.9 -13.4 6.9 -10.5 -9.3 -11.6 30.6 -2.9 -13.6 3.8 -12.3
97.8 -7.1 49.7 47.7 28.7 20.5 13.9 -14.2 45.2 51 95.5 -20.6 -25.2 -24.1 -9.8 -17.9 -15.6 -24.2 -17.2 4.5 -12.4 -10.9 -13.1 29.2 -4.4 -15 3.2 -11.8
92 -14.6 46.2 43.1 23 13.5 7.9 -19.9 40 45.3 88.5 -28.7 -31.1 -29.6 -15.8 -23.8 -20.9 -29.8 -21.4 1.4 -14.9 -13.2 -15.6 26.9 -6.7 -16.9 2 -12.7
87.9 -17.9 43.2 39.6 18.6 9 3.8 -24.1 36.2 40.7 82.8 -35.3 -35.4 -33.7 -20.1 -28.8 -25.3 -34.4 -24.8 -2.5 -18.4 -16.9 -19.4 23.2 -10.3 -19.9 -1.5 -16.4
88 -14.3 44.1 40.5 18.5 9.1 3.5 -24.3 36.1 40.2 81.8 -36.1 -36.6 -34.6 -20.9 -30.2 -26.2 -35.6 -25.6 -5.5 -21.4 -20.2 -22.7 20.2 -13.1 -22.6 -6.5 -21.5
93.1 -6.4 52.2 48.3 24 13.2 7.6 -19.5 41.1 45.1 86.6 -30.4 -34.6 -31.8 -18 -26.9 -23.1 -32.6 -23.4 -6.8 -21.9 -21.1 -23.2 20.1 -13.1 -23.2 -10.5 -25
97.7 -1.5 58.7 55.2 30.1 17.6 12.2 -14.5 46.3 50.8 92.7 -23 -31.4 -27.9 -14.5 -22.4 -19.1 -28.4 -20 -5.7 -20.1 -19.6 -21.4 22.1 -10.9 -21.7 -11 -25
97.1 -3.5 55.2 53.5 31.5 18.7 13.2 -14 46.5 51.9 95.4 -19.2 -29.2 -26 -13.2 -20.6 -17.5 -26.1 -17.6 -2 -17.4 -17 -18.7 24.8 -7.9 -19 -7.9 -22
92.6 -11.2 44.8 44.9 28.6 17.5 11.2 -16.6 42.7 49.3 94.7 -19.7 -27.9 -25.6 -13.2 -20.9 -17.8 -25.5 -16.1 3.9 -13.7 -13.1 -15.2 28.6 -3.8 -14.9 -1.8 -16.4
88.5 -19.9 34.9 35.7 24.6 16.7 9.4 -18.8 38.7 46.2 92.7 -22.1 -26.2 -24.9 -12.8 -21 -17.8 -25 -14.4 9.8 -9.8 -9.1 -11.4 32.5 0.1 -10.6 3.8 -10.9
88 -22.9 30.4 31 22.8 18.2 10 -18.9 37.5 45.5 91.8 -23.8 -23.5 -23.2 -11.2 -20 -16.8 -24.3 -12.9 12.9 -7.8 -7.3 -9.7 34.2 1.5 -8.7 6 -8.7
90.6 -19.9 30.2 31.1 24.3 21.9 12.8 -17.3 39 47.3 92.8 -23.6 -20.4 -20.7 -9.1 -18.4 -14.9 -22.9 -11.5 12.9 -8.3 -8.2 -10.7 33 -0.2 -9.6 6 -9.3
92.5 -16.7 29.6 32 26.1 25.2 15 -16.7 40.2 48.9 93.8 -22.8 -18.4 -19.2 -8.3 -18.2 -13.9 -21.8 -10.6 11.2 -10.2 -10.6 -13.1 30.4 -3.2 -11.6 5.1 -10.9
92.3 -17.3 28.4 32.1 26.1 26 15 -17.5 39.5 48.7 93.6 -22.6 -18.8 -19.3 -9.2 -19.4 -14.5 -21.9 -10.6 9.1 -11.9 -12 -14.5 28.8 -4.6 -12.8 3.5 -12.4
90.2 -21.2 26 30.1 24.3 24.6 13.6 -19.3 37.2 46.9 92.6 -22.9 -20.4 -20.8 -10.7 -21.1 -16 -23.1 -10.7 8.9 -11.8 -11.5 -13.9 29.4 -3.4 -12 2.5 -12.4
86.4 -26.1 19.7 24.5 20.5 22.2 10.9 -22.3 33.1 43.4 90.2 -24.1 -22.4 -23 -12.6 -23.3 -18.1 -25.1 -11.4 10.7 -10.6 -10.1 -12.6 30.8 -1.4 -10.2 2.5 -11.2
83.8 -27.6 16.1 21.1 18.2 20.5 9.1 -24 30.8 40.9 88.2 -25.5 -24 -24.3 -13.8 -24.5 -19.6 -26.7 -13 11.8 -9.6 -9.3 -11.8 31.6 -0.9 -9.8 2.5 -10.7
86 -23.9 21.6 25.7 20.6 21.2 10.6 -22.1 33.4 42.1 89.5 -24.2 -23.6 -23 -12.4 -23.3 -18.4 -26.3 -14.2 10.4 -9.7 -9.7 -11.5 31.3 -1.5 -11.2 1.5 -11.4
91.9 -15.7 33 35.6 26.1 24.1 14.6 -17.4 39.1 46.4 93.3 -20.1 -21.1 -20 -9.3 -20.6 -15.6 -23.9 -13.9 7.3 -10.8 -11.2 -12 30 -2.9 -13.7 -0.4 -13
98.1 -6.8 44.1 45.1 31.1 27.6 18.9 -12.7 44.5 51.1 97 -16.1 -18.7 -16.8 -6.4 -17.7 -13 -21.3 -12.6 4.7 -11.6 -12.1 -12.5 28.8 -4.1 -15.5 -1.9 -14.4
101.5 -2.9 50.5 50.3 33.6 30 21.2 -10 47.4 53.9 98.8 -14.3 -18 -14.6 -4.6 -15.5 -11.5 -19.8 -11.2 4.9 -10.1 -10.3 -11.5 29.9 -3.4 -14.6 -1.6 -13.7
101.4 -5.3 52.8 51.7 33.9 30.1 21.1 -9.6 47.8 54.4 98.2 -15.4 -18.9 -14.2 -4.6 -14.9 -11.3 -20 -10.9 7.1 -6.8 -6.9 -9.4 32.9 -1 -12.3 -1 -12
99.9 -8.7 53.6 51.7 33.3 28.6 19.8 -10.3 47 53.5 96.4 -18.2 -20.4 -15.5 -5.3 -15.6 -12.2 -21.6 -12.1 8.8 -4 -4.4 -8.1 35.2 0.7 -11.1 -2.1 -12.3
99.2 -8.8 53.4 51.1 33.2 27.8 19.4 -10.7 46.3 52.9 95.7 -19.8 -20.6 -16.7 -5.7 -16.1 -13.2 -22.9 -13.2 9.2 -3.2 -4 -8.3 35.3 0.5 -11.4 -3.9 -14.5
101.2 -4.3 55.6 52.9 36 29.7 21.9 -8.8 48.2 54.9 98 -17.8 -18.5 -15.5 -4.3 -14.4 -12.2 -21.7 -12.3 8.9 -3.7 -4.3 -8.5 34.5 -0.3 -11.7 -4.4 -15.9
106.4 2.6 63.4 59.9 42.5 34 26.7 -4.2 53.8 60 103 -13 -14.8 -12 -0.7 -10.2 -8.5 -17.9 -9.8 8.8 -3.7 -4 -7.3 34.6 -0.1 -11.4 -3.1 -15.1
109.4 5.9 67.8 64.2 46.9 37.1 29.5 -1.4 57.4 63.1 106.2 -9.8 -12.6 -9.6 2 -7.5 -5.4 -15.1 -8.3 9 -3.6 -3.7 -6.3 35.1 0.5 -11.4 -1.1 -13.5
105.9 1.9 60.6 58.3 43.6 35.2 26.8 -4.3 53.9 60.1 103.5 -12.4 -14.1 -11.1 0.3 -9.3 -6.7 -16.1 -9.9 9.1 -4.5 -4.2 -6.8 34.8 0.6 -12.2 0.9 -12.3
98.5 -7.4 46.7 46 34.3 29.6 21 -10.6 46.4 53.4 96.5 -19.7 -17.7 -15 -4.4 -13.8 -10.7 -20 -13.1 9.8 -4.7 -3.8 -7.2 34.9 1.1 -12.2 3.1 -10.8
93.4 -16.4 35.7 36 26.1 25.1 17.4 -15.1 41.4 48.5 91 -26.4 -20 -17.6 -7.4 -16.5 -13.2 -23.2 -14.4 11.6 -3.1 -1.9 -5.8 36.5 2.8 -10.2 5.7 -8.5
94.5 -18.2 33.4 34.3 24.6 25.1 18.6 -14.4 41.9 49 91 -27.7 -19 -16.4 -5.7 -15 -11.9 -22.8 -12.2 13.2 -1.3 0.2 -3.4 38.6 4.8 -7.6 7.7 -6.3
100 -12.5 36.8 38.5 28.6 29.5 22.7 -10.1 46.1 53.6 95.9 -23.3 -15 -12.3 -0.9 -10.5 -7.7 -19.1 -8.2 14.3 -0.5 1.4 -1.3 39.9 5.9 -5.8 9.6 -4.2
104.4 -6.5 39.1 42.3 32.5 34.3 25.6 -6.6 49.2 57.5 100.7 -17.8 -11.7 -9.1 3 -6.8 -4.2 -15.7 -5.4 14.7 -0.9 1.2 -0.2 40.1 5.8 -5.6 11.7 -2.3
104.7 -5.7 38.7 42.7 32.7 35.8 25.4 -6.1 49.5 58.1 101.7 -15.6 -11.7 -9.2 3.6 -6 -3.6 -15.3 -5.7 14.4 -1.8 0.6 0 39.9 5 -6.5 13.4 -1.3
101.4 -10.5 34.6 38.1 28.4 33.3 22.7 -8.7 47.1 55.1 98.4 -17.6 -14.1 -11.9 1.4 -7.7 -5.8 -17.7 -8.4 14.2 -2.1 0.7 -0.2 39.9 4.4 -7.4 14 -1.3
96.2 -17.1 26.5 29.5 22 28.8 18.5 -13.4 42.8 50.2 93.2 -22.2 -17.1 -15.4 -2.3 -11 -9.4 -21.3 -11.5 14.7 -1.9 1.2 -0.8 39.8 4.3 -7.3 13.2 -2.1
94.6 -18.8 23.7 26 20.2 26.5 16.9 -15.4 41.6 48.7 91.4 -24.6 -18.4 -17 -3.7 -12.1 -10.7 -22.3 -12.7 15.2 -1.1 2.1 -0.8 40.6 5.4 -6 11.4 -3
100.5 -12.4 33 33.8 26.8 29.9 20.9 -10.4 47.1 53.8 95.6 -21.8 -16 -13.9 -0.1 -8.1 -7 -18.5 -10.2 15.8 0.9 3.9 1.3 43.2 8 -3.4 10.7 -2.1
110.4 -0.4 48.4 47.8 37.1 36.4 27.9 -1.6 56 62.1 102.7 -16.2 -12 -8.4 5.9 -1.1 -0.9 -12.7 -6.1 15.5 2.6 5.4 3.6 45.5 10.3 -1.5 11.4 -0.5
117.7 11.3 60.9 59.7 44.2 41.2 33.1 5.1 62.6 68.4 107.7 -12.6 -9.9 -4.5 9.8 4.3 3 -9.2 -3.6 13.8 2.7 5.7 4.6 46.1 10.9 -1.6 11.9 0.4
119.7 16.3 66 64.9 45.6 41.9 34.4 7.3 64.9 70.4 108.6 -11.7 -10.3 -3.9 10.7 5.7 3.9 -8.9 -3.2 12.6 2.4 6.2 5.5 46.7 11.5 -1.6 12.7 1.6
117.9 14 66.5 64.8 43.6 39.4 32.6 5.9 64.2 69.3 107.1 -12.3 -11.9 -5.4 9.8 4 3.1 -9.9 -4.2 12.9 3.3 7.7 7.3 48.6 13.2 -0.3 13.9 3.2
115.5 10.1 67.1 63.4 42 36.4 30.8 4.1 63.4 67.7 105.7 -12.8 -13.3 -7.2 8.7 1.8 2 -10.6 -5.5 13.9 4.8 9.3 8.5 50.5 14.8 0.9 14.3 3.4
114.6 9.5 68.2 62.8 42.2 35.9 31.2 3.7 63.8 67.5 106.2 -11.9 -13.3 -7.4 8.7 1.5 1.9 -10 -6 14.6 5.9 9.9 8.7 51 15.7 1.3 13.6 2.2
116.4 13.5 71.2 64.9 45.2 38.2 33.7 5.8 65.9 69.6 109.2 -7.1 -12.4 -5.9 9.7 3.4 3.3 -8.4 -6 13.8 5.6 9.2 8.2 50.5 15.4 0.5 12.4 0.1
120.8 19.4 78.4 71.5 50.9 41.3 36.8 10 69.7 73.8 114.2 2.1 -11.4 -4 11.3 6.2 5.8 -6.1 -6.6 11.3 4.2 8 7.5 49.5 14.3 -1.2 10.8 -2
123.7 22.1 81.9 75.9 54.7 43.3 38.2 12.8 72 76.9 118.1 10.6 -10.1 -3.1 12.7 8.1 7.4 -4.4 -6.9 10.2 3.5 7.7 7.6 49.2 13.8 -1.9 10.6 -2.2
121.9 18.6 75.7 72.3 52.7 42.9 36.5 11.7 70.1 76 117.7 10.5 -8.9 -3.2 12.9 7.6 7 -4.3 -6.1 12.6 4.8 9.2 9 50.3 15 -0.1 13.3 0.6
116.6 10 63.9 63.1 46.2 40.6 33 7.6 65.2 71.7 113.5 -0.1 -8.3 -3.5 11.9 5.6 5.4 -5.7 -4.3 18 8.1 12.4 11.8 53.1 17.6 4 18.6 5.4
112.2 1.3 53.6 54.3 40.1 38.9 30.1 3.6 60.5 67.3 108.8 -14.2 -7.9 -3.1 11 4 4.3 -6.9 -1.5 23.6 11.6 15.7 14.5 55.9 20.1 8 24.4 9.8
111.9 -1.2 49.1 50.2 38.4 39.4 29.3 2 58.7 65.2 105.9 -23 -6.8 -2.3 11.1 3.5 4.1 -7.4 1.1 26.5 13.1 16.6 15 56.3 20.2 8.9 26.8 10.6
114.5 2.5 48.2 49.8 39.7 41.6 30.1 2.4 59 65.3 105.3 -23.7 -5.2 -1.7 11.9 3.5 4.4 -7.3 2.2 25.9 11.7 14.4 12.6 53.7 17.6 6 24.2 6.9
116.2 5.9 47 49 40.6 43.7 31.5 3.1 58.9 66 106.3 -20.2 -3.9 -1.9 12 3.4 4.1 -7.3 1.8 24.2 9.1 11.2 9.1 50.3 14.6 2.4 19.1 1.5
115.4 4.6 45.7 47.7 39.7 43.9 32.2 2.9 57.9 66 107.3 -17 -4.2 -2.9 11.1 3 3 -7.9 0.6 23.2 7.5 9.4 7 48.5 13.2 0.8 15.3 -1.9
112 -0.7 42.8 45.1 36.9 41.9 30.8 0.7 55.7 64.2 106.5 -16.3 -5.8 -4.5 9.4 1.8 1.1 -9.4 -0.8 23.5 7.7 9.4 7 48.1 13.4 1.3 13.9 -2.6
106.4 -7.1 35.8 39.4 32 38.6 26.9 -3.8 51.8 60 103.3 -18.4 -7.6 -6.7 7 -0.7 -1.3 -11.6 -2.4 24.8 8.6 10 7.8 48.1 13.8 2.2 13.7 -1.8
102.6 -9.5 31.8 36 28.4 36 23.8 -7 49.1 56.7 100.3 -20.9 -8.9 -8.5 5.4 -3 -3 -13.1 -3.9 25.1 8.6 9.7 7.7 47.6 13.5 1.7 12.7 -2.2
104.3 -6.3 37 40.3 30.4 36.5 24.8 -5.4 51.1 57.9 100.6 -20.6 -8.7 -8.4 6 -3.2 -2.6 -12.9 -4.3 23.5 7.2 8.2 6.4 46.4 12.1 -0.1 10.4 -4.5
110.5 1.5 48.5 50.2 36.9 39.7 29.2 -0.5 56.7 62.4 103.9 -16.9 -7.3 -6.4 8.4 -1.3 -0.5 -11 -3.5 20.7 4.9 5.8 3.9 44.8 9.8 -2.7 7.4 -8.1
116.8 10.6 59.9 60.1 43.7 42.7 33.5 4.3 62.2 67.1 107.7 -12.4 -5.9 -4.5 10.7 1.3 1.4 -9.4 -2.6 18.2 3.2 4 1.7 43.2 7.5 -4.6 5.2 -10.9
119 14.3 65.9 65 46.5 43 35 6.4 64.5 69.1 109.1 -10.5 -6 -4.2 11.5 2.5 1.4 -9.5 -2.8 17.4 3.4 4.2 1.3 42.8 6.9 -4.9 5.2 -11.1
117.2 11.4 67.1 65 45 40.4 33.6 5.5 63.9 68 107.8 -11.9 -7.7 -5.7 10.5 1.6 -0.4 -11.5 -4.5 18.4 5.2 5.9 2.4 43.7 7.8 -4.3 6.1 -9.9
115.1 8.4 68.1 64.6 43.2 37.7 32.2 4.3 63.3 66.6 105.9 -13.8 -9.1 -6.8 9.5 0.2 -1.9 -13.4 -6.5 20 7.3 8 3.8 44.9 9.2 -3.7 6 -8.9
114.9 9.5 69.3 65.1 43.4 37.1 32.2 4.2 63.8 66.6 105.5 -14.1 -8.7 -6.3 9.9 -0.2 -1.8 -13.8 -7.2 21.3 8.1 8.9 4.5 45.3 9.6 -3.4 5 -8.9
116.6 13.7 71.8 66.9 45.4 37.7 33.2 5.4 65.2 68.1 106.6 -13.1 -7.8 -5.2 10.9 0.2 -1.3 -13.5 -7.2 20.5 6.8 7.7 3.4 43.6 7.9 -4.2 3 -10.7
120 18.4 78.1 71.8 49.3 38.6 35.1 8 68 70.8 108.8 -12.1 -7.5 -4.1 11.8 1.1 -0.9 -13 -7.6 17.3 4.5 5 1 40.6 4.8 -7 -0.1 -14
121.9 19.6 80.8 74.5 51.5 38.8 36 9.5 69.4 71.9 109.7 -12.7 -7.5 -3.5 11.5 1.4 -1.3 -13.3 -8.1 15.3 3 2.8 -1.2 38.3 2.1 -10 -2.3 -16.5
118.9 15.2 73.4 69 47.8 37 34 7.1 66 68.5 107 -16.1 -8 -4.3 9.4 -0.3 -3.3 -15.5 -8.9 16.8 3.3 2.3 -2.2 37.5 1.1 -11.5 -1.5 -16.2
112.8 6.7 60.5 58.3 39.9 33.8 30.3 2.2 59.7 62.9 102.4 -20 -8.6 -5.9 7 -3.2 -5.8 -18.3 -9.6 21.3 5.4 4 -1 38.6 2.4 -10.1 2.3 -13.4
108.1 -1.2 50.2 49.5 34.3 32.1 28.1 -1.2 55.3 59.6 100.1 -20.4 -7.8 -5.9 6.7 -4.8 -6.4 -18.9 -8.8 26.4 8.7 7.1 2.1 41.4 5.4 -6.8 7.4 -9.4
108.2 -2.6 47.5 47.8 35.6 34 29.6 -0.4 55.7 60.8 102.4 -15.4 -4.8 -3.2 9.1 -3.2 -4.1 -16 -5.7 30 11.7 10.1 5.1 44.2 8.2 -3.9 11.2 -5.8
112.2 2.2 50.4 51.7 42 39.1 33.9 3.7 59.5 65.1 108.3 -7.4 -0.1 1.4 13.4 1.4 0 -10.9 -1 32.7 13.9 12.3 7.1 46.2 10.1 -1.6 13.1 -3.4
115.8 6.4 52.2 54.8 46.3 44.2 37.6 6.9 62.6 68.3 112.5 -2.6 4.1 4.9 16.8 5.5 2.8 -7.2 2.3 35.1 15.4 13.3 7.5 46.6 10.2 -0.5 12.9 -3.2
116.4 6 51.5 54.5 45 46.8 38.3 7.3 62.8 68 111.7 -3.7 5.3 5.6 17.5 6.6 2.6 -7.4 2 36.4 15.8 13.4 6.9 45.5 8.8 -1 11 -5.4
114.3 1.9 48.3 50.9 40.4 47.5 36.7 5.5 60.2 65.2 107.9 -7.4 4.4 4.4 16.1 5.2 0.6 -9.9 0.1 37.5 16.3 13.6 7.1 44.9 7.9 -1.7 10.4 -6.9
110.4 -2.6 41.7 44.8 35.7 47.1 33.9 2.3 56.2 61.6 104.1 -10.5 3.4 2.6 14 2.6 -1.2 -12.2 -0.8 39.7 17.7 14.4 8.4 45.5 8.7 -1.2 12.8 -5.4
108 -3.4 38.9 41.9 34.2 45.6 32.3 0.6 54.7 59.8 102.8 -12.3 3.1 1.6 12.7 1.1 -1.7 -13.1 -0.1 40.6 18.7 14.8 9.3 46.2 9.7 -0.4 15.1 -3.2
109.7 0.1 44.5 45.7 36 43.1 32.7 1.8 57.3 60.8 103.9 -13.1 2.4 1.1 12.5 1.1 -1.2 -12.9 0.2 37.4 17.1 13.3 8.1 45.2 8.5 -1.3 14 -4.1
113.2 6 53.6 52.1 37.8 39.2 32.9 3.6 60.3 62 104.6 -13.5 -0.8 -0.6 11.5 0.5 -2.3 -14 -2.1 28.9 11.4 8.3 3.3 40.6 3.5 -5.7 8 -9.9
115.3 11.7 60.6 57 38.4 34.7 31.6 4.1 60.9 61.8 103.9 -13.5 -6.2 -3.8 9.1 -1.3 -5.4 -16.7 -6.5 19 4.2 2.2 -3.1 34.5 -2.8 -11.8 -0.1 -17.7
115.3 14 64.2 59.5 39 31.4 30.1 4.3 60.9 61.8 103.8 -11.1 -10.1 -6.2 7.6 -1.9 -7.4 -18.2 -9.4 14.5 1.2 0.1 -5.7 32.7 -4.7 -14 -3.9 -21.1
114 12.7 66.5 61 39.5 29.6 29.4 5.1 61.6 62.9 104.7 -6.5 -11.4 -6.6 8 -0.8 -6.7 -17.2 -9.3 16.7 3.7 3.2 -2.7 36.2 -0.9 -11 -1.7 -18.8
113 10.6 68.8 62.1 38.9 28.2 29.1 5.8 62.8 64 105.4 -2.7 -11.8 -6.4 8.8 0.2 -5.3 -16 -8.2 20.2 6.9 6.6 1.2 40.5 3.6 -7.2 1.4 -15.9
112.2 10.3 69.4 61.8 37 27.1 28.6 5.5 63.3 64 105.5 -2.5 -12.1 -6.4 9 -0.2 -4.7 -15.8 -7.3 20.8 7.4 7.2 2 41.7 5 -6 1.7 -16
112.8 13.2 70.8 62.5 37.4 27.7 29.2 6 64.2 64.3 106 -5.4 -11.9 -6.1 9.6 -0.1 -4.2 -15.4 -6.3 19 5.7 5.8 0.3 40.2 3.8 -7.2 -0.2 -18.2
116.4 18.2 76.9 67.8 42.4 30.7 32 9.2 67.2 66.4 107.5 -9.1 -11 -5.1 11.2 1.8 -2.9 -14.1 -5.4 16.5 3.9 4.2 -1.7 38.4 2.1 -9.1 -2 -20.3
119.2 20 80.1 70.9 46.6 33.6 33.8 11.3 68.7 67.3 107.2 -13.1 -10.9 -4.9 11.7 3.1 -2.6 -13.8 -5.3 15 2.3 2.7 -3.1 37.1 0.9 -10.5 -2.4 -21.2
116.8 15.7 73.1 65.6 44.5 33.5 31.3 8.2 64.8 64 103.4 -17.1 -13.2 -7 9.1 0.8 -5.2 -16.2 -6.8 14.7 0.8 1.1 -3.9 36.2 0.3 -10.7 -2.1 -21.7
111.1 7.3 60.8 55.5 37.8 31.2 26.6 2.2 58.4 59 98.8 -19.4 -15.8 -9.9 5.7 -3.4 -8.5 -19.3 -8.6 15.9 1.1 1.4 -2.8 37 1.1 -8.9 -1.3 -21.1
107.4 0 51.5 48.1 32.4 30.4 24.1 -1 54.9 56.5 97.4 -18.8 -15.8 -10.3 5.2 -5.3 -9 -19.8 -8 18.9 4.2 4.1 0.2 39.8 4.1 -5.3 0.8 -18.7
108.6 -1.4 48.9 46.5 31.5 33 25.5 0.1 56 57.8 99.1 -17 -12.6 -7.6 7.6 -3.6 -6.6 -17.7 -5.5 21.6 7.1 6.8 2.2 42.1 6.6 -2.9 2.1 -16.6
111.8 1.6 48.6 46.7 32.8 37.1 28 2.2 57.6 59.4 100.5 -16.3 -9 -5 9.8 -1.2 -4.8 -16 -3.5 22 6.7 6.3 0.7 40.9 5.7 -3.7 0.7 -17.6
112.3 3 45.9 44.3 32.9 39.1 28.3 1.7 56.3 58.4 99.3 -17.4 -7.9 -5 9.3 -1.4 -5.9 -16.5 -4.1 20.1 3.4 3 -3.3 36.9 2.2 -7 -2.4 -20.8
110 0.6 42.7 41.7 31.7 38.3 26.4 -0.9 53.3 55.8 96.7 -19.1 -9.5 -7.2 7 -3.9 -8.3 -18.3 -6.2 17.6 0.4 0 -6.3 34 -0.5 -9.6 -4 -22.6
106.4 -4.5 39.5 39.4 30 36.2 23.9 -4 50.1 53.3 94.5 -19.6 -11.5 -9.6 4.6 -7 -10.1 -19.9 -7.9 17.2 0.1 -0.1 -6.6 34.1 -0.3 -9.7 -2.6 -21.3
102.1 -9.7 33.5 34.5 27.3 34 21.3 -7.4 46.3 50.8 93.2 -18.5 -12.7 -11.5 2.5 -9.7 -11.3 -21.3 -8.5 19.7 1.8 1.6 -5.4 35.9 1.4 -7.9 0.5 -18.3
100.6 -10.6 30.9 31.8 26.3 32.6 20.6 -8.6 44.8 50 93.8 -15.7 -13.1 -12.1 1.6 -11.1 -12 -21.9 -8.4 21.7 3.3 2.6 -4.5 37.1 2.6 -6.6 2.5 -16.3
104.6 -5.6 37.9 37.1 29.8 33.8 23.6 -5.6 48.6 53 97.2 -11.8 -12.3 -10.6 3.3 -9.8 -10.9 -20.6 -7.5 20.7 3.2 2 -4.1 37.2 2.6 -6.9 2.2 -16.4
111.9 4 50.6 47.6 36.1 37.1 28.7 -0.3 55.1 58.1 101.7 -9.2 -10.7 -8 6.3 -6.7 -8.4 -18.5 -6.5 17.3 1.4 0.3 -4.6 35.7 1.5 -8.6 0.4 -18.2
117.5 13.7 61.3 56.7 40.2 39.3 32.5 3.8 60 61.7 103.6 -10.4 -10 -6.6 8.2 -4.1 -6.3 -17.6 -7 13.7 -0.8 -1.5 -6 33.6 -0.4 -10.6 -1.9 -20.5
117.9 16.5 65 59.8 39.1 38.2 32.7 4.4 60.9 61.6 101.1 -16.5 -11.4 -7.3 7.6 -4 -6.3 -19 -9.3 12.1 -1.7 -2.1 -7 32.9 -1.3 -11.6 -3.2 -21.5
114.6 11.5 63.7 58.3 34.8 33.9 29.7 2 58.5 58.8 96.2 -24.9 -14.8 -10.2 4.9 -6.4 -8.8 -21.9 -12.9 11.6 -1.4 -1.7 -7.1 33.8 -0.9 -11.8 -3.4 -20.9
111.6 6 62.9 56.9 32 29.6 26.7 -0.8 55.9 56.2 93.1 -29.3 -18 -13.3 2.2 -9.1 -11.9 -24.4 -16.1 10.9 -1.4 -1.6 -6.7 34.7 -0.3 -11.8 -3.5 -20.2
110.8 5.5 63.1 56.9 32.6 27.9 25.5 -2.1 54.8 55.7 93.9 -25.7 -19 -14.7 1.5 -10.2 -13 -24.7 -17 9.9 -2 -2.2 -6.9 34.8 -0.2 -11.9 -3.6 -20.5
112 9.8 65.5 59 36.2 28.4 26.8 -1.1 56 57.6 97.3 -18 -18.4 -14.5 2.5 -9.3 -11.6 -23 -16.1 8.3 -3.5 -3.3 -8.2 34 -0.9 -12.6 -4.7 -22.1
115.1 15.6 72.3 65.2 41.7 29.7 30.1 2.1 59.8 61.3 101.3 -12.3 -18.1 -13.4 4.1 -7.1 -9 -20.6 -14.7 5.6 -5.1 -4.4 -9.6 33.2 -1.8 -13.7 -6.4 -23.8
116.7 17.5 76 69.1 45 30.3 31.9 3.9 62.2 63.5 103.4 -11.2 -18.3 -12.3 4.5 -5.6 -7.5 -18.8 -13 3.9 -6.2 -4.8 -9.7 33.1 -1.6 -13.6 -6.3 -23.1
113.7 12.9 69.4 64.7 42.9 28.6 29.4 1.1 59.8 61.6 102.1 -13.6 -19.2 -12.5 2.8 -6.6 -8 -18.6 -11.1 5.1 -6.3 -4.1 -8.4 34.5 0.2 -11.2 -3.1 -19.7
106.8 2.6 55.9 53.9 36.7 24.9 23.8 -5.1 53.6 56.8 99.2 -16.2 -20.8 -14.5 -0.1 -9.9 -9.9 -19.4 -9.8 8.3 -4.9 -2 -6.3 36.9 3.3 -7.5 1.5 -14.9
99.3 -9.8 42.1 41.7 29 20.8 17.9 -11.9 45.9 51.1 96.2 -17.8 -23.3 -17.9 -3.9 -14.2 -12.9 -21.5 -9.9 10.3 -4.1 -1.1 -5.5 38 5 -5.6 3.4 -12.4
94.3 -16.8 33.3 33.1 22.8 17.9 13.7 -16.8 39.4 46.2 92.9 -20.1 -26 -21.7 -8 -18.3 -16.5 -24.8 -12.2 9 -6.2 -3.4 -8.2 35.5 2.6 -8.2 1 -14.4
93.3 -15.4 29.9 30.3 20.3 17.8 12.2 -18.6 36.5 43.8 90.2 -22.6 -26.4 -23.6 -9.8 -20.2 -18.7 -26.8 -14.6 6.4 -9.4 -7.4 -12.3 31.1 -1.8 -12.5 -1.8 -18.1
95.2 -11.3 29.1 31.1 21.8 20.2 12.6 -17.9 37.2 44.2 89.9 -22.8 -24.2 -22.5 -8.5 -19.4 -18 -25.9 -14.4 6.2 -10.6 -9.3 -13.8 28.9 -3.9 -14.5 -1.4 -19.1
98.3 -10.3 30.3 34.1 26.1 22.9 13.8 -15.7 39.9 46.8 92.9 -19.1 -21.7 -19.9 -5.7 -16.9 -15.1 -22.9 -11.8 8.5 -8.8 -7.7 -11.5 30.9 -1.8 -12.6 1.7 -16.5
99.1 -13.9 30.4 35.3 28.8 23.7 14.4 -14.4 41.1 49 96.5 -14 -21 -18.3 -3.9 -14.9 -13 -20.2 -8.9 11.6 -5.8 -4.3 -7.3 35.3 2.5 -8.3 5.7 -11.6
95.3 -19.1 25.1 31 26.8 22.1 13.5 -16.2 38.2 48.3 97 -11.9 -22.1 -19.1 -4.8 -15.6 -13.3 -19.8 -7.4 14.1 -3.6 -1.8 -4.4 38.8 6 -4.2 9.4 -7
91.7 -20.5 21.4 27 24 20.3 12.6 -18.3 35.6 46.6 95.5 -13.6 -23.1 -20.8 -6.5 -17.3 -14.5 -20.6 -7 14.9 -3.2 -1.3 -3.8 39.9 7.3 -2.5 11.2 -4.9
93.1 -16.3 26.8 30.3 25 20.9 14 -17 37.9 47.5 95.3 -16.4 -22.9 -20.7 -6.3 -16.8 -13.9 -20.3 -6.7 13.3 -4.3 -2.1 -4.4 39.4 6.9 -3.4 10.2 -5.4
98.4 -7.8 38 38.9 29.1 23.8 17.2 -12.7 43.1 50.6 96.7 -18.3 -22.2 -19.5 -4.4 -14 -12.1 -19.1 -6.6 10 -6.5 -3.8 -6 37.5 4.7 -6.1 6.3 -8.4
102.9 0.5 48.1 47 33 25.5 19.1 -9 46.9 53.3 97.8 -19.2 -22.9 -19.5 -3.3 -11.9 -11.4 -18.6 -8 5.7 -9.5 -6.4 -8.8 34.7 1.7 -9.5 1.3 -12.2
102.1 1.3 51.3 49.6 33 22.5 16.7 -9.7 46.3 53 96.4 -20.6 -26.4 -22.2 -5.5 -13.4 -13.5 -20.5 -11 1.4 -12.8 -9.1 -11.6 32 -0.3 -11.9 -2.3 -14.8
96.2 -5.6 48.8 47.3 29 15.1 10.4 -15.1 42 49 92.1 -24.2 -32.4 -27.8 -10.5 -18.4 -17.9 -25 -15.2 -2.4 -15.8 -11.8 -14.2 30 -1.3 -13.3 -4.3 -16.1
90.1 -11.6 47 45.2 25.3 8.2 5.2 -20.3 38.3 44.9 88.5 -28.4 -37.4 -32.7 -14.5 -22.9 -21.5 -28.8 -18.1 -4.7 -17.4 -13.2 -15.7 29.4 -1.5 -13.4 -4.8 -16.4
87.7 -11 47.6 45.1 25.2 6.7 4.7 -20.9 38.4 44.1 88.4 -29.7 -37.5 -33.1 -14.7 -23.6 -21.8 -29.3 -17.1 -4.3 -17.2 -12.8 -15.7 30.4 -0.7 -12.2 -3.6 -15.7
89.5 -5.1 51.5 48.1 28.7 9.9 7.9 -17.6 41.8 47 91.1 -27.4 -34.3 -30.3 -12.1 -21.1 -19.5 -27.1 -14.1 -3 -16.4 -12.1 -15.4 31.2 -0.3 -11.4 -2.2 -15.4
94.5 1.5 59.4 54.8 34.2 13.7 11.7 -13.1 46.6 51.3 94.4 -23.7 -31.8 -27.4 -9.3 -17.7 -16.7 -24.4 -12.3 -3.5 -16.6 -12.6 -16.1 30.4 -0.9 -12.2 -3.1 -16.5
97.8 3.2 63 58.3 36.5 14.9 12.7 -11.7 48.5 53.1 96 -21.1 -31.4 -26.5 -8.2 -16.1 -15.5 -22.9 -12 -4.5 -17.5 -13.7 -17.2 29.2 -1.7 -13.1 -4.4 -17.3
95.5 -1.7 56.1 53.1 32.6 12.9 9.9 -15 45.2 50.5 94.7 -20.8 -32.3 -27.8 -9.3 -17.5 -16.8 -23 -11.8 -3 -17.5 -13.7 -17.2 29.2 -1.2 -12.1 -3.7 -16.2
89.4 -11.7 43.2 42.3 25 9.3 5.2 -20.3 39.6 45.7 91.7 -22.4 -33.1 -29.7 -11.4 -20.6 -19.1 -24.4 -11.6 0.9 -15.4 -12 -15.7 30.9 0.9 -9.4 -0.9 -13.2
83.7 -22.6 31.4 31.6 17.9 6.5 1 -24.4 34.8 41.3 88.2 -24.9 -33.1 -31.1 -13.7 -23.7 -21.4 -26.3 -11.8 4.8 -13.2 -10.5 -14.5 32.2 2.4 -7.5 1.7 -10.9
81.5 -27.5 25 25.2 14.1 5.9 -1 -26 32 39 85.7 -26.7 -32.9 -31.6 -15.2 -25.7 -23.1 -28.1 -12.6 5.7 -13.3 -11.4 -15.7 31 0.9 -8.6 1.3 -11.7
82.1 -25.6 22.8 23.4 13.6 7.4 -0.6 -26 30.8 38.7 85.1 -26.8 -32.2 -31 -15.5 -26.3 -23.8 -29 -13.1 4.2 -15.5 -14.1 -18.7 27.8 -2.7 -11.8 -1.4 -15
82.7 -23.2 21.1 23.2 13.9 9.6 0.4 -26 30.1 38.8 85.3 -26.3 -31.2 -30 -15.3 -26.3 -23.9 -29.1 -13.2 2.5 -17.6 -16.4 -21.3 24.8 -5.9 -14.7 -3.7 -17.9
82.1 -23.8 20 23.4 13.5 10.7 0.8 -26.2 29.8 38.4 85.2 -26.6 -30.4 -29.4 -14.9 -26.4 -24 -29.2 -13.7 2.4 -17.6 -16.5 -21.7 23.7 -7 -15.6 -3.7 -17.9
80.2 -27.3 18.1 21.9 11.9 10.4 0 -27.1 28.9 37 84.1 -27.9 -29.8 -29.4 -14.5 -26.4 -24.4 -29.8 -14.5 4.9 -15 -14.2 -19.9 25 -5.7 -14.3 -0.9 -15.1
76.5 -32.2 12.1 16.2 8.4 9 -2.1 -29.3 25.9 34.1 81.6 -29.8 -29.6 -29.9 -15.1 -27.3 -25.7 -31.5 -15.4 9.5 -11.3 -11.4 -17.6 27.1 -3.6 -12.3 2.6 -12.2
74.4 -33.9 9 12.5 6.5 7.8 -3.5 -30.7 23.8 32.2 79.5 -30.8 -29.8 -30.7 -16.2 -28.6 -27.5 -33.2 -16.6 12 -9.5 -10.2 -16.8 27.6 -3.4 -12.2 2.7 -13
77 -30 15.1 16.9 9.5 8.6 -1.9 -28.5 26 33.6 80.1 -30.1 -29.8 -30.5 -16.2 -28.6 -27.7 -33.4 -17.8 9.9 -11.1 -11.8 -18.2 25.6 -5.8 -14.9 -2.5 -18.3
83.4 -20.9 26.6 26.6 15.9 12.2 2.2 -23.6 31.4 37.6 82.8 -29.3 -29 -29 -14.5 -26.8 -26.1 -32.2 -18.5 4.8 -14.7 -15.5 -21 22.1 -9.3 -19.1 -10.5 -25.6
90.1 -10.6 37.4 36 22 16.6 7.1 -18.5 37.2 42.1 86.3 -28.6 -27.6 -26.6 -11.8 -23.8 -23.8 -30.5 -18.4 0.8 -17.1 -18.1 -22.9 20 -11.4 -21.5 -16.2 -30.3
93.7 -5.6 43.2 41 24.9 19.4 10.4 -15.1 41 45.4 89.3 -27.2 -26.3 -24.5 -9.4 -20.9 -21.7 -28.8 -17.3 0.8 -16 -16.6 -21.6 21.7 -9.6 -19.9 -16.3 -29.4
93.6 -7.1 45.1 42.2 24.4 19.2 11.2 -14.2 42.4 46.8 90.5 -26 -26.2 -23.5 -8.5 -19.3 -20.5 -27.9 -16.1 3.7 -12.2 -12.3 -17.8 26.2 -5.3 -15.6 -11.8 -24.5
93.1 -9.1 47.3 43.3 24.1 18.5 11.7 -13.5 43.3 47.6 90.9 -24.8 -26.5 -23 -7.6 -18.3 -19.4 -26.8 -15 7 -7.9 -7.6 -13.6 30.9 -0.9 -11.7 -6.1 -19.5
94.4 -6.8 50.5 45.3 25.8 21 14.2 -11.4 45.2 49.4 92.8 -21.1 -24.9 -21.1 -5.4 -16.7 -17.4 -24.4 -13.1 9.8 -4.9 -4.4 -10.7 33.8 1.9 -9.4 -2.2 -17.3
98.1 -0.5 55.6 49.2 29.2 26.5 18.3 -7.5 48.5 52.6 96.9 -13.8 -21.6 -18.2 -2.1 -14.4 -14.5 -21.2 -11.4 10.2 -4.4 -3.8 -9.9 34.2 2.1 -9.7 -2.6 -19
103.6 6.5 64.2 56.9 34.2 31.4 22.7 -2.4 53.2 57 101.8 -5.8 -19 -15.7 0.8 -11.8 -11.8 -18.8 -11.1 7.6 -6.1 -5.8 -11 32.8 -0.1 -12.3 -7.2 -23.7
106.1 8 67.8 61 36.5 31.6 24.2 -0.4 55.1 58.8 103.6 -3.7 -18.5 -15.8 1.2 -11.2 -11.6 -18.8 -12.3 4.4 -8.7 -8.6 -13.1 30.2 -3.3 -15.3 -12.8 -29
102 1.8 59.5 54.8 32.8 25.7 20.5 -4.5 50.8 54.9 100.1 -9.8 -20.6 -19.2 -2.2 -14.2 -15 -22.1 -14.5 3.4 -10.8 -10.6 -15.9 27.5 -6 -17.1 -16.7 -32.8
94.4 -9.2 45.5 43.3 26.1 17.8 14.7 -11.2 43.8 48.7 94.8 -18.6 -22.8 -22.6 -6.6 -18.5 -19.1 -25.9 -15.4 6 -10 -9.9 -16.6 27 -6.2 -16.2 -16.3 -33
89 -19.1 34.6 34 21.1 13.3 11.6 -15.4 39.2 44.9 91.9 -23.5 -22.7 -22.8 -8.5 -20.8 -20.6 -27.4 -13.8 10.8 -6.7 -7.3 -14.7 28.7 -4.4 -13.5 -12.5 -30.7
87.9 -22.2 30.2 30.2 19.9 13.6 12.2 -15.4 38.4 44.6 91.4 -23.4 -20.7 -20.7 -7.9 -21 -20.1 -27 -11.4 13.3 -5.1 -6.5 -13.6 29.2 -4 -12.6 -10.3 -29.9
89.6 -18.8 29.4 30 21.1 16.4 14.6 -13.4 39.4 46.3 92.1 -20.8 -18 -18.8 -6.5 -20 -19 -26.1 -9.4 12.7 -6.6 -8.5 -14.9 27 -6 -14.4 -11.2 -31.9
91.1 -14.7 28.7 30 22.7 19.2 16.3 -11.8 40 48 93.1 -17.9 -15.6 -18 -5.3 -19 -18.2 -25.1 -7.8 11.5 -8.8 -10.6 -16.7 24.7 -8.1 -16.5 -12.2 -33.7
91.5 -14.1 28.3 29.8 23.4 20.4 16.6 -11.6 39.9 48.4 94.2 -16 -14.8 -18.3 -4.8 -18.6 -18.1 -24 -7.2 11.3 -9.8 -11.1 -17.1 24 -8.4 -16.7 -12.1 -33.8
89.3 -18.2 25.9 27.6 21.5 19.6 15.1 -13.8 38.3 46.6 93.9 -16.3 -16.9 -19.6 -5.8 -19.5 -19.1 -23.9 -7.6 11.9 -9.6 -10.2 -16.3 25 -7.4 -15.2 -11.5 -32.4
84.4 -24.7 18.9 21.3 17 17.3 12.1 -17.9 34.7 43 91.5 -19.1 -20.4 -21.5 -8.1 -21.3 -20.7 -24.9 -7.9 13.2 -8.6 -8.6 -14.8 26.7 -5.9 -13 -10.6 -30.6
82.2 -26.9 16.4 18.9 15.1 16 11.1 -19 33.8 42 90.1 -21.3 -22.6 -22.1 -8.8 -21.1 -20.6 -25.1 -7.2 14.2 -6.9 -6.7 -12.9 28.9 -4.1 -10.8 -10.1 -30
86.7 -21.6 25.3 26.3 19.2 17.6 14.3 -14.5 38.9 46.1 93 -19.3 -21.8 -20.1 -6.1 -17.7 -17.4 -22.9 -5.2 13.4 -5.9 -5.8 -11.6 30.4 -2.6 -9.7 -11 -31.3
94.7 -11.1 39.7 38.5 26.6 21 19.3 -7.7 46.3 52.6 98.7 -14.5 -19.5 -17.2 -2.2 -13.3 -13.2 -19.6 -3.1 10.1 -7.1 -7.1 -12 30.1 -2.7 -10.5 -13.2 -33.8
101.1 -0.9 51.3 48.7 33.5 23.9 22.8 -3 51.7 58.2 103.7 -10.6 -17.9 -15.3 0.4 -10.2 -10.3 -16.9 -1.6 6.3 -9 -8.7 -12.9 29 -3.3 -12 -14.8 -35.3
103 3 56.1 53.4 37.1 24.6 23.1 -2.4 53.8 60.6 105.4 -9.6 -18 -15 0.9 -9.1 -9.6 -15.8 -1.1 5.2 -8.9 -8.3 -12.1 29.4 -2.4 -11.6 -13.7 -33.9
100.2 -0.5 55.6 53.2 36.5 21.8 20.3 -5.2 52.5 59.1 103 -11.4 -20.5 -17 -0.8 -10.7 -11.6 -17 -3.3 5.6 -7.5 -6.8 -10.9 30.4 -1.4 -10.5 -11.9 -32
95.6 -5.4 54.1 51.5 35 17.1 16.4 -8.6 50 56.1 99.8 -13.5 -24.6 -20.5 -3.6 -13.9 -15 -19.6 -7.3 5.1 -7 -6.3 -11 30.4 -1.8 -10.6 -11.8 -32.2
92.9 -6.3 53.5 50.4 36.2 14.2 14.2 -9.8 48.7 55.1 99.8 -13.5 -26.9 -22.5 -5.1 -15.6 -16.4 -21 -9.1 4 -7.6 -6.6 -12.2 30.2 -2.7 -11.3 -12.6 -33.6
93.6 -2.9 55.9 52.1 40.3 14.7 15.2 -8.3 50.3 57.4 103 -11.9 -26.4 -21.9 -4.3 -14.7 -14.6 -19.8 -7.4 2.9 -8.5 -7.1 -13.3 30 -3.3 -11.9 -13.4 -34.7
96.7 1.6 62.9 57.7 44.8 16.6 18 -5.1 54 61.4 106.9 -9.9 -25.1 -19.9 -2.3 -12.1 -11.7 -17.5 -5 0.9 -10.2 -8.3 -14.3 29.3 -3.9 -12.8 -14.7 -35.6
97.7 1.6 65.3 59.7 45 16.5 18.3 -4.7 54.7 62.1 107.6 -9.2 -25.7 -20 -2.6 -11.5 -11.2 -17.3 -5.1 -1.7 -12.8 -10.6 -16.1 27.5 -5.3 -14 -17.3 -36.8
92.9 -5.1 56.4 52.2 38.6 12.5 12.9 -10.4 49 56.5 103.1 -11.3 -29.3 -23.8 -6.8 -15.1 -14.8 -20.8 -8.3 -4.4 -15.7 -13.2 -18.1 25 -7.4 -15.5 -20.1 -37.6
84.9 -16.3 41.9 39.9 29.7 7.1 5.4 -18.3 41.1 48.7 96.3 -15.3 -33 -28.4 -11.5 -20.1 -19.3 -24.8 -11.6 -4.9 -16.5 -13.4 -18.3 24.5 -7.6 -15.3 -20.2 -36
79.3 -26.1 30.6 30.5 23.9 4.8 1.4 -22.9 36.4 44.4 92 -18.9 -33.8 -29.9 -12.8 -22.4 -21.1 -26 -11.8 -2.1 -14.2 -10.9 -16 27 -5.2 -12.6 -16.4 -31.9
79 -28.2 26.6 27.9 23.1 6.6 2.1 -22.9 36.4 44.8 92.2 -20.1 -31.8 -28.1 -11 -21.3 -19.9 -24.3 -8.9 1.5 -11.6 -8.6 -13.8 29.6 -2.8 -9.8 -12.2 -28.5
81.5 -23.6 26.8 29.4 24.4 10.4 4.9 -20.8 38.6 47.5 95 -18.6 -28.6 -25.2 -8.3 -18.6 -17.5 -21.3 -4.7 3.4 -11.1 -8.6 -13.3 30.3 -2 -8.5 -9.9 -26.9
83.1 -19.5 26.6 30.3 24.3 13.7 6.9 -19.7 39.7 49.5 97.3 -15.8 -25.9 -23.2 -6.8 -16.6 -15.5 -18.7 -1.4 3.6 -11.9 -9.9 -13.6 30.2 -1.9 -8.3 -8.5 -25.6
82.6 -20 26.3 30.3 23.3 14.9 6.9 -20.2 39.6 50.4 98.1 -13.3 -25.2 -22.9 -6.9 -15.8 -14.6 -17.4 -0.4 3.3 -12.2 -10.3 -13.2 31 -0.9 -7.6 -6.6 -23.4
79.7 -25.1 24.2 28.5 21.7 14.1 4.6 -22.2 38.2 49.5 97.6 -11 -26.6 -24.1 -8.4 -16.4 -14.7 -17.4 -1.4 3.8 -11.4 -9.1 -12.1 32.9 1.4 -5.8 -4.2 -20.6
74.7 -31.8 17.2 22.6 17.9 11.9 0.5 -26.3 34.5 46.2 96.1 -9.5 -29.2 -26.6 -10.8 -18.9 -16.2 -18.7 -2.8 5.5 -10.6 -7.7 -11.2 34.3 3.6 -3.6 -3.1 -18.5
71.5 -35.2 12.7 18.7 14.5 9.8 -2.4 -29.6 31.4 43.4 94.6 -10.1 -31.6 -29 -13 -21.8 -18 -20.6 -4.2 5.6 -11.5 -7.8 -11.6 34.2 3.9 -2.8 -5.2 -18.9
72.6 -33.1 16.9 21.7 14.8 9 -2.3 -29.4 31.6 43.4 93.8 -13.2 -33.5 -30.5 -14.4 -23.6 -19.1 -22.4 -5.7 2.2 -14.9 -10.3 -14.1 31.9 1.4 -5 -9.2 -21.4
76.5 -26.6 26 28.9 17.8 8.7 -0.6 -27.4 33.6 44.9 93 -17.8 -35.7 -31.9 -15.8 -24.4 -20.1 -24.3 -7.3 -4.2 -20.4 -15 -18.8 27.5 -3.2 -9.6 -13.4 -24.8
80.1 -18.6 34.3 36.1 21.3 8 0.7 -25.7 35.6 46.1 92 -21.4 -38 -33.3 -16.9 -24.7 -21.3 -25.8 -9.1 -10.2 -25.5 -19.5 -22.8 23.5 -7.2 -14 -16.2 -27.2
81.6 -15 39 40.4 23.4 6.7 0.9 -25 37.1 46.4 91.8 -22.4 -39.1 -33.9 -16.8 -24.5 -21.9 -26.1 -10.3 -12.2 -26.7 -20.6 -22.9 23.5 -7.2 -14.9 -15.5 -26.1
80.6 -17.6 41 41.6 23.7 4.2 0.1 -25.2 38.1 46.1 91.8 -20.9 -39.4 -34.1 -16.4 -24.3 -22.2 -25.7 -11.3 -10.7 -24.1 -18.5 -19.9 26.7 -4.1 -12.8 -12.4 -22.4
78.4 -21.6 42.2 41.4 22.7 1.4 -1.2 -25.8 38.3 45.6 91.6 -19 -40.1 -34.9 -16.8 -24.9 -22.8 -25.9 -12.5 -8.9 -21.5 -16.2 -17.6 29.2 -1.7 -11 -10.2 -19.7
77.1 -22.1 42 40.4 21.5 0.3 -1.8 -26.1 37.6 45.5 91.3 -18.1 -40.4 -35.5 -17.3 -25.7 -23.3 -26.3 -13.1 -8.3 -21 -15.7 -17.5 29.2 -1.7 -11 -9.4 -19.1
79 -17.9 43.4 41.3 21.8 1.8 -0.1 -24.5 37.9 46.8 91.7 -18.4 -39.4 -34.7 -16.7 -25.4 -22.9 -26.2 -12.7 -8.8 -21.9 -16.6 -18.8 27.8 -3.2 -12.4 -8.9 -19.6
84.4 -11.4 49.9 46.7 25.1 5.3 3.6 -20.7 40.9 49.5 92.9 -19.4 -37.9 -32.8 -14.9 -23.6 -21.7 -25.9 -12.9 -10.6 -23.3 -18 -20.3 26.1 -5.4 -14.7 -9.1 -20.8
88 -8.6 53.6 50.1 28.7 8.4 5.9 -18.5 42.9 50.9 93.6 -20 -36.9 -31.2 -13.8 -22.2 -21.1 -26.3 -14.2 -12 -24.3 -18.9 -21 24.8 -7 -16.4 -9.7 -21.7
86.4 -12.2 48 45.9 30.1 9.2 5.3 -19.7 41.3 49.8 94.1 -18.3 -36.2 -30.6 -14 -21.7 -21 -26.2 -14.9 -10.1 -22.8 -17.4 -19.6 26 -5.9 -15 -8.9 -20.6
82.5 -19.6 38.1 38 30.1 9.2 4 -21.7 38.7 48.8 96.4 -12.7 -34.2 -29.5 -13.3 -20.8 -19.8 -24.2 -13 -3.4 -17.1 -12.1 -14.9 31.3 -0.9 -9.8 -3.8 -15.2
80.4 -26.5 30.2 31.3 28.2 10.1 3.9 -22.1 37.2 48.6 99.4 -6 -31 -27.3 -11.3 -19.5 -17.8 -21.2 -9.4 4.9 -10.4 -5.9 -9.4 37.2 4.9 -3.7 4.2 -7.6
80.7 -28.7 25.9 27.6 24.3 11.5 4.6 -21.8 36.2 47.9 100.5 -2.5 -28.8 -25.5 -10.1 -19.3 -17.3 -20.2 -7.5 8.9 -8.1 -4 -7.8 38.4 6.2 -1.9 8.3 -4.1
81.3 -27.4 22.5 25.5 20.5 12.9 4.9 -22.4 34.8 46.3 99.2 -3.2 -28.3 -25.2 -10.8 -20.7 -18.6 -21.5 -7.7 7.5 -10.9 -6.9 -11 34.5 2.6 -4.8 6.8 -6.6
80.4 -27.1 17.8 22.3 17.4 13.5 3.7 -24.6 32.3 43.8 96 -7.9 -28.9 -26.1 -12.9 -23.1 -21.1 -24.2 -8.9 4.2 -15.4 -11.5 -15.8 29.2 -2.6 -9.2 3.4 -10.9
78.2 -29.3 14.2 18.6 13 12.8 1.5 -27.5 29.2 40.1 90.3 -17.6 -30.4 -28 -15.7 -26 -24.4 -28 -11.4 1.3 -18.5 -14.9 -19.3 25 -6.6 -12.8 0.9 -13.3
75 -33.8 10.5 14.5 6.2 10.9 -1 -30.7 25.5 34.8 82 -30.8 -32.1 -30.1 -18.4 -29.3 -28.3 -32.8 -15 0.8 -18.8 -15.8 -20.7 23 -8.8 -14.5 0.6 -12.7
70.3 -39.5 3.5 8.3 -1.3 8.5 -3.9 -34.6 20.5 28.6 73.5 -42.9 -33.2 -32.1 -21 -32.7 -32.4 -37.7 -18.3 3.6 -16.7 -14.7 -20.9 22.8 -9.5 -14.5 2.2 -10.4
68 -41.3 0.4 5.5 -4.4 6.8 -5.3 -36.4 17.8 25.4 69.5 -48.8 -33.4 -32.9 -22.2 -34.5 -35 -40.7 -20.4 6.5 -14.5 -13.5 -21 23 -9.8 -14.9 3.5 -9.7
71.8 -36.5 7.8 11.5 0.5 8 -2.7 -33.2 21 28.4 72.3 -46.6 -31.9 -31.4 -20.7 -33.1 -34.2 -40.2 -20.7 6.8 -13.8 -13.3 -21.2 22.9 -10.1 -15.8 3.1 -11.1
79.7 -26.5 21 22.5 9.8 11.7 2.6 -26.5 28.2 35.2 78.8 -39.6 -29 -28.2 -17.2 -29.4 -30.8 -36.9 -19.3 4.9 -14.6 -14.1 -21.7 22 -10.5 -17.1 1.5 -12.9
85.6 -16.8 32.3 31.9 16.5 14.6 6.9 -21 34.4 40.5 83.5 -33.4 -27.1 -26 -14.5 -26.2 -27.9 -34.1 -18.1 2.5 -16.2 -15 -22.7 20.7 -11.4 -18.5 -0.4 -14
85.4 -14.6 37 35.4 16.5 14.1 7.5 -20 36.4 41 83.5 -31.8 -27.4 -26 -14 -25.6 -27.6 -34.2 -18.4 1.3 -16.8 -15.1 -23.2 20.1 -12 -19.1 -0.9 -13.6
80.7 -19.9 36.2 34.1 11.4 10.5 4.5 -23.5 34.2 37.3 79.7 -34.7 -30.3 -28.4 -16.1 -28.1 -30.6 -37.4 -21 0.8 -16.5 -15.2 -23.7 20.2 -12.4 -19.9 -1.1 -13.3
75.8 -25.9 33.8 31.5 5.9 5.8 0.2 -28.1 30.3 32.5 74.8 -39 -34.3 -32 -19.8 -32.5 -35 -41.9 -25.2 -0.8 -17 -16.7 -25.3 19.4 -14 -22 -3.5 -15.7
73.9 -27.5 31.6 29 3.2 3.4 -2.5 -30.7 27.3 29.7 71.9 -40.9 -36.5 -34.3 -22.2 -35.7 -38.2 -44.7 -28 -3.1 -18.4 -18.8 -27.5 17.5 -16.2 -24.2 -6.8 -19.5
76.5 -22.9 33.6 30 5.4 4.9 -1.7 -29 28.4 31 73.3 -38.1 -35.4 -33.2 -21 -34.7 -37.7 -43.9 -26.9 -4.9 -19 -19.4 -27.9 16.4 -17 -24.7 -8.3 -21.3
82.6 -15.6 42.7 37 12.1 9 2.2 -23.1 33.9 36.1 78.6 -32.4 -32.3 -29.7 -16.9 -30.2 -33.7 -40.2 -23.4 -6.2 -18.5 -18.2 -26.5 16.8 -16.2 -23.9 -7.9 -21
86.1 -13.1 48.1 41.7 16.9 11.4 5 -18.9 37.8 40.3 83.1 -28.3 -29.6 -27 -13.8 -26.2 -29.8 -37 -20.2 -6 -17.5 -16.5 -25.1 17.6 -15.3 -22.8 -6.7 -19.8
82.8 -18.4 41.7 37 14.9 10 3.8 -20.7 35.8 39.5 83.1 -28.2 -28.7 -26.9 -14 -26 -29.3 -36.7 -19.4 -3.3 -16.1 -15.3 -24.3 18.4 -14.4 -21.4 -4.8 -18.2
75.4 -28.6 28.7 26.6 8.6 6.4 0.1 -25.8 30.5 35.6 79.8 -30.7 -28.8 -28 -16 -28.7 -31.2 -38 -19.9 1.7 -13.4 -13.3 -22.6 20.6 -12.4 -18.8 -1.6 -15.4
68.9 -38.7 17.1 17 2.9 3.1 -3 -30.2 25.8 31.8 76.9 -32.9 -28.8 -28.6 -17.6 -31.3 -33.1 -39 -20.2 6.7 -10.4 -11 -20.5 23.2 -10.2 -16.1 1.8 -12.3
66.8 -42.4 11.4 12.3 0.6 2.3 -3.9 -31.8 23.7 30.2 76 -33.5 -28 -28.3 -17.9 -32 -33.7 -39.2 -19.8 8.9 -9.4 -10.7 -20.4 23.7 -10.3 -15.7 3 -11.3
68.6 -39.3 10.3 11.8 1.8 4.9 -2.2 -31 24.1 31.2 77.2 -31.9 -25.9 -26.7 -16.9 -30.7 -32.6 -38.5 -18.9 8.4 -10.4 -12.4 -22.2 22 -12.7 -17.7 1.8 -12.9
70.9 -35.6 9.9 11.7 3.6 8.7 -0.4 -29.9 25.1 33 78.9 -30.1 -23.7 -24.9 -15.7 -28.8 -31 -37.6 -17.9 7.6 -11.9 -14.2 -24.1 19.9 -15.1 -20 -0.3 -15.3
70.9 -36.4 9.2 11 3.6 9.7 -0.9 -30.2 25.1 33.4 78.9 -30.3 -23.8 -24.9 -15.8 -28.4 -30.7 -37.7 -18.6 7.2 -12.9 -15 -25.2 19 -16.1 -21.1 -1.6 -16.6
66.5 -43 4.9 7.6 -0.1 6.4 -5.2 -33.7 21.9 30.5 75.9 -33.3 -27.2 -28.1 -18.4 -30.9 -32.9 -39.9 -21.5 7 -13.8 -15.4 -25.7 18.4 -16.1 -21.5 -2.1 -16.3
58.2 -52.2 -6.1 -0.9 -7.7 0.8 -12.1 -40.6 15.3 24.1 70.1 -38.2 -32.2 -33.3 -23.5 -36.1 -37.2 -43.9 -25.4 6.8 -15 -16.4 -26.4 16.9 -16.5 -22.2 -2.6 -16.3
52.8 -56.6 -13.3 -6.6 -12.9 -3.2 -16.7 -45.4 10.8 19.3 66.1 -41.6 -35.7 -37.1 -27.4 -40 -40.7 -47.2 -28.1 5.8 -16.3 -18 -27.5 14.8 -17.5 -23.8 -4.5 -18.2
55.5 -52.2 -7.4 -2.2 -10.5 -2.7 -15.2 -43.4 13.2 20.6 67.6 -40.6 -35.6 -36.8 -26.9 -39.3 -40.4 -46.9 -28.2 3.6 -17.2 -19.2 -28.5 13.5 -18.7 -25.3 -7.5 -21.6
63.3 -41.4 6.3 8.5 -3 1.1 -10.1 -37.2 19.7 26.2 72.5 -36.7 -33 -33.8 -23.3 -35.3 -37.3 -44.2 -26.9 0.8 -18.2 -20.4 -30.1 12.5 -20.3 -27.1 -10.8 -25.3
69.9 -31.5 18 17.9 3.5 4.2 -6.2 -32.4 24.8 31.1 76 -33.9 -31.3 -31.5 -20.7 -32.1 -34.7 -42 -26.4 -1.8 -19.8 -21.7 -32 11.4 -22.1 -28.9 -13.3 -28
71.1 -29.7 22.5 21.2 4.8 4.1 -6.3 -32.5 25.7 31.9 75.6 -34.4 -31.9 -31.7 -21.6 -32.4 -34.8 -42.2 -27.2 -2.9 -20.7 -22.5 -33 11.1 -23 -29.9 -13.8 -28.5
67.2 -35.5 21.3 19.1 1.5 1.6 -9.6 -36.2 23 28.9 71.8 -37.9 -34.6 -34.4 -25.1 -35.6 -37.7 -44.8 -29.5 -3 -20.8 -22.8 -32.7 11.4 -23 -30.4 -13.2 -27.8
62.2 -41.8 19 15.2 -3.3 -0.9 -13.7 -40.1 19.2 24.4 67.4 -42.4 -38.1 -38 -28.7 -39.4 -42 -48.6 -33.1 -3.3 -20.7 -23.5 -32.8 11.1 -23.6 -31.7 -12.8 -28.1
58.6 -44 16.8 11.7 -6.4 -2.2 -16.1 -42.5 16.2 21.1 64.6 -44.8 -40.3 -40.7 -30.5 -42.1 -45.1 -51.5 -36 -4.1 -21 -24.6 -34.3 9.5 -25.1 -33.4 -13.1 -29.2
58.2 -41.2 17.3 11.9 -5.5 -2.6 -16 -42.5 15.8 21 64.9 -43.1 -40.4 -41.4 -30.2 -42.7 -45.5 -51.8 -36.9 -5.9 -22.4 -25.9 -36.1 7.2 -27.2 -35.2 -15 -31.3
61.5 -35.8 23.2 17.9 -0.8 -3.1 -13.7 -40.5 18.5 24.2 67.8 -38.9 -39.4 -40.6 -29.1 -41.6 -44 -50.5 -36.5 -9.6 -25.2 -27.9 -38.1 4.7 -29.7 -37.5 -19.9 -35.1
64.5 -34.1 26.4 21.1 1.8 -4.4 -12.4 -39.7 19.9 26.1 69.8 -36.4 -38.7 -40.2 -29.5 -41.1 -43.4 -49.8 -36.4 -12.9 -28 -30 -40.1 2.9 -31.8 -39.8 -25.2 -39.5
63.2 -38.8 19.4 15.1 -1.5 -6.1 -14.2 -42.3 16.6 23.5 68.2 -38.4 -39.1 -41.3 -31.3 -42.6 -44.8 -50.9 -36.6 -12.7 -28.7 -30.3 -40.5 2.6 -32.3 -40 -26.4 -41.6
58.5 -48.4 6.8 3.9 -8.7 -7.5 -17.5 -46.9 10.9 18.4 64.1 -43.6 -40.3 -43.3 -33.2 -45 -47 -52.9 -36.7 -9.4 -26.4 -28.1 -38.7 4.3 -30.5 -37.6 -23.6 -40
53.2 -58.5 -4.5 -6 -16.2 -8.1 -20.3 -50.8 5.9 13.8 59.8 -48.7 -41.4 -45 -34.5 -47.1 -48.7 -54.9 -36.7 -6.4 -24.3 -25.9 -36.5 6.2 -28.5 -35.1 -21.5 -37.8
50.5 -62.9 -10.5 -11 -20.4 -8.1 -21.7 -52.8 3.2 11.3 57.4 -51.1 -41.7 -45.9 -35.7 -48.8 -49.9 -56.2 -37.2 -6.4 -25.5 -26.7 -36.5 5.3 -29.2 -35.7 -23 -38.6
51.1 -60.3 -12.8 -12 -20.3 -6.5 -21.7 -52.9 2.7 11 57.5 -49.5 -40.7 -45.3 -36 -49.4 -50 -56.2 -37.4 -8.1 -28.8 -30 -38.5 2.2 -32.5 -38.9 -26.1 -41.8
53 -56.4 -14.5 -11.8 -18.3 -3.7 -21.1 -52.4 3 12 59.3 -45.5 -38.9 -44.1 -35.6 -48.5 -48.9 -55.2 -36.8 -8.8 -31.1 -33 -40.3 -0.1 -35.5 -41.7 -28.2 -44.9
54.4 -55.6 -14.7 -10.9 -17 -1.4 -20.3 -51.7 3.9 13.2 61.1 -42.4 -37.9 -43.3 -34.7 -46.9 -47.6 -54.1 -36.1 -8.4 -31.3 -33.5 -40.2 0.3 -35.9 -42 -28.5 -46
53.2 -59.1 -15.8 -11.9 -18.4 -0.9 -19.7 -52.1 3.9 13 61.2 -42.7 -38.4 -43.1 -34.2 -46.2 -47.2 -53.7 -35.6 -7 -29.5 -31.5 -38.3 2.8 -33.8 -40 -26.5 -44.4
48.5 -65.3 -22.6 -18.4 -22.9 -2.6 -20.8 -55.2 0.4 9.8 58.5 -46.1 -40.1 -43.8 -35.3 -48.2 -48.9 -54.7 -35.9 -5.2 -27.4 -29 -36.3 4.8 -31.6 -38 -23.6 -41.8
45.8 -67.6 -26.5 -22.7 -25.2 -4.4 -21.8 -57.4 -2.3 7.6 56.4 -46.5 -41.5 -44.5 -36.3 -50.5 -50.6 -56.1 -36.7 -4.8 -26.6 -27.7 -35.7 5.2 -31.2 -37.6 -22.7 -41.9
50.1 -61.6 -18.5 -16.3 -19.7 -3.4 -19.5 -54.3 1.3 11.1 60.3 -37 -40.6 -43.4 -34.7 -49.2 -48.8 -54.9 -36.5 -6.2 -26.9 -27.7 -36 5.1 -31.6 -38.7 -24.4 -44.6
59.6 -49.4 -3.2 -2.8 -9.2 0.6 -14.7 -47.3 9.5 18.9 69.2 -21.6 -37.6 -40.5 -30.8 -44.2 -44 -50.7 -34.6 -8.2 -27.7 -28.2 -36.4 4.9 -32 -40 -27 -47.9
68.8 -37 10.3 9.7 0.3 4.6 -11 -40.9 16.9 25.6 76.2 -15 -35.4 -37.9 -27.2 -39.3 -40.1 -46.7 -33 -9.8 -28.5 -28.3 -36.5 4.6 -32.3 -40.8 -29.8 -50.7
72.8 -31.9 17.1 16 4.5 6 -9.8 -37.8 20.2 27.7 75.9 -25.2 -35.5 -37.3 -25.9 -37.3 -39.7 -46.4 -33.5 -10.1 -28.2 -27.3 -35.9 4.9 -31.9 -40.6 -31.7 -52.5
70.9 -35 18.8 16.8 2.6 3.8 -10.7 -38 19.6 25.2 69.3 -45.8 -37.8 -38.9 -27.3 -38.6 -42.5 -50.1 -36.1 -10.3 -27.2 -26.3 -35.3 5.5 -31.5 -40.7 -32.9 -54
67.4 -39.6 19.2 15.5 -2.7 0.4 -11.9 -39.4 17.7 21.4 61.6 -63.6 -40.8 -41.3 -29.8 -41.2 -45.7 -55 -39.2 -11.4 -26.7 -26 -35.5 5.7 -31.8 -41.7 -34.2 -55.6
65.6 -40.9 18.7 13.7 -7.8 -1.4 -12.2 -40.5 16.5 19.1 57.3 -69.8 -42.6 -42.6 -31.4 -42.8 -47.3 -57.6 -41 -12.8 -27.2 -26.7 -36.7 5 -33.2 -43.3 -35.6 -57.2
66.1 -38.6 19.4 13.7 -10.1 -0.8 -11.4 -40.6 17.2 19.1 57.2 -65.6 -43.2 -42.9 -31.6 -43.4 -47.4 -57.9 -42 -15.1 -29.2 -29 -38.8 2.8 -36.1 -46.2 -37.8 -59.6
68.9 -34.8 24.8 17.3 -9.1 0.4 -10 -39.1 19.6 21.1 59.3 -58.3 -44 -43.1 -31.1 -43.4 -47.2 -57.6 -43.9 -19.6 -32.8 -33 -42.1 -0.8 -40.3 -50.7 -41.9 -63.6
70.2 -33.9 27.5 18.5 -9.3 0.5 -9.7 -38.1 20.1 22 60.1 -54.1 -45.2 -44.1 -31.3 -44 -47.8 -58.1 -45.8 -23.4 -36.1 -36.7 -45 -4.2 -43.7 -54.4 -46.2 -67.8
67.1 -38.1 21 12.7 -13.4 -1 -11.8 -40.3 16.7 19.5 58.1 -54.5 -46.3 -45.6 -32.9 -45.5 -49.5 -59.3 -46.4 -23.2 -36.8 -37.6 -45.6 -5 -44.4 -54.9 -47.7 -69.5
61.7 -46.1 10.1 4.1 -18.3 -2.8 -14.4 -43.9 12.5 15.8 55.6 -56.4 -46.3 -46.1 -34.4 -46.3 -50 -59.4 -45.1 -18.4 -34.2 -34.3 -42.9 -2 -41.3 -51.5 -44 -66.7
57.7 -53.6 1.1 -2 -20.5 -3.2 -15.5 -46.3 10.7 14.2 55.4 -56.1 -44.9 -44.9 -34 -45.8 -48.2 -57.7 -42.6 -12.2 -30.2 -29.2 -38.5 2.7 -36.6 -46.3 -37.5 -61.3
57 -55.3 -3.1 -4 -19.9 -2.3 -14.9 -45.9 11.3 15.3 57.4 -53.6 -43.4 -43.2 -32.2 -44.8 -45.9 -55.4 -40.4 -9.3 -28.5 -26.8 -36 4.8 -34.2 -43.6 -33.6 -57.7
59 -51.3 -4.2 -4.2 -17.9 -0.4 -13.5 -43.9 12.4 17.8 59.9 -50.7 -42.2 -41.8 -30.2 -43.5 -44.3 -53.5 -38.6 -10.1 -29.4 -27.9 -36.6 3.5 -35.1 -44 -33.1 -57.1
61.2 -47.5 -5.1 -4.8 -16.3 1.5 -12.2 -42.4 12.5 19.9 61.8 -49.1 -41.4 -41.2 -29.4 -42.1 -43.7 -52.2 -37.2 -11.6 -30.9 -29.9 -38.3 1.6 -37 -45.2 -33.1 -57.2
61.9 -47.3 -5.2 -5.1 -15.8 2.5 -11.6 -42.1 12.3 20.7 62.5 -49.3 -41.7 -41.5 -29.7 -41.3 -43.7 -51.8 -36.6 -12.1 -31.7 -30.8 -39 1 -37.4 -45.2 -31.7 -56.5
60.1 -51.3 -7.1 -6.8 -17.6 1.5 -12.8 -43.5 11.2 19.3 61.6 -50.8 -43.1 -42.6 -30.8 -42.2 -44.4 -52.1 -36.5 -11.6 -31.3 -30.2 -38.3 2.1 -36 -43.6 -29 -54.2
54.7 -58.4 -14.7 -13.6 -23.3 -2 -17.2 -48 7.2 14.6 58.5 -53.7 -45.9 -45.2 -33.7 -45.4 -46.8 -53.7 -37.2 -11 -31 -30 -38.1 3 -34.6 -41.7 -27 -51.7
49.4 -63.2 -20.8 -19.8 -29.2 -7.2 -22.7 -53.2 2.6 9.5 54.6 -57 -50.3 -49.6 -38.1 -49.4 -50.2 -56.4 -39.8 -13.5 -33 -32.2 -40.5 1.2 -35.6 -42.4 -28.7 -52
48.8 -61.2 -17.3 -17.8 -29.7 -11.1 -24.9 -54.6 1.6 8.3 53.3 -58 -54.5 -53.1 -41 -51.7 -52.1 -58.2 -42.7 -19.7 -37.5 -36.6 -44.3 -2.7 -38.8 -46.1 -33.5 -54.8
53.7 -51.7 -6.2 -8.5 -24.2 -11.3 -22.7 -51.1 5.7 12 55.9 -55.2 -55.7 -53.2 -40.4 -50.4 -50.6 -57.2 -42.9 -26 -41.9 -40.4 -47.1 -5.8 -41 -49.3 -37 -56.5
60.8 -39.9 6.5 2.8 -16 -9 -18.1 -45 13 18.1 61 -49.8 -53.9 -50.2 -36.9 -46.1 -46.6 -53.5 -40 -28.6 -43.1 -40.9 -47 -5.2 -39.7 -48.8 -36.3 -54.5
65.4 -34.2 15.4 10.6 -10.1 -8.1 -14.6 -40.3 18.9 22.9 65.2 -45.2 -51.6 -47.2 -33.4 -42.1 -42.8 -49.6 -36.9 -27.2 -40.5 -37.7 -44.3 -1.4 -35.8 -44.7 -32.5 -49.9
64.8 -36.7 18.7 12.9 -9.1 -11.1 -14.8 -39.7 20.4 23.8 65.8 -44.7 -52.1 -47.4 -33.1 -41.7 -42.3 -48.6 -36.9 -25.5 -37.6 -34.5 -42 2 -32.7 -41.5 -29.5 -46.7
61.4 -41.3 18.6 12.1 -11.4 -16.4 -18 -42.3 18.1 21.6 63.5 -47.5 -55.8 -50.6 -36 -45 -44.8 -51.1 -39.9 -26.3 -37.3 -34.3 -42.2 2.3 -32.8 -41.7 -29.2 -46.8
58.4 -42.5 16.7 10.3 -13.8 -20 -21.1 -45 14.9 19.2 61.8 -49.5 -59.6 -53.7 -39 -48.8 -47.8 -53.9 -42.5 -28.4 -39 -36.4 -44.1 0.5 -34.6 -43.6 -29.7 -48.2
58.6 -38.9 17.3 11.3 -12.6 -19.9 -21.3 -44.9 14.9 19.6 63 -48.4 -60.6 -54 -39.2 -49.6 -48.3 -54.1 -42 -30 -40.7 -38.5 -45.9 -1.2 -35.9 -44.7 -29.6 -48.5
63.2 -32.2 24.6 18.5 -6.6 -17.1 -17.7 -40.7 19.8 23.9 66.9 -44.5 -58.3 -50.9 -36.3 -46.4 -45.5 -51.2 -39 -30.7 -40.9 -38.7 -46.3 -1.1 -35.2 -43.8 -28.7 -46.8
67.3 -29.2 30.3 24.1 -1.7 -14.3 -14.4 -37 24.4 28.2 70.4 -40.9 -55.3 -47.7 -33 -42.3 -42.2 -47.8 -35.8 -29.5 -39.5 -37.1 -45 0.8 -33 -41.3 -26.4 -42.9
65.7 -33.4 25.5 20.2 -3.4 -14.1 -15 -38 23.2 27.9 70.5 -40.1 -54.2 -47.3 -32.7 -41.4 -41.5 -46.8 -34.3 -26.6 -37.6 -35 -42.8 3.4 -30.2 -38.2 -22.7 -37.4
59.7 -43.3 13.9 10.4 -8.8 -16.4 -18.6 -42.3 18 24.3 68.5 -40.5 -54.8 -48.9 -34.6 -43.4 -42.7 -47.4 -33.8 -22.7 -34.9 -32.3 -39.9 6.6 -26.7 -34.4 -17.6 -30.9
53.8 -53.6 2.9 1.3 -13.5 -19 -22.3 -46.7 13.1 20.7 66.8 -40.4 -55.6 -50.2 -36.4 -46.1 -44 -47.7 -33 -19.6 -32.5 -30.1 -37.5 9.5 -23.7 -31.3 -12.4 -25
50.7 -58.1 -3.4 -3.8 -16.1 -20.3 -24.4 -49.8 10 18.5 66 -40.1 -56.4 -50.8 -37.7 -48.2 -45.2 -48.1 -32.4 -19.6 -32.9 -30.5 -37.9 9.5 -23.6 -31 -10.1 -22.4
50.8 -56.3 -6.4 -5.8 -16.2 -19.1 -24.2 -50.6 8.7 18.1 66.3 -39.3 -56.3 -50.3 -37.9 -48.5 -45.6 -48 -31.8 -21.4 -35.1 -32.8 -40.4 7.3 -25.4 -32.9 -10.7 -23.1
52 -53.5 -8.2 -6.6 -14.2 -16 -22.6 -49.7 9 19.4 68.2 -37.3 -54.7 -48.7 -36.6 -47 -44.6 -46.6 -30.3 -22.1 -36.4 -33.9 -41.6 5.9 -26.3 -33.9 -11.1 -23.4
52.8 -52.7 -8 -5.4 -11.2 -13.3 -21.4 -48.4 10.5 21.2 70.7 -34.8 -53 -47 -34.5 -45.1 -42.6 -44.4 -28.4 -20.7 -35.1 -32.4 -39.8 7.2 -25 -32.2 -8.9 -21
52.2 -54.9 -8.4 -4.9 -9.6 -12.6 -21.6 -48.3 10.9 21.7 71.5 -34.3 -51.9 -46 -33 -44.2 -41.1 -42.9 -26.9 -17.3 -31.8 -28.9 -36 10.5 -22.2 -28.7 -4.4 -15.9
49.5 -59.1 -13.6 -9.3 -11.4 -13.3 -23 -49.8 8.9 20.1 70 -36.7 -50.7 -45 -32.6 -44.6 -40.7 -42.4 -25.6 -12.2 -27.5 -24.6 -31.7 14 -18.7 -24.5 1.1 -9.9
49.3 -58.9 -15.4 -11.7 -12.4 -12.4 -21.9 -48.9 8.9 20.2 69.4 -38.7 -48.1 -42.4 -30.6 -43.5 -39.3 -41.1 -23.5 -7.4 -23.3 -20 -27.2 17.8 -14.7 -20.6 6.3 -4.4
55.5 -50.7 -5.9 -5 -8.6 -7.7 -15.9 -42.6 15.3 25.5 73.1 -35.2 -43.4 -37.1 -25.1 -38.6 -34.6 -36.9 -19.5 -4.6 -19.6 -15.5 -22.9 22.2 -10.3 -17.3 10.2 -0.3
65.2 -38.1 9.2 6.9 -1.4 -1.1 -7.8 -34.3 24.6 33.4 79.7 -27 -38.3 -31 -18.4 -31.8 -28.5 -31.4 -15.3 -3.9 -17.3 -12.7 -20.8 25.3 -7.4 -15.8 11.5 1.1
72.5 -27.8 21 16.8 4 3.1 -2.5 -28.7 30.9 38.9 84.5 -19.9 -36 -27.2 -14.7 -27.3 -25 -28.5 -13.7 -5.4 -17.2 -12.6 -21.1 25.6 -7.4 -16.4 8.9 -0.3
73.7 -25.7 25.2 20.5 2.8 2.6 -2.7 -28.1 31.3 38.4 84.3 -17.7 -37.6 -27.5 -15.2 -27.5 -26.2 -30 -15.6 -8 -18.4 -14.2 -22.3 24.2 -9.1 -17.6 4.5 -2.6
69.9 -30.9 24.1 19.4 -5 -1.9 -6.7 -31.4 27.5 33.2 79.9 -20.8 -42 -31.3 -18.9 -31.7 -30.9 -34.6 -20.1 -10.9 -20.3 -16.2 -23.4 22.3 -11.2 -18.9 1.3 -4.2
65.6 -36.6 22.5 16.9 -13.1 -6.7 -10.6 -34.7 23.7 28.2 74.9 -26.7 -46.1 -35.2 -22.6 -36.3 -35.3 -38.8 -24.4 -13 -21.6 -17.4 -24 20.8 -12.6 -20.1 0.8 -4.4
63.4 -38.4 20.7 13.5 -15.3 -8.6 -11.6 -36 21.9 26.4 72 -33.8 -47 -36.6 -23.8 -38.3 -37.2 -40.9 -26.3 -13.2 -21.6 -17.4 -24.2 20.1 -13 -21.1 2.1 -3.8
63.4 -36.4 20.3 10.8 -11.3 -8 -10.4 -35.4 21.7 26.9 70.3 -41.7 -46.2 -36.8 -23.5 -38.3 -37.8 -42 -27 -13.5 -21.6 -17.9 -25.9 18.8 -14.2 -23.1 1.9 -5
65.4 -32.4 24.7 12.6 -5.6 -7 -8.4 -33.3 23.4 28.1 69.1 -48.3 -45.7 -36.8 -22.8 -37.5 -38.1 -43.5 -28.7 -15.9 -23.4 -20.1 -29.2 16 -17.7 -26.4 -1.3 -9.1
66.5 -31 27.2 14.7 -3.6 -6 -7.4 -32.2 24.3 28.2 68.3 -50.8 -45 -36.3 -22.3 -36.9 -38.3 -44.7 -30.4 -17.4 -25.3 -22 -31.8 13.7 -21 -29 -3.7 -12.6
64 -34.5 21.6 11.6 -7.2 -5.2 -8.6 -34.1 22.3 26.2 67.7 -48.7 -43.9 -35.6 -22.5 -37.2 -38.7 -45.4 -30.7 -14.4 -24.6 -21.2 -31.5 13.9 -21.2 -28.7 -2.1 -12
59.3 -42.2 11.5 5.1 -13.4 -5.4 -10.9 -37.4 18.4 23.4 67.2 -44.6 -42.9 -35.2 -23.3 -38.3 -39.3 -45.7 -30 -8.3 -21.1 -17.9 -28.3 16.4 -18.4 -25.8 2.7 -7.3
55.4 -50.7 2.7 -1 -18.6 -6.2 -12.6 -39.9 15.1 21.3 66.6 -40.9 -42.2 -34.8 -24.1 -39.6 -39.6 -45.5 -28.9 -3 -17.5 -14.5 -24.5 18.9 -15.3 -22.5 7.9 -2
54.4 -53.6 -1.8 -3.9 -20.4 -5.9 -12.2 -40 13.7 20.5 66.3 -39.2 -41.6 -34 -24.1 -39.9 -39.4 -44.9 -27.7 -1.3 -16 -13.6 -22.7 19.3 -14.4 -21.2 10.7 0.6
56.1 -50.1 -3.1 -4.4 -19.2 -3.4 -9.3 -38.1 14.2 21 66.7 -39.5 -39.6 -32.5 -22.6 -38.5 -38.4 -43.8 -25.9 -1.6 -16.1 -14.3 -22.9 18.3 -15.1 -21.7 11.2 0.8
58.6 -45.3 -3.5 -4.6 -16.9 0 -5.9 -36.1 15.4 22.4 67.7 -39.9 -36.4 -30.3 -20.5 -36 -36.8 -42.5 -23.6 -1.4 -16.1 -14.7 -23.4 18 -15.6 -22 11.4 0.4
60.4 -43.6 -2.3 -4.2 -14.7 1.4 -4.5 -35.2 16.9 23.6 69 -39.1 -34.2 -28.9 -19.3 -34 -35.6 -41.7 -22 -0.3 -15.4 -14.2 -23.6 18.7 -15.6 -21.7 11.9 0
59.5 -46.7 -2.7 -5 -14.5 -0.7 -6.6 -36.5 16.8 22.8 68.8 -38.8 -34.4 -29.5 -20 -34.2 -35.9 -42.2 -22.4 1.6 -14.4 -13.3 -23.4 19.8 -15.5 -21.4 12.9 -0.4
55 -53.2 -9 -10.1 -16.5 -4.8 -11.3 -40.2 13.6 19.7 67.2 -38.9 -36.1 -31.7 -22.2 -36.7 -37.8 -44 -24.5 4.6 -13.3 -12.3 -23 20.4 -15.5 -21.1 14.5 0.1
51.7 -56.3 -12.8 -12.5 -15.4 -8 -14.3 -42.1 11.6 18.4 67.8 -36.3 -37.4 -33.5 -23.7 -38.8 -39.5 -45 -26.6 6.7 -12.7 -12 -22.8 20.1 -15.8 -21.2 15.3 0.1
53.9 -51.7 -6.4 -6.7 -9.8 -8.2 -13.2 -39.4 14.1 21.1 71.1 -32.1 -37.1 -33.3 -22.9 -38.5 -39.7 -44.4 -27.4 5.8 -13.4 -13.1 -23.6 18.7 -17.2 -22.4 13.8 -1.5
59.2 -42.1 4.5 2.2 -6 -6.5 -10.4 -35.4 18.2 24.2 72.1 -32.7 -35.6 -32 -21.3 -37.4 -39.6 -44.4 -27.8 2.1 -16.2 -16.5 -26.3 15.1 -20.5 -25.5 9.5 -5.5
62.9 -33.8 12.4 7.7 -7.7 -5.5 -9.8 -34 20 23.7 68.1 -39.9 -35.2 -32.1 -21.7 -37.9 -41.1 -47.3 -29.7 -2.6 -20.4 -21.5 -30.4 10.2 -25.2 -30.2 4.1 -10.6
63 -32.3 15.4 9.3 -12.4 -6.7 -11.5 -35.1 19 20.7 62.2 -48.4 -37.1 -34.2 -24.2 -40.4 -43.8 -51.3 -32.3 -5.7 -23.1 -24.8 -33.4 7.3 -27.9 -33.3 0.7 -13.4
61.5 -35.6 17 10.1 -15.5 -9.3 -13.5 -36.5 17.8 18.4 58.5 -52.1 -39.7 -36.9 -26.9 -42.9 -46.2 -54 -34.4 -6.3 -22.9 -24.8 -33.5 7.6 -27 -33.1 0.8 -13
59.9 -38.5 19.6 12.3 -16 -12 -14.7 -37.3 17.6 17.8 57.8 -50.2 -41.7 -39.3 -28.6 -44.5 -47.8 -55 -36.1 -5.7 -21.7 -23.3 -32.4 9 -25.1 -31.7 2.4 -11.8
58.2 -39.1 20.8 13.8 -15.7 -13.6 -15.5 -38.2 17.6 17.8 58.4 -46.3 -42.3 -40.9 -29.4 -45.4 -48.8 -55.5 -38 -5.5 -21.9 -23.1 -32.6 9.1 -25.3 -31.9 3 -12.3
57.6 -36.9 22 15.2 -14.2 -13.9 -15.8 -38.5 18 18 58.9 -44.6 -42.8 -41.5 -29.9 -45.7 -49.7 -56.1 -40 -7.6 -24.5 -25.6 -34.9 6.8 -28.1 -34.6 0.2 -15.9
59.7 -32.8 27.2 19.4 -11.4 -13.7 -15.1 -37.2 19.4 18.9 58.9 -46.5 -44 -42.1 -30.2 -45.6 -50.3 -56.8 -41.4 -12.8 -28.8 -30 -38.8 2.8 -32.2 -38.8 -6.4 -21.8
60.3 -32.1 29.2 20.5 -11.5 -14.6 -15.7 -37.5 18.8 18.1 56.8 -51.3 -45.5 -43.6 -31.5 -46.5 -51.5 -57.9 -41.4 -17.8 -32.6 -34.1 -42.3 -0.9 -35.3 -41.7 -12.4 -26.8
56 -37.5 21.4 13.6 -16.7 -16.9 -19.2 -41.7 14.6 14.3 53 -56.4 -47.2 -46.2 -34.3 -49.5 -53.8 -59.5 -40.4 -18.6 -33.9 -35.7 -43.8 -2.2 -35.9 -41.7 -13.3 -27.6
48.6 -47.3 9 2.6 -23.3 -19.6 -23.6 -47 9.4 9.7 49.7 -59.3 -48.5 -48.4 -37.1 -52.6 -56.1 -60.8 -39.3 -15 -32 -34.1 -42.3 -0.3 -33.7 -38.7 -9 -24.4
42.8 -56.9 -1.2 -6.6 -28.1 -21.3 -26.8 -50.6 5.5 6.9 48.4 -59.8 -48.9 -49.3 -38.7 -54.3 -57.4 -61.5 -38.6 -10.4 -29.4 -31.4 -39.8 2.4 -31.1 -35.7 -4.5 -21.1
42 -60.5 -6.3 -11.3 -30.2 -21.2 -28.2 -51.9 3.5 6 48.8 -58.7 -48.1 -49 -38.9 -54.3 -57.6 -61.6 -38.3 -8.6 -28.8 -31.1 -39.6 2.3 -31 -35.4 -4.6 -22
45.7 -57.6 -8.1 -12.2 -29.7 -18.5 -27.2 -51.2 3.7 7 51.1 -55.9 -45.6 -47.3 -37.7 -52.5 -56.2 -60.5 -37.2 -8.7 -29.8 -32.5 -41.1 0.7 -32.7 -37.1 -7.9 -25.7
49.9 -53.5 -9 -11.8 -27.5 -14.3 -24.5 -49.6 5 9.3 53.9 -52.1 -42 -44.6 -35.8 -50 -53.7 -58.2 -34.8 -8.3 -30.4 -33.3 -42.3 -0.3 -33.9 -38 -10.3 -28.5
51.4 -52.4 -8.9 -11.1 -25.5 -11.7 -22.4 -48.5 6 10.8 55.2 -49.5 -39.4 -42.7 -34.9 -49 -52.5 -56.9 -33.4 -7.8 -30.4 -33.3 -42.6 -0.8 -34.5 -38.3 -10.7 -29.8
48.6 -56.8 -11.2 -13.4 -26.5 -13.1 -23.2 -50 4.2 9.2 53.7 -50.2 -39.4 -43.4 -36.2 -50.9 -54 -58.2 -34.5 -7.3 -30.2 -33.1 -42.6 -1.4 -35 -38.5 -9.7 -30.3
42.4 -64.5 -19.2 -21 -31.1 -16.6 -26.7 -54.2 -1.2 4.5 50.2 -53.4 -41.1 -45.9 -39.2 -54.6 -57.4 -61.4 -37.2 -5.3 -29.4 -32.4 -42.6 -1.9 -35.4 -38.7 -8.2 -30.8
39 -67 -23.3 -24.7 -33.6 -17.6 -28.6 -56.6 -4.4 2.3 48.4 -55.3 -42.6 -47.3 -40.7 -56.5 -59.4 -63.3 -39.1 -3.3 -28 -31.4 -41.9 -1.6 -35.2 -38.9 -8.8 -32.3
42.8 -60 -15.4 -17.7 -29 -13 -25.6 -53.3 -0.6 6.1 51.1 -53.1 -42.4 -45.7 -38.4 -54.2 -57.3 -61.7 -38.9 -3.6 -26.9 -30.8 -40.8 -1.1 -35.1 -39.2 -11.8 -34.9
51.2 -47.8 -1.3 -5.1 -20.3 -5.9 -19.7 -46.5 7.2 13.1 56.8 -48.3 -40.5 -42 -34.3 -49.5 -52.9 -58 -37.2 -6.1 -27.4 -31.7 -40.7 -1.6 -35.8 -40.1 -15.2 -37.8
58.7 -37.1 10.8 6.3 -13.1 -1.5 -14.8 -41 14.1 18.5 61.8 -44 -38.4 -38.8 -31 -45.6 -49.6 -54.6 -35.6 -8.9 -28.6 -33.2 -41.3 -2.4 -36.6 -41.2 -17.4 -40.2
61.5 -33.9 16.9 12.5 -11 -2.3 -13.1 -39.6 16.9 20 63.8 -42.3 -37.8 -38.2 -29.7 -44.3 -48.7 -53.4 -35.1 -10 -28.7 -33.2 -41 -1.9 -36.3 -41.1 -18.2 -41.3
59.1 -38.3 17.6 13 -13.6 -8.1 -15.6 -42.2 15.1 17.8 61.7 -44.4 -40.7 -41.4 -31.7 -46.3 -51 -55.9 -37.2 -10.8 -28.8 -32.9 -41.2 -1.3 -35.9 -41.3 -19.7 -43.2
55.2 -43.8 16.5 10.3 -16.6 -14.8 -19.9 -45.7 11.1 14.3 57.7 -48.5 -46 -46.6 -35.8 -50.4 -55 -60.2 -41.6 -13.3 -30.7 -34.2 -43.3 -2.7 -37.1 -43.2 -23.6 -47.4
53.4 -45.3 14.9 7.7 -17.1 -17.9 -22.2 -47.2 8.6 12.4 55.4 -50.6 -49.2 -49.7 -38.7 -53.4 -57.9 -62.9 -44.8 -16 -33 -36.3 -46 -5 -39 -45.7 -27.7 -52
55.4 -41.4 16.5 9.2 -13.9 -16.5 -21.1 -45.5 10.1 13.8 56.8 -48.9 -48.7 -49.7 -38.6 -53.2 -57.7 -62.2 -44.9 -17.9 -34.6 -37.8 -47.6 -6.8 -40.7 -47.6 -30.9 -55.5
60.5 -34.4 24.5 16.8 -7.7 -12.9 -17.3 -41.2 15.5 18.4 61.4 -44.6 -46.8 -48.1 -36.5 -50.2 -54.9 -59.3 -43 -20.1 -35.6 -38.6 -47.9 -7.8 -41.6 -49 -34 -58.5
64 -30.6 30.2 22.8 -3.3 -9.8 -14.3 -38.4 19.7 22.2 65.2 -41.2 -45.1 -46.3 -34.4 -46.9 -51.9 -56.5 -40.8 -21 -35.6 -38.3 -46.9 -7.8 -41.2 -49.1 -35.9 -60
62.2 -33.6 25.6 19.9 -4.3 -8.2 -14.7 -39.7 19.1 21.8 65.1 -41.6 -43.9 -45.4 -33.8 -45.7 -50.5 -55.1 -39.1 -18.5 -33.4 -36.4 -44.6 -6 -39.1 -47 -34.8 -58.9
57.6 -42.1 15.2 11.4 -8.3 -7.9 -17.3 -42.6 15.9 19 62.6 -44.9 -42.9 -44.9 -33.9 -46.1 -50.3 -54.6 -37.8 -12.9 -28.9 -32.8 -41 -2.2 -35 -42.8 -31 -55.2
54 -50.9 6.5 3.7 -11.3 -7.8 -18.9 -44.4 13.2 17.3 61.3 -46.7 -41.9 -43.8 -33.5 -46.6 -49.8 -53.7 -36.4 -7.2 -24.3 -28.9 -37.2 2 -30.8 -38.3 -26.7 -51.3
53 -53.2 2.6 0.6 -10.6 -6.8 -18.4 -44.4 12.6 18.2 63.4 -43.1 -40.5 -41.9 -32.3 -46 -48.5 -51.8 -34.9 -4.7 -22.3 -27.2 -35.7 3.8 -28.8 -36.1 -24.6 -50.4
54.6 -48.9 2 1.3 -5.9 -4.5 -15.7 -42.6 14.1 21.8 68.7 -35.7 -37.7 -39.2 -29.9 -43.3 -45.7 -48.3 -32.2 -4.1 -22.3 -27.1 -36 3.8 -28.4 -35.5 -25.1 -52.1
57.6 -43.7 2.1 2.9 -0.6 -1.6 -12.5 -39.9 16.6 26.3 74.5 -29.7 -34 -36.1 -26.5 -39.2 -41.9 -44 -28.5 -3.4 -22 -26.5 -35.6 4.6 -27.6 -34.5 -25.9 -53.5
59.7 -42.2 2.6 4.2 1.4 -0.5 -11.2 -38.1 18.5 29 76.8 -28.9 -32.2 -34.7 -24.3 -36.6 -39.1 -41.2 -26.1 -2.8 -21.3 -25.3 -34.1 6.3 -26.5 -33.2 -26.9 -53.9
58.8 -45.3 1 3 -1.9 -2.6 -13.1 -39.1 17.9 28.1 74.8 -31.1 -33.5 -36 -24.7 -37.4 -38.7 -41.1 -25.9 -2.7 -20.8 -24.4 -32.9 7.6 -25.9 -32.2 -27.5 -53.6
54.8 -51.3 -5.8 -2.8 -8.8 -6.1 -17 -43 14.2 24.3 71 -32.1 -36.1 -38.5 -27 -40.5 -40.2 -42.9 -26.8 -1.8 -20.2 -23.8 -32.2 8.2 -25.1 -31.3 -26.5 -52.7
52.2 -54.2 -9.9 -6.5 -13.2 -8.8 -19.2 -45.7 11.4 21.4 68.6 -31 -38.5 -40.3 -29.1 -43.2 -41.8 -45 -28.4 -1.7 -20.3 -24 -32.8 7.7 -25.2 -31.6 -26.5 -53.6
53.8 -50.7 -4.2 -2 -11.2 -9.6 -18.4 -44.8 12.6 22 69 -30.4 -40.7 -40.9 -30 -44.1 -42.7 -46.6 -29.9 -4.9 -22.7 -26.4 -35.6 5 -27.6 -34.7 -31.1 -58.5
57.6 -42.8 6.1 6.6 -6.2 -9.4 -16.5 -42.4 15.9 24.5 70.2 -33.3 -43.4 -41.6 -30.7 -44.1 -43.8 -47.7 -30.9 -11.5 -27.9 -31.5 -40.7 0 -32.6 -40.4 -39.7 -66.5
60.7 -35 14.5 13.6 -2.5 -9.8 -15.8 -40.9 18.3 26.3 70.3 -38.6 -46.6 -43.3 -32.1 -44.2 -45.8 -48.8 -32 -18.6 -33.6 -37.2 -46 -5.3 -37.8 -46.1 -48.7 -73.9
61.4 -32.7 18.8 16.3 -2.1 -12 -16.9 -41 18.8 26.1 69.2 -42.6 -49.9 -45.8 -34.1 -45.2 -47.9 -50.2 -34 -23.1 -36.6 -40.3 -48.9 -8 -40.2 -48.7 -54.2 -77.6
59.4 -36.1 20 16.4 -4.4 -17 -19.9 -43 17.4 23.7 66.4 -46.1 -53.2 -48.9 -36.8 -47.6 -49.9 -52.8 -37.6 -25.1 -37 -40.9 -49.5 -7.9 -40.3 -48.8 -56.2 -77.9
56.8 -39.7 20.7 16.3 -6.4 -22.1 -22.9 -45.2 15.9 21.3 63 -49.9 -55.9 -51.4 -38.8 -50.1 -51.5 -55.7 -41.1 -26 -36.2 -40.1 -48.9 -6.6 -39.8 -48.3 -56 -76.5
56.2 -38.9 21.6 17 -5.7 -23.3 -23.1 -44.9 16.4 21.5 62.2 -51.3 -55.6 -51.2 -38.2 -50 -51.1 -55.9 -41.6 -25.2 -34.3 -38.1 -47.3 -4.6 -38.5 -47.1 -53.9 -74.1
59.9 -32.6 25.9 20.8 -1 -19.6 -19.1 -40.7 20.5 25.8 65.6 -48.9 -52.3 -47.6 -34.5 -46.1 -47.6 -52.3 -38.5 -23.3 -31.9 -35.5 -44.8 -2.2 -36.3 -45.3 -51.3 -71.6
67.3 -23.4 36.2 29.8 6.8 -14 -12.3 -33.2 27.8 33 71.8 -44.1 -48 -42.2 -28.8 -39.8 -41.8 -46.6 -34.2 -22.3 -29.9 -33.3 -42 0.1 -33.8 -43.7 -49.3 -69
72.7 -18.6 43.1 36.2 11.8 -9.7 -7.5 -27.9 33.2 38.2 77.1 -39.6 -44.6 -37.8 -24.2 -34.4 -36.5 -41.8 -30.5 -20.8 -28.1 -31.1 -39.1 2.5 -31 -41.4 -46.2 -64.6
71.2 -22.1 38.1 32.4 9.3 -9.2 -8 -28.5 32.1 37.9 78.5 -37.6 -43.6 -36.5 -23.1 -32.9 -34.6 -40.1 -28.6 -17.8 -25.8 -28.2 -36.7 5.3 -27.8 -38 -41.2 -58.1
64.8 -31.8 25.9 22.4 2.4 -11.9 -12 -33.1 27 34.3 77 -37.6 -44.6 -37.8 -24.4 -34.6 -35.9 -40.7 -28 -13.6 -22.7 -24.3 -34 8.7 -24.1 -33.8 -35.3 -51
58.7 -42 15 13.1 -2.6 -15.1 -15.7 -37.7 22.3 31.1 75.6 -37.6 -46 -39.3 -26.2 -36.5 -37.7 -41.5 -27.4 -9.7 -19.9 -20.9 -31.2 11.7 -21 -30.1 -30.4 -45.1
56.1 -46.5 8.7 7.9 -2.1 -16.5 -17.3 -40.1 19.8 29.8 75.5 -36.6 -46.1 -40 -27.4 -37.5 -38.7 -41.5 -26.8 -7.9 -19.7 -20.3 -30.5 12.2 -20.3 -29 -27.9 -42.5
56.7 -45.4 5.5 6 2.4 -15.5 -17 -40.6 19 29.9 76.5 -34.4 -44.6 -39.6 -27.7 -37.4 -38.2 -40.3 -26.1 -8.1 -21.3 -22.1 -32.1 10.7 -21.9 -30.2 -26.7 -41.9
58 -43.9 2.6 5.1 5.7 -13.6 -16.5 -40.5 18.7 29.9 77.4 -32.1 -42.6 -38.8 -27.3 -36.9 -37 -39 -25.5 -8.4 -22.6 -24 -33.8 9.2 -23.5 -31.6 -24.9 -40.1
57.7 -45.4 0.6 4.4 3.7 -13.4 -17.7 -41.4 17.6 28.6 76.5 -32.1 -43.2 -39.5 -27.9 -37.4 -37.1 -39.5 -26.2 -8.9 -23.6 -25.1 -34.8 8.3 -24.6 -32.6 -23 -36.9
54.1 -50.6 -2.8 1.4 -4.2 -15.9 -21.5 -44.5 14.5 25.1 72.9 -35.4 -46.6 -42.4 -30.4 -39.9 -39.3 -42.4 -28.1 -9.9 -24.9 -25.8 -35.2 8 -25 -33.1 -21.5 -33.6
47.4 -58.1 -10.8 -5.8 -15.1 -19.9 -27 -49.8 9.2 20 67.9 -40.6 -50.6 -46.2 -34.4 -44.1 -42.7 -45.8 -29.8 -10.2 -26 -26.4 -34.9 8.4 -24.6 -32.5 -19.4 -30.1
42.8 -61.2 -15.3 -10.5 -21.7 -23.3 -30.8 -53.4 5.6 16.7 64.4 -44.9 -53.8 -49.3 -37.7 -47.6 -45.2 -48 -31 -11.6 -27.3 -27.8 -34.9 8.9 -24.2 -31.9 -18.2 -27.4
44.2 -56.6 -9.2 -6.7 -19.8 -24.4 -30.5 -52.2 6.8 17.7 64.2 -46.5 -55.7 -50.9 -38.5 -48.2 -45.7 -48.2 -31.5 -15.6 -29.6 -30.3 -36.4 8.3 -24.8 -32.8 -19.7 -27
49.9 -46.6 2.2 2.1 -13.1 -22.5 -26.8 -47.9 11.3 21.7 66.7 -45.2 -55.9 -50.7 -36.7 -45.9 -44.3 -46.7 -30.9 -20.3 -32.8 -33.2 -39 6.6 -26.3 -34.9 -22.8 -28.5
56.2 -36.2 12.7 11.1 -6 -18.7 -22.5 -43.1 16.5 26.4 70 -42 -54.4 -49 -33.4 -42.2 -41.6 -44.3 -29.1 -23.1 -34.8 -34.3 -39.9 6 -26.6 -35.8 -24.1 -28.8
59.9 -31.8 18.9 17 -1.8 -15.9 -20.1 -40.3 20.2 29.5 72.3 -38.7 -52.6 -47.3 -30.5 -39.2 -38.7 -42.4 -27 -22.8 -33.6 -32.2 -37.4 8.3 -23.9 -33.7 -21.5 -25.5
60 -34.4 21.3 19 -2.4 -16.2 -20.7 -40.6 21.1 29.8 72.3 -37.4 -52.8 -47.5 -30.1 -38.4 -37.9 -42.4 -26.6 -20.9 -31.1 -28.8 -34.1 12.1 -20.3 -30 -17.4 -20.4
58.1 -39 21.9 18.2 -6.1 -18.7 -22.8 -42.5 19.7 28 70.5 -38.1 -54.8 -48.9 -32.1 -40 -39.4 -44.6 -28.7 -20.1 -30 -26.8 -32.6 14.1 -18.8 -28.1 -14.8 -16.8
56.1 -41.3 20.4 15.9 -9.7 -20.1 -24.1 -44.1 17.4 25.8 68.6 -39.1 -55.8 -49.5 -34.1 -42.4 -41.6 -46.9 -31.5 -20.2 -30.3 -26.9 -33 13.4 -19.6 -28.6 -14.1 -15.4
56 -40 20.1 15.2 -10.2 -19.3 -23.5 -44 16.5 24.7 67.9 -39.5 -55.4 -49.2 -34.8 -44 -42.7 -47.7 -33.6 -21.2 -31.6 -28.9 -35.1 11.2 -21.4 -30.9 -14.9 -15.9
58.9 -35.8 25.2 19.4 -7 -17.6 -21.3 -42.2 18.4 25.5 68.5 -40.5 -54.8 -48.8 -34.5 -44.2 -42.7 -47.4 -34.8 -23.9 -33.7 -31.8 -38.1 8.6 -23.9 -34 -17.1 -18
60.6 -34.5 28.1 22.1 -4.7 -16.2 -19.3 -41.4 19.3 25.9 68.6 -42.8 -54.5 -48.6 -34.2 -44.1 -42.5 -47.4 -34.7 -25.6 -34.9 -33.4 -40.2 7.4 -25.5 -35.5 -17.7 -18.6
57.5 -39.4 21.3 17.4 -6.7 -15.8 -19.5 -43.6 16.4 23.8 67.2 -44.9 -54.1 -49 -35 -45 -43.2 -48 -33.4 -23.5 -33.8 -32.1 -39.4 8.6 -24.5 -33.7 -14.4 -15.2
52.3 -48.7 9.6 8.5 -11 -16 -21.6 -47.2 11.8 20.4 65.9 -44.5 -53.6 -49.6 -36.3 -46.3 -44.1 -48.4 -31.7 -18.7 -30.3 -28.5 -35.8 12.1 -20.8 -29.2 -7.7 -9.1
49.5 -57.1 0.5 1 -14.1 -15.3 -23.3 -49.6 8.6 18.4 66.1 -41.4 -52.4 -49.6 -36.7 -46.9 -44.3 -47.9 -29.9 -14 -26.6 -24.8 -31.7 15.9 -16.6 -24.7 -1 -3.9
51.2 -58.7 -3 -1.9 -14.2 -12.6 -23.3 -49.7 7.8 19 67.9 -37.1 -50.4 -48.4 -35.8 -46.4 -43.2 -46.2 -27.7 -11.8 -25.1 -23.5 -29.7 17.8 -14.6 -22.2 2.2 -1.8
55.1 -54.6 -3.3 -1.6 -12.1 -8.4 -21.4 -48.3 8.6 21.3 70.3 -33.3 -47.3 -46 -34 -44.9 -41.1 -43.6 -24.6 -11.6 -25.6 -24.1 -30 17.6 -14.3 -21.2 2.4 -1.8
57.7 -51.1 -4.4 -1.7 -9.9 -4.8 -18.6 -47.3 9.4 23 72.3 -31 -44.5 -43.6 -33 -43.5 -39.5 -41.4 -21.5 -11.9 -26.8 -24.9 -31.2 16.7 -14.4 -20.6 1.5 -1.5
57.7 -51.7 -5.8 -2.6 -8.9 -3.1 -16.6 -47.2 8.9 22.9 73.1 -31.1 -43.9 -43.1 -33.6 -43.8 -39.9 -41 -20.7 -12.3 -27.7 -25.5 -32.3 16 -14.4 -20.6 0.7 -1
55.1 -56.4 -9.2 -5.2 -10.5 -3.2 -17.2 -49.1 6.2 20.3 71.2 -33.9 -45.4 -44.6 -35.7 -46 -42.3 -42.9 -22.6 -11.9 -27.9 -25.8 -32.9 15.5 -14.8 -21.3 1.1 -0.7
50.1 -62.6 -17.5 -11.8 -15.7 -4.7 -20.1 -53.2 1.1 15.4 66.7 -38 -47.5 -46.9 -38.2 -49.4 -45.6 -46 -25.4 -9.4 -27.2 -25.7 -33 15.4 -15.5 -21.8 3.2 -0.7
47.3 -63.8 -21.9 -15.6 -19.6 -6.3 -21.7 -55.2 -1.4 12.9 64.1 -39.1 -48.5 -47.8 -38.9 -51.3 -47.3 -47.9 -27 -7 -26.2 -25.2 -32.6 15.6 -16 -22.1 5.4 -1.3
51.1 -57.3 -14.4 -9.9 -17.6 -5.9 -18.8 -51.5 2.8 16.4 66.6 -35.8 -47.1 -45.9 -36.4 -49.3 -45.2 -46.4 -26.8 -6.8 -25.2 -24.4 -31.7 16.1 -15.8 -22.5 7 -2
58.6 -46.7 -0.8 1.1 -12.1 -3.7 -13.1 -45.1 10.4 22.6 70.8 -33.5 -44.4 -42.5 -32.1 -44.8 -41.2 -43 -25.9 -8.6 -25.4 -24.5 -31.6 15.6 -16.2 -23.7 7.6 -2.9
63.9 -38 10.2 10.1 -9 -2.1 -9.3 -41.2 15.8 25.8 71 -38 -42.9 -40.6 -29.6 -41.8 -39 -41.9 -26.2 -11.8 -27.2 -26.5 -33.3 13.9 -17.9 -26 5.6 -5.1
64.2 -36.2 15.3 13.8 -10.5 -2.8 -9.5 -41.4 16.8 24.7 67.3 -46.6 -44.1 -41.6 -30.3 -42.1 -40 -43.8 -27.7 -15.1 -29.4 -28.9 -35.2 12.4 -19.7 -27.9 0.1 -8.9
61.5 -39.6 17 14.2 -13.3 -5.5 -12.2 -43.2 15.6 22.4 63.9 -51.9 -47.3 -44.5 -32.8 -44.3 -42.4 -46.4 -29.4 -17.4 -30.9 -29.9 -36 12.2 -20.1 -28.2 -5.8 -12.2
59.4 -41.8 18.5 14.9 -12.9 -8.6 -14.5 -44 15.1 22.1 64.4 -49.7 -50 -46.8 -34.6 -46 -43.8 -46.9 -30.2 -18.5 -31.3 -29.4 -35.4 13.3 -19.1 -26.9 -9.1 -13.4
59 -40.6 19 15.9 -8 -10.1 -14.7 -43.6 16 24.2 68.6 -41.9 -50.7 -46.9 -34.4 -45.6 -42.9 -45.1 -29.2 -18.4 -31 -28.4 -34.2 14.9 -17.8 -25.4 -9.3 -13.1
61 -36.4 21 18.8 -0.4 -9.4 -12.9 -42 18.3 27.7 73.9 -33.1 -49.8 -45.7 -32.7 -43.5 -40.8 -42.7 -27.5 -18.5 -31.1 -28.4 -33.7 15.4 -17.8 -25.2 -8.9 -13.4
65.7 -30.6 28.6 26.3 6.5 -7.6 -9.7 -38.5 22.3 31.6 78.2 -26.3 -49.1 -44.4 -30.7 -41.1 -38.9 -41 -26.6 -20.8 -32.9 -30.2 -34.7 13.8 -19.5 -27.1 -10.9 -15.6
68.6 -28.1 33.6 30.8 7.6 -6.4 -7.9 -36.3 24.6 33.3 79.6 -23.8 -49 -44.1 -29.9 -40.1 -38.2 -40.6 -26.4 -23.1 -35.3 -32.4 -36.3 11.4 -21.3 -28.9 -13.6 -18
66.5 -32.3 27.9 25.6 2.3 -7.3 -9.5 -38.2 22.3 31.1 77.1 -27.9 -49.6 -44.8 -31.1 -41.5 -39.2 -41.9 -26.5 -22.2 -35.7 -33 -37 10.6 -21.2 -28.2 -13.4 -17.6
61.6 -41.5 16.2 15.7 -4.5 -9.5 -13.2 -42.2 18 26.8 72.3 -36.3 -50.1 -45.7 -32.7 -43.7 -40.7 -43.8 -26.1 -18 -33 -30.6 -35.4 12.7 -18.7 -24.7 -9.3 -14
56.9 -51.1 5.7 7.2 -8.8 -11.5 -16.8 -46 14.1 23 67.6 -44.2 -50.4 -46.7 -34.2 -45.6 -42.1 -45.4 -25.5 -13.8 -30.2 -28.1 -33.5 15.2 -16.4 -21.6 -5 -10.7
54.1 -55.7 -0.9 1.8 -10.4 -12.5 -19.5 -48.6 10.8 20.2 64.3 -48.9 -51 -48.5 -36.3 -47.6 -44.2 -47.3 -25.9 -13.4 -31.6 -29.2 -35 14 -17.9 -22.8 -5.6 -12.5
53.8 -54.7 -4.7 -1.2 -10.7 -12 -20.4 -49.7 8.9 19 63.6 -49 -51.1 -50.2 -38.2 -49 -46.3 -48.6 -26.8 -15.7 -36.1 -33.3 -39.3 10 -22 -26.7 -9.9 -18.2
55 -51.9 -7.2 -2.6 -10.8 -10.2 -19.5 -49.3 8.6 19.2 65.1 -45.4 -49.8 -50.1 -38.5 -48.9 -46.7 -47.9 -26.5 -17.4 -39.3 -36.7 -42.4 7.2 -24.9 -29.2 -13 -22.5
56.6 -50.5 -7.1 -2.3 -11.3 -8.6 -18 -47.8 9.7 19.9 66.5 -42.1 -48.3 -49.1 -37.8 -47.8 -45.8 -46.5 -26 -17 -39.3 -37.2 -42.8 7 -25.2 -29.1 -12.7 -23.4
56.4 -53 -8 -3.5 -14.3 -8.2 -17.9 -47.8 9.4 19.1 65.5 -41.8 -48 -49.3 -37.9 -47.9 -45.5 -46.4 -26.5 -15.3 -37.5 -35.9 -41.8 8.2 -23.7 -27.7 -10.3 -22
51.8 -60.4 -15.3 -11.1 -20.4 -9.8 -21.2 -51.8 4.9 15.4 61.9 -44.3 -49.3 -51.8 -40.5 -50.8 -47.8 -48.9 -28.3 -13.3 -36.6 -35.2 -41.3 8.7 -22.6 -26.4 -8 -20.2
46.8 -65.5 -21.3 -18.4 -24.4 -12.8 -25.2 -56.2 0 11.8 58.5 -47.2 -51.8 -55.4 -44.1 -54.7 -51.4 -52.1 -30.7 -13.5 -38 -36.7 -42.1 7.7 -23.2 -27 -8.7 -20.9
47.6 -61.4 -16.5 -16.4 -20.9 -14.4 -25.4 -55.6 0.9 13.1 59.2 -46.9 -52.7 -56.7 -45 -55.3 -52.3 -52.4 -31.4 -16 -40.5 -38.9 -43.4 6.3 -24.6 -28.8 -11.6 -23.3
53.5 -49.3 -4.6 -6.4 -12.3 -12.9 -21.6 -50.3 7.1 18.5 63.7 -42.8 -51.3 -55.1 -42.2 -51.9 -49.2 -49.3 -29.5 -18.6 -42.2 -40.1 -44.1 5.8 -25.4 -30.4 -14.2 -25.1
60.1 -36.4 6.9 5.1 -4.4 -9.3 -16.9 -44.4 14.1 24.3 68.8 -38 -49.5 -52.6 -38.2 -47.1 -44.8 -45.2 -26.6 -19.6 -42.1 -39.6 -43.7 6.7 -24.6 -30.5 -14.9 -25.2
63.6 -30.8 14.4 13.1 -0.9 -5.9 -13.5 -40.5 18.7 27.7 71.8 -35.4 -48.5 -50.6 -35.3 -43.5 -41.5 -42.4 -24.6 -18.2 -39.9 -37.4 -41.7 9.2 -22.1 -28.3 -13.5 -23.7
63.3 -33.1 18 16.1 -2.3 -5.8 -13 -39.8 19.9 27.4 71.3 -36.8 -48.8 -50.1 -35.1 -42.8 -41 -42.8 -25.5 -16.8 -37.3 -35.2 -39.6 11.7 -19.6 -26 -11.7 -22.5
61 -37.4 19.2 15.7 -6.2 -9.5 -15.1 -41.2 18.8 25.2 68.7 -40.4 -50.3 -50.6 -36.9 -44.7 -42.9 -45.7 -28.6 -17.3 -36 -34.2 -39.2 12.3 -19.2 -26 -12.2 -23.4
60.3 -38.8 19.1 14.4 -8.7 -13.3 -16.1 -41.7 18.1 24.6 68.1 -41.8 -50.3 -50.1 -37.4 -45.6 -43.8 -47 -30.2 -17.5 -35 -33 -38.9 12.5 -19.1 -26.4 -13 -24.2
63.4 -34.8 21.8 16.5 -6.5 -13.6 -13.4 -39 20.9 27.9 71.3 -39.1 -47.3 -47.6 -34.4 -43.3 -41.3 -44.4 -28.4 -16.9 -33.5 -31 -37.2 13.6 -18.2 -25.7 -12.2 -23.4
69.2 -27.1 30.6 24.4 0.1 -10.3 -8.2 -33.6 27.1 33.8 76.4 -34.3 -43.4 -44 -29.5 -39.2 -36.8 -39.7 -25.4 -17 -32.3 -29.7 -35.5 14.6 -17.6 -25.4 -11.2 -22.5
72.4 -22.9 35.8 30 5.9 -6.6 -4.8 -30.2 31.2 37.4 80.1 -29.4 -40.5 -41.2 -26.3 -36.6 -33.6 -36.1 -23.4 -16.4 -31 -29.1 -34.7 15.3 -17.5 -25.4 -10.2 -22.1
68.9 -27.2 29.1 26.2 7.4 -5.9 -6 -32.4 28.9 36.1 81.1 -24.9 -40.1 -40.7 -26.9 -37.3 -33.9 -35.6 -22.9 -13.5 -29.2 -28.1 -34.1 15.9 -16.8 -24.4 -8.4 -21.2
60.5 -38.7 15.6 15.9 4.7 -8.7 -10.5 -37.8 22.5 31.6 80.1 -22.2 -42.1 -42.4 -30.4 -40.5 -37 -37.7 -23.7 -9.6 -27.1 -26.3 -32.7 17.1 -15.2 -22.2 -6.6 -19.4
52.4 -50.9 3.5 5.2 -1 -12.3 -15 -43.2 16.3 26.2 77.1 -24.1 -43.9 -44.4 -34.1 -44 -40.6 -41 -25.2 -6.8 -25.8 -25.2 -31.4 17.5 -14.6 -20.8 -6.8 -18.4
48.9 -56.5 -3.7 -2.3 -8.2 -13.1 -17.3 -46.7 12.4 21.6 72.3 -30.7 -43.9 -45.4 -36.2 -46.6 -43.1 -44.2 -26.6 -6.4 -26.6 -26.5 -32.7 15.3 -16.8 -22.1 -10.4 -20.8
50.6 -54.7 -6.8 -6.2 -14.2 -9.7 -16.3 -47.3 11 19.4 68.2 -37.9 -41.7 -44.1 -35.5 -47.1 -43.5 -45.9 -26.7 -6.7 -28.2 -28.9 -35.2 12.2 -19.9 -24.8 -14.1 -24.3
54.9 -50.4 -7.9 -6.9 -16.4 -4.4 -12.9 -45.4 11.4 20.2 67.3 -40.9 -38.4 -40.8 -32.7 -45.5 -41.9 -45.1 -24.7 -5.3 -28.1 -29.3 -35.9 10.8 -21.1 -26.1 -14 -25.1
58.4 -47.8 -6.9 -4.8 -15.1 -0.5 -9.6 -42.6 13.3 22.5 69.5 -38.8 -36 -37.5 -29.8 -43.1 -40 -42.8 -22.5 -3.3 -26.1 -27.6 -34.4 11.5 -20.4 -25.6 -11.6 -23.8
59.2 -49.9 -7.3 -4.2 -13.7 0.2 -9 -41.7 13.9 23.5 71.3 -35.3 -35.3 -36.2 -28.7 -41.9 -39.6 -41.2 -21.9 -1.2 -23.1 -25.2 -32.4 12.8 -19.3 -24.5 -9.8 -22.7
56.5 -56.3 -14 -10 -15.6 -1.6 -11.3 -44.1 10.9 21.4 70 -35.1 -35.8 -37.2 -29.8 -42.8 -41.2 -42 -22.7 1.5 -20.4 -23.2 -30.9 13.7 -18.6 -23.4 -9 -22.4
54.6 -59.6 -18.1 -14.7 -17.7 -3.6 -13.4 -46.2 8.4 19.4 67.7 -38 -37 -38.7 -31.3 -44.1 -42.8 -44.1 -24.2 2.8 -19.5 -22.6 -30.7 13.7 -19 -23.3 -9.6 -23.6
57.6 -54.3 -11.2 -10.1 -15.6 -3.3 -12.2 -44 11 21.3 68.1 -39.5 -37.4 -38.4 -30.7 -43 -42.1 -45 -25 1.3 -20.2 -23.2 -31.6 12.9 -20.6 -24.8 -12.5 -26.9
64 -42.1 2.2 1.3 -10.2 0.2 -7.6 -38.2 17.9 26.5 71.7 -37.3 -35.6 -35.9 -27.3 -39.4 -39.1 -43.4 -24.4 -2 -21.7 -24.4 -32.8 11.4 -22.6 -27.4 -17.5 -31.6
