83.2 41.4 98.4 95.7 79.1 35.6 43.2 46.1 112.9 108.6 159.1 32.4 30.9 45.4 66 57.6 52.7 43.2 42.9 61 53.5 68.9 63.8 91.9 59.1 47.4 43.5 22.3
86.4 45.6 102.9 99.6 81.8 39 45.5 48.4 115.1 110.4 161.4 33.7 33.1 46.7 67.1 58.9 53.8 44.8 44.1 59.3 51.8 67.3 61.7 90.3 58.3 46.8 42.8 23.2
88 44.5 103.7 100.2 82.6 41.8 46.9 49.1 115.7 110.8 162 32.4 35.1 47.9 67.8 59.5 54.6 45.7 45.2 60.1 52.4 67.4 61.8 90.1 59.1 47.9 43.8 25.5
87.4 41.7 100.5 97.3 81 42.4 46.1 47.3 113.4 109.1 159.8 28.5 35.2 47.6 66.9 58.3 53.7 44.6 45 62.6 54 68.2 63 91 60.5 49.5 45.8 28.4
84.6 38.7 93.2 91 77.2 41.7 43.8 43.6 109.5 106 156.4 24.8 34.7 46.5 65.1 56.5 52.2 43 44.8 67.1 56.7 70.1 64.7 93.1 62.6 51.7 49.4 32.2
80.6 32.4 83.6 82.6 72.2 40.9 41.5 39.4 105.2 102.9 154 23.4 35 45.8 63.6 55.3 51.3 42.1 45.5 72 59.6 72.5 66.2 95.8 65.2 54.6 54.4 37
78.4 25.6 77.5 77.1 68.6 41.2 40.8 37.5 102.8 101.6 153.8 24.5 36 45.7 63.4 55 51.1 42.4 46.6 73.9 60.2 73.4 66.4 96.9 66.5 56.5 58 40.8
80.1 24.4 78.6 77.8 69.1 43.3 42.3 38.5 103.3 102.8 155.3 27.2 37.5 46.4 64.2 55.3 51.6 43.7 47.7 71.9 57.6 71.4 64.7 95.3 65.8 56 58.3 42.5
82.7 27.4 81.8 80.9 71.6 45 44.1 39.6 104.6 104.1 156.6 29.9 38.3 46.7 64.1 55.4 51.6 44.9 48.9 68.1 53.7 67.9 62.5 92.7 64.4 54.8 57.5 44.1
82.3 26.5 80.7 80.5 72.4 43.9 43.1 38.2 103.6 103.4 156.5 31.3 36.9 45.4 62.2 54 50.6 45.1 49.8 66 51.8 65.9 61.6 92.1 64.8 55.5 59.1 48.3
77.7 18.9 74.2 75.2 69.9 39.3 39 34.1 99.3 100.2 154.7 30.5 33.4 42 58.8 50.7 48.5 43.5 49.6 66.1 51.8 65.9 61.8 93.6 66.8 57.9 62.2 54
71 11.5 67 68.8 65.3 32.8 33.6 29.1 93.5 95.3 150.8 26.8 28.8 37.1 54.2 46.2 45 40.1 47.5 65.5 51 65.2 60.6 94.1 67.2 59.1 62.7 56.7
67.1 10.5 64.5 66 62.7 27.8 30.5 26.3 90.2 92 147.7 22.6 26.2 33.5 50.9 43.5 42.3 37.4 45.7 64.1 49.2 63.3 58.4 93.1 66 59.1 61.2 56.9
68.7 13.6 67.5 68.8 64.7 27.1 31.7 27.4 91.2 92.7 148 21.7 27 33.8 51.4 44.2 42.5 37.6 46.4 63.4 48.2 62.1 57.6 92.2 65.4 59.5 61.2 58.4
73.7 17.5 74.6 75.5 69.4 29 34.7 30.5 94.7 95.7 150.9 24.3 27.8 35.7 53.7 46.7 44.2 39.1 47.6 61.6 47.1 61 57.3 91.2 65.1 59.4 62.1 60.2
77.9 22 82.4 82.2 73.3 29.6 36 32.5 97.7 98.1 153.2 28.3 25.2 35.5 54.2 47.9 44.7 39.5 46.5 57.6 44.7 59 56 89.4 63.7 57.7 61.1 59.9
77.4 24.5 85 83.6 73.3 26.7 33.5 31.1 97.3 97.4 152.6 31.7 20.2 32.1 51.5 45.9 42.8 37.8 43.1 53.3 42.1 57 54.1 88 61.9 55.9 58.7 58.4
71.2 20.9 80.1 78.3 68.1 20.4 27.3 25.6 92.7 93 148.8 32.1 15.2 26.4 46.6 40.7 38.6 34.2 39.1 50.8 40.6 55.8 52.5 87.4 61.1 55.2 56.6 58
63.9 14.1 72.9 71 60.4 13.7 20.9 19.1 86.8 87.1 143.4 27.3 11.3 21.3 42 35.3 33.8 30.3 36 49.3 39.1 54.9 50.7 86.6 60.6 55 55.1 58.6
60.7 11.8 70.2 67.4 55.3 10.3 18 16 83.7 83.5 138.8 18.5 9 18.6 39.7 32.8 30.6 27.5 34.8 47.1 36.4 52.7 47.9 84.4 59 53.8 53.2 58.3
61.9 16.1 73.5 69.4 56 11 19.2 17.6 84.9 84 137.4 10.7 8.7 18.7 40 33.6 30.5 27 35.7 44.3 33 49.7 45.3 81.8 56.7 51.8 51.4 57.1
64.2 19.9 78.2 74 60.5 14 22 21.1 88.1 86.6 139.1 9 10 20.1 41.5 36 32.8 28.7 38.2 43.2 31.3 47.8 44.7 80.8 55.7 51 51.5 56.8
64.3 18.1 78.9 75.5 62.6 15.5 22.2 21.8 88.7 87.1 140.4 11.1 9.8 19.7 41.4 36.3 33.6 29.4 39.4 43.4 30.8 47.1 44.6 80.6 55.3 50.9 52.4 57.4
60.2 12.8 73.1 70.5 57.6 12.3 17.2 16.8 83.8 82.4 136.8 10.5 5.4 15.1 37 31.8 30 25.8 36.8 42.1 28.8 45 42.7 78.5 53.5 49.2 51.3 56.5
52.6 5.9 61.1 59.1 46.2 5.1 7.9 7.5 74.6 73.5 128.9 4.8 -1.2 7.6 29.4 23.7 23.4 19 31.5 39.4 25 41.2 39.1 74.4 50.1 46.5 48.6 54
44.8 -3.2 47.6 46.4 33.9 -1.6 -0.9 -1.3 65.6 64.8 120.8 -2.7 -5.6 1.5 22.6 16.4 17.7 13 27 37.3 21.6 37.7 36 70.9 47.1 44.7 46.5 52
41.3 -11.1 40.1 39.3 26.7 -4.6 -4.8 -5.1 61.3 60.5 116.2 -7.9 -6.3 -0.5 19.7 13 15.1 10.4 25.2 35.9 19.2 35.3 33.9 68.8 45.2 44 45.6 51.1
42.9 -13.1 40.9 39.6 26.1 -4.5 -3.4 -3.8 61.7 60.6 115.3 -9.3 -4.8 0.7 20.4 13.4 14.9 10.9 25.2 34.1 17 33.3 31.7 67.1 43.3 42.4 44.5 50
45.3 -11.4 43.9 41.7 27.8 -4.4 -1 -1.4 63.2 62 115.7 -9.2 -3.9 2.2 21.9 14.9 15 11.8 25.3 32.3 14.9 31.6 29.8 65.8 41.2 40 43.2 48.8
44.3 -12.9 42.4 40 26.9 -6 -1.1 -1.4 62.1 61.4 115 -10.1 -4.9 2.1 21.8 15.4 14.1 11.1 24.7 32.1 14.3 31.7 29.4 65.9 40.7 38.8 43.1 48.8
39.7 -20.2 35.5 34 22.2 -9.4 -4 -4.6 58.3 58.3 112.4 -12.4 -7 0.1 20.1 13.8 12.3 8.8 23.5 33.4 15.1 32.9 30.6 67 41.6 39.5 43.8 49.7
34.4 -25.9 28.9 28.1 16.4 -13.2 -7.6 -8.7 54.2 54.2 108.7 -15 -9.3 -2.7 17.8 10.9 10.3 5.7 21.7 33.9 15.3 33.2 31.4 67.5 42.2 39.8 43.2 49.9
32.7 -24.8 28 26.3 13.9 -13.7 -8.2 -9.9 53.4 53 107.3 -15.4 -9.8 -3.5 17.7 9.9 10 4.7 21 33.6 15.5 33 31.8 67.7 42.5 40.1 42.5 49.9
35.7 -20.7 32.5 29.3 16.4 -9.1 -4.5 -6.7 56.8 56.2 110.1 -12.6 -7 -0.8 20.7 13 12.5 7.1 22.5 34 16.7 33.7 32.9 68.7 43.6 41 43 50.8
41.1 -16.4 40.5 36 21.6 -2.7 0.5 -1.3 62.6 61.1 114.4 -8.6 -3.3 3.1 24.3 17.7 15.7 10.8 24.4 33.9 17.5 34.1 33.2 69.2 44.1 40.8 42.9 50.9
45.1 -11 49 43.7 26.2 0.8 3.4 2.8 67.4 64.4 116.9 -6.5 -1.7 5.1 25.9 20.5 17.4 12.8 24.1 32.1 16.5 33 31.9 68.2 43 38.4 41.1 49.3
44.6 -7.2 52.4 46.9 27.1 -0.6 2.7 3.2 68 64.1 116.2 -7.3 -2.9 4.6 25.3 19.8 16.4 12 21.9 30.3 15.6 31.9 30.6 67.1 41.5 36 39.5 47.5
40.9 -7.9 49.9 44 24.4 -4.9 0.2 0.6 65.1 61.6 113.7 -9.7 -4.8 3.2 23.7 17.3 14 9.9 19.9 31.1 16.8 32.8 31.1 67.9 42 36.2 39.6 47.3
38.8 -9.8 47.3 41 22.7 -7.8 -0.4 -0.9 63.4 60.2 112.7 -10.7 -4.9 3.5 23.6 16.2 13.1 9.3 19.8 34.2 20 35.5 33.3 70.3 44.3 38.8 40.6 48
41.2 -6.5 49.9 43.4 25.2 -6.4 2.4 1.2 65.8 62.3 115 -9.1 -2.6 6.1 25.4 17.9 14.6 10.7 21.3 36.7 22.4 37.5 34.7 71.6 45.5 40.5 40.4 48
46.9 2.4 56.8 50.5 31 -2.1 7 6.1 70.7 67 119.4 -5.6 0.9 9.8 28.5 21.4 17.5 13.1 23 37.3 22.9 37.6 34.2 71 45.1 40 39.4 47
52.3 8.9 63 57 36.8 2.3 10.9 10.7 75.6 72 123.8 -1.7 4.7 13 31.8 24.9 20.6 16 25.1 37.5 23.1 37 33.6 70.6 45.3 39.6 39.4 46.7
53.6 8.1 64.3 58.7 38.8 3.9 11.6 11.9 77.5 74.1 125.5 0.1 6.8 14.1 33.2 26 22.3 17.7 26.4 37.4 23.4 36.2 33.4 70.2 45.8 39.9 39.9 46.9
51 4.4 60.9 55.6 36.6 2.4 8.6 9 75.5 72.2 123.5 -1.5 5.9 12.4 31.6 24.1 21.1 16.8 25.5 36.9 23.2 35.3 32.9 69.3 45.5 39.7 39.5 46.5
47.2 1.2 54.3 49.8 33 0 4.4 4.8 71.5 68.8 120.6 -4.7 4.5 10.3 29.1 21.4 18.6 14.8 24 38.5 24.1 36 33.3 69.4 45.3 39.9 39.9 46.6
45 -3.5 47.4 43.8 30.7 -0.7 2.3 2.3 68.4 67.1 119.9 -6.5 4.9 10 28 20.2 17.8 14.1 24.4 42.9 26.6 38.4 34.8 71.2 46.4 41.4 42 47.9
46.2 -8 44.9 41.9 31.9 1.6 4.3 3.1 68.5 68.7 121.8 -5.5 7.4 12.1 29.2 21.2 19.2 15.3 26.5 46.7 28.5 40.2 35.7 72.6 47.4 42.8 43.6 48.6
50.6 -7.5 48.8 46.2 37.3 6.7 9.1 6.7 72.2 72.9 125.7 -2 11.3 15.6 32.4 24.4 22 17.7 28.9 48.1 28.8 40.2 35.2 72.1 47.3 42.5 43.4 47.7
54.5 -3.4 53.8 52.3 43.6 12.2 13.6 10.3 76.6 77 129.8 2.6 15.4 18.9 35.7 27.9 25 20.4 31.1 48.2 28.7 40.1 34.8 71.3 47 42 43 47.3
54.1 -2.7 54 54.5 46.4 15.6 14.9 11.2 78.2 78.5 132.3 7.3 18 20.5 37 29 26.6 22.2 32.5 49.3 29.7 41 35.9 72.2 47.7 43.2 44.4 49.1
50.4 -7.5 49.5 52.1 45.7 16.7 13.8 9.7 76.9 77.7 133 10.7 18.8 20.5 36.4 28.3 27 23.1 33.4 52.2 32.3 43.2 38.4 75 50 46.1 47 52.6
47.6 -10.5 46.3 49.4 44.9 16 12.9 8.6 75.6 76.9 133.1 11 18.3 20.2 35.7 27.9 27.1 23.5 33.8 55.3 34.7 45.4 40.8 77.8 52.4 48.6 48.4 54.9
48.8 -7.3 48.2 50.5 46.2 14.9 13.9 10.2 76.5 78.3 134.2 9.3 17.8 20.6 36.6 29.1 28.2 24.4 34.7 57 36.1 47.1 42.4 79.5 54.2 49.9 47.6 54.7
53.6 -2.5 54.1 55.7 50.3 14.7 16.7 14.2 80.1 82.3 137.4 10.5 18.6 22.2 39.2 32.2 30.8 26.8 36.8 56.9 36.6 48.2 43.3 80.2 55.4 50.6 46.2 54
59.9 2.3 63.3 64.6 57.5 16.6 20.7 19.6 86 88.2 143 17.3 20.6 25 42.8 36.6 34.6 30.6 39.5 55.5 37 48.9 43.7 80.6 56 51.2 44.9 53.8
65.6 10.1 74.4 75.1 65.9 20 24.9 24.9 93 94.4 149.4 27.8 23.4 28.3 46.4 40.9 38.7 34.5 41.3 54.1 37.6 49.6 44.4 81.1 56.4 51.7 43.8 53.9
68.2 18.6 81.4 81.4 70.4 22.5 27.1 27.4 97.8 97.9 153.3 35.6 25.5 30.5 48.9 43.5 41.4 37 42 54.7 39.2 50.9 45.9 82.5 57.6 52.9 43.6 54.6
67.4 21.8 81 80.5 68.5 22.2 26.3 26.4 98.3 97.4 152.5 35 25.4 30.5 49.1 43.3 41.4 36.9 42.1 57.4 41.5 52.8 48.2 84.9 59.6 55.2 45.4 56.5
66.2 20.7 78.1 77 64.1 21.1 24.5 24.7 96.6 95.2 148.7 26.5 24.2 29.5 48.2 41.9 39.7 35.3 42.2 59.5 43.2 54.4 50.2 86.5 61 57.1 47.2 58.3
67.6 21.8 79 76.7 62.5 21.9 25.1 25.5 96 94.5 145.9 16.7 23.6 29.3 47.7 41.4 38.6 33.9 42.1 58.4 42.6 54 50.2 85.7 60.2 56.7 45.5 57
71.8 28.1 84.4 80.6 64.9 25.4 28.9 29.2 98.3 96.4 146.2 12.6 24.5 30.6 48.8 42.8 39.7 34.2 42.7 54.9 40.6 52.2 48.6 83.4 58 54.4 41 53.3
76.4 33.6 90.2 85.5 68.6 30.4 34.3 33.7 102.4 99.9 149.6 15.7 27.1 33.6 51.8 45.9 42.6 36.6 45.2 53.1 40.2 51.7 48 82.6 57.3 53.5 38.6 51.6
78.6 33.5 91.8 87.4 69.8 33.9 37.6 35.9 104.6 101.7 152.3 20.9 29.1 35.9 54.3 47.8 44.3 38.5 47.7 53.9 41.1 52.7 48.7 83.2 57.8 54.1 39.5 52.6
76.6 30.1 88.4 84.5 66.6 33.1 36.3 34.1 102.5 99.9 151.1 23 28 34.9 53.5 46 42.7 37.2 47 54.8 41.1 53.2 48.7 82.8 57 53.7 40.4 52.9
71.3 24.8 79.7 76.6 59.9 28.8 31.4 29.3 96.8 95.1 146.6 21.5 24.8 31.1 49.7 41.4 38.7 33.5 43.7 55.1 40.4 53.2 47.5 81.4 55 52.2 40 51.7
65.2 16.5 68.2 66.3 52.6 24.5 26.3 23.9 90.2 89.5 141.6 19 22.7 27.5 45.7 36.8 34.6 29.6 40.7 55.8 40.2 52.9 46 79.9 53 50.9 39.3 50.7
61.9 8.7 60.9 59.8 48.6 23.4 24.4 20.7 86.2 85.6 138.7 16.9 22.9 26.4 43.7 34.6 31.9 27.1 39.7 56.1 39.8 51.7 44.6 77.9 50.7 49.5 38 49.4
63.3 6.5 61.3 60 49.2 25 26 21.2 86.3 85.1 138.3 15.4 24.9 27.4 44.1 35.4 31.3 26.2 40 55.1 38.3 49.4 42.8 74.9 47.6 46.9 35.4 46.8
66.5 8.5 64.3 62.6 51.6 26.6 28.2 23.2 88.1 86.4 138.8 14.4 27.3 29 45.6 37.5 32.2 26.5 40.8 54.1 36.9 47.7 41.6 72.6 45.3 44.7 33.2 44.5
66.8 7.8 63.3 62 52 26.3 28.3 23.2 88.4 86.5 138.7 14.1 28.6 29.5 46.9 38.4 33 27 41.4 55.3 37.6 48.5 42.2 72.6 45.4 44.8 33.8 44.3
63.4 2 57.7 57.2 49.1 24.5 26.2 20.8 85.7 84.2 137.6 14.4 28.2 28.6 46.7 37.2 32.2 26.2 41.3 58.4 40.1 51 44.1 74.2 46.9 46.4 35.9 45.7
58.9 -2.7 52.4 52.1 45.2 22 23.8 18.3 82 80.6 135.5 13.7 26.8 27.4 45.1 34.8 29.6 23.6 39.8 60.7 41.9 52.5 44.9 75.1 46.9 46.9 36.2 45.1
56.9 -1.5 51.7 50.8 43.8 21.2 23.8 18.4 80.8 79.1 134.4 12.7 26.4 27.6 44.4 33.9 28.2 21.8 38.2 62 42.9 53.1 44.7 74.9 45.7 45.9 34.3 42.8
59 2.2 55.9 54.8 46.5 23.8 27.3 21.6 83.7 81.4 135.9 13.6 28.4 30.5 46.6 36.2 30.1 23 38.6 62.9 44.2 54 45.1 74.9 45.1 45.1 32.9 41.5
64.8 6.7 64.6 63.1 52.5 28 32.1 26.4 89.2 85.8 138.9 16.3 30.9 34.3 50.7 40.4 33.4 25.8 39.9 62.8 45 54.8 45.8 74.7 44.7 44.3 32.2 40.6
71.2 13.1 74.4 72 58.4 30.2 35.1 30.1 94 89.4 141.2 17.9 31.1 36.2 53.5 43.5 35.1 27.3 39.7 60.9 44.6 54.7 45.4 73.6 43.4 42.7 31 38.2
72.8 18.1 78.4 75.2 59.9 28.2 33.8 30 94.4 89.7 140.9 16.5 28.4 34.6 52.9 43.2 33.6 25.9 37.5 58.9 43.9 54.1 44.4 72.5 41.6 40.8 29.6 35.1
67.8 16.7 74.4 71.1 55.9 22.7 28.1 25.7 90.1 86.4 137.5 12.5 24.2 30.7 49.4 39.8 30.1 22.5 34.5 58.1 44 54.1 43.8 72.3 41 39.6 28.9 33.1
61.3 11.3 69.1 66.2 51.3 17.7 22.8 21.3 86 82.8 133.9 9 21.2 27.5 46.1 36.3 27.2 19.6 31.8 57.7 44.5 54.4 44 72.5 41.1 38.7 28.5 31.8
59.7 10.4 69.8 66.7 51.8 16.9 22.4 21.4 86.4 82.6 133.3 8.4 21.3 27.9 46 35.9 27.3 19.4 30.7 56.7 44.5 54 44.5 72.3 40.6 37.2 27.6 29.9
63.8 17.1 76.5 72.6 56.9 20.9 27.1 26.1 91.3 86.3 136.3 10.9 24.4 31.9 49.9 39.2 30.7 22.3 31.6 56.2 44.8 54 45.4 72.3 40.1 36 27.1 28
69.4 23.8 83 78 61.9 27.1 33.4 31.7 96.6 91.4 140.9 14.4 29.4 37.2 55.6 44.4 35.6 26.9 34.2 57.8 46.5 55.9 47.6 73.8 41.5 36.6 28.8 27.9
71.4 23.7 83.9 78.5 63.1 30.6 36.4 33.6 98.2 93.6 143.2 16.6 32.1 39.5 58.7 47.3 38.2 29.1 35.4 59.4 47.9 57.9 49.5 75.4 43.1 37.6 30.9 28
68.2 19.6 79 74.4 60.2 28.5 33.6 30.4 94.7 91.3 141.4 17.3 29.9 36.8 56.4 45.4 36.5 26.8 33.2 58.6 46.9 57.6 49.3 75.1 42.4 36.7 30.5 26.3
62.3 14.4 70 67.3 55.4 22.8 27.2 24.4 88.7 86.1 137.5 17.3 25.3 31.9 51 40.7 32.6 22.7 29.8 57.1 44.9 55.9 47.9 73.8 40.6 35.1 28.7 23.6
57.2 7.6 60.3 59.3 50.8 18.3 22 19.3 83.9 81.7 134.8 16.4 22.6 29.4 47.3 37.2 30.1 21 29 57.4 44.5 55.2 47.4 73.8 40.2 34.9 28 21.9
56.2 2 55.8 55.3 48.6 17.8 21.3 18.2 83.1 80.6 134.9 14.6 23.2 30.6 47.4 37.2 30.7 22.6 31.2 58.1 45.2 55.4 47.8 74.5 41 35.5 28.1 20.8
60 2.1 58.3 57.1 49.7 20.6 24.5 21 85.2 82.7 136.8 12.6 25.1 33.2 50 39.5 32.8 25 33.8 57.4 44.9 54.9 47.6 73.9 40.7 34.8 27.2 18.6
64.5 5.5 61.9 60.1 51.8 23.8 27.6 24.1 87 85 137.8 10.6 26.2 34.6 51.8 41 34.1 26 34.7 55.9 43.5 53.6 46.4 72.1 39.2 33.1 25.7 15.8
65.5 5 60.6 59.5 51.4 25.1 27.8 24.3 86 85 136.9 8.6 26.1 34.3 51.7 40.5 33.8 25.5 34.1 55.9 43.3 53.6 46.2 72.1 39.3 33.4 26.2 15.1
62.5 -1.6 54.6 54.6 47.7 23.9 25.3 21.4 82.6 82.1 134.3 6.5 24.8 32.8 50.1 38.2 32.5 24.3 33.1 57.3 44.4 55.2 47.5 74.4 41.6 35.4 28.5 16.7
58.5 -6.6 49.3 49.8 43.3 21.5 22.3 18.1 79.3 78.7 131.7 4.8 22.6 30.7 48.3 35.9 30.9 23.1 31.8 57.9 45.3 56.6 48.9 76.5 43.9 36.9 30.5 18.2
57.9 -4.9 49.7 49.7 42.9 21.2 22.2 17.8 79.5 78.5 131.6 5.4 22.1 30.7 49 36.3 31.4 23.8 32.4 58.3 46.2 57.8 50.2 78.3 45.8 37.9 32.3 19.3
61.1 -0.6 54.8 54.6 47.3 24.2 25.7 21.1 83.7 82.2 134.7 8.5 24.8 33.8 52.4 40 34.8 27.1 35.4 59.3 47.5 59.2 51.6 80.2 47.8 39.5 34.2 20.2
66.1 3.7 62.9 62.7 53.5 28 30.4 25.6 89.5 87.4 138.1 11.9 28.1 37.1 55.7 44.3 38.8 30.4 38 58.4 47.3 59.4 52.1 80.8 48.5 39.8 33.9 19.6
70.5 9.8 72.2 71.1 58.8 29.9 33.9 29.5 94.4 91.5 140.2 13.8 28.9 38.2 56.9 47.1 41.1 32.3 38.2 55.3 45.4 58.2 51.6 79.9 48 38.5 32 17.8
71.4 15.8 77.7 75.3 60.7 28.9 34.2 30.3 96 92.8 140.6 13.9 26.9 36.6 56 47.5 41 32.7 37 52.9 44.1 57.4 51.4 79.6 48.2 38 31.3 17.3
67.9 16.5 75.7 73.7 58.1 25 31 27.4 93.7 90.7 139.3 12.6 23.3 33.3 53.7 45.7 39 31.6 35.6 52.9 44.3 58.1 52.2 81 49.8 39.3 33.1 19.2
63.7 13.6 71.4 70.5 55.3 20.7 27.3 24.2 91 88.4 138.1 11.4 20.2 30.5 51.6 43.6 37.2 29.9 34.4 53.7 44.6 59.1 53.2 82.9 51.6 41.1 35.1 21.8
63.5 14.3 72.1 71.1 57 19.3 26.9 24.5 91.4 88.9 139.1 12 19.3 29.7 50.9 43.4 37.5 29.4 34.1 52.8 43.3 58.5 53.1 83.3 51.8 41.8 34.9 23
67.5 20.6 78.2 75.7 62.8 21.8 30 27.6 94.9 92.2 142.4 14.2 20.3 31.1 52.1 45.2 39.5 30.8 34.8 50.2 41.3 56.7 52 82.5 50.9 41.3 33.5 22.7
72.5 25.7 84.3 80.4 67.6 26.2 33.9 31.1 98.9 96.1 146 16.8 22.4 33.6 54.4 48.2 42.4 33.9 36.6 48.7 41 55.9 52 82.8 51.1 41.7 34.2 23.8
74.7 24.8 85.4 81.5 67.4 28.8 35.2 32.3 100 97.7 146.8 17.5 23.1 34.5 55.6 49.9 43.8 35.7 38.1 48.9 41.3 55.9 52.8 84.1 52.2 42.5 36.4 26.7
72.2 21.2 81.2 78 62 27 32.5 29.8 97 95 143.1 14.7 20.8 32 53.6 48 41.9 33.8 37 48.8 40.2 55.3 52.8 84 52.4 42.2 37.6 28.8
66.3 16.9 72.4 70.3 54.3 22.5 27.5 24.5 91.3 89.4 137.3 10 17.4 27.9 49.9 43.8 38 29.5 34.2 48.8 38.5 54.6 52.2 82.7 52 41.4 38 30
60.9 10.5 62.3 61.8 47.7 19.3 23.8 19.9 85.9 84.5 133.5 7.1 16.1 25.2 47.3 40.7 35.2 26.2 32.6 50.4 38.6 55.3 52.4 82.4 52.3 42.1 39.5 32
59.6 4.6 57.1 57.6 45.2 19.4 23.7 18.8 84.3 83.1 133.6 8 17.8 25.6 47.5 40.9 35.5 26 33 52.4 39.5 56.4 53 83.1 53 43.2 41.8 34.6
62.7 4.2 59 59.2 47.3 22 26.5 21.2 86.9 84.9 136.4 11.4 20.4 28.2 49.8 43.4 37.7 28.1 34.7 53 39.2 55.9 52.8 83.1 52.2 43 43.4 36.3
65.5 7.5 62.1 62.1 50.5 24 28.6 23.6 89.7 86.7 138.4 14 21.3 30.4 51.7 45.2 39 29.8 35.8 53 38.1 54.3 51.9 82.3 50.4 42.1 44.3 37.4
63.6 6.1 59.8 60.3 49.7 22.8 26.9 22.3 88.3 85.2 136.5 12.6 19.7 29.8 50.6 43.7 37.1 28.4 34.7 53.4 37.3 53.1 50.9 81.3 48.9 41.5 44.7 38.4
57.2 -2.8 51.6 52.7 43.6 18.1 21.6 16.8 81.9 79.7 130.3 6.9 16.1 25.6 46.3 38.4 32 23.4 31 53 36.5 52.1 49.2 79.8 47.4 40.7 44.3 39
50.4 -11 43.3 44 36.1 12.4 16.1 10.2 74.2 72.9 122.9 0.4 12 20 40.8 31.9 26.2 17.5 26.3 51 35 50.4 46.5 77.4 45.1 38.8 42.6 38.9
47.8 -12.1 40.9 40.6 33.6 9.9 14.7 7.4 71.1 70.2 120.3 -1.3 10.7 17.6 38.4 29 24 15.3 24.8 49.9 34.8 49.5 44.8 76 44.2 37.8 41.9 39.8
51.2 -8.4 45.6 44.6 38.3 12.7 18.3 10.8 75 74.2 125.1 4.3 14 20.9 41.4 32.2 27.3 18.9 28.4 51.8 37 51.1 46.2 77.8 46.4 39.7 44.1 43.5
58.4 -2.4 56 54.2 47.3 18.4 24.1 18.1 83.4 82 133.6 13.7 19 27.1 47.2 39 33.4 25.3 33.8 54.4 39.6 53.9 49.5 81 49.8 43 47.6 48.2
65.6 6.3 67.8 64.2 55.2 22.9 28.2 24.9 90.9 88.7 140.5 20.6 21.3 31.2 51.8 44.6 38 30.1 37.1 54.8 40.3 55.4 52.1 83.2 52 45.2 49.4 51.3
68.8 14.1 74.2 68.8 58.2 23.6 29 27.9 93.8 91.3 143.4 21.6 20.7 31.7 53.4 46.1 39.6 31.5 38 54.3 40.5 56.3 53.4 84.7 53.7 46.7 49.7 52.8
67.3 16 73.1 67.4 55.4 21.6 27.6 26.5 92.3 89.7 142.1 17.4 19.2 30.2 52.8 44.3 39.4 30.4 37.6 55.9 42.4 58.3 54.8 87 56.3 48.9 51.2 55.3
64.4 13.6 69.9 65 50.4 20.7 26.7 24.2 90.2 86.7 138.9 11.9 18.8 29.2 51.8 42.5 38.6 28.8 37 58.6 45.3 60.6 56.4 89 58.5 50.8 54.3 58.5
64.1 14.3 70.5 66.1 48.3 23.3 28.2 24.4 90.7 85.5 137 9.6 19.9 30.2 51.6 42.5 38.3 28.2 36.8 59.4 46.5 61 56.4 88.7 58.1 50.4 56 59.7
67.1 20.6 76.1 71.4 51.3 28.7 32.3 27.9 94 88 138.4 12.5 22.5 32.9 53.2 44.6 39.2 29.8 38 57.3 45.5 59.6 55.3 87.2 56.2 48.7 55.3 58.5
70.6 25.8 82.2 77.2 56.9 33.4 37.2 32.3 98.1 92.5 142.4 18.9 26.1 36.3 56.2 47.8 41.6 33.5 40.4 55.3 45.1 59.1 55.3 87.1 55.9 48.6 54.4 57.5
71 24.8 83.8 78.7 59.6 33.6 39 33.4 99.4 94.6 144.8 23.8 28.2 37.7 57.9 49.2 42.9 35.7 41.6 54.5 45.4 59.4 55.8 87.8 56.7 49.5 53.8 57.3
67.9 21 79.6 74.8 57 28.9 35.7 30.2 96.4 91.6 142.4 22.5 27 35.9 56.2 47 40.8 34.1 39.7 54.3 45.3 59.1 55.2 87.2 56.2 49.3 53.1 56.6
63.3 16.7 70.8 66.8 51 23.4 29.6 24.5 90.8 85.6 136.7 14.9 24.2 33 52.4 42.9 36.9 30 37 55.8 45.7 58.8 54.5 86.2 55.5 48.8 53.8 56.8
59.4 10.4 60.7 58 45.5 21.4 25.1 19.9 85.8 81 132 7 22.8 31.7 50 39.9 34.5 27.1 36.5 59.4 47.5 59.8 55.3 86.8 56.6 49.7 56.6 59.2
58.9 4.8 56 54 44 23.8 25.3 19.4 84.6 80.8 132.1 4.8 24.5 33.3 50.9 40.3 35.7 28 38.9 63.2 49.9 61.6 57 88.7 58.8 51.9 59.2 62
62.3 4.2 58.5 56.3 46.8 28.8 29.2 22.6 87.3 84.4 136.1 8.4 28.4 36.8 54.4 43.3 39.2 31.6 42.3 64.8 51 62.6 57.7 89.9 59.8 53.3 59.6 62.5
66 6.7 62.1 59.8 50.4 32.9 32.2 25.9 90.3 88 140.1 13.3 31.3 39.7 57.2 46.2 42.5 34.8 44.7 64.7 51.1 62.7 57.5 89.9 59.5 53.3 59.3 61.8
66.2 5.4 61 59.7 51.4 33.7 31.5 25.9 90.3 88.2 141.2 15.4 31.4 40.2 57.5 46.9 43.4 35.9 45.6 65.3 51.9 63.6 58 90.3 60 53.4 60.8 62.6
62.8 -1.6 55.2 55.2 48.8 31.2 28.2 22.6 87.2 84.8 138.8 13.7 29.9 38.4 55.4 45.1 41.8 34.3 44.9 66.8 53.4 65 59 91.5 61.2 54.5 62.8 64.4
59.3 -6.6 49.9 50.3 44.7 26.9 25.1 19 83.5 80.8 135.1 9.7 28.4 35.9 52.6 42.2 39.2 31.6 43 67.3 53.7 65.2 58.9 91.8 61.4 55.3 62.6 64.4
59.4 -4.7 50 49.8 43.3 24 25.1 18.3 82.8 80.1 134 7.5 28.6 35.2 51.7 41.2 38.1 30.7 41.9 67.2 53.2 64.5 58.6 91.6 61.1 55.6 60.6 62.9
63.1 0.4 55.1 54.4 46.2 25.6 28.5 21.2 86.1 83.6 137.2 10.4 31 37.7 53.9 43.9 40.2 33.3 43.5 67.4 53.6 64.5 59.2 92.2 62 56.5 59.7 62.6
67.8 5.3 63.1 62.1 51.4 30.4 33 26.1 91.4 89 142.3 16.3 33.9 41.4 57.4 48.6 43.8 37.2 46.5 66.8 54.3 64.9 60 92.9 62.9 57.3 59.3 62.9
70.3 10.7 71.5 69.5 55.7 33.1 35.5 30.2 95.7 92.9 145.9 20.6 34.6 43.1 59.2 51.6 45.9 39.3 47.8 64.3 53.8 64.3 59.3 92.3 62.2 56.4 57.4 61.5
68.6 15.1 75.5 72.7 56.9 31 34.9 30.9 96.6 93.6 146.3 21.5 33.4 42 58.5 51.2 45.5 39 47.2 62.6 53.2 63.8 58.2 91.5 61.5 55.5 54.7 59.1
64.8 15.7 74.1 71.4 55.4 25.7 32.6 28.9 95.1 91.9 144.5 20.1 31.9 40 56.9 49.2 44.2 37.9 46.6 64.4 54.5 65.1 59.2 92.4 63.1 56.9 54 58.9
63.8 14.8 72.4 69.8 54.4 22.2 31.6 27.9 94.2 91.2 143.4 19.2 31.8 39.2 56.7 48.2 44.2 38.1 47.1 67.9 57.2 67.4 61.9 94.7 66.4 60.1 55.5 61.2
67.2 17.1 74.6 71.2 55.7 23 33 29.5 95.7 92.6 144.5 19.7 33.1 40.3 58.2 49.2 45.7 39.4 48.2 69.6 58.5 68.3 63.2 95.7 68.1 61.8 56.5 62.4
72.2 22.9 79.5 75 58.3 26.4 35 31.8 98.5 95 146.8 20.8 34.7 41.6 60.3 50.7 47.1 40.7 48.7 68.1 57.1 66.7 61.6 94 66.7 60.4 55.1 60.2
75.7 25.6 83.3 78.2 60.4 29.3 36.1 33.2 100.4 96.9 148.9 22 35.9 42.1 61.6 51.7 48 41.4 48.9 65.6 54.7 64.3 59.2 91.7 64.7 58.1 52.5 56.4
76.2 22.5 83.1 78.1 60.2 29.6 35.6 32.3 100.1 96.7 149.1 21.8 36.1 41.5 60.7 51.3 47.5 41.2 48.6 63.9 52.7 62.7 57.8 90.3 63.5 56.8 50.3 53.6
73.1 18.2 78.9 74.1 56.9 26.8 33.3 29.2 97 93.9 146.4 19 34.6 39.6 57.7 49.2 45.3 39.4 47.5 63.5 51.3 61.5 57.1 89.6 62.7 56.4 48.7 52
67.7 14.8 70.8 66.7 51.8 22.9 30 25.3 92.4 89.8 142.4 15.3 32.7 37.3 54.5 46.4 42.7 36.8 46.5 65.1 51.4 61.2 57.3 89.9 62.8 57.1 49.1 52.4
62.7 10.2 61.4 58.4 47 20.6 27.4 22.4 88.3 86.5 139.6 13.3 31.9 36.2 53.3 44.8 41.3 35.3 46.5 68.2 53 62.4 58.3 91.3 64.4 58.9 51.4 54.7
61.5 5.9 56.7 54.8 45.4 21.6 27.4 22.3 87.2 85.8 139.5 14.1 32.4 37.1 54.2 45.3 41.8 35.9 47.4 69.6 54.2 63.5 58.7 92.2 65.4 60.3 53 56.2
64.4 6.2 59.1 58 48.3 25.4 30.1 24.8 89.6 88.1 141.7 17.1 33.4 39.3 56 47.4 43.5 37.9 48.3 68 53.2 62.6 57.6 91.2 64.2 59.5 51.7 55.1
67.3 9.1 63.1 62.6 52.4 28.6 32.7 27.2 92.6 90.5 143.8 19.9 33.7 40.7 57.3 48.9 44.8 39.5 48.8 65.3 50.8 60.6 56 88.9 62 57.6 49.1 52.9
66.6 8.4 62.7 62.5 53.1 28.8 32.5 26.6 93.1 90.4 143.7 20.1 32.4 40.1 57.1 48.5 44.4 39.4 48.9 64.6 49.6 60.2 55.9 88 61.6 57.1 48.6 52.3
62.9 2.6 57.7 57.7 50 26.3 29.7 23.5 90.4 87.6 141.3 17.5 29.8 37.9 55.3 46.5 42.4 37.2 48.3 66.1 50.1 61.3 56.8 88.6 62.6 57.9 50.3 53.2
59.1 -2.3 52.6 52.7 46 22.7 26 20.3 86.6 84.1 138 13.9 26.7 34.9 52.4 44 39.5 33.6 46.4 67.4 50.5 61.5 56.4 88.6 62.2 57.9 51 53
58.3 -2 51.5 51.7 45 20.3 24.4 19.3 84.8 82.7 136.5 12 25.1 33 50.6 42.6 37.8 31 44.5 66.9 50.3 60.6 54.5 87.6 60.3 56.7 49.7 51.4
61.1 0.8 55.3 55 47.8 21.1 26.4 21.6 86.5 84.7 137.9 13.3 25.9 34.1 51.5 43.6 38.3 31.3 44.2 65.2 50 59.7 52.8 86.5 58.5 55.4 48 50.5
66.3 4.7 63.3 61.9 52.5 24.2 30.9 26 90.8 88.6 140.8 16 27.9 36.9 54.1 46 39.8 32.9 44.8 62.8 49.2 58.8 51.6 85.3 57.2 53.9 46.3 49.7
71 10.9 72.6 69.6 56.5 26.8 34.7 29.8 95.3 91.7 142.9 18.1 29.1 38.7 55.9 47.6 40.5 33.6 44.2 60.1 47.8 57.5 50.6 83.7 55.9 51.8 44.2 48
72.2 16.2 77 73.1 56.9 26.7 35.5 30.3 96.5 91.9 142.6 18.2 28.7 38.2 55.6 47.1 39.5 32.5 42.4 58.9 46.8 56.6 50.2 82.3 55.1 50.2 42.7 45.9
69.9 16.3 74.8 70.9 53.8 24.2 33.4 28.1 94.2 89.6 140.5 16.4 26.9 36.1 53.6 45.1 37.2 30.8 40.3 60 47.6 57 51.1 82.1 55.5 50.6 41.7 44.6
68.2 14.4 72.2 68.2 51.5 22.1 31.7 26.6 92.3 87.7 138.7 14 25.3 34.7 52.6 43.8 35.8 29.6 39.1 61.4 49.3 58.4 52.3 83.2 56.4 52.4 40.3 43.7
70.4 18.2 75 70.5 53.6 23.2 33.1 28.5 94.1 88.9 139.3 14.2 25.7 35.7 54.3 45 36.9 30 39.7 61.3 50.3 59.4 52.9 84.1 56.8 53.6 38.8 43.2
76 27.8 82.8 77.6 59.8 27.3 37.5 33.4 99.7 93.7 143.5 20.2 28.4 38.9 58.5 48.4 40.8 32.6 42.2 60.6 50.4 60.1 53.3 84.7 57.3 53.8 38.8 43.7
81.5 34.4 90.2 84.8 66.9 32.1 42.2 38.6 105.6 99.9 150.4 31.4 31.9 42.6 63 52.7 45.7 37 45.2 61.1 51 61.5 54.7 86.3 59 54.4 40.6 45.3
83.2 33.5 92.3 87.6 71 34.3 43.7 40.5 107.9 103.2 155.2 41.1 33.1 43.9 64.5 55 48 40.3 46.3 61.8 51.8 62.6 56.2 87.7 60.2 54.9 42 46.2
79.6 29 88 84.5 69.4 31.6 40.2 37.3 104.8 100.9 154.1 41.3 30.2 40.9 61.4 52.9 45.3 39 43.9 60.8 50.4 61.8 55.6 86.7 59 53.9 40.7 44.8
71.5 22.5 77.6 75.5 62.5 25.2 33.2 29.8 97.3 93.7 147.3 31.2 24.7 35.2 55.1 46.9 39 33.3 39.5 58.4 47.1 59.2 53.2 83.6 56.1 51.4 37.5 41.7
62.9 13.2 65.1 64.3 54.4 19.3 26.5 22.1 89.2 85.8 139.5 19.3 19.8 29.9 49.2 40.6 32.9 27 36.2 56.5 43.9 56.2 50.4 80.1 52.8 48.6 34.7 38.5
59.5 5.7 58.7 58.4 51.3 17.7 24.5 19.3 85.8 82.5 136.6 15.2 18.1 28 47.3 38.3 30.9 24.5 35.6 55.3 42.2 54.3 48.5 77.6 50.2 46.1 32.9 36.2
62.9 6 61.4 61 55.2 21 27.1 22.1 88.2 84.9 139.7 19.3 19.9 29.8 49.4 40.9 33.2 26.2 37.2 54.4 41.9 53.5 47.4 76.4 48.3 44.2 31.5 34.8
67.6 11 66 65.5 61 24.7 30.2 26 91.7 88.5 143.1 22.1 22.7 32.5 52.1 44.5 36.4 29 38.9 54.1 42.2 53.7 47.1 76.4 47.4 43.5 31 34.3
68.1 11.6 65.8 65.2 63.4 25.6 30.8 26.6 92.4 89.3 142.1 17.4 24.3 33.9 53.1 45.5 37.5 29.7 39.7 55.6 43.6 55.1 48.4 77.8 48.3 44.7 32.5 35.2
64.3 5.8 60.4 60.5 60.8 23.2 28.8 24 90.1 86.9 137.4 8.2 24 33.6 52.3 44.2 36.3 28 39.2 58.6 46 57.4 50.5 80.1 50.4 47 35.2 36.7
59.9 1 55.2 56 56.1 19.7 26 20.8 87 83.5 133 1 22.4 32.2 50.7 42.1 34.1 25.2 37.8 60.7 47.4 58.7 51.6 81.2 51.6 48 36.5 36.9
59.1 2.1 54.9 55.6 53.2 18.1 25.1 20.4 86.1 82.3 132.2 -0.1 21.5 31.7 50.4 41.6 33.2 23.9 37.1 61.3 47.9 59.6 51.9 81.6 51.7 47.8 36 36.1
63 6 59.8 60 54.3 20 27.2 23.5 88.5 84.6 135.4 5 22.9 33.5 52.5 43.7 34.9 25.7 38.5 61.2 48.8 60.8 52.6 82.2 52.1 47.8 35.7 36
69.8 10.6 69 68.3 59 23.9 31.5 28.6 93.6 89.3 140.2 12.6 25.7 36.3 56.1 47.3 38.1 29.3 41.1 59.6 49.4 61.3 53.3 82.6 52.3 47.5 35.2 36
75.6 17.2 79.3 77.6 64.8 26.7 35.7 33.2 99.2 93.8 144.4 18.5 27.6 38 59.2 50.1 40.9 32.4 43.2 56.5 48.9 60.5 53 82.3 52.3 46.9 34.2 35.1
76.8 23 84.4 82.5 67.3 26.2 37.1 34.5 101.7 95.3 145.6 20.5 27.4 37.9 59.8 50.5 41.6 32.9 43.3 54.3 48.3 59.6 52.6 82.4 52.6 46.8 34 34.4
72.7 23 81.7 80.6 64.6 23 35 32 99.5 93 143 18.3 25.5 36.3 57.7 48.4 39.8 30.7 41.2 54.7 49 59.9 53.2 83.5 53.7 47.6 35.3 35.2
67.3 18.7 76.7 76.1 59.9 19.6 32.3 28.7 95.6 89.6 139.1 14.6 23.2 34.1 54.7 45.4 37 27.5 38.1 55.7 49.6 60.5 53.5 83.9 53.9 47.7 36.1 35.7
64.6 16.8 75.6 74.2 57.8 17.8 30.9 27.1 93.1 87.8 136.9 12.5 21 32.1 52.3 43.1 34.6 25 35 54.1 47.8 58.9 51.4 81.5 51.6 45 33.8 33.3
65.5 20.5 79.1 76.4 59 18.1 31.1 27.3 93.5 88.3 137.2 12.7 19.8 30.9 51.3 42.1 33.8 24.2 33.1 49.9 43.9 55.1 47.4 77.1 47.6 40.3 29.4 28.8
68.2 23.9 83 79.7 61.4 20 31.8 28.2 95.6 89.9 139.3 14.6 20.2 31.2 51.7 42.6 34.6 24.9 32.9 46.3 41.1 52.2 44.6 74.5 44.9 37 26.7 25.7
69.3 22.5 83.1 79.9 61.5 21.1 31.1 27.7 96 89.9 140.3 15.7 20.1 31.3 51.5 42.7 34.8 24.9 32.6 44.6 39.7 51 43.4 73.9 43.8 35.7 26.2 24.3
67.6 19.5 78.8 75.8 58 19.6 28 24.7 93.4 87 138 13.6 17.7 29.4 49.2 40.7 32.7 22.6 30.8 44.3 38.6 50.2 42.8 73.7 43.1 35 26.4 24
64.2 16.5 71.3 68.6 53.2 17.4 24.5 20.7 89.1 83 134 9.7 15.2 27.3 46.6 37.9 29.9 20 29.3 46 38.9 50.6 43.4 74.2 43.6 35.8 28.2 26.1
61.3 11.7 63.4 61.3 50.2 16.7 23.2 18.4 85.4 80.8 131.6 7.4 15.1 26.9 45.7 36.4 28.6 19.3 30 49.6 41.1 52.7 45.6 76.4 45.9 38.5 32 30.5
60.7 7.1 60.1 58.5 51 17.1 24.2 19 84.4 81.5 132.1 8.5 16.8 27.9 46.6 36.9 29.3 20.5 32.1 51.7 42.4 53.9 46.9 78.2 47.9 40.7 34.4 33.6
62.2 7.1 62.4 61 54.4 18.4 26.1 21.3 86 83.9 134.3 11.3 18.6 29.1 47.8 38.6 30.8 22.7 33.8 50.1 40.9 52.4 45.6 77.5 47.5 39.7 33.6 32.8
63.5 9.5 65.3 64 56.1 19.7 26.9 22.9 87.7 85.2 135.7 13 19.2 29.3 48.1 39.5 31.6 24 34.3 46.9 37.8 49.8 43.3 75 45.2 36.8 31.4 30.4
62.3 7.9 63.9 63.4 53.8 19.5 25.7 22.1 87.2 83.7 134.3 12 18.5 28.4 47 38.7 30.7 23 33.3 45.3 36.5 49 42.7 73.6 43.6 35.2 31.1 29.9
58.5 1 58.6 59.2 49.3 17.6 23.3 19.4 84.2 80.4 131 9.2 17.2 26.8 45.1 36.3 28.7 20.3 31.4 46.4 37.6 50.2 44.2 74.1 43.8 35.8 33.2 31.8
54.5 -3.8 54 55.1 45.5 15 21.2 16.8 81.1 77.4 127.9 6.3 15.6 24.8 43.4 33.8 26.5 17.6 29.3 48.1 39.2 51.5 45.6 75.3 44.3 36.9 35.6 33.9
53.9 -2.4 54.1 54.6 45.2 14.1 21.1 16.2 80.7 77.1 127.3 5.4 14.8 23.9 43.4 33.4 26.4 17.1 28.6 49 40.1 52.2 46.2 76.4 44.8 37.7 37.2 35.4
57.9 2 59.1 58.4 49 15.8 23.5 18.6 83.9 79.9 130.1 7.6 15.6 25.6 45.8 36.2 29 19.5 30.5 49.2 40.5 52.8 47 77.8 46.1 38.7 38.6 37.2
65.1 7.5 68.4 66.4 55.4 18.9 27.8 23.3 89.7 84.9 134.9 11.7 17.3 29 49.7 41.3 33 23.5 33.3 48.5 40.4 53.5 48.3 79.1 47.8 39.7 39.1 38.6
71.9 15.4 79.4 76.1 62 21.5 31.5 28.2 96 90.1 139.5 15.7 18.4 31.7 53.3 46.4 36.6 26.8 35.2 47.2 40.4 54.4 49.8 80.3 49.5 40.9 38.9 39.6
74.5 22.8 85.7 81.9 65.6 21.7 32.5 30.9 99.9 93.4 142 18.1 18.3 32.6 55 49.2 39 28.7 36.4 47.1 41.3 56.2 51.9 82.1 51.7 42.9 39.7 41.7
72.3 25 85.4 82.1 65.8 19.9 31.5 31.2 101 94.4 142.7 18.8 17.8 32.7 55.5 49.9 40.6 29.8 37.5 49.8 44 59.6 56 85.9 55.5 46.8 42.8 45.9
69.4 23.9 84.1 81.5 65.5 18.9 31.7 31.9 101.9 95.7 143.7 19.4 18.6 33.7 56.6 51 42.6 31.5 39.1 54.1 47.9 64 61.1 90.9 60.1 51.1 47 50.8
70.2 25.7 86.7 84.1 67.2 19.7 34.1 34.4 104.3 98.5 146.2 21.3 21 35.6 59 53.4 45.2 33.8 40.8 56.6 50.3 66.9 64 94.1 62.5 53.1 49.1 53.4
75 32.2 93 89.6 71.1 21.8 37.5 38.1 108.2 102.1 149.4 24.4 23.6 37.9 61.9 56.3 47.7 36.1 42.5 56.1 50 67.3 63.7 94.3 62 52.7 48.3 52.6
81 37.7 99.1 95 75.5 24.7 41 41.8 112.3 105.6 152.8 28.3 26 40.7 65 59.4 50.3 38.6 44.8 55.4 49.5 67.2 63.3 94.1 61.4 52.8 47.8 52
84.4 38.5 100.9 97.2 77.5 26.9 42.7 43.6 114.1 107.5 154.5 30.6 26.9 42.5 66.8 61.4 52.2 40.7 46.7 55.7 50.2 67.9 64.3 95.1 62.3 53.9 49.1 53.5
82.9 37.4 97.7 94.9 76.1 25.9 41.2 42.5 112.4 106.8 153.5 29.3 25.2 41.9 66.3 60.9 51.9 40.7 46.6 56.4 51.4 68.9 65.9 96.4 64 55.1 51.4 56.1
78.5 35.4 90.6 88.8 72.2 23.3 38.5 39.8 108.7 104.3 151.3 25.9 23 40.4 65 59.3 50.8 39.9 46 58.7 53.4 70.8 67.8 98.6 66.5 57.1 54.9 59.5
74.9 30.7 82.7 82 69.2 22.7 37.3 37.8 106 102.5 150 24 23.5 40.3 65 58.8 50.9 40.2 47.2 63.3 56.7 74.1 70.6 101.7 69.6 60.4 59.5 63.1
75.3 25.5 79.4 79.4 69.7 25.5 39.2 37.8 106 103 151 25 26.6 42.3 66.7 60.1 52.7 41.6 49.5 67.3 58.9 76.5 72.5 103.6 71.1 62.7 62.2 64.3
78.3 24.2 81.4 81.2 72.6 29.7 42.2 39.3 107.8 105 153.1 27.5 30 44.6 68.7 61.7 54.4 42.7 50.8 67.7 57.9 75.7 71 102.1 69.6 61.8 60.6 61.8
80.2 25.3 82.7 82.6 74.1 31.9 43.1 39.8 108.3 105.6 154 29.7 30.9 44.9 68.8 61.8 54.4 42.7 50.5 65.2 54.6 72.1 67.1 98.4 66.5 59 57.1 58.2
79 23.1 79.4 80.2 72.3 31.5 41.1 38.4 106.4 103.9 153 29.6 29.7 43.3 66.5 60.2 53 41.9 49.4 63.9 52.7 69.5 65 96.4 65.3 58.1 55.7 57.5
75.5 16.2 72.4 74.5 67.1 29.6 37.6 35.1 102.7 100.1 149.7 26 28.5 41 63.2 57.5 50.5 40.1 47.7 65.4 53.1 69.1 65.3 96.8 65.8 59.2 56.5 59.2
71.6 10.6 66 68.3 61 27.3 34.5 31.1 98.5 95.2 144.6 19 28.1 38.4 59.5 53.6 46.7 36.8 44.7 66.7 53.1 68.6 64.7 96.5 65.1 59 56.1 59.3
69.9 9.9 64.4 65.7 58 27.2 33.9 28.9 96.4 92.5 141.2 13.9 29.4 37.4 57.7 50.6 43.9 34.1 42.6 66.7 52.2 67.4 62.8 95.2 63.3 57.4 54.9 57.8
71.6 11.2 67.7 67.8 59.8 30.3 36.3 30 97.5 93.5 142 14.2 31.9 38.6 58.4 50.4 43.9 34.1 43.2 65.9 51.3 66.3 60.8 94.1 62 56.2 53.9 56.3
74.9 13.1 74.1 73 63.5 33.9 38.9 32.4 99.9 96.1 144.2 16.4 32.4 39.4 59 51 44.6 34.4 43.5 62.8 49.1 63.4 57.7 91.7 59.6 53.7 51 53.4
77.2 17.5 80.4 78.4 65.6 35.3 39.3 33.4 101 97.1 144.3 16.1 30 37.6 57.3 49.8 43.5 32.6 40.7 57.3 45.1 58.5 53.3 87.1 55.2 49.3 45.6 48.5
76.4 21.6 82.3 80 64.5 34.9 37.3 32.2 99.4 95.3 141.7 13.3 27 34.7 54.2 47.2 40.7 29.4 36.3 53.6 42.4 55.2 50.3 83.8 52 46.1 41.9 45
72.9 20.9 79.5 77.1 61.3 34.5 34.5 29.6 96.3 92.5 138.7 11.3 25.4 32.7 51.8 44.8 38 27.2 33.1 54.4 43.4 56 50.9 84.4 52.9 46.7 42.9 46.2
70.1 17.4 76.9 74.5 59.5 35.3 32.8 27.6 94.7 91.3 138.4 14.4 25.4 32.1 51.2 43.9 37.2 27.3 32.3 57.5 46.2 58.7 53.3 87.4 56.5 49.3 46.5 49.9
70.6 18.1 78.9 76.4 61.3 36.5 33.3 28.1 95.9 93 141.5 21.5 26.1 32.8 52.1 44.6 38.3 29.3 33.2 58.8 47.1 59.8 54.3 88.8 58.8 50.5 48 51.9
74.5 24.7 84.7 82.3 65.9 37 36 31.3 99.4 96.7 145.5 26.4 27.7 34.7 54.3 46.6 41 32 35.6 57.8 46.3 59.3 53.7 88 58.5 50.1 47.2 51.4
78.9 29.9 89.8 88.4 70.4 36.6 39.3 34.8 103.4 100.4 148.2 25.4 30.5 37.4 56.9 49.4 43.9 34.7 39.3 57.4 46.3 59 53.6 87.7 57.9 50.5 46.9 51.5
79.9 28.5 89.9 89.7 71.2 34.7 40 35.1 103.8 100.5 147.3 18.8 31.7 38.2 57.2 50 44.1 35 41.5 58.1 46.3 58.4 53.5 87.4 57.4 51.1 47.7 52.7
75.6 23.6 83.9 84.1 66.9 30 36.2 30.7 98.7 95.4 141.3 8.8 29.2 34.9 53.2 46.3 40.1 31 39.1 57.7 44.6 56 51.4 85.3 55.5 49.6 47.6 52.8
67.4 17 72.3 72.6 59.3 23.6 29.1 23.1 90 87 133.1 -0.7 25.1 29.1 46.8 39.2 33.6 24.7 34 56.5 41.7 52.9 47.5 81.9 52.4 46.6 46.5 51.3
59.2 7.5 58.7 59.2 51.6 18.4 22.3 15.6 81.6 79.4 127 -6 22.2 24.2 41.2 32.4 28.2 19.6 30.1 56 39.1 50.3 43.6 79 49.6 43.9 45.2 49.2
55.9 -0.9 50.8 51.3 47.9 17 19.4 12 77.5 76.2 125.4 -5.8 21.6 22.4 38.9 29.3 26.1 18.1 29.2 55.9 37.4 48.4 40.9 77 47.4 42.3 43.8 46.9
58.6 -1.7 52.1 52.2 49.2 20.1 21.1 13.6 78.7 78.1 128.4 -0.9 22.9 23.9 40.2 30.6 27.3 20.2 31.2 55.4 36.3 47 39.4 75.6 45.9 41.2 42.3 45.6
62.8 2.6 56.5 56.5 51.5 24.8 24.3 16.9 81.7 81.4 132.1 4.8 25.2 26.4 42.6 33.3 29.6 23.3 34.3 55.4 36 46.6 39.1 74.9 45.3 41 41.8 45.6
62.6 2.5 56.1 56.6 49.8 26.8 24.7 17.2 81.8 81.5 132.7 6.6 26.5 27.4 43.2 33.6 30.1 24.2 35.6 56.8 36.7 47.2 39.7 75.2 46.2 41.8 42.9 46.6
57 -5.7 49.2 50.5 42.7 23.9 20.5 12.7 77.1 77.1 128.5 3.5 24.6 25.1 40.5 30.1 27.2 21.2 33.6 58 37 47.1 39.6 75.2 46.6 42.4 44.1 47.1
49.5 -14.3 40.5 42.4 34 17.5 13.7 5.5 69.8 70.3 121.8 -1.8 19.7 20 35 24.1 21.6 15.2 28.5 56.6 35.2 45 37.3 73 44.6 40.7 42.7 45.5
45.1 -16.8 36.4 38 29.1 12.9 9.1 0.4 65.4 66 117.5 -4.2 15.7 15.9 30.8 19.9 17.4 10.8 24.1 53.7 32.8 42.3 34.4 70.3 41.8 38.1 39.7 43.2
45.8 -15.1 38.8 40 30.2 14.1 9.9 0.6 66.7 66.8 118.4 -2.2 16.3 16.3 31.1 20.4 17.7 11.3 23.9 52.1 32.5 41.6 33.6 69.5 40.8 37.2 37.9 42.2
50.8 -11.2 46.7 47.3 35.5 19.6 14.3 5.3 71.9 71.3 122.5 0.6 19.9 20.2 34.6 24.1 21.2 14.8 26.5 51.4 33.4 42.2 34.3 69.9 41.1 37.6 37.2 41.9
56.4 -4.3 56.6 55.7 41 24.2 18.1 10.4 77 75.7 125.8 0.5 22.4 23.4 37.7 27.4 24.2 17.9 28.5 50.4 33.8 42.6 34.8 70.1 41.5 37.8 36.1 40.8
58.2 2.2 61.8 59.8 42.9 24 18.6 12.1 78.5 77.2 125.9 -2 22.2 23.8 38.4 28.1 24.8 18.6 28.9 50.5 34.2 43.4 35.6 70.7 42.7 38.5 35.6 40.4
55.4 2.8 60.1 57.8 40.8 19.4 16.2 10.4 76.5 75.7 124 -4.3 20.6 22.3 37.6 27.1 23.8 17.9 28.8 52.9 36.3 45.8 38 73.3 45.7 41.2 37.3 42.9
52 -0.5 57.1 54.5 38.3 13.7 13.7 8.5 74.5 74 122.8 -4.9 19.5 20.6 37.1 26.4 23 17.5 28.9 55.8 39.1 48.6 40.8 76.6 49.1 44.2 40.3 46.4
52.3 -0.1 58.6 54.9 39 11.1 13.7 9.4 75.2 74.5 124 -3.3 19.4 20.2 38 27 23.4 18.4 29.2 56 39.8 49.8 41.4 77.8 50.2 45.4 41.1 47.3
56.6 6.8 64.8 60 43.5 13.1 16.4 13.1 78.8 78 127.4 0.4 20.4 21.7 40 29 25.7 20.7 30.4 53.8 38.5 49.1 40.3 76.7 49.7 44.9 39.6 45.8
61.5 13.3 71.3 66.1 49 17.7 20.2 17.5 83.1 82.2 131.6 5 22.6 24.8 42.7 31.9 29.2 24.4 32.9 52.4 37.8 48.8 40.1 76 50.2 45.1 39 45.3
63.4 14.4 73.4 69 51.8 21.2 22.3 19.8 85.4 84.2 134.1 8 24.8 27.4 44.4 33.9 31.5 27.2 34.9 53 38.8 49.5 41.1 76.8 51.7 46.2 40.3 46.3
61.6 13.1 71 67.7 51 21.7 22.2 18.8 84.8 83.2 133.9 8.1 25.8 28.2 44 33.6 31.6 27.8 35.1 55.3 40.9 50.6 42.3 78.3 52.8 47.3 41.9 47.4
57.9 10.9 64.6 62.6 47.8 20.1 20.6 15.7 81.9 80.4 132.2 6.4 26 27.9 42.9 31.6 30.5 26.8 35.1 58.8 43.6 52.4 43.9 80.2 54 48.7 43.4 48.7
54.2 5.7 56 55.5 44 18.3 18.7 12.4 78.1 77.5 130.4 5.2 26.2 27.2 42.2 29.8 29.4 25.5 36.2 62.2 46 54.4 45.7 81.8 55.2 50.2 45.2 50.2
53 0.3 51.3 51.6 42.5 18 18.1 11.4 76.3 76.9 129.9 5.8 26.6 27.2 42.4 29.7 28.9 25.2 37.6 63.4 46.2 54.9 46.2 81.8 55 50.1 45.8 50.1
55.5 -0.1 53.2 53.5 44.9 20.1 19.5 13.3 77.8 78.8 131.1 7.6 27.3 28 43.2 31.2 29.5 26 38.1 61.6 43.9 53.1 44.5 79.6 52.5 47.9 44 47.2
58.4 2.2 56.1 56.3 47.8 22.5 20.9 15 79.3 80.1 132 8.5 27.5 28.3 43.3 32.1 29.8 26.1 36.9 58.7 40.7 50 41.7 76.5 49.2 44.9 41.7 43.3
57.6 0 54.2 54.7 46.7 22.7 20 13.8 78 78.4 130.7 6.9 26.7 27.2 41.7 31.1 28.8 24.5 34.8 57.4 39.3 48.3 40.1 75 47.6 43.4 41.7 41.9
53.4 -7.8 48 49 42.2 20.3 16.8 10.1 73.9 74.9 127.2 3.2 24.8 25.2 38.9 28.3 26.4 21.8 32.7 58.1 40.2 48.8 40.3 75.3 47.8 43.5 43.2 43
48.9 -13.8 42.4 43.1 37.3 16.4 13.2 5.8 69.3 71.2 123 -1.2 21.4 22.4 35.8 24.5 23 18.7 30.3 58.5 40.5 49.2 40.1 75.2 47.5 42.4 42 42.4
47.3 -13.3 41.2 41.2 35.3 14.1 11.8 4 67.5 69.4 121.4 -3.4 18.6 20.5 34.5 22.7 21.3 17.3 28.6 57.5 39.7 48.7 39.3 74.5 46.7 40.4 38 39.6
50 -9.5 45.2 44.9 38.1 16.2 14.5 6.7 70.4 71.4 124.4 -1.2 19.5 22.4 37.3 25.7 23.9 19.7 29.8 57.2 39.8 49.4 40.1 75.4 47.7 40.2 35.7 38.5
56.7 -3.9 54.6 54.1 45.1 21.7 20.2 13 77.3 77.1 130.5 3.8 23.8 27.3 43.2 32.2 29.6 24.9 33.1 57.8 41.6 51.7 43 78.1 50.3 42.1 37.1 40.1
63.9 4.2 65.9 64.8 52.9 26.3 24.8 19.1 84.2 83.1 135.8 8.4 27.8 31.8 48.3 38 34.3 29.3 35.6 57.7 43.3 53.7 45.8 80.7 52.5 43.9 39.7 42.1
67 10.8 71.8 70.2 56.7 26.7 25.1 21.3 87.2 85.4 137.5 10.1 28.6 33.2 50 39.8 35.6 30.5 35.9 57.4 44.5 55.2 47.5 82.3 54 45.4 41.8 43.7
64.5 10.9 69.7 68.4 54.9 23.4 22.3 19.3 85.8 83.8 136 8.8 27.1 32.2 48.9 38.6 34.6 29.4 35.2 59 46.4 57.3 49.1 84.5 56.2 47.5 44.1 45.9
59.9 6.5 65.1 64.1 51.3 19.7 20.2 16.2 82.8 81 133.6 6.5 24.9 30.7 47.1 36.5 33.2 28.1 34.1 60.7 48.2 59.1 50.1 86.3 58 49 45 47
57.2 5.4 64 62.4 49.6 18.1 20.9 15 81.3 79.9 132.4 4.9 23.2 29.7 45.7 34.9 32.4 27.3 32.7 59.4 47.6 58.1 49.1 85.4 56.7 47.6 42.7 45.1
58 10.6 68 65.1 51.7 20.5 24.6 17.4 83 81.9 133.9 6 23.6 30.3 46.2 35.5 33.6 28.2 32.8 56.2 45.6 56 47.4 83.4 54.5 45.4 40 42.6
61.7 15.8 73.6 70 57 25.9 29.5 22.1 87.1 86.5 138.3 10.2 26.5 33.1 49.1 38.9 37 31.7 35.6 55 45.2 56.1 48.1 83.8 55 46 40.8 43.5
63.9 15 75 72.2 60.6 29.5 31.4 24.1 89.2 89.2 141.6 13.5 28.2 34.9 50.9 41.5 39.2 34.5 38.3 55.3 45.5 57 49.5 85.2 57 47.9 43.4 45.9
61.4 10.6 69.8 68.7 58.2 27.4 27.4 20.2 85.8 86.3 139.6 12.6 26 32.4 48.2 39.6 37 33.3 37.3 54.7 44.3 56.1 48.8 84.7 57 47.6 44 46
55.4 5.3 59.5 60 50.5 22.1 20.1 12.8 78.6 79.5 133.9 8.4 21.9 27.6 43 34.6 32.2 28.9 34.2 54.3 42.9 54.6 47.3 83.2 55.8 46.3 43.5 45.2
50.3 -1.3 49 50.6 43.1 18.4 15.1 7.2 72.4 74.1 129.5 4.6 19.6 24.4 40.1 30.6 29.1 25.6 32.5 56.1 43.5 54.9 47.4 83.2 55.8 46.5 44.8 45.8
50.6 -6 45 47.4 40.9 19.1 15.6 7.2 71.6 73.8 129.5 4.1 20.4 25.2 41.9 30.5 30.1 26 33.7 58.5 45.2 56.5 48.8 84.6 57 47.6 47.1 47.1
56.1 -4.3 48.9 51.7 45 23.6 20.3 11.8 75.8 77.9 133.7 8.5 23.7 29.3 46.3 34.2 33.7 29.4 36.3 59.6 45.8 57.5 50.1 85.5 57.5 47.8 48.4 47.4
61.2 0.9 54.4 57.6 51.2 28 24.2 16.1 80.8 82.7 138.9 16.1 26.9 33.1 49.9 38.5 37.2 33.1 38.5 59.7 45.6 57.7 51 85.7 57.4 47.8 48.9 47.5
61.7 1.5 55.3 59.3 54.9 28.6 24.3 16.8 82.6 84.9 142 21 27.7 34.6 50.9 40.8 39 34.9 39.3 61 46.7 59.1 53 87.1 58.5 48.8 50.6 49.1
57.6 -5.3 50.6 55.4 53.7 24.8 21.1 13.9 80.2 83.2 140.5 18.5 25.5 33.1 49.5 39.8 37.9 33.5 38.1 63.2 48.5 60.7 55 89 59.9 49.9 53 50.7
52.2 -11.8 44.5 49.5 49.1 19 16.7 9.8 75.4 78.8 135 9.2 21.5 29.3 46.4 36.3 34.4 29.4 34.6 63.7 48.4 60.5 54.5 88.7 59.3 48.7 53 49.6
50.6 -11.2 43.1 47.7 46.5 16 15.5 8.6 73.9 76.5 131 1.6 19.6 27.6 45.5 34.8 32.5 27.1 32.2 63.3 47.8 59.8 53.6 87.7 58.3 47.2 52 47.9
55 -5.8 48.6 52.9 49.7 19.1 19.6 13 78.5 80.2 133.4 3 22 31 49.1 38.3 35.7 30.2 34.2 63.9 49.2 61.6 55.3 89.1 59.7 48.2 52.8 48.7
63 0.8 59.4 62.8 56.6 25.1 26.4 20.5 86.6 87.7 140 11.3 26 36.8 54.9 44.5 41.6 35.9 38.3 63.7 51 64.1 57.5 91.5 62 50.2 53.4 49.7
70.2 9.2 71.3 72.5 62.7 29.4 32 27.1 93.6 94.2 145.5 18.6 28.2 40.6 59.1 49.5 45.6 39.3 40.6 61.4 51.3 65.2 58.1 92.5 62.7 50.6 51.5 48.2
73 17 77.8 77.1 64.5 30.3 34.2 29.9 96.5 96.5 146.8 19.8 28.2 41.1 60.6 51.8 46.3 39.5 40.9 60.4 51.8 66.1 59 93.2 63.4 51.1 50.2 47.1
70.7 19 77 75.6 61.9 28.1 33.3 28.9 96.2 95.5 144.8 16.1 27.5 40.1 60.5 52.3 45.6 38.8 41.2 62.8 54.6 69.1 62 96 66.1 53.8 52.6 49.8
67.7 17.2 74.7 73.2 58.7 25.7 32.3 27.7 96 94.8 143.4 12.5 27.9 40 60.8 52.7 46.1 39.4 42.7 66.3 58.4 73.1 66 100.2 69.9 57.8 57.1 54.2
68.5 18.6 76.4 74.5 58.9 25.2 33.4 29 97.7 96.4 144.8 11.2 29.4 41.6 62.4 53.6 47.8 41 44.4 66.7 60 74.6 67.7 102.1 71.5 59.6 59.2 55.9
73 24.6 82.1 79.2 62.5 26.8 36.3 32.4 100.7 99.2 147.5 10.7 30.6 43.4 64.8 55 49.7 42.2 45.4 63.9 58.5 73.2 66.3 100.7 70.2 58.2 57.7 54.4
77.7 28.8 87.4 84.2 67.4 29.2 39.1 36.2 103.6 102 150.3 11.6 31.6 44.9 66.8 56.7 51.6 43.5 46.6 61.3 56.4 71.7 64.4 98.9 68.5 56.5 55.8 53
78.8 27.6 88.3 86.1 70.5 30.4 39.8 37.5 104.4 103.3 151.9 15.1 31.8 45.3 67.1 57.4 52.3 44.1 47.3 60.1 55.1 71 63.9 97.8 67.7 56.1 55.5 53.1
76 24.4 84.4 83.4 69.3 29.1 37.4 35.3 102.1 101.6 151.2 19.2 29.6 43.7 64.9 55.5 50.6 42.8 46.2 59.5 54.1 70.3 64 96.9 66.9 56.1 55.7 53.8
70.7 20.1 75.9 75.5 63.9 25.9 33.1 30.5 97.5 97.4 148.2 21.1 25.6 40.7 61.5 52 47.4 40.1 43.9 60.1 53.8 69.9 64 96.6 66.2 56.4 56.3 54.6
65.2 13.1 65.5 65.1 58 22.2 29 25.5 92.4 92.7 144.3 19.9 21.6 37.6 58.5 48.7 44.5 37.4 42.4 61.2 53.8 69.7 63.6 96.5 65.7 57 57.1 55.4
63.1 7 59.9 59.1 56.7 20.5 27.3 23.4 89.9 90.8 142.4 16.5 19.6 35.9 57.2 47.2 43.3 36.1 42.5 60.6 52.6 68.6 62.4 95.5 64.6 56.7 56.9 54.9
65.6 7.3 61.5 60.6 60.2 22 29 25.2 91.3 92.6 143.4 13.2 20.4 36.6 58.3 48.3 44 36.4 43.9 58.1 49.9 66.3 60.5 93.3 62.6 55.1 55.4 53.1
69.3 11.4 65 64.5 63.2 24.5 31.6 28 93.9 95.3 145.5 11.8 22.7 38.6 60.4 50.4 45.6 37.8 45.4 56.2 47.9 64.7 59.2 91.8 61 53.9 54.6 52.5
69.8 11.6 65 65.3 62.2 25.4 32.5 28.8 94.7 96.1 146.3 12.3 24.4 40.1 61.7 51.8 46.6 39.2 46.8 57.2 48.8 65.7 59.9 92.7 61.9 54.9 56.5 55
66.3 5.2 60.9 62 58.4 23.8 31.2 27 92.9 94.4 145.2 13.3 24 39.8 61.2 51.3 46.3 39.3 47.5 59.9 51.8 68.2 62.1 94.9 64.4 57.4 59.5 58.7
61.2 -0.6 56.2 57.2 54.6 20.7 29.2 24 89.6 91.4 143 12.4 21.1 37.5 58.9 48.9 44.5 37.5 46.5 60.8 52.9 68.9 62.7 95.6 65.5 58.2 59.4 59.3
59.9 0.9 55.9 56.3 55.2 19.7 29.8 23.8 88.9 91.1 142.8 11.7 19.2 36.6 58 47.8 43.8 36.9 45.9 60.1 52.3 68.4 62.7 95.5 65.6 58 57 57.8
65.7 8 62.2 62.5 61.9 24.1 35 29.4 93.9 96.1 147.3 15.4 22.7 40.5 61.9 51.5 47.3 40.9 49 61.2 53.7 70.1 64.7 97.6 67.7 59.8 56.5 58.5
75.6 16.4 73.7 74.2 71.6 31.6 42.1 37.9 102.4 104 154.4 22.6 28.9 46.8 68.2 58 53.2 47.2 54 62.9 56.5 73.1 67.7 100.6 70.7 62.7 58 60.8
83.6 24.4 85.3 85.5 77.8 36.7 46.1 44.1 109 109.6 159.1 27.5 31.5 50.1 72 62.3 57 50.7 56.7 62.2 57.5 74.4 68.9 101.5 71.8 63.6 58.6 61.6
84.4 28.8 89.6 89.1 76.5 36.2 44.7 44.1 109.5 109.4 158.2 26.2 29 48.6 71.1 61.8 56.3 49.5 55.3 60 56.3 73.9 68.2 100.4 71 62.4 58.2 61.2
78.5 26.4 85.4 84.3 69.3 31.8 40 39 104.7 104.6 153.1 20.8 24.6 44.7 67.2 57.7 52.6 45.7 51.5 59 55.2 73.3 67.3 99.5 70.3 61.3 58.1 61.3
72.3 21.2 80 78.7 62.9 28.2 36.8 34.4 100.4 100 148.3 16.2 22.2 42 64 54.2 49.4 42.7 48.4 59.3 55.5 73.5 66.7 99.7 70 61.3 58.5 61.7
71.3 20.5 80 78.1 62.1 28.5 37.3 34.1 100.1 98.9 146.8 15 22.8 41.9 63.4 53.6 48.3 41.8 47 59 55.5 73.1 65.5 99.3 68.8 60.8 57.2 60.3
75.2 25.8 84.8 81.9 65.5 32.4 40 37.1 102.6 101 148.3 16.3 24.7 43.2 64.7 54.6 48.7 42.2 46.9 57 54 71 63.5 96.9 66 58.9 54.4 56.8
79.8 30.1 89.2 85.8 68.9 37.4 42.5 39.9 105.1 103.4 150.4 18.2 26.2 44.5 66 55.7 49.5 43.1 47.4 55 52.3 68.8 62.2 94.5 63.6 56.9 52.6 54.3
81 29 89.6 86.2 69.2 39.8 42.2 39.9 105 103.6 150.6 18.2 25.2 43.9 65.3 55.5 49 42.8 47.2 54.3 51.1 67.5 61.1 93.1 62.5 55.6 52.3 53.3
78.5 25.9 86 82.3 66.6 37.8 39.1 37.1 101.8 100.8 147.7 15.2 21.9 41.2 62.3 53.2 46.6 40.5 45.1 54.3 50.4 66.6 59.7 92.2 62 54.3 52.7 52.6
73.9 23.2 78.7 75.2 62.3 33.2 35.1 33.3 96.9 96.6 143.6 11.2 19.3 38.6 59.2 49.8 43.6 37.6 42.6 55.8 51 66.7 59 92.2 62.3 54 54.1 52.8
70.1 19.5 70.1 68.4 58.5 29.8 32.8 30.4 93.2 93.7 141.4 9.8 19.8 38.2 58.1 47.5 42.3 36.5 42.2 59.3 53.5 68.2 60.3 93.8 64 55.5 56.9 54.9
70.1 16.2 66.4 66.9 58.3 30 33.7 30.7 93.5 94.1 143 12.2 23.2 40.5 59.7 48.2 43.8 37.9 44.1 63.2 56.3 70.1 62.4 95.9 66.1 57.4 59.3 57.4
74 16.8 69.3 70.7 61.8 32.4 36.7 33.5 97 97 146.9 16.1 27.6 43.9 62.6 51.1 46.7 40.4 46.6 64.8 57 70.1 62.8 95.9 65.9 57.2 58.9 57.6
77.5 19.2 72.7 73.8 65 33.3 38.5 35.8 99.1 98.8 149 17.6 29.9 45.5 64.2 53 47.9 41.4 47.4 64.1 55.7 68.3 60.8 93.6 63.5 55 56.4 55.6
77.1 17.3 71.3 71.9 65 31.4 37.5 35.2 97.7 98 148.1 16.8 29.5 44.9 63.6 52.2 46.7 40.3 46.8 63.8 55 67.2 59.5 91.9 62.1 54.1 55.6 54.5
73.8 10.3 66.3 66.7 62.3 28.5 35.1 32.4 94.5 95.5 146 16 28.2 43.4 62 50.1 44.7 38.4 45.8 65.4 56 68.2 60.5 92.5 63 55.7 57.7 55.9
70.2 5.2 61.9 62.5 59.2 26.1 32.5 29 91.8 92.8 144 15.3 26.7 41.5 59.7 47.6 42.5 36.3 44.4 66.8 56.7 68.9 61.5 93.1 63.8 56.7 59.1 57.6
68.4 5.9 60.8 61.6 57.7 25.2 30.7 27.1 90.7 90.8 142.4 14 25.5 39.9 57.8 45.9 40.5 34.5 43 66.3 56 68 60.5 92.1 62.6 55.4 57.6 57.3
69.3 8.7 62.9 63.8 58.4 26.4 30.8 27.7 91.5 90.5 141.7 12.4 25.7 39.6 57.3 46.1 39.4 33.6 42.2 64.4 54.6 66.2 58.2 90.1 60.1 52.8 54.3 55.4
72.8 11.8 68.5 68.9 61.5 29.1 32.9 30.7 94 92.3 142.1 11.4 26.7 40.2 58.7 47.8 39.4 33.2 41.7 61.8 52.6 64.3 55.9 87.9 57.5 50.1 50.4 52.4
77.4 16.8 76.9 75.5 65.8 32.1 36.2 34.6 97.6 95.4 143.4 11.4 27.8 41.5 60.7 49.7 40.5 33.2 40.8 59.3 51 63.1 54.8 86.6 56.1 48.4 46.7 49.3
79.5 21.5 82.3 79.2 67.8 33.4 38.2 36.4 99.4 97.2 144 11.4 28.4 42.4 61.6 50.2 41.6 33.2 39.5 58.7 51.1 63.3 55.2 86.9 56.6 47.9 45.1 47.9
77.7 22.6 81.7 78.1 66.3 32.3 37.6 35.3 98.4 96.2 143.1 10.9 28.2 42.4 60.7 49.2 41.6 32.9 38.3 60.3 53.5 65.4 57.1 89 58.8 49.1 46.5 48.9
75.9 21.6 80 76.4 64.3 31.1 36.5 34.3 97.4 95.1 142.3 10.8 28.5 42.5 60.2 49 41.7 33.2 38.2 63.2 56.9 68.5 59.7 91.9 61.6 51.1 49.5 51
77.3 23.3 81.5 77.6 64.5 31.6 37 35.4 98.4 95.6 142.9 11.3 29.5 43.2 61.5 50.5 42.3 34.1 38.4 64.8 58.3 70 60.8 93 62.4 51.6 50.8 51.5
80.7 28.4 85.7 81.3 66.3 33 38.9 37.6 100.6 97 144.1 12 30.6 43.8 63.2 51.9 42.7 34.4 38 63.6 56.9 68.8 59.7 91.4 60.3 49.5 49.1 49.7
83.5 31.9 89.4 84.9 68.2 35.1 41.2 39.8 102.9 98.6 145.5 13.5 32.5 44.8 64.8 52.9 43.2 34.6 37.7 62.4 55.5 67.3 58.6 89.8 58.3 47.6 47.7 48.9
84.2 31 90.1 85.7 68.7 36.5 42.4 40.6 103.7 99 145.9 14.8 34.4 46 65.4 53.3 43.5 34.5 37.8 62.9 55.5 67.2 58.8 89.7 58 47.1 48.5 50.3
82.4 28.5 86.8 82.4 66.8 35.2 41.1 38.8 101.7 97.3 144.3 13.6 34.7 45.6 64 51.9 42.3 33.1 36.9 64.3 55.8 67.5 59.2 89.6 58.2 46.9 49.9 51.8
78.8 25.7 79.2 75.1 63 32.4 37.9 35.5 98 94.2 141.5 11 34.3 44.2 62 49.4 40.4 31.4 35.8 67.1 56.8 68.8 59.8 89.9 58.8 47.5 51.8 53.4
75.3 20.5 70.3 67 59 31.1 35.3 32.6 94.2 91.4 139.3 9.4 35 43.4 60.9 47.4 39.2 30.7 35.6 71 58.7 70.7 60.8 90.9 59.7 49.1 54.3 55.4
73.1 13.9 64.7 62.5 56.8 31.8 33.7 30.5 91.4 89.3 137.3 8.6 35.5 42.3 59.7 45.6 37.8 29.4 34.6 71.7 58.4 70 59.5 89.4 58 48.3 54.2 55.1
72.7 10.4 63.9 62 56.7 33.2 32.9 29.2 89.7 87.4 135.2 7.8 34 40.3 57.7 43.4 35.5 26.6 31.7 67.5 54 65.2 54.9 84.1 52.5 43.1 50 50.8
73.2 10.7 64.5 62.5 57.5 34 32.6 28.4 89.1 85.6 134 7.6 32 38.7 55.8 41.6 33.4 23.9 28.6 62.6 49.2 60.6 50 78.7 46.8 37.5 45.1 45.9
73 9.8 63.4 61.8 58.1 33 32.5 27.9 88.8 84.8 134 8.8 31.3 38.3 55.1 41.2 32.8 22.8 27.4 61.5 48.2 60 49.2 77.8 45.5 36.3 44.5 45.3
70.8 5.5 60 60 57.4 30.3 31.8 26.9 88 84.9 134.6 10.9 31.5 38.2 55.3 41.6 33.3 22.5 28 64.2 50.7 62.5 52.2 80.6 48.3 39 47.9 48.8
67.4 2.8 56.9 58 55.2 27.1 30.5 25.6 86.6 84.7 134.3 11.2 31.4 37.4 55.1 41.6 32.8 21.7 28 67 53 64.5 55 82.8 50.6 41.3 51.1 52.3
65.5 4.9 56.9 57.7 53.7 26.7 30.4 25.9 86.5 84.8 133.6 9.4 31.8 37.7 55.4 42 32 21.2 27.8 68.2 54.3 65.4 55.6 83 50.5 41.6 52.2 53.3
67.8 8.5 61 60.6 55.2 30.6 33.3 29.2 89.6 87 134.6 7.4 34.3 40.6 57.8 44.2 33 22.4 29 68.8 55.6 66.2 55.3 82.9 50.1 41.8 52 53
74.5 12.5 69.2 67.2 60.1 36.2 38 34.3 95.1 91.2 137.5 6.8 37.6 44.3 61.3 47.6 35.7 24.7 30.9 68.1 56.1 66.4 54.9 82.6 50.1 41.8 51 52
81.8 18.7 78.9 75.4 66 39.7 42.2 38.9 100.5 95.4 140.6 7.4 39.4 46.4 63.9 50.4 38.3 26.7 31.7 66 55.6 65.5 54.3 82 49.9 40.9 50.1 51.1
84.7 24.6 84 79.7 68.4 39.3 43.2 40.2 102.5 96.9 141.6 7.4 38.7 46.2 64.4 51.3 39 27 31.2 64.8 55.6 65.5 54.3 82.2 50.1 40.4 50.9 51.4
82.4 25.1 82 78.1 65.2 36.1 40.5 37.9 100.6 94.6 139.2 5.8 36.1 44.3 62.8 49.8 37.3 25.4 30 66 56.9 67 55.5 83.7 51.1 41.4 52.8 52.9
79.3 22.5 78.6 75.3 60.6 33.5 37.6 35 97.7 91.3 135.7 3.7 33.3 42.7 60.8 47.5 34.8 23 28.8 67.6 58.3 68.2 56.4 84.7 51.9 42.5 52.8 53.6
79 23.4 79.4 75.7 59.5 33.7 37.2 34.5 97 90 134.3 3 31.9 42 59.9 46 33.2 21.2 27.4 67 57.2 66.5 55 83.3 50.6 41.6 48.6 51.3
81.3 29.4 84.5 79.5 62.5 36.3 39.2 36.8 99 91.7 136 4.7 33 43 60.5 46.4 33.8 21.3 26.8 64.5 54.6 63.4 52.2 80.6 47.9 39.4 43.2 47.7
84.3 34 89.8 83.8 66.6 40.1 42.3 40.1 102.1 94.9 139.4 7.5 35.8 45.5 62.6 48.4 36.3 23.5 28.1 63.4 53.6 62.5 51.1 79.2 46.8 38.8 41.5 46.5
85.1 32.8 90.4 84.1 66.9 41.4 43.1 41 102.7 95.3 139.5 6.4 36.5 46.7 63.3 49.2 37 24.1 28.5 63.4 53.8 63.1 51.1 78.4 46.3 38.7 42.6 46.7
82.7 28.8 85.4 78.9 62.2 38.2 40.3 38.1 98.9 91.2 134.4 -0.5 33.5 44.2 60.9 46.7 33.9 20.7 25.9 63 53.3 62.7 50.3 76.9 44.6 37 42.7 45.6
78.3 25.1 76.6 70.5 55.3 33.5 35.9 33.7 93.4 85.4 127.4 -8.9 30.1 40.6 57.7 43 29.5 16.2 22.9 63.5 53.3 62.3 50.2 76.5 43.7 35.9 43 44.9
74.3 20.4 67.4 62.6 49.7 30.9 32.8 30.2 89.4 81.1 122.9 -13.6 29 38.5 56.1 40.5 27.2 14 22.2 65 54.1 62.7 51.6 77.6 44.6 36.8 44.9 46.1
73.5 16.1 63 59.4 47.8 30.6 32.6 28.8 88.4 80.4 122.5 -13.1 29.5 38.3 56.2 40 27.4 14.4 23.3 64.9 53.8 62.4 52 78.2 45.5 38.1 46.6 47.2
76.3 15.7 64.9 61.5 49.2 31.8 34.5 29.8 89.8 82.7 125.2 -9.6 30.5 39.5 57.1 41 28.8 16.4 25 61.9 51.2 60.1 49.8 76.6 44.5 37.6 45.9 46.3
79.1 17.4 67.8 64.2 50.9 32.8 35.9 30.9 91 84.5 127.5 -6.4 31.3 40.3 57.4 41.6 29.7 18.3 26.3 58.7 47.6 56.8 46.6 74.1 42.5 36 43.9 44.4
78.5 15.2 66.6 63 50 32.1 34.9 30.1 89.7 83.6 127.8 -5.3 31.2 39.5 56.5 40.8 29.4 18.6 26.7 58.6 46.1 55.5 45.5 73.5 42.1 35.5 43.1 44.1
74.6 8.2 61.1 57.7 46.4 29.2 31.6 27.1 86.1 80.4 126 -6.6 30.1 37.1 54.4 38.8 27.9 17.2 25.8 60.8 47.3 56.5 46.4 74.7 43.3 36.5 43.4 44.7
69.8 2.9 55.3 51.6 41.9 25.2 27.7 23.2 81.9 76.5 123 -9.5 27.6 33.6 50.9 35.5 25.3 14.4 23.5 61.6 48 56.5 46.5 75 43.4 36.5 42.4 43.6
67 3.1 52.8 48.5 39.7 22.3 25.4 20.9 79.8 74.7 120.9 -11.2 25.1 31.2 48.1 33 23.5 12.5 21.8 60.2 46.9 55 44.9 74.1 42.4 35.6 40.5 41.3
67.9 5.3 55.2 50.8 41.8 22.8 26.5 22.1 81.4 76.8 122.1 -9.1 24.6 31.5 48.4 33.7 24.5 14 23.1 58.5 45.6 54.2 43.7 73.9 42 35.7 39.6 39.8
72.2 8.9 63 58.6 47.6 26.5 30.3 26.3 86.8 81.9 126.2 -4.1 25.8 34.1 51.8 37.4 27.9 17.9 26.3 56.8 44.9 54.4 44 74.7 42.8 36.7 39.2 39.2
77.2 15.5 73.4 68 53.7 30.1 34.3 30.9 93 87.2 130.7 0.3 27 36.7 55.5 41.5 31.7 21.5 29 54.7 44.5 54.6 44.9 75.9 43.8 37.3 38.4 38.7
78.7 20.8 78.8 72.4 56 30.4 35.4 32.5 95.7 89.4 132.7 1.4 26.4 37.3 56.8 43 33.4 22.7 29.9 53.5 44.7 55.1 46.4 77.2 45.1 37.9 38.1 38.6
76 20.1 76.9 70.3 53.7 27.4 33.2 30.8 93.9 88.2 131.8 0.1 24.4 35.7 55.4 41.8 32.6 22.2 29.5 53.9 45.7 56.8 48.9 79.2 47.3 39.6 39.7 39.9
72.8 16 73.6 67.7 51 24.2 30.5 28.9 91.2 86.2 130.2 -1.1 22.5 33.7 53.6 40 31.2 21.5 28.9 54.1 46.4 58.9 51 80.9 49.6 41.6 42 41.3
71.7 14.9 73.6 68.3 50.8 22.8 28.9 27.9 90 85.2 129 -1.5 20.6 31.7 51.7 38.4 29.8 20.6 27.7 51.3 44.3 57.7 49.3 79.7 48.9 40.5 41.1 39.5
73 18.9 77 71.1 53.6 23 28.4 27.9 90.4 85.5 129.1 -1.5 18.7 29.9 50.1 37.1 28.4 19.3 25.8 45.9 40.1 53.2 44.4 75.5 45.2 36.4 36.8 34.5
74.9 22.3 80.9 74.2 58.2 24.5 29.4 28.7 92 87.3 131.3 0.1 18.1 29.3 49.7 36.9 28 19.4 25.1 42.2 37.2 49.3 40.7 72.1 42.4 33.4 33.6 31
74.8 21.2 81.3 75.3 61.3 25 29.9 28.2 92.4 88.1 133 2 18 28.9 49.2 36.6 27.9 20.1 25.3 41.1 36.1 47.7 39.3 71.2 41.6 32.8 33 30.2
71.2 17.7 77 72.5 60.2 22.4 27.5 24.4 89.5 85.5 131.2 1.2 16.3 26.5 46.4 34.1 26 18.9 24.6 40.7 35 46.8 38.2 70.7 40.8 32.9 33.2 29.8
65.2 13.1 68.1 65.4 55.2 18.6 22.8 18.7 83.9 80.9 126.9 -1.7 14.1 23.4 42.8 30.2 23.2 16.2 23.6 41.7 34.3 46.8 37.9 70.6 40.5 33.6 34.5 30.1
59.9 6.6 58.3 56.9 50.1 16.4 19.3 14.7 79.1 77.2 124.1 -3.6 13.7 22 40.9 27.7 22 14.7 24.1 45.2 35.3 48.4 39.2 71.8 41.6 35.7 37.6 32.5
58.6 0.7 53.6 52.9 48.6 16.6 18.6 14.1 77.7 76.7 124.7 -2.6 15.1 22.7 41.4 27.8 22.7 15.4 25.6 48 36.5 49.5 40.3 72.8 42.3 37.2 39.7 34.7
60.9 -0.5 55.1 54.8 51.1 18.2 20.1 16 79.4 78.4 127.4 0.5 16.4 24 42.8 29 24.1 16.9 26.9 47.1 35.6 47.9 39.1 71.7 40.8 35.7 39 33.8
63.3 1 57 57.7 54.1 19.6 21.1 17.3 80.6 79.7 129.7 3.2 16.9 24.4 43.5 29.8 24.6 17.6 27.7 44.7 33.4 45.2 37.2 69.5 38.6 33.2 37.8 31.8
62.5 -1 54.7 56.8 53.9 19.4 20.3 16.1 79.5 78.9 129.8 4.2 16.8 23.9 43.1 29.5 24.2 17.2 27.9 44.7 33.3 44.9 37.3 69.4 39 33.2 39.4 32.7
58.7 -7.3 48.9 51.9 50.4 17.2 17.8 12.9 76.7 76.6 128.3 3.9 16.2 23.1 41.7 28.4 23.3 16.4 27.7 47.3 35.3 47.2 39.4 71.4 41.4 35.9 42.7 36.1
54.5 -11.1 44 46.9 46.2 14.3 14.8 9.9 73.8 74.5 126.5 3.1 14.8 22 40.2 26.7 22.3 15.5 27.3 49.8 36.6 49.3 41.1 73.2 43.6 38.2 43.6 38
53.5 -9 44.3 46.3 44.9 13.5 14.1 10 73.2 74.7 126.3 3.2 14.5 22.3 40.1 26.6 22.4 16 28.2 51.6 37.1 50.6 42.3 74.6 45.1 39.5 42.3 38.1
56.6 -5.2 49.6 50.7 47.3 16 16.9 13.6 75.9 77.5 128.1 4.2 16.6 24.9 42.4 29.3 24.2 18.4 30.6 52.6 38.1 51.6 43.4 76.1 46.2 40.4 41.2 38.2
61.9 -1.5 58.3 58.7 52.4 19.8 21.4 18.5 80.7 81.3 130.3 4.7 19 28.2 45.3 33 26.5 20.6 32.3 51.6 38.6 51.5 43.4 76.6 45.9 39.6 39.7 37
67 4.5 67.4 67.1 58.1 22.1 25 22.4 85.3 84.4 131.9 4.8 20.2 30 47.4 35.8 28.1 21.4 31.7 49.2 38 50.6 42.6 75.8 44.5 37.6 37.3 34.6
68.5 9.6 71 70.3 60.4 21.8 25.4 23.1 86.9 84.9 132.3 5.8 19.8 29.6 47.7 36.3 28.2 20.7 29.6 48.2 37.8 50.5 42.1 75.2 43.8 36.3 36.2 33
65.7 9.2 67.5 66.8 57.6 19.1 22.7 20.5 85.2 82.8 131.4 6.9 18.3 27.7 46.4 34.6 26.9 19.2 27.6 49.3 39.2 52 43 76.5 44.7 37.4 37.7 34
62.6 6.4 63.9 62.8 54.4 16.8 20.5 18.5 84 81 131.1 7.3 17.3 26.8 45.7 33.3 26.3 18.9 27.7 51.3 41.5 54.5 45.2 79.2 47 40 40.3 36.8
63.3 8 66.1 64.1 55.2 16.7 21.1 19.8 85.5 82 132.9 6.6 17.6 27.9 47 34.4 27.6 20.8 29.9 51.5 42.4 55.6 46.9 81.1 49.1 41.9 41.7 38.8
67.1 14.7 72.6 69.5 59.3 18.5 23.8 22.9 89 85.1 135.8 6.2 18.7 30.1 49.4 36.7 30 23.7 32.7 49.4 41.4 54.5 47.1 81 49.9 42.2 41.5 39
71.4 19.8 78.6 75 63.9 21.5 27.2 26 92.7 89.2 138.9 8.2 20.6 32.7 52.2 39.6 33.4 27.2 35.8 48.1 41 54 47.1 81.1 51.2 43.1 41.9 39.4
73.7 19.9 80.4 77.3 66.2 23.8 28.7 27.2 94.4 92.1 140.6 11 22.1 34.3 54.1 41.7 36.1 29.9 38.4 48.8 42.4 55.5 48.2 82.4 53.5 45.1 42.8 40.6
72.3 17.5 76.9 74.9 64.5 22.8 26.7 25.2 92.3 91.5 139.7 11.6 21.4 33.4 53.2 41.2 35.9 29.9 38.8 50.3 43.9 57.2 49.1 83.2 54.6 46.4 42.8 40.9
67.2 13.1 68.3 67.9 59.1 19.1 22.1 20.5 87.1 87.3 136.5 9.5 18.7 30.5 50 37.8 33 27.6 37.3 52 44.2 57.9 49.6 83.3 54.4 46.7 42.7 41
61 5.7 58 59.2 53.5 15.8 17.8 15.6 81.6 82.7 133.2 7.1 16.3 27.7 46.6 33.9 29.9 25.5 36 53.9 44 58.1 49.7 83.6 54.4 47.2 44.2 42.4
57.9 -0.5 52.8 54.9 51.3 14.9 16.5 13.7 79.1 80.6 131.9 6.1 15.4 26.3 45.4 32.4 28.8 25 35.7 54.4 43.2 57.4 48.9 83.8 54.5 47.4 45.6 43.9
59 -1 54.2 56.7 52.6 16.3 17.7 14.8 80.2 80.9 132.4 6.2 15.8 26.4 45.9 32.8 29.6 25.4 35.9 51.9 40.9 54.8 46.4 81.7 52.5 45.5 44.1 42.4
60.7 1.2 56.7 59.3 53.5 17.6 18.2 15.6 81.1 81.1 132.1 5.6 15.8 26.3 45.7 32.8 30 25 35.4 48.2 37.7 51.3 42.8 77.9 48.9 42.5 40.2 38.6
59.4 -1 54.9 57.4 52.5 16.5 16 13.8 79.1 79.5 130.2 3.9 14.4 24.9 43.8 31.1 28.6 23.3 34.1 46.5 35.8 49.4 40.4 75.3 46.8 40.8 37.9 36.3
54.9 -8.6 49 51.2 50.6 13 12 9.9 75 76.8 127.5 2.2 11.9 22.1 41 28.3 26 20.9 32.4 47.3 35.6 49.3 40.2 75.2 47 41 38.3 36.6
50.2 -14.1 43.1 45.5 49.4 9.7 8.5 6.4 71.5 74.1 125.3 0.8 9.8 19.3 39 25.9 23.6 18.8 30.5 48.6 35.9 49.5 40.8 76 47.7 41.7 39.1 37.1
49.6 -12.7 42.3 44.9 51.1 9.6 8.8 6.7 72 74.3 125.7 0.9 10.6 19.5 39.8 26.4 23.9 19.2 30.6 50.3 37.1 50.8 42.5 78 49.1 43.2 40 38.1
54.4 -7.8 47.6 50 55.4 13.4 13.9 11.7 77 78.6 129.9 4 15.2 23.8 44 30.4 28.1 22.9 33.4 52.6 39.9 53.5 45.4 81 52 45.7 42.1 40.9
61.5 -2 57.6 59.3 60.2 18.6 21 18.8 84 84.5 135.2 8.4 20.5 29.7 49.3 35.7 33.3 27.5 36.3 54 42.2 55.7 47.8 83 54.4 47.3 44 43.5
66.6 5.4 68.4 69 63.7 22.5 26.7 24.7 89.8 89.2 139 11.8 23.8 33.9 53.2 39.7 36.8 30.3 37.5 53.7 42.9 56.6 48.6 83.4 55.2 47.6 44.4 44
67.2 11.3 73.3 73.1 64.1 23.9 28.7 27 91.5 90.6 139.9 12.8 24.4 35 54.4 40.9 37.6 30.7 37.5 53.7 43.4 57.5 49.4 83.8 55.6 48.3 44.4 44
64.9 12 71.1 71 61.7 23 27.4 25.6 89.9 89.4 138.9 13 23.5 34 53.6 39.8 36.4 29.8 37.4 55.5 45.4 59.8 51.5 85.8 57.6 50.4 45.6 45.7
64.1 10.6 68.8 69 60.2 22.1 26.2 24.2 88.7 89 139.1 15.5 22.8 33.4 53.1 39.3 35.8 29.8 37.8 57.8 48.4 62.8 54.2 88.6 60.5 53 47.8 48.5
66.9 13 71.4 71.6 62.3 22.9 27.2 25.3 90.2 91 141.4 20.2 23.6 34.2 53.9 40.3 36.8 31 38.1 58.3 50.1 63.8 54.5 89.5 61.5 53.4 48.4 49.2
71.5 19.7 77.4 77.2 66.1 25.3 29.9 28.3 93.2 93.9 144 23.8 25.4 35.6 55.7 42.1 38.1 32.2 38 56.5 49.4 62.8 52.5 87.8 59.6 51.5 46.6 47.5
74.9 23.7 81.9 80.9 68.4 28.3 32.6 30.7 95.6 95.7 144.8 22.9 27.4 37 57.3 43.8 38.9 32.4 38.3 54.8 48.3 61.8 50.8 85.9 57.4 49.7 44.9 45.8
74.3 20.8 81 79.1 66.8 28.9 32.5 29.9 94.6 94.1 142 16.6 27.3 36.6 56.6 43.3 37.2 30.2 37.3 53.3 46.9 60.7 49.2 83.7 55.2 47.8 43.4 44.5
69.8 14.7 74.9 72.4 61.1 25.9 28.4 25.5 89.2 88.5 135.8 6.5 23.7 33.1 52.7 39.1 32.4 24.8 33.3 51.4 44.5 58.2 46.2 80.5 51.9 44.8 41.1 42.7
64.2 9 65.1 62.9 53.7 21.6 22.7 19.9 81.8 81.7 128.7 -3.8 19.5 28.7 47.8 33.4 27 19.2 28.6 51.3 43.1 55.9 43.7 78.3 49 42.5 40.2 41.8
60.2 3 54.8 54 47.5 19 18.8 15.6 76.3 76.8 123.2 -11.3 18.1 26.5 44.6 29.5 23.7 15.8 26.3 53.8 43.7 55.3 43.2 77.9 48 42.4 41.5 42.6
59.6 -1 49.8 50.6 45.5 19.6 18.4 14.5 75.2 75.6 121.1 -13.8 19.6 27.5 44.2 28.9 23.3 15.3 26.6 55.8 44.3 55.2 43.3 77.3 47.5 42.5 42.6 43
63.1 0.4 52.3 53.9 48.9 22.8 21.4 17.1 78.4 78 122.9 -11 22.5 30.4 46.2 31.1 25.2 17.1 28.3 55.7 43.3 54.3 42.8 75.5 46.3 41.1 41.4 42
67.6 4.7 57.1 59 54.3 26.1 24.9 20.4 82.2 81.3 126.4 -5.8 24.8 32.8 48.9 34 27.2 19.4 29.7 54.7 41.9 53.6 42 74.1 45.1 39.6 39.4 41
69 4.6 58.2 60.2 56.7 27 25.8 21.3 82.7 82.2 127.9 -2.5 25 32.9 49.9 35.3 27.4 19.9 29.8 54.7 41.6 54 42 74.1 45 39.4 38.9 41.2
66.1 -1.3 54.2 56.7 54.2 25.2 23.3 18.7 79.8 79.8 126.1 -2.8 23.4 31 48.2 33.8 25.7 17.9 28.3 55.7 42.2 55 42.4 74.6 45.5 40 40 41.8
61.8 -6.3 49.2 51.7 49.3 22.4 19.9 14.5 75.9 76 122.4 -5.4 21 28.3 44.9 30.4 22.9 14.5 25.5 55.6 42.2 54.9 42 74.2 44.7 39.6 40.6 41.7
60.3 -5.9 47.8 49.7 47 21.4 18.9 12.6 74.5 74.1 120.9 -6.8 19.9 27.1 42.8 28.2 21.1 12.8 23.8 54.6 41.7 54 41.1 73.4 43.5 38.4 40.2 41.1
63 -2.3 51.5 52.6 49.8 23.3 21.4 15.2 77.2 76.2 123.5 -4.7 21.7 28.4 44 29.5 22.1 14.3 24.3 53.5 41.5 53.8 40.9 73.3 43.3 37.7 39.5 40.9
68.4 2.8 59.9 60.2 56.5 26.9 25.5 20.5 82.9 80.9 128.2 -0.4 24.7 30.9 47.5 33 24.9 17.4 26.1 51.2 40.4 53.2 40.6 73 42.9 37 37.4 39.8
73.1 9.9 69.4 69 62.9 29.7 28.8 25 87.9 84.8 131.8 2.7 25.6 32.1 50.3 35.8 27.1 19.3 26.8 47.3 37.9 51.2 39.3 71.4 41.1 35.2 33.4 36.7
73.9 15.3 73.9 73.1 65 29.9 29.2 26 89.2 85.3 131.8 2.8 23.3 31 50.3 35.8 26.9 18.4 25.5 44.2 35.8 49.4 37.9 69.9 39.2 33.3 30.1 33.4
70.9 14.3 71.8 70.8 62.2 27.9 27.3 23.9 87.1 83 128.9 0.5 19.7 29 48.4 33.5 24.7 15.7 23 44.2 36.3 49.9 38.5 70 39 32.9 29.9 32.3
67.7 10.1 68.7 66.9 58.4 25.4 25.5 21.5 84.7 80.5 125.7 -2.4 17.4 27.4 46.4 30.9 22.4 13.3 20.5 45.4 37.7 51.3 40.3 70.7 39.9 33.3 31.2 32.9
67.7 10.1 69.6 66.4 57.8 24.4 25.9 21.4 85.1 80.1 124.8 -3.7 17.5 27.2 45.8 30 22 12.5 19.1 44.8 37.7 51.2 40.5 70.1 39.5 32.6 30.8 32.8
71.7 16.4 75.2 70.7 61.7 25.9 29.1 24.7 89 82.8 127.6 -1.3 19.8 29.2 47.8 32.3 24.3 14.3 20.1 43.3 36.8 50.1 39.4 69.2 38.5 31.5 29.5 32.5
77.1 22 81.5 76.9 67.4 29.6 33.4 29.6 93.7 87.2 132.7 3.9 23.4 32.9 51.8 36.8 28 17.9 23.3 43.3 37.3 50.2 39.4 69.8 38.9 31.9 29.9 33.7
79.6 22.4 83.6 79.7 70.2 32.6 35.7 32.1 95.5 89.6 135.5 6.6 26.1 35.3 54.5 39.8 29.9 20.2 25.3 44.4 38.5 51.3 40 71 39.9 32.9 30.7 35.1
77.8 20.2 79.9 76.5 67.8 32.8 34.5 30.5 93 87.6 133.3 3.7 26.6 34.6 53.5 38.9 28.4 18.7 23.7 45.6 39.3 51.9 40.2 71.4 39.8 32.9 30.5 35.3
72.2 16.4 70.5 68 61 30.4 30.7 25.6 87.2 81.9 127.4 -2.9 25.8 32.3 50 35.4 24.7 14.8 20.4 48.2 40.4 52.6 40.3 71.4 39.5 32.7 30.9 35.8
65.7 9.4 58.6 57.6 53 27.6 26.8 20.1 80.5 75.5 121.3 -9.5 25.3 30.5 46.5 31.2 21.1 10.7 17.9 51.5 41.8 53.6 40.3 71.1 39.1 32.7 32.7 37.4
62.9 3.1 51.7 51.7 47.8 26.7 25.1 17.3 76.4 71.9 118 -13 25.4 30.4 45.1 28.6 19.4 8.3 17.2 53 42 53.1 39.3 69.6 38.1 31.7 33.8 38.2
65.4 2.3 52.2 52.2 47.4 28.4 26.3 18 76.1 72.3 118.2 -12.1 26 31.8 46 28.3 19.8 8.2 17.9 52.1 40.6 50.8 37.6 67.1 36.1 29.5 32.9 37.1
68.9 4.2 54.5 54.2 49.3 30.9 28.4 19.3 76.9 74 119.9 -9 26 33 47.2 29.1 20.9 9.1 19.1 51.1 39 48.6 36.4 65.3 34.7 27.8 32 35.6
68.9 2.4 53.8 53.5 49.9 33.6 29.4 19.1 76.8 74.4 120.8 -6.4 25.6 33.3 47.3 29.4 21.4 10.2 20.3 52.2 39.7 48.9 37.5 66.2 35.6 28.9 33.5 36.8
65.5 -3.3 49.9 49.8 47.5 36.5 28.8 17.1 75.1 72.7 120 -6.2 25.2 33.1 46.4 28.9 20.9 10.6 21 55.2 42.9 51.7 40.4 69.2 38.1 31.9 36.9 40.1
61.7 -7.5 45.2 45.3 43.3 37.7 26.8 14 72.1 69.5 117.5 -8.8 24.4 32 44.6 27.2 18.9 9.4 20 57.6 45.3 54.1 41.8 70.8 39.1 33.3 38.7 41.8
61.5 -6.3 44.3 44.6 42.6 37.1 25.5 13.2 71.3 68.5 116.6 -9.6 25.1 31.8 44.3 26.8 18 9.1 19.5 59.1 46.9 55.8 42.6 71.6 39.4 33.5 39.2 42.2
67 -1.3 50.2 50.4 48.9 36.9 27.5 17.1 75.9 73 121.3 -4 29 34.9 48.2 30.6 21.6 12.8 22.5 61.5 49.5 58.7 45.3 74.1 41.7 35.5 41.5 44.1
74.8 4.7 61.3 60.8 58.6 37 31.4 23.5 83.6 80.2 128.9 4.7 33 39.2 53.7 36.3 27.3 18.3 27 62.5 51.4 60.9 47.9 76.5 44.2 37.8 43.6 46.1
79.2 11 71.4 69.8 65.2 35.7 34 27.7 89 84.8 133.1 8.4 33.8 40.8 56.3 39.5 30.2 21.3 28.9 60 50.2 59.9 47.6 76.4 44.3 37.5 42.6 45.6
77.9 15 74.4 72.1 65.2 33.2 33.7 27.4 89.4 84.8 131.4 4.7 31.8 39.2 55.4 38.9 29.4 20.5 28 57.4 48.3 58.2 46.6 75.4 43.5 36.4 40.9 44.3
73.3 13.8 70.6 68.6 61.1 30.6 31.2 24.3 86.5 82.1 127.3 -1.6 29.4 36.7 53.3 36.9 27.6 18 26.5 58 49.2 59.3 47.8 76.6 44.5 37.5 41.9 44.8
69.8 10.4 66.7 65.4 58.1 29.2 28.7 22.2 83.9 80.3 125.3 -5.4 28 35.3 52 35.8 26.6 16 25.9 60.5 52 62.5 50.1 78.9 46.6 39.7 43.8 46.1
70 11.5 67.7 66.2 58.5 29.8 28.1 22.9 83.8 80.8 126.7 -5 28 35.8 52.1 36.4 27 15.7 25.8 61.6 53.4 64.3 50.6 79.5 46.9 40 43.4 45.3
73.1 18.2 73 70.8 61.8 32.1 29.7 25.7 86.5 83.4 130 -1.3 29.4 37.7 53.7 38.1 28.6 17 25.7 60.7 52.7 63.8 49.4 78.3 45.3 38 40.6 42.9
76.5 22.8 78.6 75.5 65 34.8 32.3 28.4 90.1 86.4 132.9 2.8 31.6 40.2 56 40 30.7 19.1 25.9 59.2 51.6 62.5 48.2 77.1 43.8 35.9 38.3 41.1
77 20.4 79.1 75.6 64.5 35.8 32.8 28 90.6 86.4 132.9 3.9 32.2 40.3 56.1 39.9 30.4 19.2 25 57.4 50 60.7 47 75.5 42.3 34.1 37 39.8
73.3 14.8 73.4 69.8 58.9 33.4 29.4 23.7 86.5 81.9 128.8 0.5 29.2 36.8 52.4 36.2 26.4 15.6 21.8 55.3 47.3 58.2 44.7 72.9 39.7 31.7 35.8 37.9
67.1 9.2 62.9 60.1 51.1 29.7 24 17.6 79.8 75.4 122.9 -4.9 25 32.3 47.2 30.9 21.2 10.9 18.3 55.1 45.5 56.6 43 71.1 37.6 30 36.1 37
62.3 2.9 52.1 51 44.9 27.4 20.3 13.1 74.3 70.9 118.6 -8.9 23.4 30 44.1 27.3 18.2 8.4 17 57.4 46.1 56.7 42.8 71.4 37.7 30.4 38.5 38
61.7 -1.9 47.4 47.1 43.2 28.6 20.4 12.3 72.5 69.9 117.6 -9.7 24.6 30.5 44.3 26.7 18.4 8.6 17.9 59.3 47 56.7 43 72 38.5 31.1 40.8 38.8
65 -1.5 49.7 49.6 45.6 32.8 23.7 14.5 74.3 71.7 119.5 -7.8 27.2 32.6 46.4 28.4 20.4 10.5 19.4 58.7 45.8 55.2 42 71.1 37.9 30.2 40.5 37.5
68.6 1.6 53.2 53.4 48.6 36.8 26.7 16.8 76.4 73.4 121.7 -5.7 29 34.2 48.1 30.1 22.2 12.1 20.6 56.7 43.5 53.1 40.5 69.6 36.5 28.8 39 35.3
68.8 1.2 52.5 53.5 49 37.7 26.8 16.5 76 72.9 122 -5.5 28.7 33.9 48.1 30.1 22.4 12.5 20.9 55.6 42.4 52.5 40.4 69.2 36.2 29 38.8 34.6
65.4 -4.4 47.3 49.1 46.1 34.9 24.2 13.7 73.1 70.3 119.7 -7.6 26.5 31.7 46.2 28.4 20.9 11.4 20.2 56 42.4 53.4 41.5 69.7 37.2 30.4 39.8 35.3
60.9 -9 41.6 43.4 41.7 29.7 20.4 10.2 69.3 67.1 116.5 -10.9 23.3 28.3 42.9 25.7 18 8.9 18.4 56 41.6 53.7 41.8 69.7 37.7 30.7 40.8 35.8
58.8 -8.5 39.9 41.1 40 25.5 18.3 8.9 67.5 65.8 115.2 -12.9 20.9 25.8 40.7 23.9 16.1 6.8 17 54.6 40.2 53 41.2 69.3 37.7 30.2 41.5 36.2
60.7 -5.5 43.9 44.3 42.7 24.9 19.4 11.2 69.8 67.9 117.2 -11.4 20.6 25.9 41.7 24.6 16.9 7.6 17.8 52.5 39.2 52.2 40.7 69.5 37.9 30.2 42 36.6
65.6 -1.4 53.1 52.3 48.6 27 22.9 15.9 75.2 72.5 121.1 -7.7 21.6 27.7 44.7 27.4 19.7 10.7 19.6 49.2 37.9 50.8 40.2 69.9 37.7 30.4 40 34.9
70.9 4.9 63.9 61.4 54.3 29.2 26.3 20 80.5 77.2 124.7 -4.5 22.2 29.1 47 30.4 22.3 13.4 20.7 45.4 35.9 48.9 39.1 69.7 37.1 29.9 35.4 31.1
72.7 10.1 69.4 66 56.4 29.1 27.2 20.8 82.9 79.4 126.3 -3.6 21.4 29 47.2 31.7 23.6 14.1 21.3 44.1 34.8 48.3 38.8 70.2 37.5 30.2 32.3 28.7
69.7 9.2 67.7 64.5 54.5 26.3 24.6 18.3 81.8 78.4 125.5 -4.3 19.3 27.4 45.6 30.9 23.3 13.4 21.6 46.1 35.8 50.1 40.2 72.3 40 32.6 33.6 30.7
65.2 6.2 64.7 62.3 52.4 23.2 21.2 15.8 80.2 77.1 124.5 -3.8 17 25.3 44.2 29.7 22.4 12.9 21.6 48.5 37.5 52.7 42.3 74.6 43.1 35.4 37.4 34.7
64.3 8.9 67 64.8 54.3 23 21.2 16.8 81.6 78.7 126.1 0.9 16.6 24.8 44.9 30.2 22.8 14.1 21.9 48.6 38.3 53.8 43.4 75.6 44.6 36.8 40.2 37.1
67.9 17.3 74.1 71.6 60.6 25.8 24.5 20.6 86.3 83.3 130.7 9.1 18.5 26.6 47.2 32.9 25.1 17.3 23.3 46.7 37.5 53.2 43.3 75.6 44.7 36.9 41.3 37.6
72.1 22.8 80.2 77.8 66.6 28.6 27.5 24 90.9 87.5 135.6 16.5 20.7 28.8 49.2 35.8 28.1 20.8 25.2 44.6 35.9 51.7 42.8 75.4 44.8 36.9 41.7 37.4
72.5 20.8 79.9 78 67.5 28 26.4 23.2 91.2 87.6 136.7 18.1 20.2 27.9 48.2 36 28.6 21.3 25.1 41.6 33.1 49.3 41.1 74 44.1 35.9 40 35.6
68.9 16.1 74 72.5 63.5 24.1 21.4 18.6 86.7 83.8 133.4 13.9 16.7 23.6 44.1 32.9 25.9 18.3 22.2 38.6 30 46.7 38.6 71.5 42.3 33.7 36.1 32.5
64.1 12.3 65.3 64.5 58.1 20.4 16.7 13.8 81.3 79.6 129.1 8.2 14 20 40.8 29.6 23.1 15.4 20.1 39.4 29.6 46.8 38.1 71.3 42 33.8 35.1 32.3
60.2 7.4 57.1 57.7 54.1 19.2 14.7 10.9 77.7 77.1 126.2 2.6 13.6 19.6 40.4 28.2 22.4 14.6 21 44.2 32.4 49.6 40.2 74 44.3 37 38.7 35.8
59 2.4 53.5 54.9 52.6 19.5 15 10.7 76.7 76.2 125 -3.4 13.9 20.6 41.5 28.5 22.8 15 23.4 47.4 33.9 50.8 41.4 75.8 45.8 39.4 42.1 38.5
61.1 1.8 55.6 56.9 53.6 20.6 16.7 12.7 77.9 76.8 125.4 -7.2 14.4 21.3 42.4 29.2 23.4 16 25.8 45.8 32 48.5 39.6 74.3 44.4 38.1 41.6 37.3
64.2 5.1 58.9 60.2 55.5 22.6 18.5 15.1 79.9 78.3 126.9 -6 15.4 22 43.1 30.2 24.4 17.8 28 42.9 29.7 46 37.7 72.2 42.8 36 39.4 35
65.6 6.2 59.3 61.1 55.9 24.3 19.1 16.3 80.9 79.3 128.1 -2.5 17 23 43.8 31.3 25.9 19.7 30 43.6 30.6 47 38.8 72.7 44 36.9 39.7 35.6
64.2 1.8 55.9 58.2 53.5 24.6 17.6 15.1 79.5 78.3 127.1 -2 17.8 23.4 43.8 31.3 26.5 19.8 30.6 47.4 33.8 50.3 42 75.3 46.5 39.7 42.8 38.8
60.9 -3.4 50.9 53.4 48.9 22.5 14.7 11.5 75.7 74.9 123 -6.3 16.4 21.9 41.9 28.8 24.3 17.1 28.8 49.8 35 51.7 42.9 76.1 46.6 40.6 44.8 40.4
59 -4.3 48.7 50.9 45.9 19.9 13 8.8 72.8 72 119.2 -11 14.4 20.2 39.6 26.3 21.3 14 26.7 49.6 34 50.9 41.3 74.6 45 39.4 44.4 40.1
61.5 -1.7 52 53.8 48 20.2 15.3 10.5 74.2 73.3 119.7 -11.1 15 21.1 39.8 27.2 21.3 14.2 26.9 49 33.6 50 40 73.5 44.6 38.8 43.8 40.2
67.9 3.3 61.1 61.9 54.2 23.8 21.1 16.2 79.9 78.4 124.1 -6.9 17.8 24.5 42.8 31 24.6 17.3 28.6 48.4 34.3 49.9 40 73.5 45.3 38.9 43.4 40.7
74.3 11 71.8 71.1 60.4 27.4 26.6 22 86 83.7 128.8 -2.4 20.7 27.7 46.5 34.9 28.1 20.4 29.8 47.8 35.4 50.4 40.6 74.2 45.7 38.8 43.1 41.1
76.6 17.3 76.9 75.4 62.5 28.8 28.5 24.2 88.8 85.5 130.6 -0.6 22.2 29.2 48.6 36.2 29.3 21.3 29.8 48.9 37.4 51.9 42.1 75.7 46.4 39.4 44.5 42.7
74.7 17.7 75.2 73.6 60.2 27.8 27.4 22.6 87.8 83.6 129.1 -1.8 22.6 29.2 48.4 35.1 28.3 20.1 28.8 52.3 40.8 54.9 44.7 78.1 48.2 41.3 47.9 45.6
72.7 15.5 73.1 71.4 58 27 26.9 21.4 86.6 81.9 127.4 -3.4 23.2 29.6 48.1 34.4 27.6 19 28.1 56.1 44.3 58.7 47.5 80.6 50.5 43.4 51.2 48.1
74.1 17.6 75.8 73.4 59.7 28.5 29.4 23.8 87.9 83.4 128.3 -2.9 25.1 31.9 49.8 35.9 28.8 19.6 28.4 58.2 46.5 61.2 48.8 81.5 51.1 43.8 52 48.3
78 24.7 82 78.7 64.6 32 33.7 28.3 91.5 87.1 131.7 -0.4 28 35.3 53.3 39 31.2 21.6 29.3 58.2 47.4 61.7 48.4 80.5 49.7 42.3 50.6 46.5
81.4 29.5 87.2 83.6 69.7 35.6 37.3 31.9 95.1 90.6 135.3 3 30.6 38.3 56.9 42.4 33.5 23.8 30.3 57.6 48.4 61.3 47.6 79.2 47.9 40.5 49.4 45.1
82 28.9 87.6 84.4 71.7 36.6 37.9 32.1 96.2 91.1 136.3 5.3 31.2 39.1 58 43.4 33.6 23.7 29.9 57.1 48.9 60.7 46.6 77.8 46.2 38.8 48.8 44.6
79.7 26.5 83.3 80.7 70.3 34.6 35.2 29.3 93.8 88.3 134.1 4.7 29.3 37.3 56 40.8 31 20.6 27.4 57.3 48.6 59.6 45.7 76.1 44.4 37 48.7 44.3
75.2 22.6 74.8 73.3 66.7 31.3 31 25.2 89.2 84.1 130.6 1.4 27.2 35 52.5 36.8 27.6 17 24.8 59.4 48.9 59.6 46 75.4 43.7 36.7 49.7 44.7
70.5 15.4 64.8 64.6 63 28.4 27.5 21.3 84.1 80.2 127.8 -2.2 26.4 33.4 49.6 33.9 25.2 14.7 23.5 62.6 50.5 60.8 47.1 75.7 43.8 37.6 51.4 45.6
68.8 9 59.6 59.8 62.3 27.2 26.1 19.7 81.3 78.9 126.9 -3.6 27.1 33.3 48.6 33.1 24.4 14.2 23 64 51.1 61.3 47 75.1 42.5 37 51.5 45
71.1 8.6 61 60.5 64.6 28.2 27.1 20.8 82 79.9 127.7 -2.8 28.7 34.6 49.8 33.9 24.8 14.6 22.4 62.3 49.4 59.5 44.7 72.4 39.2 33.9 49.1 42
73.8 11.3 63.1 62.5 65.8 30 28.4 22.2 83.5 80.8 128.2 -2 29.8 35.9 51.4 34.8 25 14.5 22.1 60.3 47.5 57.3 42 69.1 35.7 30.4 46.5 39.1
73.1 10.3 61.3 61.5 62.9 30.4 27.9 21.9 83 79.6 126.6 -3.5 29 35.9 51.7 34.3 23.9 13.1 21.8 60.9 47.8 57.4 41.5 68.1 34.7 29.7 46.9 39
68.8 3.8 55.9 56.6 56.8 28.1 24.8 19.2 79.7 76.2 122.4 -7.9 26.4 34.2 49.8 32.4 21.4 10.1 20.6 63.3 49.6 59 42.7 68.8 35.3 30.7 49.2 40.9
63.5 -1.8 50.2 50.6 50.7 23.9 20.5 15.1 75.1 71.5 117.1 -13.1 22.6 31 46.3 29.2 17.7 6.2 17.7 63.9 49.6 59 42.8 68.6 34.7 30.3 49.8 41.2
61.4 -1.8 49 48.3 48.6 21.1 18.4 13.4 73.1 69.1 114.7 -14.7 20.5 29.4 44.3 27.7 16.1 4.7 15.8 62.9 48.9 58.3 42.6 68.3 34 29.7 49.1 40.6
64.2 1.8 53.7 52.2 51.3 22.5 20.8 16.3 76.4 71.7 117.7 -10.8 22.6 31.8 46.8 30.8 19.4 7.8 17.9 62.6 49.8 59.3 44 70 35.6 31.6 49.8 42
70.2 7.1 63 60.9 55.7 26.4 26.1 22 83.2 77.4 123.3 -5 26.9 36.4 51.8 36.7 25.1 13.2 22.4 62.4 51.4 61.1 46.1 72.4 38.6 34.3 50.8 44
75.9 14.4 73.3 69.7 58.9 29.2 31.1 27 89.3 82.5 127.5 -1.1 30 39.7 55.7 41.2 29.2 17.3 25.6 61.6 51.7 62.1 47.6 74.3 40.7 35.5 50.8 45
77.2 19.4 77.7 72.5 58.3 28.8 32.2 28 90.9 83.9 127.8 -1.4 30.1 39.6 56.5 41.8 29.8 18.3 25.9 61 51.2 62.5 48.6 75.7 41.6 36.1 50.5 45.6
72.7 17 74 68.1 53.4 24.8 28.4 24.2 87.3 80.8 124.4 -5.3 27.2 36.2 53.8 38.7 27.4 16.1 23.8 60.9 51 62.8 49.5 77 42.2 36.7 50.8 46.9
67.3 11.4 68.4 63 48.1 20.5 23.5 20 82.6 76.8 120.4 -9.4 23.2 32.2 50.4 35.3 24.6 13.2 21.3 60.1 50.5 62.8 49.8 77.5 42.5 36.7 50.6 47.5
66.3 11.4 67.7 62.7 47.2 19.2 22.1 19.3 81.8 75.9 119.7 -10.1 21.1 30.8 49 34.5 24 12.5 20.3 58.2 48.9 61.8 49 76.6 41.9 35.6 48.5 45.8
