74.9 -57.8 -21.9 -18.9 28 -17.5 -9.3 -59.9 -17 -18.5 38.4 -60.8 -57.2 -64.1 -57.3 -72.8 -77.5 -87.8 -70.8 -50.7 -53.1 -58.4 -53.5 -20.1 -50.2 -59.6 -25.1 -55.1
79.2 -51.6 -15.6 -12.8 32.3 -14.4 -6.5 -57.1 -12.9 -15.5 41.5 -57 -55.1 -62 -55.6 -70.8 -75.5 -86.1 -70.6 -52.2 -54.7 -60 -55 -22.1 -52.5 -62.5 -27.4 -57.7
81.2 -53.1 -15.7 -11.9 33.3 -11.7 -5.1 -56 -11.4 -13.9 43.3 -55.8 -52.1 -59.5 -54 -69.4 -73.8 -84.6 -69.9 -50.2 -53.3 -59 -53.9 -21.3 -52.1 -62.6 -26 -57.3
79.5 -59.4 -21.2 -16.5 29.9 -12.5 -6.7 -57.6 -14.2 -15.7 40.9 -60.7 -51.9 -59.9 -55.1 -70.9 -75.5 -86.7 -72.2 -47.8 -51.6 -57.8 -53.3 -21.1 -52 -62.8 -24.7 -57.4
75.9 -64.6 -28.6 -23.1 24.9 -15 -8.5 -60.1 -18.5 -19.2 36.5 -68.8 -52.8 -61.4 -57.1 -73.4 -78.9 -90.5 -75.6 -45.1 -49.7 -56.3 -53.1 -21.2 -52.5 -63.2 -23.7 -57.4
72.6 -69.7 -36.9 -29.7 20.7 -15.3 -8 -61.4 -21.6 -21.5 33.8 -73.5 -51.8 -60.5 -57 -73.7 -80.2 -92 -76.1 -40.7 -46.3 -53.1 -51.3 -19.9 -51.6 -61.9 -21.2 -55.3
72 -75.1 -42.2 -33.2 20.4 -12.2 -5.3 -60.6 -21.9 -21 34.6 -72.2 -48.5 -57.1 -54.1 -71.3 -78.4 -90.2 -73.5 -36.5 -42.8 -50.2 -48.6 -17.5 -49.9 -60.1 -18.5 -52.5
74.8 -76.8 -40.7 -31.2 24.9 -7.7 -1.5 -57.6 -19 -17.8 38.1 -67.1 -44.8 -53.3 -50.3 -68.1 -75.2 -87.2 -70.9 -35.9 -41.7 -50 -47.2 -16.9 -50 -60.2 -18.2 -52.2
78.8 -73.8 -35.9 -27 30.6 -4 1.7 -54.2 -15.3 -14.4 41.9 -62.3 -42.2 -50.5 -47.2 -65.8 -72.5 -84.8 -70.2 -37.6 -42.4 -51.4 -47.2 -18.1 -51.2 -61.8 -19.9 -53.8
80.5 -71.8 -34.7 -26.4 33.3 -2.1 3.2 -52.2 -13.3 -12.7 44.3 -60.1 -40.4 -48.4 -45.2 -64.3 -70.5 -83.3 -69.9 -36.5 -41.2 -50.5 -45.9 -17.4 -50.3 -61.3 -19.3 -53
79 -76.5 -39.3 -31.1 32 -2.1 3 -52.2 -13.8 -12.8 44.9 -60.3 -39 -46.8 -44 -63 -69 -82.3 -68.8 -31.6 -37 -46.1 -42.1 -13.3 -46.4 -57.6 -15.5 -48.6
77 -81.7 -43.6 -35.6 30 -3.4 2.2 -53.1 -15 -13.2 44.1 -61.6 -38.9 -46.5 -43.5 -62.5 -68.8 -82.2 -68.6 -27.9 -33.6 -42.2 -38.6 -9.6 -43.3 -55.1 -13 -45.2
77.5 -79.2 -41.9 -33.7 31.5 -4 3 -52 -13.9 -11.7 44.3 -61.8 -38.9 -46.3 -42.6 -61.9 -68.5 -82 -69.3 -28.2 -33.2 -41.2 -37.2 -8.9 -43.2 -55.4 -14.2 -45.3
81 -72.2 -36 -26.9 36 -1.7 6.7 -48.5 -9.8 -8.1 47.1 -59.1 -37.2 -44.1 -39.9 -59.2 -66.1 -80 -68.9 -29.5 -33.3 -41 -36.6 -9.4 -44 -56.1 -16 -46.3
86 -65.2 -28.1 -18.7 41 2.6 11.8 -43.8 -4 -3.6 51.5 -54.3 -34.3 -40.2 -36.5 -55 -62.4 -76.8 -67.2 -29.6 -32.7 -40.3 -35.8 -9.3 -44 -56.1 -16.6 -46.6
91.4 -56.9 -18.1 -9.9 45.4 6.6 16.1 -39.4 1.5 0.6 55.1 -49.9 -32.4 -37 -34.1 -51.1 -59.5 -74.5 -66.6 -29.8 -32.2 -39.6 -35.2 -9.2 -43.8 -56.6 -17.1 -47.4
94.2 -48.6 -10.6 -3.8 47.9 8.5 17.4 -37.1 4 2.5 56 -48.1 -32.2 -36.1 -33.7 -49.5 -58.8 -74.5 -68.3 -29.9 -32 -39 -35 -9.2 -43.5 -57.5 -17.4 -48.1
92.2 -45.6 -10.8 -4.4 47 7.6 15.1 -38.7 2.3 0.5 53.8 -50 -33.3 -37.6 -35 -50.9 -60.7 -76.4 -71 -29 -31.1 -37.9 -34.4 -8.5 -42.6 -57.4 -16.5 -47.6
88.3 -48 -15 -8.1 45 4.8 12.1 -41.6 -0.8 -2.9 50.8 -54 -34.5 -39.8 -36.4 -53.5 -63 -78.5 -72.4 -27.8 -30 -36.8 -33.5 -7.6 -41.6 -56.6 -15 -46
87.8 -48.2 -14.4 -7.6 46 2.6 11.9 -42 -1.1 -3.3 50.2 -57.3 -36.1 -40.9 -36.6 -54.6 -63.7 -79.2 -71.9 -28.8 -30.7 -37.5 -33.6 -8 -42.1 -56.6 -15.4 -45.6
92 -41 -6.9 -1.4 50.2 2.2 14.5 -39.1 1.8 0 52.4 -57.9 -38.5 -40.8 -35.8 -53.4 -62.7 -78.3 -70.5 -32 -33.6 -40.1 -35.4 -9.9 -43.9 -58 -18.2 -47.4
97.1 -34.1 0.3 4.5 54.3 3.5 17.6 -35.4 5.4 4.1 55.8 -55.5 -39.6 -39.5 -34.1 -50.8 -60.2 -75.9 -68.1 -33.8 -35.5 -41.6 -36.6 -10.4 -44.1 -57.7 -19.1 -48
98.8 -35.6 0.7 4.9 55.2 4.6 18.5 -34.3 6.7 5.6 57.6 -53.1 -39.2 -38.5 -33 -49.4 -58.3 -73.4 -65.4 -33.2 -35.4 -40.7 -35.8 -8.9 -42.2 -54.9 -16.6 -45.8
96.2 -42.3 -4.4 0.1 51.8 2.1 15.2 -37.5 3.8 2.8 55.3 -55.2 -40.6 -41 -35 -51.6 -59.6 -73.8 -65 -33.3 -36 -40.4 -35.7 -8.3 -41.1 -53.1 -14.9 -44.3
90.2 -49.2 -12.8 -8.4 45.3 -4.3 9.2 -43.6 -2.5 -3.1 49.9 -62 -44.6 -46.4 -39.8 -56.7 -64 -77.2 -67.1 -34.9 -38.2 -41.8 -37.8 -9.7 -42.4 -53.5 -15.7 -45.3
83.6 -57.5 -24 -18.6 38.6 -10.3 4 -49.5 -9.1 -8.7 45.4 -67.6 -47.6 -50.6 -43.8 -61.2 -68 -80 -68.1 -35.2 -39.6 -43.4 -39.7 -11.1 -43.4 -53.6 -15.9 -46.1
80.7 -65.6 -32.3 -24.8 35.9 -11.9 2.9 -51.5 -11.7 -10.3 45.3 -67.2 -46.9 -50.8 -44.1 -61.9 -68.4 -79.1 -65.4 -33.7 -39.3 -43.8 -39.6 -10.9 -42.5 -51.9 -14.3 -45.1
83.7 -68.1 -31.8 -23.2 39.1 -8.8 6.1 -48.8 -9 -7.4 49.8 -60.6 -43.4 -47.9 -41.2 -59 -65 -75.1 -60.4 -32.5 -38.8 -43.7 -38.6 -9.9 -41.1 -49.9 -13 -43.8
88.6 -65.3 -27 -18.2 43.9 -4.8 9.6 -45.4 -5.1 -3.3 55 -53.2 -40.7 -45.3 -38.6 -56 -61.2 -71.3 -56.1 -32.7 -39.4 -44.1 -38.5 -9.5 -40.3 -48.8 -12.8 -43.3
89 -65.3 -27.1 -17.8 45.3 -3.9 9.3 -45.8 -5.2 -2.4 57.1 -49.5 -40.9 -45.7 -39.5 -56.1 -60.5 -70.3 -54.5 -33.4 -40.5 -45.1 -39 -9.7 -39.8 -48.1 -13.7 -44
84 -72.9 -34.5 -23.9 42.1 -6.6 5.6 -49.9 -9.5 -5.2 55.2 -49.9 -43.1 -48.7 -43.2 -59 -62.8 -72 -54.9 -33.6 -41.3 -45.9 -39.4 -9.8 -38.8 -46.8 -15.2 -45.4
78.6 -79.6 -41.2 -29.8 38 -9.9 2 -54 -13.5 -8.7 52 -52.3 -45.3 -51.8 -46.9 -62.3 -65.8 -74.5 -56.1 -34 -42.2 -46.7 -40.2 -10 -38.5 -46 -17.1 -47.5
77.5 -77.1 -40.2 -29.7 37.1 -10.8 1.7 -54.7 -13.6 -9.4 51.4 -52.8 -46.2 -52.9 -48 -63.3 -66.6 -75.2 -56.2 -34.9 -43 -47.5 -41.3 -10.5 -38.8 -45.8 -18.4 -49.4
79.7 -70.2 -34.6 -25.2 40.1 -8.2 5.2 -51.9 -10.2 -6.9 54.4 -49.5 -45.1 -51.4 -46.4 -61.3 -64.6 -72.9 -54 -35 -43 -47.6 -41.8 -10.5 -38.6 -45.2 -17.9 -49.3
83.5 -64.3 -27.4 -18.6 45.5 -3.9 10 -47.2 -5.6 -3 58.9 -44.7 -42.8 -49 -43.7 -58.1 -61.5 -69.4 -51.1 -34.9 -42.8 -47.7 -41.7 -10.3 -38 -44.3 -16.4 -48.3
88.2 -57.6 -18.4 -10.8 51.3 -1.4 12.9 -43 -1.6 0.5 61.8 -42 -42.3 -48.1 -42.5 -56.4 -60 -67.5 -50.2 -36.9 -44.4 -49.5 -42.6 -11.1 -38.7 -45 -17.8 -49.7
91.1 -51.1 -11.7 -5.8 53.9 -2.8 11.9 -42.4 -0.8 1.1 60.8 -43.1 -45.1 -50.2 -44.3 -58.1 -61.6 -68.9 -52.1 -41 -47.7 -53.1 -45 -12.9 -40.4 -46.9 -23.8 -53.7
90 -48.6 -12.5 -7.2 51.5 -7.1 7.1 -46.2 -3.9 -2.1 57 -46.1 -49.8 -54.4 -48.6 -62.6 -65.3 -72.1 -54.8 -43.9 -50.4 -55.8 -46.9 -14.2 -41.2 -47.5 -29.8 -56.7
87.3 -49.9 -16.6 -11.1 47.4 -11 2.5 -50.4 -7.2 -5.7 54.2 -47.9 -52.9 -57.6 -52.1 -66.3 -67.9 -74.4 -56.3 -44.1 -50.6 -56 -47.3 -13.9 -40.5 -46.6 -32.5 -57.9
87.9 -48.9 -15.9 -10.8 46.7 -11.6 1.9 -50.9 -7 -6.2 54.8 -47.5 -53.1 -58 -52.4 -66.8 -68.2 -74.6 -56.5 -44 -50.3 -55.8 -47.8 -14.1 -40.7 -46.9 -33.7 -60.9
92.5 -42.1 -8.5 -4.7 50.6 -8.8 5.4 -47.1 -2.9 -2.9 58 -45.6 -50.5 -55.6 -49.7 -64.4 -66.6 -73 -56.2 -45.3 -51 -56.5 -49.3 -15.4 -42.4 -49.3 -35.3 -65.6
97.4 -36.5 -1.4 1.9 55.9 -4.1 10.3 -42 2.2 1.9 62.1 -42.7 -46.2 -51.5 -45.9 -60.5 -63.7 -69.7 -54.2 -45.2 -50.4 -56.2 -49.5 -15.4 -42.6 -49.8 -34.7 -67
98.3 -38.9 -1.2 3.2 58.2 -0.8 12.8 -40 3.5 4 64.1 -40.6 -43.1 -48.6 -44 -57.9 -61.5 -67.4 -52 -42.4 -47.9 -54.3 -47.8 -13.9 -40.9 -47.7 -31.7 -64.4
95.3 -45.2 -6.6 -0.9 55.4 -1.5 11.2 -42.4 -0.2 1.3 61.9 -41.8 -43.8 -49.3 -46 -59.2 -63 -68.9 -52.6 -39.9 -46.5 -53.2 -47 -13.5 -40.3 -46.5 -30.9 -63.6
90.5 -50.6 -14.8 -8.6 49.2 -4.5 7.3 -47.4 -6.5 -4.1 56.9 -45.4 -46.5 -52.5 -49.8 -63.4 -67 -73.2 -55.1 -38.7 -46.6 -53.4 -47.6 -14.4 -41.1 -47.2 -33.6 -65.8
86.1 -57.2 -25 -17.6 43.2 -6 4.4 -52 -11.9 -8.8 52.8 -47.9 -47.3 -54.3 -51.7 -66.8 -69.3 -76 -56 -36.6 -45.8 -52.7 -47.7 -14.3 -41.1 -47.4 -34.6 -66.8
84.7 -64.9 -32.6 -23.4 41.2 -4.1 4.5 -53.6 -13.5 -9.8 52.2 -47.8 -45 -52.8 -50.2 -67.1 -68.1 -75.3 -54.4 -34.1 -43.7 -51.1 -46.4 -13 -39.9 -46.7 -32.5 -65.8
86.9 -68.8 -32.8 -22.9 43.4 -0.6 7.4 -51.6 -11.1 -7.4 54.2 -46.2 -41.5 -49.4 -46.9 -64.5 -65.3 -72.9 -52.5 -34.2 -42.9 -50.9 -45.5 -12.7 -39.8 -47.3 -31.6 -66.5
89.8 -67.9 -29.5 -19.7 46.1 1.5 10.2 -48.8 -7.7 -4.8 56.3 -45 -39.4 -47 -44.3 -61.5 -63.5 -71 -51.6 -36.8 -43.9 -51.7 -45.6 -13.5 -40.9 -49 -32.9 -68.5
89.2 -68.6 -30.3 -20.2 45.9 1 10.1 -48.6 -7.3 -4.4 57 -44.8 -39.3 -46.7 -43.6 -60.1 -63.2 -70.2 -51.4 -37.9 -43.8 -50.7 -44.9 -13.1 -40.4 -48.7 -32 -67.5
84.7 -75.4 -37 -26.1 43.4 -1.5 7.3 -51.2 -10.3 -6.4 56 -45.4 -40.4 -47.8 -44.1 -60.5 -63.7 -70.6 -51.4 -35.5 -41.2 -47 -42.2 -10.6 -37.5 -45.8 -27.4 -63.1
79.8 -81.3 -43.2 -31.9 40.7 -4.7 3.8 -54.1 -13.7 -9 53.7 -47 -42.3 -49.4 -45.3 -62 -64.7 -72.1 -52.7 -33.3 -39 -44.1 -40.2 -8.7 -36 -44 -23.9 -60.5
78.5 -79 -43.1 -32.4 40.1 -6.8 2.4 -54.6 -14.3 -9.5 52.2 -48 -44.5 -50.3 -45.8 -62.7 -65.6 -73.7 -54.6 -33.9 -39.3 -44.3 -40.4 -9.1 -37 -45.3 -24.2 -61.9
81.4 -72.9 -38.2 -27.9 42 -5.6 4.6 -52.1 -11.8 -7 53.6 -46.3 -45.1 -49.1 -44.5 -61.1 -64.4 -73 -54.5 -35.6 -40.3 -45.5 -41 -10 -38.4 -47 -25.3 -63.9
86.7 -67.7 -31.2 -21 45.5 -2.1 8.5 -48.1 -7.7 -3 56.9 -42.8 -43.6 -46.7 -41.8 -57.7 -61.5 -70.4 -52.6 -37.3 -40.7 -45.8 -40.9 -9.9 -38.6 -47.5 -25.3 -64.1
91.9 -60.5 -21.7 -12.3 49.7 0.1 11.7 -43.7 -3.1 0.9 60.2 -39.9 -41.8 -45.1 -39.4 -54.3 -58.7 -67.9 -51 -39.6 -41.1 -45.8 -40.6 -9.3 -38.1 -47.4 -25.2 -63.4
94.8 -51.4 -13.2 -5.4 52.9 -0.7 13 -40.3 0.5 3.6 62.3 -39 -41.2 -44.8 -38.1 -52.2 -57.1 -66.4 -50.6 -41.1 -41.1 -45.2 -39.5 -7.8 -36.5 -46.3 -24.6 -61.6
93.6 -46.3 -11.3 -4.4 53.5 -3.5 12.3 -39.4 1.5 4.3 62.9 -39.2 -42.1 -45.6 -38.1 -51.9 -56.4 -65.4 -50.6 -40 -39.4 -43.1 -36.6 -4.7 -33.1 -43.5 -22.3 -58.1
90.9 -47.2 -13.7 -6.7 52.8 -6 10.8 -40.5 1.1 4 63.5 -37.6 -44.1 -46.5 -38.4 -52.4 -56 -64.3 -50.2 -37.7 -37.4 -40.8 -33.6 -1.3 -29.3 -40.5 -20.3 -54.9
91 -47.4 -12.4 -5.8 54.7 -6.7 10.7 -40.4 2.3 5.6 65.9 -33.3 -45.9 -47 -38.1 -51.8 -55 -62.8 -49 -37.9 -37.9 -40.3 -32.9 0.3 -27.8 -39.8 -21.4 -54.4
95 -40.7 -4.4 0.9 60.2 -5.4 13.1 -37.5 6.1 9.9 69.8 -28.7 -46.3 -46.4 -36.4 -49.5 -52.8 -60.7 -47.2 -40.7 -40.7 -41.9 -34.4 -0.2 -28.4 -41 -24.1 -55.5
99.8 -34 3 8 66.5 -2.5 16.9 -33.7 10.4 14.8 73.7 -26.1 -44.9 -44.6 -33.7 -46.2 -49.6 -57.7 -45 -42.3 -42.4 -42.7 -34.8 -0.1 -28.1 -40.5 -23.9 -54.3
100.9 -35.6 2.9 9.5 69 -0.9 18.7 -32.5 11.8 16.5 75.3 -26.9 -43.4 -43.3 -32.1 -44.2 -47.5 -55.5 -43.4 -41.1 -41.6 -41.5 -33.1 1.7 -26.3 -38.3 -20.1 -50.8
97.5 -42.3 -2.8 5.3 65.9 -3.1 16.2 -35.3 9.2 13.4 72.4 -32 -44.9 -44.8 -33.9 -45.5 -48.7 -56.6 -44.6 -40.1 -41 -40.9 -31.9 2.8 -25.4 -37.6 -17.9 -49.3
91.6 -49.1 -11.2 -2.5 59.1 -7.9 10.6 -40.8 3.4 7.1 66 -39.7 -48.8 -48.7 -38.1 -49.6 -52.5 -60.5 -48 -40.5 -41.7 -42.1 -32.5 2 -26.4 -39 -18.5 -50.2
85.4 -57.4 -22.2 -12.8 51.8 -11.8 5.5 -46.7 -3.3 1 59.9 -45.5 -51.4 -51.8 -41.7 -54.1 -56.1 -64.3 -50.8 -39.9 -42.4 -43.3 -33.7 0.7 -27.2 -40.3 -18.5 -50
82.3 -66.8 -31.1 -20.8 47.8 -12.6 4.1 -49.8 -7.5 -2.1 57.5 -46.6 -51.5 -52.5 -42.9 -55.9 -57.5 -65.8 -51.2 -38.1 -42.2 -43.6 -34.6 0.1 -27.4 -40.6 -16.7 -48.1
83.8 -71.8 -32.6 -21.7 48.9 -10.3 6.7 -48.8 -7.2 -1.2 58.6 -44.9 -50 -50.8 -41.5 -54.5 -56.7 -64.7 -50.1 -37.5 -42.3 -44 -36.1 -0.6 -28.3 -41.2 -15.4 -46.9
87.3 -70.3 -29.7 -18.2 52.2 -7.2 9.9 -46 -4.5 1.3 60.7 -43.8 -48.2 -48.4 -39.4 -52 -54.9 -62.8 -48.5 -37.9 -42.8 -44.5 -37.1 -1.7 -29.3 -41.5 -14.7 -45.9
88.2 -68.6 -29.8 -17.3 53.9 -5.8 10.9 -44.6 -3.2 2.8 62.3 -43.6 -46.9 -46.8 -37.9 -50.4 -53.3 -60.9 -46.6 -36.6 -41.7 -43.1 -35.3 -0.8 -27.9 -39.6 -12.6 -42.8
85.1 -73.5 -35.4 -22.1 51.5 -6.9 9.2 -46 -5.1 1.7 62.3 -44 -46.8 -47 -37.9 -51.1 -53.2 -60.2 -44.9 -33.3 -39 -40.1 -31.6 2.3 -24.5 -36 -9.6 -38.6
81.2 -79.2 -41.1 -28.4 46.6 -9.7 6.1 -48.8 -8.8 -1.5 59.9 -46.5 -48.4 -49 -39.6 -53.7 -55.2 -62.2 -45.9 -31.5 -37.7 -38.7 -30 3.9 -23 -34.8 -8.9 -37.1
81.8 -76.6 -39.8 -29.1 44.4 -10.6 5.7 -49.1 -9.6 -2.8 58 -49.1 -48.7 -49.5 -40.1 -54.8 -56.4 -64.1 -47.9 -31 -37.4 -38.9 -30.3 3.6 -23.6 -35.8 -9.2 -37.3
88 -67.6 -31.8 -22.9 48.3 -6.2 10.6 -44.3 -4.9 1.1 60.8 -47.1 -44.6 -45.2 -36.2 -51 -53 -61.6 -46.2 -28.5 -34.9 -37.1 -28.5 5.3 -22.1 -34.6 -5.8 -33.9
96.8 -57.4 -20.2 -11.9 56.6 1.7 19 -35.9 4.1 8.9 67.6 -41.3 -37.6 -37.4 -28.9 -43.2 -45.9 -55 -40.9 -23.9 -29.9 -32.5 -23.8 10.1 -17.7 -30.4 1.6 -26.6
105.1 -46.2 -6.6 0.3 65.3 8.3 26.7 -27.3 13.3 16.5 74.1 -36.3 -32.4 -30.8 -22.2 -36 -39.7 -49.1 -37 -21.2 -25.6 -28.2 -19.5 14.7 -13.8 -26.9 8 -20.8
109.5 -36.6 3 7.9 69.6 9.7 29.6 -22.8 18.2 19.9 76.5 -34.5 -31.4 -28.6 -19.6 -33.1 -37.8 -47.5 -37.2 -21.1 -23.7 -26.1 -17.5 16.5 -12.4 -26.1 10.3 -19.1
108 -33.7 3 7.2 68.3 6.4 26.9 -24.2 17 18.4 75.1 -33.6 -33.7 -30.4 -21.4 -35 -39.7 -49.3 -40.1 -21.6 -23.1 -25.5 -17.1 16.9 -12 -26.3 10.2 -19.2
103.8 -37.5 -2.2 2.5 65.2 1.9 22.1 -28.2 13 15.4 73.3 -31 -37 -33.7 -24.9 -38.8 -42.9 -51.7 -43.4 -22.2 -23.3 -25.9 -17.6 16.7 -12.2 -26.7 8.2 -20
102.1 -40.2 -4.1 0.6 64.6 -1 18.7 -30.8 10.3 13.7 72.3 -29.1 -40.6 -36.9 -28.2 -42 -46.2 -54.4 -47.3 -25.2 -26.3 -28.9 -20.8 13.8 -15.2 -29.9 3.1 -23.8
103.6 -36.8 -0.6 3.2 66.9 -2.6 17.2 -31.6 10.1 12.6 70.5 -32.9 -44.3 -39.9 -31 -44.5 -49.4 -58.4 -52.1 -31.6 -32.5 -35 -27.2 7 -22.2 -37 -4.8 -31.3
104.4 -34.2 1.7 5.2 68 -3.9 16.2 -33 9.4 10.5 66.6 -42.9 -47.1 -42.5 -33.4 -47 -52.6 -63.2 -55.9 -37.5 -38.3 -41.1 -33.6 -0.4 -29.9 -44.1 -10.6 -38.4
101.2 -39.4 -2.2 1.8 64.8 -6 14 -37.1 5.4 5.9 60.4 -55 -49.8 -45.6 -36.7 -50.5 -56.9 -68.4 -58.4 -40.3 -41.6 -45 -37.8 -5.3 -35.1 -48.1 -12.8 -42
95.3 -47.7 -9.3 -4.9 58.9 -9.5 9.9 -43 -1 -0.4 53.4 -64.3 -53.4 -49.9 -41.6 -55.8 -62.8 -74.4 -61.4 -42 -43.9 -47.7 -40.5 -8.4 -38.7 -50.6 -14 -43.9
89.6 -53.9 -17.1 -12 53.4 -13.1 5.8 -47.9 -6.5 -6.1 48.7 -67.8 -56.3 -53.8 -45.9 -60.9 -67.8 -79.3 -64.4 -42.4 -45.2 -49.2 -41.8 -10.2 -40.6 -52.2 -14.6 -44.6
85.9 -59.5 -25.3 -18.8 50.1 -13.8 4.5 -49.9 -9.3 -8.6 48.3 -64.9 -55.3 -54.3 -46.4 -62.4 -68.8 -80.4 -64.5 -39 -43.5 -47.6 -39.9 -9 -39.5 -50.6 -12 -41.9
86.8 -64.1 -29.8 -21.7 50.4 -10.3 7.6 -47.8 -8.2 -6.5 51.9 -57.4 -50.7 -50.6 -42.8 -59.1 -65.6 -76.9 -60.8 -33.2 -39.2 -43.6 -35.7 -5.2 -36.1 -46.6 -6.7 -36.7
92.2 -64.3 -27.1 -18.2 53.7 -4.3 13.4 -42.6 -3.6 -1.1 57.1 -48.7 -44.9 -45.1 -37.8 -53.8 -60.8 -71.4 -56.2 -29.5 -36.1 -40.5 -32.8 -2.3 -33.4 -43.8 -2.9 -33.1
97 -60.5 -22 -12.8 56.1 0.6 17.8 -38.3 0.5 3.2 60.7 -43 -41 -41.1 -34.4 -50 -57.3 -67.7 -53.8 -28.8 -35.4 -39.4 -32.4 -1.8 -32.8 -43.4 -1.7 -32.3
97.3 -59.9 -22.5 -12.5 55.3 2.1 18.2 -37.6 0.7 3.4 60.9 -42.2 -39.5 -39.8 -33.5 -49 -56.5 -67 -53.5 -27.7 -34.5 -38.4 -31.8 -1.2 -32.1 -42.8 -0.1 -31.1
93.6 -66.7 -30 -18.8 51.7 0.5 15.4 -40.5 -3.1 -0.3 57.9 -46.4 -39.6 -40.6 -34.8 -50.7 -58 -69 -54.4 -24.7 -32.3 -36.7 -30 0.7 -30.8 -41.5 2.9 -28.5
89.4 -73.7 -37.6 -26.2 47.4 -2.9 11.4 -45.2 -8.5 -5.7 52.9 -54.1 -41.6 -43.7 -38.3 -54.9 -61.8 -73.6 -57.4 -23.8 -32.1 -37.1 -30.2 0.6 -31.9 -42.6 3.3 -28.4
88 -73.4 -39.1 -28.6 45.2 -5.8 8.8 -48.5 -11.8 -9.2 48.7 -61 -44.7 -47.3 -41.7 -59.1 -65.7 -78.2 -61.5 -26.9 -35 -40.1 -33.1 -2.9 -36.2 -46.5 0.1 -31.8
90.1 -69.2 -36.1 -26.6 45.3 -5.5 9.2 -48.4 -11.5 -9.5 47.5 -63.8 -45.9 -48.3 -42.4 -60.4 -67 -79.9 -63.9 -30.6 -37.9 -42.8 -36.1 -6.6 -40.2 -50.2 -3.1 -35.3
94.2 -64.6 -30.9 -22.6 46.5 -2.7 11.7 -45.6 -8.8 -8 48.3 -62.9 -45 -46.8 -40.9 -58.9 -66.1 -79.4 -64.8 -32.9 -39.5 -44 -37.5 -8.6 -42.3 -52.5 -4.9 -37.6
99.3 -57.3 -22.1 -16 49.4 0 15 -41.5 -4.9 -5.8 49.6 -60.6 -44.3 -45.3 -39.2 -56.7 -64.9 -78.6 -65.8 -34.6 -40.5 -44.5 -37.7 -9.4 -43 -54.1 -6.5 -39.5
103 -48.2 -13.9 -9.8 52.4 0.8 17.3 -38.5 -2 -4.1 50.2 -58.9 -45 -45 -38.3 -55.2 -64.5 -78.4 -67.3 -35.6 -40.6 -44.1 -36.9 -8.9 -42.4 -54.6 -7.3 -40.6
102.5 -43.6 -12.3 -9 51.8 -0.6 17.5 -38.3 -2 -4.1 49.3 -59.4 -46.1 -45.5 -38.3 -54.9 -64.6 -79 -68.7 -34.2 -38.7 -41.6 -34.6 -6.7 -40.4 -53.4 -5.6 -39.1
99.5 -45.2 -15.2 -12.1 48.2 -2.7 16.9 -39.8 -3.6 -5.4 47.1 -61.9 -46.3 -45.8 -38.7 -55.1 -65 -80.2 -69.7 -31.7 -35.8 -38.6 -32 -4.4 -38.7 -52 -3.1 -37
98.5 -46.1 -15.2 -13 46.1 -3.7 16.9 -40.6 -4 -6.3 44.9 -65.4 -46.6 -46 -39.1 -55.5 -65.6 -82.2 -71.6 -32.4 -35.9 -38.9 -32.2 -5.3 -40.4 -53.4 -4.8 -38.6
101.2 -40.3 -9.7 -9.4 47.7 -3.2 17.9 -39.4 -2 -5.9 43.8 -68 -47.3 -46.2 -38.7 -55.7 -66.4 -83.8 -74.4 -37.1 -39.5 -42.5 -35.5 -9.7 -45.1 -58.1 -11.1 -43.9
104.9 -35.1 -4.4 -5.2 50.4 -1.7 19.4 -37.4 0.9 -4.8 44.2 -68 -46.7 -45.3 -37.5 -54.9 -65.9 -83.4 -75.2 -40.9 -42.5 -45.1 -37.8 -12.7 -48.1 -61.1 -15.5 -46.9
105.1 -37.9 -5.3 -5.7 50.2 -1.1 19.5 -37.3 1.3 -4.9 44.4 -66.8 -45.5 -44.6 -37 -54.1 -65.2 -82.4 -73.9 -40.8 -42.3 -44.4 -37.2 -12.1 -47.6 -60.3 -14.8 -45.3
101.2 -44.3 -10.5 -10 46.9 -3.1 17.3 -39.9 -1.5 -7.2 42.7 -66.9 -46.3 -45.9 -38.6 -54.9 -66.3 -83.3 -73.7 -39.3 -41.2 -42.7 -36 -10.4 -46.1 -58.7 -12.4 -43.2
96 -49 -17.4 -15.8 43 -5.9 14.5 -43.4 -5.6 -10.2 40.5 -68.2 -48.5 -48.1 -40.7 -56.6 -68.1 -85.2 -74.7 -37.5 -40.1 -41.3 -34.9 -8.9 -44.9 -57.1 -10.9 -42
92.6 -54.1 -25.5 -22.1 41 -5.8 13.7 -44.9 -8.2 -11.4 40.4 -68.5 -48.5 -48.1 -40.6 -56.9 -67.9 -85.2 -73.8 -34 -37.6 -39 -32.4 -6.7 -42.5 -53.9 -7.9 -39.1
93.7 -59.3 -30.4 -25.3 42.8 -1.3 16.1 -42.9 -7.4 -9.4 43.2 -66.6 -45.1 -44.9 -37.2 -54.9 -64.7 -82.3 -70.6 -29.8 -34.5 -36 -29.2 -3.9 -39.3 -49.9 -3.3 -34.5
99.3 -60 -27.8 -22.3 48.4 5.6 21.3 -37.9 -3.3 -4.6 48.1 -63 -40.1 -39.8 -32.1 -51 -60 -78 -66.6 -27.3 -32.6 -34.3 -27.5 -2.5 -37.7 -48.2 0.2 -31.7
105.6 -55.8 -21.8 -16.6 54.7 12 26.5 -32.8 0.9 0.1 52.6 -59.5 -35.7 -35.2 -27.9 -47.2 -56.2 -74.2 -63.3 -26.3 -31.7 -33.7 -27.1 -2.2 -37.3 -48.1 2.5 -30.5
107.4 -54 -20.8 -14.7 57.2 15.3 28.7 -30.9 2.1 1.9 54.4 -57.2 -33.1 -32.7 -26.3 -45.4 -54.8 -71.9 -60.8 -24.2 -29.8 -32 -26.1 -0.7 -35.9 -46.5 6.4 -27.9
103.6 -60.3 -27.5 -19.6 54.1 14.3 26.6 -33.5 -1.1 -0.5 52.6 -57.3 -33.4 -33.6 -28.4 -47.2 -56.7 -72.4 -60.2 -21.5 -27.7 -29.8 -24.9 1.3 -34.2 -44.2 10.9 -24.6
97.8 -67.9 -35.3 -26.4 48.7 9.3 21.7 -38.9 -6.1 -5.7 48.5 -59.8 -36.7 -37.9 -33.3 -52.3 -61.4 -76.2 -62.9 -21.9 -28.8 -30.9 -26.7 -0.1 -35.7 -45.1 10.9 -25.4
95.5 -67.6 -36.5 -28.1 46.5 4.1 18.2 -42.5 -8.5 -9.4 45.7 -61.8 -40.2 -42 -37.5 -56.9 -65.6 -79.8 -66.7 -26.1 -32.8 -35.5 -30.9 -4.4 -39.7 -49.1 5 -30.7
97.5 -62.5 -32 -24.3 48.9 2.4 18.6 -42.3 -7.2 -9 47 -60.5 -40.8 -42.9 -38.6 -58 -66.2 -80.1 -67.6 -30.6 -36.7 -40.2 -34.8 -8.3 -42.6 -52 -2.8 -36.2
100.8 -58.5 -25.6 -18.2 53.3 3.1 21.1 -40.1 -5 -6.4 49.9 -57.6 -40.3 -42.9 -38.6 -57.3 -65.5 -78.9 -66.7 -35.2 -40.3 -44.3 -38.6 -11.3 -44.5 -53.6 -10.2 -40.6
103.3 -53.6 -17.8 -10.7 57.6 2.9 22.6 -38.8 -3.4 -4.6 51.2 -56.1 -42.7 -45.1 -40 -58 -66.1 -79.3 -67 -41 -44.8 -48.9 -42.8 -14.6 -47.4 -56 -16.2 -44.3
103.9 -47.3 -12.1 -5.2 59.8 0.5 21.5 -40 -3.2 -4.8 49.9 -57.3 -47.9 -49.1 -42.9 -60.8 -68.5 -81.2 -69 -46.2 -48.9 -52.8 -46.1 -17.5 -50 -58.4 -19 -46.6
101.5 -44.8 -12.5 -5.7 58.6 -2.9 17.6 -43.6 -5.7 -7.3 47.3 -60 -53.3 -53.6 -46.8 -64.7 -72 -83.9 -71.4 -48.6 -50.8 -54.5 -47.6 -18.7 -50.7 -59.1 -19 -47.2
97.3 -47.4 -16 -9.6 56.4 -4.8 13.3 -47.2 -9.2 -9.9 45.7 -61.9 -56.4 -57 -50.3 -67.9 -75.1 -86.1 -72.8 -49.3 -51.3 -55.1 -48.6 -18.8 -50 -58.4 -19.2 -47.9
95.3 -48.3 -15.3 -9.8 56.5 -4 11 -48.5 -10.5 -10.4 46.1 -61 -56.9 -58.9 -52.5 -69.4 -76.6 -87.1 -73.6 -51.3 -53.5 -57.3 -51.3 -20.2 -50.8 -59.1 -22.4 -50.9
97.6 -42.4 -8.8 -4.3 59.7 -2 11.1 -47.5 -8.8 -8.5 47.8 -57.7 -56.2 -59.5 -53.6 -69.4 -76.3 -87 -74.2 -55.1 -57.7 -61.5 -55.7 -23.5 -53.7 -61.9 -27.6 -55.8
101.6 -37.4 -3.6 0.9 63.1 -0.8 12.2 -46.1 -6.6 -5.9 50.2 -53.3 -55 -59.5 -53.8 -68.9 -75.3 -85.7 -73.4 -57.9 -61 -64.9 -58.9 -26 -55.6 -63.8 -30.9 -59
102.2 -41.7 -5.9 -0.4 62.5 -2.9 11 -47.5 -7.1 -6.1 51 -51.3 -55.5 -60.9 -55.4 -70 -75.9 -85.5 -72.6 -58.6 -62.5 -67.2 -60.6 -27.2 -56.4 -63.9 -31.7 -59.9
98.1 -50.4 -13.4 -7.1 57.6 -8.7 6.1 -52.5 -11.3 -10.4 47.7 -54.9 -59.2 -65.2 -59.6 -74.1 -79.8 -88.4 -74.5 -59.2 -64.1 -69.5 -62.6 -28.9 -58.2 -64.2 -32.3 -60.8
91.4 -57.2 -22.2 -15.3 51 -14.5 0.2 -58.5 -17.3 -16.5 41.9 -61.8 -63.4 -69.9 -64.3 -78.9 -84.5 -92.5 -77.2 -59.1 -65.4 -71.3 -64.3 -30.3 -60 -64.9 -32 -60.8
85.3 -63.8 -31.8 -23.6 45.8 -16.5 -3.5 -63.3 -22.9 -21.2 37.7 -65.9 -65 -71.9 -66.8 -82 -86.8 -94.6 -77.2 -57.3 -65.4 -71.3 -64.1 -29.7 -59.3 -64.2 -29.8 -58.6
83.5 -70.5 -38.3 -28.2 44.7 -14.5 -3.5 -64.5 -25.5 -21.8 38 -63.3 -63.7 -70.4 -66.3 -81.9 -85.7 -93.4 -74.4 -55.3 -64.7 -70.7 -62.9 -28 -57.3 -62.5 -28 -56.8
87.1 -72.8 -37.5 -26.6 48.7 -10.7 -0.1 -61.7 -23.4 -18.7 42.6 -56.1 -60.9 -67.4 -64 -79.1 -82.7 -90.4 -71.6 -55.3 -64.9 -71.4 -63 -27.7 -56.6 -62 -29.4 -58.3
91.2 -71.1 -34.1 -23.6 53.1 -8.5 3.2 -58.7 -20.7 -15.9 46.7 -51.3 -59.2 -65.8 -62.6 -77.3 -81.4 -89 -71 -57 -66.6 -73.8 -65.3 -29.7 -58.2 -63.5 -32.8 -62
91 -72.1 -36 -25.6 52.9 -8.5 3 -59.1 -21.6 -17.3 46.3 -52.8 -59.7 -66.9 -63.5 -78.6 -83.2 -90.6 -72.1 -57.7 -67.6 -75.6 -67.3 -31.7 -59.5 -64.4 -34.8 -63.9
87.5 -79.1 -43.3 -32.1 48.5 -9.1 0.5 -62.5 -25.7 -21.6 42.3 -58 -60.4 -68.9 -65.4 -81.6 -85.8 -93 -72.4 -55.7 -66.3 -75.1 -66.9 -31.3 -58.5 -62.7 -34.3 -62.4
85.8 -83.3 -48 -36.6 46 -8.9 -0.9 -64.9 -28.1 -24.1 39.7 -61.3 -60 -69.8 -66.2 -83.3 -86.4 -93.5 -70.8 -53.3 -63.9 -73.2 -64.8 -28.7 -55.7 -59.6 -32.9 -59.8
89 -78.1 -44.3 -34 50.8 -6.7 1.9 -62.8 -25.4 -21.2 42.4 -58.6 -57.7 -67.9 -64 -81.2 -83.3 -90.3 -66.8 -52 -61.6 -70.7 -62.2 -25.2 -52.5 -56 -31.1 -57.6
94.4 -70.3 -36.7 -26.9 59.7 -3.1 7.1 -58 -19.5 -15.1 48.6 -51.4 -54.2 -63.8 -60.1 -76.6 -78.3 -85.2 -62.2 -51.3 -59.7 -68.2 -59.7 -22.6 -50.3 -53.4 -28.7 -56.4
98.3 -66.2 -30.2 -19.3 65 -0.8 10.5 -54.4 -15.5 -11.2 52.4 -46.4 -52.4 -61 -57.8 -73.7 -76 -83 -61 -53 -60.4 -68.2 -59.9 -23.8 -51.5 -54.8 -29.4 -59.4
99.5 -62.5 -23.8 -12.3 63.9 -2.2 10.2 -53.7 -14.9 -11.7 50.9 -47.8 -54.9 -62.4 -59 -74.8 -78.6 -86.1 -65.2 -58.5 -64.6 -72.2 -64.1 -28.9 -56.7 -60.9 -36 -67.8
98 -57.3 -19.4 -8.9 58.3 -6.5 7.1 -55.7 -16.8 -15.1 45.4 -54.5 -60.4 -66.5 -62.7 -78.4 -83.6 -91.7 -71.5 -64.9 -69.3 -77.4 -69.1 -33.9 -61.9 -67.2 -44.1 -76.3
94.9 -55 -20.1 -11.4 52.2 -10.5 3.6 -58.8 -19.8 -18.9 39.9 -61.5 -65 -70.1 -65.6 -81.4 -87.2 -95.6 -75.3 -66.4 -70.1 -78.5 -70.5 -34.5 -62.6 -68.1 -47 -78.6
93.2 -56.6 -22.8 -16 49.7 -12 2.1 -60.2 -21.5 -20.5 37.8 -64.4 -66.2 -71.1 -66 -81.9 -87.6 -95.6 -74.8 -63.5 -67.5 -75.5 -68.1 -31.4 -59.5 -64.6 -44.9 -76.3
94.4 -56.5 -21.9 -16.9 51.1 -11.2 3 -58.9 -20.5 -19.5 38.7 -63.3 -65 -70.5 -65 -80.9 -86.3 -93.7 -72.7 -62.2 -66.7 -74 -66.8 -30.2 -57.9 -62.8 -44.3 -76
97.6 -50.3 -16.4 -12.9 53.9 -10.2 4.7 -56.8 -17.8 -17.6 40.2 -61.6 -64.3 -70.3 -64.3 -80.5 -85.4 -92.5 -72.2 -65.6 -69.7 -76.6 -69 -32.9 -60.4 -65.6 -48 -80.1
99.6 -45.5 -12.4 -9.3 55.2 -9.5 5.9 -55.7 -16.1 -16.3 40.8 -60.8 -64.4 -70.5 -64.5 -80.5 -85.3 -92.1 -72.8 -69.6 -73.2 -80.1 -71.7 -36.1 -63.5 -69.1 -52.1 -84.1
97.9 -49 -15.1 -11.2 52.8 -10.3 4.6 -57.4 -17.8 -17.2 39.6 -61.9 -65.5 -71.9 -66.2 -81.4 -86 -92.8 -73.7 -71.4 -74.8 -81.9 -72.7 -37.3 -64.7 -70.4 -54.1 -85.5
93.4 -56 -21.3 -16.8 48.1 -13.3 0.9 -61.3 -22.1 -20.5 36.8 -64.7 -68.1 -74.7 -69.2 -83.8 -87.7 -94.7 -74.9 -71.8 -75.5 -82.5 -72.9 -37 -64.3 -70.3 -55 -85.7
88.6 -61.3 -28 -22.8 44 -16.5 -2.6 -65.1 -26.5 -24.1 34.3 -66.7 -70.1 -76.7 -71.2 -86.1 -88.9 -95.8 -75 -70.5 -74.7 -81.5 -71.9 -35.2 -62.7 -68.8 -53.6 -84.3
85.1 -67.2 -36 -29.4 41.4 -17.6 -3.9 -67.6 -29.7 -26.4 33.7 -66.1 -69.5 -76.3 -71.1 -86.7 -88.8 -94.6 -72.9 -66.5 -72.1 -78.8 -69.3 -32 -60.1 -65.7 -48.7 -80.6
84.9 -73.7 -41.9 -33.8 41.2 -15.7 -2.4 -67.4 -30.3 -26.2 35.2 -63 -66.9 -74 -69.2 -85.4 -87.1 -91.7 -70 -62 -69.2 -75.9 -66.3 -29.1 -58 -62.6 -42.8 -76.5
89.1 -75.4 -40.7 -32.1 44.7 -11.1 1.4 -63.7 -27.3 -22.7 39.1 -58.4 -63.5 -70.8 -66.1 -82.2 -83.9 -88.2 -67.1 -59.6 -68 -74.5 -64.8 -27.9 -57.3 -61.4 -38.9 -74.3
93.3 -72.5 -36.7 -28.3 48.7 -7.2 4.7 -59.8 -24.1 -19.2 42.8 -54.8 -61.2 -68.4 -63.6 -79.3 -81.4 -85.7 -65.1 -59.6 -68.5 -74.9 -65.4 -28.8 -57.7 -61.8 -39.4 -75.2
92.3 -73.1 -38.2 -29.6 48.1 -7 4 -60.3 -24.9 -19.7 43.3 -54.5 -61.3 -68.6 -63.7 -79.3 -81.6 -86 -65 -60.3 -69.1 -75.7 -66.4 -30.1 -58.2 -62.3 -43.8 -78.2
86.7 -81.2 -46.5 -36.4 42.7 -9.9 0.2 -65 -29.3 -23.9 40.4 -56.8 -63.3 -70.8 -66.4 -81.8 -84 -88.4 -66 -59.9 -68.4 -75.6 -66.2 -29.9 -57.6 -61.4 -47.5 -79.9
81.9 -87.9 -53.7 -42.5 37.3 -13.4 -3.7 -69.7 -33.6 -28 36.6 -60.2 -65.8 -73.5 -69.6 -84.8 -86.9 -91 -67.5 -59.5 -67.8 -75 -65.8 -29 -56.9 -60.7 -48.5 -79.7
82.2 -85.7 -53.1 -42.5 36.6 -14.9 -4.5 -70.5 -34.2 -28.7 35.3 -61.7 -66.7 -74.4 -70.6 -86 -87.8 -91.6 -68 -59.7 -67.8 -74.6 -65.9 -28.6 -56.5 -60.9 -47.8 -78.5
86.3 -79.6 -47.8 -38 39.9 -13 -2.1 -67.8 -31.2 -25.9 37.4 -59.9 -64.7 -72.6 -68.6 -84.4 -86.1 -89.6 -66.6 -59.4 -67.4 -73.8 -65.6 -28.2 -55.9 -60.9 -45.6 -76.3
90.2 -74.7 -41.7 -32.2 44.1 -9.5 1 -64.5 -27.6 -22.5 40.3 -56.9 -62.1 -70.2 -66.2 -81.7 -83.9 -87.5 -65.4 -59.7 -67.2 -73.6 -65.4 -28.4 -56.2 -61.4 -43.8 -75
93.3 -68.4 -33.2 -25.7 47.9 -7.4 2.7 -62 -24.6 -20 41.8 -55.9 -61.4 -69.1 -65 -79.9 -83.2 -87.1 -66.4 -61.7 -68.4 -74.6 -66.3 -29.8 -57.9 -63.5 -44.7 -76.2
95.4 -60.6 -25.3 -20.6 50.4 -7.8 2.6 -60.5 -22.7 -19 41.8 -57 -62.3 -69.4 -64.7 -79.7 -83.5 -88.2 -68.6 -63.1 -68.7 -74.6 -66.7 -30.4 -58.9 -64.9 -45.6 -77.4
95.1 -56.3 -23.4 -19.9 50.1 -9.5 1.4 -60.3 -22.4 -19.5 40.8 -58.8 -62.9 -69.6 -64.3 -80.2 -83.5 -89 -69.3 -60.7 -65.9 -71.8 -64.2 -28.3 -56.8 -62.8 -42.8 -74.8
93.5 -56.6 -25.6 -21.8 48.7 -10.5 1.1 -60.4 -22.3 -20.3 39.8 -59.9 -62 -68.6 -63.3 -79.8 -82.6 -88.8 -68.3 -56.2 -61.5 -67.7 -60.1 -24.6 -53.3 -58.9 -37.4 -69.6
93.6 -56.2 -24.8 -21.3 48.9 -10.2 2.2 -59.9 -21.2 -20 39.5 -60.3 -61.5 -67.6 -62.5 -78.9 -82 -88.8 -67.8 -54.9 -60 -66.3 -59 -23.3 -52.3 -58.3 -35 -67.3
96.3 -50.4 -19 -17 51.6 -9.4 4 -58.5 -19 -18.1 40.3 -59.5 -62.1 -67.5 -62.4 -78.2 -82.2 -89.3 -68.9 -58.1 -62.7 -68.6 -61.5 -25.6 -54.9 -61.8 -37 -69.3
99.3 -45.3 -13.5 -12.4 55 -7.9 5.9 -56.7 -16.7 -15.4 42.8 -55.7 -62 -67.2 -61.6 -76.9 -81.7 -88.6 -69.6 -61 -65.3 -70.7 -63.1 -27.7 -56.8 -64.4 -38.9 -71.1
98.9 -48.3 -14.7 -12.7 55.4 -7.3 5.9 -56.7 -16.7 -14.4 44.7 -51.5 -61.7 -67.2 -61.2 -76.3 -81 -87.5 -69.2 -60.9 -65.3 -70.4 -62.6 -27.3 -56.4 -64.1 -38.3 -70.3
95.1 -54.9 -20.3 -17.5 51.5 -8.7 2.9 -59.5 -19.8 -16.8 43.4 -52.2 -63.4 -69 -62.8 -78 -82.1 -88.3 -69.9 -59.9 -64.5 -69.6 -61.9 -25.9 -55.7 -63.2 -36.9 -68.9
91 -59.1 -26.7 -23.5 46.5 -9.7 0.1 -62.3 -23.7 -20.3 40.8 -57 -64.3 -70.3 -64.4 -80.2 -83.5 -89.5 -70.4 -57.4 -62.4 -67.8 -60.2 -23.7 -53.8 -61.4 -33.8 -66.2
88.7 -63.5 -33.7 -29.1 44.3 -8.3 -0.1 -63.2 -26 -22.3 40 -60.4 -61.5 -68.5 -63.6 -80.4 -82.8 -88.5 -68.7 -51.8 -58 -63.8 -56.4 -20.1 -49.7 -57.4 -27.6 -60.7
88.2 -70.5 -40 -33.1 45.3 -6.7 1.1 -63.2 -26.7 -22.8 40.6 -60.2 -57.8 -65.7 -61.6 -79.2 -80.8 -86.2 -66.2 -47.1 -54.7 -60.7 -53.4 -18 -47 -54.3 -22.7 -56.3
88.5 -76.1 -42.3 -34.3 47.6 -7.8 1.3 -63.7 -26.7 -22.6 41.1 -58.1 -57.1 -65.5 -61.3 -78.7 -79.9 -85.4 -65.8 -48 -56.5 -61.9 -54.8 -20.3 -49.2 -55.9 -23.7 -57.5
88.3 -77.4 -42.3 -34.4 49.4 -10.7 0.1 -64.9 -27.1 -22.2 41.1 -56.3 -59 -67.2 -62.8 -79.2 -80.4 -86 -67.1 -51.9 -60.4 -65.6 -58.5 -24.5 -53.7 -59.7 -27.4 -61.5
86.1 -79 -44.7 -36.7 49.4 -12.8 -1.6 -66.3 -28.3 -22.2 41.4 -55.6 -59.9 -68 -63.8 -79.5 -81 -86.3 -67.6 -52.2 -60.8 -66.2 -59.5 -25.5 -55 -60.7 -27.1 -61.9
82.4 -85 -50.6 -42 46.8 -13.1 -3.2 -67.6 -30.3 -23.3 41.3 -56.1 -58.6 -67.1 -63.3 -79.6 -81.1 -86.1 -66.6 -47.7 -56.6 -62.6 -56.9 -22.3 -52.2 -57.6 -21.3 -57.4
80.3 -88.8 -54.6 -45.9 43.3 -12.7 -3.9 -68.3 -32 -25.1 40.5 -56.8 -57.2 -65.8 -62.5 -80.1 -81.4 -86.3 -66.1 -42.8 -52.5 -58.7 -53.8 -19 -49.1 -54.5 -15.4 -52.5
82.3 -84.1 -51.8 -43.8 42.8 -11.2 -2.3 -66.8 -31.1 -25 40.6 -56.6 -56.2 -64.1 -61.2 -80.1 -81.1 -86.3 -66.4 -41.1 -50.8 -57 -52.1 -17.8 -48.1 -53.7 -13.4 -50.6
87 -76.8 -45.4 -37.6 46 -7.7 1.6 -63.6 -27.7 -22.3 42.4 -56.5 -54.3 -61.6 -58.7 -78.1 -79.4 -85.1 -66.3 -41.5 -50.6 -56.8 -51.4 -18.1 -48.7 -54.3 -14.3 -50.7
91.5 -71.7 -38.7 -30.8 50 -4.1 5.5 -60.3 -23.9 -19 43.6 -58.9 -52.5 -59.2 -56.4 -75.5 -77.7 -84.2 -66.5 -43.1 -51.1 -57.6 -51.8 -19.2 -50.7 -56 -16.6 -52.1
94.9 -65.4 -30.7 -23.6 52.8 -2.7 8.2 -57.1 -20.5 -16.6 42.8 -63.7 -51.9 -58.1 -55.2 -73.4 -77.6 -85 -68.3 -45.7 -52.3 -58.7 -53.1 -20.7 -53.2 -59 -19.2 -54.3
97 -57.3 -23.8 -18.6 53.4 -3.5 9.6 -54.8 -18.3 -15.5 40.8 -68.6 -51.9 -57.4 -54.5 -72.3 -78.2 -86.5 -70.1 -46.4 -51.6 -57.9 -52.9 -20.7 -53.4 -60.7 -19.2 -54.3
96.8 -52.8 -22.7 -18.7 51.1 -4.8 9.6 -54.2 -18.2 -16.3 38.5 -71.7 -51.3 -56.4 -53.8 -72 -78.6 -87.5 -70.3 -43.3 -47.6 -54.1 -49.7 -18 -50.4 -58.7 -15.3 -50.2
95.6 -53.7 -25.3 -21.5 47.8 -5.2 8.9 -54.6 -19.2 -18 36.8 -72.2 -50.7 -55.3 -53.2 -72.2 -78.6 -87.8 -69.4 -39.6 -43.5 -50 -45.9 -14.8 -47 -55.3 -12.2 -45.7
96.3 -53.6 -24.5 -20.8 47.1 -4.3 9.7 -53.5 -18.5 -18.2 37.3 -70.5 -50.3 -54.4 -52.3 -72 -78 -87.5 -69.1 -39.5 -42.8 -49.2 -45 -14.4 -46.7 -54.5 -13.5 -45.3
100.4 -46.8 -17.5 -15.1 50.7 -1.9 12.9 -50 -14.8 -15.2 40.5 -67.2 -49.5 -52.9 -50.4 -70.3 -76.3 -86 -68.9 -42.2 -44.6 -51.2 -46.8 -16.4 -48.8 -56.5 -17 -48.1
104.8 -40.5 -10.9 -9.6 55.6 1.6 16.6 -46.5 -10.7 -11.2 44.5 -63.4 -48 -51 -47.8 -67.5 -74 -83.4 -67.7 -43.8 -45.7 -52.6 -48.2 -17.8 -50 -57.9 -18 -49.3
105.1 -42.9 -12.1 -10 56.5 3.4 17.1 -46.8 -10.5 -10.7 45.5 -61.6 -47.8 -50.7 -47.5 -66.5 -73.5 -82.8 -67.5 -43.4 -45.6 -52.7 -48.3 -18 -50.2 -57.9 -17.2 -48.3
100.6 -50.5 -19.2 -15.9 52.8 1 13.3 -51.3 -15.2 -14.9 42 -64.1 -50.9 -53.5 -50.8 -69.3 -76.5 -86.2 -70.6 -43.3 -46.3 -53.9 -49.1 -19.3 -51.8 -59.4 -17.9 -48.6
94.4 -57.2 -28.3 -24.3 47.4 -3.8 7.8 -57 -21.6 -20.9 36.8 -68.9 -54.7 -57.3 -55.3 -74 -81 -91.1 -75 -43.1 -47.2 -55.4 -50.6 -21.6 -53.9 -61.9 -19.3 -50.2
89.8 -63.5 -38 -32.6 43.4 -6.1 4.6 -60.6 -26.3 -24.8 34.1 -70.6 -54.9 -58.5 -56.9 -76.7 -83.2 -93 -76.5 -39.8 -45.6 -54.6 -50.5 -21.8 -54 -62.1 -17.7 -49.3
89.7 -68.9 -43.4 -36.4 43.3 -3.1 6.4 -59.9 -26.5 -24 36.4 -65.8 -50.3 -55.7 -54.4 -75.3 -81.2 -90.4 -74.5 -34.2 -41.8 -51.2 -48.5 -19.6 -52 -59.7 -12.8 -45.2
94.5 -70.1 -41 -33.4 47.3 3.4 12 -55.6 -22.7 -19.7 42 -57.5 -43.9 -51.1 -50 -71.8 -76.8 -86 -71.4 -30.6 -39.3 -48.9 -46.5 -17.9 -51.1 -58 -8.8 -41.5
99.5 -67.8 -36.5 -29.3 51.1 8.9 16.6 -51.8 -19.3 -16.2 45.4 -52.7 -39.6 -48 -47.1 -69.4 -74.1 -83.9 -69.8 -30 -39.3 -49.4 -46.1 -18.6 -52.3 -59.1 -8 -41
99.6 -68.9 -38.4 -31 50.3 10.6 16.9 -52.7 -20.4 -17.2 43.1 -55.6 -38.7 -47.8 -47.6 -70.2 -75.3 -85.6 -71 -30.2 -39.8 -50.6 -46.4 -20.2 -54 -61.4 -8.3 -42.9
94.1 -77.7 -47.9 -39.4 45.2 8.5 12.9 -58.1 -26 -22.5 37 -62.4 -40.7 -50.3 -51.2 -74.1 -79.6 -89.8 -74.1 -29.6 -40 -51 -47 -21.6 -55.2 -63.2 -8.2 -45.3
88.1 -85.9 -56.7 -47.8 40.4 4.5 7.8 -63.8 -32.1 -28.2 32.2 -67.7 -44.2 -54.3 -55.9 -78.9 -84.4 -94.6 -77.9 -29.9 -41.3 -52.3 -49.2 -23.8 -57.2 -65.4 -9.2 -48
87 -84.5 -57.1 -48.9 40.2 2.6 5.7 -65.3 -33.7 -29.5 31.8 -68.8 -46.4 -56.8 -58.4 -81.2 -86.5 -97 -80.3 -31.5 -43.3 -54 -52 -25.7 -59.3 -67.2 -11.2 -49.7
91.1 -77.7 -50.7 -43.2 44.2 5 8.5 -61.9 -30.2 -26.2 35.2 -66.6 -45.1 -55.8 -56.4 -79.4 -84.6 -95.5 -79.2 -32.2 -43.4 -54.3 -52.7 -25.4 -59.3 -66.8 -11.2 -48.4
97.1 -71.6 -42 -34.8 49.3 9.4 13.7 -56.8 -24.9 -21.8 38.7 -64.6 -41.9 -52.8 -52.8 -75.8 -81.1 -92.5 -77 -32.4 -42.7 -54.1 -52.3 -24.8 -59.1 -66.3 -9.9 -46.2
101.6 -64.8 -32.5 -26.4 52.8 11.4 17.9 -53.3 -20.3 -19.2 39.5 -65.8 -40.4 -51.1 -51 -73.6 -79.6 -91.3 -77.1 -34.3 -43.6 -55.4 -53.2 -26.1 -60.7 -67.9 -10.8 -46.9
102.3 -57.6 -26.5 -21.7 53.6 9.3 18.4 -53.1 -18.4 -19.5 37.7 -69 -41.7 -51.9 -52.2 -73.7 -81 -92.5 -79.5 -36.7 -45.3 -57.4 -54.7 -28 -62.6 -70.1 -13.1 -49.3
99.2 -55 -27.5 -23 52.1 4.4 15.4 -55.6 -20.2 -22.1 35 -71.8 -44.9 -54.6 -55.2 -75.8 -83.7 -95 -81.6 -37.1 -45.7 -57.7 -54.6 -28 -62.6 -70.3 -13.4 -49.8
96 -57.2 -30.8 -26.2 50.5 0.1 11.9 -58.1 -23.1 -24.4 33.5 -72.2 -47.7 -57.3 -57.9 -78.1 -85.7 -96.8 -82.5 -36.7 -45.5 -56.9 -53.7 -26.9 -61.1 -69.3 -12.3 -48.7
96.9 -57.3 -29.2 -25.4 51.5 -1.2 10.7 -58.1 -23.5 -23.9 34.2 -70 -49.4 -58.7 -58.9 -79 -86.1 -97.3 -82.9 -38.5 -47.3 -58.1 -55 -27.8 -61.4 -70.3 -13.8 -49.9
101.9 -50.5 -21.6 -19.3 55.5 0.1 12 -55.9 -21.1 -20.9 36.6 -66.5 -50.2 -58.9 -58.6 -78.4 -85.5 -97.1 -83.4 -43.2 -51.4 -61.9 -58.8 -31.1 -64.6 -74 -18.8 -54.4
107 -43.8 -14.7 -12.7 60.3 3 14.8 -52.9 -17.6 -17.4 39.6 -63 -49.5 -57.8 -57 -76.6 -83.9 -95.8 -82.7 -46.6 -53.9 -64.7 -61.3 -33.2 -66.8 -76.2 -22.4 -57.5
108.2 -44.6 -14.1 -10.8 62.1 5.6 16.8 -51.7 -15.8 -16 41.3 -61.6 -48 -56.4 -55.4 -75.2 -82.1 -94.1 -80.8 -46.3 -53 -64.3 -60.9 -32.3 -65.7 -74.9 -21.8 -56.3
104.6 -49.7 -18.4 -13.9 59.7 4.9 16 -53.8 -17.4 -18.1 39.6 -64.2 -48.5 -57.1 -56.2 -76.2 -82.5 -94.4 -80.3 -44.8 -51.9 -63.4 -59.7 -30.7 -63.7 -72.8 -19.6 -53.5
97.4 -55.5 -26 -21 54.4 0.2 12.1 -58.9 -22.2 -22.7 35 -70 -51.3 -60.1 -59.7 -80 -85.4 -97.1 -81.6 -44.5 -52.7 -64.2 -59.5 -30.4 -63.1 -72.3 -18.3 -51.7
89.2 -64.6 -37.4 -31.2 48 -5.5 6.6 -65.2 -28.7 -28 30 -74.9 -54.2 -63.8 -64.4 -84.6 -89 -100.5 -83.4 -45.2 -54.7 -66.1 -60.8 -31.6 -64.1 -73.1 -17.8 -51.9
84.6 -75.6 -47.7 -40 43.1 -8.6 2.2 -69.9 -34.1 -32.4 26.6 -77 -56.1 -66.7 -67.9 -87.9 -92.1 -103.2 -84.8 -47.6 -58.1 -69.2 -64 -34.6 -66.8 -75.4 -19.8 -55.4
86 -81.2 -50.3 -42.2 41.9 -8.4 0.9 -70.9 -35.7 -34.1 25.6 -76.6 -57.3 -68.4 -69.5 -89.2 -93.9 -104.5 -85.9 -52.6 -63.4 -74.1 -69.2 -39.5 -71.5 -79.5 -25.4 -61.8
90.3 -79.5 -47.4 -39.8 43.4 -6.8 1.8 -69.1 -34.2 -33.3 26.7 -74.1 -57.6 -68.8 -69.5 -88.6 -94 -103.9 -86 -57.3 -68.1 -78.5 -73.4 -43.3 -74.9 -82.9 -30.5 -66.6
92.7 -77.9 -46.3 -38.4 44.5 -5.5 3.4 -67.2 -32.1 -31.3 28.8 -70.3 -56.7 -67.6 -68.5 -86.5 -92.2 -101.6 -83.7 -57.1 -67.7 -78.7 -72.8 -41.9 -72.9 -81.2 -29 -64.7
91.5 -82.5 -50.2 -41.3 43.7 -5.5 4 -67.1 -31.5 -30.1 30.3 -67.5 -55.6 -66 -67.2 -84.5 -89.8 -99 -80.1 -52.1 -63 -74.9 -68.2 -36.3 -66.4 -75 -22 -57.4
88.8 -86.9 -54.6 -45.4 42.3 -7.2 3 -68.6 -32.6 -30.2 30.5 -67.9 -57 -66.5 -67.4 -84.5 -89 -98.2 -78.1 -48.9 -60.2 -72.4 -65.2 -32.5 -61.7 -70 -19.4 -53.6
88.8 -83.4 -52.8 -44.5 44.1 -8 3.1 -67.9 -31.9 -28.8 31.9 -68.9 -59.8 -67.4 -67.2 -84.5 -88.1 -97.4 -76.9 -50.1 -61.4 -73 -65.4 -32.3 -60.7 -68.2 -24.5 -55.9
93.1 -75.4 -45.1 -37.5 50.3 -5 6.8 -63.2 -27.2 -23.3 37.1 -65.5 -60 -65.2 -64 -81.4 -84.5 -93.7 -73.4 -51.4 -62.5 -73.4 -65.4 -31.6 -59.8 -66.3 -29.2 -57.9
99.2 -69.1 -35.9 -28.1 57.1 -1 11.7 -57.3 -20.9 -16.8 43.1 -59.3 -58.3 -62 -60.1 -77.2 -80.4 -89 -69.4 -52.4 -63.1 -73.7 -65.1 -30.6 -58.5 -64.8 -28.9 -57.4
103.5 -62.9 -26.7 -18.9 61.4 -0.4 13.7 -54 -16.4 -13.3 45.9 -55.5 -58.2 -62 -59 -75.8 -79.4 -87.3 -68.9 -56 -65.7 -76.3 -66.8 -31.8 -59.2 -66.2 -28.2 -58.2
104.1 -56 -20.4 -13.5 62.7 -3.5 12.4 -54 -15.3 -13.4 45 -55.8 -60.6 -65 -61.1 -77.1 -81.2 -88.6 -71.3 -60.8 -69 -79.4 -68.9 -33.9 -60.4 -68.4 -29.2 -61
100.7 -53.2 -20.9 -15 60.9 -8.2 9.1 -56.8 -17.4 -15.8 42.5 -58.4 -63.9 -68.5 -64.5 -79.3 -83.9 -90.7 -73.6 -63.1 -70.4 -80.4 -69.2 -34 -60 -68.5 -30.8 -63.5
95.9 -56.4 -25.4 -20.2 57.4 -12.7 5.6 -60.9 -20.6 -19 40 -61.3 -67.6 -71.9 -68.1 -82 -86.3 -92.9 -74.8 -64.7 -71.7 -81.3 -69.6 -33.9 -59.8 -68 -34.2 -66.4
93.4 -59.1 -27.2 -22.5 55.1 -15.9 3.2 -64 -22.3 -21.5 38.5 -62.6 -72.1 -75.7 -71.5 -85 -88.4 -94.9 -76 -70.4 -76.6 -85.8 -73.5 -36.7 -62.7 -70 -42.5 -71.6
94.8 -54.5 -22.7 -18.5 56.7 -16.9 3.1 -63.8 -21.3 -21.1 39.3 -61.1 -76.1 -79 -73.4 -86.6 -89.3 -95.5 -76.2 -79.2 -83.8 -92.2 -79.1 -41.2 -67.1 -73.5 -53.2 -77.4
98.5 -48.5 -16.6 -12.8 61.6 -15.1 5.4 -60.7 -18 -18 42.5 -57.1 -76.9 -79.2 -72.1 -85.1 -87.7 -93.2 -73.7 -84.1 -87.3 -95.3 -81.2 -42.7 -68 -74.1 -57.5 -78.7
100.6 -49.5 -15.7 -11.5 64.8 -12.5 7 -58.4 -16.1 -15.6 45.6 -53.4 -75.3 -77.4 -69.8 -82.7 -85.5 -90.2 -70.3 -83 -85.8 -93.9 -79.4 -40.6 -65.3 -71.4 -53.5 -75.4
99.9 -54.4 -19.8 -14.6 63.8 -12.4 5.3 -59.4 -17.7 -16.2 45.5 -53.1 -74.8 -77 -69.6 -82.3 -85.4 -89.7 -69.6 -80.1 -83.1 -91.1 -77 -38.3 -62.5 -69 -47.7 -72.2
96.7 -59.1 -26.8 -20.3 59.7 -14.7 1.5 -63 -21.8 -18.9 43.4 -54.5 -75.8 -78.8 -71.7 -84.3 -86.9 -91 -70.9 -77.7 -81.5 -89 -75.7 -37.1 -60.7 -67.5 -44.4 -71.1
91.8 -66.5 -36.8 -28.6 54.6 -16.7 -1.5 -67.3 -26.8 -22 41.8 -54.5 -76.4 -80.7 -74.1 -86.7 -88.1 -91.6 -70.8 -75.3 -80.7 -87.6 -74.7 -36.1 -59.2 -65.6 -42.6 -70.2
87.6 -76.3 -45.4 -36.1 51.1 -17.2 -2.3 -70.3 -30.4 -24 41.5 -52.4 -76.2 -81.6 -75.3 -87.9 -88.3 -91.2 -68.9 -73.9 -81.4 -88.2 -74.8 -36.2 -58.8 -64.3 -42.1 -70
86.4 -82.1 -47.5 -38.3 50.9 -16.8 -1.7 -70.9 -31.2 -24.5 42 -49.5 -76.6 -82 -75.7 -87.8 -88.4 -91.3 -67.8 -75.9 -84.8 -91.7 -77.2 -38.5 -61.2 -66.2 -44.5 -72.4
87 -81.9 -45.6 -36.6 52.4 -16.2 -1 -70.2 -30.4 -24.1 42.6 -46.9 -77 -82.3 -75.6 -87.1 -88.4 -91.8 -68.4 -79 -88.3 -94.9 -79.7 -41.2 -64.2 -69.2 -47.9 -75.3
87.2 -81.2 -45.7 -35.9 53.5 -15.3 -0.7 -70 -30 -23.2 43 -44.7 -75.8 -81.3 -74.5 -85.8 -87.7 -91.1 -68.3 -77.8 -87 -93.2 -78.3 -39.7 -63 -68.2 -47.3 -74.3
85.5 -85.2 -50.1 -38.4 53 -14.5 -1.2 -70.6 -30.5 -22.8 43.1 -44.3 -73.2 -79.4 -72.7 -84.4 -86.2 -89.1 -66 -71.6 -80.8 -87.1 -72.9 -33.8 -57.5 -62.3 -41.9 -68.9
83.5 -88.8 -54.3 -41.2 51.7 -14.9 -2.3 -71.3 -31.6 -23 42.7 -47.9 -71.9 -78 -71.6 -83.7 -85.2 -87.9 -63.3 -66 -75.3 -81.7 -67.7 -28.7 -52.4 -56.8 -36.8 -64
84.3 -85.3 -52.8 -39.7 52.4 -14.9 -1.9 -69.7 -30.6 -21.8 43.3 -53 -71.7 -76.7 -70.2 -82.3 -83.6 -86.8 -60.7 -63.7 -72.8 -79.2 -65 -26.7 -49.9 -54.3 -35 -62.5
88.4 -78.4 -46.3 -33.9 56.6 -12.3 2 -65.1 -26.1 -17.9 46.3 -53.7 -69.6 -73.6 -66.4 -78.3 -79.5 -83.4 -57.2 -62.6 -71 -77.3 -62.8 -25.1 -47.9 -52.8 -34.3 -61.9
93.3 -73.3 -38.2 -26.9 62.3 -9 7 -60.4 -20.4 -13.3 50.3 -49.1 -66.7 -70 -62.1 -73.8 -75.2 -79.1 -54.3 -62.5 -69.7 -76.1 -61.4 -23.8 -46.7 -52 -34.1 -62.3
96.1 -68.3 -30.1 -20.2 66.9 -8.6 9 -58.3 -16.3 -10.9 52.1 -44.4 -66.5 -69 -60.6 -72.3 -74.3 -77.8 -54.9 -65.1 -71.1 -77.2 -62.7 -25.1 -48.1 -54.1 -36.9 -66.2
94.9 -63.2 -25.5 -16.9 67.8 -12.4 6.5 -59.5 -16.3 -11.8 50.7 -43.9 -69.9 -71.6 -63 -74.9 -77.4 -80.4 -58.9 -68.7 -74 -79.3 -65.6 -28 -50.8 -57.6 -41 -71.6
90.6 -61.1 -26.8 -18.6 65.4 -17.5 2.1 -62.5 -19.7 -14.3 48.1 -47.2 -73.4 -75.2 -66.7 -78.6 -81.1 -83.9 -62.6 -68.8 -74.2 -78.8 -66 -28.6 -51 -58.5 -41.6 -72.9
88.2 -61.5 -29 -20.5 63.6 -19.4 0.7 -63.5 -21.8 -15 47.3 -49.8 -73.8 -75.7 -67.6 -79.3 -81.6 -84.9 -63.2 -64.7 -70.3 -74.5 -62.8 -25.6 -48.1 -56.1 -37.8 -69.1
90.6 -59.4 -26.2 -17.8 65.2 -17.6 3.1 -61.4 -20 -13.3 48.9 -50.2 -71.5 -73 -65.5 -76.7 -79.2 -83.6 -62.2 -61 -66.2 -70.7 -59.7 -23.1 -46.4 -54.7 -35.5 -66.3
95.1 -53.1 -19.2 -11.9 68.7 -15 6.1 -58.5 -16.5 -11.2 50.5 -50.1 -69.5 -70.4 -63.2 -74.5 -77.3 -82.8 -62.4 -61.6 -65.9 -70.9 -60.3 -24.5 -48.5 -57.1 -39.1 -69.4
97.5 -49.6 -15 -8.1 70.7 -13.7 7.3 -57.1 -14.3 -10.3 51 -50.1 -68.4 -69.1 -62 -74.2 -76.8 -82.7 -63.2 -64.1 -67.5 -72.9 -62.4 -27.3 -51.7 -60 -44.5 -74.5
96.5 -53.4 -16.9 -9.3 69.1 -13.5 7 -58.1 -14.7 -11 50.4 -50.1 -67.4 -68.3 -61.4 -74.7 -77.1 -82.6 -63.1 -64 -67 -72.8 -62.3 -27.7 -52.5 -60.3 -45.4 -75.9
94.2 -58 -21.2 -13 65.9 -14.1 6.4 -59.6 -16.6 -12.4 49.2 -50.5 -66.3 -67.2 -61 -74.9 -77.5 -82.7 -62.9 -60.5 -63.5 -69.6 -59.5 -25.6 -50.8 -58.6 -41.2 -73
91.9 -60 -26.1 -17.3 63.4 -14.4 6.2 -60.5 -18.6 -13.5 47.9 -51.1 -64.5 -66 -60.2 -74.4 -77.3 -82.6 -62.7 -54.5 -57.9 -64.4 -55 -22.3 -47.7 -56.2 -34.9 -68.4
89.6 -64.4 -33.6 -23.2 61.3 -13.4 6 -61.3 -20.4 -14.4 47 -51.4 -61.7 -64 -58.6 -73.4 -76.2 -81.6 -61.8 -47.5 -52.1 -59 -50.3 -18.8 -44.5 -53.5 -28.8 -63.6
88.8 -71.9 -40.4 -28.7 59.3 -11.1 6.1 -61.7 -21.5 -15.2 46.7 -51.1 -58.7 -61.6 -56.7 -72.2 -75.1 -80.5 -61 -42.9 -48.9 -55.7 -47.7 -16.6 -43.1 -52.1 -25.2 -61
90.6 -76 -41.7 -29.8 58.6 -8.5 7.5 -60.7 -20.9 -15.2 47.1 -50.6 -56.7 -59.3 -55.3 -70.7 -74.6 -80.2 -61.4 -42.9 -49.4 -55.8 -48.5 -17.4 -44.9 -54.1 -26.1 -62.3
93.3 -74.4 -39.5 -28.3 58.7 -6.7 9.4 -59.2 -19.6 -14.7 48.1 -49.6 -54.9 -57.3 -54.4 -69.3 -74 -80.4 -62.6 -44.3 -50.8 -57 -50.4 -19.4 -47.4 -57.4 -28.7 -64.8
93.9 -73.7 -39.8 -29 57.6 -6 10.5 -58.4 -19.3 -14.3 48.6 -49 -52.5 -55.2 -53.1 -68.5 -72.8 -80 -63.2 -42.3 -48.9 -55.4 -49.7 -18.6 -46.8 -57.5 -27.7 -63.8
91 -79.8 -45.5 -34.3 53.8 -6.9 9.5 -59.9 -21.8 -15.7 46.4 -51.5 -50.9 -54.4 -52.4 -69.4 -72.4 -80.4 -63.7 -37.4 -44.4 -51.7 -46.5 -15.4 -44.1 -54.5 -23.5 -60.2
86.5 -86.6 -52.4 -41.3 48.7 -9.7 6.6 -63.1 -26.3 -20 40.8 -58.3 -52.5 -56.4 -53.8 -72.2 -75 -83.8 -66.1 -34.6 -41.8 -49.9 -45.3 -14.6 -44.1 -53.6 -21.5 -59.5
85.2 -86 -54.1 -43.8 46.4 -11.4 5.2 -64.7 -28.6 -23.2 36.3 -64.4 -54.5 -58.1 -55 -73.8 -78 -87.4 -68.8 -34.8 -41.7 -50 -46.3 -16.1 -46.2 -55.7 -22.1 -61.4
88.4 -80.8 -50.5 -40.5 48.8 -8.7 7.6 -62.1 -26.1 -22.1 37.1 -64.1 -52.9 -56.2 -53.2 -71.7 -77.6 -87.2 -68.1 -35.3 -41.3 -49.4 -46.2 -16.9 -47 -57.1 -21.7 -61.7
93.7 -75.6 -43.6 -34.2 53.6 -3.6 11.9 -57.2 -21.4 -18.4 40.9 -59.9 -49.6 -52.7 -49.8 -68.1 -74.9 -84.6 -65.7 -36.1 -40.9 -48.8 -45.5 -16.8 -46.8 -57.9 -21.3 -60.9
98.1 -69.4 -34.7 -27.5 57.5 -0.5 14.7 -53.1 -17.8 -15.6 43 -57.5 -48.9 -51.7 -48.5 -67 -74 -83.9 -66 -39.2 -42.2 -50.2 -46.5 -18.5 -48.6 -60.1 -24 -62.5
99 -63.1 -29 -23.9 57.6 -1.4 14.7 -52.4 -17.8 -15.8 41.5 -59.2 -51.4 -53.5 -50.1 -69.3 -76.4 -86.7 -69.5 -42.6 -44 -52.4 -48.7 -21.2 -51.7 -63.2 -27.6 -64.9
96.5 -60.8 -29.9 -25.4 54.5 -4 13.3 -54.5 -20.5 -18.7 38.5 -62.8 -53.9 -55.5 -52.3 -72.4 -79.8 -90.4 -73.1 -42.4 -43.3 -52.3 -48.9 -21.7 -52.5 -64 -27.3 -64.5
95.1 -61.6 -32.4 -27.8 52.4 -4.3 13.6 -55.5 -22.2 -20.6 36.8 -64.8 -53.3 -54.8 -52.6 -73.4 -80.8 -91.8 -74.1 -39.1 -40 -49.9 -46.4 -19.6 -50.5 -62.1 -23.5 -61.4
98.1 -59.6 -30.2 -25.8 53.9 -0.5 16.7 -53 -20.2 -19.4 37.8 -64.5 -50.4 -52.1 -50.7 -72 -79.6 -90.7 -73.5 -37 -37.9 -47.9 -44.4 -18 -49.4 -61.2 -21.4 -59.6
103.8 -52.1 -23.6 -19.9 57.6 4.9 20.6 -48.9 -16.6 -16.7 39.7 -63.7 -48.2 -49.9 -48.7 -70.2 -78.4 -89.5 -73.5 -38.6 -39.2 -48.7 -45.7 -19.6 -51.3 -63.6 -22.6 -61.1
107.6 -47.4 -19.2 -16.3 59.7 8.5 22.9 -46.9 -14.7 -15.3 40.4 -63.5 -47.3 -49.5 -47.9 -69.4 -78.4 -89.6 -74.2 -40.8 -41.8 -51 -48.8 -22.6 -54.2 -66.6 -23.8 -63
106.7 -51.9 -22.1 -19.5 57.3 7.7 21.8 -48.9 -16.9 -17.6 38.3 -65.5 -48 -51.2 -49.3 -71 -80 -91.9 -75.7 -41.8 -44 -53.4 -51.4 -25.2 -56.7 -68.4 -23.9 -63.7
102.1 -60 -29.5 -26.9 51.3 2.2 17.3 -54.3 -22.5 -23.1 33 -70.8 -51.3 -55.3 -53.7 -75.3 -84.1 -96.9 -79.5 -43 -46.4 -56 -54.2 -27.9 -59.5 -70.6 -25.4 -64.8
96.2 -66.2 -38 -35.4 44.7 -4.1 12.3 -60.5 -28.7 -29.2 27 -77.2 -55.5 -59.9 -58.8 -80.6 -88.7 -102 -83.7 -44 -48.4 -58.1 -56.7 -29.7 -61.6 -72.7 -27.9 -65.8
91.8 -72.1 -46.9 -43.3 39.9 -6.1 10 -64.5 -32.6 -32.9 23.5 -80 -56.6 -61.4 -61.1 -83.3 -90.6 -103.4 -84.6 -42.2 -47.9 -57.6 -56.7 -28.6 -60.9 -71.9 -26.7 -63.4
91.6 -77.4 -51.9 -46.7 38.7 -2.4 12 -64 -32.4 -32.7 24.2 -77.5 -53.3 -58.9 -59.5 -82.2 -88.8 -101.1 -81.9 -38.7 -45.9 -55.4 -54.5 -25.9 -58.6 -69.2 -21.4 -58.2
96.5 -77.6 -49.5 -43.4 41.4 4.1 17 -59.6 -28.7 -29.4 27.7 -72.2 -48.5 -55.1 -55.8 -78.9 -85.3 -97.6 -78.6 -37.1 -45.5 -54.8 -53.2 -25.1 -58 -68.3 -16.9 -54.9
102.4 -73.2 -44.5 -38.6 44.5 9.5 21.5 -55.2 -25.3 -26.2 31 -68 -44.9 -52.3 -53 -76.3 -82.9 -95.7 -76.5 -37.7 -47.2 -56.3 -53.5 -26.5 -59.4 -69.6 -15.7 -54.7
103.3 -72.7 -45.3 -39.5 43.2 10.8 21.7 -55.1 -26 -26.4 31.1 -67.6 -44.6 -52.8 -53.6 -76.6 -83.6 -96.8 -76.6 -38.1 -48.8 -57.6 -54.4 -28.1 -61 -71 -15.6 -55.2
97.3 -81.6 -54.4 -47.8 36.6 7 16.5 -60.9 -32.1 -31.4 27 -71.8 -48.6 -57.6 -58.6 -80.7 -88.2 -101.1 -79.8 -39 -50.5 -59.2 -56.1 -30.1 -63 -72.3 -16 -56.1
89.1 -91.2 -64.1 -56.9 28.8 -0.1 8.8 -68.8 -39.8 -38.5 20.7 -78.6 -55.1 -64.8 -65.9 -87.5 -95 -107 -85.6 -42.4 -54.5 -63.2 -60.2 -34 -66.7 -75.5 -19.3 -59.2
85.6 -91.8 -66.2 -59.8 25.6 -5 4.5 -72.6 -43.2 -42.1 17.5 -82.9 -59.6 -69.3 -70.4 -92.2 -99.1 -110.3 -89.8 -46.9 -59.1 -67.8 -64.3 -38 -70.3 -79.1 -24.3 -63.2
87.9 -86.8 -61.8 -56.5 27.7 -4.8 6 -71 -41.1 -40.6 19.1 -82.1 -59.3 -68.7 -69.7 -91.8 -98.3 -109.3 -89.6 -49.5 -61.4 -70 -65.8 -39.5 -71.8 -80.9 -27 -64.2
92.3 -82.1 -55 -50.5 32 -2.6 9.3 -67.3 -37.1 -37.2 21.9 -79.4 -57.4 -66.8 -67.5 -89.2 -95.8 -107.5 -88.1 -51.8 -63 -71.5 -66.9 -40.4 -73.3 -82.4 -28 -64.3
96.1 -76.1 -46.4 -43.3 36.4 -2.3 10.9 -64.6 -33.8 -34.9 23 -78.6 -58.2 -67.1 -67.3 -88.2 -95.4 -108.1 -89.1 -56.1 -66.2 -74.5 -70 -43.1 -76.5 -85.6 -30.8 -67.1
97.1 -69.2 -40.1 -38.4 38.5 -4.3 10 -64.4 -33 -34.8 21.7 -79.9 -61.6 -70 -69.6 -89.8 -97.3 -110.6 -92 -60.4 -69.3 -77.5 -73.1 -45.9 -79.3 -88.5 -34.3 -70.7
93.9 -66.9 -40.5 -39.3 36.6 -7.2 7.6 -66.8 -35.2 -36.9 19.1 -81.8 -65.5 -73.5 -72.7 -92.6 -100 -113.4 -94.7 -61.6 -69.9 -78.1 -73.6 -46.3 -79.7 -88.6 -35.1 -71.2
89.1 -69.6 -44 -42.4 33.6 -9.9 5.2 -69.3 -37.8 -39.2 17.5 -82 -68.8 -76.4 -75 -94.7 -102 -115 -96.1 -61.3 -69.5 -77.9 -72.4 -45.2 -78.5 -87.1 -33.6 -69.7
86.9 -70.2 -43.7 -42.2 33.4 -11.6 4 -70.2 -38.2 -39.6 17.8 -79.7 -71.3 -78.3 -76.2 -95.7 -103 -115.2 -96.9 -63.5 -71.6 -80 -73.6 -46.1 -78.8 -87.8 -34.7 -70.5
89.2 -64.4 -38 -37.5 36.6 -11.6 4.1 -69.2 -36.1 -38 19.7 -76.2 -72.5 -78.8 -76.7 -95.3 -103 -114.5 -97.5 -69 -76.1 -84.4 -77.6 -49.5 -81.7 -91.1 -39.7 -74.7
94.1 -58.3 -31.9 -32.1 41.1 -9.3 6.2 -66.8 -32.7 -35.2 22.9 -71.8 -71 -77.3 -75.9 -93.4 -101.3 -112.6 -96.9 -72.8 -78.9 -87 -80.1 -51.9 -83.7 -93 -43.5 -77.5
97.4 -59.5 -31.3 -30.9 43.4 -6.7 8 -65.6 -31.3 -33.6 24.9 -67.8 -68.7 -75.8 -74.8 -92.2 -99.9 -111.3 -96.3 -72.8 -78.9 -86.4 -79.7 -51.8 -83.6 -92.3 -43.3 -76.7
95.9 -65.7 -36.2 -35.1 41.1 -7.8 6 -68.3 -34.1 -35.6 23.1 -67.6 -69.4 -77.8 -76.6 -94.7 -101.8 -113.4 -98.6 -72.5 -79.3 -86.5 -80 -52.2 -84.3 -92.6 -42.6 -76
90.4 -72.8 -45.1 -42.9 35.9 -13 0.4 -74.2 -40 -40.3 18.7 -71 -72.7 -82.5 -81.1 -100 -106.2 -117.5 -102.2 -73.7 -81.2 -88.6 -82 -54.1 -86.1 -94.4 -43.5 -77
84.1 -81.2 -55.9 -51.8 31.1 -17.6 -4.4 -79.7 -45.8 -44.5 15.4 -75 -75 -85.8 -84.7 -103.9 -108.8 -119.6 -103 -73.8 -82.3 -90.6 -83.5 -55.3 -86.8 -94.8 -43.3 -77.1
80.9 -88.6 -63 -56.6 29.9 -18.1 -5.2 -81.4 -48.3 -45.8 14.7 -78.1 -75 -85.8 -85.3 -104.4 -108.6 -119.1 -100.7 -72.8 -82.4 -91.5 -84.2 -55.7 -86.6 -93.9 -42.7 -77
82.1 -90.6 -62.6 -55 32.4 -15.7 -3.1 -79.9 -47.1 -45 15.1 -81.8 -74.5 -84.5 -84.4 -102.9 -107.9 -118.3 -98.5 -73.8 -84 -93.3 -86.4 -57.7 -88.6 -95.4 -45.2 -80.3
84.2 -88.4 -59.8 -51.7 34.6 -13.8 -2 -78.3 -45.8 -44.6 14.7 -86.9 -75 -84.4 -84.4 -102.4 -108.5 -118.7 -97.9 -77.2 -87.3 -96.5 -89.7 -60.9 -92.4 -98.8 -49.9 -85.4
83.2 -89.1 -61.3 -52.5 33.4 -13.9 -3.4 -79.1 -46.6 -45.4 13.5 -90.9 -76.6 -85.6 -85.6 -103.5 -109.9 -119.8 -97.2 -78.7 -88.8 -98.1 -90.9 -61.6 -94 -99.5 -51.6 -86.9
79.4 -95.8 -67.3 -57.5 29.8 -15.3 -6.2 -81.5 -49.1 -46.8 12.5 -91.1 -77.7 -86.8 -86.8 -104.9 -110.6 -120.1 -95 -76.2 -86.7 -96.4 -88.7 -58.6 -91.5 -96.3 -48.7 -84.2
76.5 -100.3 -71.5 -61.4 27 -17.2 -8.5 -83.1 -50.9 -48 12.1 -88.6 -78.1 -87.6 -87.4 -105.9 -110.6 -119.8 -93.2 -73.3 -83.8 -93.8 -86.2 -55.2 -88.3 -92.4 -45.8 -81.5
78.5 -95.8 -68.5 -59.2 28.5 -17.1 -7.5 -81.3 -48.8 -46.9 14 -84.8 -76.6 -86.2 -85.8 -104.3 -108.8 -117.7 -91.4 -71.5 -81.5 -91.7 -84.4 -52.9 -85.6 -89.4 -45 -80.4
84.7 -87.5 -60.7 -52.4 34.3 -13.6 -3.2 -76 -43.1 -42.3 18.6 -79.7 -72.6 -82 -81.3 -99.4 -104.6 -113.2 -87.9 -69.3 -79 -89.4 -82.2 -50.4 -82.4 -86.4 -44.4 -78.9
91.3 -81.6 -51.9 -44.8 40.7 -9.4 1.3 -70.4 -37.2 -37.1 23 -75.5 -69.5 -78.1 -77.2 -94.4 -101 -109.6 -85.2 -68.6 -78.1 -88.4 -81 -48.7 -80.8 -85.3 -44.2 -78.2
95.9 -75.5 -43.1 -38 45.2 -7.8 3.7 -67 -33.3 -33.9 24.8 -74.1 -70 -77.3 -76.1 -92.4 -100.2 -109.2 -85.8 -71.2 -79.9 -90 -82.5 -49.5 -82 -87.5 -45.6 -80.3
97.1 -68.5 -37.4 -34.4 46.7 -9.4 3.3 -67 -32.2 -33.4 24.2 -73.8 -72.5 -79 -77.4 -93.5 -101.5 -110.4 -88.4 -74.9 -82 -92 -84.4 -51.2 -83.5 -90.1 -46.5 -82.1
94.6 -65.7 -38 -35.9 45.2 -12.7 0.7 -69.5 -34 -35 22.7 -73.4 -75 -81.1 -78.9 -95.8 -102.8 -111.4 -90.3 -76 -81.3 -91.6 -83.2 -51 -82.2 -89.5 -43.7 -80
91.6 -67.6 -40.7 -38.6 43.8 -15.4 -1.6 -71.4 -36.1 -36.5 21.9 -73.5 -76.8 -82.3 -79.5 -97.3 -102.9 -111.4 -90.5 -75.2 -79.2 -89.6 -80.1 -48.7 -79.3 -86.4 -40.4 -76.5
91.3 -67.6 -39.5 -37.6 44.8 -16.5 -2.2 -71.1 -36.3 -36.4 21.7 -75.3 -78.7 -83.3 -79.8 -97.4 -102.8 -111.8 -90.4 -77.2 -80.1 -90.2 -80 -48.3 -79 -85.4 -44.8 -78.6
93.4 -62 -33.9 -32.6 47.3 -16.8 -1.6 -69.9 -35 -35.1 21.9 -78.3 -81 -84.8 -81 -97.6 -103.7 -113.2 -90.9 -83.3 -85.4 -94.8 -84.9 -51.8 -82.7 -88.6 -57.9 -87.7
95.4 -58 -29.6 -28.8 49 -16.8 -1 -69.1 -33.7 -34.1 22.7 -79.5 -82.5 -86 -82.5 -97.8 -104.5 -114.2 -91.4 -88.5 -90.5 -99.5 -90.3 -55.7 -86.6 -92.3 -69.1 -96
94.6 -61.8 -31.7 -30.4 47.3 -16.9 -2.2 -70.4 -34.7 -35.5 22.4 -78.9 -83.3 -87.1 -84.3 -98.7 -105.5 -114.8 -92.2 -89.7 -92.5 -101.2 -92.5 -57.1 -88.2 -93.5 -70.8 -97.6
90.5 -68.9 -38.5 -36.3 41.8 -17.7 -5.6 -74.6 -38.8 -40 19 -79.4 -85.2 -89.5 -87.3 -101.7 -108.3 -117 -94.7 -88.9 -92.5 -101.1 -92.6 -57.4 -88.9 -93.8 -67.3 -95.6
84.2 -75.1 -47.5 -44.5 34.6 -19.6 -9.1 -80.1 -44.9 -46.1 13.7 -82.5 -87.9 -92.8 -90.6 -106 -112.4 -120.5 -98.1 -87.6 -92.2 -100.7 -92.4 -57.4 -89.4 -93.8 -63.9 -93.4
78.7 -82.4 -57.7 -53.4 28.8 -21.7 -11 -84.4 -50.3 -50.6 9.8 -85.8 -88.6 -94.6 -92.4 -109 -114.9 -122.5 -99.3 -85.5 -91.3 -99.8 -91.3 -56.6 -88.5 -92.4 -60.6 -90.5
77.7 -89.2 -64 -57.7 27.9 -22 -9.7 -84.5 -51.8 -50.6 9.9 -85.7 -86.1 -93.1 -90.9 -108.6 -113.5 -120.9 -96.7 -83.2 -89.9 -98.4 -88.9 -54.4 -85.9 -89.6 -57.4 -86.9
83 -89.6 -61.8 -54.1 32.4 -19.5 -5.3 -80 -48 -46.3 13.7 -81.5 -81.6 -89.1 -86.7 -104.4 -108.8 -116.5 -91.7 -81.7 -88.8 -97 -86.3 -51.8 -83.1 -87.1 -55.5 -84.1
89.5 -84.5 -56.2 -48.1 37.7 -16.1 -1.1 -75.2 -43.2 -41.7 17.9 -76.9 -77.6 -85.7 -82.7 -99.8 -104.2 -112.5 -87.3 -80.9 -88.2 -96 -84.5 -49.9 -81.1 -85.5 -55 -82.8
91.1 -82.9 -55.7 -47.5 39.1 -14.6 0 -74.3 -42.2 -40.6 19.4 -75.5 -75.7 -84.9 -81.5 -98.2 -102.7 -111.3 -85.6 -79.6 -87.4 -94.9 -83.4 -48.4 -79.7 -84 -54.4 -81.6
86.8 -89.8 -62.6 -53.6 35.6 -15.4 -2.7 -77.8 -45.7 -43.9 17.2 -77.8 -76.3 -87.1 -83.5 -100.4 -104.4 -113.3 -86.7 -77.9 -86.3 -94.1 -82.6 -47.3 -78.8 -82.8 -52.8 -80.2
80.8 -97.1 -70.3 -60.3 30.4 -18.1 -7 -82.6 -50.8 -49 13 -81.9 -79.9 -90.9 -87.1 -104.6 -108.1 -116.9 -89.8 -78 -86.9 -94.9 -83.4 -47.9 -79.7 -83.4 -52.2 -80.4
78.9 -96.1 -71.5 -61.7 28.3 -20.3 -9.1 -84.3 -52.7 -51.5 10.5 -84.5 -84 -93.2 -89.4 -107.1 -110.4 -119.2 -92.1 -79.7 -88.8 -96.5 -85.2 -49.4 -81.5 -84.9 -53.2 -82
82.5 -89.8 -66.5 -57.3 31.3 -18.5 -6.6 -81.5 -49.8 -48.9 12.3 -82.6 -84.2 -91.4 -87.8 -105.1 -108.8 -117.6 -91.1 -80.4 -89.5 -96.4 -85.3 -49 -81.3 -84.7 -53.4 -81.8
89 -83.2 -58 -49.6 37.5 -13.5 -1.2 -76.2 -44.1 -43.6 16.7 -77.8 -80.6 -87 -83.8 -100.4 -104.7 -113.8 -88.5 -80.2 -88.6 -94.8 -83.4 -47.2 -79.6 -83.4 -51.9 -79.6
94.5 -76 -48 -41.6 43 -10.2 2.4 -72.1 -39.4 -39.8 19.4 -75.2 -78.4 -84.8 -81.1 -97.3 -102.4 -112 -88.6 -82.1 -88.3 -94.6 -82.8 -47.2 -79.8 -84.1 -51.4 -79.2
95.2 -69.8 -42.5 -38.3 44.1 -11.9 1.2 -72.2 -38.8 -40.1 18.1 -77 -80.2 -86.7 -82.3 -98.4 -103.9 -113.9 -91.8 -85.3 -89.5 -96.2 -84.3 -49.4 -82.2 -87 -53.1 -82.3
91.6 -68.5 -44.2 -41 40.9 -16.4 -2.6 -75.4 -41.5 -43 15 -80.3 -83.5 -90 -85.3 -101.5 -106.8 -116.8 -94.3 -85.7 -89.7 -96.6 -84.8 -50.2 -82.5 -87.7 -54.1 -84.1
88.9 -70.5 -47.3 -43.9 38 -19.1 -4.4 -77.3 -43.2 -44.5 13.9 -81.1 -84.7 -90.9 -86.4 -102.8 -107.4 -117 -93.2 -82.4 -87.4 -94.3 -82.8 -47.9 -79.4 -84.5 -52.3 -81.8
90.7 -69.3 -45.2 -42.5 38.9 -18.9 -3 -75.6 -41.8 -42.9 15.5 -79.4 -83.5 -89.3 -85 -101.6 -105.7 -114.8 -90.6 -79.7 -85.5 -92.7 -81.3 -45.8 -76.7 -81.4 -50.6 -79.4
95.3 -62.6 -38.3 -37.2 42.6 -17.7 -0.3 -72.1 -38.7 -39.9 17.8 -77.7 -82.1 -87.6 -83.3 -99.9 -103.8 -112.9 -89.3 -81 -86.4 -94 -82.6 -46.5 -77.7 -81.9 -52.2 -80.4
99.5 -57 -32.3 -31.9 46.3 -15.6 2.7 -69.1 -35.5 -36.8 20.3 -76 -80 -85.5 -81.4 -97.8 -101.6 -111.1 -88.2 -82.5 -87.3 -94.7 -83.7 -47.1 -79 -83 -53.5 -81.3
101.9 -57 -30.9 -29.6 48.3 -12.4 5.8 -66.6 -32.9 -34.1 23.1 -73.3 -76.6 -82.2 -78.2 -94.6 -98.5 -108.4 -85.4 -79.3 -84 -91.4 -80.9 -43.9 -76.1 -80.4 -49.5 -77.6
103.3 -57.8 -31.7 -29.8 49.1 -9 8.2 -64.1 -30.8 -31.9 26 -70.2 -72.6 -78 -74 -90.8 -95.1 -104.9 -81.6 -71.7 -77.2 -85 -74.8 -37.5 -69.8 -74.7 -41.2 -70.4
103.3 -58 -34.3 -32 49.1 -6.4 9.6 -62.5 -29.9 -30.5 28.2 -67.6 -68.8 -74.1 -70.5 -88.1 -92.7 -101.9 -78.2 -62.7 -69.7 -78.1 -68.4 -31.3 -63 -68.3 -32.6 -62.7
100.5 -62.9 -41.7 -37.7 47.8 -5.4 9.2 -63.5 -31.7 -31.4 28.7 -66.5 -65.8 -71.7 -69.4 -87.5 -91.8 -100.5 -76.3 -55.2 -64.7 -73.7 -64.6 -27.8 -58.6 -63.7 -26.8 -57.1
95.9 -73.2 -51 -44.6 45.9 -6.5 6.9 -67 -35.4 -34.4 27.3 -67.7 -65 -71.9 -71.4 -89.9 -93.1 -101.4 -76.6 -53.4 -64.9 -74.4 -65.6 -29.3 -59.1 -63.6 -26.7 -57.1
92.2 -81.8 -56.7 -48.6 44 -9.1 3.3 -71.5 -39.5 -38.1 24.4 -69.7 -67.5 -75.3 -75.8 -94.7 -96.6 -104.5 -79.3 -59 -71.2 -81.1 -72.2 -36.1 -65.3 -69 -33.5 -63.7
88.1 -86.8 -61 -52.4 39.6 -14 -2.2 -77.5 -45.2 -43.1 20.2 -71.8 -73.2 -82 -82.4 -101.4 -102.6 -109.4 -83.9 -68.9 -80.9 -91 -82 -45.4 -74.3 -77.5 -43.2 -72.7
79.8 -95.5 -70.5 -61.5 29.7 -22.7 -11.5 -87 -54.7 -51.7 12.8 -76.6 -81.9 -91.9 -92 -110.7 -111.7 -117.2 -90.4 -78.5 -90.7 -100.9 -91.9 -54.4 -83 -85.9 -51.7 -80.4
67.4 -111.3 -85.5 -75.8 16.4 -34.4 -23.9 -99.2 -67.6 -63.9 2.2 -85.8 -92.3 -103 -103.5 -122.3 -123.1 -127.3 -98.9 -86 -98.8 -109.2 -100.1 -62 -90.5 -93.1 -58 -86.7
57.4 -123.3 -96.8 -87.3 7.1 -44.2 -33.7 -108.8 -78 -74 -7 -95.4 -100.3 -111.1 -112.4 -131.5 -132.4 -135.7 -106.1 -90.8 -103.9 -114.8 -105.8 -67.3 -96 -98.5 -62.8 -92.1
56.3 -121.4 -96.2 -87.7 7.5 -46.4 -34.9 -109.6 -79 -75.4 -9 -98.8 -101.1 -111.6 -113.7 -132.9 -133.9 -137.2 -107.6 -91.4 -104.1 -115.5 -106.6 -68.1 -97.1 -99.3 -65 -94.3
63.1 -111.3 -86.8 -79 15.5 -40.9 -28.4 -102.5 -71.6 -68.8 -3.6 -94.5 -95.4 -105.3 -107.5 -126.6 -127.7 -131.7 -102.7 -87.7 -99.4 -111.1 -102.3 -64.3 -93.2 -95.2 -62.7 -91.1
71.9 -101.2 -74.9 -67.2 24.7 -33.2 -20 -93.2 -62.1 -60.1 3.5 -87.6 -88.5 -97.9 -99.1 -118.2 -119.4 -124.2 -96.4 -83.3 -93.9 -105.5 -96.9 -59.4 -88 -90.1 -57.7 -85.2
79.2 -90.8 -62.2 -55.7 31.8 -27.8 -13.6 -85.7 -54.3 -53.5 8.6 -82.7 -84.6 -92.7 -93 -112.3 -113.8 -119.3 -93 -81 -90.4 -102.1 -93.5 -56.2 -84.7 -87.7 -53.8 -81.2
83.1 -81.3 -53.6 -49 34.4 -25.9 -10.8 -82 -50.3 -51 10.2 -81.9 -83.3 -90.1 -90.7 -110 -112.2 -118.1 -93 -79.8 -88.4 -100.3 -92 -54.6 -83.5 -87.2 -52.4 -79.9
82 -79 -54 -50.6 31 -27.3 -12 -83.2 -51.5 -53.1 7.9 -85.1 -83.7 -90.4 -92.1 -111.4 -114.1 -120.3 -95.3 -77.9 -86.3 -98.8 -91.1 -53.8 -83.1 -87.4 -53 -80.4
78.3 -83.3 -59.1 -56.4 24.8 -30.3 -15.1 -86.3 -55.1 -57.1 3.7 -90.1 -84.7 -92.4 -94.7 -114.6 -117.4 -124.1 -98.6 -76.3 -84.8 -98 -90.9 -54.3 -84 -88.6 -55 -82.3
77.4 -84.4 -59.9 -58.2 21.8 -31.2 -15.9 -86.8 -56.1 -58.8 1.5 -92.8 -84.6 -93.1 -95.3 -116.1 -119 -126.5 -101.1 -76.5 -84.8 -98.6 -91.9 -56 -86.2 -91.3 -57.2 -84.8
81.7 -76.4 -53.1 -53 24.2 -28.4 -12.4 -82.9 -52.4 -56.2 3.2 -91.6 -82.3 -90.7 -92.1 -113.8 -116.9 -125.3 -101 -77.4 -85.2 -99 -92.5 -56.9 -87.9 -93.2 -57.2 -85.5
88 -67.3 -44.8 -45.8 29.2 -23 -6.5 -77 -46.8 -51.2 7.5 -87.4 -78.3 -85.8 -86.7 -108.1 -112.4 -121.3 -98 -76.2 -83.5 -96.8 -90.4 -55.1 -86.5 -91.7 -53.9 -82.8
90.8 -66.6 -42.7 -43.8 31.4 -19.3 -2.6 -73.8 -43.9 -48.2 10.4 -84.4 -75.2 -81.8 -82.9 -103.3 -109 -117.6 -94.9 -72.9 -80.1 -93.1 -86.7 -51.6 -83.5 -88.2 -50.2 -79.3
88.3 -71.8 -47.5 -48.2 28.3 -20.3 -3.8 -75.7 -46 -50.1 8.7 -86.1 -75.4 -81.7 -83.5 -103.6 -109.6 -117.8 -95.8 -70.6 -78.4 -91 -85.2 -50 -82.6 -87.4 -49.4 -78.9
82.1 -78.6 -57.1 -57.2 21.6 -24.4 -8.8 -81.2 -52 -55.5 3.1 -91.7 -77.7 -84.6 -87.3 -108.5 -113.6 -121.8 -100.1 -70 -78.7 -91.6 -86.9 -51.6 -84.6 -89.9 -50.7 -81.3
75.3 -87.5 -69.5 -67.8 14.2 -27.5 -13.7 -86.6 -58.8 -61.4 -2.7 -96.8 -79.3 -87.5 -91 -113.6 -117.7 -126.5 -103.8 -69.2 -78.9 -92.5 -88.8 -54.1 -87.1 -92.8 -51 -83.2
71.8 -96.6 -78.5 -75.1 9.8 -27.8 -15.8 -89.4 -62.6 -64.7 -5.4 -98.7 -79 -88.3 -92.5 -115.8 -119.8 -129.2 -105.3 -68.5 -79.1 -92.8 -89.9 -56.4 -89.2 -95.4 -50.3 -83.9
72.6 -100.9 -79.5 -75.9 10.1 -26.3 -15.1 -89 -62.4 -64.6 -4.9 -98.2 -77.9 -87.3 -92 -115.2 -120.2 -130 -105.6 -69.7 -80.7 -94.2 -91.6 -59.5 -92.2 -98.7 -51.1 -85.3
75 -100 -76.6 -73.2 13.1 -24.9 -13.7 -87.3 -60.4 -62.9 -3.1 -96.7 -76.8 -85.8 -90.5 -113.8 -119.7 -129.6 -105.3 -72 -82.5 -95.6 -93.1 -62.1 -94.8 -101.5 -52.2 -86.7
75.7 -99.4 -76.1 -72.4 15.3 -24 -12.6 -85.9 -59.1 -61.4 -0.8 -94.1 -75.4 -84.1 -88.4 -112.1 -118.2 -127.7 -103.4 -70.7 -81 -93.7 -91.3 -60.8 -93.5 -100.2 -49.9 -84.7
74.2 -103 -79.4 -74.8 15.6 -23 -11.6 -84.9 -58.9 -60.4 1.4 -90.2 -73 -81.6 -86 -110 -115.6 -124.5 -100.1 -64.2 -75.4 -87.8 -85.9 -55.5 -88 -94.6 -43.4 -79.3
73 -104.9 -81.8 -76.9 15.8 -21.8 -10.1 -83.8 -58.4 -59.2 3.4 -86.4 -70.1 -78.9 -83.5 -107.8 -112.9 -121.4 -97.2 -56.9 -69 -81.3 -80.4 -49.8 -82.4 -89.3 -37 -74.1
75.9 -99 -78 -73.8 18.9 -18.5 -6.4 -80.6 -55 -56.1 6.7 -82.5 -66.3 -75.1 -79.6 -104.2 -109.4 -118.4 -94.7 -52.2 -63.8 -76.2 -75.9 -45.5 -79 -86.2 -33 -70.6
82.7 -89.4 -69.4 -65.6 25.4 -12 -0.1 -74.6 -48.6 -50.5 12.4 -78 -60.8 -69 -73.6 -98.2 -104.1 -114.4 -91.4 -49 -59.4 -72 -71.7 -42.1 -76.6 -83.9 -30.1 -68
89.8 -81.9 -59.5 -55.9 32.2 -5.5 6.5 -68.2 -42.1 -45 17.2 -75.8 -55.9 -62.9 -67.9 -92.2 -99.5 -110.7 -88.8 -47.6 -56.7 -69.7 -69.1 -40.5 -75.5 -83.1 -28.7 -67.3
94.7 -75.1 -50.1 -47.3 36.5 -2.5 10.6 -64 -37.5 -42 17.8 -79.1 -54.5 -60.3 -65.2 -89.4 -98.3 -110 -89.3 -49.5 -57.1 -70.1 -69.5 -41.5 -77 -84.8 -30.4 -69.4
95.9 -68.9 -44.3 -43.1 37.3 -3.5 11.1 -63 -36.1 -41.7 14.9 -85.4 -55.5 -61.2 -65.5 -90 -99.9 -111.8 -91.7 -52 -58.2 -71.2 -70.8 -43.2 -79.1 -86.8 -32.7 -71.5
94.1 -66.6 -44.6 -44.4 35.8 -6.1 9.2 -64.4 -37.2 -42.8 12.4 -89.2 -56.4 -63.1 -66.8 -91.9 -101.3 -113.4 -93.4 -51.1 -57 -69.5 -69.5 -42.3 -78.6 -85.9 -31.5 -70.6
92.5 -68.1 -46.5 -46.6 35.1 -7.7 7.7 -65.6 -38.3 -43.3 12.7 -88.2 -55.8 -63.8 -67.5 -92.9 -101.3 -113.6 -93.5 -48 -54.1 -66.2 -66.6 -39.6 -76 -83.8 -28.1 -68.2
94.3 -66.7 -43.6 -44.2 37.8 -6.7 8.7 -64.2 -37.1 -41.8 15.3 -84.2 -54.4 -62.8 -66.9 -92.2 -100 -112.7 -92.9 -46.6 -53.2 -64.6 -65.4 -38.5 -74.9 -83.7 -26.4 -67.6
99.1 -59 -35.9 -37.1 43.3 -3.4 11.7 -60.8 -33.9 -38.7 18.6 -80.6 -52.8 -60.6 -65.4 -90.3 -98.2 -111.4 -92.5 -48.1 -54.7 -65.8 -66.9 -40 -76.2 -86 -27.5 -69.3
102.4 -53.6 -30.1 -31.6 47.2 -0.4 14.2 -58.4 -31.4 -36.6 20.8 -79.1 -51.5 -58.9 -64 -89.1 -97.2 -110.5 -92.2 -50.3 -56.5 -67.9 -69.1 -42.1 -78.3 -88.1 -29 -70.9
99.1 -58.3 -32.9 -33.4 45.3 -1.1 12.8 -60.6 -33.3 -38.6 19 -81.2 -52.4 -60.4 -65.4 -91.1 -99.4 -112.4 -94 -52.4 -58.6 -70.6 -71.5 -44.7 -81.2 -90.3 -30.4 -72.8
90.6 -67.8 -41.9 -41 38.3 -6.4 6.9 -67.2 -39.8 -44.7 12.9 -85.8 -57.3 -66.2 -70.8 -96.8 -105.5 -118 -99.6 -55.4 -62.2 -74.6 -75.4 -48.8 -85.9 -94.3 -33.5 -76.8
83.3 -74.7 -51.9 -49.7 31.9 -11.8 0.8 -73.7 -46.8 -50.6 7.7 -87.8 -62.6 -72 -76.7 -102.2 -111.3 -123.4 -105.5 -56.8 -64.6 -77.3 -78.3 -51.8 -89.4 -97.5 -35.9 -80.6
81.3 -80 -60 -56.5 30.5 -12.6 -1 -76.2 -50 -52.1 8 -83.6 -63 -73.1 -78 -103.2 -112.3 -123.9 -106.2 -53.6 -62.9 -75.8 -77.2 -50.7 -88.4 -96.1 -33.8 -79.6
84.8 -84.4 -63.2 -58.6 34.2 -8.3 1.6 -74.3 -48.4 -49.4 12.1 -77.8 -58.6 -69.4 -74.6 -99.8 -108.7 -120.2 -102 -48.7 -59.3 -72.3 -73.8 -47.1 -84.8 -91.8 -28.6 -74.5
90.7 -85 -60.3 -55.9 39.1 -2.3 5.4 -71 -44.6 -46.1 15.3 -77.3 -53.7 -65.4 -70.6 -96 -104.8 -116.9 -97.9 -47.2 -58.6 -71.3 -72.8 -45.8 -83.5 -90.2 -25.7 -71.3
93.8 -82.7 -57 -53.2 40.6 1.2 7 -69.8 -42.7 -45.3 14.7 -82.9 -52.1 -64.5 -69.7 -95.5 -104.4 -116.8 -97.1 -49.5 -61.5 -74 -75.2 -48.1 -86.1 -92.6 -27.3 -73.2
91.9 -83.6 -59.3 -55.3 37.6 0.9 5.5 -72 -44.7 -47.9 11 -89.3 -53.8 -66.6 -72.1 -98.5 -107.1 -119.3 -98.9 -51.6 -64.4 -77.3 -77.8 -51.1 -89.1 -95.4 -30.5 -77.4
87.3 -90.1 -66.1 -61.1 32.8 -1.2 3.2 -75.3 -48.7 -51.5 7.2 -91.9 -56.1 -68.7 -75 -102.1 -109.8 -121.9 -100.8 -50.6 -64.2 -77.7 -77.6 -51.4 -89.4 -95.3 -31.2 -78.7
84.7 -94.3 -70.7 -64.8 29.9 -2.3 2.5 -76.7 -51 -52.9 6 -90.1 -57 -69.3 -76.3 -103.5 -110.4 -122.6 -101 -47.7 -61.7 -75.6 -75.2 -49.3 -87.3 -93.1 -28.6 -76.4
86.9 -90 -68.1 -62 31.6 -0.8 4.9 -74.4 -49.1 -50.1 8.6 -85.8 -55.5 -67.6 -74.6 -101.5 -108.1 -120.7 -98.4 -45 -58.7 -73 -72.6 -46.4 -84.5 -90.5 -24.5 -72.5
92.4 -82.5 -61.2 -55.4 36.4 3.3 9.4 -69.6 -44.2 -45 13.4 -82.4 -51.9 -64.2 -70.9 -97.1 -104 -116.7 -93.6 -43.3 -56.6 -70.8 -70.9 -43.8 -81.9 -88.2 -20.7 -69.3
98.5 -76.6 -52.9 -47.9 41.6 7.1 13.8 -65 -39 -40.5 17.4 -81.7 -48.9 -61.2 -67.5 -92.7 -100.7 -113 -89.9 -43.5 -56.6 -70.5 -70.8 -43 -80.6 -87.2 -19.1 -68.6
103.5 -69.5 -43.4 -40.1 46 8.1 16.3 -61.5 -34.6 -37.8 19.2 -82.9 -48.7 -60.5 -66.2 -90.2 -99.6 -111.5 -89.7 -46.2 -58.7 -71.9 -72.1 -44.2 -81.2 -88.2 -20.6 -70.9
105.3 -62.2 -36.6 -35.1 48 5.8 16.2 -60.3 -32.6 -37.3 18.7 -84.8 -50.9 -62.1 -67.3 -90.2 -100.2 -112 -91.8 -49.2 -60.9 -73.2 -73 -45.3 -82 -89 -23.3 -73.6
103 -60.6 -36.9 -35.9 45.8 1.6 13.6 -62.4 -34.3 -39.1 16.1 -87.1 -54 -64.9 -70 -92.2 -101.8 -113.7 -93.8 -50.5 -61.1 -73.2 -72.1 -44.6 -81.4 -88.2 -25 -74.3
99.5 -63.8 -40.5 -39.4 42 -2.2 10.4 -65.7 -37.4 -41.7 13.3 -89.1 -56.7 -67.6 -72.5 -94.5 -103.4 -115.2 -94.9 -50.8 -60.3 -73 -70.9 -43.1 -80.1 -87 -26.6 -73.8
99.1 -63.3 -40.1 -39.1 41.4 -2.7 9.6 -66.9 -37.8 -42 12.9 -89 -57.9 -68.9 -73 -94.9 -103.5 -114.8 -94.9 -52.2 -60.8 -74 -71.1 -42.7 -79.8 -87.4 -29.4 -74.8
103 -55.6 -33.6 -33.3 45.4 0 11.8 -64.3 -34.3 -39 15.6 -86.4 -57.3 -68 -71.5 -92.9 -101.8 -112.3 -94.3 -54.8 -62.8 -76 -72.6 -43.7 -80.8 -89.5 -32.6 -77.6
107.4 -49.1 -27.1 -27.5 50.3 3.3 15.2 -60.2 -29.8 -34.5 19.6 -82.7 -55.7 -66 -69.2 -90.1 -99.6 -109.3 -93.1 -56.7 -64.5 -77.4 -73.6 -44.5 -81.3 -90.8 -34.8 -80.1
108 -51.3 -27.2 -27.9 51.6 3.8 15.8 -59.2 -29.1 -32.6 21.5 -80.7 -55.4 -66.1 -69.1 -89.5 -99 -108.6 -92.5 -57.4 -66 -78.3 -74.4 -44.8 -81.2 -91 -36.7 -81.8
103.6 -58.2 -33.6 -34.4 48 -0.1 11.9 -63.2 -33.4 -35.3 19.6 -82.6 -58.7 -70 -72.8 -92.9 -101.5 -111.5 -94.1 -58.7 -68.7 -80.3 -76.5 -45.7 -82.3 -91.7 -39.9 -84.1
96.8 -64.6 -43.1 -43.1 42.4 -6 5.8 -69.5 -39.6 -40.3 16.2 -86.2 -63.1 -74.9 -77.8 -97.5 -105.1 -115.2 -96.1 -59.9 -70.9 -82.2 -78.4 -46.4 -83.2 -92.4 -42.6 -85.9
90.5 -71.8 -53.4 -50.5 38 -9 1.9 -74.3 -44 -43.9 14.4 -87.5 -64.6 -76.8 -80.4 -99.8 -106.2 -115.9 -95.5 -58.2 -70.1 -81.9 -77.8 -45.4 -81.9 -90.6 -42.1 -84.7
88.2 -78.8 -59.5 -53.3 37.8 -6.9 2.9 -74.8 -44.3 -43.7 15.8 -84.9 -62 -75 -79.2 -98.4 -104 -113.1 -92.3 -55 -67.4 -80 -75.6 -43.1 -79.4 -87.4 -39.3 -81.5
91.5 -80.5 -57.5 -50 42.2 -1.4 7.7 -71.2 -40.5 -39.9 19.6 -79.8 -57.3 -70.9 -75.5 -94.3 -99.9 -108.7 -88.9 -52.9 -65.6 -78.6 -74.4 -41.6 -78 -85.6 -37.4 -79.5
96.8 -77.6 -52.4 -45.6 47.1 3.7 12.2 -67.2 -36.8 -35.9 23.5 -75.6 -53.7 -67.5 -72.3 -90.7 -96.9 -105.5 -86.8 -52.7 -65.3 -78.5 -74.8 -41.4 -77.8 -85.2 -36.8 -79.4
98.4 -77.5 -52.3 -46.6 48.2 5 12.6 -66.6 -36.8 -35 24.8 -74.9 -53.2 -67 -71.7 -89.8 -96.6 -105.1 -86.4 -52.6 -65 -78.2 -74.8 -41 -76.9 -84.4 -35.9 -79.2
95.4 -84.1 -58.6 -53.1 45.5 2.8 8.5 -69.5 -40.3 -37.4 22.9 -77.7 -55.3 -69.2 -73.7 -92 -98.4 -106.9 -87.2 -51.7 -64.1 -77.3 -73.7 -39.8 -75.1 -82.6 -34.4 -78.2
91.3 -90.1 -64.9 -59.2 42.3 -0.5 3.2 -73.1 -44.4 -41.1 19.5 -81.4 -58.6 -72.4 -76.8 -95.7 -101.1 -109.7 -89 -51.6 -64.4 -77.2 -73.2 -39.4 -74.7 -82.2 -35.2 -78.4
89.8 -88.8 -64.9 -59.1 42.5 -2.2 1.4 -74.2 -45.6 -42.6 17.8 -82.4 -60.8 -74.1 -78.4 -97.7 -102.4 -111.1 -90.2 -52.8 -65.5 -78.1 -73.9 -40 -75.7 -83.3 -38.5 -79.9
91.3 -84.2 -60.2 -53.7 45.9 -1.5 3.9 -72.5 -43.7 -41 19.5 -78.8 -61.1 -73.6 -77.4 -96.8 -101.6 -110.1 -89.3 -54.5 -66.9 -79.4 -75.1 -40.9 -76.4 -84 -42.4 -81.6
93.9 -81 -54.2 -47.3 48.8 -0.8 6.9 -70.5 -41.2 -38.8 22.4 -73.3 -61.9 -73.4 -76.5 -95.7 -100.9 -109 -88.5 -58.3 -69.9 -82.3 -77.7 -43.2 -77.9 -85.2 -46.9 -84.2
96.1 -76.7 -47.6 -41.7 48.8 -2.4 7.3 -69.9 -40 -38.4 23.7 -70.2 -65 -75.3 -77.9 -96.7 -102.1 -109.8 -90.2 -64.6 -74.4 -86.9 -81.9 -46.9 -80.9 -88 -51.7 -88
96.2 -70.9 -43.3 -39 46.6 -5.5 5.2 -70.9 -40.6 -39.9 22.3 -70.8 -68.9 -78.2 -80.5 -99.1 -104.4 -111.7 -93.1 -69.5 -77.6 -89.8 -84.7 -49.4 -83.2 -90.2 -53.7 -90.2
93.7 -68.7 -43.8 -40.5 43.8 -9.1 2 -73.5 -42.5 -42.2 19.1 -74.3 -71.4 -80.6 -82.4 -101.3 -106.5 -113.4 -94.4 -69.8 -77.2 -88.7 -83.8 -48.5 -82.3 -89.2 -51.5 -88.8
91.3 -70.4 -45.8 -42.4 42.8 -11.6 -0.1 -75.5 -43.7 -43.3 16.8 -78.6 -72.4 -81.6 -82.9 -102.3 -107.5 -114.5 -94.1 -67.7 -75.2 -86.2 -81.5 -46.2 -79.9 -86.8 -48.9 -86.7
91.9 -69.8 -43.7 -40.2 44.9 -12.6 -0.1 -75 -42.4 -42.2 16.8 -81.8 -72.9 -81.5 -82.4 -101.6 -107.2 -114.9 -93.6 -68.1 -75.1 -85.9 -81.5 -45.8 -79.4 -86.7 -50.3 -87.7
95.7 -63.1 -37 -34.1 49.5 -12.1 1.9 -72 -38.6 -39.2 18.2 -83.5 -73 -80.6 -81 -99.8 -105.7 -114.2 -93.3 -71.6 -77.3 -87.5 -83.6 -47.6 -80.9 -89 -54.9 -91.3
100.1 -56.9 -30.4 -28.4 54.4 -9.9 5.1 -68.2 -34.3 -35.5 20.4 -82.8 -71 -78.2 -78.3 -97 -102.9 -111.7 -91.7 -73.5 -78.1 -87.6 -83.7 -47.8 -81.2 -89.7 -57 -92.4
101.2 -58.2 -29.9 -28 55.9 -8.3 6.3 -66.8 -32.9 -34 21.7 -81 -68.6 -75.9 -76.3 -95.2 -100.8 -109.3 -89.7 -72.3 -76.6 -85.9 -81.5 -45.7 -79.7 -87.9 -55 -89.9
97 -64.8 -35.9 -33.3 52 -11 2.6 -70.4 -36.6 -37.3 19.5 -82.1 -70.2 -77.5 -78.5 -97.3 -102.6 -110.5 -90.7 -71.6 -76.3 -85.8 -81.1 -45 -79.3 -87.1 -53.8 -88.1
89.5 -71.7 -45.9 -42.2 44.4 -17.3 -4.4 -77.2 -43.6 -43.6 14.8 -86.3 -75.6 -82.3 -83.7 -102.3 -107.2 -114.9 -94.2 -72 -77.7 -87.4 -82.8 -46.4 -80.3 -87.7 -54.8 -88.3
82.8 -79.2 -57.1 -51.7 37.6 -22.1 -10 -82.8 -49.9 -48.7 11.1 -89.8 -79.1 -85.8 -87.3 -106 -110.1 -118.1 -95.9 -70.6 -78.2 -87.9 -83.3 -47.1 -80.4 -87.2 -54 -87.4
80.6 -86 -64.1 -57.1 35.7 -22.3 -10.7 -84.3 -51.9 -49.7 10.6 -89.8 -78.1 -85.4 -86.8 -105.8 -109.4 -117.7 -94.6 -68 -77.1 -86.5 -82.1 -46.6 -79.4 -85.7 -50.7 -85.1
83.6 -87.6 -63.2 -55.8 38.5 -18.4 -7.4 -81.7 -49.2 -46.5 13 -86.1 -74.1 -82.1 -83.5 -102.4 -106.3 -114.9 -92.1 -66.8 -76.2 -85.3 -81.2 -46.3 -79 -85.3 -48.1 -84
88 -84.8 -59.3 -52.3 41.3 -13.9 -3.6 -78.5 -45.7 -42.8 16 -81.7 -70.3 -78.8 -80.3 -98.9 -103.6 -112.2 -90.3 -66.9 -76 -84.8 -81.1 -46.2 -79 -86 -47.3 -84
88.9 -85.3 -60 -53 40.3 -12.6 -2.9 -78.3 -46.2 -42.5 16.6 -80.2 -69.2 -78.2 -79.5 -97.9 -103.3 -111.6 -90.1 -66.1 -75.2 -83.9 -80.4 -45.3 -78.3 -85.6 -46.9 -83.4
85 -92.9 -67.1 -58.9 36.3 -15.4 -5.8 -81.7 -50.5 -46 14.7 -82 -71.1 -80.1 -81.1 -99.6 -105.2 -113 -91.2 -64.4 -73.8 -82.2 -79.1 -43.7 -76.9 -84.1 -46.8 -82.8
80.4 -98.7 -73.6 -64.1 33.8 -19.2 -9.4 -85.4 -54.3 -49.4 12.6 -84 -73.9 -82.4 -82.9 -101.8 -107.3 -114.6 -92.5 -63.3 -73 -81.2 -78 -42.9 -76 -82.9 -48.5 -83.6
80.2 -95.3 -72.7 -63 36 -19.6 -9.4 -84.9 -53.4 -48.5 13.6 -82.4 -74 -82.1 -82.1 -101.2 -106.5 -113.8 -92 -62.7 -72.2 -80.7 -76.7 -41.6 -74.8 -82 -49.9 -83.9
84.7 -88.3 -66.4 -57.3 41 -15.6 -5.4 -80.2 -48.5 -43.9 17.5 -77.5 -70.5 -78.7 -78.5 -97.4 -102.8 -110.5 -89.2 -62 -71 -79.9 -74.9 -39.7 -73.1 -80.6 -49.4 -82.3
90.1 -83.7 -59.1 -51.3 44.7 -11.4 -1 -75.4 -43.8 -40.2 20.4 -74.4 -67.4 -75.7 -75.7 -94.2 -100 -108.5 -87.3 -63.3 -71.5 -80.4 -75.1 -39.7 -73.5 -81 -50.3 -82.4
93.5 -79.8 -52.1 -46.7 45.8 -10.7 0.4 -73.6 -42.2 -39.9 19.4 -77.1 -68.6 -76.5 -76.5 -94.7 -101.2 -110.6 -89.5 -68.1 -75.4 -83.7 -78.9 -43.5 -77.4 -84.9 -55.2 -87.2
92.8 -76.7 -48.8 -45.6 43.3 -14 -2.3 -76 -44.7 -43.3 14.9 -84.3 -73.7 -81.1 -80.7 -99.1 -105.8 -116 -94.9 -74 -80.3 -88.2 -84.3 -48.7 -82.6 -90.4 -61.6 -93.5
88.1 -77.5 -52 -49.7 37.7 -19 -7.4 -81 -50 -49 9.1 -91.3 -79.3 -86.5 -86.1 -104.9 -111.1 -121.7 -99.8 -76.9 -82.8 -91 -87.3 -51.4 -85.3 -93.3 -65.1 -96.6
84.1 -80.6 -56.9 -54.5 32.9 -22 -10.9 -85.1 -53.9 -53.3 5.4 -94.7 -82.1 -89.6 -89.8 -108.4 -114.3 -124.7 -102.2 -76.4 -82.4 -91.1 -87.2 -51.2 -84.8 -92.9 -65.5 -96.2
84.4 -79.9 -57.1 -54.7 32.3 -21.7 -10.4 -85.4 -54 -53.8 4.9 -94.4 -81.7 -89.8 -90.9 -108.8 -115 -124.9 -103 -76.3 -82.6 -91.4 -87.4 -51.3 -84.6 -92.5 -66.5 -95.7
88 -73.1 -51.9 -50.1 35.7 -19.4 -7 -82.7 -50.9 -51.5 6.7 -92.5 -79.8 -88.3 -89.7 -107.7 -113.7 -123.5 -103.4 -78.5 -84.8 -93.6 -89.5 -53.2 -86.4 -93.6 -69 -96.6
91.9 -67.3 -46 -44.8 40.1 -16.2 -2.8 -79.1 -47.1 -48.1 9.9 -89 -77.1 -85.8 -87 -105.4 -110.7 -120.8 -101.9 -80.1 -86.4 -95.1 -90.8 -54.1 -86.9 -93.7 -69.7 -96.3
92.6 -69.2 -45.2 -44 41.5 -15 -1.4 -78.1 -46.2 -46.5 12.2 -85.9 -75.6 -84.5 -85.3 -104 -108.5 -118.5 -99.6 -79.9 -86.5 -94.9 -90.6 -53 -85.3 -92.2 -68.6 -94.7
89.1 -75.2 -50.2 -48.5 38 -17.7 -5 -81.6 -49.7 -48.9 11 -86.2 -77.7 -86.7 -87.3 -106 -109.9 -119.2 -99.4 -79.8 -87 -95.4 -90.9 -52.6 -84.6 -91.8 -68.6 -94.6
83 -80.8 -59.3 -56.3 31.3 -23 -11.4 -87.5 -55.8 -53.7 7.1 -89.1 -82.1 -91.1 -91.8 -110.6 -113.5 -122 -100.8 -80.2 -88.4 -96.7 -92 -53.2 -85 -92.4 -69 -94.6
77 -88 -70.3 -65.4 25.1 -26.9 -16.3 -92.7 -61.4 -57.7 3.8 -91 -85.1 -94.4 -95.7 -114.5 -116.3 -123.6 -100.9 -80.1 -89.6 -97.4 -92.5 -53.1 -84.6 -91.4 -68 -92.4
74.6 -95.7 -77.7 -71.2 22.6 -27.6 -17.1 -94.5 -63.8 -58.8 3.4 -90.9 -85.1 -95.2 -97 -115.6 -116.7 -123 -99 -80.4 -90.9 -98.2 -92.9 -52.8 -83.9 -90 -67.5 -89.8
77.1 -98.3 -77 -70.2 24.7 -25.2 -14.3 -92.4 -62.2 -57.1 5.7 -89.6 -82.9 -94 -95.9 -114 -115.3 -121.1 -96.8 -82.9 -93.3 -100.3 -94.3 -54.1 -84.9 -90.2 -69.8 -89.9
81.2 -95.6 -72.6 -65.8 28.5 -21.9 -10.9 -89.2 -59.1 -54.5 8.3 -88.1 -81.3 -92.4 -94.1 -111.7 -113.6 -119.4 -95.4 -85.5 -95.9 -102.8 -95.3 -56 -86.4 -91.2 -73.1 -91.6
82.3 -94.8 -72.1 -64.2 30.4 -19.8 -9.3 -87.9 -57.7 -53.2 9.7 -86.4 -81.4 -91.5 -92.4 -110.3 -112.1 -118.1 -94.2 -85 -95.5 -102.7 -94 -55.5 -85.3 -90.2 -73.2 -90.7
79.5 -100.5 -77.5 -68.2 28.8 -20.1 -10.2 -89.2 -59.3 -54.2 9.5 -85.6 -82.8 -91.8 -92 -110.6 -111.7 -117.8 -93.3 -81.7 -92.4 -100.2 -90.9 -52.4 -82.1 -87.4 -70 -86.9
75.3 -106.5 -83.9 -74.1 25 -22.8 -12.9 -91.8 -62.6 -56.9 7.5 -87.2 -85 -93.7 -93.7 -112.8 -113 -119 -94.3 -80.3 -90.8 -98.6 -89.6 -50.6 -80.9 -86.4 -68.1 -84.5
74.7 -105.3 -84.6 -75.6 23.6 -24.2 -13.8 -92.5 -63.4 -57.7 6.4 -89.3 -85.9 -94.9 -94.8 -113.7 -114.1 -119.9 -95.9 -81.7 -91.8 -98.8 -89.8 -50.8 -81.7 -87.1 -69 -84.5
79.1 -99.3 -78.7 -71 27.2 -21.2 -10.2 -89.4 -59.4 -54.5 8.9 -88.1 -83.5 -92.6 -92.9 -111 -112.1 -118.1 -94.9 -82.8 -92.6 -99.2 -89.4 -50.8 -81.8 -87.2 -70.3 -84.5
85.6 -93.2 -69.4 -62.6 34.1 -15.9 -4.5 -83.7 -53.2 -49.1 13.4 -84.5 -80 -88.7 -89.5 -106.7 -108.6 -115 -92.6 -84.2 -93.5 -99.8 -89 -51 -81.8 -87.4 -72.3 -85.1
91.1 -86 -58.9 -53.3 41.2 -12.7 -0.3 -78.3 -47.9 -44.2 16.9 -81.6 -78.5 -86.7 -87 -103.5 -106.3 -113.4 -92 -87.1 -95.1 -101.2 -89.9 -52.2 -82.9 -88.7 -76 -87.6
92.9 -78.8 -52.2 -47.5 44.8 -13.1 0.6 -75.9 -45.7 -42.3 17.4 -80.7 -79.3 -87 -86.4 -102.5 -106.2 -113.8 -93.4 -89.4 -95.9 -101.9 -90.6 -52.8 -83.8 -89.9 -78.6 -89.7
90.6 -76.2 -53 -47.8 43.6 -15.6 -1.2 -77.4 -46.9 -43.9 15.7 -79.9 -81 -88.4 -87.2 -103.5 -107.6 -115.2 -95.7 -89 -94.4 -100.6 -89.4 -51.7 -83.1 -89.3 -77.8 -88.5
88.4 -76.9 -55.8 -50 41.5 -17.4 -2.5 -79.1 -48.4 -45.6 15.1 -75.8 -82 -89.1 -87.5 -104.6 -108.5 -116 -98 -86.7 -91.9 -98 -87 -49.4 -81.4 -87.9 -75.6 -85.4
90.5 -74.2 -53.2 -48.1 43.1 -15.9 -0.7 -77.4 -46.9 -44 17.4 -68.7 -81 -88 -85.8 -103.5 -107.6 -115.1 -99.4 -85.3 -90.6 -96.5 -85.8 -48.3 -80.8 -88 -75.5 -84.6
96.6 -65.2 -44.9 -41.5 48.3 -11.7 3.8 -72.4 -42.1 -39.9 20.9 -64.2 -78.2 -85.2 -82.9 -100.1 -105.2 -112.9 -99.1 -85.7 -90.8 -96.8 -86.5 -49.1 -81.8 -89.7 -77.7 -86.6
102.6 -57.7 -37.2 -35.2 53.3 -6.9 8.6 -67.1 -36.8 -36.2 23.1 -67.1 -74.3 -81.3 -79.8 -95.9 -102.1 -110.3 -96.7 -85.6 -90.4 -96.4 -86.8 -49.9 -82.4 -90.3 -77.9 -87.5
103.9 -59.5 -37 -34.8 53.3 -4.9 9.9 -65.9 -35.8 -36.1 21.6 -77.5 -72.2 -79.5 -78.7 -94.7 -101.6 -110 -94.7 -84.5 -89.5 -95.5 -86.5 -50 -82.4 -89.8 -75.5 -86.7
99.1 -67.3 -44.2 -41.1 46.8 -8.4 5.6 -70.5 -40.8 -41.1 15.5 -91.8 -75 -83 -82.3 -99.3 -105.8 -114.1 -96.1 -85.4 -91 -97.4 -88.6 -52.2 -84.6 -91.2 -75.6 -88.2
90.7 -75.4 -55.8 -51.4 37.1 -15 -1.6 -78.3 -49.1 -49 7.1 -103.6 -80.8 -89.5 -88.9 -107 -112.4 -120.6 -99.9 -88 -94.3 -101.2 -92.5 -56 -88.4 -94.4 -78.9 -92
83.3 -83.2 -67.7 -61.5 29.6 -19.3 -6.5 -84.2 -55.6 -54.7 1.8 -107.5 -84.4 -93.2 -93.1 -111.8 -116.2 -124.3 -101.5 -88.1 -95.3 -102.7 -94.2 -57.8 -89.9 -95.4 -80 -93.2
82.2 -88.7 -72.9 -65.5 28.9 -17.9 -5.6 -84.5 -56.4 -54.6 2.8 -103.3 -83.1 -91.1 -91.8 -110.5 -114.7 -123 -99.1 -85.3 -93.3 -100.7 -92.6 -56.4 -88.2 -93.6 -76.7 -90.3
87.2 -88.3 -69.3 -62.3 33.6 -12.8 -0.8 -80.4 -52.4 -50.2 7.4 -96.3 -78.8 -86.2 -87.5 -105.9 -110.7 -119.2 -95.8 -83.5 -91.6 -98.7 -91.1 -55.2 -86.9 -92.3 -72.2 -87.4
92.6 -84.4 -64.4 -58.5 37.4 -8.4 3.4 -76.7 -48.7 -46.9 10.4 -92 -74.9 -83 -84.4 -102.8 -107.9 -116.6 -94.6 -83.8 -91.7 -98.6 -91.5 -55.7 -87.9 -93.1 -69.3 -87.2
93.1 -85.6 -66.4 -61.1 35.4 -7.1 3.6 -77.1 -50.1 -48.2 9.1 -92.1 -73.7 -83.4 -84.7 -103.4 -108.7 -117.5 -95.9 -83.6 -91.8 -98.8 -92.2 -56.7 -89.3 -94.3 -67 -87.9
88.1 -94.9 -75.6 -70.4 28.3 -9.1 0.1 -81.9 -56 -53.7 4 -96.3 -75.2 -86.4 -87.8 -107.2 -112.5 -121.6 -99.1 -82.3 -91.3 -98.5 -92.5 -57.3 -90.2 -95.2 -64.1 -87.8
81.9 -103 -84.3 -79.1 21.2 -12.7 -4.2 -87.3 -61.8 -59.7 -1.6 -102.1 -78.1 -89.7 -91.2 -111.9 -117 -126.1 -103.1 -81.5 -91.1 -98.5 -93.1 -58.3 -91.6 -96.8 -62.3 -88.1
79.9 -100.9 -84.7 -79.5 20.2 -14.1 -4.6 -88.1 -62.2 -60.9 -2.9 -104.6 -79.2 -89.8 -91.1 -112.9 -118 -127.2 -104.5 -81.1 -90.3 -97.9 -92.9 -58.3 -91.9 -97.7 -61.9 -88.7
83.2 -93.2 -77.4 -72 25.9 -12 -0.2 -83.3 -56.7 -56.1 1.3 -100.7 -76.8 -85.9 -87 -108.7 -113.9 -123.6 -101.4 -80 -88.2 -95.7 -90.7 -56.1 -89.9 -96.1 -61.6 -88.3
89.2 -86.6 -67.4 -62.1 33.2 -9.1 5 -77.4 -50 -50 6.8 -93.8 -73.4 -81.8 -82.8 -103.7 -109 -119.2 -97.7 -80.2 -87.1 -94.1 -88.7 -54.8 -88.4 -95 -62.1 -88.1
94.8 -80.5 -58 -53.9 37.8 -8.2 7.3 -74 -46 -46.9 9.5 -89.7 -72.7 -80.9 -81.5 -102 -107.8 -118.3 -98.2 -83 -88.6 -95 -89.4 -56.4 -89.8 -97.2 -64.1 -89.9
96.7 -75.2 -53.2 -50.8 37.7 -9.5 5.8 -74.3 -46 -47.8 8.3 -91 -74.7 -82.7 -83.1 -103.5 -110.6 -121 -102.4 -85.8 -90.2 -96.6 -91.8 -58.9 -92.4 -100.5 -66 -92.8
93.5 -75 -55.5 -53.8 33.5 -12.3 2 -77.6 -49.5 -51.5 4.3 -96 -77.7 -85.4 -86.1 -106.7 -114.7 -125 -106.7 -85.6 -89.8 -96.6 -93.2 -59.9 -93.5 -101.8 -65.8 -94.7
88.7 -78.8 -59.7 -57.8 30 -15 -1.1 -80.8 -53 -54.5 0.9 -100.8 -79.8 -87.1 -88.4 -109.4 -117.2 -127.8 -108.6 -83.7 -88 -95.4 -92.8 -59.2 -93.2 -101.3 -63.7 -95.2
87.5 -78.8 -59 -56.9 31.1 -15.8 -1.6 -80.7 -52.9 -54.5 0.5 -102.4 -80.1 -87 -88.4 -109.7 -116.9 -128 -108.1 -83 -87.2 -94.7 -92.4 -58.7 -93.3 -101.3 -62.1 -95.8
90.9 -71.6 -53 -50.9 35.6 -14.7 0.5 -77.8 -49.3 -52 2.5 -100.9 -78.9 -85.4 -86.5 -107.9 -114.9 -126.4 -107 -84.3 -87.9 -95.2 -93 -59.6 -94.6 -102.9 -62.2 -97.1
95.4 -65.3 -47.2 -45.3 39 -12.7 3.2 -74.6 -45.4 -49.3 4.8 -98.2 -77.1 -83.1 -84.1 -105.5 -113 -124.5 -105.9 -85.5 -88.2 -95.6 -93.3 -60.4 -95.6 -104.2 -62.2 -97.8
96.1 -67.6 -47.6 -45.7 38 -12.3 3.8 -74.4 -45.3 -49.4 4.9 -97.3 -76.5 -82.2 -83.5 -105.3 -112.9 -124.4 -105.9 -85.5 -87.7 -95.3 -93.1 -60.5 -96 -104.3 -60.8 -97.4
92.2 -74.2 -53.4 -51.6 33.3 -14.5 1.3 -77.9 -49.4 -52.7 1.9 -99.5 -78.2 -84.1 -85.6 -108 -115.2 -126.9 -107.7 -84.7 -87.5 -94.7 -92.9 -60.5 -96.5 -104.6 -59.1 -96.8
86.7 -80 -61.8 -60 27.6 -17.4 -2.3 -82.5 -54.8 -57 -1.9 -102.8 -80.5 -86.6 -88.2 -111.3 -118.2 -129.9 -109.6 -82.3 -86.7 -93.3 -92.3 -60.3 -96.4 -104.9 -56.7 -95.7
81.9 -86.9 -71.8 -69.2 22.6 -18.7 -5.4 -86.3 -59.7 -60.5 -4.7 -104.8 -81.4 -87.8 -90 -113.6 -120.3 -131.8 -110 -78.9 -85.1 -91.6 -91.2 -59.9 -95.6 -104.5 -53.8 -94.7
79.5 -94.8 -79.4 -75.6 20 -18.1 -6.9 -88.4 -63 -62.5 -6 -105 -81.4 -88.2 -91 -115 -121.5 -132.9 -109.9 -77.9 -85 -92.2 -91.5 -61.1 -96 -105.2 -52.7 -95.5
80.5 -98.2 -80.6 -75.9 20.8 -16.5 -6.7 -88.3 -63.6 -62.7 -5.4 -104 -81.6 -88.6 -91.2 -115.3 -121.8 -133.4 -110.3 -80.6 -87.9 -95.4 -94 -64.4 -98.9 -108.1 -54.3 -98.5
82.6 -96.7 -78.7 -73.6 22.9 -15.1 -5.9 -87.3 -62.6 -62 -4 -102.5 -81.7 -88.8 -90.6 -114.3 -121.5 -133.4 -110.5 -83.7 -90.8 -98.2 -96.5 -67 -102.1 -110.7 -56.2 -101.1
82.5 -96.6 -79.2 -73.7 23.4 -14.6 -5.7 -87.1 -62 -61.7 -3.1 -100.8 -81 -88.2 -89.3 -112.8 -120.5 -132.6 -109.4 -83 -89.7 -96.9 -95.8 -66 -101.9 -109.8 -54.7 -99.7
79.9 -101.3 -83.4 -77.3 22.2 -14.8 -6.3 -88.1 -62.7 -62.4 -3.2 -99.5 -79.6 -86.9 -88.2 -111.8 -119.3 -131.5 -107.4 -78.3 -84.9 -91.9 -91.7 -61.6 -98.2 -105.6 -49.6 -94.9
77.3 -104.7 -87.4 -81 20.5 -15.2 -7.2 -89.4 -64 -63.6 -4.1 -99.5 -78.8 -86.3 -88 -111.9 -118.8 -130.9 -106.6 -73.5 -80.5 -87.5 -87.8 -57.7 -94.8 -102.6 -45 -91.4
77.9 -101.1 -86 -80.2 20.7 -14.1 -6.3 -88.7 -63.1 -63 -3.5 -99 -78 -85.6 -87 -111.2 -117.9 -129.7 -106.4 -70.9 -78.4 -85.3 -85.3 -55.5 -93.1 -101.8 -42.9 -90.6
82 -94.7 -79.4 -74.7 24.3 -10.9 -3 -85 -58.9 -59.1 0.2 -96.1 -75.6 -83.2 -83.8 -107.9 -114.9 -126.8 -104.9 -70 -77.4 -83.9 -83.5 -53.7 -91.9 -101.2 -42 -90.2
87.3 -90.6 -70.5 -66.8 30.3 -8.1 0.7 -80.6 -53.7 -54.4 4.3 -92.5 -73.7 -80.8 -80.7 -104.3 -111.7 -124.2 -103.2 -71.6 -77.8 -83.9 -83.6 -53 -91.8 -101.3 -42.7 -90.5
91.6 -86.2 -60.9 -58.4 36.1 -7.9 2.7 -77.7 -49.8 -51.5 6.1 -91.3 -74.8 -80.6 -80.1 -102.9 -111.1 -124.1 -103.6 -76.2 -80.4 -85.8 -85.8 -54.8 -93.8 -103.4 -46.2 -93
92.8 -79.9 -54.6 -53 38.8 -9.8 2.8 -77.4 -48.3 -50.8 5.5 -92 -77.4 -82 -81.3 -103.4 -112.4 -125.5 -105.1 -79.8 -82.6 -87.3 -87.4 -56.2 -95.3 -105.3 -49.3 -95.1
90.4 -76.7 -54.8 -53.4 37.7 -12.2 1.3 -79.1 -49.4 -51.9 4.4 -92.5 -79.1 -83.3 -82.8 -104.4 -113.8 -126.2 -105.7 -79.1 -81.4 -86.2 -85.7 -54.6 -93.6 -104.1 -48.4 -94
86.8 -78.7 -58.1 -57 35.3 -14.7 -0.9 -81.4 -51.5 -53.6 3.7 -92.3 -80.2 -84.5 -83.9 -105.8 -114.7 -126.5 -106.4 -76.8 -79.7 -84.7 -83.2 -52.3 -91.1 -102.1 -46 -91.9
85 -80.2 -58.5 -58.4 34.5 -16.8 -2.5 -82.4 -52.7 -54.7 3.4 -92.8 -81.9 -86 -85.1 -107.4 -115.8 -127.7 -108.6 -77.6 -81.3 -85.9 -83.8 -53.3 -91.9 -103.4 -46.5 -92.7
87.6 -75 -53.2 -54.3 37.3 -17.3 -1.6 -80.2 -50.7 -52.8 4.7 -93.6 -82.7 -86.1 -84.7 -107.6 -115.7 -128.2 -110.5 -80.7 -84.5 -88.6 -86.4 -56.3 -94.7 -106.5 -48.7 -94.7
93.6 -67.2 -45.1 -46.5 42.8 -14.2 2.9 -75.1 -45.5 -47.6 8.6 -91.8 -79.9 -82.7 -81.1 -104.1 -112.2 -125.6 -108.5 -80.6 -83.9 -88.2 -85.9 -55.9 -94.3 -106 -47.7 -93.1
97.9 -65.3 -41.3 -41.5 46.2 -10.4 7.1 -71.5 -41.6 -43.9 11.8 -89.1 -76.2 -78.9 -77.3 -100.2 -108.2 -122.4 -104.7 -77.4 -80.3 -85.1 -82.7 -52.4 -91 -102.6 -45 -90.4
96.7 -69.1 -44.8 -43.3 43.8 -10.9 6.5 -72.9 -43 -45.5 10.3 -90 -76.3 -79.3 -77.8 -100.3 -108.4 -123 -104.4 -75.6 -78.7 -83.9 -81.5 -50.6 -89.5 -100.9 -44.9 -91
91.8 -74 -53.3 -51 37.9 -14.9 2.5 -77.4 -48.1 -50.3 5.8 -93.9 -78.8 -82.3 -81.2 -103.5 -111.7 -126 -106.5 -74.6 -79.1 -84 -82.1 -50.7 -89.5 -101 -45.9 -92.7
87.5 -80 -63.2 -59.9 34.3 -17.2 -0.3 -80.8 -52.4 -53.5 3.4 -96 -79.4 -83.2 -82.9 -105.3 -113.7 -127.2 -106.6 -71.3 -77.9 -82.4 -81.5 -49.7 -88.3 -99.8 -44.1 -91.1
86.8 -86.1 -68.6 -64.1 35.9 -15.8 -0.1 -80.9 -53.2 -52.8 4.6 -94.4 -77.6 -81.4 -81.8 -104.3 -112.7 -125.8 -104.5 -67.9 -76 -80.6 -80.2 -48.3 -87 -98.2 -41.3 -88.4
89.1 -87.8 -67.3 -62.2 40.5 -12.9 1.8 -78.8 -51.3 -49.9 7 -91.9 -76 -79.6 -80.1 -102.5 -111.2 -124.3 -103 -68.7 -76.8 -82 -81.5 -49.8 -88.6 -99.5 -42.4 -89.9
91.3 -85.6 -64.3 -59.1 43.6 -10.9 3.2 -77.2 -49.3 -48.1 8.2 -91 -75.8 -79.5 -79.5 -101.7 -111 -124.3 -103 -72 -79.7 -85.7 -84.7 -53 -91.9 -102.3 -46.2 -94.2
90.5 -86.1 -65.6 -60.2 42.4 -10.8 2.7 -77.6 -49.9 -49.1 7.4 -91.6 -76.6 -80.3 -80 -102.5 -111.9 -125.3 -103.1 -73.5 -81.2 -87.7 -86.2 -53.8 -92.9 -102.9 -47.7 -95.6
86.3 -93.3 -72.3 -66.2 37.3 -13.1 -0.1 -80.9 -53.5 -53.1 4.8 -92.9 -78.3 -82 -82.2 -105.3 -114 -127 -103.7 -72.7 -80.8 -87.5 -85.6 -52.6 -91.8 -101.2 -45.9 -93.2
81.6 -99.9 -78.6 -72.4 31.7 -16.6 -3.6 -84.9 -57.7 -57.6 1.3 -94.8 -80.4 -84.1 -85.1 -108.8 -116.6 -129 -105.6 -72.3 -80.6 -87.3 -85.2 -52 -91.2 -100.5 -44.1 -91.3
81.3 -98.2 -77.9 -72.7 30.5 -17.7 -4.1 -85.6 -58 -58.7 0.3 -95.2 -81 -84.4 -85.8 -109.8 -116.9 -129.3 -107 -72.5 -80.4 -86.9 -85.6 -52.1 -91 -100.9 -44.4 -91.8
85.9 -91.8 -71.2 -66.8 34.5 -14.6 -0.9 -81.8 -53.9 -55.2 3.1 -92.3 -78.7 -81.9 -83.2 -107.3 -113.9 -126.9 -106.1 -72.6 -79.5 -86.3 -85.9 -51.9 -90.5 -101.2 -47.3 -94.4
92.5 -85.3 -61.9 -57.8 41.1 -9.4 3.9 -76.2 -48 -49.6 7.9 -88 -75.2 -78.5 -79.6 -103.3 -110.2 -123.8 -104.4 -72.8 -78.9 -86.5 -86.1 -52.1 -90.1 -101.3 -51.4 -97.7
98.7 -77.4 -51.3 -48.2 47.4 -5.9 7.5 -71.4 -42.4 -44.6 11.9 -85.7 -73.4 -76.2 -77 -99.8 -107.7 -121.7 -103.4 -73.3 -78.8 -86.9 -86.3 -52.1 -89.6 -101.3 -54 -99.2
101.2 -70 -44.6 -42.9 50.1 -6.3 7.7 -69.7 -39.6 -42.8 12.5 -87.8 -74 -76.1 -76.2 -98.2 -107.2 -121.4 -103.1 -73.3 -78.4 -86.3 -85.8 -50.8 -88.2 -100.3 -53.3 -96.9
98.1 -68.5 -46.2 -45.1 47.8 -9.6 4.6 -72 -41.3 -45.1 9.3 -93.1 -76.2 -78.4 -77.8 -99.6 -108.6 -123.1 -103.6 -72.4 -77.7 -85.1 -84.4 -48.8 -86.1 -98.3 -50.5 -92.8
92.4 -72.2 -51.1 -50.3 43.8 -13.5 0.8 -76.1 -45.1 -48.9 5.3 -97.4 -78.8 -81.5 -80.6 -102.9 -111.2 -125.7 -105.3 -72.3 -78.1 -85 -84.1 -48.6 -85.4 -97.3 -49.1 -91.1
89.6 -73 -51.7 -51.3 42.7 -15.3 -0.6 -78 -46.9 -50.3 3.8 -97 -80.5 -83.6 -82.5 -105.2 -113.1 -127.3 -107.2 -75 -80.4 -87.4 -86.3 -51 -87.2 -99.1 -51.1 -93.6
