0.83559 0.41898
0.83752 0.42361
0.83559 0.4213
0.82979 0.4213
0.82785 0.42361
0.82592 0.4213
0.80464 0.41435
0.75822 0.40046
0.70213 0.3912
0.65764 0.38194
0.59961 0.37731
0.53191 0.37963
0.46422 0.3912
0.40426 0.40509
0.3617 0.41667
0.33656 0.42361
0.34043 0.42824
0.37524 0.42824
0.42747 0.42361
0.4971 0.41898
0.56673 0.41204
0.6325 0.40972
0.69246 0.41204
0.74662 0.41667
0.79691 0.4213
0.83946 0.42824
0.86267 0.43287
0.8646 0.43287
0.83172 0.42824
0.77756 0.42361
0.70986 0.41667
0.6383 0.40972
0.57253 0.40741
0.51257 0.40509
0.45455 0.40972
0.40232 0.41435
0.35977 0.42593
0.32495 0.42593
0.30948 0.42824
0.31721 0.43287
0.34623 0.43519
0.39072 0.42361
0.44101 0.41435
0.5029 0.40741
0.56673 0.40509
