1.1421 0.75296 1.2115
1.1421 0.75296 1.2115
1.1421 0.75296 1.2115
1.1421 0.75296 1.2115
1.1421 0.75296 1.2115
1.1421 0.75296 1.2115
1.1421 0.75296 1.2115
1.1421 0.75296 1.2115
1.1421 0.75296 1.2115
1.1421 0.75296 1.2115
1.1421 0.75296 1.2115
1.1421 0.75296 1.2115
1.1421 0.75296 1.2115
1.1421 0.75296 1.2115
1.1421 0.75296 1.2115
1.1421 0.75296 1.2115
1.1421 0.75296 1.2115
1.1421 0.75296 1.2115
1.1421 0.75296 1.2115
1.1421 0.75296 1.2115
1.1421 0.75296 1.2115
1.1421 0.75296 1.2115
1.1421 0.75296 1.2115
1.1421 0.75296 1.2115
1.1421 0.75296 1.2115
1.1421 0.75296 1.2115
1.1421 0.75296 1.2115
1.1421 0.75296 1.2115
1.1421 0.75296 1.2115
1.1421 0.75296 1.2115
1.1421 0.75296 1.2115
1.1421 0.75296 1.2115
1.1421 0.75296 1.2115
1.1421 0.75296 1.2115
1.1421 0.75296 1.2115
1.1421 0.75296 1.2115
1.1421 0.75296 1.2115
1.1421 0.75296 1.2115
1.1421 0.75296 1.2115
1.1421 0.75296 1.2115
1.1421 0.75296 1.2115
1.1421 0.75296 1.2115
1.1421 0.75296 1.2115
1.1421 0.75296 1.2115
1.1421 0.75296 1.2115
1.1421 0.75296 1.2115
1.1421 0.75296 1.2115
1.1421 0.75296 1.2115
1.1421 0.75296 1.2115
1.1421 0.75296 1.2115
1.1421 0.75296 1.2115
1.1421 0.75296 1.2115
1.1421 0.75296 1.2115
1.1724 0.74421 1.2115
1.2066 0.7343 1.2115
1.2453 0.72311 1.2115
1.284 0.71191 1.2115
1.3227 0.70072 1.2115
1.3614 0.68952 1.2115
1.3961 0.67947 1.2115
1.4256 0.67094 1.2115
1.4314 0.66926 1.2115
1.4314 0.66926 1.2115
1.4314 0.66926 1.2115
1.4314 0.66926 1.2115
1.4314 0.66926 1.2115
1.4314 0.66926 1.2115
1.435 0.66926 1.2126
1.4475 0.66926 1.2162
1.4645 0.66926 1.2211
1.4839 0.66926 1.2266
1.5032 0.66926 1.2322
1.5225 0.66926 1.2378
1.5419 0.66926 1.2433
1.5605 0.66926 1.2487
1.576 0.66926 1.2532
1.576 0.66926 1.2532
1.576 0.66926 1.2532
1.576 0.66926 1.2532
1.576 0.66926 1.2532
1.576 0.66926 1.2532
1.576 0.66926 1.2532
1.576 0.66926 1.2532
1.576 0.66926 1.2532
1.576 0.66926 1.2532
1.576 0.66926 1.2532
1.576 0.66926 1.2532
1.576 0.66926 1.2532
1.576 0.66926 1.2532
1.576 0.66926 1.2532
1.5674 0.66926 1.2556
1.5508 0.66926 1.2604
1.5318 0.66926 1.2659
1.5124 0.66926 1.2714
1.4931 0.66926 1.277
1.4737 0.66926 1.2826
1.4543 0.66932 1.2881
1.4248 0.67519 1.2908
1.3844 0.68739 1.2903
1.3264 0.70978 1.2847
1.2683 0.73217 1.2791
1.2103 0.75456 1.2736
1.1523 0.77695 1.268
1.0942 0.79935 1.2624
1.0362 0.82174 1.2569
0.9782 0.85066 1.2383
0.92017 0.88145 1.216
0.86214 0.91503 1.1882
0.80411 0.94862 1.1604
0.74609 0.98221 1.1325
0.68806 1.0158 1.1047
0.63003 1.05 1.0763
0.57201 1.0852 1.0468
0.51398 1.1357 1.0021
0.45595 1.1917 0.95198
0.39793 1.2477 0.90188
0.3399 1.3037 0.85177
0.28187 1.3597 0.80166
0.22385 1.4156 0.75156
0.16797 1.4704 0.69712
0.11915 1.521 0.62846
0.076476 1.5681 0.54742
0.037792 1.6129 0.45834
-0.00089286 1.6577 0.36926
-0.039577 1.7025 0.28018
-0.078262 1.7472 0.1911
-0.11695 1.792 0.10202
-0.15395 1.831 0.014876
-0.1756 1.8166 -0.054584
-0.19616 1.7984 -0.12279
-0.2155 1.776 -0.1896
-0.23484 1.7536 -0.25641
-0.25418 1.7313 -0.32322
-0.27353 1.7089 -0.39003
-0.29613 1.6808 -0.4512
-0.321 1.6488 -0.50847
-0.35919 1.5937 -0.54274
-0.39787 1.5377 -0.57614
-0.43656 1.4817 -0.60955
-0.47524 1.4258 -0.64295
-0.51392 1.3698 -0.67636
-0.55261 1.3138 -0.70976
-0.57302 1.2508 -0.72914
-0.57164 1.1793 -0.73179
-0.55537 1.1022 -0.72302
-0.53603 1.0238 -0.71188
-0.51669 0.94542 -0.70075
-0.49735 0.86705 -0.68961
-0.478 0.78868 -0.67848
-0.46041 0.71234 -0.66583
-0.44853 0.64261 -0.64825
-0.44853 0.58663 -0.62042
-0.44853 0.53065 -0.59258
-0.44853 0.47467 -0.56474
-0.44853 0.41869 -0.5369
-0.44853 0.36271 -0.50907
-0.44853 0.30674 -0.48123
-0.44066 0.25986 -0.45566
-0.42919 0.21717 -0.43112
-0.40984 0.18358 -0.40885
-0.3905 0.15 -0.38658
-0.37116 0.11641 -0.36431
-0.35182 0.082823 -0.34204
-0.33248 0.049236 -0.31977
-0.31313 0.015649 -0.29751
-0.30567 -0.011063 -0.28549
-0.30392 -0.034465 -0.27842
-0.30392 -0.056857 -0.27285
-0.30392 -0.079248 -0.26728
-0.30392 -0.10164 -0.26171
-0.30392 -0.12403 -0.25615
-0.30597 -0.14524 -0.25205
-0.31794 -0.1607 -0.2551
-0.34445 -0.16775 -0.26861
-0.38313 -0.16775 -0.29088
-0.42182 -0.16775 -0.31315
-0.4605 -0.16775 -0.33542
-0.49919 -0.16775 -0.35769
-0.53787 -0.16775 -0.37996
-0.57706 -0.16746 -0.4028
-0.62956 -0.15946 -0.44098
-0.68432 -0.15015 -0.48176
-0.74235 -0.13896 -0.5263
-0.80037 -0.12776 -0.57084
-0.8584 -0.11657 -0.61538
-0.91643 -0.10537 -0.65992
-0.97324 -0.09488 -0.70516
-1.029 -0.085017 -0.75102
-1.0693 -0.084046 -0.80573
-1.108 -0.084046 -0.86141
-1.1467 -0.084046 -0.91708
-1.1854 -0.084046 -0.97275
-1.2241 -0.084046 -1.0284
-1.2627 -0.084046 -1.0841
-1.2895 -0.090974 -1.1363
-1.2978 -0.10857 -1.1833
-1.2849 -0.13843 -1.2241
-1.2655 -0.17201 -1.2631
-1.2462 -0.2056 -1.302
-1.2268 -0.23919 -1.341
-1.2075 -0.27277 -1.38
-1.1881 -0.30636 -1.4189
-1.1688 -0.34533 -1.4499
-1.1495 -0.39971 -1.4578
-1.1301 -0.4551 -1.4643
-1.1108 -0.51108 -1.4698
-1.0914 -0.56706 -1.4754
-1.0721 -0.62304 -1.481
-1.0527 -0.67902 -1.4865
-1.0334 -0.72939 -1.4893
-1.0141 -0.77604 -1.4903
-0.99472 -0.80963 -1.4847
-0.97538 -0.84322 -1.4791
-0.95603 -0.87681 -1.4736
-0.93669 -0.91039 -1.468
-0.91735 -0.94398 -1.4624
-0.89801 -0.97757 -1.4569
-0.86986 -1.001 -1.4437
-0.83624 -1.018 -1.4258
-0.79761 -1.0293 -1.4036
-0.75893 -1.0405 -1.3813
-0.72024 -1.0517 -1.359
-0.68156 -1.0629 -1.3368
-0.64317 -1.0741 -1.3142
-0.60725 -1.0853 -1.2896
-0.57932 -1.0965 -1.258
-0.55998 -1.1076 -1.219
-0.54064 -1.1188 -1.1801
-0.52129 -1.13 -1.1411
-0.50195 -1.1412 -1.1021
-0.48261 -1.1524 -1.0632
-0.46327 -1.1636 -1.0242
-0.45424 -1.1808 -0.98818
-0.44853 -1.1999 -0.95314
-0.44853 -1.2223 -0.91973
-0.44853 -1.2447 -0.88633
-0.44853 -1.2671 -0.85292
-0.44853 -1.2894 -0.81952
-0.44853 -1.3118 -0.78611
-0.44853 -1.3342 -0.75271
-0.47945 -1.3477 -0.73266
-0.51669 -1.3593 -0.71533
-0.55537 -1.3705 -0.69862
-0.59406 -1.3817 -0.68192
-0.63274 -1.3929 -0.66522
-0.67143 -1.4041 -0.64852
-0.71011 -1.4139 -0.63445
-0.74879 -1.4211 -0.6257
-0.78748 -1.4233 -0.62704
-0.82616 -1.4233 -0.63261
-0.86485 -1.4233 -0.63818
-0.90353 -1.4233 -0.64375
-0.94222 -1.4233 -0.64931
-0.9809 -1.4233 -0.65488
-1.0167 -1.4216 -0.66212
-1.0406 -1.4131 -0.67617
-1.062 -1.403 -0.69173
-1.0813 -1.3918 -0.70843
-1.1006 -1.3806 -0.72514
-1.12 -1.3694 -0.74184
-1.1393 -1.3582 -0.75854
-1.1564 -1.3483 -0.77524
-1.1716 -1.3396 -0.79195
-1.1716 -1.3396 -0.80865
-1.1716 -1.3396 -0.82535
-1.1716 -1.3396 -0.84205
-1.1716 -1.3396 -0.85875
-1.1716 -1.3396 -0.87546
-1.1716 -1.3396 -0.89216
-1.1716 -1.3396 -0.90533
-1.1716 -1.3396 -0.91567
-1.1716 -1.3396 -0.92159
-1.1716 -1.3396 -0.92715
-1.1716 -1.3396 -0.93272
-1.1716 -1.3396 -0.93829
-1.1716 -1.3396 -0.94386
-1.1716 -1.3396 -0.94942
-1.1636 -1.3396 -0.95271
-1.1448 -1.3396 -0.95284
-1.1255 -1.3396 -0.95287
-1.1062 -1.3396 -0.95287
-1.0868 -1.3396 -0.95287
-1.0675 -1.3396 -0.95287
-1.0481 -1.3396 -0.95287
-1.0355 -1.3396 -0.94707
-1.027 -1.3396 -0.93776
-1.027 -1.3396 -0.92106
-1.027 -1.3396 -0.90435
-1.027 -1.3396 -0.88765
-1.027 -1.3396 -0.87095
-1.027 -1.3396 -0.85425
-1.027 -1.3396 -0.83755
-1.0151 -1.3327 -0.81744
-0.99932 -1.3236 -0.79619
-0.97998 -1.3124 -0.77392
-0.96064 -1.3012 -0.75165
-0.9413 -1.29 -0.72938
-0.92195 -1.2788 -0.70711
-0.90261 -1.2676 -0.68455
-0.88327 -1.2564 -0.66122
-0.86393 -1.2452 -0.635
-0.84459 -1.234 -0.60716
-0.82524 -1.2228 -0.57932
-0.8059 -1.2116 -0.55149
-0.78656 -1.2004 -0.52365
-0.76722 -1.1892 -0.49581
-0.74787 -1.1789 -0.46842
-0.72853 -1.1744 -0.4439
-0.70919 -1.1722 -0.42052
-0.68985 -1.1722 -0.39825
-0.6705 -1.1722 -0.37598
-0.65116 -1.1722 -0.35371
-0.63182 -1.1722 -0.33144
-0.61248 -1.1722 -0.30917
-0.59314 -1.1722 -0.2869
