1.0489 1.1826 1.4335
1.0489 1.1826 1.4335
1.0489 1.1826 1.4335
1.0489 1.1826 1.4335
1.0489 1.1826 1.4335
1.0489 1.1826 1.4335
1.0489 1.1826 1.4335
1.0489 1.1826 1.4335
1.0489 1.1826 1.4335
1.0489 1.1826 1.4335
1.0489 1.1826 1.4335
1.0489 1.1826 1.4335
1.0489 1.1826 1.4335
1.0489 1.1826 1.4335
1.0489 1.1826 1.4335
1.0489 1.1826 1.4335
1.0489 1.1826 1.4335
1.0489 1.1826 1.4335
1.0489 1.1826 1.4335
1.0489 1.1826 1.4335
1.0489 1.1826 1.4335
1.0489 1.1826 1.4335
1.0489 1.1826 1.4335
1.0489 1.1826 1.4335
1.0489 1.1826 1.4335
1.0489 1.1826 1.4335
1.0489 1.1826 1.4335
1.0489 1.1826 1.4335
1.0489 1.1826 1.4335
1.0489 1.1826 1.4335
1.0489 1.1826 1.4335
1.0489 1.1826 1.4335
1.0489 1.1826 1.4335
1.0489 1.1826 1.4335
1.0489 1.1826 1.4335
1.0489 1.1826 1.4335
1.0489 1.1826 1.4335
1.0489 1.1826 1.4335
1.0489 1.1826 1.4335
1.0489 1.1826 1.4335
1.0489 1.1826 1.4335
1.0489 1.1826 1.4335
1.0489 1.1826 1.4335
1.0489 1.1826 1.4335
1.0489 1.1826 1.4335
1.0489 1.1826 1.4335
1.0489 1.1826 1.4335
1.0489 1.1826 1.4335
1.0489 1.1826 1.4335
1.0489 1.1826 1.4335
1.0489 1.1826 1.4335
1.0489 1.1826 1.4335
1.0489 1.1826 1.4335
1.0489 1.1826 1.4335
1.0489 1.1826 1.4335
1.0489 1.1826 1.4335
1.0489 1.1826 1.4335
1.0489 1.1826 1.4335
1.0489 1.1826 1.4335
1.0489 1.1826 1.4335
1.0489 1.1826 1.4335
1.0489 1.1826 1.4335
1.0489 1.1826 1.4335
1.0489 1.1826 1.4335
1.0489 1.1826 1.4335
1.0489 1.1826 1.4335
1.0586 1.1826 1.436
1.0935 1.1826 1.4449
1.1384 1.1826 1.4564
1.1857 1.1826 1.4685
1.2329 1.1826 1.4806
1.2801 1.1826 1.4927
1.3473 1.1912 1.4946
1.4401 1.2109 1.4833
1.5345 1.2313 1.4712
1.629 1.2517 1.4591
1.723 1.2719 1.4468
1.8083 1.2904 1.43
1.871 1.3039 1.4017
1.9182 1.3141 1.3654
1.9654 1.3243 1.3291
2.0127 1.3345 1.2929
2.0514 1.3428 1.2555
2.0589 1.3444 1.2141
2.0251 1.3372 1.1675
1.9779 1.327 1.1191
1.9306 1.3168 1.0708
1.8834 1.3066 1.0224
1.8248 1.2939 0.97406
1.7469 1.2771 0.9257
1.6539 1.257 0.87734
1.5594 1.2366 0.82898
1.4649 1.2163 0.78062
1.3705 1.1959 0.73226
1.276 1.1755 0.68953
1.1815 1.1551 0.65188
1.0871 1.1347 0.61561
0.99259 1.1143 0.57934
0.89812 1.0938 0.54326
0.80365 1.0723 0.50826
0.70918 1.0446 0.48071
0.61472 1.014 0.45653
0.52025 0.9834 0.43235
0.42578 0.95282 0.40817
0.33131 0.9212 0.38399
0.23684 0.88722 0.35981
0.14238 0.84748 0.33563
0.047909 0.80671 0.31145
-0.046559 0.76593 0.28727
-0.14103 0.72516 0.26309
-0.22316 0.69237 0.24206
-0.29101 0.66882 0.2247
-0.33825 0.65863 0.21261
-0.38548 0.64843 0.20052
-0.43272 0.63824 0.18843
-0.47995 0.62805 0.17634
-0.52718 0.61284 0.16425
-0.57442 0.59424 0.15216
-0.62165 0.57386 0.14007
-0.66888 0.55347 0.12798
-0.71572 0.53308 0.11589
-0.76129 0.51269 0.1038
-0.73435 0.4923 0.091706
-0.68712 0.47192 0.079616
-0.63988 0.45153 0.067526
-0.59265 0.43114 0.055436
-0.54541 0.41175 0.043346
-0.49818 0.39387 0.031256
-0.45095 0.38321 0.019166
-0.40371 0.37302 0.007076
-0.35648 0.36282 -0.005014
-0.30924 0.35263 -0.017104
-0.24952 0.34243 -0.03239
-0.17749 0.33224 -0.050829
-0.08302 0.32205 -0.075009
0.011448 0.31185 -0.099189
0.10592 0.30166 -0.12337
0.20038 0.29146 -0.14755
0.29485 0.28127 -0.16565
0.38932 0.27108 -0.18043
0.48379 0.26088 -0.19252
0.57825 0.25069 -0.20461
0.67272 0.24049 -0.2167
0.76719 0.2303 -0.22879
0.78485 0.21182 -0.24088
0.78873 0.19185 -0.25297
0.78873 0.17146 -0.26506
0.78873 0.15107 -0.27715
0.78506 0.13068 -0.29018
0.7763 0.1103 -0.30451
0.72907 0.089909 -0.32869
0.68184 0.069521 -0.35287
0.6346 0.049133 -0.37705
0.58737 0.028745 -0.40123
0.54014 0.0083565 -0.41933
0.4929 -0.012031 -0.43135
0.44567 -0.03242 -0.43135
0.39843 -0.052808 -0.43135
0.3512 -0.073196 -0.43135
0.30397 -0.093584 -0.43135
0.23326 -0.11904 -0.43135
0.15066 -0.14706 -0.43135
0.056196 -0.17764 -0.43135
-0.038272 -0.20822 -0.43135
-0.13274 -0.2388 -0.43135
-0.22721 -0.26939 -0.43135
-0.28319 -0.28336 -0.43135
-0.3341 -0.29514 -0.43135
-0.38134 -0.30533 -0.43135
-0.42857 -0.31553 -0.43135
-0.47775 -0.32614 -0.43135
-0.53381 -0.33824 -0.43135
-0.62828 -0.35863 -0.43135
-0.72275 -0.37902 -0.43135
-0.81722 -0.3994 -0.43135
-0.91168 -0.41979 -0.43135
-0.98518 -0.43792 -0.43671
-1.0327 -0.45324 -0.44874
-1.0327 -0.46343 -0.47292
-1.0327 -0.47362 -0.4971
-1.0327 -0.48382 -0.52128
-1.0327 -0.49401 -0.54546
-0.9878 -0.49936 -0.56964
-0.91831 -0.50206 -0.59382
-0.82384 -0.50206 -0.618
-0.72938 -0.50206 -0.64218
-0.63491 -0.50206 -0.66636
-0.5426 -0.50252 -0.69054
-0.48376 -0.51021 -0.71472
-0.43189 -0.51941 -0.7389
-0.38465 -0.5296 -0.76308
-0.33742 -0.5398 -0.78726
-0.29019 -0.54999 -0.81144
-0.24295 -0.56018 -0.83562
-0.19572 -0.57038 -0.8598
-0.14848 -0.58057 -0.88398
-0.10125 -0.59077 -0.90816
-0.054016 -0.60096 -0.93234
-0.015108 -0.61115 -0.95652
0.0081333 -0.62135 -0.9807
0.0081333 -0.63154 -1.0049
0.0081333 -0.64174 -1.0291
0.0081333 -0.65193 -1.0532
0.0081333 -0.66212 -1.0774
0.0081333 -0.67232 -1.1016
0.0081333 -0.68251 -1.1258
0.0081333 -0.69271 -1.15
0.0081333 -0.7029 -1.1741
0.0081333 -0.71309 -1.1983
0.0033 -0.72433 -1.2213
-0.028189 -0.74132 -1.2374
-0.07059 -0.76067 -1.2507
-0.11782 -0.78105 -1.2628
-0.16506 -0.80144 -1.2749
-0.21229 -0.82183 -1.287
-0.2727 -0.83938 -1.2923
-0.36219 -0.85064 -1.2828
-0.45592 -0.861 -1.2711
-0.55039 -0.87119 -1.259
-0.64485 -0.88138 -1.2469
-0.72853 -0.89158 -1.2362
-0.77247 -0.90177 -1.2306
-0.77247 -0.91197 -1.2306
-0.77247 -0.92216 -1.2306
-0.77247 -0.93235 -1.2306
-0.7754 -0.94318 -1.2302
-0.80854 -0.96053 -1.2259
-0.88019 -0.98619 -1.2168
-0.97466 -1.0168 -1.2047
-1.0691 -1.0473 -1.1926
-1.1636 -1.0779 -1.1805
-1.2446 -1.1056 -1.1701
-1.2844 -1.1244 -1.165
-1.2929 -1.1364 -1.164
-1.2929 -1.1466 -1.164
-1.2929 -1.1568 -1.164
-1.2929 -1.167 -1.164
-1.2929 -1.1739 -1.164
-1.2929 -1.1758 -1.164
-1.2929 -1.1759 -1.164
-1.2929 -1.1759 -1.164
-1.2929 -1.1759 -1.1639
-1.2929 -1.1759 -1.1635
-1.2929 -1.1759 -1.1565
-1.2929 -1.1759 -1.1444
-1.2929 -1.1759 -1.1324
-1.2929 -1.1759 -1.1203
-1.2906 -1.1759 -1.1088
-1.2782 -1.1759 -1.0998
-1.2407 -1.1759 -1.0974
-1.1934 -1.1759 -1.0974
-1.1462 -1.1759 -1.0974
-1.099 -1.1759 -1.0974
-1.0517 -1.1759 -1.0974
-1.0045 -1.1759 -1.0974
-0.95726 -1.1759 -1.0974
-0.91003 -1.1759 -1.0974
-0.86279 -1.1759 -1.0974
-0.81556 -1.1759 -1.0974
-0.76832 -1.1759 -1.093
-0.72109 -1.1759 -1.0842
-0.67386 -1.1759 -1.0721
-0.62662 -1.1759 -1.06
-0.57939 -1.1759 -1.0479
-0.53216 -1.1759 -1.0358
-0.54361 -1.1823 -1.0238
-0.58685 -1.192 -1.0117
-0.63408 -1.2022 -0.99958
-0.68131 -1.2124 -0.98749
-0.72627 -1.2221 -0.9754
-0.76522 -1.2305 -0.96331
-0.77247 -1.2321 -0.95122
-0.77247 -1.2321 -0.93913
-0.77247 -1.2321 -0.92704
-0.77247 -1.2321 -0.91495
-0.77247 -1.2321 -0.90075
-0.77247 -1.2321 -0.88378
-0.77247 -1.2321 -0.8598
-0.77247 -1.2321 -0.83562
-0.77247 -1.2321 -0.81144
-0.77247 -1.2321 -0.78726
-0.80771 -1.2359 -0.76308
-0.87191 -1.2428 -0.7389
-0.96638 -1.253 -0.71472
-1.0608 -1.2632 -0.69054
-1.1553 -1.2734 -0.66636
-1.2498 -1.2836 -0.64218
-1.3138 -1.2938 -0.62578
-1.3658 -1.304 -0.61248
-1.413 -1.3142 -0.60039
-1.4603 -1.3244 -0.5883
-1.5075 -1.3339 -0.57621
-1.5547 -1.3423 -0.56412
-1.602 -1.3339 -0.55203
-1.6492 -1.3237 -0.53994
-1.6964 -1.3135 -0.52785
-1.7437 -1.3033 -0.51576
-1.7752 -1.2948 -0.50167
-1.7884 -1.2883 -0.48522
-1.7412 -1.2883 -0.46104
-1.6939 -1.2883 -0.43686
-1.6467 -1.2883 -0.41268
-1.5995 -1.2883 -0.3885
-1.5522 -1.2807 -0.37781
-1.505 -1.2675 -0.37705
-1.4578 -1.2471 -0.38914
-1.4105 -1.2267 -0.40123
-1.3633 -1.2063 -0.41332
-1.3161 -1.186 -0.42541
-1.2074 -1.1722 -0.44535
-1.0791 -1.1606 -0.46783
-0.93737 -1.1504 -0.49201
-0.79567 -1.1402 -0.51619
-0.65397 -1.13 -0.54037
-0.51227 -1.1198 -0.56455
