0.97411 0.68467 1.5512
0.97411 0.68467 1.5512
0.97411 0.68467 1.5512
0.97411 0.68467 1.5512
0.97411 0.68467 1.5512
0.97411 0.68467 1.5512
0.97411 0.68467 1.5512
0.97411 0.68467 1.5512
0.97411 0.68467 1.5512
0.97411 0.68467 1.5512
0.97411 0.68467 1.5512
0.97411 0.68467 1.5512
0.97411 0.68467 1.5512
0.97411 0.68467 1.5512
0.97411 0.68467 1.5512
0.97411 0.68467 1.5512
0.97411 0.68467 1.5512
0.97411 0.68467 1.5512
0.97411 0.68467 1.5512
0.97411 0.68467 1.5512
0.97411 0.68467 1.5512
0.97411 0.68467 1.5512
0.97411 0.68467 1.5512
0.97411 0.68467 1.5512
0.97411 0.68467 1.5512
0.97411 0.68467 1.5512
0.97411 0.68467 1.5512
0.97411 0.68467 1.5512
0.97411 0.68467 1.5512
0.97411 0.68467 1.5512
0.97411 0.68467 1.5512
0.97411 0.68467 1.5512
0.97411 0.68467 1.5512
0.97411 0.68467 1.5512
0.97411 0.68467 1.5512
0.97411 0.68467 1.5512
0.97411 0.68467 1.5512
0.97411 0.68467 1.5512
0.97411 0.68467 1.5512
0.97411 0.68467 1.5512
0.97411 0.68467 1.5512
0.97411 0.68467 1.5512
0.97411 0.68467 1.5512
1.0115 0.69794 1.5451
1.057 0.71412 1.5377
1.1166 0.73527 1.5281
1.1915 0.76188 1.5159
1.2664 0.78848 1.5038
1.3414 0.81509 1.4916
1.4163 0.84169 1.4795
1.4331 0.84767 1.4767
1.4346 0.84819 1.4765
1.4354 0.84848 1.4764
1.4354 0.84848 1.4764
1.4354 0.84848 1.4764
1.4354 0.84848 1.4764
1.4354 0.84848 1.4764
1.4354 0.84848 1.4764
1.4354 0.84848 1.4764
1.4354 0.84848 1.4764
1.4354 0.84848 1.4764
1.4354 0.84848 1.4764
1.4354 0.84848 1.4764
1.4354 0.84848 1.4764
1.4354 0.84848 1.4764
1.4354 0.84848 1.4764
1.4354 0.84848 1.4764
1.4354 0.84848 1.4764
1.4354 0.84848 1.4764
1.4354 0.84848 1.4764
1.4354 0.84848 1.4764
1.4354 0.84848 1.4764
1.4354 0.84848 1.4764
1.4448 0.8552 1.4736
1.4713 0.87398 1.466
1.4982 0.89308 1.4583
1.5544 0.93299 1.442
1.6106 0.9729 1.4258
1.6667 1.0128 1.4096
1.7229 1.0527 1.3934
1.7688 1.0945 1.3694
1.7934 1.14 1.3293
1.818 1.1855 1.2891
1.8368 1.232 1.2446
1.8555 1.2786 1.2001
1.8665 1.3242 1.1561
1.8731 1.3694 1.1124
1.8665 1.4129 1.0696
1.8291 1.4528 1.0291
1.7916 1.4927 0.98859
1.7542 1.5327 0.94807
1.7167 1.5726 0.90756
1.6523 1.6125 0.86558
1.5707 1.6524 0.82268
1.4809 1.6923 0.77934
1.3685 1.7322 0.73477
1.2562 1.7721 0.6902
1.1438 1.812 0.64563
1.0314 1.8519 0.60107
0.89807 1.8732 0.54064
0.7497 1.8812 0.46882
0.60098 1.8888 0.39674
0.45114 1.8955 0.32381
0.3013 1.9021 0.25088
0.16265 1.9068 0.18158
0.025294 1.9112 0.1127
-0.098267 1.9132 0.048303
-0.21065 1.9132 -0.012471
-0.32303 1.9132 -0.073245
-0.4354 1.9132 -0.13402
-0.54778 1.9132 -0.19479
-0.61438 1.8766 -0.25061
-0.67388 1.8344 -0.30567
-0.72186 1.7829 -0.35948
-0.75932 1.7231 -0.41215
-0.79599 1.6631 -0.46425
-0.82904 1.6027 -0.51374
-0.8621 1.5423 -0.56324
-0.85187 1.4768 -0.58152
-0.83314 1.4103 -0.59367
-0.81441 1.3438 -0.60583
-0.79568 1.2773 -0.61798
-0.77191 1.2117 -0.62932
-0.71939 1.1512 -0.63599
-0.66687 1.0906 -0.64267
-0.5812 1.036 -0.64396
-0.48755 0.98281 -0.64396
-0.3939 0.9296 -0.64396
-0.30026 0.87639 -0.64396
-0.23239 0.82383 -0.64277
-0.35469 0.7761 -0.63276
-0.47698 0.72836 -0.62275
-0.63519 0.68154 -0.61107
-0.80376 0.63498 -0.59892
-0.96915 0.59068 -0.58814
-1.1304 0.54933 -0.57916
-1.2889 0.50991 -0.57135
-1.42 0.48995 -0.5754
-1.5511 0.47 -0.57945
-1.6822 0.45004 -0.58351
-1.8133 0.43009 -0.58756
-1.923 0.41166 -0.59532
-2.0008 0.39549 -0.60859
-2.0763 0.37949 -0.62227
-2.1137 0.36619 -0.64253
-2.1512 0.35288 -0.66279
-2.1887 0.33958 -0.68305
-2.2261 0.32628 -0.70331
-2.1847 0.2756 -0.73779
-2.0106 0.16214 -0.79618
-1.8361 0.048484 -0.85464
-1.6488 -0.071241 -0.91542
-1.4615 -0.19097 -0.97619
-1.3146 -0.28634 -1.0213
-1.186 -0.37059 -1.0592
-1.1016 -0.4282 -1.0799
-1.1016 -0.43485 -1.0677
-1.1016 -0.4415 -1.0556
-1.1016 -0.44815 -1.0434
-1.1016 -0.4548 -1.0312
-1.1185 -0.46445 -1.0227
-1.1442 -0.47567 -1.0161
-1.1736 -0.48754 -1.0104
-1.211 -0.50084 -1.0063
-1.2485 -0.51415 -1.0022
-1.2828 -0.52707 -0.99843
-1.3169 -0.53998 -0.99462
-1.3179 -0.54897 -0.99319
-1.2992 -0.55562 -0.99319
-1.2805 -0.56227 -0.99319
-1.2617 -0.56892 -0.99319
-1.243 -0.57557 -0.99319
-1.2319 -0.58492 -0.99484
-1.2212 -0.59444 -0.99658
-1.2169 -0.60622 -0.99971
-1.2169 -0.61952 -1.0038
-1.2169 -0.63283 -1.0078
-1.2169 -0.64613 -1.0119
-1.2169 -0.65943 -1.0159
-1.1895 -0.67274 -1.017
-1.1594 -0.68604 -1.0178
-1.1251 -0.69934 -1.0181
-1.0876 -0.71264 -1.0181
-1.0509 -0.72595 -1.0183
-1.0168 -0.73925 -1.019
-0.98262 -0.75255 -1.0197
-0.96204 -0.76585 -1.0234
-0.94331 -0.77916 -1.0274
-0.92458 -0.79246 -1.0315
-0.90585 -0.80576 -1.0355
-0.88513 -0.81836 -1.0396
-0.85612 -0.82801 -1.0436
-0.8271 -0.83766 -1.0477
-0.7909 -0.84476 -1.0517
-0.75344 -0.85141 -1.0558
-0.71598 -0.85806 -1.0598
-0.67852 -0.86471 -1.0639
-0.64107 -0.87136 -1.0655
-0.60361 -0.87802 -1.0546
-0.56615 -0.88467 -1.0437
-0.52869 -0.89132 -1.0318
-0.49123 -0.89797 -1.0196
-0.4564 -0.90369 -1.0064
-0.42445 -0.90838 -0.99182
-0.39427 -0.91245 -0.97651
-0.37554 -0.91245 -0.95625
-0.35681 -0.91245 -0.93599
-0.33808 -0.91245 -0.91574
-0.31935 -0.91245 -0.89548
-0.3118 -0.91443 -0.87159
-0.31805 -0.91887 -0.84323
-0.3256 -0.92353 -0.81445
-0.34433 -0.93018 -0.78203
-0.36306 -0.93683 -0.74962
-0.38179 -0.94329 -0.71769
-0.40052 -0.94968 -0.68592
-0.41925 -0.9534 -0.66065
-0.43797 -0.9534 -0.64444
-0.4567 -0.9534 -0.62823
-0.47543 -0.9534 -0.61203
-0.49416 -0.9534 -0.59582
-0.50161 -0.9554 -0.58205
-0.50492 -0.95814 -0.56918
-0.49967 -0.9624 -0.55816
-0.48094 -0.96905 -0.55006
-0.46221 -0.9757 -0.54196
-0.44348 -0.98235 -0.53385
-0.42475 -0.989 -0.52575
-0.40602 -0.99565 -0.52434
-0.38729 -1.0023 -0.52577
-0.36856 -1.009 -0.52813
-0.34983 -1.0156 -0.53219
-0.33102 -1.0222 -0.53626
-0.30641 -1.0279 -0.54158
-0.28181 -1.0335 -0.5469
-0.23599 -1.0353 -0.55681
-0.1798 -1.0353 -0.56897
-0.12361 -1.0353 -0.58112
-0.067418 -1.0353 -0.59328
-0.011228 -1.0353 -0.60543
0.035194 -1.0353 -0.61759
0.081467 -1.0353 -0.62974
0.12208 -1.0353 -0.6419
0.15954 -1.0353 -0.65405
0.197 -1.0353 -0.66621
0.23446 -1.0353 -0.67836
0.27192 -1.0353 -0.69052
0.26097 -1.041 -0.6922
0.24775 -1.047 -0.69339
0.23116 -1.0534 -0.69385
0.21243 -1.0601 -0.69385
0.1937 -1.0667 -0.69385
0.17497 -1.0734 -0.69385
0.15624 -1.08 -0.69385
0.13751 -1.0867 -0.69385
0.11878 -1.0933 -0.69385
0.10005 -1.1 -0.69385
0.081319 -1.1066 -0.69385
0.065484 -1.1112 -0.69197
0.058873 -1.1093 -0.68411
0.052263 -1.1073 -0.67624
0.051572 -1.1012 -0.66454
0.051572 -1.0945 -0.65238
0.051166 -1.0879 -0.6401
0.050432 -1.0814 -0.6277
0.042023 -1.0763 -0.61282
0.0045636 -1.0763 -0.58851
-0.032896 -1.0763 -0.5642
-0.070356 -1.0763 -0.53989
-0.10782 -1.0763 -0.51558
-0.14911 -1.0776 -0.49293
-0.19392 -1.0802 -0.4718
-0.24076 -1.0836 -0.45155
-0.29695 -1.0902 -0.43535
-0.35314 -1.0969 -0.41914
-0.40933 -1.1035 -0.40293
-0.46552 -1.1102 -0.38673
-0.5076 -1.1118 -0.37357
-0.53514 -1.1083 -0.36356
-0.56137 -1.1043 -0.35384
-0.5801 -1.0976 -0.34573
-0.59883 -1.091 -0.33763
-0.61549 -1.0843 -0.33132
-0.63165 -1.0777 -0.32544
-0.64033 -1.071 -0.32603
-0.64033 -1.0644 -0.33414
-0.64033 -1.0577 -0.34224
-0.64033 -1.0511 -0.35034
-0.64033 -1.0444 -0.35844
-0.62551 -1.0404 -0.36815
-0.60641 -1.0372 -0.37832
-0.57937 -1.0353 -0.38935
-0.54191 -1.0353 -0.4015
-0.50445 -1.0353 -0.41366
-0.46699 -1.0353 -0.42581
-0.42953 -1.0353 -0.43797
-0.39207 -1.0265 -0.45279
-0.35461 -1.0148 -0.46852
-0.31715 -1.0024 -0.48444
-0.27969 -0.98913 -0.50065
-0.2428 -0.97593 -0.51673
-0.21489 -0.96432 -0.53087
-0.18698 -0.95272 -0.54501
-0.17906 -0.94466 -0.55483
-0.17906 -0.93801 -0.56293
-0.17906 -0.93136 -0.57103
-0.17906 -0.92471 -0.57914
-0.17871 -0.91818 -0.58716
-0.16696 -0.9157 -0.59273
-0.15521 -0.91322 -0.59829
-0.13866 -0.91245 -0.60281
-0.11993 -0.91245 -0.60686
-0.1012 -0.91245 -0.61091
-0.082475 -0.91245 -0.61497
-0.063745 -0.91245 -0.61902
