-0.9375 -3.3906 0.56388 0.27229 0.084269 0.46593 0.20043 0.87517 0.39479 0.080263 0.12283 0.077258 -0.17713
2.0908 -1.6773 0.56576 0.11568 -1.8113 -1.4779 -0.16579 0.21171 0.65745 -1.0459 -0.14177 -0.16828 0.03715
2.9212 -1.9423 -0.11922 -0.84578 -1.6042 -1.4624 -0.50441 0.66244 0.44309 -0.90247 -0.35712 0.067154 -0.63696
3.2577 -2.446 -0.21285 -1.0444 -1.6509 -1.5573 -0.12619 0.70275 0.18125 -0.97925 -0.41573 -0.35449 -0.27244
3.1882 -1.8116 -0.79789 -1.0174 -1.6623 -1.2471 -0.20008 0.39284 0.47571 -1.2513 -0.2235 -0.55153 -0.21238
2.7786 -2.1026 -0.30222 -1.0554 -1.3038 -1.5206 -0.24111 0.27729 0.62967 -0.81018 -0.43512 -0.52387 -0.091403
1.4088 -1.9304 0.62867 -0.30107 -1.1122 -1.5459 -0.35548 -0.41261 0.7862 -0.43958 -0.4825 -0.53522 0.27798
0.45016 -2.4006 0.98777 0.31279 -0.28114 -0.23453 -0.28563 -1.2371 -0.018112 -0.62287 -0.28778 -0.081637 -0.3811
0.45026 -2.2889 1.1939 0.55606 -0.1065 -0.15026 -0.48256 -1.5424 0.24294 -0.55157 -0.36706 0.024574 -0.61407
0.38727 -2.3518 1.4058 0.96196 0.011623 -0.38968 -0.92645 -1.7357 0.34039 -0.28153 -0.044113 0.1294 -0.82622
0.53936 -2.2814 1.6928 1.1462 -0.12693 -0.26757 -0.85986 -2.1362 0.25424 -0.60857 -0.12028 0.26194 -0.80786
0.533 -2.3905 1.756 1.4857 0.31181 -0.36778 -1.2978 -2.0726 0.52936 -0.37872 -0.6016 -0.054538 -0.67822
0.70022 -2.0591 1.9826 1.1871 -0.1456 -0.23134 -0.84899 -2.372 0.41064 -0.63183 -0.22884 0.37594 -0.58575
0.76598 -2.2171 1.5358 0.9737 0.015804 -0.2813 -0.72441 -1.8268 -0.012066 -0.63749 -0.13393 0.19286 -0.15421
0.86948 -1.8684 1.5217 0.45709 -0.64435 -0.5921 -0.4637 -1.7428 0.33571 -0.62312 -0.091579 -0.081898 -0.57233
2.0989 -1.6861 -0.33968 -1.0682 -1.33 -1.449 -0.16004 -0.39748 0.69636 -0.91124 -0.42687 -0.6234 0.20256
2.838 -2.2159 -0.40299 -1.7187 -1.4457 -1.021 -0.1016 0.32304 0.52512 -1.2517 -0.72496 -0.1103 -0.079432
3.1496 -2.551 -0.67949 -1.3834 -1.5922 -1.0327 0.017318 0.57866 -0.012 -1.3983 -0.3432 -0.28712 -0.015143
3.2853 -2.3969 -0.63578 -1.3528 -1.6809 -0.9135 0.03821 0.42551 0.035445 -1.3812 -0.28922 -0.24586 -0.20954
3.2267 -2.6841 -0.74664 -1.6157 -1.8658 -0.95582 -0.42053 0.26719 -0.08932 -1.3415 -0.63296 -0.37432 -0.41584
3.1309 -2.4423 -0.44846 -1.4803 -1.6125 -0.71378 -0.22838 0.38974 0.1361 -1.1682 -0.36988 -0.36938 -0.32674
3.2431 -2.488 -0.46362 -1.4551 -1.5072 -0.83369 -0.24442 0.48056 0.17681 -0.96666 -0.37645 -0.50314 -0.54187
3.1831 -2.6816 -0.14588 -1.2512 -1.8232 -1.0881 -0.12811 0.73185 -0.028334 -0.9586 -0.10773 -0.5284 -0.63496
2.7185 -2.142 -0.16334 -1.0744 -1.7894 -1.5317 -0.44474 0.58338 0.45154 -1.0968 -0.056093 -0.73994 -0.6937
2.0995 -2.463 0.80256 -0.41175 -1.7081 -1.6566 -0.66918 0.11022 0.5539 -0.6479 -0.17005 -0.56249 -0.35964
0.74172 -2.0059 0.91389 0.058939 -0.70876 -1.1867 -0.75579 -0.92837 0.54898 -0.26716 -0.29511 -0.17546 -0.29042
0.091971 -2.4552 1.3573 0.9691 -0.32483 -0.29777 -0.44321 -1.1621 0.54266 -0.5862 -0.92986 -0.59968 -0.36946
0.11641 -2.7028 0.90595 0.47769 -0.2973 -0.127 -0.28022 -1.3325 -0.40999 -0.83547 -0.31225 -0.20492 -0.69902
0.038387 -2.5562 1.3963 1.2858 0.40085 0.1489 -0.86207 -1.8232 0.33363 -0.62795 -0.75455 0.18698 -0.59314
0.035845 -2.6257 0.9798 0.70491 0.06351 0.044211 -0.379 -1.1986 -0.038843 -0.65781 -0.5599 -0.13521 -0.59039
-0.068141 -2.6643 1.2633 1.1219 0.39824 0.0027918 -1.1137 -1.9492 0.22833 -0.61435 -0.73963 0.31859 -0.55982
-0.043017 -2.6559 0.90243 0.70233 0.23059 0.086721 -0.55134 -1.3311 -0.10049 -0.67581 -0.54946 0.085921 -0.50934
0.0036898 -2.4016 1.6926 1.5848 0.52175 0.025572 -1.2467 -2.0395 0.90766 -0.19711 -0.75824 0.3332 -0.77532
0.086849 -2.6876 1.0827 0.89153 0.29654 0.020686 -0.89487 -1.8126 -0.11354 -0.60554 -0.26329 0.42807 -0.65822
0.25153 -2.4432 1.4626 0.9668 -0.21949 -0.49032 -0.76079 -1.5751 0.17548 -0.28562 -0.3575 0.057171 -0.28068
0.48315 -2.1752 1.4613 0.4231 -0.89945 -0.57328 -0.19346 -1.6017 -0.018771 -0.70951 -0.13188 -0.20456 -0.66043
0.76626 -2.7849 1.6029 1.3663 -0.74167 -0.84404 -1.2797 -0.96088 0.33889 -0.38353 -0.41171 -0.55246 -0.47763
0.85743 -2.5435 1.5325 0.35018 -1.3213 -0.5228 -0.81047 -1.007 -0.46566 -0.37157 -0.40335 -0.17531 -0.45974
1.1807 -2.8626 1.8797 0.92966 -1.3713 -0.92816 -0.98213 -0.53833 -0.12881 -0.47521 -0.046893 -0.43588 -0.35599
1.3148 -2.7069 1.6362 0.37356 -1.8677 -0.68044 -0.80467 -0.83473 -0.35852 -0.35942 -0.048069 -0.41084 -0.36276
1.6708 -2.9345 1.2434 0.29054 -1.8923 -1.0584 -0.8603 -1.0483 0.0096158 -0.43787 0.073362 -0.57524 -0.38058
1.9605 -2.5206 1.0044 0.13083 -2.5446 -0.98334 -0.30053 -1.1174 -0.008437 -0.071325 -0.025674 -1.1028 -0.17885
2.0949 -2.5503 0.61895 -0.32872 -2.4344 -1.2599 -0.021634 -0.49562 -0.29976 -0.51655 0.20635 -0.96967 -0.57657
2.1533 -2.3015 0.065176 -1.1894 -1.7966 -1.2985 -0.37936 -0.25484 0.30755 -1.1813 -0.53419 -0.58665 -0.56515
2.6384 -2.6843 -0.74485 -1.1897 -1.6333 -1.141 -0.26975 0.1262 0.035138 -1.3362 -0.59639 -0.53205 -0.28852
2.8735 -2.29 -1.259 -1.7501 -1.2613 -0.61348 -0.079356 -0.34181 0.55038 -1.4868 -1.0347 -0.28071 -0.098927
2.9919 -2.2925 -1.6111 -2.0114 -0.87877 -0.33434 0.14778 -0.52595 0.22589 -1.0519 -0.57707 -1.1537 0.36474
2.999 -2.3283 -1.3426 -2.4083 -0.81294 0.37136 0.087203 -0.85308 0.27676 -0.79671 -0.90817 -0.88686 0.022242
2.9257 -2.2781 -1.3845 -2.6175 -0.49729 0.28815 -0.16889 -0.71569 0.25968 -0.88834 -0.964 -0.56869 -0.1635
2.7375 -2.2261 -1.4 -2.3763 -0.56031 0.43374 0.060778 -0.82484 0.13533 -0.80542 -0.72976 -0.86033 -0.040545
2.3428 -1.8936 -1.0406 -2.951 0.11979 0.51998 0.041836 -0.73961 0.084035 -0.49589 -0.98882 -0.55967 -0.2417
1.9865 -2.2827 -1.1142 -2.6258 -0.40797 0.2603 0.46378 -0.62319 0.084199 -0.35383 -0.65198 -0.75023 -0.14932
1.9029 -2.0687 -1.337 -2.7382 -0.43762 0.12982 0.26436 -0.70366 0.21602 -0.25874 -0.69741 -0.44621 -0.016242
1.1005 -2.6869 -1.4261 -2.663 -0.27431 -0.26604 -0.27296 -0.43294 -0.46028 -0.61395 -0.87667 -0.3937 -0.2221
-0.27044 -2.702 -0.37623 -1.615 0.057031 -0.13147 0.28129 -0.013362 0.15762 -0.44272 -0.9573 -0.595 0.14531
