0.17766 -1.3745 2.0741 0.92203 -0.49655 -0.86792 -0.37987 -0.98109 1.083 -0.45468 -0.19026 0.15054 0.11825
0.18789 -1.5989 2.0772 0.61024 -0.9342 -0.303 0.59525 -0.4017 1.079 -0.58909 -0.50898 -0.31764 0.11833
0.2507 -1.9646 1.3431 0.38799 0.004909 -0.41145 0.24512 0.15696 0.78305 -0.25761 -0.62569 -0.77362 -0.62302
0.372 -1.8213 1.652 0.68451 -0.37884 -0.58956 -0.040686 -0.358 1.3715 -0.0081174 -0.36443 -0.56185 -0.42938
0.42635 -1.4939 1.8736 0.50159 -0.5047 -0.79494 -0.027094 -0.59885 1.2021 -0.0049135 -0.19734 -0.52685 -0.070027
-0.00074559 -1.7933 1.9844 1.2297 -0.40848 -0.58232 -0.081993 -0.35274 1.4847 -0.42346 -0.73341 -0.3849 -0.24672
0.21383 -1.7559 1.7884 1.0768 0.43538 0.11975 -0.058637 -0.80904 0.79497 -0.7346 -1.1363 -0.57319 -0.74739
0.22291 -1.794 1.9525 1.4223 0.5029 -0.027854 -0.45083 -0.82576 1.1442 -0.25081 -0.849 -0.24627 -0.4077
0.43068 -1.4387 1.9218 1.3086 0.56231 -0.1333 -0.27314 -0.98014 0.92982 -0.55254 -0.7653 -0.20531 -0.74342
0.51965 -1.4386 2.1141 1.2703 0.28452 -0.037678 -0.12745 -1.1897 0.80746 -0.62848 -1.0055 -0.015115 -0.24273
0.54285 -1.4852 1.9893 1.3813 0.257 -0.085407 -0.11255 -1.1071 0.84725 -0.7115 -0.87374 -0.16845 -0.53641
0.61263 -1.3714 2.3992 1.6437 -0.067296 -0.46893 -0.43254 -1.268 0.81352 -0.6538 -0.63502 -0.38949 -0.55083
0.87251 -1.1528 1.925 0.46739 -0.24149 -0.35949 0.19934 -0.70532 0.51869 -0.91773 -0.85478 -0.25384 -0.019559
1.215 -1.168 1.0404 -0.5907 -0.12455 -0.32632 -0.061337 0.18298 0.88534 -0.44774 -0.61623 -0.54504 -0.28679
1.6434 -1.36 0.93753 -0.35269 -1.1647 -0.55671 0.37561 0.26705 0.69773 -0.53791 -0.20558 -0.49062 -0.034642
1.6379 -1.4015 0.77644 -0.56836 -0.92045 -0.57981 0.47094 0.28094 0.51646 -0.66764 -0.30748 -0.19148 -0.19661
1.679 -1.1122 0.44335 -0.53715 -0.83288 -0.87178 0.51368 0.015502 0.80503 -0.60471 -0.33463 -0.16094 -0.48899
1.6982 -1.3176 1.0347 -0.62809 -1.2415 -0.73673 0.36823 0.22466 0.40291 -0.41526 -0.29836 -0.10288 -0.53472
1.7349 -0.9709 0.81187 -0.51756 -1.1121 -1.2505 0.60946 0.59495 0.53611 -1.0204 -0.063226 -0.092225 -0.59211
1.8234 -1.2166 0.93161 -0.73528 -1.1044 -1.0539 0.1716 0.8087 0.41951 -0.91043 0.095901 -0.09856 -0.87476
1.9407 -1.1304 0.66912 -0.98389 -0.63535 -0.91591 -0.21881 0.79151 0.40434 -0.53778 -0.31925 -0.023752 -0.5679
1.8174 -1.5103 1.1517 -0.46215 -1.3099 -0.72852 0.12643 0.45178 0.26162 -0.63362 -0.19067 -0.31898 -0.46899
1.1314 -1.4803 1.5106 -0.19757 -0.54442 -1.0486 -0.23206 0.31111 -0.12405 -0.59476 -0.33429 -0.54773 -0.67818
0.63548 -1.9346 1.676 1.141 0.048527 -0.42297 -0.38247 -0.56711 0.63905 -0.89602 -0.97849 -0.37024 -0.67533
0.80565 -1.303 2.1683 1.368 0.51961 -0.28915 -0.90497 -1.7848 0.96192 -0.87265 -0.92352 0.25887 -0.92632
0.87751 -1.2299 2.2337 1.1179 0.27865 0.018354 -0.64243 -2.1077 0.49163 -1.139 -0.75497 0.57629 -0.40115
0.92581 -1.3414 2.0078 1.0362 0.33867 -0.43061 -0.73275 -1.6723 0.29902 -0.97025 -0.74893 0.14326 -0.19874
1.0081 -1.2351 2.5109 1.4481 0.2102 -0.50581 -0.67062 -2.1529 0.31899 -1.1111 -0.66585 0.1921 -0.13151
0.99958 -1.2608 2.7101 1.2368 -0.24845 -0.66593 -0.76617 -1.8404 0.60768 -1.1279 -0.92429 -0.0085951 -0.32158
1.477 -2.0667 2.6367 0.60335 -1.1121 -1.0734 -0.32935 -1.2816 -0.058053 -0.22727 -0.2747 -0.22177 -0.71384
1.4639 -1.4919 1.8861 1.3153 -1.1859 -1.1072 -0.11069 -1.3533 -0.75414 -0.30548 -0.0079895 -0.51475 -0.16484
1.2732 -1.1768 2.2097 0.6531 -0.99906 -1.2426 -0.26579 -0.92126 -0.43796 -1.0443 -0.13468 -0.21519 -0.015926
1.2155 -1.0307 2.4181 0.57644 -0.79775 -1.2121 -0.59375 -1.1629 0.017752 -0.92253 -0.42211 -0.083299 0.037457
1.1491 -0.94918 2.7577 0.26732 -0.8889 -1.0596 -0.25001 -1.4185 -0.26734 -0.52051 -0.469 0.033379 -0.22335
1.1117 -1.6597 2.5916 1.3312 -0.8148 -0.97626 -0.6251 -1.2713 -0.28193 -0.67744 -0.19765 0.070587 -0.30657
1.1296 -1.7738 2.9065 1.004 -1.1525 -0.69385 -0.6351 -1.1311 -0.39515 -0.34398 -0.39068 -0.29731 -0.12787
1.1135 -1.6703 2.3781 1.2498 -1.1816 -0.63906 -0.69497 -1.224 -0.54572 -0.37179 0.015116 -0.5647 0.19059
1.2797 -2.0599 2.3622 1.2921 -1.3611 -0.99397 -0.5771 -0.83542 -0.49582 -0.29882 -0.23966 -0.14165 -0.29909
1.4239 -1.8188 2.1394 0.85477 -1.5474 -1.3127 -0.44161 -1.1091 -0.20823 0.0104 -0.32248 -0.11724 -0.45711
1.4433 -1.0331 1.806 0.53468 -1.6094 -1.7267 -0.066365 -0.47113 -0.46708 -0.74087 0.5814 -0.31836 -0.24698
1.4255 -1.0384 1.1696 0.20389 -1.5131 -1.5747 0.3623 -0.20487 -0.52197 -0.70681 0.50931 -0.55279 -0.09164
1.2489 -1.4014 1.1042 0.10373 -1.2342 -1.6339 0.55684 -0.13457 -0.16966 -0.81733 -0.10961 -0.68525 -0.48331
1.3202 -1.6223 0.51312 -0.58585 -1.2109 -0.99445 0.41852 -0.1461 -0.12494 -0.9335 -0.63168 -0.91376 -0.32931
1.3335 -1.3862 0.32894 -0.8907 -0.83019 -0.93287 0.72071 -0.28877 0.27268 -1.0377 -0.72011 -0.95012 -0.31489
1.3123 -1.3192 0.3609 -1.3967 -0.16411 -0.61426 0.39913 0.062158 0.4185 -0.91357 -1.394 -0.84391 -0.056339
1.0376 -1.3259 0.58457 -1.1887 -0.73471 -0.54821 0.75774 -0.19026 0.58186 -1.1633 -0.94514 -0.99401 -0.094033
0.92522 -1.7907 0.64959 -0.76571 -0.85707 -0.34312 0.76765 -0.378 0.8681 -0.86097 -1.3649 -1.2315 0.15106
0.41937 -2.2564 0.88676 -0.79262 -0.94422 -0.33175 1.0974 -0.095995 0.28234 -0.94182 -0.74594 -1.1536 -0.22002
