2.6425 -2.1914 0.26363 -0.52997 -0.60317 -1.0402 -0.47351 -0.4092 0.78323 -0.12049 -0.57043 -0.3513 -0.056888
3.2016 -2.3706 -0.034833 -0.55707 -0.94133 -1.5677 -0.8225 -0.19723 0.70243 -0.28466 -0.68679 -0.76844 0.28633
2.9813 -2.2363 -0.29079 -0.42927 -0.39114 -1.4203 -0.50525 -0.31672 0.43433 -0.022859 -0.8075 -0.49612 -0.23646
2.9696 -2.113 0.020698 -0.2383 -0.52488 -1.4569 -0.69894 -0.43364 0.67252 -0.1442 -0.84744 -0.63128 0.09178
2.711 -1.8274 -0.11119 -0.11106 -0.41531 -1.0818 -0.61376 -0.83209 0.48934 -0.13626 -0.46913 -0.51707 -0.27439
2.5519 -1.8007 0.6055 0.32167 -0.59774 -0.99881 -0.4502 -0.8397 0.71513 -0.51646 -0.60251 -0.71059 -0.10383
2.405 -1.7473 1.4695 0.52806 -0.34402 -0.25598 -0.58505 -1.5498 0.52424 -0.62841 -0.67562 -0.35267 -0.10812
2.8474 -2.149 1.9339 1.612 0.19154 -0.13079 -0.66878 -1.9639 -0.28487 -0.90609 -0.36722 -0.18662 0.022228
3.217 -1.8257 1.6983 1.5164 0.26685 -0.22796 -0.46959 -2.095 -0.51366 -1.0139 -0.4863 -0.27768 0.017518
3.2661 -1.8975 1.7756 1.6123 0.45525 -0.30472 -0.55606 -2.06 -0.73959 -0.90341 -0.27341 -0.2831 0.22194
3.295 -1.8591 1.6709 1.1986 -0.011154 -0.85459 -0.62324 -1.905 -0.35592 -0.69037 -0.39343 -0.51454 0.10233
3.3094 -1.7738 1.1665 0.92214 0.037626 -1.3844 -0.80241 -1.9626 -0.50614 -0.41534 -0.13057 -0.64644 -0.20804
3.4821 -2.0796 1.2487 0.33605 -0.49862 -1.4776 -1.1121 -1.7667 -0.22403 -0.26449 -0.4199 -0.38952 0.0595
3.5148 -1.6236 0.69449 -0.17976 -0.64997 -1.8624 -1.2519 -1.4443 0.46019 -0.45422 -0.29274 -0.43787 -0.10512
3.635 -1.8091 0.19436 -0.50942 -0.86745 -1.8836 -1.0162 -1.1283 0.051979 -0.25238 -0.65781 -0.52647 0.2506
3.644 -2.0302 -0.15585 -0.49322 -1.024 -2.3422 -0.72371 -0.6779 -0.018983 -0.42558 -0.95405 -0.51965 0.37917
3.5099 -1.963 -0.014121 -0.53009 -1.1724 -2.0395 -0.57855 -0.74311 -0.035268 -0.44075 -0.5617 -0.49523 0.0045941
3.5904 -2.2397 0.43157 -0.77953 -1.1469 -1.7998 -0.73077 -0.31994 0.23674 -0.78955 -0.74108 -0.34525 0.33138
3.6237 -2.2385 0.57548 -0.21465 -1.3579 -2.3887 -0.37956 -0.11724 -0.057229 -0.71595 -0.79629 -0.49777 0.55269
3.5437 -2.3142 0.5213 -0.17817 -1.2473 -2.2814 -0.58592 -0.31679 -0.088306 -0.7435 -0.77061 -0.61025 0.38159
3.2871 -1.8945 0.53664 -0.00022031 -0.71785 -1.6411 -0.98899 -0.89624 0.097802 -0.88813 -0.41493 -0.11159 0.036841
3.0654 -2.0178 1.3722 1.2773 0.049308 -0.72374 -0.60773 -1.6045 -0.50978 -1.1936 -0.48501 0.016216 0.030764
3.4805 -1.7619 1.863 1.8135 -0.073486 -0.5807 -0.40735 -2.4813 -0.4376 -1.1301 -0.11168 -0.079099 0.14783
3.5406 -1.6129 2.4286 1.4275 -0.0045477 -0.12427 -0.20016 -2.8682 -0.51199 -0.96957 -0.36207 -0.062711 0.14794
3.5321 -1.7034 2.5913 1.6492 -0.070534 -0.21119 -0.44913 -2.9965 -0.42601 -0.68306 -0.1712 -0.057283 0.36722
3.5187 -2.2291 1.8153 2.0335 -0.25798 -1.1814 -0.91068 -1.7522 -0.39061 -0.83695 -0.0020968 -0.18351 -0.064058
3.405 -2.1938 1.5329 1.5578 -1.0797 -1.3641 -0.41265 -0.83165 -0.74101 -1.1537 -0.014478 -0.42131 -0.37613
3.2125 -2.0944 2.2606 1.1071 -0.8739 -1.3013 -0.72928 -1.2714 0.10285 -0.64573 0.019944 -0.86697 -0.26567
3.0508 -1.8944 1.8356 0.95505 -0.83206 -1.0619 -0.63716 -1.214 -0.008369 -0.80898 -0.046917 -0.41103 -0.44451
2.9194 -1.9698 1.5176 1.0415 -0.59011 -1.2193 -0.79767 -0.97263 -0.29729 -0.76989 0.45487 -0.34747 -0.32807
2.7549 -1.9616 1.7323 1.1554 -0.84629 -1.1948 -0.57286 -1.1054 -0.16505 -0.6512 0.28863 -0.47411 -0.21268
2.582 -1.728 1.5871 0.81749 -0.57287 -1.17 -0.60893 -0.96391 0.22962 -0.6848 -0.16307 -0.30479 -0.42259
2.5144 -1.8884 1.2212 0.67699 -0.93686 -1.2044 -0.20513 -1.0964 0.025424 -0.59855 -0.01587 -0.28715 -0.30765
2.5078 -2.095 1.0114 0.5524 -1.0156 -1.7791 -0.12896 -0.33473 0.020527 -0.58784 -0.25736 -0.4286 -0.22521
2.4475 -2.3054 0.95534 0.44164 -1.0093 -1.1476 -0.02625 -0.48988 0.29323 -0.42388 -0.0053575 -0.6699 -0.096105
2.4461 -2.1057 0.49857 0.038538 -0.95558 -1.0883 -0.090229 -0.29309 0.19926 -0.53366 -0.066302 -0.49311 -0.33641
2.7228 -1.9953 -0.34408 -0.58408 -0.77011 -1.6075 0.41745 0.039789 0.24819 -0.62031 -0.22338 -0.42893 -0.41406
2.9043 -2.4576 -0.57787 -0.64358 -0.97027 -1.4782 0.24354 0.34285 0.41971 -0.62406 -0.43916 -0.81848 -0.32916
2.7743 -2.5481 -0.24937 -1.1206 -0.70768 -1.2282 0.49308 0.49129 0.28948 -0.63774 -0.50088 -0.68105 -0.35897
1.7363 -2.6033 0.69624 -0.65701 -1.224 -1.0007 0.43207 -0.052163 0.46772 -0.55862 -0.52822 -1.3769 -0.31225
0.8903 -2.6545 0.7474 -0.1548 -0.94979 -0.44523 0.51733 -0.42726 -0.082678 -0.28673 0.27285 -1.0189 -0.59821
2.2549 -2.9427 -0.47495 -1.2186 -0.94976 -1.2588 -0.096475 0.05665 0.18916 -0.46589 -0.39937 -0.9324 -0.026149
-0.93935 -3.1783 0.1811 -1.0229 -1.1827 -1.0531 0.45915 0.28991 0.19455 0.039406 0.14509 -1.3558 0.56906
-0.2881 -2.7909 0.58247 -0.2221 -0.72443 -0.57863 -0.089307 -0.89368 -0.50912 -0.39315 0.41201 -0.30454 -0.57884
-1.7396 -2.8029 0.7054 0.10888 -0.34065 -0.3462 0.015986 -0.6538 -0.24323 0.080632 0.91494 0.085001 -0.35731
0.19853 -3.0367 0.5034 0.1465 0.028585 -0.33617 -0.94235 -1.4957 -0.54533 -0.60372 -0.44169 -0.10025 -0.97794
