2.8741 -1.6117 0.1382 0.19856 -0.44849 -1.3411 -0.17135 -0.68564 0.3747 -0.3478 -0.27919 -0.15185 -0.15354
3.1896 -1.7338 0.2466 -0.52428 -0.53879 -1.2437 -0.86442 -0.62131 0.78352 -0.35761 -0.58325 -0.18613 -0.096297
3.2281 -1.761 0.10368 -0.56778 -0.7656 -1.4497 -0.8124 -0.61892 0.51861 -0.13046 -0.40899 -0.48895 -0.22809
3.1292 -1.9503 0.54912 -0.24579 -0.76504 -1.437 -0.63391 -0.76392 0.83324 0.0024465 -0.42911 -0.7965 0.13497
2.6717 -1.5057 0.63581 0.13118 -0.82699 -1.2061 -0.46799 -1.2107 0.80482 0.044002 -0.4818 -0.67041 -0.18163
2.4753 -1.4254 0.85198 0.063281 -0.84238 -0.82692 0.064469 -1.4725 0.26682 -0.15588 -0.10527 -0.20936 -0.46647
2.3217 -1.6608 1.6082 0.81123 0.01749 -0.3369 -0.44467 -1.7746 0.63086 -0.57804 -0.61642 0.22702 -0.81955
2.712 -2.0747 2.0077 1.385 -0.0011948 -0.40003 -1.0192 -2.0857 0.63962 -0.47363 -0.86115 -0.48721 -0.42993
2.8708 -1.9999 2.0649 1.4849 0.10497 -0.37684 -0.87297 -2.1126 0.087088 -0.7905 -0.38956 -0.074356 -0.31968
3.0069 -2.0281 1.8489 1.162 -0.12005 -0.62598 -0.9467 -1.8595 -0.075789 -0.871 -0.57357 -0.4079 0.11711
3.2001 -1.8505 1.4264 0.72776 -0.20331 -1.1925 -1.1738 -1.7806 0.39858 -0.39675 -0.58545 -0.28797 0.09559
3.1679 -1.228 1.0114 -0.33624 -0.36336 -1.0798 -0.76348 -2.0428 0.65711 -0.64729 -0.68492 0.045643 -0.13077
3.2683 -1.4691 0.61668 -0.17574 -0.32974 -1.6051 -0.95737 -1.5177 0.52422 -0.53333 -0.44671 -0.43228 0.0042104
3.4259 -1.5365 0.55072 -0.57626 -0.60508 -1.6085 -0.85005 -1.2559 0.59303 -0.53851 -0.77891 -0.24662 0.15158
3.4767 -1.5721 -0.085907 -0.33782 -0.61348 -1.9413 -0.53685 -1.1254 0.15727 -0.3652 -0.39077 -0.45164 0.0083147
3.5068 -1.8137 0.024663 -0.19882 -0.88413 -1.8668 -0.91813 -0.71535 0.054417 -0.44139 -0.12703 -0.62086 0.23453
3.5517 -2.1151 0.1831 -0.38828 -0.86213 -1.7756 -1.2148 -0.55047 0.11478 -0.5575 -0.39892 -0.44559 0.1315
3.5226 -2.1123 0.19059 -0.20958 -0.77645 -1.9346 -1.3211 -0.32494 -0.102 -0.62949 -0.2389 -0.52634 0.18319
3.31 -2.0116 0.48309 0.40798 -0.93868 -2.1709 -1.0412 -0.4304 0.12076 -0.87453 -0.037978 -0.26543 0.12494
3.1602 -1.9095 0.57708 1.0027 -0.85282 -2.1697 -0.65672 -1.0048 0.0776 -0.897 -0.19477 -0.2932 0.18343
2.9565 -2.0126 1.5088 1.48 -0.060047 -0.39594 -0.59664 -2.1678 -0.11023 -1.4489 -0.76068 -0.26814 -0.15707
3.1305 -1.8989 2.0895 1.0645 0.15515 0.24133 -0.23289 -2.8009 -0.5076 -1.4708 -0.63557 0.16444 0.050568
3.1004 -2.3189 1.8036 1.5372 0.5291 0.23581 -0.22962 -2.2611 -0.82592 -1.7488 -0.79347 0.060483 0.26364
3.1485 -1.8359 2.0419 1.1394 0.23379 0.073441 -0.49945 -2.5634 -0.073683 -1.2142 -0.64859 0.25395 -0.021768
3.1374 -1.9781 2.0305 1.7531 -0.091375 -0.66521 -0.98651 -2.0638 0.1323 -1.1217 -0.41251 -0.066418 -0.086916
3.0992 -1.6824 2.0987 1.3814 -0.47762 -0.96905 -0.87855 -1.7541 -0.013418 -0.99328 -0.014752 -0.10613 -0.22706
3.1634 -1.9172 1.8557 1.303 -0.45238 -0.77251 -0.831 -1.7972 0.10174 -0.8899 -0.14771 -0.27941 -0.47453
3.0695 -1.8689 1.7919 0.89323 -0.27569 -0.74203 -0.78815 -1.3715 -0.1739 -1.3418 -0.25881 0.058623 -0.44239
3.0127 -1.9753 1.8988 1.2131 -0.28788 -0.75557 -0.87669 -1.6072 0.026497 -0.82582 0.076215 -0.056179 -0.41624
2.8703 -2.0309 2.105 1.2717 -0.40543 -0.70304 -0.77522 -1.7131 0.1336 -0.60721 0.0081796 -0.1254 -0.26313
2.8565 -2.0451 1.9998 1.2075 -0.38314 -0.50819 -1.0728 -1.8734 0.083014 -0.64687 -0.15798 0.14436 -0.038051
2.8323 -2.0305 1.6413 1.5043 -0.72929 -1.0677 -0.94574 -1.1363 -0.052537 -0.77386 0.056311 -0.34381 0.0098357
2.7724 -1.9876 1.9119 1.2544 -0.99235 -1.0414 -0.57445 -1.0812 -0.029813 -0.57514 0.49739 -0.31785 -0.069785
2.7101 -2.0595 1.4923 0.78964 -0.90618 -0.87504 -0.29704 -1.0373 0.072139 -0.44205 0.24172 -0.32317 -0.1409
2.6989 -2.2084 1.2404 0.60151 -0.95897 -1.2148 -0.31178 -0.4704 0.031288 -0.72366 0.14475 -0.06543 -0.18303
2.6382 -2.2929 0.98868 0.29759 -0.91094 -1.684 -0.55982 -0.14036 0.10324 -0.3661 -0.19666 -0.17739 -0.37551
2.7868 -2.4374 0.82996 -0.1143 -1.0645 -1.6659 -0.42079 0.027164 0.42531 -0.25535 -0.0037036 -0.88817 -0.014533
2.8686 -2.4298 0.097128 -0.7886 -0.82535 -1.583 -0.31065 0.32773 0.45672 -0.37005 -0.20888 -0.48127 -0.37606
2.8931 -2.6601 -0.30267 -0.99704 -0.96535 -1.6232 -0.29415 0.67528 0.93624 -0.61314 -0.67951 -0.26544 -0.26108
1.9965 -2.9378 0.19433 -0.86333 -0.54794 -1.0935 0.092501 0.59576 1.0442 -0.46541 -1.0135 -0.77731 -0.36293
0.47414 -2.9234 0.48024 -0.00021737 -0.2914 -0.36773 -0.19881 -0.39542 0.12644 -0.52306 -0.98117 -0.80698 0.15876
0.72705 -2.777 0.49422 -0.08064 -0.3337 -0.43181 -0.30889 -0.58729 0.22354 -0.29337 -0.5895 -0.56664 -0.16753
-0.48984 -2.9126 0.38402 -0.20461 -0.42678 -0.4132 0.11261 -0.27383 -0.070555 -0.23228 -0.057739 -0.78678 -0.39234
-0.066044 -2.5875 1.0174 0.7813 0.22257 0.071051 -0.45602 -0.98764 0.379 -0.40591 -0.84834 -0.18851 -0.33176
