2.6224 -1.9462 0.59809 -0.23798 -0.84598 -1.2146 -0.46937 -0.49791 0.34912 -0.33818 -0.0065567 -0.17344 -0.23995
2.8539 -1.7231 0.60583 -0.60488 -0.87655 -1.2954 -0.77607 -0.38115 0.96371 -0.55036 -0.12439 -0.30088 0.1216
2.7921 -1.5409 0.23252 -0.50876 -0.53494 -1.4546 -0.78975 -0.46857 0.85075 -0.3472 -0.0021233 -0.44125 -0.11273
2.5619 -1.8408 0.59165 -0.28646 -0.4371 -1.2406 -0.70443 -0.68893 0.82006 -0.032232 -0.17753 -0.30866 -0.20216
2.2769 -1.7007 1.0892 -0.2541 -0.44159 -0.71775 -0.73546 -0.97861 0.8753 -0.47091 -0.6325 -0.096922 -0.1187
2.2466 -2.4175 1.1679 0.87257 0.55596 0.042859 -0.64106 -1.1888 0.169 -0.48693 -0.88524 -0.31203 -0.32501
2.9048 -1.62 2.0159 1.4148 0.36271 -0.10806 -0.60085 -2.1977 -0.148 -1.103 -0.32079 0.32168 -0.17771
3.0605 -1.3497 2.0797 1.4402 0.0059304 -0.33592 -0.21731 -2.265 -0.16345 -1.1098 -0.37275 -0.14527 0.037721
3.1567 -1.1862 1.9275 1.3595 -0.0020486 -0.54151 -0.15048 -2.2825 -0.14448 -1.1727 -0.28813 -0.04053 0.13148
3.1207 -1.6972 2.0299 1.4955 0.074961 -0.72553 -0.29642 -2.0265 -0.27966 -0.8648 -0.84686 -0.33956 0.42837
3.1067 -2.2727 2.0537 1.6643 0.14091 -0.64678 -0.30087 -1.8152 -0.99944 -0.94024 -0.76876 -0.0017651 0.39694
3.1049 -2.1291 2.0177 1.327 -0.028244 -0.8466 -0.41269 -1.6425 -0.99225 -0.74894 -0.57738 0.22977 0.065763
3.4089 -2.1497 0.79642 0.071005 -0.36777 -1.2887 -1.187 -1.288 -0.59278 0.22872 -0.34804 -0.57139 0.56912
3.5432 -1.7924 0.054852 -0.55702 -0.68085 -1.7929 -1.1847 -1.0472 -0.020981 -0.42725 -0.62998 -0.2992 0.071803
3.7371 -2.4982 -0.38735 -0.45357 -0.84127 -1.7789 -1.1942 -0.58661 -0.15207 -0.1944 -0.82481 -0.80369 0.40219
3.7522 -2.402 -0.15482 -0.6606 -0.97171 -1.5693 -0.91401 -0.26999 0.1067 -0.47101 -0.71384 -0.53955 0.45803
3.6508 -2.4086 -0.20157 -0.38843 -1.2338 -2.1282 -0.66119 -0.28255 -0.078678 -0.60844 -1.0197 -0.18845 0.33984
3.6512 -2.1996 -0.37597 -0.28546 -1.0518 -1.8169 -1.0101 -0.12991 -0.024688 -0.99379 -0.44955 -0.35974 0.15019
3.6939 -2.4285 -0.20875 -0.35172 -0.87249 -1.9839 -1.2661 0.10923 -0.48836 -0.59046 -0.26006 -0.83535 0.26132
3.5621 -2.3036 0.016913 0.03252 -0.96014 -1.9351 -1.0828 -0.0023151 -0.4404 -0.64575 -0.017042 -0.65383 0.068068
3.303 -2.0947 0.56431 0.69166 -1.14 -2.0141 -0.74376 -0.16261 -0.54374 -1.0529 -0.259 0.0071344 0.39473
2.9791 -2.4221 1.4611 1.6633 -0.068324 -0.26539 -0.5312 -1.8581 -0.47261 -1.1183 -0.5946 -0.31915 0.10164
3.4582 -1.7029 1.8125 1.6197 -0.19265 -0.4948 -0.39655 -2.345 -0.65672 -1.028 -0.29952 -0.099363 0.19165
3.4745 -1.7933 2.0271 1.7312 -0.19134 -0.32672 -0.3405 -2.2975 -0.89618 -1.154 -0.025009 0.13111 0.60282
3.4506 -1.8346 2.3452 1.983 -0.19681 -0.47363 -0.55301 -2.315 -0.68703 -1.0606 -0.13659 0.15439 0.28588
3.497 -1.9261 2.2889 1.8002 -0.075814 -1.0803 -0.86674 -1.8559 -0.29871 -1.0343 -0.13876 -0.085869 0.049473
3.5227 -2.2883 1.7683 1.6643 -0.54913 -0.96485 -0.6064 -1.1933 -0.73523 -1.1749 -0.01356 -0.15467 -0.032917
3.2317 -2.0531 2.091 1.4068 -0.67817 -0.68269 -0.36035 -1.7671 -0.31233 -0.99787 -0.32871 -0.16999 -0.09652
3.0197 -1.9121 2.0676 0.94344 -0.18405 -0.72786 -0.54835 -1.7414 -0.16745 -1.0236 -0.22603 0.20367 -0.32466
2.9336 -2.0069 1.8702 1.2067 -0.52508 -0.84205 -0.61012 -1.4133 -0.11254 -0.81484 -0.16044 -0.32805 -0.31315
2.6587 -1.6796 1.6661 0.89715 -0.27698 -1.0635 -0.67859 -1.5298 0.29827 -0.5619 -0.1734 0.04641 -0.59989
2.5215 -1.5096 1.9034 0.93364 -0.84187 -1.0379 -0.37624 -1.4103 0.42013 -0.63641 -0.27497 -0.24456 -0.032333
2.5586 -2.0823 1.4033 0.89616 -0.66508 -0.94451 -0.38877 -1.3873 -0.12913 -0.35302 0.34872 -0.13432 -0.11192
2.3808 -2.1557 1.2845 0.55241 -1.2223 -1.1874 0.13785 -0.85653 0.15788 -0.40104 0.088158 -0.27487 0.068919
2.4084 -2.2343 0.77466 0.25561 -0.99766 -1.5942 -0.029037 -0.036775 -0.073268 -0.64638 0.31779 -0.26089 -0.08001
2.4439 -2.4555 0.34222 -0.082489 -1.0338 -1.9304 0.066308 0.4152 0.0085648 -0.39796 -0.06129 -0.39786 0.03168
2.3053 -2.3874 0.29957 -0.6815 -0.79467 -1.4076 0.10998 0.66408 0.056037 -0.5603 0.31053 -0.44017 -0.43345
1.4141 -2.5323 0.35992 -0.31373 -0.34339 -1.0445 -0.033806 0.27815 0.58633 -0.5072 -0.33593 -0.97178 -0.81134
0.77595 -2.1751 1.0399 -0.077558 -0.55 -0.69398 0.075631 -0.28213 0.16665 -0.72598 -0.40754 -0.87352 -0.54575
0.084142 -2.7563 0.49916 -0.07061 -0.24544 -0.39415 0.084536 -0.14403 -0.28571 -0.63124 -0.27469 -0.48307 0.067727
