-0.62675 -2.4511 1.0469 1.0198 0.8441 0.69511 0.055764 -0.087217 1.0545 0.16334 -0.6801 0.41591 0.39741
0.2938 -2.3836 0.83967 0.11702 -0.018282 -0.55923 -0.62275 -0.91582 -0.061849 -0.27036 -0.23962 -0.22625 0.066223
1.409 -1.3876 1.7346 -0.046742 0.045944 -0.16399 0.011937 -1.3632 0.49873 -0.65661 -0.42493 0.30786 0.35858
0.64918 -1.3821 1.8497 0.43817 -0.1015 -0.048688 0.23278 -0.91463 1.0603 -0.07779 0.063444 0.39858 0.061811
-0.20776 -2.3041 1.3045 1.271 0.67803 0.58039 -0.20024 -0.60524 1.2086 0.20758 -0.45859 0.56011 -0.02793
-0.55309 -2.4392 1.036 0.78881 0.22858 0.21832 -0.00087081 -0.33856 0.81758 0.0017493 -0.46295 -0.011726 0.1252
-0.59853 -2.116 1.4614 1.0979 0.36383 0.36842 0.026714 -0.72636 0.67273 -0.0040281 0.10172 0.52421 0.060473
0.63608 -2.1812 1.4669 0.25064 -0.42401 -0.97101 -0.58689 -0.58996 0.63118 -0.14069 0.53964 0.10465 0.14468
1.0437 -1.401 2.0364 0.50654 -0.31456 -0.62515 0.054632 -0.6349 0.46789 -0.59152 0.17845 0.18224 0.081449
1.7685 -1.8772 0.85258 0.55972 -0.3208 -0.60499 -0.24397 0.44813 -0.0042427 -0.15206 -0.65589 0.19126 -0.46031
5.2928 -2.1209 -0.59558 0.18276 -1.2513 -1.1552 -0.49868 0.77456 -0.3346 0.37295 -0.63618 0.6155 -0.61493
5.8685 -2.3503 -1.5525 -0.20254 -2.0433 -1.5562 -0.8655 0.75037 0.13882 -0.11843 -0.47641 0.033862 -0.47436
6.2492 -3.145 -1.6215 0.15931 -2.3372 -1.6385 -1.5715 1.1177 -0.048665 0.02421 -0.76129 -0.31107 -0.3626
6.5202 -3.3957 -1.6449 0.058966 -2.4981 -1.7398 -1.2688 1.1347 0.016447 -0.22122 -1.4196 0.051669 -0.075155
6.5329 -3.2311 -1.8169 0.038867 -2.726 -1.6616 -1.6289 1.2947 0.038915 -0.75672 -1.3036 0.077939 0.052006
6.1685 -3.1551 -2.3538 -0.018996 -2.9838 -1.8741 -1.5127 0.9839 -0.68208 -0.79916 -1.2882 -0.225 0.13949
5.0022 -3.0432 -1.7643 -0.11894 -2.2728 -1.3541 -1.4044 0.2231 -0.50875 -0.78037 -0.88892 -0.1929 0.94878
2.2761 -2.0611 0.099546 -0.22226 -0.42711 -1.6212 -1.818 -0.41591 -0.15239 -0.91162 -0.48695 -0.31254 0.84592
2.0981 -2.6074 1.0477 0.6996 -0.82986 -2.2052 -1.6764 -0.94685 -0.29145 -1.2409 -0.24987 0.11604 0.071376
2.0979 -2.1209 1.0871 0.47513 -0.46616 -2.0313 -1.5526 -0.99905 -0.19375 -1.0317 -0.087681 -0.27409 0.2016
2.09 -1.5852 1.4609 -0.025705 -0.86223 -2.0018 -1.0827 -1.0696 0.010521 -0.59246 -0.27739 -0.59241 0.23409
2.3261 -2.0266 0.38248 -0.34667 -1.0068 -1.3911 -1.6323 -0.80368 0.041905 -0.86086 -0.52422 -0.36944 0.56975
4.8262 -3.9525 -1.4775 -0.55524 -2.4469 -1.9333 -2.264 -0.44159 -0.9762 -1.1604 -0.70535 -0.1143 0.33086
5.9314 -4.2444 -1.932 -0.64687 -2.7851 -1.0848 -2.0903 0.37374 -0.99494 -1.1752 -1.1825 0.19745 0.040801
6.397 -4.545 -2.0888 -0.70177 -2.8142 -1.2205 -2.0503 0.39521 -1.0572 -0.997 -1.2102 0.44961 -0.34117
6.514 -4.4899 -1.8391 -0.55988 -2.685 -0.89216 -1.6135 0.7789 -1.0053 -0.71184 -1.1296 0.70948 -0.4118
6.5702 -4.2496 -1.8658 -0.53604 -2.4889 -0.74817 -1.5257 0.92518 -0.95427 -0.65104 -0.7585 0.84234 -0.55653
6.4923 -4.0934 -2.1723 -0.5822 -2.507 -0.92483 -1.5386 0.74086 -1.0797 -0.72922 -0.64448 0.65137 -0.47158
6.254 -4.2757 -2.1447 -0.86848 -2.5766 -0.92643 -1.146 0.64126 -1.1355 -0.55147 -0.56295 0.59341 -0.71145
6.3089 -4.387 -2.594 -0.86724 -2.796 -1.0222 -1.3207 0.54972 -1.1551 -0.69745 -0.6536 0.62292 -0.70376
6.3547 -4.4559 -2.49 -0.86219 -2.8057 -1.0286 -1.2581 0.4303 -1.1127 -0.72869 -0.55207 0.53432 -0.63871
6.4299 -4.7374 -2.2773 -0.80337 -2.6791 -1.1841 -1.1625 0.46586 -1.1124 -0.84012 -0.65253 0.55285 -0.74682
6.6305 -5.1171 -2.1951 -0.59017 -2.9448 -1.1541 -1.2161 0.50272 -1.3362 -0.73246 -0.78069 0.51583 -0.857
6.4718 -4.8965 -1.6324 -0.32971 -2.9192 -1.1587 -1.3655 0.40918 -1.2588 -0.58848 -0.81936 0.369 -0.62641
5.6463 -4.3661 -0.79818 -0.14297 -2.6034 -1.5025 -1.684 0.40586 -1.2404 -0.49606 -0.7964 0.53644 -0.38888
2.4268 -2.9427 0.99255 0.54793 -1.1785 -1.7358 -1.0918 -0.14873 -0.88233 -0.33109 0.0087726 0.37179 -0.25105
1.5753 -2.135 1.2147 0.52719 -1.2926 -1.3213 -0.70221 -1.3817 -0.34798 -1.2894 0.16914 0.015414 -0.095434
1.9579 -2.0947 1.4913 0.40025 -1.2059 -1.748 -0.97823 -0.9405 -0.80355 -1.221 0.52178 0.12597 -0.021377
1.3929 -2.5561 1.3196 1.118 -0.42413 -1.1702 -0.99131 -1.7456 -1.0005 -0.94004 0.60247 0.30886 0.0024584
1.777 -1.8764 1.7547 0.44314 -0.77379 -1.5342 -0.95933 -1.4331 -0.50507 -1.2361 0.38463 0.24045 0.271
2.4527 -3.4114 2.2641 0.5507 -1.6722 -0.916 -1.2314 -1.1744 -0.98129 -0.844 0.15088 -0.128 0.21007
4.8077 -4.6311 2.1441 2.2672 -3.2824 -1.1493 -1.7612 -0.62761 -0.95335 -0.26338 -0.34779 -0.62132 0.62724
4.9198 -4.6761 2.3641 1.986 -3.4776 -1.1811 -1.6851 -0.62855 -1.296 -0.57406 -0.3106 -0.63535 0.40886
5.2371 -5.0207 2.4325 2.0087 -3.6752 -0.9847 -1.9312 -0.65425 -1.0477 -0.33074 -0.42899 -0.77814 0.36845
5.3231 -4.8903 2.3552 2.3196 -4.0057 -0.52946 -1.6748 -0.72749 -1.2719 -0.155 -0.28534 -0.73632 0.35768
5.232 -4.7343 1.9736 1.9935 -3.807 -0.76691 -1.3999 -0.74599 -1.2952 -0.43631 -0.37314 -0.63527 0.40941
5.2469 -4.6105 1.7272 1.786 -4.0464 -0.83 -1.3366 -0.52627 -1.4352 -0.035899 -0.52884 -0.5894 0.20529
5.289 -4.6503 1.629 1.6794 -4.1702 -1.524 -0.82055 0.09326 -1.4258 -0.25733 -0.5599 -0.40931 0.35918
5.1588 -4.4121 0.36785 0.85664 -3.7745 -1.5962 -1.0421 0.10581 -1.3775 -0.2277 -0.69616 -0.62807 0.17765
5.3308 -4.3969 -0.084803 0.46856 -3.5563 -1.3167 -0.95814 0.83035 -1.2818 -0.25989 -0.77059 -0.27555 0.085194
5.4733 -4.6142 -1.229 -0.068387 -3.2999 -1.2449 -0.9051 0.89218 -1.1206 -0.67482 -0.85201 -0.31013 -0.21461
5.3878 -3.9289 -2.0224 -0.6371 -2.8514 -1.3612 -1.02 0.74691 -0.69555 -0.88559 -1.1875 -0.11798 -0.18088
5.0031 -2.9761 -2.3718 -1.2652 -2.0787 -1.2583 -1.1274 0.54935 -0.77987 -0.81412 -1.3681 -0.33656 0.1358
4.898 -2.2994 -2.4239 -1.8566 -1.2791 -1.006 -1.1265 0.4405 -0.10852 -0.89845 -1.2928 0.069894 0.22574
4.9993 -2.9265 -2.5185 -2.4712 -1.0911 -0.69714 -1.2614 0.90564 0.078605 -0.71561 -0.97265 0.45772 0.60173
4.9251 -2.7592 -2.0358 -3.0242 -1.085 -0.67381 -1.9451 0.74046 -0.41517 -1.1638 -0.98409 -0.0516 0.18469
5.0048 -3.4206 -2.3859 -3.0007 -1.4179 -0.56062 -2.2272 0.34979 -0.65276 -0.48659 -1.5638 -0.062891 0.63288
4.6553 -3.4961 -2.0836 -2.4924 -1.5198 -0.67662 -1.4577 -0.076646 -0.18611 -0.5874 -1.1959 0.5305 0.60825
4.2914 -3.9015 -2.3425 -1.9773 -1.3322 -0.79378 -1.509 -0.51189 -0.51551 -0.55773 -1.4266 0.18376 0.60473
3.3479 -3.0901 -1.8171 -1.9946 -0.93555 -0.67649 -1.2433 -0.48744 -0.051881 -0.33787 -1.407 0.50089 0.66706
2.4034 -3.6511 -0.95361 -1.6817 -0.99621 -0.66475 -0.98576 -0.47294 -0.3169 -0.25572 -0.8284 0.13416 0.73231
1.919 -3.4816 -0.93457 -1.4115 -0.78873 -1.0099 -0.77933 -0.16954 -0.28441 -0.10826 -0.77344 -0.094166 0.5925
0.79783 -2.787 -0.918 -2.7864 -1.1268 -1.0804 -0.65213 -0.19672 0.013045 -0.15651 -0.38231 -0.19445 0.86755
