-0.33734 -2.5804 1.5205 1.6447 1.1619 1.2978 0.27373 0.19251 1.9066 0.10319 -1.6861 0.54752 0.63506
-1.8595 -2.5146 0.90587 0.72951 0.67139 0.39519 -0.1464 -0.45408 0.5321 0.090123 -0.30111 0.14411 -0.39898
-2.798 -2.4638 0.8539 0.74762 0.87367 0.61822 0.12596 0.085595 0.96803 0.45483 -0.10344 0.52739 0.056807
-4.3223 -2.6113 0.5468 0.060547 0.36183 0.34732 0.83271 0.71108 0.48557 0.4741 0.65908 0.16652 0.23264
-3.7434 -2.8784 0.67697 -0.27158 -0.19255 0.22873 1.6411 1.3469 0.32006 -0.08741 0.039568 -0.82425 0.78564
-2.5786 -3.5649 -0.91849 -1.2984 -0.59891 0.22263 1.1469 0.62866 0.92741 0.12324 -0.043456 -0.0052411 0.19427
0.065087 -5.2578 -1.8616 -1.216 -0.44141 1.0394 1.1698 0.6063 1.0036 0.4408 -0.46062 -0.089226 0.070155
0.79844 -5.5775 0.51318 0.49581 -0.2461 -0.084045 -0.15307 -0.0017244 -0.2606 0.53308 -0.32919 -0.092406 -0.84952
-0.4901 -2.7209 1.5885 0.74499 0.34479 -0.59426 -0.028883 0.72286 -0.47977 -0.12266 -0.32323 -0.072132 0.013228
4.1074 -1.4307 -0.52389 1.0129 -1.2823 -1.4087 -0.073925 0.026511 -0.35313 -0.37474 -0.20579 0.11601 -0.70953
5.9372 -2.6913 -1.049 0.35856 -2.1548 -1.6115 -0.64383 0.45825 -0.41296 0.20802 -0.58715 0.34787 -1.1319
6.3441 -3.0671 -1.3294 -0.0011421 -2.6051 -1.9686 -1.004 0.73746 -0.46183 0.1177 -0.87674 -0.027816 -0.96592
6.8895 -4.0821 -1.0938 0.4093 -2.8568 -2.4937 -0.97508 1.0579 -0.040978 -0.17621 -1.0972 -0.086809 -0.54591
7.1378 -4.0616 -0.87495 0.36346 -2.8447 -2.5928 -1.0447 1.4643 -0.1457 -0.71455 -1.0955 0.28887 -0.50257
6.4351 -2.6828 -1.9922 0.47837 -2.8761 -2.2341 -0.93507 0.94896 -0.5372 -0.29073 -0.58507 0.060086 0.16274
5.1142 -2.1689 -1.8237 0.21925 -2.0376 -1.9352 -1.639 0.46959 -0.69482 -0.57798 -0.72803 0.14896 0.78956
2.3761 -1.2442 -0.10673 -0.015795 -0.50851 -2.0819 -0.9644 -0.50165 -0.15083 -0.88775 -0.4338 -0.45202 0.30684
2.2827 -1.4383 0.78037 -0.10667 -1.0139 -2.8128 -1.545 -0.75398 0.034763 -0.86305 0.033915 -0.014864 -0.18026
2.0015 -2.0657 0.60793 0.41536 -0.5204 -2.2393 -1.6263 -0.86246 -0.42122 -0.87405 -0.36919 -0.17043 0.23058
2.1668 -1.6951 0.33236 0.43104 -0.75685 -1.943 -1.0931 -1.0658 -0.62743 -0.64976 -0.065231 -0.17131 -0.25488
1.9377 -1.625 0.65318 0.62845 -0.5707 -1.7033 -0.98273 -1.1275 -0.30629 -0.65606 -0.01962 -0.28013 0.29065
4.2338 -2.5813 -1.5911 -0.046009 -1.9394 -2.3326 -2.204 -0.69092 -0.3764 -0.86791 -0.2222 0.045775 0.21547
6.1977 -3.1142 -1.8148 0.11394 -2.8149 -1.3492 -1.7124 0.54912 -0.80079 0.031143 -0.45207 0.65553 -0.18983
6.5755 -3.9546 -1.7347 -0.59962 -3.338 -1.4165 -1.6049 0.19102 -1.0096 -0.065655 -0.67225 0.63136 -0.36462
6.7027 -4.1214 -1.6766 -0.96875 -3.2121 -1.4741 -1.5487 0.23803 -1.3947 -0.076974 -0.87442 0.55797 -0.61327
6.8981 -4.3266 -1.9822 -0.89301 -3.179 -1.305 -1.6244 0.23241 -1.3782 -0.25833 -0.85348 0.59017 -0.64592
6.9358 -4.1501 -2.1728 -0.61748 -3.1646 -0.9545 -1.5422 0.45434 -1.3392 -0.28409 -0.83497 0.65038 -0.67904
6.9288 -4.2528 -2.1876 -0.59149 -2.9555 -0.67371 -1.3096 0.5485 -1.147 -0.255 -0.84387 0.70218 -0.77555
6.8449 -4.5832 -2.497 -0.97813 -3.2995 -1.0069 -1.5875 0.29255 -1.3914 -0.59465 -1.123 0.35732 -1.0895
6.7223 -4.4406 -2.3046 -0.98689 -3.1633 -1.1055 -1.3549 0.31497 -1.3157 -0.27708 -1.0419 0.4029 -1.0173
6.8306 -4.0768 -1.8772 -0.30256 -2.991 -1.0491 -0.92647 0.41467 -1.1299 0.19215 -0.88536 0.79467 -0.90364
6.7455 -4.402 -1.7575 -0.41893 -3.0978 -1.4757 -1.2887 0.38823 -1.5812 0.1231 -0.68391 0.51729 -0.87678
6.0053 -3.5937 -1.2249 -0.1185 -2.8115 -1.9234 -1.6486 0.6353 -1.4148 -0.18128 -0.41286 0.38598 -0.93809
2.9113 -2.0106 0.34947 0.27999 -0.9683 -2.0708 -1.4177 -0.13102 -1.0175 -0.74889 0.14925 0.62384 -0.13717
2.7139 -1.3807 0.55133 -0.053999 -1.7952 -1.7801 -0.76866 -1.2021 -0.71228 -1.3022 0.23642 0.64713 -0.36071
2.7529 -1.699 1.3601 -0.11309 -1.804 -2.2812 -1.0685 -2.107 -1.1823 -0.44332 0.38946 -0.071714 -0.96445
2.5947 -1.1771 1.4743 -0.062553 -0.76905 -1.9615 -0.75175 -1.8519 -1.2792 -0.56754 0.22494 0.25391 -0.047736
2.3321 -1.2645 1.8574 -0.046178 -1.573 -1.4263 -0.38242 -1.4516 -0.75473 -0.89782 0.067552 -0.37344 -0.16169
2.963 -2.9644 1.7394 1.0046 -1.8669 -1.3346 -0.78104 -0.89695 -1.2964 -0.67159 -0.47576 -0.04998 0.06841
4.3772 -3.818 2.1928 2.0287 -3.38 -0.71416 -1.1419 -0.57272 -1.1888 0.22008 -0.36159 -0.32457 -0.089889
4.8116 -4.2651 2.0772 2.5025 -3.7419 -0.8824 -1.2866 -0.39496 -1.0924 0.12742 -0.25844 -0.1557 0.10148
4.6711 -4.1092 1.9999 2.1321 -3.6164 -0.73842 -0.93883 -0.66179 -0.95462 0.16699 -0.34938 -0.053452 0.20986
4.9216 -4.5852 1.9359 2.3328 -4.3556 -0.95069 -0.90382 -0.031249 -0.97756 0.19787 -0.4622 0.18258 0.26408
4.6246 -4.171 1.7479 2.1816 -3.9614 -1.3963 -0.73144 -0.2658 -0.93624 0.11893 -0.18184 0.243 0.10616
4.3599 -3.568 1.134 1.8292 -3.6659 -1.4151 -0.43121 -0.29242 -0.63282 0.23459 -0.102 0.24596 0.18416
4.17 -3.4586 0.76977 1.3552 -3.305 -1.4255 -0.1959 0.23753 -0.97336 0.10504 -0.16841 0.25931 -0.32264
4.3847 -4.2401 0.38081 0.52539 -2.7036 -0.7976 -0.55793 0.6467 -0.86951 0.10864 -0.6572 -0.065568 -0.68645
4.6238 -4.7735 -0.33448 0.54551 -1.9845 -0.55513 -0.16471 1.0299 -0.67682 -0.28305 -0.80477 0.20811 -0.84046
3.3309 -3.1109 -0.21395 -0.56166 -1.1672 -0.7659 -0.12426 0.51333 -0.23995 -0.37529 -0.75804 0.26834 -0.57498
2.8989 -3.2403 -0.72271 -0.42459 -0.60703 -0.88839 0.46066 -0.041983 0.26494 -0.65723 -0.44029 0.2637 -0.23544
2.7363 -2.7052 -0.65666 -0.80217 -0.37773 -0.9459 0.034163 0.37652 -0.11464 -0.61818 -0.60186 0.74356 -0.27056
2.5031 -2.8008 -1.2814 -0.39533 -0.099017 -0.45734 -0.20625 0.43671 0.064124 -0.77207 -0.77578 0.36287 -0.10329
2.3711 -3.2893 -1.25 -0.64383 0.12612 -0.20216 0.077695 -0.24055 0.25066 -0.85981 -1.0595 0.31912 -0.35461
1.1576 -2.2927 -0.56414 -0.37207 -0.097603 -0.13017 -0.16771 -0.19209 0.061747 -0.69706 -0.60566 0.052112 0.16162
-0.025489 -1.9492 0.95583 -0.18713 -0.31921 0.30773 0.46344 0.29461 0.18088 -0.24111 -0.041818 -0.2003 0.14086
-0.33738 -2.2649 0.21581 0.0022392 0.1653 0.1472 0.43774 -0.37494 0.53519 -0.27148 -0.56487 -0.25504 -0.15393
