-1.487 -2.9705 0.23805 -0.062243 0.28414 0.24936 0.44714 0.4389 0.40943 0.25888 0.14475 0.31098 0.70452
-1.1858 -2.7393 0.63794 0.40988 0.6922 0.24223 -0.20281 -0.40994 0.10601 0.17553 0.16724 0.16866 -0.73999
2.607 -2.339 0.74346 -0.42148 -0.96582 -0.80072 -0.58206 -0.89711 0.69741 -0.4398 -0.88015 -0.64453 -0.004059
4.1095 -2.3287 0.5639 -0.68928 -0.9901 -1.7559 -0.96598 -0.58673 0.59302 -0.22457 -0.24665 -0.6155 -0.46535
3.9113 -2.2239 1.0874 -0.31478 -1.1021 -1.3973 -0.70187 -0.75677 0.6942 -0.74354 -0.7796 -0.43976 -0.0030573
4.0189 -1.7255 0.95514 -0.84996 -1.1347 -1.4567 -0.40654 -0.78441 0.44433 -1.0682 -0.56441 -0.21525 0.013223
4.0693 -1.4663 0.83547 -0.60916 -0.96334 -1.7016 -0.35677 -0.67047 0.34855 -1.0574 -0.28427 -0.41493 -0.13697
3.9179 -1.2861 1.421 -0.74563 -0.79388 -0.75523 -0.36903 -1.8493 0.79717 -0.48811 -0.40911 0.10942 0.063514
3.4525 -1.6184 1.4381 -0.072887 -0.70129 -0.4682 -0.26911 -2.0461 0.68293 -0.41091 -0.22517 0.14086 -0.21968
3.3684 -2.0095 1.5385 0.32908 -0.58122 -0.42342 -0.61608 -2.2825 0.19009 -1.3242 -0.94176 0.02006 -0.28062
3.6081 -2.0513 1.5041 0.20043 -0.77395 -0.57373 -0.4036 -2.2238 -0.40594 -1.2119 -0.031533 0.041183 -0.33616
3.8369 -2.4453 1.1495 0.046428 -0.70483 -0.89839 -0.9127 -2.3303 -0.66228 -1.1127 -0.13934 -0.15666 -0.44554
3.8944 -2.3732 1.2091 0.033634 -0.77601 -0.89663 -0.95105 -2.676 -0.46952 -1.0088 -0.15535 -0.079018 -0.56293
3.9399 -2.232 1.4479 0.0049006 -0.94742 -0.93079 -0.79894 -2.6871 -0.43724 -0.96947 0.043971 -0.16239 -0.72189
3.9736 -2.4193 1.3674 0.36623 -0.62739 -1.1479 -1.2502 -2.3359 -0.24506 -0.64509 -0.10166 -0.47735 -0.67216
4.0566 -2.0354 1.0078 -0.53132 -0.84791 -1.5113 -1.0628 -1.8677 -0.10068 -0.76506 -0.25468 -0.30503 -0.18617
4.8229 -1.3981 0.26147 -1.4353 -1.5835 -1.9874 -0.44522 -0.91726 0.34114 -1.0063 0.04586 -0.71188 -0.12786
5.2668 -1.2605 -0.42217 -2.0499 -1.6614 -2.3302 -0.69685 -0.97557 0.1634 -1.2218 -0.22858 -0.77953 -0.6691
5.3509 -1.5397 -0.30269 -1.94 -1.7443 -2.5971 -0.66751 -0.53223 -0.08343 -1.3059 -0.1837 -0.82573 -0.59877
5.2863 -1.4076 -0.073968 -1.727 -1.6926 -2.3767 0.057775 -0.34288 0.066101 -1.2913 -0.000678 -0.34978 -0.52214
5.0995 -1.4934 -0.15602 -1.6936 -1.7833 -2.2558 0.048347 -0.69945 0.076329 -1.409 -0.022036 -0.60117 -0.44583
4.9566 -1.517 -0.12843 -1.538 -1.8683 -2.0756 0.053605 -0.62515 -0.20461 -1.3264 0.19094 -0.55314 -0.61569
4.9653 -1.829 0.23939 -1.8014 -1.5668 -2.0631 -0.14008 -0.63404 -0.15321 -1.288 0.086515 -0.31428 -0.81434
4.84 -1.6325 0.14267 -1.3503 -1.6703 -1.8389 0.12414 -0.62024 -0.22808 -1.256 0.3102 -0.24024 -0.56783
4.6862 -1.6476 0.49269 -0.93316 -1.7226 -1.8699 -0.049239 -0.72239 -0.26025 -1.0713 0.43551 -0.056356 -0.5006
4.1072 -1.4111 0.88587 -1.4211 -1.1788 -1.0838 -0.21235 -1.6006 0.1048 -0.53256 0.40243 -0.054817 -0.36845
3.5574 -1.872 1.2127 -0.44747 -0.93596 -0.70022 -0.40745 -2.2593 0.26215 -0.80167 -0.11599 0.4169 -0.35544
3.3801 -1.6337 1.6512 -0.070915 -1.0293 -0.6162 -0.42094 -2.1665 0.72048 -0.90379 -0.35987 0.36708 -0.17092
3.4334 -1.7514 1.6273 0.072592 -0.95408 -0.52132 -0.2361 -2.003 0.4769 -1.1138 -0.53025 0.34496 0.088786
3.5511 -1.5801 1.6341 -0.11291 -1.1392 -0.58227 -0.32659 -2.211 0.79866 -0.58801 -0.41094 0.0039164 0.021847
3.7838 -1.5226 1.367 -0.61593 -1.1652 -0.60695 0.01436 -2.0646 0.19711 -0.42469 0.40786 -0.064346 -0.02971
3.603 -1.8577 1.1189 -0.85452 -1.149 -0.73319 0.019984 -1.9074 0.041346 -0.49514 0.30904 -0.011224 -0.15457
3.2801 -1.8302 1.3472 -0.14262 -0.95984 -0.69232 -0.36767 -1.8611 0.31688 -0.5325 0.036545 -0.064787 0.010464
3.23 -2.0716 1.2402 -0.037418 -0.77986 -0.70866 -0.29794 -1.4348 0.26818 -0.64997 -0.19916 -0.037278 0.11944
3.2686 -2.1188 1.1731 -0.067424 -1.0284 -0.75129 -0.14583 -1.4835 -0.00023438 -0.68901 0.12921 -0.047674 -0.010647
3.1931 -2.1844 1.1547 -0.015303 -1.285 -0.81412 0.11091 -1.1299 -0.021658 -0.69392 0.1571 -0.43957 0.011423
2.9361 -2.3959 0.92677 0.19582 -0.62129 -0.71319 -0.29832 -1.0548 0.25447 -0.48714 -0.22092 -0.047482 -0.023491
3.3001 -2.0761 1.2426 -0.58711 -1.1722 -0.67695 -0.034445 -0.95501 0.4594 -0.38254 -0.20065 -0.23734 -0.006103
3.4704 -2.2775 1.2636 0.18806 -1.4983 -1.2463 0.13322 -0.89565 0.84937 -0.41675 -0.41581 -0.62415 -0.093789
3.6635 -1.6242 1.0916 -0.58357 -1.4904 -1.389 0.43503 -0.52533 0.56482 -0.58595 0.049554 -0.80079 -0.19343
3.629 -2.2076 1.0691 -0.45432 -1.2685 -1.2663 0.084772 -0.38173 0.83964 -0.44359 -0.5351 -0.8503 0.14913
3.3988 -2.081 1.067 -0.35138 -1.0354 -1.2045 -0.14312 -0.25776 0.74728 -0.54771 -0.66933 -0.84866 0.23568
3.3156 -2.0912 0.96724 -0.45662 -0.9362 -0.89465 -0.276 -0.83796 0.77925 -0.32502 -0.28384 -0.28051 -0.26342
3.0304 -2.2024 0.97503 -0.079527 -0.87056 -0.90501 -0.26186 -0.92238 0.7217 -0.29051 -0.52295 -0.40663 0.20787
2.0142 -2.7197 0.59648 0.11436 -0.082073 -0.3095 -0.4037 -0.78988 -0.0071925 -0.20975 -0.10703 -0.13508 -0.4501
