1.7751 -5.2567 0.63357 -0.5502 0.14467 0.58368 -0.1889 0.72208 0.14291 0.68826 0.46114 0.24916 0.2362
2.4585 -3.1878 1.0569 -0.11098 -0.26378 -0.25748 0.28596 0.41031 0.42251 0.459 0.49208 0.2127 -0.060978
1.5891 -2.4102 0.74499 0.33475 0.19208 0.5197 -0.073518 0.16515 -0.23367 0.24726 -0.31871 0.40504 0.087239
3.6245 -1.4006 0.94426 -0.39296 -0.23687 0.41663 0.055248 0.44749 0.056559 -0.68735 -1.3611 0.036496 0.047305
4.7184 -1.3635 -0.86624 -1.9262 -0.46387 -0.17062 -0.20112 1.0871 0.34624 -0.71187 -1.1712 -0.77454 -0.26993
4.9193 -0.83064 -0.81032 -1.7805 -0.28965 -0.46066 -0.23207 1.0137 0.56999 -0.81076 -0.96695 -0.23809 -0.46507
4.1416 -0.63058 0.21236 -1.4802 -0.64181 -0.37906 -0.27306 0.29106 1.0129 -1.0169 -0.42047 -0.75277 -0.09961
2.9739 -0.89457 1.8545 0.58011 -1.0278 -0.72478 0.26354 -1.1317 0.1069 -0.91547 -0.83942 -0.37855 -0.20976
2.8663 -0.84687 1.6227 0.3206 -0.51837 -0.65023 0.11359 -1.0256 -0.10304 -1.1615 -1.0825 -0.17327 -0.20354
2.941 -0.95567 1.919 0.44593 -0.76959 -0.84301 -0.010862 -0.50428 -0.45064 -1.0518 -0.90911 -0.66077 0.1102
2.9146 -1.2495 2.0179 0.70147 -0.833 -0.79825 -0.35075 -0.61378 -0.054691 -0.74596 -1.4336 -0.47235 0.31778
2.8645 -0.90092 1.907 0.43202 -0.55714 -0.55296 -0.23246 -0.79551 0.19432 -0.71297 -0.89329 -0.75806 -0.22374
2.9175 -0.91395 1.7895 -0.41642 -0.9221 -0.93455 -0.13004 -0.69863 -0.055759 -0.71233 -0.62877 -0.69435 -0.52245
4.3833 -0.87047 -0.93597 -1.0712 -0.83147 -0.55529 0.1317 0.072451 0.9393 -0.60696 -0.070531 -0.36747 -0.43657
4.9177 -1.3488 -1.1254 -0.99569 -0.69858 -0.302 -0.24929 0.36056 0.57162 -1.0998 -0.094696 -0.039409 -0.51234
4.9568 -1.6926 -0.75523 -1.2108 -0.69465 0.058579 -0.4221 0.73955 0.60786 -1.0768 -0.41739 0.094588 -0.61652
5.273 -2.2111 -0.94985 -0.93522 -0.80117 0.042733 -0.36096 0.9107 0.44083 -1.0401 -0.47978 0.0027309 -0.3832
5.4544 -2.4848 -0.92277 -0.72971 -0.92817 -0.012845 -0.48896 1.2095 0.15251 -0.95566 -0.58789 0.24421 -0.66605
5.3717 -2.2859 -0.76832 -0.66211 -0.85312 -0.57699 0.037216 0.95942 0.29301 -1.1725 -0.65503 0.5686 -0.52223
5.1753 -1.6663 -0.91729 -0.82169 -0.61234 -0.52821 -0.32395 1.2477 0.17548 -1.0737 -0.48004 0.21327 -0.57897
4.8969 -1.9398 -0.55325 -0.7538 -0.91209 -0.49747 -0.26698 1.1645 -0.038537 -0.90671 -0.43875 0.18248 -0.70709
4.8437 -1.5903 -0.35885 -0.60147 -1.0174 -0.50464 -0.46151 1.3318 0.28211 -1.0304 -0.18533 0.42011 -0.72525
3.364 -0.69136 1.0009 -0.58277 -0.89849 -0.81757 -0.050793 0.54036 -0.28227 -0.96983 0.13801 -0.13025 -0.14729
2.7015 -0.50771 1.7924 -0.451 -0.39255 -0.26848 0.41449 -0.35129 -0.047306 -1.1712 -0.4623 -0.10981 -0.46163
2.7082 -0.32548 2.0044 -0.66913 -0.6235 -0.49791 0.27931 -0.61733 0.10286 -1.3706 -0.58203 -0.053057 -0.50274
2.6618 -0.29687 2.0301 -0.50643 -0.37042 -0.42077 0.25648 -0.7263 0.32231 -1.1936 -0.94881 0.096767 -0.17306
2.6322 -0.70767 2.0508 -0.14181 -0.66091 -0.33515 0.33282 -0.82811 0.15932 -1.0409 -0.8236 -0.3063 -0.16051
2.6393 -0.51194 2.0412 0.1794 -0.79579 -0.4609 0.46613 -1.1415 0.25748 -0.81241 -0.65241 -0.40413 -0.34331
2.5995 -0.4707 2.1969 0.071607 -0.92152 -0.44777 0.47656 -1.1025 0.25871 -1.1715 -0.56252 -0.43932 -0.16658
2.7418 -1.0759 2.3388 -0.064195 -1.0421 0.024891 -0.39488 -0.41957 0.2485 -0.99137 -0.71256 -0.41577 0.066671
3.2258 -1.6975 2.5081 -0.047153 -1.1364 -0.50737 -0.52608 0.22592 -0.1202 -1.0413 -0.26332 -0.34586 0.13487
3.3446 -1.4096 2.6353 0.026747 -1.6871 -0.81194 0.33137 0.25742 -0.092665 -1.0678 0.016485 -0.4379 -0.094595
3.4106 -1.5172 2.2525 0.13675 -1.8313 -0.66562 0.45652 0.31602 -0.15052 -0.73813 -0.073564 -0.23811 -0.27258
3.8145 -1.8421 2.1935 0.23988 -2.1703 -0.46418 -0.22055 0.66013 -0.17796 -0.66693 -0.048178 -0.25317 -0.34362
4.1654 -2.0382 1.1972 0.51 -1.884 -0.90921 0.019684 0.99108 -0.14803 -0.55029 0.095337 -0.18909 -0.74007
4.5776 -2.1417 1.1143 0.1162 -2.125 -0.89925 0.078409 0.6883 0.10343 -0.64895 0.24754 -0.068442 -1.0774
4.6812 -1.6608 0.31944 -0.17631 -1.7744 -1.0012 0.17039 0.73111 0.30084 -0.8889 0.041582 0.33808 -0.82631
4.7811 -1.9844 -0.21888 -0.4274 -1.2259 -0.86501 -0.038273 1.2414 0.073322 -0.78756 -0.26327 0.25939 -0.64412
4.7622 -1.9039 -0.64542 -0.38092 -1.0646 -0.678 0.3097 0.98895 0.18305 -0.7551 -0.4805 0.39964 -0.75964
4.9525 -2.3829 -0.93097 -0.49157 -0.94288 0.083576 0.092129 1.1156 0.37254 -0.81829 -0.57518 0.17818 -0.53501
4.6689 -2.4111 -1.0914 -0.9877 -0.79605 0.49386 0.31435 1.0925 0.50214 -0.70454 -0.6169 -0.023179 -0.48781
4.5105 -2.5301 -1.2871 -0.98173 -0.85429 0.61273 1.1406 0.71532 0.57786 -0.37651 -0.68331 -0.18719 -0.62993
4.2696 -2.7602 -1.488 -1.0562 -0.81922 0.99679 1.3056 0.91454 0.5916 0.057178 -0.81045 -0.29482 -0.63675
4.0271 -2.5456 -1.4128 -0.84671 -0.60409 0.736 1.106 0.67008 0.36582 -0.36849 -1.1218 -0.68402 -0.17503
3.1101 -1.9178 -0.86928 -0.61614 -0.041201 0.25529 1.0508 0.85907 0.40802 -1.5925 -1.2819 -0.21522 0.42846
1.02 -2.2322 0.54855 -0.16011 0.48024 0.28276 0.0078389 -0.4003 0.096423 -0.62357 -0.45086 0.21186 0.055416
