1.7985 -2.5102 0.41653 -0.97308 -1.6845 -1.4635 -0.42143 -1.0214 0.32262 -0.37672 -0.056946 -0.58019 0.18782
4.0821 -3.2355 0.071924 -1.7429 -2.1052 -2.1309 -0.14064 -0.090156 0.27516 -0.36419 0.54088 -0.83249 -0.52303
4.0935 -3.9556 -0.33625 -2.0568 -2.0984 -2.107 -0.17422 -0.55274 -0.18095 -0.20861 -0.095528 -1.0348 -0.69286
4.0838 -3.761 -0.75843 -1.9501 -1.659 -1.8269 -0.2693 -0.27535 -0.029718 -0.50315 0.27362 -0.54098 -0.70897
2.4927 -2.6426 0.6154 -0.73781 -1.0057 -1.2038 -0.3132 -0.62213 0.59825 -0.1486 0.23013 -0.5107 -0.053356
1.8273 -3.2765 0.084803 -0.64168 -0.69735 -1.0698 -0.69285 -0.91356 -0.0018836 -0.16082 0.0073167 -0.46481 -0.1642
2.4148 -3.4761 -0.093135 -1.1117 -1.1132 -1.6424 -0.68019 -0.69565 -0.17993 -0.32089 0.069136 -0.82691 0.02212
3.0026 -3.6712 -0.22461 -1.5344 -1.4468 -1.7864 -0.86182 -0.9979 -0.0026509 -0.23345 -0.023147 -0.65772 0.41086
3.7851 -3.6351 -0.43251 -2.2608 -2.0783 -2.6237 -0.81711 -0.71495 -0.048222 -0.65562 -0.36415 -0.97894 0.18123
4.4611 -3.2966 -0.78768 -2.297 -2.1562 -2.9787 -0.60035 -0.4188 -0.082073 -0.56519 -0.15188 -1.3665 -0.16945
4.2708 -3.8135 -1.4613 -1.7686 -1.5645 -2.3228 -0.24243 0.18465 0.32317 -0.6887 -0.44284 -1.1169 -0.46006
4.641 -4.7902 -2.0927 -1.6569 -1.5904 -1.9682 -0.51295 0.39987 -0.56963 -0.86071 -0.54392 -0.69117 -0.38013
5.1714 -5.5317 -2.191 -1.7134 -1.7369 -1.7859 -0.1738 0.56298 -1.0544 -0.35557 -0.61713 -0.9241 -0.53582
5.0339 -5.6073 -2.0012 -1.5526 -1.6672 -2.0481 -0.44732 0.52811 -0.68097 -0.52993 -0.84036 -0.84682 -0.1515
4.7839 -5.5472 -1.6936 -1.7255 -1.8804 -2.1785 -0.53283 0.35796 -0.70982 -0.5428 -0.8769 -0.91881 -0.088559
4.57 -5.5721 -1.4339 -1.7374 -2.0127 -2.3132 0.11741 0.002495 -0.60707 -0.27673 -0.98306 -0.67535 -0.31027
4.3022 -5.3014 -1.192 -1.4257 -2.4828 -2.0532 0.15798 -0.19135 -0.5165 -0.095826 -0.81786 -0.48668 -0.18879
4.0161 -4.9893 -0.77692 -1.6623 -2.4437 -2.0229 0.42864 -0.077226 -0.71763 -0.032086 -0.41426 -0.63334 -0.12376
3.6669 -4.1997 -0.93946 -1.5332 -2.384 -1.8382 0.36475 -0.78879 -0.78915 -0.29449 0.484 -0.628 -0.41594
2.6116 -3.4733 -0.31163 -1.5632 -1.745 -1.8215 -0.37696 -1.0038 -0.46593 -0.50463 0.59634 -0.49539 0.17272
2.4009 -3.7042 -0.1325 -1.5034 -2.0044 -1.3277 0.19225 -1.2289 -0.63741 -0.60502 0.74175 -0.69925 -0.45714
2.3745 -3.747 -0.29794 -1.6099 -1.8311 -1.6058 -0.41788 -1.3489 -0.62701 -0.61442 0.3146 -0.82953 -0.64059
2.4604 -3.6906 0.067988 -1.3096 -1.847 -1.4508 0.30048 -0.8611 -1.0571 -0.56952 1.2012 -0.59938 -0.25118
2.6658 -3.575 -0.21305 -1.7167 -1.3231 -1.6982 -0.25375 -0.79438 -0.62274 -0.37611 0.5038 -0.91211 -0.16902
3.1251 -3.7084 -0.27963 -1.89 -1.995 -1.6414 -0.29252 -1.5725 0.087137 -0.14734 0.2568 -1.1329 -0.3846
3.2819 -3.8788 -0.34745 -1.5562 -2.0506 -1.8232 -0.2684 -1.0162 -0.19674 -0.34616 0.52032 -0.96464 -0.3942
3.2391 -4.2386 -0.38441 -1.6684 -2.7003 -1.7594 -0.46188 -1.3827 -0.3195 -0.48932 0.29195 -1.213 -0.71395
3.2966 -4.3162 0.024248 -1.5006 -2.2253 -1.5663 -0.4432 -1.0873 0.2719 -0.19756 0.41193 -0.2266 -0.24794
3.2846 -4.2373 -0.097057 -1.4881 -2.2595 -1.5051 -0.63232 -1.1594 0.11547 -0.056317 0.32572 -0.67951 -0.30964
3.4029 -4.2189 0.094146 -1.589 -2.2068 -1.7732 -0.6403 -0.92484 0.36443 -0.35807 -0.05009 -0.56334 -0.34378
3.8548 -4.1809 0.18134 -1.5201 -2.8126 -1.7936 -0.1663 -0.74661 0.56466 -0.64013 -0.14414 -0.46032 -0.27268
4.423 -4.6317 0.67953 -1.3313 -3.4753 -2.4309 0.19925 0.1518 0.96363 -0.78002 -0.48409 -0.5636 0.10081
4.4408 -5.5057 -0.15103 -1.899 -3.6827 -1.5115 -0.060106 -0.24823 -0.083367 -0.10753 -0.75788 -1.2943 -0.50499
4.0183 -5.3381 -1.4012 -1.8053 -2.3857 -0.82479 0.14329 -0.060517 -0.53478 -0.19034 -0.50879 -1.2387 -0.22859
3.7323 -5.0864 -1.9431 -2.3814 -1.7098 -1.1368 -0.30749 -0.14751 -0.823 -0.52623 -0.40627 -0.85436 -0.44836
3.5458 -5.3444 -1.6066 -2.2103 -1.1521 -0.90161 -0.36523 0.5512 -0.45215 -0.59482 -0.43434 -0.83291 0.076512
3.0734 -5.5873 -1.7757 -1.1286 -0.99249 -0.81313 -0.29203 0.51741 -0.92561 -1.1069 -0.88891 -0.5642 0.015578
2.7006 -5.1138 -1.9697 -1.6963 -1.0012 -0.9383 -0.83837 0.35198 -0.41748 -0.8657 -0.69623 -0.37881 -0.28663
2.2372 -4.1248 -1.899 -2.1842 -1.1562 -1.5917 -0.46425 0.01234 -0.40758 -0.8325 -0.7449 -0.47442 0.16194
1.8759 -3.9453 -1.0741 -1.6559 -0.6669 -1.2447 -0.20858 0.5526 -0.47028 -0.74459 -0.52337 -0.35848 0.39614
1.7314 -3.8208 -0.71583 -1.8285 -1.3262 -1.5414 -0.15144 0.24989 -0.25514 -0.46676 -0.13146 -0.36141 0.65902
1.1472 -4.005 -0.79649 -1.544 -1.2497 -1.4513 -0.54935 -0.14301 -0.14031 -0.24475 -0.09548 -0.36049 0.4684
0.45953 -3.719 -0.20508 -0.85943 -1.0133 -0.97169 -0.16478 -0.57474 -0.94721 -0.62998 0.11242 -0.75963 -0.21226
