-0.55051 -2.8074 0.39824 0.10061 0.48329 0.4391 0.47156 0.45803 0.55899 0.059571 -0.39284 -0.17542 0.029924
3.0389 -2.993 0.22131 -1.6835 -2.0209 -1.8575 -0.073939 -0.35737 0.13111 -0.68348 0.04106 -0.39091 -0.30597
4.0563 -4.9077 -0.98581 -1.773 -2.1379 -1.8016 -0.6039 0.072068 -0.48772 -0.62685 -0.10558 -0.63575 -0.663
4.1903 -4.5559 -1.6876 -1.8327 -1.9052 -1.886 -0.24704 0.073923 -0.61797 -0.56423 -0.15501 -0.56929 -0.57231
4.1942 -4.8176 -1.6322 -2.0758 -2.1059 -2.0617 -0.94212 -0.093688 -0.42893 -0.78442 -0.66453 -0.7993 -0.36699
3.2903 -3.7758 -0.70341 -1.8498 -1.8538 -2.0767 -0.54556 -0.54323 -0.23035 -0.66293 -0.18547 -0.99765 0.041184
2.3925 -3.371 0.16373 -1.1651 -1.8448 -1.553 -0.24152 -0.91559 -0.014731 -0.54158 0.21499 -0.73226 0.18968
2.1925 -3.653 -0.0059046 -0.84388 -1.5186 -1.2825 -0.55001 -0.97952 -0.19812 -0.2279 0.12976 -1.0042 -0.10221
2.0795 -4.0356 -0.09474 -0.58169 -1.2544 -1.2864 -1.327 -1.6486 -0.022585 -0.094245 -0.26035 -0.70909 -0.43285
2.1045 -4.4453 -0.55906 -0.87742 -1.6923 -1.8126 -1.4487 -1.7012 -0.34952 -0.44286 -0.42558 -1.0959 -0.4226
2.5322 -3.7288 -0.56015 -1.4202 -1.483 -1.3454 -0.77817 -0.53355 0.31095 -0.55638 -0.61491 -0.59552 -0.17408
4.2174 -3.9764 -1.1988 -1.9673 -1.5937 -2.572 -0.83076 0.13233 0.68147 -0.38756 -0.60715 -0.88904 -0.29439
4.7124 -5.1319 -2.5126 -1.6192 -1.9385 -1.7903 -0.3966 0.39998 -0.43941 -1.1222 -0.5562 -0.85086 -0.96875
5.1442 -5.8035 -2.7234 -1.8629 -2.1771 -1.687 -0.34549 0.40465 -0.91482 -0.9506 -0.89956 -1.2272 -1.015
5.1159 -5.4126 -2.4041 -1.6427 -2.0324 -1.5784 -0.14575 0.29801 -0.71618 -0.74059 -0.66518 -0.85877 -0.46861
5.1231 -5.2788 -2.2567 -1.3177 -1.7916 -1.2664 0.38415 0.4224 -0.58931 -0.35922 -0.81385 -0.90142 -0.247
4.803 -5.2545 -2.3687 -1.77 -1.9101 -1.2949 0.30586 0.044108 -0.67272 -0.61782 -0.75973 -0.9476 -0.2881
4.7188 -5.2478 -2.2325 -1.9583 -1.8543 -1.5141 0.21623 -0.073309 -0.93824 -0.55732 -0.87821 -1.0124 -0.35658
4.6711 -5.3439 -2.2967 -1.789 -2.0429 -1.3046 0.56935 -0.001629 -0.55134 -0.64438 -0.71195 -1.0757 -0.64906
4.6607 -5.1769 -1.8061 -1.4331 -2.3656 -1.6069 0.22272 0.16756 -0.91466 -0.10902 -0.5975 -0.68514 -0.16246
4.3095 -4.9526 -1.4676 -1.5349 -2.3527 -2.0724 0.18266 0.049446 -1.0434 -0.031858 -0.9251 -0.55388 0.056283
3.9153 -5.0084 -0.51025 -1.3919 -2.7129 -2.5789 -0.074276 -0.061649 -0.79584 -0.19277 -0.79817 -0.99278 -0.056308
3.4489 -4.2324 -0.446 -1.4215 -2.6468 -2.4214 0.017129 -0.32986 -0.73829 -0.50662 0.39862 -0.84825 0.20002
2.3199 -3.5066 0.071707 -0.93061 -1.7935 -1.4349 -0.22683 -1.1531 -0.29911 -0.25133 0.78411 -0.61107 -0.16384
2.0899 -3.6282 0.1664 -0.76371 -1.8047 -1.4826 -0.40512 -1.3779 -0.59784 -0.35875 0.71105 -0.79401 -0.49615
2.107 -3.7435 0.064911 -0.83622 -2.0188 -1.5085 -0.4868 -1.67 -0.66953 -0.60449 0.51605 -0.81304 -0.45737
2.4222 -3.7381 0.10871 -0.90987 -1.9565 -1.3497 0.29687 -0.95648 -0.80879 -0.56322 1.0233 -0.94384 -0.39738
2.8745 -3.6811 -0.048115 -1.3451 -1.931 -1.5967 -0.33101 -1.2505 0.16595 -0.39659 -0.037369 -0.98769 -0.00016716
3.0753 -4.1133 0.19247 -1.2299 -2.6597 -1.6282 -0.18603 -1.0551 -0.22514 -0.46105 0.29873 -0.9154 -0.54684
3.0633 -4.2569 0.046681 -1.8609 -2.0702 -2.1365 -1.2614 -1.3486 -0.35204 -0.18707 -0.19475 -0.78357 -0.31365
3.0655 -4.251 0.41931 -1.657 -2.3309 -1.5605 -0.4995 -1.0293 -0.65969 -0.22245 0.12152 -0.64422 -0.43105
3.0348 -4.4548 0.062823 -1.6266 -1.8608 -1.3596 -0.71888 -1.0175 -0.30544 -0.3414 -0.13132 -0.69884 -0.90394
2.9607 -4.4677 0.31363 -1.2838 -2.6985 -1.2008 -0.19796 -1.3106 -0.3589 -0.11728 0.56485 -0.33471 -0.48891
3.1679 -4.7266 0.35042 -1.5275 -2.3859 -1.0316 -0.74421 -0.80037 0.11996 -0.30215 -0.1992 -0.67235 -0.050471
3.7973 -4.8526 0.14265 -1.3761 -2.7972 -1.5946 -0.8306 -0.29234 0.30573 -0.57772 -0.25168 -0.26656 -0.66092
4.7845 -5.391 0.6869 -2.0541 -3.6503 -1.6815 -0.23051 -0.31386 0.5446 -0.19631 -0.79993 -0.35557 -0.71544
4.7564 -5.1506 0.34027 -1.5864 -3.1977 -1.337 -0.023091 0.29985 0.525 -0.17808 -1.0466 -0.4278 0.063478
3.6662 -5.1277 -1.3204 -2.7028 -2.9129 -1.2574 0.087475 -0.74067 -1.0731 -0.70419 -0.67598 -0.81125 -0.30992
3.5595 -4.1745 -1.1788 -3.0305 -1.0351 -0.92313 0.027287 -0.176 -1.3714 -0.26258 -0.11697 -0.51111 -0.2627
3.5237 -4.7027 -1.3056 -2.674 -1.7962 -0.48474 -0.01168 0.070115 -0.86896 -0.28353 -0.16193 -0.72604 -0.027211
2.8628 -4.9991 -1.5184 -1.8143 -1.365 -0.69251 -0.33067 -0.24768 -0.62231 -0.5894 -0.3104 -0.56067 -0.070802
2.2824 -4.5694 -1.8352 -1.583 -1.4006 -1.0088 -0.4023 -0.42985 -0.45765 -0.72303 -0.41711 -0.44168 -0.23526
1.9501 -4.2831 -1.2073 -1.7968 -1.1141 -1.0068 -0.012982 -0.055199 -0.51346 -0.45967 -0.11386 -0.5526 0.086316
1.0303 -3.8238 -0.78884 -1.5328 -0.41061 -0.61642 0.11474 0.069294 -0.84775 -0.49122 -0.10189 -0.57854 0.26644
0.47194 -3.6107 -0.37233 -0.80859 -0.3398 -0.79992 -0.85941 -0.84352 -0.44043 -0.24944 -0.16802 -0.056723 0.093364
0.57532 -3.7343 -0.27572 -0.79138 -0.79666 -0.97278 -0.63623 -0.92432 -0.78886 -0.52621 -0.064629 -0.49071 -0.22507
