-7.6157 -2.6484 0.45058 0.069769 0.3822 0.22751 0.32174 0.23262 0.26827 0.2086 0.22445 0.18158 0.18592
-4.473 -2.7877 0.31453 -0.063275 0.25336 0.10306 0.20156 0.1137 0.15305 0.10007 0.12128 0.07973 0.088383
-3.8426 -2.7569 0.36938 -0.0079976 0.23542 0.050831 0.051372 -0.12072 0.0052157 -0.077099 -0.016347 0.0019317 -0.066432
1.1008 -2.5079 0.16536 -2.1232 -2.1753 -1.9111 -0.49218 -1.2791 -0.61728 -1.3439 -0.44769 -0.75937 -0.60714
2.5199 -3.5536 -0.4361 -2.1508 -2.3558 -1.742 -0.58308 -0.44875 -0.70967 -1.2789 -0.63588 -0.85076 -1.3342
3.0255 -3.4147 -0.64367 -2.3051 -2.1421 -1.3621 -0.82498 0.10898 -1.0494 -1.3721 -0.48047 -0.92663 -1.1697
3.3042 -3.7187 -1.1307 -1.9177 -2.0816 -1.5292 -0.48176 0.27409 -1.1705 -1.5512 -0.70322 -0.76456 -1.0714
3.2333 -3.4069 -0.6968 -2.0356 -1.6279 -1.0758 -0.54714 0.47231 -1.1251 -1.4164 -0.56657 -0.88472 -1.0393
3.2761 -3.803 -1.3757 -2.1693 -1.9833 -1.5599 -0.87388 0.13876 -1.4596 -1.8519 -0.96787 -1.0394 -1.4993
2.9505 -2.999 -1.223 -1.8441 -1.2981 -1.609 -0.40696 0.098182 -1.1701 -1.4614 -0.66346 -0.91251 -1.266
1.8055 -3.1901 -0.77152 -1.3748 -1.1429 -1.5627 -0.98005 -0.80781 -0.96489 -1.3704 -1.0737 -1.194 -1.0867
1.8387 -2.6091 1.0034 -0.31392 -0.92893 -1.5638 -1.7804 -2.057 0.43557 -1.1662 -1.9967 -1.0871 -1.0321
1.8893 -2.8023 0.97398 -0.42115 -1.2203 -1.4229 -1.8581 -2.2392 0.49491 -1.3029 -2.245 -1.1146 -1.126
1.8078 -2.3898 0.8948 -0.63565 -0.895 -1.5299 -1.4751 -2.0183 0.24206 -1.5503 -1.9947 -0.62658 -0.98844
1.8466 -2.8615 0.85309 -0.12205 -0.99357 -1.2571 -1.7122 -2.566 -0.099117 -1.3458 -1.3604 -0.41036 -1.1522
1.8883 -2.8824 0.68776 -0.19834 -0.77856 -1.4097 -1.8458 -2.5804 0.044767 -1.5969 -1.7431 -0.21366 -1.1637
2.483 -2.9033 -1.3585 -0.97885 -1.6928 -2.5311 -0.97595 -1.2593 -0.84343 -1.5214 -0.99083 -0.97119 -1.3122
3.5527 -3.7259 -1.6926 -0.88656 -2.321 -1.6514 -0.51732 0.042485 -1.4151 -1.3244 -0.66027 -1.2754 -1.1873
3.9929 -4.2577 -1.5558 -1.1028 -2.2363 -1.3274 -0.27433 0.16556 -1.6095 -1.1533 -0.80752 -1.0797 -1.2813
3.9751 -4.3243 -1.6878 -1.6298 -2.5495 -1.3652 -0.49603 -0.19209 -1.6675 -1.3957 -0.98824 -1.362 -1.2409
4.1256 -4.5187 -1.568 -1.4342 -2.598 -0.93632 -0.38188 -0.10768 -1.6428 -1.2967 -1.037 -1.2408 -1.1286
4.0978 -4.6999 -1.8458 -1.5434 -2.9249 -1.2669 -0.37661 -0.37082 -1.6751 -1.385 -1.1596 -1.3319 -1.1666
4.1616 -4.289 -1.9235 -1.1622 -2.7168 -0.79681 -0.24988 -0.020346 -1.4447 -1.2534 -0.7722 -1.2626 -0.90549
3.9808 -4.3439 -2.1762 -1.6451 -2.5895 -1.3156 -0.34188 -0.38975 -1.557 -1.6067 -0.85129 -1.4418 -1.2733
4.0155 -3.9577 -1.5229 -1.3092 -2.2072 -1.1452 0.12526 0.17878 -1.3834 -1.2652 -0.75431 -1.3626 -1.0842
3.9001 -3.9542 -1.3883 -1.6558 -1.7528 -1.5075 0.27859 0.24744 -1.6271 -1.1963 -0.78274 -1.3666 -0.92368
3.864 -3.7958 -1.5256 -1.8429 -1.7712 -2.0345 -0.050065 0.0635 -2.1094 -0.95035 -1.1133 -1.4671 -0.94851
3.5909 -3.6952 -0.90063 -1.4134 -2.1013 -1.4182 0.18264 -0.29153 -1.7408 -0.75419 -0.76802 -1.0949 -0.65014
3.3575 -4.4118 -1.3247 -2.1297 -2.9019 -1.6758 -0.77587 -1.2132 -1.8375 -1.2299 -1.2276 -1.5125 -0.78371
3.093 -3.88 -0.69804 -2.3265 -2.4376 -1.361 -0.4672 -1.2101 -1.4447 -1.3622 -0.73954 -1.1597 -0.33143
3.0191 -3.7175 -0.2759 -2.518 -2.8164 -1.3452 -0.77573 -1.2441 -1.1466 -1.4688 -0.68294 -0.53042 -0.64065
2.1408 -3.2784 0.09595 -1.7472 -2.7925 -2.2692 -0.96689 -1.7454 -1.1996 -1.3373 -0.45573 -1.1386 -0.81209
2.3775 -2.3988 1.0816 -0.55016 -1.6318 -1.8616 -1.5304 -2.8308 -0.11585 -1.3535 -0.95031 -0.691 -0.64128
2.3597 -3.0013 1.2217 -0.14295 -1.3156 -1.9975 -1.719 -2.4347 -0.35547 -1.4446 -0.97173 -0.96815 -0.79508
2.3864 -3.2881 0.97969 -0.48353 -1.4092 -2.1808 -1.7115 -2.8154 -0.74019 -1.3915 -0.92639 -0.81128 -0.65223
2.4466 -3.4288 0.65552 -0.83529 -1.9137 -1.9466 -1.3268 -2.6906 -1.2253 -1.9769 -1.3702 -0.98708 -0.55289
2.5118 -3.1881 1.0151 -0.99694 -2.0711 -1.5011 -1.0412 -2.6119 -0.65629 -1.8989 -0.98024 -0.61168 -0.63642
2.6106 -3.336 1.0962 0.018018 -2.1032 -1.5974 -1.1081 -2.2597 -0.41559 -1.7597 -0.80509 -0.52552 0.070896
2.6086 -2.7175 1.6332 -0.78259 -1.5251 -1.5598 -1.5286 -2.3196 -0.55595 -2.0174 -0.86194 -0.2422 -0.19747
2.663 -3.6273 0.62641 -0.23631 -1.743 -2.1968 -2.2275 -3.1618 -0.95933 -1.7929 -0.8809 -0.5226 -0.27812
2.6183 -3.0153 1.0846 0.40472 -1.3484 -1.4175 -1.3178 -2.5083 -0.38921 -1.9716 -0.42503 0.19985 0.24755
2.6816 -3.4084 1.0758 -0.13612 -1.4237 -1.8053 -1.4977 -3.0982 -1.1124 -1.8645 -0.47957 0.038391 0.10978
2.7636 -3.0644 1.3429 0.35025 -1.5246 -1.5411 -1.0833 -2.7293 -0.60091 -1.582 -0.2437 0.30913 0.32925
2.7493 -4.0303 0.58353 -0.71517 -2.2392 -2.2555 -1.9028 -3.0323 -0.78876 -1.5638 -0.65257 0.14621 0.17242
2.6854 -3.5672 1.1368 -0.40229 -2.0104 -1.8738 -1.393 -2.5615 -0.1832 -0.98856 -0.15418 0.40398 0.2064
2.6429 -3.806 0.90244 -0.67659 -2.5129 -2.0075 -1.3067 -2.6393 -0.22016 -0.74317 -0.40797 -0.14534 0.13391
2.527 -4.206 0.15672 -1.4572 -3.3574 -2.0747 -1.15 -2.3254 -0.27493 -0.94803 -0.28909 -0.45954 0.52093
2.3816 -4.0587 -0.59097 -1.6002 -2.9019 -2.276 -0.55532 -1.8517 -0.15728 -0.92836 0.42078 -0.13801 0.6618
2.4461 -4.3995 -0.78569 -2.14 -3.1333 -2.4113 -0.39603 -1.4666 -0.89146 -1.073 0.25949 -0.47574 0.66829
2.3884 -4.2539 -0.37918 -2.202 -2.6491 -2.1877 -0.41618 -1.0938 -1.284 -0.8948 0.21511 -0.638 0.71405
2.2953 -4.1366 -0.72102 -3.0547 -2.3225 -2.0322 -0.90873 -1.5183 -0.53654 -1.4129 -0.17669 0.039823 0.65498
2.0101 -3.7284 -0.46103 -2.3703 -2.1687 -2.1017 -0.35655 -1.4276 -0.61379 -1.2101 0.18819 -0.30058 0.80267
1.6291 -4.2044 -0.77197 -2.4774 -2.051 -2.2996 -0.95973 -1.6973 -0.98887 -1.2292 -0.35276 -0.57794 0.443
1.1878 -4.1447 -0.51087 -2.027 -2.0019 -2.0913 -0.68076 -1.5607 -0.43999 -0.49887 0.36467 -0.51304 0.79221
1.1019 -4.0929 -0.18233 -1.3299 -1.8056 -2.0974 -1.2405 -1.7308 -0.16809 -0.42951 -0.010238 -0.60593 0.41703
0.98753 -4.2636 -0.44561 -1.5196 -1.8351 -1.8041 -1.1961 -2.1069 -0.48178 -0.73314 -0.13493 -0.3411 0.35434
0.38602 -4.4308 -0.53768 -1.2774 -1.7922 -1.6393 -1.1118 -1.9863 -0.81705 -0.88817 -0.073467 -0.30769 0.36729
-0.63358 -4.5558 -0.84549 -0.99189 -0.71428 -1.1563 -1.3092 -1.376 -0.81577 -0.44282 -0.18141 -0.03524 0.63
-1.5772 -4.5533 -0.89038 -1.3839 -0.99445 -1.1822 -0.98276 -1.2066 -1.1162 -0.16079 0.9923 0.77041 0.5295
-3.7386 -3.5071 0.14677 -0.77158 -0.72935 -0.83236 -0.33255 -0.76959 -1.0579 -0.0029809 1.427 0.63476 0.033757
-5.7632 -3.2148 0.3513 -0.60485 -0.72991 -0.76506 -0.29431 -0.90898 -1.2032 -0.20037 1.091 0.15235 -0.62451
