3.0423 -2.305 -1.2883 -2.2122 -2.0282 -1.6365 0.5203 -0.58065 -0.25835 -1.3575 0.36601 -0.64921 0.59675
4.1371 -3.545 -2.2465 -2.6288 -1.1543 -1.4138 0.24699 -0.30984 -0.52818 -1.3841 0.20338 -0.42535 -0.033239
4.5148 -3.7632 -2.6778 -1.9868 -1.2122 -1.0434 0.293 -0.010224 -0.70697 -1.664 0.10335 -0.26596 0.08409
4.5534 -3.9733 -3.1601 -2.206 -0.77102 -0.95476 0.024922 -0.073919 -0.84064 -1.1632 0.1404 0.13652 -0.082639
4.3144 -3.7112 -2.7948 -2.1466 -0.38463 -0.81288 -0.071558 -0.33874 -0.7647 -1.1341 -0.06606 -0.046705 -0.77754
4.2297 -4.4317 -2.7461 -2.3042 -1.1667 -1.3485 -0.13557 -0.74302 -0.95694 -1.4431 -0.33868 -0.33484 -0.55699
3.8865 -3.9989 -2.3559 -2.3494 -1.2661 -1.4467 -0.25862 -0.49633 -0.56541 -1.1403 -0.37059 -0.38647 -0.90179
3.0908 -3.0969 -1.5217 -1.6668 -1.5003 -2.0296 -0.94246 -0.55154 -0.20827 -1.3023 -0.33403 -0.82772 -0.28893
2.674 -3.5526 -0.26759 -1.4436 -1.6689 -1.6039 -0.88331 -1.5372 -0.46018 -1.1465 -0.48347 -0.3813 -0.27689
2.4551 -3.487 -0.13646 -1.2604 -1.1256 -1.7209 -1.3325 -1.5463 -0.41469 -1.1142 -0.65006 -0.33879 -0.57483
2.6794 -3.7197 -0.10437 -0.72505 -1.3548 -1.3986 -1.0443 -1.5413 -0.2899 -0.91744 -0.52352 -0.47901 -0.16978
2.561 -3.6869 0.22658 -0.16995 -1.3668 -1.1619 -0.78299 -1.6368 -0.43649 -1.2332 -0.64499 -0.68262 -0.098386
2.6486 -3.4173 0.094806 -0.72497 -1.6009 -1.4663 -0.83193 -1.6079 -0.23259 -1.0601 -0.55901 -0.65729 -0.21653
4.0254 -3.0114 -1.9555 -1.3123 -2.0553 -2.3792 -0.16441 -0.38246 -0.18892 -1.2381 -0.21803 -0.22981 -0.091624
4.6984 -4.1665 -2.7257 -1.5027 -1.9429 -1.3155 0.13657 -0.34641 -0.81033 -1.1498 -0.29507 -0.41017 -0.39948
5.0016 -4.0178 -2.9439 -1.5414 -1.9823 -1.4889 0.33917 -0.45236 -1.3009 -1.2297 -0.026296 -0.91198 -0.20959
5.2064 -4.9786 -3.1884 -1.8266 -2.2581 -1.8094 0.22734 -0.63205 -1.6356 -1.0826 -0.28023 -0.95636 -0.18753
5.1416 -5.1974 -2.9396 -1.8722 -2.5557 -1.6026 0.323 -0.56764 -1.4325 -1.1347 -0.17442 -0.99532 -0.13363
4.9348 -5.1254 -2.245 -1.483 -2.4898 -1.7191 0.57461 -0.48254 -0.82638 -1.0898 -0.16471 -0.87552 -0.01866
4.5269 -4.7124 -1.6033 -1.3959 -2.3377 -1.5501 0.59976 -0.67277 -0.47135 -0.73363 0.027102 -0.9655 0.2513
4.1581 -4.3794 -0.84898 -1.298 -2.8674 -2.4089 0.34183 -0.4457 -0.46708 -0.90095 0.052396 -1.3377 0.35999
3.5635 -3.8102 -0.48176 -1.5945 -2.9206 -3.0297 -0.17554 -0.25303 -0.45816 -1.1199 0.11181 -1.3419 0.55046
2.7258 -3.7122 -0.20544 -1.6958 -2.4938 -1.9386 -0.791 -1.9311 -0.49986 -1.4419 -0.72461 -0.73512 -0.12115
2.6401 -3.2265 0.051866 -1.5033 -2.1071 -1.8525 -0.62781 -1.6611 0.071174 -1.4395 -0.95794 -0.70773 -0.00099331
2.5563 -3.5227 0.16283 -1.0427 -1.9766 -1.6522 -0.52681 -1.4442 -0.29105 -1.2713 -0.44581 -0.58405 0.12209
2.3652 -3.484 0.099444 -1.2032 -1.785 -1.6121 -0.66965 -1.7265 -0.63437 -1.3454 -0.3515 -0.3601 -0.056484
2.3152 -3.2481 0.23891 -1.0294 -1.754 -1.5734 -0.31471 -1.1569 -0.35075 -1.1102 -0.27898 -0.94168 -0.18156
2.1941 -3.3914 0.059839 -1.1962 -1.7696 -1.6399 -0.64901 -1.4524 -0.079954 -0.9208 -0.54618 -0.90278 -0.09133
2.0579 -3.3145 0.36418 -0.51178 -1.3237 -1.3123 -0.73347 -1.4331 0.086216 -0.81676 -0.67381 -0.83838 -0.078435
2.0428 -3.5306 0.060645 -0.81632 -1.5966 -1.5604 -0.86868 -1.5628 -0.20149 -0.85518 -0.42387 -0.80489 -0.19153
1.934 -3.2145 0.36403 -0.66267 -1.7057 -1.4829 -0.23606 -0.90491 -0.16365 -0.83853 -0.11089 -1.0073 -0.048518
1.929 -3.3133 0.22843 -0.88554 -1.5936 -1.4752 -0.7003 -1.5949 0.16319 -0.73072 -0.47623 -0.78623 -0.20882
1.8545 -3.3727 0.35119 -0.44533 -1.4847 -1.4457 -0.73412 -1.6792 -0.2672 -0.8803 0.075708 -0.45037 -0.59702
1.5655 -2.9608 0.36808 -1.0111 -1.3568 -1.3187 -0.29598 -1.2648 -0.15652 -0.74976 0.07591 -0.54543 -0.50216
1.5742 -2.9997 0.54329 -0.80333 -1.6879 -1.4796 -0.1403 -1.1603 -0.080792 -0.83862 0.1811 -0.72122 -0.46499
2.0971 -3.1329 0.22729 -1.8626 -1.9354 -1.8853 -0.3121 -1.1289 -0.36259 -0.71645 -0.15192 -0.91977 -0.11382
2.6505 -3.1431 0.32337 -1.5133 -2.4585 -1.884 -0.20812 -1.1672 0.53489 -0.77325 -0.10922 -1.2882 0.088132
2.965 -3.652 -0.20643 -1.4018 -2.5862 -1.6358 0.11547 -0.75711 0.28256 -0.82676 0.14012 -0.73153 0.02982
3.3641 -4.5958 -0.62826 -1.3483 -2.9342 -1.2721 -0.0059673 -0.86621 0.037171 -0.41514 -0.029401 -0.78037 -0.010779
3.5407 -4.6702 -0.89331 -1.2443 -2.7238 -1.3232 0.15487 -0.90237 -0.36461 -0.58448 -0.076069 -0.73568 -0.05886
3.7227 -4.8377 -1.8303 -1.1278 -1.9727 -1.3439 0.059386 -0.53953 -0.80653 -0.45804 0.2782 -0.65807 -0.0028017
4.144 -5.0702 -2.4776 -1.2588 -0.97866 -1.6511 0.024414 -0.13918 -1.1029 -0.9175 0.23193 -1.1357 -0.20957
4.3727 -5.4672 -2.9278 -0.90082 -0.48893 -1.8376 -0.34774 -0.21457 -0.63179 -1.2103 -0.18862 -0.79082 0.12172
4.6348 -5.6777 -3.4392 -1.4974 -0.54827 -2.2472 -0.80434 -0.038986 -0.4718 -0.93017 -0.24666 -0.33495 -0.094038
4.3054 -5.4899 -3.0726 -1.322 -0.020894 -2.4582 -0.62199 -0.25538 -0.53875 -0.49737 -0.56472 -0.34998 -0.066995
4.1842 -5.3623 -3.4212 -1.6346 -0.46254 -2.1513 -1.1346 -0.083374 -0.43367 -0.46149 0.022868 0.030082 0.37098
3.5862 -4.8979 -2.8263 -1.9726 -0.40605 -1.7595 -1.1464 -0.46351 -0.40296 -0.041918 0.27491 0.27226 0.63818
3.5736 -4.6079 -2.9273 -2.0892 -0.63975 -1.7074 -1.0143 -0.16126 0.099202 0.21184 -0.11519 0.83534 1.1191
3.3074 -5.6541 -2.6161 -1.9991 -0.18837 -1.7426 -1.4083 -0.31318 -0.25755 -0.29886 -0.63468 1.0492 1.2982
2.8401 -5.3132 -2.2552 -1.8086 -0.52646 -1.4736 -1.7213 -0.49003 0.16242 -0.23337 -0.81759 0.83313 1.2157
2.4204 -4.9083 -1.643 -1.7819 -0.96038 -1.654 -1.1288 0.034957 0.10681 -0.16381 -0.18189 0.55807 1.1457
1.5921 -5.0916 -1.3908 -1.5186 -1.3023 -1.6771 -1.0118 -0.24424 -0.15346 -0.11125 0.11391 0.2917 1.2676
