4.4355 -5.4092 -0.20365 -1.7834 -2.8456 -2.0484 -0.77158 0.0010611 -0.90143 0.20557 -0.25199 -1.0974 -0.4648
4.9655 -5.6298 -0.42873 -1.7662 -2.9732 -1.6086 -0.28847 0.12498 -0.75238 0.13178 -0.60979 -0.83255 -0.10668
5.4591 -6.048 -0.72246 -1.98 -3.1657 -1.1756 -0.15406 0.36715 -1.0375 -0.14328 -0.71039 -0.87495 -0.14766
5.5503 -6.2039 -0.79676 -1.9008 -2.8169 -0.69305 0.17542 0.29008 -1.0116 -0.10162 -0.32742 -0.46092 -0.019286
5.3124 -5.8313 -1.083 -1.5549 -2.668 -0.52957 -0.0072659 0.086597 -1.1176 0.18619 -0.17754 -0.44215 -0.0090899
5.202 -5.898 -1.2718 -1.7458 -2.8898 -0.92987 -0.27707 -0.053659 -1.4497 -0.16885 -0.098935 -0.31084 0.040235
5.1518 -5.7545 -1.537 -1.4379 -2.7201 -0.74972 -0.41079 -0.094018 -1.615 -0.22891 0.020681 -0.11709 0.33439
4.8837 -5.3803 -1.4528 -1.1944 -2.1758 -0.7036 -0.27292 0.097945 -1.5654 -0.33688 0.055793 0.0055235 0.47049
4.5049 -5.374 -1.4452 -1.5129 -2.035 -0.83798 -0.61192 -0.30208 -1.741 -0.3022 0.27279 -0.020666 0.27082
3.752 -5.0258 -1.5276 -1.1799 -2.0791 -1.2178 -0.77144 -0.56256 -1.3021 -0.82329 0.25962 0.061478 0.26257
2.9007 -4.327 -0.27802 -0.39456 -1.49 -1.5179 -1.0117 -0.85741 -0.89981 -0.59272 0.77031 0.25892 0.40221
1.8479 -2.9197 0.22934 -0.83068 -0.8035 -1.9762 -0.92248 -0.82563 -1.1373 -0.47485 0.82466 -0.31812 0.23674
1.3466 -3.1034 0.29043 -0.77622 -1.3826 -1.5416 -0.46684 -0.78919 -0.60811 -0.66459 0.22151 -0.92312 -0.15185
1.4657 -2.5205 0.76508 -1.1718 -1.5353 -2.111 -0.42137 -0.42351 -0.47501 -1.0893 0.10259 -0.67402 -0.11675
1.432 -2.8439 0.26618 -0.59342 -1.2712 -1.6911 -0.66841 -0.8327 -0.58534 -0.50462 0.40033 -0.87682 -0.3077
1.2796 -3.075 0.43438 -0.30032 -0.97202 -1.5429 -0.928 -0.70153 0.079887 -0.55592 -0.38368 -1.0517 -0.44866
1.7335 -3.31 0.12666 -0.43837 -1.527 -1.7544 -0.465 -0.90504 -0.50443 -0.58133 0.0094614 -0.89122 -0.64435
4.0184 -4.7511 -0.52491 -1.2007 -2.7347 -2.1149 -1.0433 -0.1816 -0.83772 -0.095819 0.48926 -0.66659 -0.7382
4.4131 -5.0962 -0.91949 -1.4842 -2.6648 -1.1155 -0.63609 -0.37541 -0.80698 0.076032 0.056925 -0.38806 -0.25413
4.8764 -5.7015 -0.85118 -1.38 -2.8935 -0.45532 -0.38125 -0.16853 -1.2574 0.13845 -0.051274 -0.36927 -0.20912
5.2159 -6.0945 -0.91859 -1.8221 -3.0805 -0.40708 -0.15436 -0.26539 -1.3994 0.16418 -0.043361 -0.21764 -0.41723
5.4189 -6.258 -1.3203 -2.0608 -3.1895 -0.37507 -0.66299 -0.32518 -1.5196 0.11601 -0.33081 -0.20207 -0.42244
5.3755 -6.0974 -0.96519 -1.7678 -3.1239 -0.13923 -0.026465 -0.14363 -1.4838 0.26514 -0.12999 -0.13547 -0.5139
5.2806 -6.1904 -1.4861 -1.9329 -3.0282 -0.2006 -0.3473 -0.21486 -1.3859 0.13054 -0.40657 -0.2068 -0.57151
5.1448 -6.0781 -1.2096 -1.9836 -2.8403 -0.35745 -0.079113 -0.25817 -1.4916 0.12533 -0.42934 -0.34437 -0.79971
5.0072 -5.8226 -1.148 -2.0714 -2.7659 -0.42932 -0.22992 -0.58072 -1.2741 0.22182 -0.36346 -0.32349 -0.4902
4.9175 -5.4289 -1.128 -1.9574 -2.3086 -0.29082 -0.15197 -0.11592 -1.0932 0.3231 -0.22009 -0.57839 -0.53475
5.037 -5.7134 -1.2336 -2.4214 -3.0047 -0.44694 -0.20398 -0.71463 -1.2913 0.3137 -0.3008 -0.62801 -0.55266
5.1644 -5.8647 -1.0608 -2.3899 -2.9485 -0.21763 -0.27248 -0.58477 -1.012 0.3254 -0.50584 -0.48135 -0.52258
5.1786 -5.8789 -1.0915 -2.1318 -2.8536 0.076407 -0.070073 -0.1813 -0.92705 0.5339 -0.3245 -0.28097 -0.65486
4.998 -5.6999 -0.9967 -2.0531 -2.9663 -0.20994 -0.059088 -0.20121 -0.94629 0.47863 -0.064111 -0.35693 -0.58054
4.8292 -5.6034 -0.74616 -2.1474 -3.119 -0.48233 -0.11662 -0.22335 -0.98955 0.37168 -0.1628 -0.62516 -0.62891
4.6264 -5.6266 -0.5068 -2.6235 -3.3138 -1.0254 -0.40702 -0.34491 -0.83059 0.16533 -0.54465 -0.61795 -0.48449
4.2281 -4.5012 0.35086 -1.8145 -3.0252 -1.8102 -0.076476 -0.11449 -0.59264 0.48918 -0.065565 -0.65801 -0.071479
2.5478 -3.1281 1.2434 -1.418 -2.8653 -2.2414 -0.87089 -1.4081 -0.71386 0.044014 0.45166 -1.2304 0.32858
1.8641 -3.2671 0.12613 -0.92877 -1.642 -1.4457 -0.66289 -1.3737 -0.25268 -0.50804 0.055059 -0.79404 -0.10933
1.7515 -3.5252 0.17203 -0.73581 -1.7851 -1.6518 -1.0041 -1.7995 -0.098392 -0.73278 -0.6412 -1.3386 -0.23994
1.9354 -2.9998 0.69245 -0.7406 -1.7844 -1.3678 -0.76679 -2.4744 0.27874 -0.22616 0.018336 -0.8152 0.011968
1.7604 -3.0192 0.8728 -0.38932 -1.7444 -1.4434 -0.56039 -1.6895 0.19511 -0.64847 -0.15802 -0.9813 -0.2201
2.1365 -3.938 1.0289 -1.2284 -2.256 -1.425 -0.41604 -1.2721 -0.35635 -0.06925 -0.10593 -0.65057 -0.6291
2.4295 -4.8173 1.0382 -1.4238 -2.8023 -1.7122 -1.1783 -1.749 -0.77568 -0.52493 0.054286 -0.69586 -1.2726
2.6224 -4.857 1.6338 -0.83773 -2.5287 -1.7436 -0.84498 -0.99114 -0.20407 -0.07326 0.14348 -0.60204 -0.88912
2.5991 -4.6744 1.7534 -1.0028 -2.3595 -1.2307 -1.0837 -1.1795 -0.10128 0.01171 0.0014199 -0.47651 -0.70947
2.6521 -5.1344 1.8249 -0.84671 -2.074 -1.2544 -1.3327 -0.8951 -0.13487 0.38982 0.0061127 -0.55342 -1.105
2.7217 -5.3798 1.6487 -1.033 -2.6467 -1.4453 -1.2674 -1.6119 -0.39646 0.043275 0.16923 -0.72607 -1.0054
3.0983 -5.3542 1.7382 -0.98737 -2.8353 -1.4748 -1.287 -0.71988 -0.40904 -0.048397 -0.22027 -0.42869 -1.3684
3.421 -5.0775 1.4356 -1.2975 -2.8376 -1.2221 -0.74948 -0.71033 -0.20962 -0.16008 -0.063705 -0.34685 -1.0337
3.9432 -5.36 1.1006 -1.3035 -3.3024 -1.2458 -0.54477 -0.44931 0.091166 -0.20864 -0.42794 -0.089786 -0.65881
4.4637 -5.612 0.33953 -1.8693 -3.4865 -1.1361 -0.22542 -0.57699 -0.15284 0.044286 -0.62434 -0.31949 -0.74041
4.8219 -5.8014 -0.34151 -2.3366 -3.643 -0.72662 0.18476 -0.34095 -0.5128 0.0091878 -0.74855 -0.78441 -0.37352
5.2323 -6.1255 -1.2016 -2.2674 -3.2294 -0.64919 0.38804 -0.081783 -0.85819 -0.20278 -0.84106 -0.84334 -0.35151
5.3437 -6.2699 -2.196 -1.9653 -2.7727 -0.51834 0.3405 0.19886 -1.2538 -0.17552 -0.49285 -0.75608 -0.27349
5.2353 -6.15 -2.3195 -1.8644 -2.0682 -0.32341 0.22272 0.16662 -1.2787 -0.1143 -0.23519 -0.7255 -0.46237
5.0772 -5.8495 -2.8119 -2.0378 -1.8659 -0.29013 -0.37056 0.089402 -1.4945 -0.085303 0.053319 -0.48684 -0.58375
5.1274 -5.6669 -2.9011 -1.9829 -1.382 -0.15033 -0.41517 0.35244 -1.2674 -0.0011937 0.35131 -0.44859 -0.8697
5.2721 -6.0528 -3.1258 -2.1862 -0.92605 -0.29021 -0.72546 0.47037 -1.1766 -0.16507 0.38388 -0.19578 -1.07
5.1963 -6.2384 -3.2725 -2.4963 -0.74598 -0.64496 -1.2271 0.36293 -1.4715 -0.32722 0.17122 -0.55893 -1.3107
4.8755 -5.8781 -3.0081 -2.3222 -0.48454 -0.39237 -1.4726 0.44638 -0.99807 -0.12114 0.52741 -0.35507 -1.021
4.364 -5.2923 -3.0494 -2.4774 -0.076896 -0.22744 -1.4845 0.3941 -0.70949 0.054589 0.10512 -0.23974 -0.82887
3.5818 -4.3073 -2.8275 -2.7436 0.11626 -0.49708 -1.8092 0.0093842 -0.61785 -0.04643 0.088184 -0.20021 -0.57188
2.7777 -4.5788 -2.2927 -2.8401 -0.25464 -1.113 -1.422 -0.49285 -0.29162 -0.025369 -0.15248 -0.071581 -0.3254
1.594 -3.4633 -1.0657 -1.9679 -0.5586 -0.69916 -0.63955 -1.0039 -0.030027 0.044418 -0.089455 -0.59786 -0.48958
