0.36041 -5.14 -0.42188 0.16543 -0.013034 0.29134 3.9943e-05 0.042111 -0.016106 0.3656 0.44189 0.38667 0.05715
2.1638 -1.9158 0.55024 -1.3101 -2.9738 -2.0615 -0.0398 -1.0237 0.32352 -0.56381 0.50867 -1.0085 0.068535
3.316 -3.1708 -0.6299 -2.1253 -3.0442 -1.5625 0.65031 -0.90261 0.29853 -0.74749 0.10812 -1.0489 0.053637
3.8496 -4.7975 -1.5032 -2.0095 -3.0252 -1.0758 0.34048 -0.91967 -0.24846 -1.0687 -0.27156 -1.0858 0.20206
3.8878 -4.0744 -2.0565 -2.1697 -3.0896 -0.75648 0.21202 -0.72781 -0.30216 -1.2846 -0.37731 -0.58904 -0.15597
4.1498 -4.0742 -2.0379 -2.0881 -2.6347 -0.479 0.33029 -0.7413 -0.54189 -1.2517 -0.14053 -0.55449 0.29634
4.0907 -3.8372 -1.8966 -1.9546 -2.2125 -0.68889 0.61426 -0.97303 -0.5589 -1.3395 0.026881 -0.93867 0.43443
3.5659 -3.8331 -2.3486 -2.3336 -2.9725 -1.5087 -0.13364 -1.2514 -0.42768 -1.5585 -0.24749 -0.87449 0.18877
1.7316 -2.2749 -0.3864 -1.6674 -2.2182 -2.6577 -0.65398 -1.0361 -0.0726 -1.3983 -0.016922 -0.46222 0.62584
1.8877 -2.1884 0.8237 -1.3168 -1.8141 -2.236 -0.45234 -1.1819 -0.074868 -1.3552 -0.58282 -0.3096 0.12322
1.9576 -2.6996 0.75672 -1.4331 -1.963 -2.6918 -0.85806 -1.2332 -0.32295 -1.4648 -0.76825 -0.71002 -0.29815
1.8985 -2.7068 0.39337 -0.94479 -1.8376 -2.7783 -0.68878 -1.4291 -0.14673 -1.3922 -0.85834 -0.31424 -0.4334
2.2014 -2.4583 -0.77061 -1.2866 -1.9165 -2.5354 -0.30484 -1.1698 -0.70135 -1.0653 -0.23234 -0.4024 -0.25877
4.4487 -4.1347 -2.721 -1.8044 -3.0549 -1.5862 0.25893 -1.0492 -0.060865 -1.5348 0.17454 -0.96875 0.0028231
5.1123 -4.8302 -2.5626 -2.1091 -2.8853 -0.79312 0.46231 -1.4467 -0.4739 -1.528 -0.49565 -0.93977 0.062497
5.2627 -5.4886 -2.8265 -2.7003 -3.0669 -0.84014 0.25401 -1.6163 -0.63231 -1.489 -0.65549 -0.83206 0.43372
5.3321 -5.0349 -1.9138 -2.1772 -2.3569 -0.41801 0.7797 -1.1724 -0.34236 -1.2016 -0.59533 -0.67286 0.61168
5.181 -5.4128 -2.5088 -2.8244 -2.9979 -0.6033 0.34954 -1.4223 -0.32213 -1.5666 -0.49873 -0.74225 0.66952
4.8771 -5.3232 -1.9296 -2.2882 -2.7599 -0.27683 0.48293 -1.2594 -0.31652 -1.5175 -0.30475 -0.96037 0.64398
4.5003 -5.0304 -1.1098 -1.6651 -2.4139 -0.22563 0.554 -1.1072 -0.0026368 -0.99731 0.11089 -0.658 0.56175
4.2888 -6.0647 -1.0099 -2.4029 -3.0874 -1.0705 -0.39711 -1.5882 -0.29754 -0.95899 0.31942 -0.51221 0.48089
3.6216 -4.6142 -0.30255 -2.2963 -2.867 -1.0856 -0.14149 -1.2353 -0.14502 -0.95254 0.25457 -0.60849 0.59457
2.1279 -2.7055 0.7316 -2.1406 -2.6562 -1.92 -0.50732 -1.6753 0.099796 -0.56157 -0.0098411 -0.82444 0.83138
2.2139 -2.5643 0.82555 -2.6599 -1.9689 -1.792 -0.4127 -1.9261 0.099062 -0.57023 -0.027471 0.050139 0.154
2.2232 -2.4888 0.63594 -2.325 -2.0553 -1.6672 -0.61913 -2.3487 0.079213 -0.76129 -0.27867 -0.34407 0.14665
2.2155 -2.6307 0.81966 -2.3388 -1.7456 -2.0345 -1.1233 -2.2076 0.052856 -0.60847 -0.23745 -0.21409 -0.2083
2.0686 -1.9645 0.70234 -2.237 -1.2971 -2.0253 -0.84109 -2.062 0.52003 -0.78205 -0.15559 0.012805 0.066527
2.1469 -2.9771 0.6806 -2.253 -2.4252 -2.2628 -0.97192 -2.1723 -0.17964 -0.38524 -0.12887 -0.46277 -0.20961
2.286 -3.1719 0.76069 -1.7328 -2.5939 -1.6046 -1.0851 -1.616 0.37174 -0.56551 0.19864 -0.16738 0.55313
2.3032 -4.0969 0.30708 -2.1483 -2.7438 -1.8633 -1.1241 -1.4188 0.55677 -0.55155 0.46953 0.38871 0.96163
2.4094 -3.9896 0.59131 -2.0252 -3.033 -1.4607 -0.98601 -1.323 0.1404 -0.56489 0.47796 0.063158 1.1072
2.7691 -4.78 0.60651 -2.3485 -3.5019 -1.5976 -1.2963 -1.1912 -0.04381 -0.84644 0.32804 0.025492 0.53483
3.0429 -4.8756 0.59816 -2.2626 -3.3113 -0.85391 -1.6027 -1.0068 0.33624 -0.92641 0.51864 0.1882 0.53878
3.4678 -5.0335 0.11056 -2.1493 -3.602 -0.80583 -1.0114 -1.4709 0.46377 -1.2003 0.39117 0.096988 0.36978
3.848 -5.2004 -1.0662 -1.6376 -3.7793 -0.54292 -0.73937 -1.3379 0.17265 -1.1654 0.36871 0.11899 0.60783
3.9107 -5.5851 -1.7695 -1.9258 -3.2274 -0.69428 -0.19668 -1.4328 -0.36258 -0.91186 0.39081 -0.0073653 0.42021
4.1795 -5.326 -2.8294 -1.4682 -3.0292 -0.52006 -0.19098 -1.4872 -0.91325 -0.8904 0.58951 -0.081794 0.56313
4.3787 -5.1994 -3.6934 -1.7417 -2.1911 -0.69606 -0.17637 -1.1972 -1.3536 -0.69655 0.83434 0.0099204 0.59839
4.7532 -5.4208 -4.8579 -1.8827 -1.7419 -1.0869 -0.51091 -1.067 -1.443 -0.62699 1.1276 -0.13899 0.50843
4.7899 -4.1885 -4.1607 -1.1623 -0.80379 -0.66864 -0.35407 -0.99911 -1.1834 -0.80153 0.87138 -0.063835 0.16756
4.8612 -5.0737 -4.7039 -2.1554 -0.38419 -1.2364 -1.1205 -1.0175 -1.2652 -1.0026 0.84644 0.15357 0.28009
4.8221 -4.5416 -4.8408 -2.2239 0.064488 -1.2815 -0.99578 -0.86597 -1.0655 -0.94955 0.8854 0.30204 0.44068
4.4477 -4.6194 -4.1833 -2.9778 0.55175 -1.4083 -1.4989 -0.47115 -0.99544 -0.98065 1.5766 0.46715 0.82863
3.9214 -3.9331 -3.2887 -2.4633 0.94063 -1.5186 -1.9227 -0.76236 -1.1027 -1.2873 0.46609 0.28858 0.40174
3.3274 -4.4737 -3.1738 -2.5538 0.12867 -1.3792 -2.7507 -0.81257 -0.3541 -0.33061 0.99822 0.77709 1.1655
2.8605 -3.9732 -1.9254 -2.0028 0.25366 -1.0148 -2.6552 -1.2304 -0.50918 -0.95748 0.47162 0.71986 1.2187
2.2746 -4.1666 -1.4952 -2.2506 0.20143 -1.926 -2.5649 -1.2191 -0.41414 -0.81649 0.20511 0.36476 1.0572
1.6401 -3.8105 -0.52746 -1.0812 -0.35311 -1.9069 -2.0271 -1.8281 -0.32702 -0.82271 0.45923 0.89703 1.027
1.4461 -3.9222 -0.87893 -1.3017 -0.4062 -2.0387 -1.8565 -1.4568 -0.52333 -0.44288 0.13557 0.47442 1.1442
1.1145 -3.7244 -0.78318 -1.4851 -0.75243 -1.4292 -1.7191 -1.7924 0.23425 -0.42475 -0.26345 0.248 1.1757
0.57037 -3.9163 -0.2879 -0.59708 -0.93492 -1.7544 -1.8318 -1.7989 -0.36435 -0.5657 0.031472 0.41683 0.59239
