-2.6793 -3.1235 -0.33067 -0.5555 0.74268 0.40013 0.2721 0.85186 0.33632 0.57748 0.31198 0.18969 -0.1022
-0.45994 -2.5707 0.60129 -0.80797 -0.82923 -0.85876 -0.27722 -1.0759 -0.29698 -0.42043 0.5071 0.33214 0.065425
2.1143 -2.5667 0.49374 -1.6882 -1.8399 -1.9434 0.016078 -0.51665 0.15737 -0.74392 -0.30316 -1.0056 0.55519
2.5616 -2.8769 -0.46845 -2.0539 -1.6627 -1.8121 0.67912 0.27096 -0.82241 -1.3811 -0.1412 -1.3667 0.10388
2.1989 -2.8417 -0.43962 -1.3945 -1.5443 -1.5115 0.041833 -0.66809 -0.56218 -1.065 -0.47064 -1.6864 -0.0017188
2.1975 -3.0227 -0.23951 -1.6611 -1.5409 -1.1153 0.13945 -0.90797 -0.73748 -1.1619 -0.29735 -1.1541 -0.62244
2.2983 -2.9713 -0.34126 -1.7206 -1.4826 -1.1294 0.16451 -1.072 -1.2287 -1.0849 -0.079645 -1.3503 -0.86753
2.2346 -2.5321 0.22344 -1.5471 -1.7117 -0.92189 0.44812 -1.5182 -0.42583 -0.92991 0.010991 -1.0193 -0.58535
1.8751 -2.9808 0.37296 -0.90693 -1.528 -1.2693 -0.25545 -1.395 -0.76647 -1.0686 0.011741 -0.88391 -0.64453
1.2328 -2.6263 0.91941 0.13441 -0.66945 -0.66225 -0.79718 -1.8957 0.11285 -0.56191 -0.43498 -0.31442 -0.35401
1.2001 -2.7698 1.1779 0.88723 -0.18851 -0.42612 -1.1712 -1.949 0.43853 -0.63762 -0.91325 0.0058339 -0.29874
1.9578 -2.5303 1.168 0.31986 -0.98228 -1.133 -1.0453 -1.9493 0.21909 -0.77324 -0.29936 -0.2666 -0.437
2.0444 -2.3982 1.5253 0.73447 -1.0147 -1.1173 -0.6889 -1.7269 0.077412 -0.80023 0.083213 -0.48388 -0.53502
2.3754 -2.2593 1.645 0.36506 -1.3716 -1.305 -0.75426 -2.0867 0.17938 -0.75506 0.055184 -0.49114 -0.6362
2.3501 -1.993 1.8769 0.17541 -1.3187 -1.3806 -0.40146 -1.686 -0.0023692 -0.82958 0.3095 -0.5261 -0.51105
2.6588 -2.2861 0.97428 -0.31808 -2.0993 -1.746 0.043805 -1.1991 -0.13353 -1.0677 0.64941 -0.8272 -0.58335
3.0899 -1.9753 0.71238 -0.95566 -1.9474 -2.4819 0.038759 -0.50542 0.086459 -1.0491 0.26792 -0.75007 -0.15806
3.2142 -2.3397 0.51466 -1.256 -2.6017 -1.8206 0.69105 -0.35854 -0.21248 -1.1177 0.016117 -0.86506 -0.3153
3.5594 -3.1778 -0.39264 -1.771 -2.7991 -1.8821 0.39178 -0.59767 -0.52359 -1.1306 0.0047394 -1.3263 -0.36997
3.6063 -3.1525 0.40294 -1.8949 -2.835 -1.8506 0.759 0.32207 -0.86972 -1.1044 0.053923 -0.97959 -0.09506
3.6546 -3.371 -0.018506 -1.8996 -2.6027 -1.78 0.54879 -0.1312 -0.41625 -1.0084 -0.50173 -0.755 -0.30478
3.782 -3.5836 0.16561 -2.0648 -2.6596 -1.4754 0.66282 0.21015 -0.91734 -0.60224 -0.27613 -1.4169 -0.26123
3.6401 -3.2189 0.35677 -2.2943 -2.9909 -1.4267 0.87933 -0.62376 -0.54082 -0.92932 -0.19068 -1.2116 -0.3011
3.6379 -3.6934 0.0491 -2.5786 -3.2859 -1.5537 0.098896 -0.94042 -0.83173 -1.2621 -0.43044 -1.3136 -0.65476
3.6701 -3.9356 -0.17519 -1.9853 -3.2018 -2.1918 0.047235 -0.63809 -1.0437 -1.1617 -0.14049 -1.632 -0.25338
3.4813 -3.607 0.3607 -2.0639 -2.6248 -1.7692 0.11373 -0.37933 -0.96436 -0.73663 -0.1787 -1.2446 -0.37806
3.5703 -3.4069 0.70861 -2.0083 -2.8783 -1.8647 0.42276 -0.62418 -1.1137 -0.70804 0.28845 -1.1329 -0.27651
3.4137 -2.8824 0.22188 -1.7565 -2.6602 -2.6956 -0.1433 -0.52624 -0.75979 -0.94067 0.11272 -1.1819 -0.10382
3.1245 -1.9716 1.1191 -0.98621 -1.9655 -2.0113 0.064596 -0.90436 -0.23546 -0.62212 0.4829 -0.78863 0.29482
2.5267 -2.572 0.77121 -1.1158 -1.8585 -1.4989 -0.11851 -1.7952 -0.22295 -0.78447 0.12205 -1.1189 -0.21671
2.4629 -2.5803 0.95342 -0.67002 -1.6674 -1.4342 -0.35926 -2.0021 -0.33941 -0.94894 0.11325 -0.87134 -0.48168
2.5965 -2.7483 0.7866 -0.76804 -1.6895 -1.7821 -0.56461 -1.626 -0.45386 -0.9612 0.12632 -1.0351 -0.38758
2.5878 -2.6427 0.9306 -0.66123 -1.5257 -1.8554 -0.74328 -1.6119 -0.29392 -0.90263 -0.0090762 -1.1235 -0.47238
2.5957 -2.4943 0.99541 -0.80351 -1.6705 -1.7561 -0.24758 -1.2396 -0.39923 -1.1501 0.013736 -1.0622 -0.28607
2.6724 -2.2847 0.86543 -0.8719 -1.453 -1.8164 0.024183 -0.89929 -0.068271 -0.86743 0.086846 -0.96246 -0.028103
2.8547 -2.8203 0.57066 -1.7172 -2.4216 -2.6091 -0.45523 -1.359 -0.52683 -0.82191 0.084779 -1.6641 0.11687
2.7398 -3.0389 0.47512 -1.7787 -2.1823 -1.9796 -0.28401 -0.73481 -0.5233 -0.77613 0.22176 -1.1703 0.30293
2.4889 -3.128 0.36005 -1.6942 -2.252 -2.2168 -0.37015 -0.72459 -0.37364 -0.80032 0.10633 -1.1172 0.73939
2.4352 -2.9726 0.60346 -1.2527 -2.0175 -2.1529 -0.43056 -0.54819 -0.096971 -1.0627 -0.20962 -1.0082 0.63532
2.29 -3.0086 0.17254 -1.6769 -1.9462 -2.0265 -0.57283 -1.1073 -0.28529 -1.1154 -0.24313 -0.86186 0.55273
2.0639 -3.3622 0.28964 -1.0716 -2.0276 -1.7944 -0.62258 -1.5183 -0.45559 -0.76637 0.054953 -1.1488 -0.030054
2.1775 -3.417 0.37419 -1.031 -2.2258 -2.0108 -0.57614 -1.2747 -0.20789 -0.7946 -0.17594 -1.4055 0.34157
2.5852 -3.5287 0.87899 -1.2719 -2.0185 -1.8024 -0.77624 -0.39795 -0.051026 -0.56007 -0.72171 -1.3714 0.52996
3.5786 -4.3355 0.49234 -2.6172 -2.7986 -2.4796 -0.7114 0.3944 -0.47862 -0.98036 -0.6399 -1.1548 0.55865
3.9387 -4.1426 0.99012 -2.4073 -3.2485 -2.7306 0.21922 0.55717 -0.52865 -0.73944 -1.1543 -0.72506 -0.12122
3.201 -4.2017 -0.065076 -2.0871 -3.1521 -2.0176 0.23385 -0.20333 -0.59297 -0.79425 -0.4738 -0.8526 0.58666
3.1356 -4.0251 -0.24808 -2.2039 -2.6854 -1.4192 0.53742 -0.2087 -1.0802 -0.77835 -0.044414 -1.058 0.32867
2.7149 -3.5966 -0.86717 -2.4582 -2.6075 -1.567 0.60588 -0.40163 -1.2575 -0.89114 0.23197 -1.2119 0.37267
2.0864 -3.0208 -0.78294 -1.7314 -1.8545 -1.3461 0.79301 0.017578 -0.75941 -0.36757 0.50754 -0.7124 0.44903
1.4507 -3.2967 -0.64861 -2.0257 -2.2585 -1.5037 1.0207 0.035559 -0.94494 -0.47018 1.2539 -1.1605 0.71783
2.1596 -4.7048 -2.8857 -3.0823 -2.1725 -1.1172 0.71041 0.094279 -0.16114 -0.38206 0.63392 0.26497 0.72621
