2.695 -2.8492 0.35547 -1.509 -1.9263 -2.3282 -0.54113 -0.32775 0.40907 -0.96616 -0.64427 -0.78852 0.59218
4.1332 -3.4519 -0.7139 -2.0174 -1.791 -1.7896 -0.035369 0.078359 -0.21621 -1.0475 0.03795 -1.1786 -0.38044
4.4943 -3.2355 -0.44338 -2.2587 -2.1139 -1.6904 0.67189 0.070029 -0.59576 -1.2089 0.17649 -1.0376 -0.67926
4.6806 -3.358 -1.1339 -2.3569 -2.0064 -1.9174 -0.2975 -0.3098 -0.064912 -1.2684 -0.57897 -1.1786 -0.16388
4.8764 -3.8118 -1.2212 -2.4696 -2.3819 -1.988 -0.25487 -0.81117 -0.511 -1.7015 -0.64997 -1.0729 -0.69967
4.411 -3.3133 -0.64857 -1.8932 -1.6613 -1.5159 -0.64939 -1.075 0.094487 -0.97651 -0.93421 -0.74661 -0.42727
3.6691 -2.9396 0.00033112 -0.98159 -1.5666 -1.3622 -0.56134 -1.3633 -0.13667 -1.2109 -0.60543 -0.79489 -0.29218
3.6564 -3.26 0.35681 -0.34327 -1.087 -1.0613 -1.133 -2.247 -0.12935 -1.1033 -0.76127 -0.28849 -0.83977
3.7516 -3.6921 -0.038147 -0.56104 -0.60523 -0.94053 -1.3218 -2.3001 -0.50389 -0.69233 -0.61208 -0.83101 -1.2319
4.0784 -3.3571 -0.26865 -1.7357 -1.6237 -1.6178 -0.44366 -1.2994 -0.29826 -1.0481 -0.67186 -1.2868 -0.67625
4.6123 -3.5039 -1.0751 -1.3959 -1.5555 -2.1755 -0.94217 -0.50576 0.12722 -1.1215 -1.0404 -0.95984 -0.59526
4.6715 -3.3612 -1.4406 -1.9765 -1.7652 -1.6763 -1.1761 -0.80734 0.27585 -1.4427 -1.0795 -0.92958 -0.86841
4.6017 -3.118 -1.321 -2.3824 -1.6466 -1.7363 -0.86274 -0.56382 0.31582 -1.8186 -0.64104 -0.97795 -1.0049
4.9723 -4.3011 -1.5719 -1.6915 -2.0667 -1.7741 -0.30642 -0.32748 -0.57023 -1.4326 -0.46213 -0.75429 -0.79682
5.0557 -4.2029 -1.6932 -1.6344 -1.9974 -1.5915 0.00051282 0.16608 -0.74668 -1.3611 -0.26868 -0.91004 -0.66491
5.2468 -4.1993 -1.9607 -1.6249 -1.8756 -1.5 -0.076148 0.073548 -0.69797 -1.339 -0.1986 -0.79062 -0.60066
5.2071 -4.1845 -1.8583 -1.4439 -2.2099 -1.5039 -0.16542 0.069626 -0.71167 -1.5197 -0.17234 -1.0753 -0.5073
5.1 -4.3639 -2.4239 -1.9484 -2.2781 -2.139 -0.551 -0.19552 -1.4793 -1.7066 -0.63442 -1.4457 -0.50709
4.9335 -4.275 -1.1795 -1.6956 -2.0936 -1.8775 0.10122 0.0026789 -0.93264 -1.3567 -0.38573 -0.73227 -0.30907
4.803 -3.9611 -0.70001 -1.2839 -2.1125 -1.9322 0.11086 -0.10625 -1.0652 -1.1054 0.28336 -0.75237 0.01275
4.5093 -3.6444 -0.57218 -2.3553 -1.9964 -2.4032 0.026359 -0.5956 -0.85727 -1.2256 -0.065873 -0.28497 -0.55056
4.1956 -3.109 0.043275 -2.0575 -2.0713 -2.6556 0.1971 -0.78302 -1.0247 -1.3158 -0.30731 -0.47325 -0.56864
4.0187 -3.635 -0.34376 -1.6426 -1.9867 -2.5179 -1.1101 -1.0033 -0.8212 -1.0932 -0.21408 -0.8936 0.12293
3.7697 -3.4293 0.56716 0.033296 -1.1625 -1.4694 -1.7114 -2.3643 0.19097 -0.61295 -0.67625 -0.53778 -0.5704
4.0843 -3.6827 0.19804 -0.41844 -1.4103 -1.3686 -1.3406 -2.4177 -0.37664 -0.95935 -0.37497 -0.40751 -0.63464
3.9964 -3.6044 0.32052 -0.27266 -1.3315 -1.2047 -1.2349 -2.4469 -0.37173 -0.9623 -0.47045 -0.5769 -0.70747
3.8934 -3.7818 0.23974 -0.2583 -1.2267 -1.3323 -1.6836 -2.7618 -0.24769 -1.049 -0.85295 -0.59099 -0.95554
3.813 -3.9054 0.051552 -0.24979 -1.0494 -1.2174 -1.5497 -2.3977 -0.23212 -0.72353 -0.61142 -0.4812 -0.53563
3.7706 -3.5683 0.33373 -0.12961 -1.1439 -1.2465 -1.2871 -2.1175 -0.053256 -0.56668 -0.3591 -0.64124 -0.68884
3.745 -4.0899 -0.2137 -0.57628 -1.3697 -1.7145 -1.9421 -2.5401 -0.42223 -0.78014 -0.68318 -0.80109 -0.83937
3.6987 -4.0373 -0.36325 -0.99504 -1.6463 -1.7714 -1.5957 -2.2863 -0.593 -1.0276 -0.76388 -1.0228 -0.95393
3.5962 -3.8117 0.092004 -0.33352 -1.2628 -1.4982 -1.6486 -2.3605 -0.11871 -0.70286 -0.81807 -1.0167 -0.96609
3.6561 -4.2783 -0.69213 -1.2752 -1.7267 -1.8311 -1.6681 -2.3283 -0.7776 -0.97674 -0.70681 -1.0324 -0.86427
3.5159 -3.3118 0.51111 -0.12466 -0.97038 -1.0912 -1.1803 -2.128 0.18351 -0.42617 -0.52997 -0.70049 -0.47297
3.4762 -3.8918 0.07675 -0.25178 -1.2736 -1.6119 -1.5969 -2.2768 -0.37039 -0.54383 -0.21824 -0.94324 -0.92645
3.6782 -3.6819 -0.028161 -1.1805 -2.226 -1.8821 -1.0798 -2.3229 -0.29067 -0.88228 -0.61654 -1.5233 -0.64938
3.7732 -3.4221 0.034201 -1.5043 -2.1222 -1.9732 -0.53675 -1.5916 -0.38507 -0.81723 -0.15998 -1.4443 -0.26015
3.66 -3.2433 0.34282 -1.282 -2.0857 -2.0262 -0.19441 -0.64441 -0.044275 -0.70634 -0.16107 -1.4543 -0.25405
3.8088 -3.4228 0.19805 -1.273 -2.3523 -1.942 -0.06211 -0.70963 -0.0019229 -0.65339 -0.21574 -2.0115 -0.21084
4.0674 -3.3286 -0.62498 -1.8171 -1.9562 -1.6484 0.62798 -0.31941 -0.46068 -1.0636 0.0081173 -1.1562 -0.46729
4.0161 -3.5854 -1.1008 -1.6784 -1.8199 -1.3828 0.27601 -0.215 -0.45227 -1.3145 0.098158 -0.97025 -0.41256
4.0138 -4.3298 -1.6585 -2.071 -1.2679 -1.2239 -0.285 -0.15692 -0.99796 -1.1286 -0.38304 -0.71203 -0.7468
3.9852 -3.9788 -1.4245 -1.8381 -1.4036 -1.2553 0.036937 0.027222 -0.95726 -1.293 0.08098 -0.4922 -0.14577
3.7689 -3.8357 -1.5846 -2.2688 -0.51769 -0.91817 -0.45291 -0.12377 -0.65088 -0.98554 -0.76453 -0.20651 -0.61892
3.0884 -3.6802 -1.1765 -2.1623 -0.9734 -1.0659 -0.64762 -0.85105 -0.33617 -1.0953 -0.76921 -0.32126 -0.80267
2.2107 -3.4768 -0.26209 -1.1526 -1.0776 -1.1369 -0.69301 -1.1668 -0.18864 -0.67029 -0.36221 -0.42737 -0.56464
