0.95255 -5.597 0.79412 -0.16001 0.84317 0.29429 0.33951 0.30998 0.34574 0.26127 0.2871 0.25089 0.11461
0.46447 -2.5427 1.4366 -0.55701 0.53912 0.035579 0.23536 0.17751 0.71123 0.68329 0.39971 -0.32142 -0.11734
1.5793 -0.56335 1.062 -0.11125 -0.73548 -1.2966 0.57844 -0.39769 -0.36562 -0.30439 0.36477 -0.22939 -0.3963
2.9598 -2.1596 -0.12042 -1.0148 -1.2142 -2.1624 0.11909 0.42304 -0.4186 -0.3041 0.087603 -0.87695 -0.68206
3.064 -3.0092 -0.17227 -1.0631 -1.9433 -1.8819 -0.0044814 0.47598 -0.88138 -0.60981 -0.2323 -0.69482 -0.45983
3.096 -2.4968 -0.4419 -1.0399 -1.7344 -2.1241 0.27845 0.47501 -0.81249 -0.70788 -0.34493 -0.78129 -0.57988
3.0502 -2.9326 -0.95178 -1.7693 -1.9203 -2.3282 -0.42195 0.28508 -1.0835 -1.0937 -0.73489 -1.2164 -1.0049
2.9938 -2.566 -0.6622 -1.5773 -1.9384 -2.3217 -0.26209 0.2407 -0.95947 -0.94142 -0.647 -0.96056 -0.9847
2.8034 -2.1391 -0.77623 -1.2438 -1.7962 -2.4787 -0.50436 0.30886 -0.70865 -1.1893 -0.22915 -0.93122 -0.79452
1.9427 -1.3329 0.22846 -0.92572 -1.0711 -2.2229 -1.1292 0.041674 -0.21388 -0.99689 0.36897 -0.94431 -0.27006
0.51325 -1.967 1.3953 0.79038 -0.52473 -1.6029 -1.1384 -1.3692 0.35301 -0.48455 0.23524 -0.32046 -0.32879
0.7947 -1.6898 1.3736 0.062216 -0.31973 -0.63601 -0.81358 -1.4704 0.013297 -0.84455 -0.36782 -0.46312 -0.56366
1.3031 -1.717 1.6531 0.53228 -1.1041 -1.9184 -1.4192 -1.1658 0.12257 -1.1036 -0.63704 -0.77278 -0.57968
1.4842 -2.4025 1.3213 0.17431 -1.3131 -2.2475 -1.467 -1.1565 -0.13286 -1.1748 -0.88192 -0.67774 -0.63489
1.5561 -2.2137 1.296 0.04649 -1.4053 -1.9393 -1.4731 -1.322 -0.34537 -0.87246 -0.44718 -1.0386 -0.68248
1.566 -2.4977 1.8998 1.0677 -0.89856 -2.4758 -1.9253 -1.0811 0.22606 -0.34738 -0.52404 -1.02 -0.81339
1.9365 -1.055 0.61136 -0.95357 -1.3617 -2.2146 -1.1343 -0.46659 -0.085008 -1.2765 -0.71872 -0.89397 -0.37665
2.5472 -1.3443 -1.1057 -1.7462 -0.75576 -2.0192 -0.70523 0.093869 -0.46645 -1.2784 -0.72594 -1.1356 -0.6752
2.8604 -1.7719 -1.237 -1.9713 -0.61368 -1.8735 -0.62241 0.45024 -0.9959 -1.3773 -0.37714 -1.2762 -0.53656
2.9493 -2.214 -1.3915 -1.935 -0.96054 -1.6498 -0.86365 0.38316 -0.91391 -1.7206 -0.21384 -1.6667 -0.51257
2.9983 -2.7142 -1.3621 -1.9247 -1.0378 -1.6335 -0.6669 0.17873 -1.5765 -1.4097 -0.59692 -1.6701 -0.2654
3.0451 -2.7479 -1.4366 -1.7001 -1.0483 -1.86 -0.3153 0.19754 -1.7397 -1.0573 -0.84955 -1.3962 -0.15923
2.9886 -2.7911 -1.2235 -1.5711 -1.7507 -1.7556 -0.25467 0.093811 -1.7385 -1.1 -0.93828 -1.0849 -0.12572
2.8321 -2.8199 -0.53106 -1.5547 -1.6442 -1.5853 -0.30186 0.048285 -1.6289 -0.92885 -0.8174 -0.9188 0.19768
2.6155 -3.0095 0.019445 -1.8214 -1.4814 -1.4356 -0.54717 -0.18656 -1.6059 -1.2783 -1.0966 -0.6505 0.082404
2.6558 -3.5824 0.33935 -1.6983 -1.8542 -1.6486 -0.70326 -0.43515 -2.0631 -0.94374 -1.3825 -1.0661 0.25252
2.4255 -3.3427 0.31396 -1.0156 -2.0941 -1.8937 -0.011269 -1.2028 -1.6065 -0.7783 -1.1309 -0.79865 0.18826
2.1099 -3.2298 1.1983 -0.8083 -2.0125 -2.01 0.084842 -0.96238 -1.9445 -0.9066 -1.0851 -0.71372 0.0012646
1.4359 -1.9102 1.3262 -0.078212 -1.5166 -1.6206 0.35199 -1.7373 -1.1691 -0.99856 -0.27819 -0.2499 -0.36204
1.6667 -2.1283 1.8027 0.026221 -1.2797 -1.6714 -1.3073 -2.233 -0.41744 -1.1258 -0.58812 -0.50597 -0.64582
1.6923 -2.4415 1.7343 -0.092408 -1.5222 -1.7848 -1.3404 -2.2917 -0.48236 -1.3439 -0.83708 -0.59946 -0.65799
1.6568 -2.3361 2.1612 0.33555 -1.146 -1.9252 -1.3045 -2.2742 -0.49042 -0.9775 -0.55581 -0.62584 -0.9343
1.631 -2.1115 1.8552 -0.13997 -1.2832 -1.6675 -1.3961 -1.9465 0.04376 -1.1762 -0.90054 -0.65272 -0.37501
2.1246 -3.2407 2.2378 -1.0655 -2.1124 -1.1954 -1.2495 -1.6225 -0.2022 -1.0977 -1.2675 -0.3464 0.11172
2.2222 -3.9369 1.9928 -1.3182 -2.9289 -1.4191 -1.5247 -1.1954 -0.77243 -1.0793 -1.1781 -0.094924 -0.19286
2.2525 -3.9986 2.5494 -1.3779 -3.0365 -1.0645 -1.7238 -1.211 -0.81345 -0.95371 -1.2111 -0.32705 0.1077
2.1945 -3.8285 2.1676 -1.099 -3.1791 -1.0578 -1.7747 -1.1734 -0.71337 -1.2891 -1.1912 -0.35355 0.032767
2.2982 -3.6957 2.5978 -0.99836 -3.0993 -1.099 -1.727 -0.79294 -0.77236 -1.2631 -1.0824 -0.2178 -0.052745
2.3107 -3.8651 2.1873 -1.1262 -3.2346 -1.0161 -1.8128 -0.82738 -0.47292 -1.4949 -1.2569 -0.077096 -0.14881
2.2555 -3.8327 2.1426 -1.2513 -3.5569 -0.87964 -1.5958 -1.2548 -0.41554 -1.2829 -1.3005 -0.25709 0.062174
2.4513 -3.8933 1.8181 -0.97981 -3.8416 -1.0806 -1.1571 -1.3783 -0.28901 -1.5479 -1.2668 -0.37681 0.21063
2.8039 -4.255 1.0251 -1.0352 -4.1716 -0.88379 -1.0995 -1.7307 -0.24759 -1.6666 -1.1383 -0.6353 0.43319
2.9055 -3.9394 1.3569 -0.57608 -4.0095 -0.44105 -0.55891 -1.3351 -0.44867 -1.7089 -1.0109 -0.3309 0.21454
2.7664 -3.7957 0.8135 -0.1219 -3.753 -0.53701 0.30302 -1.5015 -0.69625 -1.1104 -0.82949 -0.57597 0.76724
2.8944 -4.3948 -0.37405 0.14518 -3.3588 -1.4818 -0.066227 -0.90957 -1.315 -1.7657 -0.7911 -0.55348 0.88513
2.9924 -4.6785 -0.93181 -0.18136 -3.1352 -1.6059 -0.15912 -0.92422 -1.4155 -2.3474 -0.68565 -0.69714 0.613
2.6255 -4.2044 -1.6396 -0.2026 -2.1073 -1.9901 -0.34102 -1.0116 -1.3168 -2.306 -0.57746 -0.61533 0.31217
2.603 -3.8579 -1.6236 -0.3176 -1.6465 -1.7489 -0.77146 -0.34343 -1.3034 -2.1639 -0.074041 -0.34409 0.28423
2.5374 -3.8499 -1.5419 0.069007 -1.2943 -1.4834 -0.76487 -0.25251 -0.55524 -2.0716 -0.2694 0.090736 0.41506
2.5191 -3.8241 -1.9607 -0.36559 -1.0693 -1.468 -1.2496 -0.10063 -0.72665 -1.6629 0.056736 0.14173 0.32247
1.882 -3.7525 -1.9497 -1.0782 -0.95905 -1.4107 -1.6207 -0.64397 -0.80666 -1.2265 -0.095929 -0.086393 0.24091
1.6933 -3.7405 -1.7684 -1.0514 -0.72594 -0.92426 -1.5538 -0.95582 -0.30838 -1.161 -0.16766 -0.060367 0.19313
1.7136 -3.3995 -1.9798 -1.3817 -0.98922 -0.9572 -1.3338 -0.13157 -0.28751 -1.4289 -0.29137 -0.087769 0.67461
1.6616 -3.312 -2.4658 -2.1669 -0.96713 -0.95636 -1.0212 -0.42947 -0.20181 -1.0424 -0.35881 0.090683 0.59943
0.51289 -3.1061 -1.5786 -2.2137 -0.52488 -0.90034 -0.93507 -0.56835 0.0068496 -1.2787 -0.79922 0.10536 0.93687
