-0.2159 -2.8339 0.5695 0.35278 0.56 0.48572 0.21556 0.19791 0.51213 0.051786 -0.17233 0.46092 0.27433
2.4061 -2.4419 1.0825 -0.61523 -1.9812 -1.6733 -0.17243 -1.2686 0.27534 -0.60932 0.053071 -1.0202 0.083158
3.3409 -2.9354 0.08625 -1.5231 -1.8755 -1.673 -0.059365 -0.82651 0.14621 -0.54124 -0.13652 -1.5366 -0.38372
3.3536 -3.6625 -0.0057846 -1.7375 -2.6183 -1.6453 0.21015 -1.4137 -0.53461 -1.2002 -0.27903 -0.78427 -0.80362
3.4414 -3.329 0.045717 -1.2097 -1.6944 -1.4838 0.15563 -0.48541 -0.18309 -0.87601 -0.33462 -1.0355 -0.35779
3.4824 -3.4018 -0.061193 -1.3742 -2.2581 -1.9469 0.33369 -0.33791 -0.9699 -1.4871 0.11924 -0.83987 -0.33617
3.4298 -3.4113 -0.67126 -1.6509 -1.5855 -1.7852 -0.31527 -0.69091 -0.67517 -1.2948 -0.13798 -1.1083 -0.60417
3.1539 -3.3447 -0.42022 -0.92883 -1.3521 -1.9173 -0.48974 -0.45187 -0.49263 -1.1555 -0.29817 -1.0327 -0.57199
2.2264 -2.9279 0.63734 -0.12366 -1.178 -0.93083 -0.15678 -0.9382 -0.16559 -0.74358 0.10284 -0.4855 -0.34423
1.441 -2.8638 1.1364 0.4882 -0.90926 -0.6702 -0.4966 -1.7168 -0.039849 -0.37676 0.26461 -0.29287 -0.79529
2.3711 -3.4069 0.95717 0.87702 -0.81052 -1.1654 -1.513 -2.2057 -0.013895 -0.65716 -0.26899 -0.29229 -0.55032
2.4855 -3.6883 0.61844 0.28268 -1.4193 -1.3691 -1.3656 -2.1131 0.0040113 -0.89621 -0.91432 -1.0774 -1.1203
2.4756 -4.0416 0.3246 0.54826 -0.75829 -1.1133 -1.8948 -2.8749 -0.49276 -0.89173 -0.45135 -0.38528 -1.2086
2.5192 -3.7359 0.71165 0.85672 -0.41867 -0.90317 -1.7622 -2.3504 0.08408 -0.80054 -0.86599 -0.5077 -1.3837
2.5844 -3.5701 0.5993 0.27812 -0.95415 -1.1406 -1.6086 -2.5426 -0.048142 -0.8483 -0.73031 -0.46846 -0.9948
2.5966 -3.3092 0.73867 0.4027 -0.59936 -0.97335 -1.3833 -2.2442 -0.01048 -0.54894 -0.33325 -0.40504 -0.8216
3.1123 -3.2506 -0.2843 -1.6003 -1.9176 -1.6788 -0.40714 -1.2049 -0.92432 -1.5563 -0.26245 -0.89058 -0.32188
3.2154 -3.1475 -0.95255 -1.9541 -1.243 -1.3545 -0.2092 -1.1253 -1.4572 -1.552 -0.31788 -0.54161 -0.47528
3.243 -3.2169 -0.97341 -2.1795 -1.3211 -1.3494 -0.31788 -0.9498 -1.7413 -1.821 -0.28042 -0.75525 -0.19583
3.2736 -2.9778 -0.92996 -2.1635 -1.5058 -1.3167 -0.047785 -0.82106 -1.512 -1.7213 -0.10764 -0.67613 -0.19005
3.3733 -2.9141 -1.2646 -1.8766 -1.3977 -1.3561 0.42964 -1.1927 -1.6893 -1.3717 0.0019904 -0.9639 0.33206
3.5489 -3.9189 -1.372 -1.427 -1.7932 -1.165 0.15078 -1.1862 -1.7063 -1.6253 -0.34486 -0.64051 0.21857
3.4402 -3.6998 -1.0618 -1.9081 -1.217 -1.226 0.004523 -1.0102 -1.6947 -1.5277 -0.39637 -0.72729 0.41742
3.4813 -4.0081 -0.8487 -1.3008 -1.656 -1.2545 0.12251 -1.1564 -1.4418 -1.4108 -0.416 -0.60436 0.46393
3.3741 -3.9945 -0.65219 -0.99128 -2.2238 -1.5327 0.17878 -1.2752 -1.3725 -1.612 -0.12664 -0.79544 0.4721
3.2034 -4.0382 -0.35957 -1.0347 -1.8581 -1.6167 -0.12623 -1.3533 -1.0053 -1.5289 -0.76141 -0.84402 0.73425
3.1977 -4.0169 -0.19383 -0.8054 -1.8859 -1.5637 -0.38777 -1.0671 -1.0106 -1.29 -0.38502 -1.1012 0.49395
3.0377 -3.9036 -0.10318 -0.98726 -2.1568 -1.7135 -0.52874 -1.7119 -0.83469 -1.2032 -0.50345 -0.62056 0.11725
2.7743 -3.5748 0.3829 -0.21621 -1.5821 -1.2749 -0.94315 -2.2281 -0.37453 -0.94545 -0.26239 -0.50945 -0.071313
2.6151 -3.5994 0.22797 -0.47205 -1.1347 -1.0544 -1.1514 -2.2595 -0.71028 -1.4102 -0.35361 0.25804 -0.1372
2.6738 -3.5212 0.50948 -0.20479 -1.2336 -0.90427 -0.89111 -2.443 -0.36209 -1.4197 -0.7178 -0.018562 -0.044729
2.6977 -3.4539 0.43922 -0.2847 -1.0743 -0.8163 -0.76751 -2.1626 -0.63892 -1.5126 -0.48529 0.10771 -0.29622
2.698 -3.3549 0.43827 -0.43168 -1.2043 -1.0893 -1.1052 -2.2284 -0.1984 -1.3471 -0.63736 0.19292 -0.088414
2.9121 -3.5814 0.3166 -0.71424 -1.7518 -1.7291 -1.148 -2.0221 -0.13395 -1.4331 -0.58845 -0.19918 -0.33898
2.8972 -3.4286 0.5155 -1.1355 -2.1446 -1.598 -0.80458 -2.2483 -0.307 -1.3564 -0.39281 -0.28471 -0.50243
2.9503 -3.4507 0.48097 -0.876 -1.8367 -1.3315 -0.74585 -2.3207 0.024191 -1.09 -0.65084 -0.55827 -0.20136
2.9606 -3.7113 0.63772 -0.19565 -1.7643 -1.6851 -1.1408 -2.1708 -0.050022 -0.71183 -0.18505 -0.73437 -0.23791
2.8876 -3.3725 0.44011 -0.71727 -1.5439 -1.5742 -1.2212 -2.066 0.2404 -1.2267 -0.68149 0.037995 -0.28495
2.9154 -3.4671 0.54254 -0.21347 -1.6978 -1.4813 -0.71078 -1.603 -0.077029 -1.14 -0.31324 -0.37469 -0.00014702
2.8049 -3.3927 0.55226 -0.90066 -1.9075 -1.6581 -0.71685 -1.8968 -0.13495 -1.1409 -0.34395 -0.42405 -0.2297
2.8559 -3.7788 0.11116 -1.6577 -1.9935 -1.7407 -1.0652 -2.2993 0.0052842 -0.83937 -0.80812 -0.48392 -0.17294
3.0508 -3.4792 0.45553 -1.3112 -2.1169 -1.4326 -0.11728 -1.7411 0.0060284 -0.90812 -0.28528 -0.60959 0.088436
3.1843 -4.0707 0.20174 -1.2566 -2.2897 -1.4361 -0.39683 -1.3572 -0.044125 -0.58668 -0.50618 -0.81609 0.47721
3.3402 -4.4766 0.36062 -1.2922 -2.7194 -1.1082 -0.051014 -1.222 -0.1826 -0.78627 -0.6351 -0.97299 0.80267
3.2782 -4.6777 -0.2773 -0.7911 -2.5471 -1.762 -0.28711 -1.1067 -0.43111 -1.391 -0.39211 -0.43797 0.54452
3.165 -4.8765 -0.86174 -1.1909 -2.7386 -1.9847 -0.41779 -1.0617 -0.28855 -0.98456 -0.023598 -0.1752 1.003
3.1097 -4.7347 -1.0121 -0.97892 -2.4682 -1.5755 -0.043105 -0.75716 -0.56161 -1.0354 0.3197 -0.48542 0.87992
2.7941 -4.6509 -0.63171 -0.96551 -2.0756 -1.7463 -0.010638 -0.0082764 -0.65154 -1.3588 0.30315 0.58751 0.94008
2.6892 -4.5309 -0.96453 -1.7004 -1.1637 -1.5779 -0.44713 -0.25938 -1.0046 -0.92436 0.29738 -0.018859 0.7335
2.5286 -4.5619 -1.0013 -1.614 -1.1602 -1.5892 -0.75284 -0.5183 -0.7601 -0.83347 0.095219 0.33604 0.81882
2.275 -4.4387 -0.89127 -1.4616 -1.0801 -1.5118 -0.79194 -0.49113 -0.67034 -0.54463 0.020672 0.07197 1.0344
1.8615 -4.4679 -0.79883 -1.5879 -1.6512 -1.6388 -0.7188 -0.73834 -0.1754 -0.59989 -0.45353 -0.32468 1.2769
1.2512 -4.4845 -1.0946 -1.5192 -1.0063 -1.4538 -1.0134 -0.628 -0.45415 0.10998 0.43032 0.19663 1.0302
0.65208 -4.5475 -1.0715 -1.4855 -0.9075 -1.248 -1.1026 -1.0425 -0.96198 -0.16016 0.36446 0.22561 0.43339
