4.3982 -1.4668 0.83864 -2.334 -2.652 -2.467 0.61779 -0.6134 -0.7985 -0.32542 0.31363 -1.1692 -0.70794
4.8 -2.5064 -0.086586 -2.9581 -2.3529 -2.2369 -0.032453 0.053324 -0.8139 -0.86583 0.014521 -1.2289 -1.1081
4.789 -2.6123 -0.41596 -2.6947 -2.1679 -1.8638 -0.025352 0.51642 -0.75057 -0.73303 -0.17999 -1.1097 -0.57728
4.6788 -2.4008 -0.52752 -2.6445 -2.0315 -1.6775 0.10756 0.34367 -0.68756 -0.63493 0.018769 -0.91799 -0.61366
4.2215 -1.6057 -0.47161 -1.9913 -1.5991 -1.7626 -0.24442 0.19514 0.23125 -0.92368 0.36743 -0.72395 -0.33663
2.634 -2.1592 0.30955 -1.196 -1.2157 -1.5417 -0.27738 -0.35323 0.1861 -0.57088 0.14631 -0.35781 -0.019935
1.2491 -2.4812 0.74583 -0.81465 -1.337 -1.1516 0.016336 -0.84812 -0.040008 -0.25972 0.40097 -0.67333 0.026097
1.9732 -2.8111 0.24162 -1.2748 -1.3913 -1.2435 -0.15187 -0.88811 -0.057318 -0.2565 0.024166 -0.84731 0.20104
2.9615 -2.1985 0.102 -1.6588 -1.8236 -1.4186 -0.035973 -1.1018 0.19938 -0.86912 -0.66846 -0.78605 0.30365
3.9227 -1.8603 -1.0693 -1.4993 -1.4875 -1.5008 -0.040653 -0.30652 -0.16087 -1.2394 -0.1406 -0.87816 0.11188
4.3944 -2.7832 -1.2714 -2.3127 -2.0623 -1.3422 -0.29212 -0.40305 -1.1756 -1.3301 -0.35727 -1.2536 -0.33956
4.4479 -3.4856 -0.98053 -2.4672 -2.2783 -1.0055 -0.58502 -0.23781 -1.5167 -1.0386 -0.45525 -1.352 -0.38757
4.1342 -2.9201 -0.53273 -2.7983 -1.9271 -1.1029 -0.19199 -0.24235 -0.97142 -1.1384 -0.27632 -1.041 -0.47924
3.7994 -2.6477 -0.56268 -3.0788 -1.7782 -1.4425 0.049662 -0.17377 -1.2059 -0.90688 -0.35107 -1.5445 -0.2037
3.1426 -2.3479 -0.16561 -2.2797 -2.1066 -1.1645 0.29272 -0.72779 -0.70982 -0.88313 -0.046191 -1.6071 -0.065292
2.3173 -2.9815 0.19744 -1.5906 -2.2453 -1.764 -0.20243 -1.2405 -0.40998 -1.4446 -0.45395 -0.89803 -0.35743
1.2612 -3.3522 0.1961 -0.29298 -0.77323 -0.78208 -0.5748 -1.115 0.018559 -0.63982 -0.49576 -0.59329 -0.55781
0.45701 -3.5464 0.13004 -0.13907 0.048288 -0.47493 -0.76214 -1.233 -0.68804 -0.12299 0.63489 0.11352 -0.95371
0.66384 -3.7192 0.13617 -0.25754 -0.26828 -0.85863 -1.1177 -1.6622 -1.019 -0.085621 0.91553 0.16388 -1.1409
0.40071 -3.5911 -0.11597 -0.50459 -0.37425 -0.83086 -0.87359 -1.1971 -0.65071 -0.17013 0.46091 -0.053517 -0.58669
0.414 -3.4145 0.17456 -0.40935 -1.0541 -0.98692 -0.31474 -0.89902 -0.22259 -0.42791 0.10943 -0.61114 -0.12929
1.0834 -3.4701 0.085462 -0.64319 -1.4104 -1.1233 -0.19039 -0.86813 -0.11349 -0.55382 -0.074655 -0.89994 0.010709
1.5506 -3.7669 -0.12851 -0.77064 -2.1221 -1.7044 -0.44585 -1.1723 -0.34552 -0.8101 0.086794 -0.70266 0.31837
1.9484 -3.4787 0.076036 -1.1796 -1.6869 -1.3512 -0.28768 -1.1787 -0.33261 -0.61002 -0.14418 -0.65293 -0.0029706
2.4349 -3.8501 0.017058 -1.7858 -2.1906 -1.6136 0.05128 -1.1604 -0.94334 -0.61422 -0.085325 -1.0022 -0.06225
2.691 -3.6488 0.29414 -2.207 -2.3753 -1.3683 -0.29864 -1.2496 -0.65081 -0.64526 -0.52131 -0.93806 -0.033334
3.062 -3.8719 0.7927 -2.0747 -2.73 -1.0686 0.22086 -0.98535 -0.97369 -0.50951 0.049784 -0.62496 -0.38374
3.3373 -4.0382 -0.36659 -2.0572 -2.5019 -1.375 0.22867 -0.76409 -1.0967 -0.69341 -0.62392 -0.55642 -0.073486
3.7083 -4.4849 -1.0145 -2.9055 -2.6858 -1.404 0.33918 -1.1157 -1.2352 -0.58708 -0.93548 -0.44275 0.2103
4.3084 -4.2252 -0.8674 -3.0328 -2.2001 -0.40975 0.02262 -0.42333 -1.2929 -0.79832 -0.6996 -0.45801 0.29085
4.749 -4.5075 -1.5052 -2.9646 -2.191 -0.70579 0.097688 0.028404 -2.1137 -0.88786 -0.29791 -0.75357 0.50755
4.7356 -4.6103 -1.804 -2.8093 -1.8048 -0.33446 0.023442 -0.0087913 -1.8378 -0.89955 -0.14675 -0.58939 0.27143
4.421 -4.618 -1.9772 -3.2824 -1.4836 -0.58373 -0.6052 -0.069986 -1.9929 -1.2375 -0.19303 -0.81472 0.077257
4.1854 -4.5706 -1.7045 -2.8927 -1.7206 -0.40682 -0.47314 -0.18668 -1.8894 -1.2652 0.22946 -0.94285 0.10357
3.8059 -4.1161 -1.45 -2.6931 -1.4367 -0.016313 -0.67184 -0.29037 -1.2755 -1.5324 0.28374 -0.62273 -0.011838
3.352 -4.3392 -1.4212 -1.9677 -1.379 -0.24902 -0.17908 -0.7532 -1.0466 -1.3878 -0.023383 -0.2346 0.13809
2.9148 -4.3811 -1.4317 -1.8949 -1.4233 -1.1872 -0.5368 -0.68426 -0.93842 -1.7198 -0.14034 -0.61626 0.37519
2.1624 -3.892 -0.85831 -2.2347 -1.2144 -1.0293 -0.59165 -1.6251 -0.891 -1.1223 -0.64247 -0.31378 0.18157
1.6916 -3.6616 -0.19432 -1.3212 -1.3863 -1.1575 -0.64531 -1.6937 -0.12564 -0.50574 -0.01074 0.11139 0.39673
1.4114 -3.7779 -0.095903 -0.1471 -0.58429 -0.70371 -0.78264 -1.2046 -0.88037 -0.99417 -0.26137 0.021826 0.34998
0.66597 -3.9814 -0.21278 -0.52213 -0.28208 -0.72399 -1.3729 -1.7734 -0.89716 -0.54593 0.027482 0.49569 -0.58629
