0.89944 -2.2374 0.0070819 -1.9538 -0.27826 -0.46074 -0.17018 -0.23895 0.17656 0.14875 -0.13909 0.090842 0.27905
3.6342 -2.8912 -0.5458 -0.94677 -2.4646 -2.3057 -0.34972 0.0669 -0.27875 -0.5316 0.45487 -0.51345 -0.44721
4.709 -3.7282 -0.88756 -1.4161 -2.5433 -1.7066 -0.021304 0.39145 -0.17763 -0.49264 0.39942 -0.7832 -0.83095
5.3171 -4.7624 -1.7343 -1.0232 -2.3933 -1.2751 -0.018585 0.22665 -0.81654 -0.70415 -0.058897 -0.72501 -0.4116
5.8456 -5.1639 -1.649 -1.2047 -2.3496 -1.2138 -0.24402 0.42313 -0.92019 -0.761 0.14588 -0.61871 -0.61395
5.8553 -5.162 -2.1345 -1.4266 -2.4756 -1.661 -0.86783 0.076139 -1.1774 -1.057 -0.033196 -0.74456 -1.234
4.6544 -3.4015 -1.8233 -0.43568 -1.7692 -1.6237 -0.90551 0.2289 -0.54378 -0.93584 0.33803 -0.39247 -0.7968
2.7503 -2.2023 0.74465 -0.20539 -1.4029 -2.0769 -1.6292 -0.90658 0.49203 -0.76076 -0.085363 0.23339 0.31618
2.8718 -2.0683 0.31852 -0.56946 -1.4408 -1.7239 -1.8124 -1.1465 0.25808 -0.84686 -0.2109 0.3005 0.3994
2.9207 -1.9146 0.65138 -0.30119 -1.3477 -2.0205 -1.5221 -0.79492 0.18078 -0.54688 -0.0034496 0.15076 0.45763
3.0232 -2.122 0.4053 -0.96741 -1.0984 -2.0918 -1.7277 -1.1816 -0.10167 -0.92387 -0.16532 0.50367 0.49151
3.3807 -2.8543 -0.60983 -0.53614 -1.7551 -2.4245 -1.6189 -0.85633 -0.18376 -1.1398 0.29599 0.38177 0.34057
4.9764 -3.9822 -1.8455 -0.47746 -2.5891 -1.7025 -0.73595 0.37735 -0.25829 -0.59293 0.57735 -0.29219 -0.61484
6.311 -5.3609 -1.866 -0.41312 -3.1374 -1.0631 -0.60582 0.19385 -1.1272 -0.23138 0.097349 -0.66816 -0.7846
6.4187 -5.7855 -1.3001 -0.89101 -3.2423 -0.85599 -0.42169 -0.24833 -1.1674 -0.15726 -0.23742 -0.82468 -0.51305
6.4758 -5.8172 -0.96697 -0.79457 -3.1822 -0.61501 -0.11911 -0.26068 -1.0016 -0.017898 -0.16786 -0.42639 -0.31684
6.32 -5.8545 -0.62214 -0.90379 -3.3592 -0.56633 -0.070658 -0.31146 -0.91619 0.051082 -0.16332 -0.35958 -0.23609
6.2482 -6.1026 -0.90567 -1.2241 -3.6004 -0.78768 -0.36858 -0.62275 -1.062 -0.10893 -0.50427 -0.53535 -0.43306
6.2014 -6.0515 -0.69487 -1.1405 -3.6162 -0.81867 -0.1007 -0.60025 -1.0239 -0.069202 -0.39906 -0.61115 -0.45559
6.2013 -5.9219 -0.69311 -1.0015 -3.6795 -0.72911 -0.03863 -0.53358 -0.89576 -0.13138 -0.45339 -0.55087 -0.38142
6.0927 -5.9427 -0.58749 -1.0695 -3.5768 -0.76415 -0.14688 -0.55283 -0.91453 -0.082054 -0.49394 -0.51742 -0.40513
5.9703 -5.8906 -0.30407 -1.1185 -3.7642 -0.78638 -0.18772 -0.52049 -1.0109 -0.18124 -0.43572 -0.21596 -0.6183
5.9934 -5.8318 -0.032264 -1.036 -3.8106 -0.63975 -0.090592 -0.52938 -0.88327 -0.086831 -0.3596 -0.1736 -0.55861
5.8674 -5.6372 0.24202 -1.1313 -3.6695 -0.67403 -0.23655 -0.48548 -0.70878 0.14663 -0.50702 -0.12283 -0.20699
5.7073 -5.5524 0.63461 -1.2548 -3.8769 -0.68008 -0.26148 -0.61437 -0.66575 0.020051 -0.46307 -0.086781 -0.27118
5.485 -5.5531 0.67526 -1.3469 -3.8615 -0.93548 -0.63309 -0.87245 -0.62071 0.035145 -0.55774 -0.43579 -0.43463
5.1826 -5.4844 0.90527 -1.1998 -4.07 -1.2839 -0.66699 -0.6594 -0.8414 -0.11507 -0.42906 -0.34203 -0.69651
4.4877 -4.7533 1.6453 -0.67788 -3.9443 -1.531 -0.22686 -0.6975 -0.93497 0.25355 0.13378 -0.21512 -0.51604
2.6486 -3.5699 1.8377 0.061339 -2.9312 -2.1204 -0.39937 -0.6941 -0.45954 -0.09081 0.37142 -0.35145 -0.27968
2.0885 -1.8827 1.2727 -0.96705 -2.118 -1.7678 -0.60269 -1.9274 -0.3722 -0.48484 0.64575 -0.45379 0.046788
2.0565 -1.755 1.0299 -0.99566 -1.992 -1.9006 -0.83532 -2.0625 -0.10117 -0.57768 0.39969 -0.19756 -0.27037
2.0086 -1.6125 1.4805 -0.68677 -1.5207 -1.649 -1.1364 -1.7492 0.16005 -0.50631 0.4305 -0.069405 -0.092565
2.0316 -2.4059 1.5282 -1.0783 -1.735 -1.5058 -0.61519 -1.6329 -0.059672 -0.60745 0.18906 0.1972 -0.11816
2.8418 -3.6008 1.9353 -0.58193 -2.892 -1.0792 -1.3286 -1.7045 0.35584 -0.19577 -0.57494 0.24375 -0.49672
3.3325 -4.1006 2.3837 -1.1942 -3.5845 -0.73179 -1.8118 -1.3809 -0.063613 -0.72568 -0.17408 0.037495 -0.95453
3.5864 -4.4417 2.6524 -1.4207 -3.3561 -0.92318 -1.9203 -0.86113 -0.20918 -0.62124 -0.077258 -0.088274 -0.88925
3.9078 -4.5658 2.9929 -0.91952 -3.2454 -0.66371 -1.9161 -0.22655 0.23885 -0.43311 -0.31055 0.066092 -0.50142
4.5037 -5.2428 3.3631 -0.778 -3.9912 -0.63621 -1.3807 -0.3921 0.20505 -0.48068 -0.25924 0.30385 -0.72923
4.8565 -5.4147 2.4792 -0.84088 -4.3796 -0.83183 -1.3292 -0.57215 0.21166 -0.46784 -0.57494 0.2259 -0.81559
5.1375 -5.3798 2.2566 -0.74482 -4.3982 -0.51359 -0.6628 -0.37616 0.21292 -0.0024178 -0.54721 0.19451 -0.60176
5.3007 -5.4375 1.0269 -1.0538 -4.2218 -0.48671 -0.3437 -0.52661 -0.39387 0.086902 -0.55731 -0.15537 -0.57908
5.4628 -5.5858 0.26706 -1.0794 -3.8458 -0.68719 -0.049649 -0.28504 -0.59434 -0.01478 -0.56911 -0.38337 -0.20336
5.4891 -5.6716 -0.56755 -1.3591 -3.7128 -0.78848 0.019746 -0.35972 -1.0391 -0.23973 -0.44982 -0.57318 -0.30166
5.4935 -5.2961 -1.2569 -1.2765 -3.2988 -0.79128 -0.052303 -0.26859 -1.0538 -0.41561 -0.49494 -0.52224 -0.32627
5.4211 -4.9272 -1.3498 -0.9614 -2.9002 -0.61981 0.22868 0.061491 -0.74703 -0.43866 -0.21385 -0.22461 -0.20604
5.0468 -4.5338 -1.5648 -0.98663 -3.0029 -0.65261 0.24277 0.2084 -0.97183 -0.55106 -0.19098 -0.31836 -0.22098
4.6985 -4.5734 -1.1619 -1.0858 -3.0895 -0.90185 0.38466 0.067422 -0.84074 -0.44372 -0.26117 -0.50302 -0.27711
3.5267 -2.9771 -0.81091 -1.2183 -2.8928 -1.4874 0.45304 0.042564 -0.22691 -0.47156 0.12235 -0.71774 -0.076216
3.6424 -3.8063 0.22195 -0.54606 -2.7222 -1.8195 0.056296 -0.1888 0.16016 -0.021425 0.51204 -0.37514 -0.32922
1.7074 -2.7826 1.3233 0.15447 -2.1575 -2.34 -0.12752 -0.46001 -0.23694 -0.49833 0.57034 -0.66035 -0.52213
