1.7739 -2.739 1.2276 -0.49713 -1.7118 -1.6149 -0.98035 -0.94376 0.14755 0.10589 0.14837 -0.55782 -0.27159
4.5503 -3.9269 -0.32322 -1.6144 -2.8003 -2.1493 -0.45164 -0.096155 -0.040507 -0.17417 0.055909 -1.4334 -0.91996
4.3561 -4.0906 -0.078176 -1.622 -2.5084 -1.7446 -0.44126 0.29729 -0.019785 -0.40121 -0.068081 -0.82877 -0.48145
4.054 -4.2887 -0.94349 -1.6251 -2.5419 -1.6046 -0.39189 -0.02671 -0.63604 -0.86407 -0.24589 -1.1338 -0.3852
3.9809 -4.2926 -1.2924 -1.7577 -2.3255 -1.4458 -0.11916 -0.07504 -0.57828 -1.224 -0.70233 -1.1679 -0.58995
3.7825 -4.2197 -1.1387 -1.2358 -1.8843 -1.2997 -0.23996 0.17928 -0.55774 -1.5031 -0.44435 -0.98537 -0.37796
2.7029 -3.5679 -0.87376 -1.2329 -1.5842 -1.3319 -0.2544 0.034157 -0.68163 -1.4628 -0.38852 -0.50228 -0.51535
1.6932 -3.5819 -0.17021 -0.6697 -0.74557 -0.97769 -0.98132 -1.4301 -0.70719 -0.95735 -0.61044 -0.53722 -0.59581
1.9537 -3.3077 0.5887 0.039692 -0.84134 -1.0514 -1.4853 -2.3781 0.5029 -0.29651 -0.64546 -0.36793 -0.62233
1.7245 -3.3787 0.28945 -0.63474 -1.0327 -1.3348 -1.1913 -2.1187 0.001304 -0.54561 -0.41301 -0.74466 -0.83638
1.6278 -3.5215 0.12544 -0.40846 -0.72316 -1.219 -1.2024 -1.5688 -0.2205 -0.75712 -0.45093 -0.45382 -0.80385
1.6475 -3.5862 0.13665 -0.31304 -0.75951 -1.1794 -1.1001 -1.4704 -0.45278 -0.72936 -0.1664 -0.3412 -0.72175
1.5343 -3.3637 -0.1365 -0.66575 -0.72727 -0.7139 -0.54285 -1.011 -0.56212 -1.3064 -0.86444 -0.55885 -0.27811
2.6269 -4.5752 -1.0181 -1.2814 -1.2205 -1.0735 -0.14911 -0.21961 -1.5276 -1.7817 -0.72846 -0.73835 0.09202
3.9603 -5.0214 -1.6067 -1.2976 -1.7106 -0.90084 0.24696 0.51023 -1.0668 -1.8114 -0.51498 -1.3832 0.0024053
4.5435 -4.5298 -1.3698 -1.2259 -1.7489 -0.90333 -0.036326 0.89407 -1.0803 -1.5262 -0.35099 -0.9768 0.083846
4.6078 -4.5943 -1.8934 -1.5629 -2.2086 -1.1163 -0.49219 0.46796 -1.6199 -1.6695 -0.55427 -1.1933 -0.17527
4.5679 -4.5611 -1.6627 -1.6779 -1.8759 -1.1418 -0.26681 0.57852 -1.6958 -1.898 -0.35783 -1.2607 -0.085367
4.4328 -4.759 -1.4776 -1.5533 -1.8651 -0.93775 -0.13955 0.44888 -1.4193 -1.398 -0.43648 -1.1507 0.16019
4.1146 -4.813 -1.1807 -1.435 -1.6115 -0.92151 -0.48404 0.091026 -1.6752 -1.3554 -0.11676 -1.1276 0.14553
3.5632 -4.8833 -1.1236 -1.6487 -2.0207 -1.2344 -1.083 -0.20209 -1.7318 -1.0152 0.10956 -0.81371 0.20024
3.0747 -4.8228 -0.69335 -1.266 -2.0501 -1.3634 -0.77574 -0.75245 -1.4741 -0.73188 -0.25692 -0.79041 0.086184
2.3795 -4.1741 -0.22231 -0.89279 -1.8082 -1.841 -1.2337 -0.83831 -0.94735 -0.88883 -0.3744 -0.61759 -0.033093
2.4919 -3.4701 0.40491 -0.29038 -1.4406 -1.2727 -1.0519 -2.1177 -0.54895 -1.4067 -0.3198 0.010801 0.0038572
2.7536 -3.338 0.42148 -0.79733 -1.6879 -1.4632 -1.2408 -2.712 -0.16187 -1.4403 -0.89308 -0.18875 -0.25675
2.711 -3.2771 0.57603 -0.60691 -1.4699 -1.183 -1.0893 -2.7086 0.022264 -1.2336 -0.71891 -0.03192 -0.24578
2.6251 -3.5383 0.52155 -0.46484 -1.6224 -1.5133 -1.3573 -2.3403 0.24281 -1.377 -0.92821 -0.19588 -0.3593
2.5957 -3.9318 0.64502 -0.74343 -1.6933 -1.279 -1.4564 -2.2851 -0.36875 -0.45625 -0.50205 -0.72382 -0.014707
2.4467 -4.5319 0.12967 -0.30098 -1.756 -1.2587 -1.5145 -1.3601 -1.0929 -0.59653 -0.24795 -0.4596 -0.019421
2.4942 -4.6513 0.35232 -0.22386 -1.6512 -1.1223 -1.4779 -0.72807 -0.98315 -0.72971 -0.29001 -0.68741 -0.074463
2.4597 -4.9813 0.80671 -0.099427 -2.1454 -1.1587 -1.6015 -1.0786 -0.95957 -0.52904 -0.73255 -0.93159 0.072282
2.3058 -4.4787 0.32894 -0.2685 -1.9425 -1.131 -1.0578 -0.72008 -1.0277 -1.1035 -0.35174 -0.5558 -0.046597
2.2304 -4.6746 0.65288 0.0098344 -1.7055 -1.1255 -1.6983 -1.3264 -0.43704 -0.74202 -0.7443 -0.60403 -0.11405
2.1966 -4.6724 0.24425 -0.10365 -1.5916 -1.1753 -1.7547 -1.3451 -0.67215 -0.71641 -0.55682 -0.63044 -0.33168
2.1904 -4.6503 0.16718 -0.3088 -1.6975 -1.0665 -1.3386 -1.4043 -0.69586 -1.0448 -0.67371 -0.7033 -0.35953
2.2859 -4.7623 0.37349 -0.34341 -1.8373 -1.2399 -1.6246 -1.6334 -0.69514 -0.78912 -0.45185 -0.54183 -0.49438
2.2925 -4.6373 0.25152 -0.31961 -2.32 -1.6408 -1.6001 -1.3942 -0.60621 -0.80104 -0.60364 -0.81667 -0.20051
2.4127 -4.6369 0.36736 -0.62905 -2.5103 -1.5413 -1.0086 -1.2926 -0.34934 -1.0857 -0.7601 -1.0312 -0.12347
2.8194 -4.7925 0.2575 -0.69466 -3.0566 -1.6089 -0.53413 -0.98093 -0.37838 -0.87896 -0.33749 -1.0011 0.1854
2.8103 -4.3255 -0.14434 -1.0038 -3.0142 -1.4294 -0.51152 -0.95483 -0.21171 -0.80549 -0.71569 -1.4028 0.37853
2.7717 -4.473 -0.42909 -1.1147 -2.5071 -1.3113 -0.026276 -1.2057 -0.52641 -1.0045 -0.23738 -1.0543 -0.030394
2.6658 -4.1514 -1.0662 -1.2102 -1.4741 -1.3392 -0.29775 -0.59122 -0.59801 -1.2493 -0.41048 -0.61595 0.20441
2.9635 -4.5583 -1.7688 -1.3448 -1.2717 -1.2294 -0.42115 -0.28118 -0.80903 -1.7101 -0.75559 -0.41631 0.10314
3.2979 -4.5757 -1.8365 -1.8055 -1.0093 -1.1175 -0.49876 -0.18827 -0.99493 -1.6128 -0.74446 -0.019481 0.42975
3.64 -4.8173 -2.4938 -2.1732 -0.88898 -0.82599 -0.83368 -0.14623 -0.90362 -1.499 -1.0382 0.047532 0.30379
3.8379 -4.9189 -2.6608 -2.3285 -0.60194 -0.50257 -0.8992 0.050486 -0.88442 -1.4975 -0.71717 0.39844 0.41763
3.6826 -4.6741 -2.4447 -2.2908 -0.53144 -0.45403 -0.91761 0.068311 -0.7239 -1.5708 -0.83229 0.18033 0.29345
3.5275 -4.5975 -2.27 -2.2893 -0.12864 -0.22527 -0.77525 -0.20274 -0.82289 -1.4269 -0.68064 0.19261 0.50353
3.2239 -4.7446 -2.2274 -2.8195 -0.38106 -0.38091 -1.1977 -0.45482 -1.2268 -2.0134 -0.95523 -0.10673 -0.011408
2.7622 -4.7194 -2.1957 -2.7516 -0.22424 -0.48912 -0.91754 -0.68011 -1.2781 -1.3616 -0.89748 -0.49361 0.39859
2.3778 -4.45 -1.5826 -2.0453 -0.08972 -0.19821 -0.57619 -0.70129 -1.1609 -0.98969 -0.46504 0.13992 0.28007
1.9668 -4.5297 -1.0796 -1.9086 -0.79983 -0.26282 0.25189 -0.65881 -1.1758 -0.81905 -0.094836 -0.1361 0.71472
0.52943 -3.5901 -0.22118 -1.1968 -0.74961 -0.49774 0.14854 -0.58347 -0.83381 -0.93826 -0.1819 -0.094508 0.67133
