-0.0087244 -3.8664 -0.060573 0.4515 -0.36007 -0.27993 -0.449 -0.35974 -0.4766 -0.62109 -0.21968 -0.17861 -0.54056
2.9885 -3.0019 -0.43584 -1.0256 -2.1165 -1.9165 0.042357 -0.39636 -0.096401 -1.269 -0.13495 -0.89259 0.22134
3.8297 -2.9181 -1.4273 -1.7412 -1.5988 -1.5113 -0.096147 -0.11987 -0.43917 -1.0477 -0.16381 -0.61811 -0.67218
3.6078 -3.0154 -0.89126 -1.7485 -1.4731 -1.3189 0.097854 -0.59 -0.86421 -0.68363 0.051085 -0.81964 -0.3739
3.2894 -3.0768 -1.1605 -1.5444 -1.7004 -1.6536 -0.42971 -0.8627 -1.0707 -1.2843 0.16824 -0.84619 -0.676
2.5547 -2.9729 -0.55554 -0.86892 -0.77437 -0.8648 -0.17911 -0.59395 -0.92425 -0.77955 0.080383 -0.54834 -0.31571
1.7342 -2.8297 0.17863 -0.76398 -0.20372 -0.56118 -0.89552 -1.6698 -0.44969 -0.81148 -0.65391 -0.1132 -0.93351
1.5176 -2.875 0.20216 -0.72993 -0.31845 -0.6677 -0.6463 -1.0472 -0.23396 -0.69998 -0.69038 -0.37189 -0.69382
1.6508 -2.9855 0.39853 -0.20196 -0.54617 -0.75556 -0.95979 -1.5268 -0.26324 -0.65239 -0.41933 -0.19158 -0.53532
1.6045 -3.1259 0.41258 0.025061 -0.24107 -0.47092 -0.99819 -1.6654 -0.44469 -0.75089 -0.2653 0.16324 -0.5893
1.6464 -3.0875 0.4942 0.08923 -0.37398 -0.54382 -0.8947 -1.6076 -0.41977 -0.68298 -0.10799 0.1038 -0.39175
1.7261 -3.0917 0.44482 -0.025368 -0.63016 -0.7519 -0.90205 -1.6024 -0.40494 -0.60569 -0.021146 -0.088418 -0.60165
1.6885 -3.2601 0.44124 0.14825 -0.33888 -0.60738 -1.2515 -1.99 -0.49331 -0.81736 -0.25067 0.1821 -0.56253
1.7659 -3.2103 0.31658 -0.045746 -0.40236 -0.56883 -0.88743 -1.5478 -0.60913 -0.81486 -0.29984 -0.077795 -0.43017
1.7498 -2.8378 0.56834 -0.368 -1.0359 -0.94992 -0.52402 -1.092 0.25115 -0.6838 -1.0314 -0.96366 -0.099352
1.8646 -2.7056 0.14197 -1.4225 -0.8397 -0.95529 -0.32108 -1.0983 -0.25376 -1.031 -1.0102 -0.57667 -0.27706
2.092 -3.1686 -0.69503 -1.2273 -0.44422 -0.82124 -0.53126 -0.916 -1.2695 -0.94662 -0.30607 -0.23393 -0.71174
2.0845 -2.7619 -0.36119 -1.7488 -1.2348 -1.1147 -0.28686 -1.3757 -0.54547 -1.2002 -0.41418 -0.58465 -0.49547
2.8389 -3.2048 -0.49092 -1.8474 -0.9605 -0.58148 0.12171 -1.0842 -0.65543 -1.2818 -0.82289 -0.61789 -0.50068
3.0102 -2.7951 -0.60271 -1.5014 -0.90769 -0.68522 0.19247 -1.2462 -0.84887 -1.0328 -0.46786 -0.42157 -0.7293
2.9185 -3.6031 -0.67963 -1.4187 -1.3151 -1.0128 -0.006084 -0.9746 -1.0724 -1.2102 -0.83154 -1.0112 -0.49779
3.1633 -3.3981 -0.71712 -1.0252 -1.5652 -1.0902 0.01722 -0.80892 -0.79326 -0.99501 -0.069136 -1.0614 -0.13078
3.2604 -3.4623 -1.5636 -1.6501 -1.9609 -1.1693 0.42769 -1.2517 -0.5605 -1.3613 -0.67177 -0.73352 -0.80361
3.116 -3.793 -0.93587 -1.4781 -1.6602 -0.76669 0.013417 -0.85794 -0.6527 -0.83679 -0.64921 -1.2947 -0.46725
2.8544 -3.5454 -0.28091 -2.0729 -1.6492 -1.0278 -0.38588 -1.5473 -0.5112 -0.89606 -0.85221 -1.0336 -0.42055
2.3923 -3.3483 -0.067964 -1.5014 -2.0212 -1.2171 -0.093298 -1.5526 -0.17448 -1.1275 -0.65734 -0.71404 -0.26312
2.2501 -3.341 -0.26355 -0.97704 -1.8731 -1.2672 -0.30834 -1.1351 -0.29984 -0.59561 -0.31978 -0.91764 0.016674
2.2752 -3.5505 0.0076059 -0.75493 -1.4758 -1.2617 -0.89797 -1.7546 -0.73315 -1.0747 -0.54011 -0.7092 -0.50999
2.6928 -3.377 0.16462 -0.71005 -1.2038 -1.113 -1.1878 -2.4829 -0.47131 -1.2222 -0.69593 -0.26508 -0.7892
2.8049 -3.3482 0.36169 -0.44307 -1.0921 -1.1456 -1.3224 -2.4644 0.013005 -1.0159 -0.84711 -0.33107 -0.72237
3.006 -3.3444 0.28795 -0.65116 -1.3652 -1.1692 -1.0224 -2.3589 -0.3278 -1.0849 -0.47279 -0.27156 -0.46571
3.0733 -3.6456 0.2315 -0.43712 -1.237 -1.245 -1.4572 -2.6169 -0.20385 -1.2325 -0.96788 -0.513 -0.78141
3.1302 -3.3541 0.44888 -0.49397 -1.2408 -1.2336 -1.2722 -2.3978 0.013341 -1.1296 -0.78144 -0.20588 -0.61722
3.0573 -3.2956 0.44882 -0.52182 -1.4003 -1.278 -1.1295 -2.3128 0.033955 -0.90508 -0.52178 -0.21268 -0.43443
3.0207 -3.7017 0.027863 -0.83476 -1.5953 -1.4382 -1.174 -2.2419 -0.25821 -1.0994 -0.59459 -0.373 -0.42853
2.9992 -3.6454 0.075248 -0.70041 -1.4167 -1.3456 -1.16 -2.1417 -0.20839 -1.0345 -0.51898 -0.24373 -0.40498
3.0351 -3.5648 0.24677 -0.77781 -1.5563 -1.2937 -1.137 -2.0622 0.010411 -0.93286 -0.69152 -0.38338 -0.4736
3.2158 -3.8016 -0.00027959 -1.1798 -2.2474 -1.6059 -0.98557 -2.1823 -0.016977 -1.0906 -0.81248 -0.76242 -0.25592
3.5275 -4.5033 0.43555 -1.0232 -3.2355 -1.8675 -0.93785 -1.6769 -0.023058 -1.3582 -0.79215 -0.80089 -0.088655
4.2616 -4.7008 0.40689 -1.187 -3.6633 -1.194 -0.24916 -1.5641 -0.39433 -1.2302 -0.72045 -0.75532 -0.35469
4.6237 -5.4316 0.18224 -1.2841 -3.5342 -1.176 -0.44223 -1.2198 -0.45019 -0.89386 -1.1334 -0.53967 -0.21023
4.8639 -5.5453 -1.1544 -1.5318 -3.4989 -1.0771 -0.047616 -1.4121 -1.0609 -0.92917 -0.64542 -0.73733 0.024643
5.2021 -5.5359 -2.0307 -1.0384 -2.7874 -1.0367 0.18044 -0.38562 -1.3052 -1.0203 -0.47833 -0.38231 -0.09771
5.0817 -5.4125 -2.773 -1.3349 -2.4636 -1.0599 0.17776 -0.49544 -1.1543 -0.8955 -0.1071 -0.32998 -0.13103
4.3726 -5.3659 -3.2081 -2.1484 -1.9274 -1.3657 -0.32229 -0.40478 -1.134 -1.1908 0.0056116 -0.2757 -0.070217
4.0739 -4.6997 -3.3358 -2.3117 -1.0678 -1.1343 -0.65996 -0.65649 -0.83362 -0.91074 -0.13312 0.53915 -0.16589
3.3698 -4.2947 -2.8395 -3.5344 -1.4301 -1.2649 -0.97255 -0.591 -0.85184 -0.7651 0.48471 0.73991 0.41642
2.8554 -4.1701 -2.0689 -3.0936 -0.93067 -1.411 -0.48318 0.0095479 -1.44 -1.0337 0.73572 0.37079 0.074194
3.2059 -5.2641 -2.8475 -2.7943 -0.9362 -0.75876 -0.054003 0.59828 -0.98919 -0.92487 0.50056 0.57742 0.1174
1.5033 -4.4082 -1.3704 -1.705 -0.64596 -0.56646 -0.23243 -0.13123 -0.61499 -0.34891 0.37398 0.75377 0.22288
1.3396 -5.1301 -1.9859 -2.132 -0.7797 -0.37228 0.80522 1.0406 -0.89883 -0.26862 0.73878 0.13254 0.19217
-1.9725 -3.5255 -0.4979 -1.6934 -1.1585 -0.91622 0.88559 0.65157 -0.9799 -0.094304 1.1894 -0.56217 0.55518
