1.6466 -1.979 0.87635 -0.36007 -1.6879 -1.8383 -0.31381 -0.56256 0.30324 -0.38329 0.60263 -0.53765 -0.2112
1.5055 -1.8893 1.1996 -0.6734 -1.1381 -1.8679 -0.094813 0.62846 0.42237 -0.85666 -0.13442 -0.39578 -0.14586
1.47 -1.504 1.0139 -0.99485 -1.3292 -1.6505 0.24931 -0.093087 0.53172 -0.88101 -0.28202 -0.55961 0.057473
1.4338 -1.5333 0.77297 -1.0158 -1.0042 -1.6143 -0.015845 -0.34239 0.18948 -0.6445 -0.075993 -0.95478 -0.27651
1.345 -1.3564 0.93041 -0.98603 -0.87294 -1.3843 -0.020669 -0.2913 0.45357 -0.55412 -0.21964 -0.80745 -0.19619
1.2352 -1.3628 1.0511 -0.62853 -1.213 -1.1904 0.23955 -0.68238 0.57605 -0.60857 -0.036207 -0.70127 0.14872
0.97305 -1.5912 0.88013 -0.49925 -1.0802 -1.0454 0.051431 -0.93932 0.4411 -0.45897 0.009101 -0.79599 -0.25155
0.7084 -2.111 1.6939 0.86697 -0.93789 -0.90086 -0.42031 -1.2619 0.51823 -0.41147 -0.074755 -0.6207 -0.30943
0.7272 -2.1677 1.9486 1.4023 -0.92129 -0.85246 -0.50286 -1.2379 0.86025 -0.3293 -0.35139 -0.75907 -0.078994
0.56727 -1.851 1.6758 0.63714 -0.43038 -0.50782 -0.33021 -1.3751 0.28848 -0.67313 -0.10204 -0.089669 -0.38321
0.67485 -1.9298 1.784 0.8003 -0.71404 -0.82855 -0.47959 -1.3691 0.51774 -0.46885 0.022574 -0.26774 -0.59812
0.57596 -1.5612 1.9878 0.70987 -0.49185 -0.64099 -0.42322 -1.5 0.69985 -0.75702 -0.33967 0.074338 -0.32774
0.75484 -2.0991 1.884 1.3399 -0.61006 -0.6738 -0.73407 -1.7673 0.69268 -0.13915 -0.027332 -0.46965 -0.26427
0.87559 -1.4561 1.2065 -0.174 -0.92804 -0.98875 -0.052909 -0.9818 0.69171 -0.53749 -0.10287 -0.62816 -0.24012
1.4314 -1.5246 0.89467 -0.69072 -1.0407 -1.2431 -0.14779 -0.47214 0.53014 -0.50335 -0.20725 -0.69946 0.0083417
1.5041 -1.3918 1.0933 -0.91795 -1.4711 -1.2044 0.35392 -0.56192 0.61096 -0.84218 -0.11926 -0.57601 -0.31394
1.4931 -1.2209 1.033 -1.0002 -1.0251 -1.1287 -0.056828 -0.39137 0.53966 -0.77664 0.11334 -0.8853 -0.26849
1.4591 -1.397 0.87645 -0.63185 -1.1467 -1.3905 0.19822 -0.57646 0.29622 -0.49846 0.13147 -1.0372 -0.25887
1.5285 -1.4101 0.83491 -0.57181 -1.1446 -1.2304 0.25286 -0.27018 -0.0018091 -0.67439 0.29618 -1.1249 -0.10879
1.4229 -1.4507 0.97923 -0.57992 -1.035 -1.1586 0.19528 -0.71256 0.28675 -0.5488 0.073732 -0.89552 -0.3321
1.4001 -1.4866 1.2077 -0.65452 -1.1653 -0.99706 0.31195 -0.69843 0.036859 -0.70322 0.32679 -0.71903 -0.365
1.3847 -1.4124 1.4654 -0.81263 -1.2174 -0.8864 0.54942 -0.76295 -0.17162 -0.58806 0.33088 -0.98569 -0.096012
1.3823 -1.5552 1.5144 -0.52998 -1.0263 -1.0515 0.34304 -0.33461 -0.23086 -0.59406 0.47973 -0.77513 -0.17633
1.345 -1.5711 1.3536 -0.30843 -1.2362 -0.99514 0.33965 -0.82451 0.31953 -0.67162 0.051914 -0.84076 -0.16821
1.3086 -1.4901 1.3682 -0.403 -1.1023 -1.0685 0.23961 -0.86069 0.49972 -0.72028 -0.1728 -0.52127 -0.11231
1.2823 -1.4758 1.2941 -0.56709 -0.93537 -0.95318 0.068244 -0.69544 0.42335 -0.56615 -0.15285 -0.67266 -0.24008
1.0478 -1.3657 1.3522 -0.66862 -1.0326 -0.68943 0.19619 -1.1586 0.41861 -0.66655 -0.18875 -0.4479 -0.066298
0.77033 -1.5896 1.647 -0.068303 -0.96232 -0.68108 0.26478 -1.135 0.47981 -0.67905 -0.10543 -0.44545 -0.34555
0.54562 -1.4737 1.9498 0.39635 -0.52208 -0.54224 -0.25844 -1.5577 0.80148 -0.74633 -0.57419 -0.031892 -0.37931
0.5878 -1.4885 1.862 0.30383 -0.2616 -0.43626 -0.41165 -1.7752 0.71205 -0.46719 -0.39525 0.04176 -0.45478
0.63093 -1.8188 1.8178 0.69177 -0.55805 -0.62331 -0.40462 -1.5072 0.54286 -0.50213 -0.13121 -0.20836 -0.5343
0.6563 -1.8439 1.7366 0.63348 -0.71228 -0.55487 -0.17151 -1.385 0.39166 -0.69509 -0.17336 -0.22547 -0.25765
0.7218 -1.6171 1.8681 0.3158 -0.84498 -0.72005 -0.28534 -1.6084 0.9713 -0.4103 -0.49449 -0.41204 -0.22955
0.7697 -1.6569 1.7473 0.25935 -0.95984 -0.80284 0.0036193 -1.1182 0.55766 -0.77507 -0.24271 -0.26292 -0.015114
0.89754 -1.81 1.6805 0.24435 -1.2232 -0.75248 -0.031467 -1.2249 0.78072 -0.76162 -0.44365 -0.31696 0.051241
0.79723 -1.4715 1.4568 -0.16762 -1.0766 -0.74175 0.24949 -1.3409 0.3557 -0.59951 -0.1173 -0.02334 -0.39662
0.99356 -1.8753 1.705 0.040167 -1.6631 -0.92207 0.32883 -1.2435 0.24772 -0.73407 0.18885 -0.34891 -0.028533
0.90915 -1.8762 1.5728 -0.41529 -1.5558 -0.84221 0.49728 -0.99265 -0.078213 -0.50572 -0.029491 -0.23822 -0.57555
1.0094 -1.9995 1.4573 -0.20869 -1.773 -0.93445 -0.015198 -0.65431 0.3082 -0.55704 -0.4262 -0.63733 0.35261
1.1946 -2.1019 1.2498 -0.50764 -1.5352 -1.155 -0.11226 -0.24197 0.083576 -0.47845 -0.014306 -0.7116 -0.10334
1.6392 -2.8195 1.166 -0.37731 -1.5858 -1.2947 -0.0090831 0.29602 -0.0042917 -0.67923 -0.19287 -0.20989 -0.45384
1.4926 -1.805 1.1113 -1.1495 -1.7293 -0.8825 -0.12861 -0.22668 0.26674 -0.58017 0.055609 -1.0599 -0.022455
1.6729 -2.105 0.75807 -0.96964 -1.8128 -1.1347 0.25444 -0.077464 0.12965 -0.67022 -0.14166 -0.69946 -0.035893
1.5954 -2.2437 0.63595 -0.97735 -1.3726 -1.0463 -0.040133 0.55479 -0.43159 -0.5212 0.22127 -0.78749 -0.44959
1.5571 -1.7966 0.42861 -1.3258 -1.0343 -0.93325 0.15064 -0.079237 0.26742 -0.77014 -0.10246 -0.5673 0.12004
1.4713 -1.4988 -0.09457 -1.5363 -0.97358 -0.73689 0.14477 -0.476 0.5417 -0.76804 -0.37811 -0.43 -0.072571
1.4014 -2.0707 -0.004179 -1.7679 -0.6364 -0.44051 -0.044492 -0.15078 0.21848 -0.5151 -0.40114 -0.52281 -0.21344
1.1062 -1.9979 -0.56169 -1.5467 -0.3822 -0.61857 -0.26981 -0.39427 0.56248 -0.56542 -0.45842 -0.26877 -0.55351
0.61879 -2.3514 -0.46256 -1.3451 -0.25486 -0.39397 -0.26386 -0.15049 0.46848 -0.531 -0.67254 -0.20793 -0.24875
0.18466 -2.6816 -0.38725 -0.74473 -0.38099 -0.34384 -0.63621 -0.12681 0.30736 -0.061587 -0.91831 -0.66111 0.23173
-0.3174 -2.4718 0.17275 -0.19395 -0.68636 -0.5172 0.0050192 0.035387 -0.015406 -0.79022 -0.51129 0.032174 -0.20323
