2.6755 -2.503 0.99164 0.109 -1.0074 -1.6427 -1.0838 -1.3377 0.075199 -0.53903 0.054611 -0.26849 -0.067988
3.3502 -2.4656 0.76765 -0.494 -1.0597 -1.7279 -1.1241 -1.1086 0.58871 -0.25915 -0.0095033 -0.24416 -0.01637
3.6293 -2.2558 0.7667 -0.92343 -1.2334 -2.6049 -0.94614 -0.29601 0.35403 -0.68447 -0.051066 -0.2893 0.16357
3.8513 -2.1622 0.69789 -0.77329 -1.6431 -2.7006 -0.99433 -0.27857 0.60498 -0.57092 -0.17359 -0.49197 0.24631
3.7108 -2.1865 0.73074 -0.52264 -1.5373 -2.866 -0.92633 -0.54639 0.29403 -0.68557 0.042355 -0.38636 0.15871
3.27 -2.5732 0.86409 -0.30766 -1.6575 -2.2492 -1.6116 -1.7519 0.37413 -0.7906 -0.26447 -0.52302 -0.18428
2.3419 -2.3593 1.1859 0.07322 -1.0103 -1.1461 -0.95742 -1.8992 0.35842 -0.43846 -0.27438 -0.46731 -0.51452
2.0693 -2.4788 1.3519 0.46078 -0.9345 -0.81026 -0.85936 -2.1034 0.11307 -0.84194 -0.43729 -0.34052 -0.82583
1.8307 -2.6433 1.2809 0.80247 -0.21273 -0.26888 -0.99872 -2.1404 0.085232 -0.80477 -0.5309 0.17255 -0.62215
1.9772 -2.4868 1.4782 0.78588 -0.16662 -0.21199 -0.93515 -2.5095 -0.17039 -0.89819 0.020419 0.56828 -0.64849
2.0275 -2.5027 1.4148 0.6635 -0.54871 -0.65502 -1.2338 -2.6534 -0.022408 -1.0912 -0.28039 0.35853 -0.76388
2.2399 -2.5637 1.2962 0.27617 -1.0037 -1.1432 -1.2572 -2.4594 -0.15198 -1.0271 -0.10861 -0.039755 -0.97867
2.76 -2.2588 1.5105 0.039694 -0.99566 -1.2575 -1.1126 -2.233 -0.011091 -0.67039 0.19291 -0.23436 -0.83816
3.5257 -2.0073 1.4797 -0.48535 -1.1177 -1.7835 -1.2158 -1.7496 0.1814 -0.44208 0.26026 -0.31888 0.032695
4.0323 -1.8941 1.4992 -0.61894 -1.4752 -2.3605 -1.0999 -2.0066 0.029647 -0.49993 0.35068 -0.24746 -0.34456
4.1873 -1.989 1.6988 -0.9788 -1.7078 -2.1757 -1.082 -2.1988 -0.52566 -0.347 0.57372 -0.098476 -0.72198
4.2332 -2.2443 1.6316 -0.85588 -1.4543 -2.5049 -1.7648 -2.3247 -0.5128 -0.47716 0.19848 -0.4152 -0.51651
3.7597 -2.1118 2.0721 -0.13363 -1.2234 -1.9337 -1.4594 -3.0079 -0.26959 -0.45837 0.5766 -0.084911 -0.50199
2.8072 -2.3209 1.47 -0.03355 -1.1119 -1.0872 -0.82423 -2.3431 -0.3673 -1.2036 -0.025731 0.17596 -0.41045
2.5188 -2.4012 1.1813 0.0013908 -0.81675 -0.81636 -0.93551 -2.3794 -0.041152 -1.0267 -0.25436 0.14363 -0.60127
2.5711 -2.3401 1.4816 0.24914 -1.1969 -1.1409 -0.98787 -2.414 0.0086887 -1.0096 0.066819 -0.068625 -0.74723
2.5523 -2.3898 1.4394 0.29531 -1.014 -1.0892 -1.1377 -2.5586 0.12371 -0.82418 -0.0049697 -0.099893 -0.8664
2.8732 -2.1431 1.7299 0.28866 -1.2645 -1.3007 -1.0201 -2.5417 0.062406 -0.67191 0.40577 -0.088254 -0.6116
2.7838 -2.6845 1.6716 0.72947 -0.54214 -1.1381 -1.2768 -2.4945 -0.66393 -0.28181 1.08 -0.0075879 -0.43865
2.8016 -2.533 1.2381 0.15767 -1.2084 -1.4851 -1.1258 -2.426 -0.46348 -1.0633 0.3426 -0.087227 -0.50032
2.8334 -2.5774 1.5595 0.45248 -1.0055 -1.1337 -1.2634 -2.9029 -0.38837 -0.8732 0.50073 0.028449 -0.62617
2.7134 -2.6531 1.3884 0.1673 -1.1064 -1.4008 -1.1671 -2.7236 -0.79225 -0.87318 0.66083 -0.13781 -0.77604
2.8415 -2.3363 1.7129 0.056883 -1.0805 -1.0578 -0.89075 -2.3549 -0.38 -0.7387 0.58533 -0.0083098 -0.41123
3.0227 -2.9522 2.0894 0.59735 -0.76558 -1.3545 -1.5662 -2.4376 -0.69138 -0.17821 0.85765 0.18716 -0.53567
3.3963 -2.8757 1.7101 0.21268 -0.7645 -1.7975 -1.7784 -2.2907 -0.77316 -0.11427 0.51365 -0.25044 -0.48491
3.8252 -3.3584 1.8215 0.16373 -1.0083 -2.3973 -2.0488 -1.9559 -0.63511 0.00034876 0.34764 0.050632 -0.50243
3.8915 -2.6978 1.7222 -0.49106 -1.4524 -1.8735 -1.1691 -1.6147 -0.48671 -0.069626 0.64379 -0.079041 -0.19395
3.6378 -2.3889 0.92034 -0.90056 -1.2826 -2.2595 -1.1866 -1.581 -0.47986 -0.24217 0.64383 -0.71483 -0.4103
3.3598 -2.7272 0.21915 -0.85866 -1.1747 -2.307 -1.4618 -1.4667 0.086634 -0.090078 0.10552 -0.70617 -0.56348
3.434 -2.4603 -0.10115 -1.5905 -0.73916 -2.104 -1.289 -0.58724 0.67302 -0.07528 -0.46472 -0.95583 -0.27371
3.6705 -2.4611 -0.73015 -1.6637 -0.74058 -2.3483 -1.2909 -0.37627 0.65862 -0.086399 -0.86476 -0.95105 -0.34962
3.7814 -2.4123 -0.69314 -2.2873 -1.1815 -2.1921 -0.78716 -0.34199 0.50316 -0.54392 -0.55403 -1.3522 -0.32833
3.8091 -2.2884 -0.93066 -2.1737 -1.2428 -1.7572 -0.28797 -0.5593 0.41694 0.018621 -0.21699 -1.4262 0.16645
3.6069 -2.413 -0.75854 -2.4534 -1.0949 -2.0128 -0.40767 -0.37637 0.080921 -0.20669 -0.14963 -1.3126 -0.098994
3.2256 -3.0134 -0.7269 -2.4879 -1.8093 -1.7459 -0.13718 -0.97765 0.34158 -0.13843 -0.28495 -1.2473 -0.27728
2.867 -3.126 -0.97121 -2.7124 -0.9935 -0.91649 0.21454 -0.54068 0.38596 0.12167 -0.27894 -0.89665 -0.21348
2.36 -3.0468 0.041981 -2.1269 -1.6462 -1.4372 0.68633 0.19874 0.54102 -0.1751 -0.022591 -1.3742 0.18479
0.20394 -3.0604 0.11761 -1.2681 -1.2779 -1.2569 0.2015 0.13338 0.5255 0.044919 0.0416 -0.93518 0.37964
