1.1204 -1.9353 -0.0034536
1.1204 -1.9353 -0.0034536
1.1204 -1.9353 -0.0034536
1.1204 -1.9353 -0.0034536
1.1204 -1.9353 -0.0034536
1.1204 -1.9353 -0.0034536
1.1204 -1.9353 -0.0034536
1.1204 -1.9353 -0.0034536
1.1204 -1.9353 -0.0034536
1.1204 -1.9353 -0.0034536
1.1204 -1.9353 -0.0034536
1.1204 -1.9353 -0.0034536
1.1204 -1.9353 -0.0034536
1.1204 -1.9353 -0.0034536
1.1204 -1.9353 -0.0034536
1.1204 -1.9353 -0.0034536
1.1209 -1.9349 -0.0034536
1.1305 -1.927 -0.0034536
1.1811 -1.8852 -0.0034536
1.2249 -1.8491 -0.0034536
1.2459 -1.8318 -0.0034536
1.2459 -1.8318 -0.0034536
1.2459 -1.8318 -0.0034536
1.2459 -1.8318 -0.0034536
1.2859 -1.7987 -0.0034536
1.3374 -1.7562 -0.0034536
1.3713 -1.7282 -0.0034536
1.3713 -1.7282 -0.0039301
1.3713 -1.7282 -0.034427
1.3713 -1.7282 -0.087721
1.3452 -1.7497 -0.14711
1.2957 -1.7897 -0.2065
1.2459 -1.8232 -0.26589
1.2459 -1.7744 -0.32527
1.2628 -1.7395 -0.38466
1.3082 -1.7282 -0.44405
1.3371 -1.7157 -0.48827
1.3162 -1.6827 -0.50745
1.257 -1.6338 -0.50745
1.2978 -1.6263 -0.50745
1.3469 -1.6197 -0.51347
1.3713 -1.591 -0.54838
1.3784 -1.5421 -0.60777
1.4049 -1.4933 -0.66716
1.464 -1.4445 -0.72655
1.5231 -1.3957 -0.75208
1.5823 -1.3468 -0.75945
1.5977 -1.3161 -0.75945
1.546 -1.3121 -0.76366
1.4997 -1.3016 -0.78935
1.4968 -1.2551 -0.9023
1.4968 -1.2401 -1.0005
1.4968 -1.2631 -1.0757
1.4852 -1.3024 -1.1235
1.44 -1.3138 -1.1375
1.3809 -1.3125 -1.1391
1.3218 -1.273 -1.1872
1.283 -1.2241 -1.2466
1.2882 -1.1753 -1.306
1.3473 -1.1265 -1.3654
1.4065 -1.0777 -1.4248
1.4656 -1.0288 -1.4841
1.4915 -0.98002 -1.5435
1.4996 -0.9312 -1.6029
1.5175 -0.88238 -1.6623
1.5767 -0.83356 -1.7217
1.6136 -0.80306 -1.7588
1.6222 -0.79595 -1.7674
1.6016 -0.79595 -1.7674
1.5567 -0.79595 -1.7674
1.5022 -0.79595 -1.7674
1.4974 -0.79595 -1.7674
1.4968 -0.79595 -1.7771
1.4968 -0.79595 -1.8188
1.4857 -0.79595 -1.8671
1.4528 -0.79595 -1.8934
1.3937 -0.79595 -1.8934
1.3346 -0.76199 -1.8934
1.2754 -0.71678 -1.8934
1.1867 -0.69237 -1.8638
1.0728 -0.69237 -1.8044
0.97256 -0.69237 -1.745
0.91343 -0.69237 -1.6856
0.88052 -0.69237 -1.6525
0.86948 -0.69237 -1.6414
0.86948 -0.67783 -1.6238
0.86948 -0.6375 -1.5747
0.86948 -0.59264 -1.5201
0.86948 -0.58879 -1.5154
0.86948 -0.58879 -1.5154
0.86948 -0.58879 -1.5154
0.86086 -0.58879 -1.5068
0.82393 -0.58879 -1.4697
0.7648 -0.58879 -1.4103
0.66446 -0.58879 -1.3509
0.55968 -0.59318 -1.2915
0.4931 -0.61452 -1.2322
0.48791 -0.66119 -1.1728
0.43677 -0.6889 -1.1134
0.32689 -0.69237 -1.054
0.20862 -0.69237 -1.0217
0.090358 -0.69237 -1.0115
-0.016671 -0.70164 -1.0002
-0.077403 -0.74915 -0.94238
-0.13659 -0.78642 -0.88304
-0.19572 -0.79595 -0.82366
-0.23919 -0.78302 -0.76427
-0.25965 -0.75109 -0.70488
-0.26254 -0.70226 -0.64549
-0.30889 -0.65344 -0.5861
-0.36325 -0.60462 -0.52671
-0.38511 -0.5558 -0.46732
-0.39245 -0.50698 -0.40794
-0.41787 -0.45815 -0.34855
-0.477 -0.40933 -0.28916
-0.56882 -0.36051 -0.19694
-0.67997 -0.31169 -0.085313
-0.77387 -0.26287 0.033464
-0.83699 -0.21404 0.15224
-0.88694 -0.16522 0.27102
-0.88694 -0.1164 0.38979
-0.88694 -0.067578 0.50857
-0.88694 -0.018756 0.62735
-0.90067 0.030066 0.71854
-0.94288 0.078888 0.75254
-1.002 0.12771 0.75254
-1.0611 0.1354 0.65248
-1.1288 0.13629 0.54438
-1.221 0.13629 0.45881
-1.3332 0.13629 0.41161
-1.4227 0.13629 0.41001
-1.4823 0.13629 0.46844
-1.5075 0.16429 0.56189
-1.5151 0.20754 0.67389
-1.5342 0.25636 0.79267
-1.592 0.30632 0.91145
-1.6335 0.36966 1.0302
-1.6397 0.46221 1.149
-1.6397 0.54253 1.2888
-1.6397 0.60405 1.4516
-1.6397 0.65288 1.6212
-1.6397 0.7017 1.7496
-1.6397 0.75052 1.8689
-1.6397 0.79934 1.9877
-1.6287 0.84816 2.0843
-1.5965 0.89699 2.1385
-1.5404 0.94581 2.1385
-1.558 0.99463 2.1385
-1.6093 1.0435 2.1385
-1.6366 1.0923 2.0746
-1.6437 1.1378 1.9701
-1.6613 1.1721 1.8865
-1.7204 1.1721 1.8865
-1.8042 1.1518 1.9607
-1.9122 1.1114 2.108
-1.9913 1.0787 2.2666
-2.0161 1.0685 2.3978
-2.0161 1.0685 2.5165
-1.8978 1.1173 2.5165
-1.7919 1.1458 2.5041
-1.7132 1.1292 2.4644
-1.6541 1.0804 2.405
-1.5949 1.0316 2.3456
-1.5358 0.98275 2.2862
-1.5183 0.93393 2.2268
-1.5112 0.88765 2.1674
-1.4839 0.86136 2.108
-1.4247 0.86136 2.0447
-1.3656 0.86136 1.9645
-1.3065 0.86136 1.8472
-1.2473 0.83907 1.7556
-1.1882 0.79934 1.6851
-1.1439 0.76277 1.6108
-1.1379 0.75778 1.4986
-1.1379 0.75778 1.3895
-1.1379 0.75778 1.3215
-1.1379 0.74508 1.2622
-1.1379 0.71357 1.2028
-1.1379 0.66475 1.1434
-1.1379 0.61593 1.084
-1.1379 0.56711 1.0246
-1.1379 0.55131 0.96522
-1.1446 0.54505 0.9126
-1.1698 0.52422 0.87854
-1.2285 0.47579 0.87807
-1.2572 0.45204 0.84757
-1.2633 0.44703 0.79428
-1.2372 0.44703 0.73489
-1.1866 0.44792 0.6755
-1.1275 0.45561 0.61611
-1.0683 0.50443 0.55672
-0.99227 0.55325 0.49733
-0.88774 0.60207 0.43795
-0.78458 0.63842 0.37856
-0.70634 0.6542 0.31917
-0.64721 0.6542 0.25978
-0.58808 0.69543 0.25055
-0.52894 0.7426 0.24253
-0.46981 0.79142 0.20762
-0.40356 0.83437 0.15538
-0.31798 0.86136 0.12255
-0.19971 0.86136 0.12255
-0.14887 0.86136 0.12255
-0.13419 0.86136 0.12255
-0.15604 0.86136 0.1006
-0.2104 0.86136 0.046003
-0.25675 0.86136 -0.00054435
-0.25965 0.86136 -0.0034536
-0.25965 0.86136 -0.0034536
-0.25965 0.86136 -0.0034536
-0.24811 0.86136 -0.01504
-0.20296 0.86136 -0.060384
-0.14543 0.86136 -0.11817
-0.13419 0.86136 -0.12945
-0.13419 0.86136 -0.12945
-0.13419 0.86136 -0.12945
-0.13419 0.86136 -0.12945
-0.13419 0.86136 -0.12945
-0.13419 0.86136 -0.12945
-0.1009 0.86136 -0.16288
-0.049934 0.86136 -0.21407
-0.0087302 0.86136 -0.25545
-0.0087302 0.86136 -0.25545
0.01347 0.86136 -0.25545
0.063988 0.86136 -0.25545
0.081768 0.84429 -0.27622
0.051202 0.80726 -0.32126
0.0014084 0.76615 -0.37127
0.050953 0.80705 -0.32151
0.089509 0.83889 -0.27313
0.065586 0.81913 -0.25545
0.01749 0.77943 -0.25545
-0.0087302 0.75778 -0.25545
-0.0087302 0.75778 -0.25545
-0.0087302 0.75778 -0.25545
-0.0087302 0.75778 -0.25545
-0.0087302 0.75778 -0.25545
-0.0087302 0.75778 -0.25545
-0.0087302 0.75778 -0.25545
-0.0087302 0.75778 -0.25545
-0.0087302 0.75778 -0.22912
-0.0087302 0.75778 -0.18082
-0.0087302 0.75778 -0.13911
-0.0087302 0.75778 -0.12945
-0.0087302 0.75778 -0.12945
-0.0087302 0.75778 -0.12945
-0.0087302 0.75778 -0.12945
-0.0087302 0.75778 -0.12945
-0.0087302 0.75778 -0.12945
-0.0087302 0.75778 -0.12945
-0.0087302 0.75778 -0.12945
-0.0087302 0.7918 -0.12945
-0.0087302 0.82948 -0.12945
-0.0087302 0.83563 -0.12945
-0.011327 0.78895 -0.12945
-0.036898 0.76124 -0.12945
-0.091836 0.75778 -0.12945
-0.12402 0.75778 -0.12945
-0.13419 0.75778 -0.12945
-0.12295 0.75778 -0.12945
-0.065416 0.75778 -0.12945
-0.034201 0.75778 -0.11546
-0.070261 0.75778 -0.067657
-0.11374 0.75778 -0.023994
-0.13419 0.75778 -0.0034536
-0.13419 0.75778 -0.0034536
-0.13419 0.75778 -0.0034536
-0.13419 0.75778 -0.00077006
-0.13419 0.75778 0.036674
-0.13419 0.75778 0.081315
-0.13419 0.75778 0.089642
-0.13419 0.75778 0.030253
-0.1015 0.75778 0.0036941
-0.049484 0.75778 -0.0034536
-0.014723 0.75778 -0.0034536
-0.0087302 0.75778 -0.0034536
-0.0087302 0.75778 -0.0034536
-0.0087302 0.75778 -0.0034536
-0.027834 0.75778 -0.0034536
-0.071859 0.75778 -0.0034536
-0.11726 0.75778 -0.0034536
-0.13419 0.75778 -0.0034536
-0.13419 0.75778 -0.0034536
-0.13419 0.75778 -0.0034536
-0.13419 0.75077 -0.0034536
-0.13419 0.72347 -0.0034536
-0.13419 0.67966 -0.0034536
-0.13419 0.65459 -0.0034536
-0.13419 0.6542 -0.0034536
-0.13419 0.6542 -0.037512
-0.13419 0.6542 -0.088423
-0.13419 0.6542 -0.10939
-0.13419 0.6542 -0.051381
-0.13419 0.6542 -0.0096482
-0.13419 0.6542 -0.0034536
-0.13419 0.67151 -0.0034536
-0.13419 0.70764 -0.0034536
-0.13419 0.74943 -0.0034536
-0.13419 0.75734 -0.0034536
-0.13419 0.75279 0.0026157
-0.13419 0.71621 0.047107
-0.13419 0.68558 0.1065
-0.13419 0.68982 0.16588
-0.13269 0.73741 0.22377
-0.094333 0.75456 0.24463
-0.039096 0.75778 0.24855
-0.011802 0.75778 0.24855
-0.0087302 0.75778 0.24451
-0.0087302 0.75778 0.22688
-0.0087302 0.75778 0.16749
-0.0087302 0.75778 0.1081
-0.0087302 0.75778 0.048712
-0.0087302 0.74163 0.0089608
-0.0087302 0.70302 -0.0034536
-0.0087302 0.6542 -0.0034536
