1.2291 -1.4408 -1.1561
1.2291 -1.4408 -1.1561
1.2291 -1.4408 -1.1561
1.2291 -1.4408 -1.1561
1.2291 -1.4408 -1.1561
1.2291 -1.4408 -1.1561
1.2291 -1.4408 -1.1561
1.2291 -1.4408 -1.1561
1.2291 -1.4408 -1.1561
1.2291 -1.4408 -1.1561
1.2291 -1.4408 -1.1561
1.2291 -1.4408 -1.1561
1.2291 -1.4408 -1.1561
1.2291 -1.4408 -1.1561
1.2291 -1.4408 -1.1561
1.2291 -1.4408 -1.1561
1.2291 -1.4408 -1.1561
1.2291 -1.4408 -1.1561
1.2291 -1.4408 -1.1561
1.2291 -1.4408 -1.1561
1.2291 -1.4408 -1.1561
1.2291 -1.4408 -1.1561
1.2291 -1.4408 -1.1561
1.2201 -1.4368 -1.1561
1.2045 -1.4299 -1.1561
1.1396 -1.4011 -1.1561
1.0658 -1.3683 -1.1561
0.99203 -1.3355 -1.1561
0.93151 -1.3086 -1.1561
0.89126 -1.2908 -1.1561
0.87799 -1.2849 -1.1561
0.87799 -1.2849 -1.1561
0.87799 -1.2849 -1.1561
0.87799 -1.2849 -1.1561
0.87799 -1.2849 -1.1561
0.87799 -1.2849 -1.1561
0.87799 -1.2849 -1.1561
0.87799 -1.2849 -1.1561
0.87799 -1.2849 -1.1561
0.87799 -1.2849 -1.1561
0.87799 -1.2849 -1.1561
0.87799 -1.2849 -1.1561
0.87799 -1.2849 -1.1561
0.87799 -1.2849 -1.1561
0.87799 -1.2849 -1.1561
0.87799 -1.2849 -1.1561
0.87799 -1.2849 -1.1561
0.87799 -1.2849 -1.1561
0.87799 -1.2849 -1.1561
0.87799 -1.2849 -1.1561
0.87799 -1.2849 -1.1561
0.87799 -1.2849 -1.1561
0.87799 -1.2849 -1.1561
0.87799 -1.2849 -1.1561
0.87799 -1.2849 -1.1561
0.87799 -1.2849 -1.1561
0.87799 -1.2849 -1.1561
0.87799 -1.2868 -1.1573
0.87799 -1.3166 -1.1762
0.87799 -1.3474 -1.1956
0.87799 -1.3802 -1.2163
0.87799 -1.4099 -1.2351
0.87799 -1.4377 -1.2527
0.87799 -1.4408 -1.2546
0.87799 -1.4408 -1.2546
0.87799 -1.4408 -1.2546
0.87799 -1.4351 -1.2582
0.87799 -1.4222 -1.2664
0.87799 -1.3951 -1.2835
0.87799 -1.3623 -1.3042
0.87799 -1.3296 -1.3249
0.89037 -1.2968 -1.3421
0.93733 -1.264 -1.3497
0.99874 -1.2313 -1.3532
1.0725 -1.1985 -1.3532
1.1463 -1.1657 -1.3532
1.2144 -1.133 -1.3532
1.2233 -1.1002 -1.3532
1.2291 -1.0674 -1.3532
1.2291 -1.0347 -1.3532
1.2348 -1.0019 -1.35
1.2437 -0.96913 -1.3449
1.3118 -0.93636 -1.3067
1.3856 -0.90359 -1.2653
1.4594 -0.87082 -1.2239
1.5208 -0.83806 -1.1859
1.5677 -0.80529 -1.152
1.5801 -0.77252 -1.1278
1.5801 -0.73976 -1.1071
1.5801 -0.70699 -1.0864
1.5801 -0.6799 -1.0657
1.5801 -0.66699 -1.045
1.5801 -0.66131 -1.0243
1.5801 -0.66131 -1.0036
1.5801 -0.66131 -0.98286
1.5732 -0.66131 -0.96215
1.5106 -0.66131 -0.94144
1.4437 -0.66131 -0.92073
1.3699 -0.66131 -0.90002
1.2961 -0.66131 -0.8793
1.2223 -0.66131 -0.85859
1.1486 -0.66131 -0.83788
1.0748 -0.66131 -0.81717
1.001 -0.66131 -0.79646
0.93908 -0.66131 -0.77909
0.88988 -0.66131 -0.76528
0.87799 -0.66131 -0.76194
0.87799 -0.66131 -0.76194
0.87799 -0.66131 -0.76194
0.87799 -0.65551 -0.76561
0.87799 -0.63664 -0.77753
0.87799 -0.60968 -0.79458
0.87799 -0.57691 -0.81529
0.87799 -0.54415 -0.836
0.87799 -0.51491 -0.85224
0.87799 -0.50896 -0.83906
0.87799 -0.50542 -0.82282
0.87799 -0.50542 -0.80211
0.87799 -0.50407 -0.7814
0.87799 -0.50208 -0.76068
0.87799 -0.47067 -0.73997
0.87799 -0.4379 -0.71926
0.87799 -0.40513 -0.69855
0.86669 -0.37739 -0.67784
0.84433 -0.35455 -0.65713
0.78184 -0.34953 -0.63642
0.70805 -0.34953 -0.61571
0.63426 -0.34953 -0.59499
0.56047 -0.34364 -0.57056
0.48668 -0.32576 -0.53855
0.41289 -0.29889 -0.50085
0.3391 -0.26612 -0.45943
0.26531 -0.23336 -0.41801
0.19152 -0.20059 -0.37909
0.11773 -0.16782 -0.35399
0.043943 -0.13505 -0.33077
-0.029847 -0.10229 -0.31006
-0.10206 -0.070218 -0.2889
-0.17362 -0.038444 -0.26756
-0.17519 -0.037745 -0.22658
-0.17519 -0.037745 -0.18516
-0.17519 -0.037745 -0.14374
-0.18581 -0.033032 -0.10529
-0.20593 -0.024095 -0.069519
-0.2691 0.0039582 -0.045829
-0.34289 0.036725 -0.025117
-0.41668 0.069492 -0.0044059
-0.47711 0.096324 0.016306
-0.51288 0.11221 0.037017
-0.52625 0.11815 0.057728
-0.52625 0.11815 0.07844
-0.52625 0.11815 0.099151
-0.52625 0.11815 0.11986
-0.52625 0.11815 0.14057
-0.52625 0.11815 0.16129
-0.52625 0.11815 0.182
-0.52625 0.11815 0.20271
-0.52625 0.11815 0.22342
-0.52625 0.11815 0.22342
-0.52625 0.11815 0.22342
-0.52625 0.11815 0.22342
-0.52625 0.11815 0.22618
-0.52625 0.11815 0.2312
-0.52625 0.11815 0.24915
-0.52625 0.11815 0.26986
-0.52625 0.11815 0.29057
-0.52625 0.11815 0.30378
-0.52625 0.11815 0.30441
-0.52625 0.11815 0.2912
-0.52625 0.11815 0.27049
-0.52625 0.11815 0.24978
-0.52625 0.12286 0.23205
-0.52625 0.14669 0.2264
-0.52625 0.17474 0.22342
-0.52625 0.20751 0.22342
-0.52625 0.24028 0.22342
-0.52625 0.27235 0.22342
-0.52625 0.27334 0.22342
-0.52625 0.27404 0.22342
-0.52625 0.27404 0.22342
-0.53519 0.27801 0.22844
-0.55085 0.28496 0.23723
-0.61569 0.31376 0.27363
-0.68948 0.34652 0.31505
-0.76327 0.37929 0.35647
-0.83706 0.40617 0.39417
-0.91085 0.42404 0.42618
-0.98464 0.42993 0.45062
-1.0584 0.42993 0.47133
-1.1322 0.42993 0.49204
-1.1947 0.43495 0.51275
-1.2171 0.45779 0.53346
-1.2284 0.48554 0.55417
-1.2284 0.5183 0.57488
-1.2284 0.55107 0.5956
-1.2253 0.58248 0.61631
-1.156 0.58447 0.63702
-1.0853 0.58582 0.65773
-1.0115 0.58582 0.67844
-0.94564 0.58936 0.70139
-0.88527 0.59532 0.72586
-0.87731 0.62455 0.76505
-0.87731 0.65731 0.80648
-0.87731 0.69008 0.8479
-0.87731 0.72285 0.88565
-0.87731 0.75562 0.91829
-0.87731 0.78838 0.94267
-0.87731 0.82115 0.96338
-0.87731 0.85392 0.98409
-0.8892 0.8814 1.0081
-0.9384 0.89233 1.0427
-1.0003 0.89761 1.0807
-1.0741 0.89761 1.1222
-1.1479 0.89761 1.1636
-1.2217 0.89761 1.2038
-1.2955 0.89761 1.2264
-1.3692 0.89761 1.2483
-1.443 0.89761 1.269
-1.5168 0.89455 1.2897
-1.5906 0.88959 1.3105
-1.6644 0.85987 1.3312
-1.7382 0.82711 1.3519
-1.812 0.79434 1.3726
-1.873 0.77292 1.3897
-1.9177 0.76597 1.4023
-1.9305 0.78739 1.4059
-1.9305 0.82016 1.4059
-1.9305 0.85292 1.4059
-1.9181 0.88019 1.4059
-1.8711 0.89211 1.4059
-1.8097 0.89761 1.4059
-1.736 0.89761 1.4059
-1.6622 0.89761 1.4059
-1.5884 0.90014 1.4059
-1.5146 0.92893 1.4059
-1.4408 0.95917 1.4059
-1.367 0.99194 1.4059
-1.2932 1.0222 1.4059
-1.2194 1.051 1.4059
-1.1456 1.0535 1.4059
-1.0718 1.0535 1.4059
-0.99806 1.0535 1.4059
-0.93665 1.059 1.4059
-0.88969 1.0709 1.4059
-0.87731 1.0982 1.4059
-0.87731 1.1309 1.4059
-0.87731 1.1637 1.4059
-0.87731 1.1908 1.4059
-0.87731 1.2037 1.4059
-0.87731 1.2094 1.4059
-0.87731 1.2094 1.4059
-0.87731 1.2094 1.4059
-0.87731 1.2063 1.4039
-0.87731 1.1785 1.3863
-0.87731 1.1488 1.3676
-0.87731 1.1161 1.3469
-0.88173 1.0853 1.3274
-0.88844 1.0555 1.3086
-0.95781 1.0535 1.3073
-1.0316 1.0535 1.3073
-1.1054 1.0535 1.3073
-1.1673 1.0535 1.3073
-1.2165 1.0535 1.3073
-1.2284 1.0535 1.3073
-1.2284 1.0535 1.3073
-1.2284 1.0535 1.3073
-1.2284 1.0535 1.3036
-1.2284 1.0535 1.2917
-1.2284 1.0535 1.2747
-1.2284 1.0535 1.254
-1.2284 1.0535 1.2333
-1.2284 1.057 1.2125
-1.2284 1.0838 1.1918
-1.2284 1.1131 1.1711
-1.2284 1.1458 1.1504
-1.2253 1.1773 1.1297
-1.2209 1.208 1.109
-1.1501 1.2094 1.0883
-1.0763 1.2094 1.0676
-1.0025 1.2094 1.0469
-0.92874 1.2144 1.0261
-0.85495 1.2243 1.0054
-0.78116 1.2521 0.98472
-0.70737 1.2849 0.96401
-0.63358 1.3176 0.9433
-0.55979 1.3445 0.91886
-0.486 1.3594 0.88685
-0.41221 1.3653 0.84915
-0.33842 1.3653 0.80773
-0.26463 1.3653 0.76631
-0.19084 1.3653 0.72991
-0.11705 1.3653 0.72112
-0.043263 1.3653 0.7161
0.030526 1.3653 0.7161
0.10274 1.3653 0.7161
0.1743 1.3653 0.7161
0.17587 1.3653 0.7161
0.17587 1.3653 0.7161
0.17587 1.3653 0.7161
0.17587 1.3653 0.7161
0.17587 1.3653 0.7161
0.17587 1.3653 0.7161
0.17587 1.3653 0.7161
0.17587 1.3653 0.7161
0.17587 1.3653 0.7161
0.17587 1.3653 0.7161
0.17587 1.3653 0.7161
0.17587 1.3653 0.7161
0.17587 1.3653 0.7161
0.17587 1.3653 0.71334
0.17587 1.3653 0.69765
0.17587 1.3653 0.6797
0.17587 1.3653 0.65899
0.17587 1.3653 0.63827
0.17587 1.3653 0.61756
