0.52805 0.78935
0.52805 0.78704
0.52805 0.78241
0.52805 0.78241
0.52611 0.77546
0.52611 0.76852
0.52418 0.76157
0.52611 0.75231
0.52611 0.75463
0.52611 0.74769
0.52611 0.74074
0.52611 0.73148
0.52805 0.72222
0.52805 0.70833
0.52998 0.69676
0.53385 0.6875
0.53385 0.67361
0.53578 0.66204
0.53772 0.64583
0.53772 0.63194
0.53965 0.61574
0.53965 0.60185
0.53965 0.58565
0.53965 0.57176
0.53772 0.55787
0.53772 0.54167
0.53578 0.52546
0.53385 0.51157
0.53191 0.49537
0.52805 0.4838
0.52418 0.46991
0.52224 0.45602
0.51838 0.44213
0.51644 0.43056
0.51451 0.41898
0.51257 0.40509
0.5087 0.3912
0.50677 0.37963
0.50484 0.36574
0.50097 0.35185
0.49903 0.34028
0.4971 0.32639
0.49323 0.31481
0.4913 0.30324
0.48936 0.28935
