-0.72762 -0.93586 1.314 -0.89357 -0.54555 0.008048 0.70994 -0.82436 0.27491 -0.15714 0.15338 0.19087 -0.5211
0.60614 -0.20949 1.0819 -2.028 -0.79878 0.40404 0.90586 -0.68364 0.21038 0.25453 0.19293 -0.22886 -0.35544
1.3419 -0.89182 1.1294 -1.478 -1.616 -0.19127 0.49103 0.23143 0.68596 0.98532 0.35368 -0.5644 -0.20586
1.4733 -0.88308 0.60071 -1.5356 -1.3221 0.33921 0.54722 -0.19021 0.52478 1.0187 0.29225 -0.71968 -0.23189
1.7217 -1.4763 0.34485 -1.3374 -0.48759 0.51874 -0.66961 0.055508 0.72241 1.4105 -0.67516 -1.0525 -0.092494
2.0742 -1.5529 -0.12898 -1.7613 -0.49663 1.1954 -0.6204 0.22158 0.68553 1.2069 -1.1556 -0.77194 0.016065
2.0983 -1.5978 -0.49189 -1.0024 -0.66476 0.73134 -0.39128 0.37221 0.6028 0.74807 -1.3212 -0.8547 0.36472
2.9937 -2.049 -0.35974 -1.6475 -1.0059 0.91676 -0.66296 1.2072 0.1016 0.54914 -0.96134 -1.1721 0.48547
2.8882 -1.9104 0.27877 -1.1528 -1.3302 0.50219 -0.52912 1.1453 0.0067572 0.30724 -1.203 -0.59329 0.54045
3.1512 -1.6282 -0.69317 -1.2688 -1.0471 0.61477 -0.96337 1.1329 0.03486 0.46311 -1.6647 -0.18984 0.85204
3.0977 -1.7721 -0.9414 -1.1086 -0.83898 0.51256 -0.8791 1.2147 0.27653 -0.010759 -1.2623 -0.39374 0.71929
3.2877 -1.9027 -1.4267 -0.97926 -1.0005 0.59825 -0.47901 0.62777 0.41097 0.31562 -1.5731 -0.553 0.70829
3.4519 -2.0865 -1.1908 -0.84541 -1.5165 0.79737 -0.60775 1.0896 0.012275 0.23303 -1.5521 -0.15124 0.81778
3.9018 -2.2744 -2.3429 -1.6342 -0.49101 0.39433 -0.13763 1.3383 0.13716 0.42569 -1.7073 -0.13283 0.36456
3.1836 -1.4304 -1.9489 -1.4025 -0.19215 -0.0058847 1.1793 0.98421 0.050783 -0.98439 -1.5623 0.50477 0.48513
0.44146 -3.0468 -1.4151 -0.31415 -0.19077 0.067645 0.51719 0.47862 0.19827 -0.78382 -0.2739 0.60355 -0.10902
0.25588 -4.1341 -2.1273 -0.80109 -0.57914 0.41472 1.5307 0.64307 -0.15637 -0.74298 -0.28357 0.91892 0.82266
0.4947 -4.0878 -1.9589 -1.3146 -0.30993 0.66236 1.9234 1.0494 -0.28784 -1.1157 -1.1215 0.80597 0.21687
-0.62112 -3.6117 -1.4995 -1.6408 -0.70884 -0.11242 1.377 0.82013 -0.13684 -0.37524 0.22898 0.21125 0.15278
-0.77751 -3.8578 -1.222 -0.69002 -0.9437 -0.019623 0.85877 0.30879 0.045758 -0.20722 -0.2348 0.83974 0.22902
0.22828 -4.1423 -2.0215 -1.59 -0.37222 0.089077 1.8452 1.0653 -0.080242 -0.6314 -0.45971 0.88685 0.39216
0.16597 -3.5062 -2.1905 -0.87194 -0.66886 -0.24739 1.6812 1.0601 0.036006 -0.74229 -0.48986 1.0454 0.062004
0.58833 -3.998 -1.8143 -0.27777 -0.84142 -0.19793 1.218 0.42157 0.3214 -0.72598 -1.1079 0.36039 0.19561
0.41323 -4.2349 -1.5386 0.023866 -0.26962 0.40463 1.5313 0.40377 0.034679 -1.0059 -1.1628 0.14928 -0.21183
1.0376 -2.449 -0.55119 0.41216 -0.53065 -0.71487 -0.04092 0.27929 -0.046561 -0.3907 -0.37603 0.48034 -0.86009
2.7401 -2.6876 -1.1091 -0.35455 -0.97625 -0.587 -0.061634 1.3954 0.69803 -0.5479 -1.137 0.45853 -0.82681
2.2519 -2.1575 -1.0744 -0.55323 -1.1444 -0.93669 0.59006 1.3637 0.89589 -0.33112 -1.0474 -0.054435 -1.2877
1.7406 -1.8402 -0.35721 -0.19366 -0.95146 -1.1683 0.20756 1.0003 0.36353 -0.51929 -0.77472 0.39124 -0.89104
1.1242 -1.3552 0.47887 -0.52889 -0.57396 -1.121 -0.22389 0.68784 -0.2908 -0.30334 -0.59726 0.86004 -0.71072
