-0.20144 -1.0744 1.8729 -0.31406 -0.84541 -0.086551 0.56894 -1.2997 0.73478 -0.42445 -0.085961 0.057677 0.14251
0.4053 -0.65242 1.6463 -0.54242 -1.0272 -0.9227 0.62332 -0.6135 0.44426 -0.77998 0.24084 -0.093057 0.55587
0.90381 0.31565 1.9131 -1.2162 -1.6471 -0.94697 1.1585 -1.0383 0.18759 -1.0461 0.43479 0.11874 0.31842
1.0532 0.57217 1.7567 -1.5073 -1.241 -0.8331 0.83218 -0.72566 -0.011061 -0.82907 0.61313 -0.18329 0.44003
1.1065 0.49784 2.2998 -1.3258 -1.6261 -0.94836 1.2806 -0.64981 -0.14182 -1.3012 0.42488 0.49217 0.041153
1.1659 0.29613 1.8432 -1.59 -1.1525 -0.21863 0.77562 -1.1858 -0.25014 -0.90251 0.19109 0.027356 0.33802
1.262 0.33041 1.3539 -1.9683 -1.0506 0.26269 0.61826 -1.2139 -0.32425 -0.8064 0.59508 -0.37387 -0.36666
1.5049 0.29363 1.0197 -2.203 -0.80133 0.46042 0.69513 -1.4443 -0.31589 0.11353 0.012299 -0.63702 -0.31377
1.5715 0.041765 0.24033 -2.0941 -0.42074 0.65712 0.39334 -1.0191 -0.37187 -0.18029 -0.13922 -0.37725 -0.76025
1.3567 -0.31531 1.2937 -1.8888 -0.51639 0.73269 0.29917 -1.3439 -0.53477 0.19173 0.025134 -1.158 0.023264
1.6712 0.053074 0.083324 -1.9586 0.4919 0.3293 -0.34803 -0.71328 -0.24151 0.11422 -0.5037 -0.5718 0.082162
1.5388 -0.37665 0.20614 -1.8512 -0.24812 0.045007 0.31855 -0.76568 -0.36923 -0.17994 -0.54626 -0.50847 -0.017287
1.3351 -0.80103 0.5868 -1.7475 -0.21701 0.20793 0.38062 -0.6004 -0.49106 -0.20818 -0.8161 -0.42179 0.018371
1.4397 -0.70093 -0.11131 -1.8737 0.39102 0.27949 -0.076108 -0.31339 -0.27547 -0.67681 -1.0544 -0.041443 0.18292
1.3131 -0.74869 -0.00771 -1.5771 0.21375 0.099786 -0.25639 -0.41774 0.10941 -0.40764 -1.0143 -0.026566 0.35846
1.6143 -0.98323 -0.64374 -1.4532 0.13987 -0.05796 -0.23813 -0.30968 0.64508 -0.25075 -0.92991 0.28006 -0.1938
2.6501 -2.2392 -1.1612 -1.5137 -0.60636 0.71512 0.36089 1.2686 0.89045 0.0013897 -2.0057 -0.17083 0.30513
2.1629 -1.0401 -1.2054 -1.7028 -0.28047 0.29352 0.68873 0.59889 -0.034305 -0.85354 -1.0836 0.52203 0.27576
-0.11702 -2.9698 -0.6381 -0.11782 0.37715 0.27976 0.14639 0.34218 -0.46079 -0.92137 -0.61622 0.46985 -0.61767
-0.27775 -2.9353 -1.2746 -0.022651 0.2479 0.50547 1.1965 0.92657 -0.17494 -1.5392 -0.37559 0.39721 -0.038015
-0.32264 -3.3046 -1.0825 -1.2135 -0.051215 0.46293 1.8059 1.3331 0.090171 -0.59646 -0.34898 0.82094 -0.86478
-1.006 -3.0594 -0.56876 -0.7644 0.44577 0.69844 1.2627 0.76872 -0.0040291 -1.0156 -0.22944 0.43823 -0.8354
-0.79073 -3.5791 -0.80936 -0.45413 0.30861 1.0487 2.2244 1.2598 0.43382 -0.48338 -0.46872 -0.13145 0.037983
-1.4598 -3.3709 -0.67804 -0.27551 -0.058055 0.3668 1.2578 0.84051 0.56857 -0.59597 -0.25141 0.1409 0.086847
-0.9712 -3.4089 -0.17576 -0.74481 -0.62405 0.35254 1.969 0.93017 -0.19169 -0.73898 -0.08366 -0.036358 0.081677
-1.0224 -4.6093 -0.40415 1.0485 -0.26085 -0.34003 1.1434 1.7397 0.9609 -0.31937 0.18453 0.27594 -0.65809
-2.1361 -3.484 -0.81427 -1.4108 -0.1913 -0.0069432 1.358 1.4125 0.11804 -0.36095 0.35304 0.1052 -0.17003
-0.88234 -1.2875 1.1331 -0.60789 -0.060689 -0.12225 0.88138 -0.32125 0.016509 -1.2616 -0.48851 0.28891 -0.084652
1.6794 -1.8871 -0.1568 -0.50634 -0.94788 -0.72201 0.35429 1.2991 0.80315 -0.3571 -0.44948 -0.40494 -0.84915
1.3473 -1.022 1.1615 -0.59315 -1.1251 -1.1279 -0.11587 0.025142 0.45465 -0.45089 -0.33724 0.23877 -0.47782
1.1091 -1.2776 1.8022 0.16653 -0.9137 -1.6019 -0.626 -0.0033189 -0.19798 -0.36991 -0.23602 0.56141 -0.29825
0.68697 -1.1172 2.0429 0.54501 -0.73354 -1.3356 -0.69052 -1.3374 0.034878 -0.42013 0.35744 0.30772 -0.3437
