-0.3159 -1.5346 1.1825 -1.1786 -1.4833 -1.3599 -0.26743 -2.0338 -0.11315 -0.77222 1.2807 0.92884 1.3228
-1.4048 -1.5827 1.5999 -0.31389 -1.365 -0.70787 0.2279 -1.5639 -0.055399 -0.85098 0.47757 0.097288 0.10404
0.43965 -0.43749 2.0836 -0.78933 -1.6239 -1.4953 -0.046127 -1.5904 -0.32546 -1.0507 0.50183 -0.012925 1.2626
1.1 0.33104 2.4496 -1.3538 -2.0563 -1.4516 -0.13824 -1.8354 0.014665 -1.318 -0.18228 0.17403 0.38112
1.4566 0.42427 2.1142 -2.2235 -2.3158 -0.97467 0.10294 -1.2629 -0.45439 -0.56784 -0.053047 -0.25532 0.51948
1.6203 0.4131 2.5635 -1.8823 -2.273 -1.3065 -0.1327 -1.1273 -0.16441 -0.91583 -0.34892 0.37441 0.70262
1.7887 0.55986 2.3586 -1.9752 -2.1919 -1.2903 -0.29091 -1.2666 -0.31813 -0.94443 -0.3013 0.36372 0.61621
2.0436 0.94589 2.4674 -2.4279 -2.3788 -0.88224 0.12148 -1.5575 -0.75479 -0.097615 0.3738 -0.27908 0.66582
2.5925 1.0737 1.463 -2.7132 -1.9263 -1.1508 0.21342 -1.6977 -0.97493 -0.11194 0.93615 -0.0067473 0.37067
3.3482 0.82775 0.64968 -2.9061 -1.7455 -0.50102 -0.85998 -1.4406 -0.77805 0.64791 0.9985 -0.077592 0.26392
3.4153 0.44382 -0.10486 -3.4015 -1.6279 -0.49094 -0.90082 -1.2071 -0.31961 0.88749 0.7243 -0.72644 -0.19615
3.0953 -0.29785 -0.65789 -2.9175 -1.4057 -0.58441 -1.033 -0.74424 0.00058139 0.964 -0.45254 -0.84377 0.053369
3.6513 -0.90586 -1.6313 -2.7514 -1.3204 -0.96587 -1.2454 0.11173 0.22356 0.58493 -0.96687 -0.8187 0.22889
3.6912 -1.5133 -1.5867 -2.932 -0.83495 -1.0289 -0.88653 0.73198 -0.0199 0.24503 -1.2386 -0.46456 0.34545
3.6394 -2.0111 -2.1262 -2.0474 -0.77253 -1.0467 -0.74373 0.84546 -0.33597 0.02859 -1.3122 -0.031239 0.40585
3.5891 -2.2746 -1.9163 -2.0269 -0.72443 -1.026 -0.47653 0.60206 -0.52708 -0.090109 -1.29 -0.017148 0.39314
3.3881 -1.9405 -2.0179 -1.8936 -0.71133 -0.92063 -0.1143 0.54406 -1.0649 -0.31357 -1.0172 -0.094952 0.33133
2.9504 -2.0511 -1.1768 -2.0555 -0.35495 -0.50006 0.046855 0.38033 -1.2748 -0.044685 -0.90161 -0.26227 0.33648
1.9409 -2.0178 -0.92203 -0.94376 -0.35099 -0.049631 -0.14702 0.10044 -1.2747 -0.17224 -0.56316 -0.20912 0.24137
3.5983 -3.4155 -1.0246 -0.79421 -0.61514 0.73168 -0.81936 1.4672 -2.0372 0.17427 -0.92583 -0.36535 0.2987
2.4401 -4.1807 -1.5829 -0.36795 -0.1081 0.73019 0.60039 1.1024 -1.7593 -0.23661 0.20656 -0.33768 -0.018626
3.2156 -4.8348 -1.8214 -0.4222 0.45807 0.44134 0.75782 1.2952 -2.462 -0.9579 -0.5186 0.056834 0.46569
2.5235 -5.6038 -1.054 -0.40261 0.039753 0.44018 0.35507 0.82661 -1.9288 -1.3231 -0.33376 0.26577 -0.22053
2.5357 -5.7657 -1.186 -0.26958 -0.30028 -0.30372 0.779 1.0302 -1.5863 -0.78466 -0.59194 -0.15169 0.11441
2.2817 -5.1249 -1.7378 -0.96398 -0.26042 0.11522 1.0282 0.7356 -1.8193 -0.42748 -0.34769 -0.082096 -0.14969
2.2338 -4.3928 -1.4341 -0.43321 -0.17695 -0.11956 0.60295 0.83467 -2.1566 -0.57557 -0.53113 -0.078309 -0.24875
2.6086 -4.3918 0.34242 -0.18544 -0.75803 0.43354 -0.2442 0.98361 -2.2728 -0.55471 -0.44893 -0.68754 -0.33978
2.8546 -3.6006 0.75202 -0.058805 -0.57396 -0.33545 -0.84791 1.8055 -2.2616 -0.80383 -0.96481 -0.69415 0.26857
1.3898 -1.954 0.45565 -0.13975 -0.38593 -1.3077 -0.87171 0.52699 -1.2847 -0.12452 -0.61103 -0.38821 -0.8621
1.3699 -1.4159 1.1326 -0.87092 -1.0918 -1.3859 -1.2219 0.17351 -0.54076 -0.34369 -0.94912 0.078545 -0.38497
2.0608 -1.7517 0.92198 -0.51978 -1.1932 -1.6672 -1.3714 -0.10234 -0.80257 0.53674 -0.83278 0.52969 -0.83664
1.0745 -1.683 2.0088 -0.20453 -1.0668 -1.3699 -1.8894 -0.70506 -0.26568 0.74416 -0.86077 0.18628 -0.26919
-0.4597 -1.2964 2.217 0.46331 -1.0267 -0.99499 -0.0055036 -0.9128 0.46317 -0.46369 0.20262 -0.52451 -0.49466
