1.7019 -2.0139 1.2066 -0.32423 -1.0718 -0.65032 0.10548 -1.3208 0.1955 -0.6825 -0.20552 -0.35178 0.12557
2.4055 -1.7433 1.2463 -0.58946 -1.0878 -0.69975 0.11419 -1.5374 0.074924 -0.84222 0.0027681 -0.052197 -0.02517
2.7677 -1.2233 1.5159 -0.72087 -1.171 -0.82591 0.27063 -1.4374 0.24763 -1.1489 -0.11791 0.1289 0.060997
3.3222 -1.1477 1.1243 -1.0524 -1.3669 -0.96602 0.57077 -1.2564 -0.2294 -1.1302 0.1693 -0.10036 0.14515
3.7449 -0.27899 1.5888 -1.3513 -1.4501 -1.0078 0.39909 -1.7322 0.12204 -0.9285 -0.036805 0.33847 0.055318
4.1232 -0.2759 1.7653 -1.5913 -1.5407 -0.68693 0.32139 -1.8455 -0.52357 -0.97168 0.19938 0.36795 0.40735
4.0959 0.037848 1.555 -1.0459 -1.4724 -1.1325 0.55636 -1.7018 -0.08998 -1.1578 0.022245 0.39976 0.10612
4.3622 0.20828 1.5194 -1.2341 -1.475 -0.9487 0.57741 -1.6193 -0.19596 -0.97673 0.058436 0.20857 0.24694
4.8897 0.17675 0.31429 -1.322 -1.492 -1.0201 0.27999 -1.5584 -0.32682 -0.75126 0.54523 -0.099813 0.2331
5.2847 0.73439 0.045044 -2.1378 -0.8328 -1.1005 -0.26705 -1.3347 -0.20033 -0.43487 0.81266 -0.33517 -0.32974
5.4399 0.37699 -0.25602 -1.9405 -0.90694 -1.3939 -0.2807 -1.3102 -0.10734 0.056838 0.67481 -0.90877 -0.51459
5.8153 -0.086306 -0.56976 -2.0163 -0.8888 -1.2896 -0.59947 -0.70343 0.20801 -0.025239 0.4301 -1.0288 -0.75443
6.2369 -0.60582 -1.4643 -2.0709 -1.1722 -1.3989 -0.31568 -0.3175 -0.013233 -0.003218 -0.018497 -1.291 -0.65169
6.4256 -0.83771 -1.4892 -2.1622 -1.368 -1.4065 -0.14721 -0.088362 0.021078 -0.076299 -0.33465 -1.1376 -0.82412
6.4604 -0.78947 -1.5969 -2.5646 -1.3687 -1.5941 0.00012743 0.067481 -0.46874 -0.57289 -0.56263 -1.3127 -0.6232
6.4972 -0.68303 -1.6952 -2.3132 -1.5247 -1.1308 0.11791 0.10871 -0.58612 -0.37745 -0.59348 -1.3586 -0.26732
6.5384 -1.1385 -1.6455 -2.2939 -1.623 -0.96669 0.2715 -0.058918 -0.63242 -0.30236 -0.69402 -1.4928 -0.20688
6.6518 -1.5437 -1.7621 -2.4704 -1.5515 -0.9373 0.34105 -0.15692 -0.72719 -0.48269 -0.71377 -1.4539 -0.3209
6.8896 -2.1902 -2.1454 -1.887 -1.4957 -0.4927 0.48159 -0.10031 -0.56067 -0.4431 -0.86741 -1.2483 0.024326
6.8711 -2.4399 -2.3901 -1.6141 -1.2795 -0.087877 0.40441 0.019384 -0.5313 -0.36463 -1.2119 -1.0541 0.29979
6.4214 -1.8229 -2.3515 -1.9718 -1.2311 0.33694 0.14993 -0.54046 -0.18541 -0.86704 -1.324 -0.67818 0.50909
5.3216 -0.95467 -1.2236 -2.0927 -0.53741 -0.63784 0.59589 0.13365 -0.1297 -1.046 -1.3985 -0.27192 0.55043
4.0221 -1.7604 -1.1177 -1.5393 0.47008 -0.2523 0.39161 0.5957 -0.22575 -0.2822 -0.7094 -0.53782 0.12717
4.1398 -3.0916 -1.2076 -0.26247 0.14398 0.047598 0.28148 0.75222 -1.0292 -1.2055 -1.4859 -0.85216 1.0961
3.5616 -2.9806 -1.4067 -0.08763 0.28282 -0.077457 0.66437 0.51117 -1.0729 -0.5642 -0.5535 0.011832 -0.20497
4.1424 -3.9161 -1.6691 -0.44027 -0.068462 -0.18671 1.0182 0.55939 -1.4266 -0.92272 -1.0021 -0.42784 0.56408
3.7723 -3.5631 -0.93118 -0.49211 0.035193 -0.049454 0.41637 1.0759 -0.83124 -1.0379 -0.94396 -0.2435 0.58085
3.9675 -3.0914 -1.0049 -1.0499 0.33725 -0.28195 0.12287 0.75421 -1.0674 -1.2093 -1.0062 -0.24657 0.10004
3.5984 -1.9058 0.20425 -0.7887 -0.096137 -0.93981 0.29901 0.62937 0.22744 -0.61712 -1.2571 -0.35142 -0.47172
4.0896 -1.65 0.39332 -0.48866 -0.47897 -1.7234 -0.22974 0.40133 0.074917 -0.61735 -0.87229 -0.32446 -0.42912
4.4622 -1.4876 0.61205 -0.51012 -1.3883 -2.3687 -0.49529 -0.45055 -0.20659 -0.59513 -0.4041 -0.52793 -0.73812
4.8281 -2.0466 0.41476 0.34795 -1.4648 -2.4854 -0.42367 -0.55283 -0.74227 -0.46025 -0.29097 0.03384 -0.25496
4.9318 -2.3804 0.32621 0.53518 -1.7441 -2.0865 -0.71356 -0.6661 -0.74353 -0.56533 -0.1637 -0.017785 -0.40515
4.9421 -2.6671 0.50731 0.58417 -2.2484 -2.7074 -0.63788 -1.1613 -0.84684 -0.93934 -0.37233 -0.443 -0.26521
4.8859 -2.585 0.45525 0.49066 -1.7402 -2.8225 -0.7428 -1.6149 -1.278 -0.63555 -0.8186 -0.057363 -0.43583
4.3466 -2.0334 0.79516 0.78035 -1.5587 -2.3042 -0.7153 -1.7175 -1.149 -0.9612 -0.35546 -0.18055 -0.30765
2.1592 -1.9701 1.6148 1.0131 -0.71476 -1.1318 -0.84651 -1.6262 -0.082677 -0.6479 0.10642 0.00012324 -0.52057
0.53515 -2.7904 0.79758 0.63756 0.3526 0.094082 -0.62531 -1.1858 0.010648 -0.56664 -0.72569 0.057903 -0.46334
