-1.4963 -1.803 1.4205 0.26509 -0.069173 -0.052916 -0.038046 -1.0199 0.8549 -0.22731 -0.41282 0.19688 0.0836
-0.83672 -1.8131 1.5929 0.37553 -0.51316 -0.46575 -0.29887 -1.4324 0.7693 -0.35071 -0.25611 -0.037755 -0.40661
-0.53618 -1.4201 1.9188 0.1838 -0.45439 -0.38266 -0.33114 -1.7069 1.2473 -0.19646 -0.3373 0.30634 -0.17321
-0.31174 -1.3898 1.9877 0.57258 -0.52393 -0.46824 -0.35419 -1.5493 1.1986 -0.14697 -0.29405 0.020069 -0.13621
0.084418 -1.2842 2.0422 0.55731 -0.81873 -0.92355 -0.523 -1.404 0.9662 -0.32298 -0.036737 -0.035244 -0.41383
0.65605 -0.87299 2.0596 -0.21462 -1.1505 -0.95117 -0.30132 -1.1739 0.97247 -0.49142 -0.15567 -0.093176 -0.068739
1.1522 -0.444 2.1839 -0.81287 -1.332 -0.87921 -0.017067 -0.8464 0.39448 -0.82462 -0.35956 -0.35788 0.58872
1.9291 -0.056748 2.3256 -1.7837 -1.8664 -0.53686 0.14253 -0.46778 -0.32938 -1.2004 0.29697 0.09018 0.93424
2.7831 -0.46636 1.5965 -1.9856 -2.3037 0.097078 -0.32155 -1.1995 -0.51843 0.026019 0.67001 0.22866 0.54431
3.4779 -0.62034 0.56975 -2.3272 -1.9452 0.40343 -0.99302 -1.4872 -0.12451 0.85352 0.51708 -0.29255 -0.25121
4.1109 -1.4732 -0.62391 -1.4892 -2.2372 -0.013745 -1.5266 -1.0742 0.48155 1.0373 -0.023619 -0.78848 0.011031
4.9318 -1.7401 -2.1376 -1.1221 -2.2637 -0.0336 -1.8266 -0.32314 0.73678 0.63584 -0.78443 -0.90073 0.3589
5.0926 -1.9844 -2.2337 -1.0378 -2.3894 -0.29146 -1.2097 0.55321 0.67442 0.032018 -1.2013 -0.53398 0.51207
5.3428 -1.8694 -2.8342 -0.67776 -2.2517 -0.734 -0.84557 0.73014 0.53873 -0.3914 -1.3601 -0.64637 0.54593
5.1752 -1.5433 -3.0638 -0.625 -2.0776 -0.60026 -0.54291 0.91481 0.27095 -0.5394 -1.2111 -0.32291 0.37464
4.3473 -1.0583 -2.3954 -1.3232 -1.0884 -0.45426 -0.24468 0.5635 -0.020118 -0.95238 -1.2391 0.23193 0.54233
3.2244 -0.79866 -1.6904 -1.2536 -0.49018 -0.74715 0.62058 0.36291 -0.27313 -1.3399 -1.0365 0.23753 0.80822
2.1746 -1.6282 -0.68413 -1.5013 -0.23802 0.33189 0.72238 -0.075524 -0.47501 -0.68424 -0.60123 0.0037272 0.31742
2.3489 -2.6956 -1.231 -0.5233 -0.68163 -0.44943 1.2336 0.66035 0.35809 -0.50275 -1.0716 -0.11405 0.60176
2.4854 -3.7412 -1.9383 0.37411 -0.50818 -0.63553 1.3067 0.97516 0.27573 -0.61621 -0.39635 0.16112 0.17315
2.305 -5.4238 -2.5525 -0.23244 -0.30713 0.014271 1.5503 0.82675 0.027276 -0.16377 -0.10696 0.38326 0.19194
2.2066 -6.4243 -1.8887 1.0287 -0.27236 -0.19797 0.9362 0.78513 -0.23737 -0.33176 0.074032 0.32323 -0.020564
2.547 -6.8366 -2.6347 0.6468 -0.77393 -0.25635 1.6393 1.1662 -0.4901 -0.87147 0.46504 0.43706 0.24544
1.9892 -7.4513 -2.0408 0.50853 -0.39275 -0.53194 1.3234 0.97785 -0.36108 0.069937 -0.15239 0.37774 0.36316
1.1674 -6.0945 -1.7517 0.72927 -0.63863 -0.4619 1.7713 1.3891 0.23014 0.21099 -0.20124 -0.2086 0.067475
0.073554 -5.5059 -2.1129 -0.04226 -0.2192 0.28481 1.5293 1.3817 -0.21375 -0.1134 0.089233 -0.39956 0.12252
-1.0467 -4.3067 -0.66967 -1.3388 -1.5281 -0.86919 1.2195 1.309 0.83697 -0.33704 -0.041981 0.25962 0.60799
-0.101 -1.6583 1.5557 -0.29578 -1.9537 -0.93745 0.60253 -0.78102 0.56129 0.092105 -0.24268 -0.27344 -0.36603
1.6072 -2.4371 0.93806 0.38336 -2.263 -1.785 -0.014543 0.6735 -0.31042 -0.33884 0.52552 -0.2782 0.19125
2.8207 -3.7753 0.80607 1.5929 -2.7524 -1.18 -0.38006 0.089358 -0.57495 -0.03244 0.46661 0.10669 0.23322
2.6968 -3.8607 1.098 2.0481 -2.3729 -1.3862 -0.52845 -0.14279 -0.47177 0.042657 0.50015 0.14702 0.32966
1.6292 -3.8593 1.0351 2.5017 -1.5625 -1.3328 -0.89652 -0.33432 -0.97433 0.093866 0.80557 0.3737 0.14339
