1.26 2.0388 1.7386 -2.1183 -1.7605 -0.44443 0.56333 -1.0334 -0.068823 -0.25325 0.59682 0.28865 0.6377
1.9288 2.1442 1.2184 -2.2995 -1.5241 -0.12335 0.25171 -1.3089 -0.3318 0.063935 0.96237 0.067701 0.28249
2.4859 2.0737 0.45528 -2.457 -1.2843 -0.15046 -0.12501 -1.1992 -0.18463 0.65402 1.0456 -1.1414 -0.13507
2.9766 1.4683 -0.45833 -1.839 -1.2308 0.082535 -0.93824 -0.52527 -0.088315 0.93055 1.0475 -2.0766 0.28418
3.3568 1.1944 -1.0084 -1.612 -0.97456 -0.23978 -0.65763 -0.23264 0.74888 0.80372 0.31833 -1.9504 0.46473
3.8448 0.4565 -1.572 -1.1632 -1.1259 -0.24862 -0.96944 0.55702 0.88582 0.23134 -0.44917 -1.6339 0.86874
4.1838 -0.28733 -2.0388 -0.69418 -1.3047 -0.24636 -1.0554 0.96341 0.46409 0.037393 -0.82808 -1.2897 0.97688
4.5888 -0.56015 -2.1997 -0.46793 -1.5403 -0.15249 -1.1421 1.4124 0.41907 -0.31911 -0.81141 -0.9287 0.99037
4.8598 -1.0754 -2.1642 -0.28842 -1.6126 -0.17831 -0.76694 1.8022 0.15791 -0.47348 -0.6744 -0.73002 0.73207
5.3027 -1.8064 -2.3858 0.061447 -1.6084 -0.12026 -0.57532 1.7722 -0.20366 -0.59626 -0.57384 -0.65334 0.68434
4.9734 -2.9689 -1.9699 -0.38687 -0.99132 -0.067954 0.21181 1.391 -0.38221 -0.42488 -1.0689 -0.1069 -0.1537
2.3313 -1.58 -0.38589 -0.12198 -0.48849 -0.49757 1.1002 0.68445 0.31436 0.11306 -0.56733 0.16499 0.029212
1.5931 -2.042 -0.039534 0.8675 0.88586 -0.3697 0.8255 0.65007 -0.72756 -0.067017 -0.38692 -0.15701 -0.57277
1.2355 -2.9008 0.55035 0.78627 -0.27997 -0.1752 1.2196 0.058979 -0.67689 -0.0059325 -0.39736 0.46212 0.034941
1.6294 -4.1531 -1.3754 0.25733 -0.61918 -0.13958 1.5885 1.1278 -0.4928 -0.25474 -0.52596 -0.2354 -0.56754
1.9841 -5.3218 -1.0277 -0.39073 -0.89024 0.28204 1.0075 1.1795 -0.8544 -0.39004 -0.82573 -0.14667 -0.94402
1.5146 -4.6914 -0.6867 -0.21654 -0.83233 0.88336 1.922 1.2558 -0.40492 -0.39001 -0.53723 0.31245 -0.53064
1.4209 -4.5418 -1.0123 0.09955 -0.78488 0.84468 1.3158 0.69998 -1.0246 -0.49034 -0.18034 0.9147 0.55455
1.4526 -4.1 -1.6722 -0.097522 -1.3945 -0.70399 1.41 0.67723 -0.77729 -0.60191 -0.50461 0.79178 0.47137
1.1755 -4.5563 -1.8198 -0.34672 -1.3716 -0.61089 0.67738 0.4905 -0.75996 -0.35519 -0.13674 0.27015 -0.12551
1.237 -4.4619 -0.82975 -0.39514 -0.9817 0.83257 1.2653 1.0815 -0.22514 -0.50192 -0.56911 0.27621 -0.30557
0.92816 -2.6972 0.68237 0.88876 -0.50386 -0.12988 0.64213 0.18542 -0.12182 -0.16483 -0.56634 -0.23071 -0.46747
1.8539 -0.56038 0.57521 -0.83403 -0.59354 -0.84532 0.27566 0.36879 -0.1104 -0.54305 -0.15328 -0.55806 -0.40291
2.6541 -0.19643 -0.49937 -0.45431 -1.1573 -0.98985 0.23592 0.14252 0.28657 -0.46039 -0.26602 -0.01289 -0.87213
3.53 -1.0339 -0.83866 0.35396 -1.9032 -0.85089 -0.88283 0.66521 0.18292 -0.23806 -0.16796 -0.047243 -0.99944
3.7797 -2.0526 -0.15478 0.79624 -2.1804 -0.806 -1.6475 0.76039 -0.056907 -0.14101 -0.23263 0.43796 -0.95726
2.5461 -1.9363 0.67767 1.1414 -1.7027 -0.74483 -1.9125 0.41098 -0.21879 -0.42077 -0.11923 0.68532 -0.72252
-1.0697 -1.0658 1.8675 0.82527 -0.3649 -0.67823 -0.78126 -0.68408 0.12542 -0.58841 0.1257 0.37163 -0.3625
-2.2878 -1.3239 2.2408 0.97801 -0.50243 -0.60595 -0.11343 -1.0877 0.84082 -0.296 0.028482 -0.64592 -0.69034
-3.6379 -2.1517 1.2763 0.68338 0.28391 0.16193 0.1126 -0.61655 0.4591 -0.33533 -0.33928 -0.255 -0.54831
-5.2752 -2.4128 0.94295 0.74602 0.70306 0.32555 -0.26417 -0.38684 0.83622 0.37024 -0.20031 0.3233 -0.14153
-2.2506 -4.6615 1.8848 -0.97963 1.0097 -0.45751 0.63728 0.43107 0.66012 0.84108 0.27307 0.76399 -0.12959
1.2729 -6.4845 2.6772 -1.152 1.1999 -0.76261 0.54453 0.75329 0.66987 0.81272 -0.1327 0.77953 -0.21395
