-1.5732 -0.77915 2.3799 0.93445 -0.15822 -0.14365 0.13403 -0.52838 1.3492 -0.4534 -1.0003 -0.22896 -0.20293
1.0651 1.5434 2.6417 -1.0272 -1.6301 -0.8467 0.71185 -0.90024 0.6496 -0.8391 -0.32217 0.26125 0.28522
1.6782 2.2961 2.7139 -1.5062 -1.9915 -0.93602 0.69768 -0.71085 0.16693 -1.1704 0.15622 -0.06731 0.56977
2.4067 2.7884 2.5336 -2.4154 -1.8667 -0.46765 0.41999 -0.61223 -0.10891 -0.935 0.20382 0.011826 0.70462
3.0447 2.7471 1.9124 -1.959 -2.0573 -0.41086 0.62247 -0.77915 -0.6528 -0.20129 0.67094 -0.16078 0.79814
3.9347 2.7179 0.75975 -2.0967 -1.9071 -0.12247 0.24989 -0.73917 -0.8536 0.26095 1.0828 -0.50453 0.69539
4.6618 2.115 -0.36441 -1.9804 -2.1821 0.15079 -0.25409 -0.86117 -0.71952 0.7284 1.2795 -1.1629 0.35482
4.6231 1.3632 -1.1011 -1.5878 -1.7956 0.1202 -0.6228 -0.58686 -0.34027 1.1042 0.8452 -1.6381 0.21899
4.9803 0.48795 -1.8657 -1.2975 -1.334 0.20003 -1.0406 -0.13308 0.06751 1.3135 0.14291 -2.1642 0.43208
5.3221 -0.25435 -2.3687 -0.75911 -1.4519 0.065462 -1.3783 0.68629 0.43192 0.59223 -0.56909 -2.0368 0.88614
5.5566 -0.97584 -2.5647 -0.27589 -1.7316 -0.11279 -1.3893 1.0819 0.43804 0.18242 -0.75267 -1.6669 0.95517
5.5894 -1.1327 -2.6021 -0.247 -1.8013 -0.3679 -0.99386 1.3353 0.31144 0.0056497 -0.79533 -1.4409 1.2004
5.7044 -1.7436 -2.3 -0.18536 -1.6435 -0.56858 -0.6838 1.3204 0.17156 -0.4131 -0.85186 -1.0819 1.0839
5.7788 -1.9302 -2.3808 -0.11738 -1.9444 -0.5266 -0.85183 1.4309 0.045277 -0.45523 -0.81812 -1.0731 0.97628
5.9467 -2.1441 -2.4567 0.0065726 -2.1168 -0.49609 -0.79748 1.6836 0.095643 -0.50127 -0.76375 -0.92987 1.009
6.1163 -2.308 -2.4458 0.23279 -2.2338 -0.38792 -0.88972 1.4805 0.13916 -0.69694 -0.74865 -1.0065 0.8791
6.1842 -2.6186 -2.5643 0.17031 -2.1643 -0.22361 -0.95405 1.5395 0.081213 -0.61076 -0.84887 -0.73225 0.5781
5.8462 -2.7982 -2.5072 0.049953 -1.9136 -0.049132 -0.37079 1.6992 0.10417 -0.65151 -0.83663 -0.37449 0.61432
2.9429 -0.47419 -0.88112 -0.25353 0.0015031 -0.58029 0.81866 0.3503 -0.1425 -1.0265 -0.72626 0.55204 -0.093984
2.4035 -2.3568 0.51939 0.90766 -0.20903 0.15585 0.82935 0.33124 -0.93084 0.61804 -0.87281 0.32928 -0.001444
2.3305 -2.594 -0.60765 0.63183 -0.49774 0.68353 1.0541 0.95763 -0.8685 -0.82603 -0.79419 0.51257 0.10842
2.4164 -4.1253 -1.4594 -0.22383 -0.93512 1.0094 1.6891 0.91458 -0.71818 -0.49692 -0.63553 0.17626 -0.19311
2.0659 -3.8794 -1.2072 0.19372 -1.384 -0.020263 1.0933 1.058 -1.2208 -0.18505 -0.047313 0.18369 -0.35786
2.2376 -3.7756 -0.46455 -0.916 -1.1819 -0.074377 1.3667 -0.14295 -0.65068 -0.65934 -0.84129 0.51439 -0.030795
2.2226 -3.694 -1.4423 0.33694 -0.18154 0.59074 1.1223 0.14421 -0.86925 -1.4327 -0.41881 0.30757 0.66377
2.1194 -2.2567 -0.11327 1.3783 -0.10174 -0.37674 1.4701 -0.52076 -0.68022 -0.2467 -0.54577 0.0164 -0.098603
3.0203 -1.5281 0.87792 -0.20971 -0.54196 -1.5068 0.62122 0.26324 0.13469 -0.43916 -0.097668 -1.0409 -0.16508
3.4452 -0.46836 0.080511 -0.15404 -1.5218 -1.4257 0.24526 0.38153 -0.24172 -0.034458 -0.1333 -0.74113 -0.11228
4.2303 -1.117 -0.70327 1.0777 -2.8263 -1.0381 -0.61916 0.54384 0.056372 -0.074007 0.24889 -0.57775 -0.30625
4.8456 -2.5311 -0.22165 1.4134 -3.3156 -1.0493 -1.1563 0.82195 -0.38544 0.090209 0.21902 -0.32532 -0.49901
4.6406 -2.7366 0.31641 1.4906 -3.0462 -1.1228 -1.4173 0.60977 -0.3994 0.086512 0.5406 -0.067639 -0.48922
3.7487 -2.2696 0.69107 1.9419 -2.6016 -1.0542 -1.5664 0.46763 -0.76276 0.014394 0.29395 0.22814 -0.65763
1.1288 -2.2409 1.666 1.8531 -1.4842 -1.3288 -1.4614 -0.041864 -0.57659 -0.39284 0.0098014 0.35867 -0.56595
-1.7092 -1.9317 1.8421 1.3325 -0.24048 -0.39008 -0.24096 -1.058 0.55992 -0.35559 -0.018378 -0.33087 -0.57833
-2.6677 -2.1429 1.6094 0.75485 -1.1423 -0.44401 0.62461 -0.7419 0.27223 -0.41529 0.67034 -0.4423 0.0098729
-4.2473 -2.5988 0.80073 0.045441 -0.25675 -0.35229 0.35181 0.10449 0.59728 0.66702 1.1447 0.49285 0.87885
-5.1338 -2.4137 0.82665 0.024703 0.0077207 -0.049217 0.70089 0.27986 -0.11831 0.43896 1.3651 0.27329 0.44394
-2.549 -5.0042 2.1545 -0.77133 1.4639 -0.22938 0.28369 -0.071986 0.19019 0.69484 0.066381 0.63231 -0.18877
1.4955 -6.7728 2.707 -1.8249 0.7174 -0.11655 0.58932 1.1367 0.33166 0.36846 -0.65911 0.73803 -0.20922
0.12632 -4.8972 1.8019 -0.83701 0.30017 -0.8243 0.13558 -0.22329 -0.296 0.093083 0.43764 0.27907 -0.30186
