-0.53123 -3.0079 0.43591 0.068286 -0.035807 -0.073233 -0.18692 -0.72482 -0.30519 -0.67676 -0.77881 -0.72255 -0.92254
1.125 -1.671 1.3799 -0.46616 -1.152 -0.73547 -0.20358 -1.6418 0.2144 -0.88974 -0.45492 -0.29055 -4.7449e-05
1.6084 -1.42 1.7224 -0.38856 -1.3465 -0.78444 0.12218 -1.9179 -0.14713 -1.4018 -0.10188 -0.079651 0.024173
2.1186 -1.2431 1.929 -0.22842 -1.1024 -0.82366 -0.054665 -1.4904 0.16593 -1.3652 -0.42454 0.04543 0.010875
2.2086 -0.85383 2.2284 -0.42122 -1.0505 -0.23538 0.067258 -2.0556 0.44225 -1.3102 -0.72463 0.15919 -0.017021
1.5617 -1.7224 1.7251 0.48368 -0.046914 -0.16785 -0.25978 -1.4722 0.39322 -1.2966 -1.029 -0.030663 -0.69766
0.65948 -2.1818 1.4886 0.9288 0.23029 0.12059 -0.23837 -1.0226 0.61633 -0.72064 -0.96794 -0.077058 -0.57322
-0.049337 -2.2759 1.3516 1.0473 0.59928 0.34973 -0.50913 -1.1075 0.96986 -0.26828 -1.1293 0.081649 -0.36249
0.089069 -2.2259 1.2263 0.56383 0.33187 0.12171 -0.53002 -1.2524 0.70557 -0.52227 -1.2763 -0.017782 -0.18399
0.88775 -1.9426 1.4184 0.26338 -0.67665 -0.64556 -0.13426 -0.98673 0.32988 -0.8679 -0.40729 -0.046475 0.27579
1.9897 -1.1679 1.6782 -0.63413 -1.2831 -0.56578 0.24969 -1.621 -0.047979 -1.0561 0.063617 0.042031 0.36052
2.6966 -0.92405 0.7507 -1.1175 -1.1549 -1.0626 0.2947 -1.6834 -0.56034 -0.87919 0.32942 0.38472 0.34298
3.0368 -0.83893 0.46937 -1.7916 -1.2556 -0.59464 -0.10181 -2.1138 -0.10404 -0.065493 0.72678 -0.19408 -0.31484
3.3507 -1.3514 -0.16233 -1.8401 -0.74146 -0.93416 -0.47064 -1.4482 -0.37978 0.5432 0.42109 -0.58396 -0.7983
3.7087 -1.5882 -0.86058 -1.8461 -0.67326 -1.0762 -1.0155 -0.76753 -0.0054191 0.68846 -0.13934 -1.4409 -0.14199
3.8552 -1.5083 -1.1395 -1.7529 -1.1022 -1.3022 -0.71386 -0.92685 0.68929 0.27053 -0.70385 -1.3302 -0.15831
4.0977 -1.5408 -1.0209 -1.7229 -0.911 -1.3291 -0.69583 -0.34934 0.74583 0.075823 -0.53398 -1.2865 0.26884
4.4076 -1.6672 -1.461 -1.8678 -1.0398 -1.4459 -0.58828 -0.2878 0.8938 -0.12006 -0.72369 -1.3735 0.30172
4.7408 -1.9874 -1.5589 -1.875 -0.92713 -1.5683 -0.69868 0.44588 0.51827 -0.078107 -0.79863 -1.2651 0.35825
4.7356 -2.0575 -1.5254 -2.1284 -0.56594 -1.8739 -0.58159 0.8082 -0.045276 -0.091723 -1.0155 -1.3885 0.42133
4.4153 -1.3937 -1.9317 -1.9097 -0.64209 -2.0376 -0.21672 0.57258 0.104 -0.58739 -0.67164 -1.354 0.59608
3.447 -1.5627 -0.38575 -1.3554 -0.52101 -1.5102 -0.0069322 0.26094 0.13272 -0.70101 -0.83116 -1.2123 0.46099
2.7483 -1.2035 0.066395 -1.2149 -0.42199 -1.387 0.29846 -0.14138 0.30494 -0.91019 -0.74819 -0.95866 -0.073786
1.6783 -1.5582 0.88651 -0.71219 -0.15846 -0.29506 0.57518 -0.70226 -0.15076 -1.0085 -0.59929 -0.28844 -0.18665
1.0733 -2.0359 1.249 -0.099419 -0.16723 -0.24519 0.45562 -0.10226 0.87524 -0.58193 -1.1699 -0.95053 -0.19636
0.95485 -2.947 0.24337 -0.13446 0.045645 0.50531 1.1852 0.53996 0.43986 -0.4428 -0.51071 -0.93772 -0.63555
0.74622 -3.0022 0.30815 0.33672 0.98624 0.67218 0.44355 0.57938 0.069906 -0.52473 -0.93902 -0.44869 -0.30823
0.92309 -3.05 0.56217 0.53465 0.30157 0.51141 0.89676 0.77779 0.77538 -0.59105 -1.1455 -0.75851 -0.40183
0.90885 -3.0682 0.68847 0.67985 0.39136 0.59785 0.93192 0.88442 0.65791 -0.81955 -1.319 -0.6428 -0.14663
1.0906 -2.2654 1.2325 0.5654 0.0040733 0.19207 0.80032 0.30427 0.58471 -1.023 -1.128 -0.62143 -0.36342
1.5019 -1.6975 1.3998 0.16276 -0.80485 -0.19234 0.56191 -0.3035 0.61018 -0.71661 -0.75687 -0.93781 0.00057451
1.9955 -1.3866 1.4977 0.09481 -0.98617 -0.75405 0.10885 -0.9468 0.55643 -0.75845 -0.42485 -0.44643 0.0036509
2.3394 -1.6096 2.0425 0.17301 -1.3563 -1.6873 -0.04257 -0.15959 -0.14744 -1.0436 -0.11357 -0.26926 -0.27713
2.6451 -1.2619 1.3698 -6.6096e-05 -0.87104 -1.8803 -0.25021 -1.0141 -0.2701 -0.72332 -0.25694 -0.069316 -0.024672
2.793 -1.258 1.5693 0.025516 -0.5584 -1.9406 -0.83377 -1.3201 -0.29657 -0.74466 -0.35806 0.24632 -0.07344
2.5173 -1.2872 2.2851 0.66184 -0.48358 -1.2226 -1.0003 -2.1823 0.31715 -1.0837 -0.39229 0.14885 -0.19354
1.7514 -2.2635 1.6821 1.1147 0.23137 0.18654 -0.24529 -1.8863 -0.35954 -1.549 -0.73759 -0.094139 -0.7546
1.4209 -1.9454 2.1464 0.98071 -0.3553 0.16197 0.067896 -2.2076 0.26923 -1.6251 -0.97956 0.068443 -0.44675
1.1041 -2.3546 1.8334 0.89307 -0.48526 -0.15642 -0.31694 -2.0668 -0.18323 -1.1496 -0.19192 0.25622 -0.72723
0.23173 -2.6677 1.3301 0.86954 -0.17521 0.021947 -0.38668 -1.8228 -0.42313 -0.91573 -0.093445 0.1606 -0.93899
