1.7353 -2.6376 0.83967 -0.02072 -0.82655 -0.82147 -0.70699 -1.8157 -0.090771 -0.42912 0.23091 0.21939 0.26641
2.2336 -2.1332 1.1214 -0.44726 -0.82047 -0.71612 -0.58772 -2.2933 0.23537 -0.54634 0.041776 0.42233 -0.18364
2.4248 -2.0001 1.3257 -0.33279 -0.71765 -0.68265 -0.69579 -2.4469 0.421 -0.64451 -0.1382 0.58088 -0.16826
2.727 -1.9251 1.4581 -0.25238 -0.91087 -0.77398 -0.61 -2.603 0.12447 -0.68975 0.26186 0.54764 0.024813
2.8297 -1.9618 1.1603 -0.42199 -0.78386 -0.94094 -0.61808 -1.8022 0.015978 -0.79025 0.10669 0.44676 0.12585
2.9471 -1.4873 1.529 -0.57426 -1.1252 -0.90365 -0.5507 -2.0088 0.25339 -0.5894 0.41733 0.21487 0.076746
3.2602 -1.2448 1.4041 -0.52897 -1.3513 -1.4143 -0.52074 -1.5531 0.38511 -0.31861 0.52956 -0.39802 0.41452
3.4424 -1.1229 1.2389 -1.0474 -1.3744 -1.4767 -0.25907 -1.6432 0.21876 -0.09134 0.83858 -0.5668 0.13752
3.3817 -1.3183 1.5212 -0.84572 -2.1615 -1.8102 -0.20977 -1.4463 0.7614 -0.48707 0.17402 -0.9972 0.61849
3.2566 -1.6499 1.2878 -0.96426 -1.9778 -1.8779 0.017648 -1.0071 0.36232 -0.52628 0.44698 -0.78934 -0.01712
3.4021 -1.82 1.045 -1.2737 -1.6315 -1.7239 -0.46478 -0.93543 0.89324 -0.23387 -0.29136 -0.77155 0.25418
3.6257 -2.1219 0.98011 -1.201 -1.7012 -2.3435 -0.79982 -0.6378 1.09 -0.35007 -0.64914 -1.1705 0.2592
3.8633 -1.9727 0.47988 -1.8163 -1.6566 -2.4461 -0.32805 0.11631 0.79284 -0.55939 -0.34524 -1.4484 0.34077
4.1664 -1.9628 0.38711 -2.3584 -2.2718 -2.2045 -0.076598 0.15394 -0.094649 -0.85515 -0.23591 -1.6141 0.23465
4.3577 -2.1496 -0.11767 -2.3939 -1.8271 -1.9381 0.13909 0.65664 0.302 -0.90707 -0.60126 -1.1442 0.38971
4.7729 -2.5273 -0.87671 -2.8871 -1.6197 -2.1007 -0.060496 1.0601 0.26983 -0.71975 -0.65323 -1.0607 0.080865
4.9702 -2.5027 -1.5725 -2.6582 -1.42 -2.1789 0.13301 0.72182 -0.1058 -0.86608 -1.1816 -0.92846 0.16115
4.6374 -2.9953 -1.6063 -2.9594 -1.6807 -1.7692 0.33572 0.024841 -0.83729 -1.3092 -1.1008 -0.8721 -0.10549
3.6058 -2.7263 -0.87589 -1.6854 -0.85001 -0.64789 1.4282 0.23744 -0.94959 -1.4985 -0.74245 -0.28313 0.31326
3.6039 -2.9001 -1.5793 -1.6489 -0.98814 -0.82992 0.12956 -0.051681 -1.2975 -1.0382 -0.66988 0.043874 -0.62264
3.4963 -3.2628 -1.0875 -1.6487 -1.0333 -0.85203 0.36224 -0.058248 -1.6254 -0.89018 -0.6748 -0.019005 -0.87392
2.5002 -3.5436 -0.41342 -0.70321 -1.0099 -0.49876 0.34889 -0.81779 -1.3094 -0.73065 -0.6242 -0.22228 -0.99374
1.2096 -2.9074 0.61304 -0.075406 -0.52724 0.29309 0.15726 -0.72322 -0.65097 -1.038 -0.39004 -0.39357 -0.67708
1.0162 -3.2405 0.51124 -0.016881 -0.36684 -0.21381 0.18315 -0.43604 -0.82357 -0.79136 -0.35746 -0.36509 -0.60026
0.90352 -3.1052 0.17629 -0.21095 -0.10477 0.44737 0.57542 -0.43068 -0.2949 -0.81881 -0.53063 -0.25901 -0.65946
1.7099 -3.3276 -0.37029 0.50445 0.082479 0.37636 0.27726 -0.36855 -0.23296 -1.1712 -1.154 -0.47833 -0.60729
2.4144 -2.283 -0.26459 -0.59732 -0.72092 -0.50419 0.22864 -0.4523 -0.46042 -1.4556 -0.81869 -0.72465 -0.78085
2.8498 -2.1116 -0.14772 -1.0477 -1.1071 -0.96532 0.15609 -0.62133 -0.46196 -1.3178 -0.42107 -0.55047 -0.82363
3.5458 -2.0138 -0.38029 -1.1807 -1.4027 -1.8549 -0.38033 -0.14608 0.062676 -1.1544 0.019515 -1.0201 -0.80868
4.0592 -1.9416 -0.49903 -1.5423 -1.5923 -2.5376 -0.59852 -0.152 -0.16043 -1.3308 0.28035 -1.002 -0.66009
3.9498 -2.7975 0.32737 -0.30864 -1.8824 -3.2836 -1.3068 -0.225 -0.14478 -0.77806 0.017274 -0.84715 -0.46797
3.3566 -2.8735 0.50718 -0.066905 -1.5288 -2.5188 -1.3874 -1.5061 -0.24825 -0.6329 0.31989 -0.57496 -0.66922
2.2368 -2.6207 1.074 0.14943 -0.97025 -1.7398 -1.5365 -1.5774 0.22616 -0.38137 -0.039659 -0.58437 -0.84341
0.91615 -2.9374 0.84189 0.76257 0.48232 0.064993 -0.98158 -1.5184 0.1658 -0.60232 -1.194 -0.185 -1.1017
0.66158 -2.9375 0.55773 0.35985 0.46335 0.36183 -0.046578 -0.59888 -0.22118 -0.50445 -0.45393 -0.14948 -1.015
0.48208 -2.8288 0.63039 0.41117 0.32447 0.16156 -0.25847 -0.69947 -0.010861 -0.52816 -0.75373 -0.17405 -0.35888
0.44543 -2.9521 0.46512 0.33199 0.58078 0.087094 -0.72519 -0.99629 -0.059056 -0.2878 -0.54255 0.04914 -0.91224
