0.74771 -3.1465 0.145 -0.93419 -1.3319 -1.3356 -0.6369 -1.2346 -0.14671 0.022217 0.60521 -0.14641 0.51611
1.9034 -2.2497 0.85774 -0.99445 -1.1821 -1.6354 -0.92342 -1.9893 0.61333 0.48718 0.65663 -0.14611 0.44576
2.3507 -1.837 1.0267 -1.8334 -1.6101 -1.1097 -0.27762 -2.2912 0.10465 0.48972 1.2647 -0.42454 -0.046847
1.4196 -1.9836 1.0346 -0.89653 -0.77393 -0.84866 0.19689 -1.0528 -0.080607 -0.24077 0.79887 0.1801 0.012024
2.692 -0.78492 1.441 -1.2033 -1.5494 -1.1237 0.2297 -1.632 0.38532 -0.84669 0.080737 -0.13034 0.51934
3.0435 -0.74068 1.6697 -1.5471 -2.0662 -0.94298 0.023249 -2.0282 0.4299 -0.5658 -0.27103 -0.62123 0.50054
3.6725 0.13286 1.5228 -1.3268 -1.9251 -1.327 0.32639 -2.1051 0.13925 -1.0959 -0.011188 -0.6491 0.2188
4.2796 0.42249 1.357 -1.7301 -1.91 -1.3738 0.14612 -1.6579 -0.3233 -1.3873 0.36107 -0.16154 -0.029976
4.7413 0.73901 1.3994 -2.1929 -1.9232 -0.97711 0.062702 -1.8045 -0.47133 -0.87946 0.26234 -0.060229 -0.063285
5.0953 0.1623 0.6278 -2.1662 -1.4459 -1.0895 -0.35306 -1.774 -0.82468 -0.06665 0.24474 -0.19419 -0.99375
5.4164 -0.65818 -0.50592 -1.8102 -1.5759 -1.9813 -1.5245 -1.4591 -0.57822 -0.075822 -0.012945 -1.4567 -0.64628
5.8416 -1.8271 -0.021427 -1.1461 -2.1312 -3.159 -1.9095 -0.17661 -0.24866 -0.49825 -0.65727 -1.5084 -0.060324
6.1421 -2.183 0.36118 -0.72893 -1.8473 -3.1648 -1.7832 0.07444 0.84106 -0.37471 -0.77797 -0.85452 -0.23458
6.5248 -2.313 -0.58894 -1.1993 -1.1101 -2.8956 -1.7587 0.36366 1.1706 -0.30828 -0.77324 -0.51691 -0.74044
6.7552 -2.6904 -1.3899 -1.6365 -1.7914 -2.0388 -1.4052 0.35683 0.78704 -0.34954 -1.1567 -0.43785 -0.56935
6.5658 -2.0892 -0.69267 -2.4132 -1.9144 -2.5042 -1.2004 0.41224 -0.10423 -0.43253 -0.70151 -1.0393 -0.89794
6.5197 -1.6673 -1.039 -1.2964 -1.7309 -2.6009 -0.32713 0.73282 0.10542 -0.2389 -0.74065 -0.72358 -0.57831
6.5887 -2.2282 -1.1269 -1.5511 -1.9417 -2.7741 -0.76667 0.45562 0.07054 -0.35842 -0.75181 -1.4629 -0.98989
6.5833 -2.0195 -1.5424 -1.3791 -1.9719 -1.9674 -0.1908 0.81747 -0.099247 -0.67291 -0.45863 -0.64791 -0.98486
6.409 -1.8049 -1.6713 -1.4742 -1.459 -1.7101 -0.41133 0.69863 0.11663 -1.1125 -0.80308 -0.10141 -0.67607
5.9307 -1.8034 -1.5081 -1.4388 -0.90522 -1.2081 -0.39098 0.74823 0.020602 -0.81589 -1.1699 0.0068239 -0.79454
5.2811 -1.3244 -1.7713 -1.8536 -0.54398 -0.90418 -0.58302 0.54484 -0.13051 -0.65553 -0.98926 -0.080489 -0.89991
4.8147 -0.61464 -1.5189 -2.7006 0.22626 -0.6269 -0.42023 0.075749 -0.11502 -0.72906 -0.76965 0.14191 -0.58632
3.32 -1.1689 0.25243 -2.0154 -0.86144 -0.59274 0.50396 0.37157 -0.57328 -0.47699 -0.72409 -0.31612 -0.52645
2.6714 -2.2482 -0.33534 -1.5078 0.092098 0.48867 0.3504 0.17504 -0.51879 0.070466 -0.6057 -0.011795 -0.50527
2.3949 -2.6081 0.14755 -0.33878 0.021282 -0.30988 -0.61787 -0.38724 -0.21662 -0.40647 -0.97753 -0.12659 -0.24195
2.1559 -2.0469 0.22036 -0.82649 0.39745 -0.43286 -0.25982 -0.13257 -0.37061 -0.82804 -0.89596 0.083682 -0.26423
2.242 -2.1078 0.60021 -1.3345 -0.38078 -0.73187 0.13754 0.37566 -0.44958 -0.29448 -1.4395 0.10192 -0.55093
2.048 -2.0043 0.80873 -0.51562 -0.41569 -1.2872 -0.27225 -0.048978 0.29908 -0.77116 -0.58592 -0.39571 -0.69376
2.1056 -1.4704 0.73214 -0.27245 -0.64834 -0.94625 -0.36001 -0.44422 0.13799 -0.47255 -0.16978 -0.27852 -0.57341
2.8068 -1.0431 1.1011 -0.93889 -1.3571 -1.8124 -0.056992 -0.26008 0.63495 -0.6902 -0.009945 -0.8894 -0.53942
3.1987 -1.8741 0.66142 -0.067203 -1.1077 -1.6777 -0.59786 -0.63712 0.20718 -0.33341 0.37836 -0.21652 -0.88159
0.90141 -1.9298 1.7079 0.77864 -0.72697 -0.94284 -0.40119 -1.0854 0.74309 -0.07589 0.17746 -0.56321 -0.78017
