2.0082 -0.28161 2.1091 -0.53855 -1.7998 -1.6435 -0.27203 -1.9735 -0.20741 -0.91043 0.30897 -0.24259 -0.069837
3.1457 0.27507 1.9188 -2.1577 -2.0653 -1.3447 -0.020897 -2.0756 -0.6647 -0.64178 0.53164 -0.021941 -0.70352
3.8744 0.56613 0.87161 -2.9369 -1.752 -0.93984 -0.66925 -2.4637 -0.29683 0.57522 0.16012 -0.93929 -0.83851
4.5126 0.23518 0.10486 -3.4214 -0.92981 -0.95157 -2.0249 -2.0863 0.48913 0.66533 -0.25343 -1.329 -1.0269
5.2614 0.26145 -0.51512 -4.0548 -0.93008 -1.5067 -1.2155 -1.3883 0.68381 0.3866 -1.4513 -1.2182 -0.013946
5.7688 -0.56043 -0.58142 -3.4952 -0.94295 -2.0667 -0.60962 0.22767 0.50836 -0.42148 -1.5781 -0.49028 -0.051154
5.4097 -1.6747 -1.0625 -2.2611 -1.1996 -2.3676 -0.19787 0.46375 0.13873 -0.82996 -1.329 -1.036 -0.026772
5.1226 -1.5279 -2.4618 -1.9898 -0.55461 -2.3626 -0.61934 0.39014 -0.42289 -1.0457 -1.3866 -1.1958 -0.13761
4.0453 -2.0184 -1.8246 -2.0676 -0.3521 -1.7426 -0.057116 0.4754 -1.1889 -1.7412 -0.73852 -1.1185 -0.23023
3.6175 -3.4192 -1.1601 -1.1781 -0.8574 -0.94805 -0.65276 0.77249 -1.5616 -1.0327 -0.55012 -0.25343 0.20134
4.1523 -5.0486 -1.5825 -0.22806 -0.64915 -0.044397 0.60958 0.75437 -1.3652 -0.7318 -0.35833 -0.15437 0.57971
3.9524 -6.648 -1.8281 0.26733 -0.35627 -0.87069 0.17279 1.2318 -0.78017 -0.18565 0.093242 -0.14425 0.57373
3.3448 -7.1545 -1.693 -0.44935 0.103 0.51599 0.18028 0.47427 -0.66958 -0.073288 -0.26082 -0.3015 0.1838
2.9264 -7.4621 -2.4719 -0.28875 -0.79124 0.19012 1.1864 1.2103 -0.11868 -0.25983 0.12355 1.0331 0.33099
2.6391 -7.5409 -1.9468 -0.045993 -0.49349 -0.34348 0.12898 0.44507 -1.0886 0.31336 0.40762 0.028586 0.2929
2.4121 -6.7113 -2.1598 -0.089784 -1.0308 -0.28178 0.60485 1.529 -0.021874 0.19172 0.097062 0.64486 0.15597
2.0357 -6.5749 -1.1969 -0.51606 -1.5574 -0.78149 1.504 1.1831 -0.44446 -0.1602 0.48842 0.53295 0.069365
1.5891 -6.2599 -1.1517 -0.58914 -1.4058 -0.91089 1.2076 1.3454 -0.31351 -0.35112 -0.46771 0.77842 -1.242
-0.90354 -3.8986 0.25136 -0.23614 -0.63356 0.034071 1.0804 1.0746 -0.022396 -0.0015101 0.16398 -0.35466 -0.65682
