2.3935 1.3303 2.1088 -1.8161 -2.5929 -2.0505 -0.058555 -0.75244 -0.19251 -0.70318 -0.13252 -0.46757 0.36912
3.0969 1.865 1.9004 -2.6945 -2.7519 -1.7665 -0.36955 -1.2189 -0.099046 -0.28253 0.025995 -0.62431 0.34164
3.261 1.2369 2.039 -2.296 -3.2867 -1.3728 -0.32852 -0.94969 -0.24211 -0.28319 -0.049904 -0.80106 0.31827
3.8163 0.85606 2.0728 -2.0133 -3.8513 -0.99124 -0.26431 -0.92249 -0.47446 0.053847 0.08042 -0.50411 0.31049
4.3674 0.37381 1.6293 -1.9437 -4.3311 -0.97966 -0.34454 -0.73306 -0.54057 -0.21882 -0.30602 -0.31234 0.54671
5.1506 -0.070108 -0.033228 -2.7053 -3.8939 -0.69543 -0.58813 -1.0976 -1.1605 0.097971 -0.14356 -0.19372 0.23497
6.0689 -1.2931 -1.9105 -2.8744 -3.0164 -0.77789 -0.56348 -0.57584 -1.2815 0.28046 0.5018 -0.1641 -1.0091
6.3213 -1.6703 -2.8411 -2.9945 -2.7889 0.043757 -0.74418 -0.62017 -0.83634 0.99814 0.59117 -0.93629 -0.677
6.2133 -2.3487 -3.1239 -2.1867 -2.5351 0.33432 -1.3626 0.039519 -0.70533 1.0693 -0.7063 -1.2227 0.46699
6.2225 -3.3056 -2.9591 -2.3703 -2.4484 -0.22067 -1.4035 0.57416 -0.7165 0.7036 -1.5086 -0.72586 0.37658
6.576 -3.7942 -2.8462 -2.6151 -2.2233 -0.43868 -1.3561 0.98038 -0.26989 0.50949 -1.1732 -0.39962 0.62091
6.8388 -3.6342 -2.7495 -2.4539 -2.0482 -0.37893 -1.4862 1.0409 -0.42777 0.14901 -1.3311 -0.32089 0.66305
6.9102 -3.768 -2.9805 -2.4951 -1.9444 -0.50866 -1.21 1.1576 -0.5351 0.092194 -1.1168 -0.27497 0.69802
6.9555 -3.7264 -2.9397 -2.4624 -2.0925 -0.68318 -1.3194 1.203 -0.52191 -0.12872 -0.90802 -0.14837 0.62297
6.8577 -3.4426 -2.6176 -1.9405 -1.7539 -0.54345 -0.96096 1.331 -0.60641 -0.22208 -0.76279 -0.35885 0.47765
6.9586 -4.0434 -2.8835 -2.0544 -1.8504 -0.94744 -1.1561 1.4598 -0.95218 -0.36274 -0.72494 -0.41311 0.52709
7.0178 -4.1609 -2.2018 -1.7844 -1.4572 -0.84978 -0.60488 1.5533 -0.59739 -0.73391 -0.76653 -0.14385 0.56407
6.8629 -4.1851 -2.5656 -1.4827 -1.4385 -0.74292 -0.57911 1.3413 -0.5301 -0.67291 -1.339 -0.51628 0.49619
6.4452 -2.8352 -3.4053 -1.5141 -1.3897 -1.1236 0.27897 0.30964 -1.1853 -1.0603 -0.98505 -0.00069623 -0.10843
4.582 -3.6403 -2.0191 -0.98785 -1.0066 -1.2882 0.60131 0.44614 -0.54744 -1.1486 -0.9194 -0.44112 -0.50552
4.1678 -5.7057 -1.6238 -0.50789 -1.8788 -1.0799 1.0251 0.52836 -0.52996 -1.1949 -0.2324 0.076886 0.074383
4.7064 -7.4213 -0.23348 -0.40535 -2.1277 -0.71006 1.473 1.2281 0.19471 -0.16418 -0.31549 -0.067057 0.19376
4.9352 -8.1874 -0.61653 0.70821 -1.8604 -0.89934 1.4844 0.73892 -0.052667 -0.18753 -0.33494 -0.23705 0.14917
4.549 -7.7579 -0.063906 0.13177 -1.562 -1.1141 0.3776 0.068342 -0.43083 -1.1355 -0.38035 -0.18723 -0.37584
4.4776 -7.3271 -0.1199 0.74575 -2.0489 -0.71786 0.65417 -0.24814 -0.29723 -0.91224 -0.79992 -0.63497 0.28149
4.1273 -7.2815 0.026126 0.42052 -2.2731 -1.1003 0.60094 0.20053 -0.53901 -0.95487 -0.2473 -0.84643 0.021701
3.9028 -7.4064 -0.87737 0.11351 -2.1835 -0.82975 2.0843 0.62727 -0.93319 -1.1403 0.013829 -0.4476 -0.38002
3.2111 -6.1402 -0.092086 1.4535 -0.33958 0.12259 2.072 0.9282 -0.092156 -0.78097 -0.36616 -0.032334 -0.015145
2.8002 -3.3066 0.30212 0.63015 -1.0207 -0.36845 1.9325 0.68368 -0.82328 -0.75828 -0.16477 0.035562 -0.16262
3.1927 -2.2337 0.37557 0.030818 -0.70168 -2.1145 0.58842 0.29705 -0.26204 -0.29795 -0.74117 -0.19511 -0.39181
3.2828 -2.3396 0.64912 -0.15715 -1.0508 -1.6757 0.31279 0.34658 -0.22585 -0.34986 -0.26341 0.10203 -0.47245
3.2481 -2.1553 0.00034815 0.67399 -1.3298 -1.9449 -0.24862 0.0094677 -0.029055 -0.52357 -0.089463 0.33226 -0.44589
2.6016 -2.2501 0.52342 0.52615 -1.5896 -1.254 -0.73016 0.48582 -0.39092 -0.53769 -0.083025 0.82961 -0.43732
-0.46695 -1.5396 1.781 0.39947 -0.44343 -0.94776 -0.30202 0.24642 0.14675 -0.14162 0.70385 0.30216 0.38124
-1.9147 -1.9958 1.3426 0.49757 -0.28613 -0.32637 0.17245 -0.56794 0.40017 -0.28698 0.38692 0.1793 -0.04892
-2.2033 -2.1361 1.1245 -0.071209 -0.53745 -0.77147 0.32751 0.094578 0.78794 0.01332 0.34866 -0.010373 0.38507
-2.5869 -2.075 1.2083 0.56435 0.35801 0.01207 -0.029139 -0.34725 0.40856 -0.20389 -0.10059 0.16147 0.0024714
-2.4811 -2.1424 1.3803 1.0512 0.64698 0.56077 0.18314 -0.21379 1.1945 0.25453 -0.21991 0.61863 0.22282
-2.6653 -2.3073 1.1213 0.74095 0.47937 0.19183 0.053274 -0.29718 0.69821 0.62456 0.85296 0.69841 0.10091
-2.9672 -2.4761 1.0865 1.1107 0.78583 0.69798 -0.15813 -0.60535 0.94873 0.12416 -0.19463 0.92762 -0.094613
-2.9948 -2.5732 0.73211 0.19603 -0.17209 0.0198 0.50787 -0.022365 0.20812 0.13585 0.68898 0.14688 0.10041
-3.6005 -2.6108 0.81158 0.61153 0.38792 0.21726 -0.032191 -0.18112 0.99475 0.52972 0.20432 0.44949 -0.032735
-4.3502 -2.7235 0.58963 -0.026125 -0.21627 -0.088883 0.76284 0.71901 1.0255 0.81631 0.91888 0.43493 1.1098
-4.0399 -2.7282 0.43684 0.25229 0.62885 0.36612 0.039141 0.048489 0.45306 0.16219 -0.18582 0.28675 -0.0034334
-0.57809 -5.4213 -0.67669 0.67943 0.15572 0.92795 0.02511 0.42128 -0.16875 0.11346 -0.16601 0.065343 -0.11927
-0.65352 -4.8674 -0.32874 0.27425 0.3051 0.36583 0.69543 0.94166 0.61202 0.18976 0.5551 0.49953 0.3195
