-0.27709 -1.3024 1.8356 0.27143 -0.50786 -0.43536 0.094473 -1.2335 0.59958 -0.86809 -0.73888 -0.30089 0.06613
1.335 0.39565 2.103 -1.2618 -1.6995 -0.66974 0.68038 -1.7328 -0.12903 -0.983 0.15154 0.074326 0.45858
1.8197 0.59645 1.4661 -1.4682 -1.2321 -0.9633 0.056364 -1.4146 -0.14757 -0.99474 0.23201 -0.16886 0.29251
2.2749 0.76314 1.7815 -1.8167 -1.5359 -0.3995 -0.41891 -1.5639 0.0043725 -0.73673 0.10209 0.25946 0.23051
3.05 1.1202 1.5422 -2.5624 -1.4714 -0.37031 -0.45178 -1.5694 -0.64858 0.59792 0.60644 -0.59576 -0.19314
4.0317 0.9207 1.3153 -3.273 -1.6022 -0.30662 -0.90196 -1.0647 -0.61109 1.3805 0.01764 -0.91297 -0.45189
5.1601 1.2881 0.20371 -3.7857 -0.84659 -0.36797 -1.4695 -0.065279 -0.088233 1.4356 -0.78284 -1.1447 -0.02982
5.471 0.6221 -0.2926 -3.1534 -1.0959 -0.79177 -0.96555 0.26869 0.16043 1.1778 -1.6532 -0.55178 -0.058092
5.3753 -0.30633 -0.17886 -2.4522 -1.7595 -1.1064 -0.68498 0.57853 -0.0059925 0.46852 -1.5845 -0.32658 -0.25097
5.5035 0.013875 -0.8528 -2.622 -1.1839 -1.3701 -1.0134 1.0748 -0.037226 0.10093 -1.9499 -0.23501 0.14225
5.666 -0.59891 -0.98457 -2.5311 -1.1157 -1.3533 -0.87113 1.2874 -0.30095 -0.049124 -1.8584 -0.28864 0.067262
5.7061 -1.3758 -1.5853 -1.7179 -0.91793 -1.3481 -0.39879 1.0231 -0.23656 -0.31577 -1.7902 0.014117 -0.11968
5.7195 -3.2171 -0.8361 -1.0626 -1.6694 -0.71341 0.025638 0.97538 -0.16958 -0.65798 -1.8455 0.26608 -0.17775
4.4851 -1.3389 -0.28971 -1.2652 -1.6984 -0.64912 0.87671 0.34598 -0.55207 -0.42928 -1.1651 -0.51904 0.7563
3.3585 -0.54681 -1.3522 -0.39753 -0.56045 -0.45953 1.0914 0.62943 -0.41865 -1.0974 -1.3363 -0.053826 0.66124
3.7359 -2.6125 -2.3932 0.00049122 -0.53309 -0.70492 2.5703 0.99147 -0.84662 -0.56075 -1.2581 -0.78395 -0.1183
4.1639 -2.7743 -2.4308 -1.3672 -1.0338 -0.82221 2.8142 1.3624 -1.0062 -0.48837 -1.3991 -1.1021 0.34847
3.8 -5.077 -2.9267 -1.5457 -1.8104 -0.83036 2.7921 1.5037 -1.0333 -0.29412 -0.42943 -0.5363 0.44181
2.8492 -4.8112 -2.3019 -1.0825 -1.661 -1.3877 2.5314 1.5201 -0.089384 0.13137 -0.79696 -1.0861 0.40546
2.6865 -4.9763 -2.2549 -1.2192 -1.2385 -0.53276 1.9881 1.0547 -1.4987 -0.17998 -0.14345 0.084625 0.95249
3.1972 -4.758 -2.3107 -0.93843 -1.6504 -0.63699 2.0369 1.9453 0.069934 0.77414 -0.70688 -0.46823 1.058
3.4452 -4.0676 -2.859 -0.99313 -1.8138 -1.1874 2.6874 1.9438 -0.75702 0.11129 -0.56641 -0.42571 0.8486
2.7526 -2.1498 -1.5051 -0.5497 -0.81607 -1.3939 1.6044 1.8293 -0.44845 0.17108 -1.1053 -0.96536 0.028838
2.5728 -1.4904 0.40725 0.71767 -0.20016 -1.2452 1.004 0.21627 -1.0509 -0.11674 -0.75819 -0.48671 0.16789
2.977 -0.67417 1.2549 0.058287 -1.115 -2.5568 0.50897 0.26716 -0.72221 -0.14745 -1.076 -0.17755 -0.11185
3.4733 -1.1953 2.0963 -0.4591 -1.9923 -2.2142 0.29422 -0.46816 -0.22147 -0.15712 -0.84928 0.18176 -0.41199
3.472 -0.81932 2.394 -0.60267 -1.2433 -2.5432 -0.44424 -0.41273 -0.60193 -0.3298 -0.2058 0.68159 -1.0433
1.5309 -0.1841 2.3969 0.56163 -0.91183 -1.992 -0.15307 -1.1109 0.22557 -0.58661 -0.23348 0.36844 -0.84689
-0.60662 -1.9293 1.7658 1.4216 0.67904 0.45168 -0.07996 -1.0234 0.45708 -0.72018 -0.78065 0.017363 -0.18354
