0.51973 -0.069534 2.0379 -0.69141 -1.5377 -0.49156 0.65322 -1.4268 0.42912 -1.0254 -0.17296 -0.16273 0.28085
0.34384 -0.29312 2.2994 -0.58429 -1.5072 -0.83409 0.42141 -1.2121 0.52843 -0.8067 -0.21745 -0.12643 0.12402
1.2402 0.24043 2.0787 -0.99287 -1.5938 -1.2159 0.43316 -1.155 0.32198 -1.1374 0.27563 0.22057 0.20618
1.8243 0.9342 1.8817 -1.8565 -1.5116 -0.88567 0.67195 -1.2191 -0.018072 -0.79393 0.51666 0.148 0.45404
2.6251 1.2996 1.4375 -2.7839 -1.6587 -0.43837 0.46931 -1.3624 -0.24123 -0.064145 0.79114 -0.6335 -0.29943
3.2367 1.1977 0.62427 -2.9331 -1.5713 -0.077566 -0.3904 -1.2384 0.76913 0.070944 -0.10125 -0.77178 -0.12404
3.8054 1.4844 -0.19149 -2.9365 -1.116 -0.41823 -0.37454 -0.69182 0.84475 0.1498 -0.50613 -0.77059 0.25587
4.2967 0.68466 -0.94144 -2.1274 -1.1694 -0.48046 -0.73945 0.34177 0.49908 -0.34094 -0.96255 -0.4125 0.49246
4.6041 0.05364 -1.4468 -1.9597 -1.4225 -0.44204 -0.58742 0.48525 0.45316 -0.92821 -0.74027 -0.42844 0.43238
4.8354 -0.67303 -1.5697 -1.7611 -1.4359 -0.43686 -0.28992 0.80297 0.16779 -0.75086 -1.087 0.016273 0.24286
4.9733 -0.6945 -1.5685 -1.7332 -1.4194 -0.42086 0.00020769 0.70743 -0.22471 -0.80926 -1.0543 0.16452 0.038585
4.9945 -0.42891 -1.7511 -2.0172 -1.1365 -0.71876 0.2408 0.59524 -0.35125 -0.87637 -1.1502 0.24032 0.022494
4.6618 -0.29545 -1.6989 -1.6082 -1.3727 -0.64939 0.91403 0.11917 -0.55983 -0.69538 -1.3622 0.23015 0.17102
3.2945 -0.98633 -1.8384 -0.89035 0.0042906 -0.45459 0.83685 -0.11766 -0.48156 -0.43603 -1.117 -0.16604 0.19968
1.3949 -2.5646 -0.095954 -0.15198 -0.24332 0.0066696 1.6369 0.30505 -0.34223 0.0030445 -0.33 -0.45839 -0.49194
2.9245 -5.9878 -1.5911 0.1198 -1.1349 -0.15528 0.9881 0.40821 -0.94754 -0.30715 0.27685 0.061926 -0.39628
3.0789 -7.5703 -2.9655 0.15144 -1.1948 0.33914 1.418 0.53353 0.0032514 1.0802 0.50766 0.67386 0.36516
2.9526 -7.2895 -2.6083 -0.035301 -0.54316 0.27084 0.75736 -0.0339 -0.90634 0.46072 0.35102 0.50796 0.098823
2.7552 -6.8091 -3.0712 -0.48779 -1.4775 -0.11397 1.1514 0.55109 -0.40933 0.89343 0.22808 0.53234 0.13967
2.287 -6.8796 -3.0434 0.33317 -0.96416 0.30909 1.1206 0.24317 -0.7692 0.11623 0.21337 0.4834 -0.27662
1.5465 -6.3039 -2.3437 -0.93127 -1.7439 -0.22748 1.1701 0.96051 -0.52416 0.14921 0.65136 0.33661 0.095012
1.5097 -3.7347 -0.80424 1.1943 -0.032015 -0.26154 0.80842 0.22446 -1.2349 -0.23344 -0.424 0.20925 -0.51832
2.6093 -0.43709 -0.13679 -0.88237 -1.1905 -0.70534 0.4441 -0.0069505 -0.20541 -0.38123 -1.0522 -0.20089 -0.15292
4.1725 -1.9161 -1.4147 -0.64965 -1.6139 -1.4301 -0.042488 0.89766 -0.46465 -0.31597 -0.85735 -0.10799 -0.59502
4.3254 -2.8375 -0.91438 -0.39792 -1.9981 -1.8586 -0.31936 0.7277 -0.38526 -0.16677 -0.85094 -0.04898 -0.78207
4.0181 -2.8154 -0.44663 0.0037963 -1.9737 -1.8398 -0.79295 0.71498 -0.50702 0.028567 -0.59466 0.033241 -0.81315
3.2331 -2.4236 0.44645 0.44468 -1.5173 -2.023 -1.8512 0.78867 -0.53557 -0.0056313 -0.4853 0.21673 -0.54591
0.30664 -1.6807 1.3259 0.225 -0.2299 -1.1213 -1.2063 -0.42369 0.24867 -0.66207 -0.49101 0.47036 -0.10407
