1.0839 1.322 1.4507 -1.801 -0.85695 -0.12646 0.44295 -1.7869 0.32909 -0.52818 0.17288 0.43303 -0.56709
3.1847 0.86508 -0.22483 -1.9041 -1.9139 0.69286 -0.66988 -1.9306 0.72382 0.21439 0.54215 -0.65553 -0.95787
3.7367 0.098595 -1.3537 -1.1865 -1.3562 0.43747 -1.0383 -1.395 1.4106 0.44374 -0.54127 -1.3689 -0.48752
4.3349 -0.61494 -2.1569 -0.69445 -1.365 -0.077045 -1.2062 -0.42003 1.6671 0.035814 -1.0662 -1.4251 0.20476
4.1642 -1.074 -1.871 -0.53728 -1.2405 -0.6307 -0.95111 0.16038 1.317 -0.30692 -1.0917 -1.2553 0.14149
4.3582 -0.78892 -2.8225 0.40859 -1.7166 -0.88847 -0.78299 0.55056 0.95253 -0.73758 -0.80511 -1.0881 0.040763
4.4837 -1.3996 -2.515 0.56596 -2.1047 -0.77857 -0.80225 0.662 0.86834 -1.0089 -0.55597 -0.96805 0.057662
4.6529 -1.241 -2.8254 0.78063 -2.4907 -0.95164 -0.60276 0.78211 0.74025 -1.3723 -0.26436 -0.95518 -0.2046
5.0499 -1.6154 -3.097 1.0272 -2.903 -0.88156 -0.47457 0.82101 0.32939 -1.3965 -0.54975 -0.92313 -0.11776
5.2069 -2.1518 -2.8093 0.64161 -2.4489 -0.97129 0.051621 0.63642 0.38564 -1.3249 -0.30856 -0.70642 -0.46064
4.9435 -1.7577 -3.4488 0.25587 -2.0407 -0.54713 -0.14602 1.1326 0.059666 -1.1228 -0.24086 -0.69695 -0.66707
3.9113 -1.1458 -3.117 0.021643 -0.57179 -1.6193 1.0814 0.94127 -0.25073 -0.92213 -0.60901 -0.59756 -0.85321
1.7715 -1.9206 -0.91881 0.073111 -1.0167 -0.095409 0.62687 -0.21566 -0.2683 -0.98928 -0.87366 -0.31881 -0.08378
2.2473 -4.0175 -1.4757 -0.10313 -1.4331 0.57562 1.6093 1.2778 -0.62872 -1.1175 -0.14872 -0.35944 -0.68807
3.3982 -6.5504 -2.4314 0.42862 -1.4307 1.0183 1.7343 1.1842 -1.0401 -0.76271 0.035266 0.015213 -0.98022
3.0027 -6.4302 -2.3206 0.4079 -1.4037 0.54739 1.5516 1.3202 -0.34301 0.2571 0.15616 -0.26071 -0.38718
2.3669 -6.4235 -2.2855 0.25922 -0.73133 1.3812 1.5434 1.0002 -0.71801 -0.31357 0.3377 -0.0087681 -0.58598
1.8717 -5.1208 -1.7354 0.26432 -0.81555 0.73064 1.4949 0.47566 -0.049444 -0.56887 0.055574 0.3369 -0.61181
1.3902 -4.9378 -2.1159 0.11489 0.16883 0.50077 1.151 1.1179 -0.047691 -0.31973 -0.83235 -0.21875 -0.55059
0.61322 -4.6789 -1.6831 -0.22305 0.091609 0.090314 0.92964 1.2442 -0.14254 -0.34394 0.24431 0.68334 -0.27485
-0.067859 -2.484 0.0073902 0.6098 -0.5039 -0.55019 0.85157 0.038377 -0.40458 -0.80155 0.40857 0.064073 -0.50641
2.6545 -0.69633 -1.6041 -0.215 -1.5848 -1.8298 -0.38455 0.244 0.025763 -1.1942 -0.30449 -0.72966 -0.89363
2.6644 -1.0117 -1.2391 0.038206 -2.0236 -1.7836 -0.50139 -0.023481 -0.077075 -1.0696 0.017113 -0.6273 -0.97228
2.462 -0.92376 -0.32296 0.25378 -1.7997 -2.0121 -0.77403 -0.40869 -0.042768 -0.94307 0.53696 -0.70434 -0.96483
2.0376 -0.51071 0.66123 0.36017 -1.3743 -2.0171 -1.5996 -0.6441 0.042951 -0.92841 0.87326 -0.30676 -0.81691
0.37906 -0.85255 1.502 0.85283 -0.68699 -1.9542 -1.2708 -1.1707 0.013738 -0.82936 0.40628 -0.078066 -0.43648
