1.3183 -1.2856 0.31564 -2.3723 -1.8208 -1.6576 0.16938 -1.6932 -0.42503 -1.1973 0.63914 -0.22291 0.028362
1.6259 -1.5503 0.81443 -2.4728 -1.9255 -0.76821 0.076993 -1.6137 -0.31506 -0.45542 0.12138 -0.7085 -0.52
2.4215 -1.2519 0.27026 -2.9482 -1.4538 -0.37234 -0.48219 -1.3117 0.51609 0.1474 -0.34657 -0.93704 -0.76619
3.4284 -1.2054 -0.64289 -3.7836 -0.88418 -0.45529 -0.65679 -1.1021 0.43768 0.6421 -0.58437 -0.96738 -1.2095
3.9527 -2.0967 -1.9733 -3.5768 -0.86063 -0.59813 -1.2692 -0.51362 0.30605 -0.069165 -1.8723 -0.69021 -0.93324
4.7471 -2.6519 -2.6913 -3.5275 -0.9832 -0.93221 -1.1135 0.065913 0.051189 -0.73772 -2.2129 -0.43074 -0.81014
5.0473 -2.7835 -3.265 -3.2579 -1.1561 -1.2241 -0.40524 0.50519 -0.23996 -1.3675 -1.597 0.041075 -1.0206
5.0519 -3.6165 -2.536 -3.4971 -0.71795 -1.126 -0.10992 0.9156 -0.72171 -1.2839 -1.6929 0.48729 -1.4616
4.5995 -4.4785 -2.3684 -3.0673 -1.667 -0.44319 -0.19009 0.74459 -0.93943 -1.211 -1.2343 0.18097 -1.5485
4.0536 -3.7035 -2.9865 -1.8661 -1.6053 -0.32855 0.54052 -0.12039 -0.81931 -1.3584 -0.26195 0.1121 -1.3168
3.799 -3.7594 -2.8214 -2.5031 -1.1175 -0.43193 0.17019 -0.39064 -1.3932 -1.2929 -0.21436 0.43703 -1.318
4.0614 -4.3486 -2.4031 -2.033 -1.1388 -0.4875 0.33251 -0.87686 -1.7501 -0.85199 -0.64019 0.53967 -1.0563
3.2417 -4.8052 -1.7427 -1.544 -1.7925 -0.79495 0.13722 -1.0333 -2.2455 -0.93581 -0.26457 0.087949 -1.0199
1.9416 -4.545 -1.4803 0.071911 -0.1896 -0.64575 -0.46416 -1.2138 -1.8323 -0.73093 -0.89053 -0.69507 -0.98045
2.7116 -5.5526 -0.73739 0.1379 0.61757 0.061105 0.093442 -2.1146 -1.5173 0.086988 -1.1055 0.17984 -0.654
3.0364 -6.616 -1.4527 0.35607 0.70555 0.46055 0.18876 -1.5211 -0.21649 0.27213 -0.90831 0.33053 -0.72648
3.7276 -8.7537 -1.8103 0.92335 1.2397 1.3078 1.1898 -0.41637 -0.15965 0.033174 -1.4485 0.35484 -0.49443
3.8999 -9.6464 -1.5013 1.371 1.1323 1.5998 0.84308 -0.68261 -1.0951 -0.1427 -0.74789 0.75778 0.06237
3.9306 -9.8264 -1.9378 0.8931 0.58692 0.99093 1.0703 -0.72731 -0.057603 0.50739 -0.97844 0.29518 -0.77954
3.5995 -8.6918 -2.5583 -0.17422 0.5492 1.071 1.0803 -0.42184 0.32114 0.89518 -0.46985 0.67053 -0.75509
3.5098 -7.4619 -1.216 1.219 -0.33798 -0.056876 0.37113 -1.2315 -0.48164 0.033166 -0.52727 1.1097 -0.25157
2.9787 -4.4814 -1.2211 -0.34181 -1.0915 -0.99495 -0.35986 -1.4216 -1.1848 0.22265 -0.5783 0.14257 -0.23152
3.4798 -4.3578 -1.4078 -1.8289 -2.2586 -0.73631 0.17522 -1.0333 -1.4658 -0.31602 -0.70766 0.1438 -0.32385
4.2027 -4.4225 -1.6749 -2.4869 -1.5207 -1.1314 0.55271 -0.46219 -1.4977 -0.42566 -0.70007 0.090091 -0.22734
4.5471 -4.9587 -0.92664 -2.0715 -1.8804 -1.3185 0.48646 -0.1189 -1.341 -0.081114 -0.56837 -0.1796 -0.2035
4.218 -4.4452 -0.62657 -1.8035 -2.7832 -2.0756 0.048506 -0.061144 -1.1323 -0.41605 -0.2288 -0.73205 -0.22651
3.5618 -3.8486 0.21955 -1.7475 -2.8 -2.8367 -0.45124 -0.59389 -0.54975 -0.59302 0.12448 -0.81313 -0.47892
0.43309 -2.9739 0.56612 -1.0066 -2.1412 -2.007 -0.033808 -0.89981 -0.25743 -0.034538 0.53327 -0.87463 0.0037534
