0.27113 -1.0441 1.6497 -2.5979 -2.5935 -2.1138 0.071897 -0.85944 -0.23806 -0.90427 0.019098 -0.21039 0.43926
0.84591 -1.4848 1.7718 -3.0053 -2.3918 -1.2155 -0.1685 -0.53199 -0.53402 -0.68412 0.3749 -0.88287 -0.037085
1.4562 -1.5403 0.87863 -3.3746 -2.396 -0.34637 -0.13955 -0.47935 -0.71505 -0.33877 0.29452 -0.8017 -0.49559
2.4675 -1.6807 -0.038424 -3.706 -2.2608 0.3962 -0.052566 -0.69076 -0.67873 -0.50855 0.33354 -0.38918 -0.56826
2.9234 -2.2059 -0.76513 -3.8321 -1.8583 0.63397 -0.9119 -0.89414 0.064483 -0.34182 -0.055898 -0.69624 -0.97088
4.0022 -3.5727 -1.1391 -3.8917 -1.6036 0.28562 -1.0766 -1.0741 0.58133 -0.15492 -0.72927 -1.2176 -0.88534
4.885 -5.0799 -1.3599 -3.5556 -1.5668 -1.0908 -1.0114 -0.20038 0.58751 -0.80534 -1.0065 -0.87866 -1.0123
5.7406 -5.9547 -1.1734 -2.8767 -1.6961 -1.698 -0.41534 0.53705 0.40724 -1.0389 -0.62895 -0.308 -0.85933
6.2847 -6.8508 -1.3734 -2.7464 -2.1715 -2.4099 -0.21632 0.37564 -0.25859 -1.3107 -0.85767 -0.80118 -1.3883
6.6183 -7.0814 -0.94146 -2.4545 -2.3439 -2.1529 0.3216 0.60688 -0.3106 -1.1936 -0.69936 -0.66455 -1.0252
6.9839 -7.1704 -0.72967 -2.5028 -2.1724 -1.7435 0.66278 0.40873 -0.12982 -0.97633 -0.60637 -0.37481 -0.72096
7.0903 -7.2759 -0.76903 -2.5125 -2.3719 -1.5759 0.88226 0.25675 -0.36485 -1.2322 -0.55052 -0.34269 -0.63416
7.2605 -7.3939 -0.80851 -2.4714 -2.2965 -1.3861 0.9924 0.10527 -0.26619 -1.11 -0.25584 -0.27656 -0.59133
7.3009 -6.8429 -0.42452 -2.1918 -2.1463 -1.3364 1.1295 0.10803 -0.45284 -1.26 -0.35788 -0.3598 -0.54828
7.3612 -6.3763 0.21287 -1.5795 -1.542 -0.79101 1.6073 0.12134 -0.56565 -1.0734 0.032281 -0.064093 -0.18951
7.5215 -7.4241 -0.92232 -2.3245 -1.9896 -1.2375 1.3421 0.002537 -0.42727 -0.84953 -0.10338 -0.28528 -0.20005
6.9822 -7.2903 -1.9499 -2.7171 -2.1883 -1.3711 1.263 -0.30285 -0.68722 -0.97816 -0.19845 -0.27393 -0.071729
5.5833 -5.8097 -2.8297 -2.6366 -2.4699 -1.2531 0.70327 -0.99599 -1.2167 -1.1927 0.038664 0.41453 0.25248
4.5557 -4.9755 -2.1442 -2.7488 -1.9984 -1.2283 0.45919 -1.5485 -1.584 -0.93118 -0.13452 0.65817 0.39212
4.2199 -6.1168 -0.8503 -2.4783 -2.3869 -0.81509 0.43684 -0.95469 -1.7175 0.10292 -0.26259 0.83917 0.35937
4.46 -8.0706 -0.027946 -1.4775 -2.438 -0.29951 0.50408 -1.12 -0.93014 -0.16233 -0.74933 0.17184 0.032797
4.5896 -9.1773 -0.38258 -1.6899 -2.0831 0.65781 0.57978 -0.64815 -1.209 -0.65279 -0.74787 0.48306 0.26165
4.2279 -8.8093 -0.17213 -1.1337 -1.7377 0.88025 0.4586 -0.18437 0.027005 0.15745 -0.55046 0.097098 -0.13872
4.3751 -8.6962 0.19392 -1.3937 -1.032 0.98635 1.2362 0.07668 -0.25793 -0.22123 -0.43008 0.45596 -0.7125
4.1858 -9.1102 0.504 -0.86237 -1.317 0.99273 1.1045 -0.12292 -0.0052717 0.33062 -0.58621 0.16432 -0.094172
3.9204 -8.0009 0.43761 -1.1792 -1.2779 0.56914 0.80315 0.33799 -0.57803 -0.28802 -1.0232 0.22712 -0.027522
3.5847 -9.1165 -0.2047 -0.98668 -1.3996 1.3331 1.6304 0.56842 0.1507 0.60497 -0.24903 0.62984 0.060707
3.4259 -8.9319 0.019626 -1.4907 -2.0443 1.194 0.84135 0.18111 -0.23533 -0.13672 -0.61626 0.87843 -0.021672
2.9677 -7.7543 0.087351 -1.4301 -2.7111 -0.77752 0.38637 -0.3332 -0.81873 -0.051317 -0.26464 1.1394 0.37207
3.6233 -5.6124 0.946 -2.3258 -2.7997 -1.2341 -0.17061 -0.62372 -0.91842 -0.25515 -0.59217 1.5107 0.536
3.9716 -5.6414 0.25162 -3.0748 -3.3136 -1.3731 -0.23641 -1.0608 -0.40078 0.04818 -0.27954 1.6127 0.57043
4.1405 -5.4193 -0.009696 -1.97 -2.9942 -2.0972 -0.018185 -1.6962 -0.22514 -0.70972 -0.74834 0.9458 -0.15574
4.5129 -5.7286 -0.44139 -1.6404 -3.5475 -1.9573 0.15571 -1.77 0.019201 -1.228 -0.28689 0.79393 0.40832
4.9961 -6.8154 -0.36785 -1.7855 -3.9493 -2.0415 -0.31868 -1.6904 0.31442 -1.1743 0.08783 1.0405 0.91084
4.7935 -6.3986 0.20471 -1.6464 -3.6092 -1.1445 -0.11849 -1.5272 0.12423 -1.1125 0.18703 1.2185 1.5418
4.3858 -6.3892 0.56739 -1.0283 -2.6738 -1.7125 -0.017764 -1.2187 -0.4296 -0.60688 0.26452 1.0781 1.7465
3.706 -6.3778 -0.095801 -1.953 -2.556 -2.5999 -0.26098 -1.1668 -0.62919 -0.5077 1.0554 1.5559 1.6976
1.9718 -4.8411 0.66232 -1.202 -1.8316 -2.2644 -0.69126 -1.122 -0.85374 -1.2254 0.25827 0.81641 1.0261
1.1386 -3.5606 -0.08758 -1.1478 -3.0798 -1.7681 0.095499 -1.4031 -0.43257 -1.3142 -0.036793 0.85992 1.6013
0.34445 -3.4282 0.58396 -1.3499 -2.11 -1.898 -0.38103 -1.0921 -0.040888 -1.013 -0.19572 0.57815 1.2893
0.31995 -3.0483 0.89006 -1.5707 -2.1828 -1.0757 -0.51269 -1.1761 -0.25629 -0.99892 -0.23211 0.71159 1.0168
-0.23463 -3.5208 1.083 -1.1757 -1.994 -1.8476 -0.86578 -1.4136 -0.2854 -0.84333 -0.15149 0.3064 0.38774
-1.0246 -2.9098 0.62407 -0.87675 -1.8273 -1.3363 -0.23573 -1.686 0.036752 -0.45581 0.049876 -0.17637 0.72903
