-1.7901 -2.9798 0.31995 -0.76181 -0.52541 -0.86219 0.059399 -0.29386 0.16452 0.87713 1.6592 0.31805 0.6117
-3.3071 -2.6732 0.45859 -0.50591 -0.72776 -0.63039 0.17215 -0.36714 -0.35509 -0.18392 0.70246 -0.0091494 0.26527
0.40021 -2.1786 0.78441 -1.1492 -1.5065 -1.1455 0.099037 -0.86386 0.49203 -0.35756 0.27905 -0.041546 0.57628
1.0659 -2.3233 0.82127 -1.9816 -2.0331 -1.6967 -0.019971 -1.1121 0.43665 -0.39639 -0.027734 -0.21502 0.77112
1.4767 -2.3489 1.0023 -2.0379 -1.7644 -1.6883 -0.12648 -0.72523 0.0028869 -0.38649 -0.27794 0.049718 0.81361
1.7515 -2.5218 0.83674 -2.2634 -1.8695 -2.049 -0.18781 -0.99208 -0.15601 -0.70729 -0.51097 0.23673 0.62665
1.9045 -2.3906 1.2218 -2.3625 -1.6611 -1.6853 -0.21385 -0.5048 0.081277 -0.73642 -0.17164 0.68132 0.87543
2.2055 -2.4174 1.5477 -2.7224 -2.0379 -1.6464 0.15399 -0.6036 -0.51852 -0.81387 -0.10074 0.62368 0.83588
2.5971 -2.5376 1.3701 -2.959 -2.0077 -1.6742 -0.27536 -0.55462 -0.24042 -0.97404 -0.42429 0.63208 0.97087
2.8313 -2.3531 1.1812 -3.737 -2.0418 -0.96481 -0.20677 -1.1567 -0.51747 -0.25139 -0.13037 0.70518 0.30182
3.1077 -2.6234 0.21935 -3.8695 -1.4541 -0.32522 -0.97743 -0.83559 -0.85053 0.27442 0.53133 0.055194 -0.50498
3.5385 -3.3013 -0.70347 -4.2391 -0.99724 -0.1675 -2.0256 -0.43351 0.12157 0.24519 -0.77368 -0.66469 -0.33417
4.3857 -3.759 -1.1911 -3.199 -0.79348 -0.49484 -1.8723 0.91495 0.70104 -0.76527 -0.95709 0.22805 -0.016183
5.1454 -5.5643 -2.3113 -2.6122 -1.5682 -0.93228 -0.98376 1.1801 -0.55694 -1.331 -0.74387 0.078386 -0.81047
5.1977 -5.8224 -2.4226 -2.2376 -2.1296 -0.86417 -0.52396 1.1053 -1.2863 -1.0257 -0.22104 -0.39197 -1.075
5.319 -6.5313 -2.4235 -2.116 -2.6411 -0.81154 -0.20071 0.55475 -1.6153 -0.78374 -0.481 -0.71648 -0.87126
5.4585 -6.59 -2.0399 -1.8195 -2.538 -0.42852 0.24035 0.54864 -1.3647 -0.50898 -0.47402 -0.6189 -0.42325
5.6719 -6.9613 -2.1197 -1.8867 -2.7099 -0.11797 0.46213 0.32209 -1.449 -0.37249 -0.67125 -0.72123 -0.54397
5.7896 -6.9191 -2.2108 -1.8267 -2.8868 -0.14957 0.44612 0.11801 -1.4565 -0.25627 -0.5576 -0.52275 -0.42582
5.7279 -6.4259 -2.2437 -1.6148 -2.7772 -0.023657 0.37658 0.11531 -1.3176 -0.043289 -0.43792 -0.22218 -0.3302
5.6962 -6.4524 -2.555 -1.7456 -2.9739 -0.054744 0.55576 -0.1942 -1.5205 -0.43246 -0.56395 -0.57664 -0.62567
5.6127 -6.6455 -2.6577 -1.9074 -2.4427 0.0056292 0.68188 -0.36068 -1.423 -0.47649 -0.6278 -0.52053 -0.72368
5.5486 -6.228 -2.6966 -2.0216 -2.3342 0.0032329 0.73258 -0.28324 -1.2616 -0.32631 -0.58288 -0.28724 -0.78989
5.57 -6.5874 -2.8072 -2.2187 -2.5665 -0.0060079 0.65275 -0.43212 -1.4288 -0.37604 -0.70525 -0.46994 -0.74252
5.5692 -6.1257 -2.6636 -2.0722 -2.3362 -0.024254 0.88479 -0.46782 -1.1138 -0.20133 -0.4348 -0.20331 -0.4243
5.5733 -6.4789 -2.7338 -1.9969 -2.0667 0.30126 1.1876 -0.32951 -1.0186 -0.14013 -0.45872 -0.39067 -0.54646
5.4892 -6.5787 -2.8761 -2.3322 -2.2598 0.018416 0.85507 -0.50215 -1.1465 -0.33123 -0.55521 -0.28196 -0.41196
5.4046 -6.5884 -3.1422 -2.3955 -2.1771 -0.036482 0.79764 -0.60268 -1.2127 -0.2265 -0.50371 -0.30994 -0.56454
5.2837 -6.6174 -3.3495 -2.3225 -1.938 0.053541 0.51383 -1.1769 -1.5021 -0.25257 -0.41439 -0.20532 -0.60831
4.9866 -5.7106 -2.9676 -2.2267 -1.7589 0.35375 0.52546 -1.1173 -1.432 -0.31753 -0.31013 -0.17392 -0.50248
4.4213 -5.3777 -2.8194 -2.8581 -1.433 0.14344 0.25739 -1.3797 -1.6387 -0.21955 -0.44384 -0.017419 -0.63161
3.4301 -5.3212 -1.6445 -1.8342 -1.2337 0.47332 0.54415 -1.4169 -1.6038 0.055867 -0.76784 -0.051521 -0.74676
2.1285 -5.5824 0.056747 -2.3782 -1.1376 1.3387 0.31833 -1.1035 -1.2004 -0.15549 -0.2952 -0.021623 -0.722
3.0679 -9.2617 -1.4098 -2.2001 0.3067 1.6179 0.57131 -0.86476 -0.71614 0.84689 0.24166 0.1547 -0.38384
3.1868 -8.7032 -1.2143 -2.2351 0.22442 1.1231 -0.10458 -0.97182 -0.59443 1.3197 0.46755 0.63783 -0.52343
3.0198 -7.7712 -1.1534 -3.5348 0.1503 1.524 0.42811 0.29633 -0.63463 0.78788 0.12477 0.96341 -0.26775
2.5863 -8.1054 -0.81755 -2.6448 0.3957 1.6831 0.7445 0.050431 -1.177 0.14562 -0.11925 0.89989 0.74862
2.9415 -8.1854 -0.38221 -3.1301 -0.16828 1.6722 0.033287 0.24406 -0.75445 -0.17613 0.17344 1.3383 0.0078561
2.2657 -8.171 -0.44089 -2.8664 -0.92835 1.3301 0.36442 0.0083015 -0.602 -0.034243 0.38051 1.3183 -0.15824
1.4371 -8.3455 -0.11577 -1.754 -0.65504 0.93069 1.1605 0.64362 -0.094961 0.048338 0.61839 0.98217 0.24679
-0.095545 -5.8839 0.3748 -1.0785 -0.37337 1.0156 0.68587 0.26047 -0.55568 0.28301 0.16576 0.68661 -0.0079903
0.78017 -3.0613 0.74038 -1.6628 -1.4055 -0.59437 -0.38133 -0.82285 -0.52213 -0.41169 -0.76257 -0.43318 0.37959
2.4341 -3.9801 0.75681 -2.2134 -2.9315 -0.58623 0.30067 -0.93165 -0.593 -0.40777 -0.3988 -0.33541 0.30563
3.1473 -4.291 0.63818 -2.2093 -3.4279 -1.017 0.24991 -0.99854 -0.27785 -0.40127 -0.57554 -0.28722 -0.39494
3.4895 -5.2882 0.076807 -2.5341 -4.2618 -1.6644 -0.69534 -1.4954 -0.35596 -0.58364 -1.0195 -1.1333 -0.95911
3.4119 -4.9821 0.17897 -1.9571 -3.8012 -1.5068 -0.48107 -0.96301 0.27557 0.057811 -0.63035 -0.30467 -0.19077
3.4168 -5.5449 0.83841 -1.3567 -3.9422 -1.8171 -0.87829 -0.76357 0.69825 -0.197 -0.68001 -0.047855 -0.33369
3.2439 -5.3187 1.2202 -0.86951 -3.5622 -1.8482 -0.6309 -0.51122 0.45709 -0.14663 -0.53154 -0.055355 -0.56768
2.7974 -5.1305 0.94739 -1.1102 -3.2796 -1.6173 -0.81555 -0.81113 0.33887 0.022423 -0.69431 0.061114 -0.42981
1.684 -4.8069 0.2149 -0.98668 -2.6098 -2.155 -1.3041 -1.7255 -0.20637 -0.33356 -0.54942 -0.4462 -0.3765
-0.56435 -2.863 0.71622 0.051121 -0.81948 -0.90427 -0.65975 -1.4416 -0.082619 -0.30831 0.29217 -0.060791 -0.2269
