0.68357 -1.196 0.73745 -2.0002 -2.1974 -1.4069 0.70452 -1.4977 -0.48007 -0.49004 1.4533 -0.41175 -0.037154
2.628 -0.85363 -0.91712 -3.5404 -1.7372 -1.262 -0.13975 -2.1367 0.22568 0.49861 0.86917 -1.2699 -1.1673
3.9268 -1.5344 -2.1991 -3.969 -1.0301 -1.3096 -1.5799 -1.0722 1.5419 -0.099071 -0.6829 -1.0136 -0.90132
4.2814 -2.6611 -3.6359 -2.4319 -0.77025 -1.7376 -0.79101 0.27166 0.80946 -1.0636 -0.89149 0.51208 -1.131
5.0615 -4.8236 -3.876 -2.3312 -2.2921 -2.0558 0.3308 -0.026124 -0.5935 -1.4187 -0.34848 -0.30776 -1.5302
5.6766 -4.6377 -2.7341 -1.7537 -2.4188 -1.2174 1.5399 -0.016515 -0.28989 -0.97663 -0.41862 -0.51904 -0.18357
6.0017 -5.6101 -3.2514 -2.4118 -2.9094 -0.9957 1.4138 -0.55151 -0.37954 -1.1759 -0.86766 -0.66518 -0.1041
6.0372 -5.7201 -2.9404 -2.4457 -2.951 -0.53946 1.2398 -0.78 -0.27678 -1.2552 -0.88166 -0.80346 0.062827
6.1399 -6.4207 -3.0626 -2.8144 -3.1449 -0.63787 1.1528 -0.87883 -0.33623 -1.2681 -0.62014 -0.48395 0.37102
6.2208 -5.8831 -2.691 -2.4545 -2.8182 -0.2571 1.0987 -1.0276 -0.49997 -1.5079 -0.62684 -0.68629 0.38735
6.0046 -5.941 -3.111 -2.5762 -2.697 -0.16521 0.94204 -1.0488 -0.61069 -1.4643 -0.33316 -0.33264 0.69986
6.0589 -5.6567 -2.9079 -2.5625 -2.8882 0.037609 0.92559 -1.0061 -0.61 -1.3831 -0.38209 -0.4209 0.91457
5.6171 -5.039 -3.3463 -2.9228 -2.8505 -0.17079 0.80375 -1.3756 -0.86096 -1.0264 -0.23928 -0.15382 1.0254
4.7697 -4.3872 -2.6503 -2.7748 -2.6675 0.24326 0.45521 -1.558 -1.1202 -1.1 0.21637 -0.027219 0.42742
3.8953 -4.0708 -1.9815 -2.424 -2.0713 0.36132 0.19017 -1.2794 -0.58215 -1.7876 -0.26954 0.013505 0.2596
3.4052 -5.3079 -1.4846 -1.9955 -1.8456 0.40654 -0.35586 -1.9276 -0.79097 -0.87411 -0.52753 -0.52115 0.4042
4.0211 -8.0997 -0.78278 -1.1643 -0.92377 1.177 0.045382 -1.7366 -0.87427 -1.3536 0.33319 0.90057 0.66594
4.7142 -8.3003 -0.40259 -0.8829 -0.29293 2.3447 0.35533 -0.85983 0.072014 -0.29292 0.26659 0.43129 0.15363
4.5921 -9.6686 0.069806 -1.2043 0.37726 2.7257 0.81102 -0.56936 0.57725 0.28677 0.74962 1.5825 0.28984
5.1208 -9.0427 0.037 -1.2465 0.61162 2.4282 0.8236 -0.085238 0.39272 -0.21425 -0.17667 1.2 -0.13378
5.1198 -9.1316 1.2662 -0.62014 0.28687 1.6782 0.47458 1.0414 0.76083 -0.3408 -0.50552 0.60945 0.10976
5.551 -10.015 0.7919 -1.5199 -0.10218 1.7355 0.54426 -0.53519 -0.71991 -1.2787 0.27067 0.76621 -0.45161
5.6462 -9.5209 1.1453 -1.343 0.91775 2.0658 0.078775 -0.36917 -0.38884 -1.0308 -0.60513 0.20882 -0.50185
4.9361 -9.2295 0.58409 -1.4374 0.084549 2.3993 0.32013 -0.061915 0.28902 -0.19757 0.16569 0.77198 -0.068743
4.4455 -8.5329 0.64193 -1.7157 -0.5477 2.705 0.19308 -0.94653 -0.47993 -0.072421 0.24934 0.61258 0.33959
4.0641 -7.3993 0.93932 -1.617 -1.171 1.8715 0.93431 -0.57446 -0.31156 -0.52499 0.62304 0.5309 -0.65414
3.2882 -5.9588 1.2609 -1.2441 -1.7298 0.69417 0.25806 -1.408 -0.61524 -0.79683 0.34597 0.76625 0.49516
2.721 -3.5995 -0.22301 -1.9816 -2.5588 0.0077915 -0.27976 -1.2254 0.16292 -0.55812 0.41155 0.55268 0.83597
3.6093 -4.5873 -1.4005 -2.2396 -3.259 -0.9538 -0.077295 -0.91926 0.18384 -1.0111 0.55717 0.57622 1.0614
4.0441 -3.6487 -1.2847 -1.7942 -3.4383 -0.52091 0.36237 -1.1622 0.074907 -1.2526 -0.024372 -0.15319 0.85651
4.0342 -4.515 -1.4979 -2.3146 -3.7533 -1.1345 0.37127 -1.0876 0.48749 -0.6588 0.39305 0.18794 1.3941
3.7248 -4.4766 -1.0882 -1.5852 -3.8242 -1.3816 0.20399 -1.1528 0.36331 -0.96212 0.052846 -0.17554 1.0894
3.114 -4.5983 -0.30524 -1.2829 -3.7009 -1.3386 0.19943 -1.5639 0.47049 -0.71906 0.31984 -0.31576 1.1475
1.7446 -4.0453 -0.045745 -0.84972 -3.2078 -1.7096 -0.49759 -1.8064 -0.028858 -1.363 0.66583 -0.0080715 0.85105
