1.1065 0.86949 1.5712 -0.9482 -0.99852 -0.32636 0.38646 -2.4379 -0.85129 -0.58491 0.66108 0.10992 0.46928
1.7201 0.8168 1.2127 -1.3301 -1.0299 -0.49669 0.12627 -2.3066 -1.3175 0.027654 0.70502 0.29692 0.15251
2.4765 0.74559 0.27155 -1.4669 -1.534 -0.29896 -0.14839 -2.3376 -0.78457 0.66293 0.95453 0.051642 -0.053153
2.703 0.34417 -0.71046 -1.3622 -1.2209 -0.39229 -0.96259 -1.486 -0.15005 1.0436 0.33756 -0.96483 0.11504
3.6181 -0.25298 -1.3656 -1.7345 -1.0337 -0.39763 -1.5184 -0.035467 -0.12335 1.3977 -0.38131 -1.0186 -0.072106
4.2624 -1.1791 -1.7803 -1.2272 -1.4296 -1.1233 -1.1731 0.54479 0.43307 1.2479 -1.3535 -1.0413 0.26503
3.9962 -1.3379 -2.0619 -0.90793 -1.3683 -1.1847 -1.0714 0.9088 0.18074 0.46449 -1.5106 -0.6289 0.58247
4.08 -1.1457 -2.7653 -0.65934 -1.5312 -0.9145 -0.88318 1.2967 -0.19086 0.01996 -1.0743 -0.73737 0.66578
4.3636 -2.0052 -2.9375 -0.88292 -1.6394 -0.81236 -0.75241 1.4991 -0.5319 -0.18836 -1.0663 -0.66814 0.35454
4.4024 -1.2942 -3.0506 -0.89822 -1.4894 -1.1533 -0.30147 1.4666 -0.19434 -0.56375 -0.58349 -0.6383 0.33529
3.7471 -0.45684 -2.0252 -1.3896 -1.3684 -1.0966 0.0010519 1.6187 -0.34846 -1.3474 -0.31326 -0.38592 0.27238
2.3888 -1.5453 -1.0706 0.16911 -1.96 -0.46713 0.34733 0.81326 -0.079657 -1.2423 -0.17636 -0.85849 -0.047042
2.1703 -3.4904 -1.673 0.040962 -1.1467 0.5764 1.4974 0.83379 -0.041214 -1.3136 -0.41397 -0.19964 -0.10976
2.0577 -4.3581 -2.5666 0.053513 -1.4453 0.22923 1.2419 0.75298 -0.70335 -1.7099 -0.24254 0.10168 0.27105
2.0226 -5.279 -3.2669 -0.17185 -0.29358 0.49917 1.5639 0.90368 -0.071817 -1.0378 -0.57479 -0.04037 -0.25929
2.1195 -6.7722 -2.5115 -0.12959 -1.0022 1.2983 2.1856 1.2773 0.79537 -0.82949 -0.19368 -0.29741 0.077866
1.8525 -5.4064 -2.6251 -0.10945 -0.63353 1.242 2.2442 1.8347 0.51628 -0.84473 -0.037218 -0.24327 -0.60163
2.6232 -3.4677 -2.4753 0.50064 -1.2179 0.6231 2.1119 1.6215 -0.043479 -1.7605 -0.63915 -0.10552 -0.50457
1.9329 -2.325 0.13445 1.5823 -1.8417 -1.2797 0.3882 0.56418 -0.34229 -0.91756 0.076932 -1.0021 -0.64522
2.1099 -0.74179 0.61824 -0.13881 -1.8945 -1.5703 -0.12526 1.2729 -0.02437 -1.4129 0.10449 -0.65794 -0.15639
2.1656 -0.79944 0.6424 -0.1574 -2.0546 -1.9326 0.14891 0.82797 -0.64062 -0.71216 0.47684 -0.74469 -0.25066
2.0272 -1.0211 1.0716 0.29485 -2.0524 -1.9285 -0.23593 -0.35318 -0.77728 -0.28526 0.42693 -0.17145 -0.58678
1.9196 -0.7881 2.2343 0.26111 -1.8077 -1.7892 -1.1433 -0.54894 -0.93639 -0.37305 0.54845 0.11004 -0.51908
-0.38556 -0.97949 2.587 0.9251 -0.72481 -1.3698 -0.88414 -0.95013 0.32159 -0.62967 0.39901 0.56149 -0.0077301
