2.2109 -2.1677 0.71728 -1.3599 -2.1565 -1.5306 -0.20109 -1.93 -0.2985 -0.98063 0.19143 -0.8003 -0.15675
2.9825 -1.5795 0.81012 -1.969 -1.606 -1.7537 -0.33201 -1.811 -0.45047 -0.74018 0.45258 -0.71956 0.1616
3.2461 -1.5505 0.61146 -2.0509 -1.2508 -1.6361 -0.13576 -1.3354 -0.96602 -1.0943 0.60785 0.04182 -0.14863
3.5541 -1.3624 0.29897 -2.805 -1.4536 -1.6231 -0.28949 -1.3795 -1.1665 -1.1969 0.52593 -0.24186 -0.21497
3.7219 -1.7747 -0.052906 -3.2337 -2.022 -1.3529 -0.56859 -2.4021 -0.75834 -0.76105 -0.055173 -0.9597 -0.23455
4.0278 -1.8686 -0.72171 -3.1406 -1.5683 -1.0445 -0.68513 -2.0803 -0.5832 -0.30411 -0.081341 -0.73047 -0.85446
4.2427 -1.6242 -1.3538 -3.2931 -1.0088 -1.4695 -0.82299 -1.1743 -0.06274 -0.54672 -0.44276 -1.48 -0.24796
4.8803 -2.4377 -2.1623 -2.7446 -1.4576 -1.5559 -1.0152 -0.75156 0.39604 -0.9172 -1.476 -1.108 -0.090855
5.432 -2.5662 -2.8695 -2.4878 -1.6887 -1.2705 -0.72356 -0.3455 0.29448 -1.7595 -1.318 -0.66059 -0.085876
5.3061 -2.5554 -2.5152 -1.9397 -1.0901 -1.0249 -0.093302 0.35262 -0.13829 -1.4505 -0.57276 -0.2426 0.068294
5.4738 -3.579 -3.2956 -2.5394 -1.6462 -1.8452 -0.64958 -0.22824 -1.123 -2.0359 -1.0817 -0.4169 -0.55313
5.5646 -3.6385 -3.388 -2.1829 -1.775 -1.358 0.056537 -0.39955 -1.2205 -1.5597 -0.67994 -0.21417 -0.69593
5.6674 -3.3955 -3.3893 -1.9152 -1.3411 -1.3942 0.47811 -0.15437 -1.2148 -1.2577 -0.53695 0.062517 -0.24119
5.6499 -3.0235 -3.6758 -2.0471 -1.4416 -1.452 0.50871 -0.29821 -1.2623 -1.3195 -0.57977 0.012035 -0.28183
5.0933 -3.1308 -3.2076 -2.1546 -0.68296 -1.3724 -0.010178 -0.24987 -1.3879 -1.2301 -0.52224 -0.12621 -0.62731
4.515 -2.6882 -2.6047 -1.9988 -0.5765 -0.72722 -0.22901 -0.77332 -1.1034 -1.2242 -0.37907 0.028401 -1.035
3.5771 -3.5048 -1.5777 -1.5379 -0.83708 -0.11128 0.32932 -0.99673 -1.6222 -1.0598 -0.6924 -0.64601 -0.94852
3.5876 -4.678 -2.0532 -0.27893 -0.53007 -0.11158 0.068375 -1.6835 -1.746 -0.8817 -0.4081 -0.3647 -1.2096
2.7614 -5.605 -1.7761 -0.20321 -0.015725 0.99608 0.042219 -0.7289 -1.5136 -0.91373 0.33825 -0.39175 -0.9553
2.9441 -7.4314 -2.7119 -0.875 -0.91298 0.59435 0.43274 0.37377 -1.0957 -0.31391 0.52122 0.050194 0.24221
3.1492 -8.2782 -2.9723 -0.7294 -1.1417 1.1197 1.3933 0.8137 -0.4014 0.85196 0.86368 0.032755 0.33745
2.4316 -8.7794 -2.7317 -0.55317 -0.14895 1.7063 1.2302 0.689 -0.45311 0.62145 0.012798 0.094496 0.29322
2.0245 -7.8769 -2.3343 0.52125 0.56562 0.63406 0.53796 -0.50733 -0.95628 -0.080985 0.097641 0.30917 0.32008
2.0491 -7.5231 -2.4019 -0.55686 -0.30031 1.0925 0.2534 -0.39961 -0.90677 -0.018293 0.75059 0.16352 0.062828
1.9263 -8.4197 -2.5469 -0.65065 -0.18135 0.53683 0.78772 0.22446 -0.28454 0.44783 0.75959 -0.46887 0.04209
1.5944 -7.4008 -2.7729 -0.66025 -0.86192 0.50124 0.97595 -0.23415 -1.0145 0.16631 0.58007 0.22365 0.18085
1.7224 -5.0121 -0.74666 0.33142 -1.3724 -0.47874 0.17047 -0.55402 -1.3444 -0.78193 -0.045522 -0.33999 -0.61573
3.042 -2.9311 -0.28897 -2.0121 -2.1201 -1.0589 0.48761 -1.2897 -0.9677 -1.1331 -0.5182 -1.0244 -0.29345
3.8178 -3.3537 -1.4505 -1.6037 -1.9736 -1.5397 -0.09781 -0.62632 -0.59038 -0.64056 -0.68921 -1.0131 -0.3888
3.9546 -3.7615 -1.5984 -0.76474 -2.5286 -2.0402 -0.45784 -0.58437 -0.30361 -0.73645 -0.46564 -1.0701 -0.66771
4.0117 -4.0317 -0.79628 -0.48593 -2.7872 -2.724 -0.81467 -0.77753 -0.29711 -0.90949 -0.25678 -0.97672 -1.2097
3.7859 -3.6217 -0.12894 -0.43091 -2.7352 -3.4437 -1.0019 -1.2028 -0.15717 -0.89417 0.29327 -0.83572 -0.56049
2.5852 -3.0375 0.29545 -0.3293 -1.6947 -2.5192 -1.1724 -1.3629 -0.43115 -0.32263 0.43804 -1.1334 -0.32031
1.1004 -3.1126 0.58457 0.09464 -0.83199 -0.97648 -0.80234 -1.6345 -0.17758 -0.3126 0.3244 -0.36385 -0.52911
0.77771 -3.4003 0.29287 -0.014932 -0.46061 -0.56366 -0.54363 -1.2483 -0.1349 -0.33314 -0.017187 -0.50351 -0.94136
