-0.68779 -0.74251 2.0981 -0.40077 -1.6383 -1.4242 -0.80478 -2.1505 0.11422 -1.0252 -0.27076 -0.10081 -0.57895
0.72223 0.58094 2.6344 -1.3193 -2.3089 -1.6099 0.073162 -1.3389 -0.22072 -0.58933 0.15159 -1.1353 0.40147
0.65047 0.3524 3.1437 -1.0227 -2.3613 -1.4517 0.29145 -1.463 -0.61953 -1.2441 0.15857 -0.065516 0.13142
0.52083 -0.32918 2.7204 -0.62578 -1.1847 -1.3311 -0.14428 -1.4694 -0.68048 -0.96032 0.10914 0.030907 0.49254
0.46858 -0.1539 2.0154 -0.47008 -1.2497 -1.2171 -0.45215 -1.7827 -0.22745 -1.1018 0.42496 -0.38879 -0.031084
0.76793 0.064376 1.7361 -1.082 -1.6289 -1.4268 -0.124 -1.7948 -0.41967 -1.2362 0.30011 -0.33167 -0.31736
1.4668 0.37692 1.9173 -1.9771 -1.9867 -1.2516 -0.030373 -1.3465 -0.84469 -1.183 -0.1375 -0.1471 0.23889
2.4729 1.2638 1.4893 -2.6198 -1.8709 -0.80636 -0.46734 -1.5855 -0.83536 -0.64389 0.059005 -0.12977 0.39241
3.5384 1.5543 0.69655 -3.964 -1.7089 -0.34034 -1.0179 -1.9269 -1.0619 0.084445 0.12993 -0.13835 -0.39143
3.7681 0.63731 -0.44524 -4.2681 -1.1803 -0.50885 -1.4037 -1.8759 -0.49439 0.3548 -1.0146 -0.37457 -0.74904
4.529 -1.0068 -0.83713 -4.175 -1.1818 -0.87892 -1.9862 -1.2015 0.45555 -0.14868 -1.9293 -0.61965 -0.70855
5.2653 -2.1948 -1.2942 -3.2752 -1.2456 -1.7377 -1.1703 -0.52631 0.66531 -0.68785 -2.219 -0.21247 -0.7949
5.4442 -2.8235 -1.5274 -2.8493 -1.9693 -1.7862 -0.51734 -0.33669 0.18252 -1.129 -1.8029 -0.1411 -0.98806
5.397 -3.0452 -0.93524 -2.4873 -1.7548 -1.2539 -0.29568 0.25022 -0.13214 -0.64628 -1.5775 0.36136 -1.0666
5.3348 -3.4419 -1.0396 -2.1335 -2.1699 -1.2796 -0.083668 0.1244 -0.44694 -0.57808 -1.4619 0.2392 -0.90466
5.2807 -4.041 -1.6593 -2.4457 -2.6853 -1.4926 -0.0039613 -0.44008 -0.77365 -1.0665 -1.5136 -0.48464 -1.0991
5.3305 -4.3992 -1.6808 -2.2316 -2.9316 -1.3013 0.3302 -0.48819 -0.89566 -0.92835 -1.5601 -0.54111 -1.1457
5.4011 -4.1482 -1.4939 -1.9314 -2.4745 -1.3467 0.90418 -0.40073 -0.67105 -0.81184 -1.2979 -0.34942 -0.96613
5.3151 -4.5655 -1.6074 -1.9488 -2.5048 -1.5239 0.82595 -0.53903 -0.87178 -0.98219 -1.4613 -0.5058 -1.2732
5.3922 -4.7626 -1.8094 -1.8489 -2.6371 -1.407 0.93791 -0.14535 -1.0221 -0.76392 -1.4072 -0.41881 -1.0091
5.4958 -4.6288 -2.2712 -1.8377 -2.9564 -1.3376 0.9207 -0.42425 -1.2959 -0.96858 -1.2993 -0.33525 -0.87155
5.4527 -4.6517 -2.1398 -1.9043 -2.6855 -1.2651 1.2318 -0.72953 -1.3156 -1.0475 -1.18 0.11071 -0.55778
5.1385 -3.9919 -1.9899 -1.3577 -2.7006 -1.019 1.1098 -0.67147 -1.4732 -0.87007 -1.212 0.3618 -0.43315
4.5331 -4.1693 -2.1244 -1.7727 -3.2752 -1.3131 0.56939 -1.0997 -1.5663 -1.1822 -1.3197 0.22109 -0.59847
3.6422 -3.4162 -1.905 -1.126 -2.8407 -0.96137 0.45319 -1.384 -1.6201 -0.86586 -0.83488 0.23445 -0.56783
2.6014 -3.6628 -1.736 -1.1034 -2.5481 -1.2101 0.11382 -1.7875 -1.6071 -1.019 -1.5716 -0.11834 -0.84812
2.1709 -4.963 -1.2047 -0.73025 -2.1418 -0.059991 0.81518 -1.3812 -1.7926 -0.59405 -1.4175 0.24038 -0.74708
2.4838 -6.2085 -0.33315 -0.47972 -1.0025 1.027 1.7818 -1.1351 -1.1175 -0.28988 -0.92558 0.54368 0.19733
3.0134 -6.1471 0.36614 -0.84495 -1.985 1.3848 1.9602 -0.71773 -0.76832 0.2072 -0.9747 0.94846 0.38953
3.0889 -7.8178 -0.22388 -0.36694 -1.8525 1.5203 1.673 -0.54985 -0.028844 0.91175 -0.48921 0.75061 -0.15849
2.9982 -8.0981 -0.68748 0.051059 -1.4891 1.8236 1.9709 -0.83368 -0.81182 0.0083626 -0.29486 0.9227 -0.31023
2.5198 -7.4084 -0.66724 -0.59817 -1.8527 1.2844 1.5172 -0.71047 0.014845 0.072186 -0.62351 0.81906 -0.69086
2.2297 -7.7427 -1.0848 -0.7278 -2.336 1.315 2.0526 -0.4297 -1.3544 0.071737 -0.14123 1.1373 -0.41665
1.728 -4.7072 0.14551 -0.80361 -2.7084 -0.75739 0.19934 -1.8934 -1.4957 -0.085928 -1.3286 -0.053432 -0.29961
2.5301 -3.6878 0.0016621 -0.34402 -2.7651 -0.92824 0.13854 -1.2627 -0.81861 -0.2538 -0.65478 0.41714 -0.40503
3.6373 -4.6725 -1.4771 -0.90302 -4.1429 -2.1844 0.19429 -1.1824 -1.1583 -0.17808 -0.6195 0.9082 -0.1053
4.0444 -4.0483 -1.3603 -0.91379 -3.8299 -1.9391 0.5483 -1.2437 -0.90354 -0.10095 -0.58073 0.36432 -0.49226
3.8036 -4.3059 -1.8718 -1.452 -3.382 -2.8745 0.32724 -1.0946 -0.54582 -0.091012 -0.18902 0.48264 0.29882
1.671 -1.8651 -0.10502 -0.50785 -2.2073 -3.1206 0.22629 -1.2452 -0.40786 0.014584 0.045147 0.028171 -0.39307
-0.54262 -2.4168 0.44855 -1.1457 -1.5106 -1.3395 -0.072635 -1.5134 0.15115 -0.5475 -0.18271 -0.45814 0.76263
