0.41102 -1.5018 0.99297 -1.7958 -1.7665 -1.5478 -0.19749 -2.194 -0.41585 -0.34868 0.7742 -0.61545 -0.37859
-0.020542 -1.8223 0.88814 -1.4729 -1.1084 -0.98725 -0.079444 -1.7607 -0.82883 -0.58613 0.88262 -0.066915 -0.62428
0.13149 -1.7606 1.2828 -0.92739 -1.7182 -1.1292 0.073397 -1.8964 -0.15558 -1.1096 0.15746 -0.55451 -0.44479
0.23084 -1.9328 1.1753 -0.67247 -0.98922 -0.78528 -0.28558 -1.7848 0.14629 -0.92896 -0.34982 -0.24023 -0.52591
0.76093 -1.3367 0.91271 -1.1326 -1.4924 -0.98659 0.33191 -1.262 -0.084691 -1.1564 0.1632 -0.5678 -0.6764
1.3858 -1.0552 0.30387 -2.1178 -0.89613 -0.90854 -0.3586 -1.7832 -0.3296 -0.2937 0.15696 -0.76084 -0.75373
2.0177 -0.63266 -0.37433 -2.9519 -0.5672 -0.82061 -0.5731 -1.9388 -0.34089 -0.089168 -0.11617 -0.72915 -1.1944
2.4248 -0.80717 -1.005 -3.1805 -0.82429 -0.38392 -0.78308 -1.7455 0.145 -0.25065 -0.53526 -0.89393 -0.71047
3.0828 -0.7546 -2.2149 -3.2544 -0.4297 -0.35214 -1.3205 -0.82194 0.56851 -0.75024 -1.147 -0.35834 -0.38465
3.7366 -1.5414 -2.7193 -3.6542 -0.50684 -0.92651 -1.4479 0.095181 0.0024903 -1.5521 -1.1334 -0.038954 -0.83775
4.7047 -1.682 -3.6451 -2.5691 -0.77351 -0.98101 -0.61693 0.57852 -0.20719 -1.6035 -0.83922 0.2272 -1.044
5.0283 -2.9947 -3.6433 -2.1098 -1.5748 -0.91361 -0.22068 0.56921 -0.6436 -1.5967 -0.68469 0.028642 -1.2765
5.2279 -3.6667 -3.8595 -2.1007 -1.9716 -0.91338 -0.25722 0.68801 -1.2761 -1.567 -0.94651 -0.1762 -1.6921
5.3027 -3.1413 -4.3374 -1.8206 -1.9543 -1.0308 0.12817 0.40135 -1.116 -1.6338 -0.64876 -0.095891 -1.646
5.2146 -2.8143 -4.3108 -2.2765 -1.4505 -1.2677 -0.072855 0.63387 -1.6713 -1.3619 -0.52797 -0.45506 -1.3044
5.0234 -3.0752 -3.5235 -2.6621 -1.3314 -0.54615 -0.65118 0.42361 -1.6623 -1.6714 -0.20828 -0.5339 -1.2409
4.3761 -3.3412 -3.4532 -1.8985 -2.0119 -0.069723 -0.56938 -0.83805 -1.6085 -1.3835 -0.41159 0.17538 -1.2236
2.9881 -2.7101 -1.8336 -1.8265 -1.6736 0.18931 0.3601 -1.0251 -2.2129 -1.4713 0.16766 -0.23735 -0.56806
2.22 -4.1818 -1.8091 -1.2487 -1.313 0.41659 0.088137 -0.85519 -2.1213 -1.9802 -0.63987 -0.13544 -0.67908
2.2327 -5.1711 -2.258 -1.0552 -1.1597 0.777 0.64589 -0.3022 -1.4225 -1.3437 -0.92837 -0.39438 -0.97252
2.8166 -5.6279 -3.5048 -1.0882 -1.1592 1.1783 1.2909 -0.31688 -1.9858 -1.1686 -0.48494 0.030235 -0.18758
2.2379 -6.456 -3.1128 -1.4266 -1.625 0.92169 1.0704 -0.27227 -1.4777 -0.54698 -0.3343 0.45239 -0.14962
2.1774 -5.7735 -3.4972 -1.2979 -1.2668 1.6531 1.2594 0.53659 -0.18353 -0.31372 0.29622 0.13281 -0.17429
2.0456 -7.2365 -2.9177 -1.0336 -2.0474 0.87544 1.1219 -0.31033 -0.50798 0.017727 0.44977 0.7601 -0.35314
1.7602 -7.3019 -3.688 -1.3317 -1.3124 1.4145 1.3634 0.21608 -0.22578 0.54401 0.77173 0.30285 -0.50628
1.5897 -6.5634 -2.7748 -0.10466 -0.91667 0.97464 1.0997 -0.2222 -1.1371 -0.30105 0.098017 0.50916 -0.0050808
1.2732 -5.3796 -1.6862 -0.99986 -1.6377 1.055 0.95769 -0.19224 -1.4956 -0.97562 0.13468 0.43141 0.19117
1.5983 -4.9413 -1.6561 -1.5171 -2.2323 -0.23915 -0.40605 -0.93407 -1.9058 -1.7883 -0.74361 0.10952 -0.74901
1.5879 -3.6693 -0.77641 -1.17 -1.6696 -0.53826 -0.66033 -1.3303 -1.4992 -1.307 -0.16346 -0.11287 -0.34931
2.3085 -3.3524 -0.27072 -1.3142 -2.6495 -0.42572 0.051794 -1.15 -1.4163 -1.2075 -0.27615 0.091274 -0.31634
2.7377 -2.9331 -0.40845 -2.2151 -2.3869 -0.99458 0.049471 -1.0771 -1.4721 -0.82736 0.17343 -0.26345 -0.34308
3.02 -2.9856 -0.83512 -2.1534 -2.461 -1.7499 -0.34122 -1.168 -1.1025 -0.59381 0.32339 -0.63478 -0.13563
2.9418 -3.1432 -0.12079 -2.1935 -2.6906 -2.0832 -0.49819 -0.68792 -1.3168 -0.2652 0.28484 -1.0187 0.28757
2.0205 -2.4609 0.55485 -1.3425 -2.7316 -2.1863 -0.56667 -1.1639 -0.50966 -0.8206 0.25395 -0.6412 0.62946
0.76931 -2.4728 0.65081 -0.61034 -1.5999 -1.8039 -0.77687 -1.7138 -0.53358 -1.275 0.079904 -0.18066 0.27608
