1.4844 -2.9462 0.27653 -1.3815 -1.9835 -1.7665 -0.39681 -1.4914 -0.57892 -0.8636 0.29466 -0.62789 -0.043357
1.6686 -2.9977 0.27372 -1.4766 -1.721 -1.3987 -0.042331 -1.4474 -0.45039 -0.79285 0.21183 -0.87761 -0.54051
1.9561 -2.743 0.53073 -1.4899 -1.6517 -1.392 0.16232 -1.3991 -0.30405 -0.77767 0.29204 -0.92765 -0.7237
2.4481 -2.6568 0.6525 -1.3433 -2.1611 -1.6941 0.22 -1.7125 -0.9314 -0.75513 1.1923 -0.99467 -0.69233
3.1228 -2.7248 -0.30945 -2.1009 -1.5023 -1.5095 -0.19413 -1.4973 -0.51924 -0.4682 0.89318 -0.88077 -0.82902
3.7093 -2.0389 -0.39512 -2.8681 -1.7628 -1.3293 -0.024864 -1.6223 -0.011078 -0.20744 0.81682 -1.0812 -0.53531
3.8342 -2.6073 -1.0459 -3.4768 -1.3507 -1.0029 -0.75686 -1.238 0.39611 -0.10087 -0.37894 -1.1284 -0.53791
3.9334 -3.377 -1.3365 -3.1768 -1.7808 -1.0702 -1.2555 -0.25855 0.19241 -1.1483 -1.1181 -0.74027 -0.19323
4.5727 -4.0446 -1.9558 -2.6292 -2.063 -1.0475 -1.0004 0.27863 0.037324 -1.3257 -0.7777 -0.65624 -0.49573
5.0885 -4.0199 -2.1968 -2.0228 -2.0851 -0.89857 -0.48352 0.7201 -0.029412 -1.6497 -0.55391 -0.36555 -0.58687
5.656 -4.7527 -2.7467 -2.0699 -2.4735 -1.1699 -0.56257 0.56704 -0.61044 -1.7834 -0.64741 -0.45077 -0.70981
6.0514 -4.8608 -2.5575 -2.0131 -2.489 -0.77811 -0.24775 0.79255 -0.79244 -1.6564 -0.59418 -0.6448 -0.44853
6.4889 -5.4947 -2.622 -2.2766 -3.0668 -0.98263 -0.51203 0.79585 -1.2731 -1.4346 -0.56426 -0.52484 -0.37424
6.7293 -5.9682 -2.778 -2.6172 -3.299 -1.1868 -0.68695 0.59977 -1.5357 -1.5253 -0.59107 -0.8147 -0.55522
6.8278 -5.3646 -2.3312 -2.2712 -2.4834 -0.61386 -0.12906 0.86323 -1.3706 -1.2912 -0.36197 -0.74846 -0.34089
6.8177 -5.0679 -1.7884 -1.7425 -2.0627 -0.10049 0.30756 1.2439 -1.4978 -1.1662 0.0024551 -0.2491 -0.095784
6.842 -5.2653 -2.592 -2.0565 -2.5038 -0.38879 -0.095073 0.91344 -1.6035 -1.2547 -0.10502 -0.35231 -0.09141
6.8549 -4.9989 -2.0147 -1.6558 -1.9053 0.090363 0.36183 0.86064 -1.639 -1.1268 0.11777 -0.10566 0.09466
6.7873 -4.7882 -2.5025 -1.6561 -2.0026 0.16968 0.14857 0.64415 -1.6357 -1.0356 0.39538 -0.019015 0.24378
6.2217 -4.3525 -3.011 -1.8625 -2.0083 -0.20634 -0.033635 0.35581 -1.6569 -1.4535 0.27067 -0.46577 0.13484
4.5961 -4.3813 -2.4605 -1.7943 -0.83738 -0.30185 -0.058672 0.15109 -1.8373 -1.9774 -0.28889 -0.40439 0.50681
2.7985 -4.6057 -1.2064 -1.614 -1.6814 -0.17286 0.10825 -0.12494 -1.5861 -1.1639 -0.14395 -0.71761 -0.041876
3.5969 -7.293 -2.46 -0.90823 -1.1851 0.81095 0.9546 1.1226 -1.1493 -0.39139 0.76642 -0.77241 0.63831
4.2712 -8.6047 -3.3535 -0.67029 -1.2563 1.33 0.82927 0.45441 -0.53081 -0.2052 0.76156 0.49114 0.40024
3.8401 -9.1639 -2.8309 -0.54366 -1.5492 1.0477 0.74228 -0.23092 -1.0828 0.48008 0.85533 0.27791 -0.10043
3.7662 -9.3369 -3.5617 -0.71458 -0.92109 1.0521 0.63301 0.046734 -0.29137 0.12057 0.031603 0.10546 0.19822
3.4824 -9.1968 -2.7727 -0.13413 -0.46002 0.73126 0.52848 0.079187 -0.21635 0.65751 0.39321 1.1664 0.19883
3.5129 -9.0978 -2.443 -0.17305 -1.7146 0.6433 1.0068 0.0988 -0.90868 0.08542 0.72063 0.31163 -0.14948
3.5598 -9.3011 -2.3815 -0.2009 -1.8284 0.71777 0.32729 -0.14493 -0.93946 0.66762 1.1772 -0.18091 -0.00020719
3.462 -8.7847 -2.9654 -0.07894 -1.7523 0.84212 0.92782 0.12399 -0.95961 0.28139 0.83469 0.12634 0.95192
2.9121 -9.4715 -3.3376 -0.28302 -0.034733 2.2717 0.81325 0.4926 -1.2065 -0.68896 0.42592 0.55564 0.74041
2.2267 -8.2434 -3.0007 -0.065095 -0.89384 1.0723 1.2039 0.62111 -0.77455 -0.1887 0.68451 -0.031658 0.79755
1.0584 -5.8955 -1.582 -0.28052 -0.23405 1.0081 0.66306 -0.29454 -1.1036 -0.57857 0.20251 -0.066751 0.283
2.6294 -2.6884 -0.69444 -1.9232 -1.4031 -1.3969 0.20746 -0.98063 -1.062 -1.8031 -0.062089 -0.28186 0.57167
4.2729 -4.0002 -2.1835 -2.3129 -1.6136 -0.94342 0.01377 0.030682 -1.4308 -1.3865 -0.06937 -0.56881 0.038082
4.0386 -4.2276 -1.8446 -2.3125 -1.8601 -1.4154 -0.83413 -0.28606 -1.1785 -1.5724 -0.2005 -1.0403 -0.63348
4.111 -4.5623 -1.8178 -2.1245 -2.2316 -1.698 -0.5438 -0.37288 -0.8926 -0.9706 -0.044074 -1.0083 -0.28618
4.0545 -3.8434 -0.78744 -1.6559 -1.9555 -1.7045 -0.56926 0.44249 -0.61591 -0.67453 0.23558 -1.104 -0.31011
4.1749 -4.361 -1.2051 -2.3297 -2.0508 -2.895 -1.061 -0.17697 -0.44344 -0.59027 -0.062989 -1.0266 -0.44809
3.9307 -3.9068 -0.19879 -1.973 -2.0841 -3.0992 -1.0083 0.077381 -0.67331 -0.44263 0.16051 -1.3858 -0.33448
2.5979 -3.6245 -0.02029 -0.95674 -1.9913 -2.031 -0.83717 -0.85837 -0.62163 -0.7967 -0.25813 -1.3944 0.056181
0.52701 -3.301 0.45924 0.01103 -0.4927 -0.49265 -0.65369 -1.501 -0.59069 -0.65644 0.021608 0.021631 -0.63442
0.20444 -3.7284 -0.26346 -0.55439 -0.39824 -0.69127 -0.91352 -1.1263 -0.51731 -0.60815 -0.68025 -0.56536 -0.69589
