1.6352 -2.011 0.35089 -1.6075 -1.6067 -1.3672 -0.16325 -1.7022 0.20186 -0.18728 0.58686 -0.8662 0.039519
2.7056 -1.8718 -0.74639 -2.5402 -1.5187 -1.5696 -0.026013 -1.5836 0.27714 -0.25314 0.9277 -0.87926 -0.60762
3.0667 -2.2138 -1.3664 -2.9099 -1.5116 -1.4667 -0.27554 -1.5469 0.42966 -0.17777 0.38242 -1.0921 -0.95603
3.074 -2.6024 -0.93813 -3.134 -1.2459 -0.9632 -0.93338 -0.81566 0.79532 -0.4768 -0.94221 -0.56951 0.24266
3.3836 -2.661 -1.4434 -2.1311 -1.4715 -1.1691 -0.90735 0.30335 0.72611 -1.0262 -0.85022 -0.43175 -0.19539
3.914 -2.9504 -1.5843 -1.8764 -2.2325 -1.1286 -0.66639 0.79079 -0.090301 -1.2003 -0.37693 -0.38948 -0.53247
4.5498 -4.1244 -1.9919 -2.2457 -2.6139 -1.4802 -0.54143 0.48499 -0.81232 -1.4325 -0.7211 -0.91995 -1.1561
5.0297 -4.1306 -1.8756 -2.0805 -2.2065 -1.3733 -0.1419 0.89164 -0.83126 -1.2281 -0.71685 -0.79155 -1.1424
5.2678 -4.3826 -2.2011 -2.2531 -2.4809 -1.09 -0.28425 0.91609 -0.99427 -1.0853 -0.58451 -0.86295 -0.93239
5.4493 -4.7951 -2.225 -2.5979 -2.3838 -1.0099 -0.36744 0.87 -1.1062 -1.2695 -0.67425 -0.79806 -1.1921
5.5369 -4.9681 -2.3149 -2.6434 -2.5074 -1.062 -0.45607 0.78597 -1.2328 -1.3536 -0.64413 -0.7391 -1.1733
5.629 -4.539 -2.2047 -2.2465 -2.0852 -0.65623 -0.22781 1.1251 -1.0209 -1.0647 -0.43296 -0.57346 -0.86947
5.7656 -4.911 -2.5835 -2.4207 -2.1612 -0.64911 -0.33952 0.99844 -1.173 -1.116 -0.46119 -0.69518 -0.81667
5.7796 -5.1659 -2.7642 -2.3182 -2.3053 -0.52334 -0.66717 0.53057 -1.3814 -1.2806 -0.37665 -0.5881 -0.78674
5.8237 -4.9359 -2.8628 -1.9464 -1.8521 -0.038759 -0.38914 0.65812 -1.3016 -1.3198 -0.038637 -0.48816 -0.3869
5.5989 -5.116 -3.5099 -2.3691 -2.1855 -0.46702 -0.49696 0.19041 -1.3026 -1.3612 0.064501 -0.382 -0.28287
5.0936 -4.5275 -3.6332 -2.1779 -2.2566 -0.61147 -0.74218 -0.41704 -1.485 -1.8251 -0.18772 -0.83423 -0.78094
4.1697 -3.5744 -3.087 -1.364 -1.5056 -0.36947 -0.31239 -0.37727 -1.0868 -1.557 -0.049361 -0.36966 -0.57955
2.8303 -3.5067 -2.3839 -2.1914 -0.59227 -0.16586 0.08528 -1.0631 -1.7027 -2.0596 -0.35675 -0.23812 -0.75336
1.3608 -4.7111 -1.1835 -0.85304 -0.6794 0.26432 0.070486 0.21227 -1.2084 -1.3218 0.12463 -1.0603 -0.39167
1.9791 -6.825 -2.6502 -0.5819 -0.86822 0.42593 0.03891 -0.24276 -0.67634 -0.079793 0.41788 -0.60539 -0.219
3.2848 -7.5549 -3.1338 -0.88384 -0.7594 1.4461 0.22407 -0.28805 -0.85752 -0.2162 0.88056 0.1258 -0.32899
3.3777 -8.3252 -2.7113 -0.37437 -0.87189 1.0764 -0.060129 -0.012641 -0.93658 0.0040401 0.68818 -0.096568 0.52692
3.2182 -7.5295 -1.9459 -0.7751 -1.1413 1.7325 0.53949 0.42067 -1.2708 0.51773 1.0982 0.47929 0.64153
3.0191 -7.7577 -3.144 -0.30963 -0.9079 0.73573 0.66135 0.27214 -0.69462 -0.19235 0.76361 0.17309 -0.0013876
3.0649 -7.8731 -2.3668 0.12076 -1.211 1.0222 0.42363 0.34029 -0.90915 -0.133 1.0658 0.55805 0.024258
2.9527 -8.6335 -3.4061 0.056477 -0.34632 1.8568 0.50029 0.0054861 -0.64713 -0.24416 0.88926 0.5781 0.21572
2.6348 -7.2267 -3.2762 -1.1787 -0.20114 1.5091 0.01456 -0.0099945 -0.3258 0.16331 1.0391 0.78041 0.22554
1.7496 -7.1528 -2.9416 -0.91248 -0.3377 1.2845 0.63448 0.044413 -0.65915 -0.2441 1.073 0.51351 -0.13555
1.3387 -5.9828 -1.8648 -1.2124 -0.75461 1.4381 0.7306 -0.30369 -0.59174 -0.52509 0.75674 0.48993 -0.39021
1.6376 -3.9351 -1.2045 -1.146 -1.1317 -0.64006 -0.2718 -1.172 -1.89 -1.3393 0.38157 0.16458 -0.64211
3.2427 -3.1941 -2.2534 -2.4627 -1.5096 -1.2692 0.076683 -0.49642 -1.0539 -1.8646 -0.1026 -0.072244 0.51481
3.7421 -3.7817 -2.5725 -2.5643 -1.5223 -1.5899 -0.34661 -0.17867 -1.1355 -1.913 -0.52863 -0.13491 -0.066255
3.5798 -4.1939 -2.4588 -2.5492 -2.0997 -1.8633 -0.45478 -0.3187 -1.0672 -1.8559 -0.40587 -0.32497 -0.35552
3.2928 -4.1668 -1.9331 -2.4182 -2.0323 -1.8325 -0.47795 -0.086739 -0.87017 -1.5005 -0.21496 -0.36842 -0.3886
3.0309 -3.4807 -1.5966 -1.996 -1.9652 -1.8818 -0.37453 -0.25491 -0.57938 -1.3962 -0.12267 -0.58427 -0.31463
3.135 -3.8423 -1.3396 -2.0002 -2.2241 -2.2563 -0.70843 -0.27118 -0.4968 -1.1232 0.087554 -0.70727 -0.033821
3.1642 -3.5026 -0.90221 -2.0112 -2.3026 -2.601 -1.2121 -0.18611 -0.4261 -0.87879 -0.20108 -0.86145 -0.080723
2.6763 -3.2665 -0.016244 -1.3046 -2.2688 -3.344 -1.3053 -0.12168 -0.41324 -0.76478 0.24787 -0.92405 -0.024289
0.21595 -3.0829 0.38697 0.0041016 -0.87849 -1.086 -0.79017 -1.0359 -0.2572 -0.78434 -0.34372 -0.4691 -0.28213
