0.63476 -3.143 0.26844 -0.68324 -0.9187 -0.90453 -0.70134 -1.6422 0.084035 -0.56566 -0.47856 -0.3548 -0.19933
0.78276 -2.8169 0.7303 -0.57215 -1.2778 -0.98936 -0.27579 -1.828 0.16634 -0.74155 -0.15073 -0.51688 -0.57061
1.3507 -2.7689 0.46246 -1.6458 -1.7404 -1.4472 -0.2628 -2.1602 -0.43149 -0.77012 0.11859 -0.93475 -0.98127
2.0515 -2.1589 0.11704 -2.1492 -1.5979 -1.5632 -0.074731 -1.6964 -0.21996 -0.44233 0.58404 -0.98774 -0.59323
2.7141 -1.5913 -0.33825 -2.4081 -1.5574 -1.5053 0.33908 -1.6384 0.42883 -0.46768 0.54598 -1.1076 -0.21403
2.9522 -2.0226 -0.38801 -3.1815 -1.5142 -0.74215 -0.15254 -1.2836 0.52841 -0.27526 0.077126 -1.3539 -0.65149
3.0204 -2.4512 -0.65206 -3.3689 -1.7867 -0.70688 -0.82683 -1.2766 0.46785 -0.21872 -0.44054 -1.2118 -0.076595
3.3465 -2.9783 -1.1075 -3.0809 -1.6342 -0.99513 -1.1859 -0.18841 0.64693 -1.0105 -0.93768 -0.71371 -0.22878
3.8683 -3.6427 -2.2053 -2.4747 -1.9366 -1.311 -0.79825 0.51633 0.36489 -1.5166 -0.68735 -0.53114 -0.59626
4.4472 -4.1762 -2.97 -2.4376 -2.7484 -1.6656 -1.0032 0.2894 -0.26302 -2.1171 -0.80484 -0.42933 -1.1376
4.5344 -3.6949 -2.0695 -1.626 -2.1991 -0.88028 -0.044849 0.71484 -0.25318 -1.4337 -0.25462 -0.25739 -0.55487
4.6365 -4.3462 -2.4986 -2.0258 -2.3968 -1.1282 0.034596 0.3569 -0.67816 -1.5231 -0.39398 -0.43534 -0.60969
4.9801 -4.6424 -2.4719 -2.0733 -2.4559 -1.1493 -0.1011 0.49197 -1.1818 -1.5634 -0.46001 -0.54562 -0.53139
5.2051 -5.1067 -2.5044 -2.3765 -2.5589 -1.2586 -0.049993 0.4277 -1.261 -1.5523 -0.3152 -0.5667 -0.54395
5.335 -4.6054 -2.0929 -2.1186 -2.3764 -0.76199 0.24401 0.4364 -1.2761 -1.2187 -0.06961 -0.36813 -0.55324
5.493 -5.2949 -2.7029 -2.4888 -2.4197 -0.94823 -0.10336 0.59445 -1.6686 -1.2923 -0.29354 -0.44164 -0.39271
5.5503 -4.9157 -2.4282 -2.0062 -2.017 -0.39545 0.034113 0.56325 -1.6189 -1.2779 -0.2909 -0.34021 -0.50917
5.6213 -4.4454 -2.6373 -1.934 -1.8103 -0.29984 0.095502 0.68087 -1.358 -1.1036 -0.10286 -0.17611 -0.15035
5.6843 -4.5673 -2.603 -1.9447 -1.4517 -0.20651 0.13805 0.63351 -1.4893 -1.3332 -0.12408 -0.15587 -0.10542
5.673 -5.1822 -3.3772 -2.4877 -1.7944 -0.77183 -0.42954 0.018954 -1.9471 -1.542 -0.1598 -0.3309 -0.30616
5.324 -4.4835 -3.2383 -2.2126 -1.7498 -0.22972 -0.22828 -0.090016 -1.7121 -1.5291 -0.095333 -0.096533 -0.3527
4.4138 -3.8715 -2.9663 -1.5297 -1.5518 -0.45036 0.047037 -0.62259 -1.3058 -1.5529 -0.2396 -0.16442 -0.23508
2.8598 -3.9356 -2.3061 -0.61605 -0.70181 0.0063788 0.47527 -0.23737 -2.1208 -1.9911 -0.056976 -0.15274 -0.073657
2.7173 -6.4489 -3.1221 -1.378 -0.33498 1.5979 0.93652 -0.037283 -1.1637 -0.49947 0.20885 0.32492 -0.10728
2.2991 -7.4666 -2.8173 -0.66854 -0.89607 1.3603 1.6058 0.63375 -1.0183 -0.24253 0.58321 0.42345 0.40259
2.2721 -7.3106 -2.3961 -0.35631 -0.56312 1.3514 0.64132 0.57274 -0.49138 0.14555 0.88356 0.45789 0.34147
1.9836 -7.4485 -1.5801 -0.12344 -0.30526 1.5112 0.48425 -0.28329 -0.70017 0.15611 -0.20339 -0.40193 0.11987
1.8424 -7.6839 -2.9003 -1.0373 -0.51638 1.9189 1.4272 0.7214 0.084046 0.49575 0.44156 0.40609 -0.20559
1.9038 -7.9118 -2.8275 -1.2538 -0.59881 1.1234 0.94123 1.1496 -0.17201 -0.022583 0.72369 0.46382 -0.062513
1.7831 -8.0759 -1.9566 -0.42135 -0.94978 1.3699 1.2084 0.44592 -0.71834 -0.65549 0.41139 -0.086594 -0.2093
2.4597 -8.5683 -2.9495 -0.026837 -0.86139 0.81277 1.0559 0.46251 -0.72667 0.27118 0.25443 -0.029287 0.55166
1.2749 -7.5548 -3.5516 -0.82945 -1.0227 0.48951 1.4505 0.72293 -0.019703 -0.17508 0.65933 0.83815 0.58532
0.57017 -5.6167 -2.3087 -0.84569 0.2894 0.66822 0.57717 0.08498 -1.311 -0.47098 0.50359 0.6585 0.47581
0.25337 -4.0133 -0.72371 -0.14467 -0.4265 -0.10081 0.25928 0.14788 -1.1403 -1.0859 0.012174 0.21354 -0.11678
2.8045 -2.167 -1.6084 -2.4898 -1.4286 -1.7605 0.39739 -0.3105 -0.78142 -1.4936 -0.016868 -0.40485 0.076225
3.4851 -3.8355 -2.3941 -2.2533 -1.5543 -1.3546 -0.039754 0.034676 -1.1227 -1.9856 -0.37758 -0.50225 0.14802
3.604 -3.7719 -2.0486 -2.0606 -1.6163 -1.5479 -0.17089 0.15058 -0.86106 -1.7892 -0.22132 -0.52046 -0.030054
3.4952 -4.0443 -1.6559 -1.9543 -1.8733 -1.7497 -0.27626 0.33488 -0.97691 -1.6015 -0.33891 -0.41733 0.13002
3.3528 -3.9047 -1.3827 -2.2305 -1.9302 -1.9113 -0.34972 0.057639 -0.98534 -1.4387 -0.25916 -0.7143 -0.11337
3.4812 -3.8455 -1.3887 -1.7147 -1.9013 -1.9876 -0.38754 -0.0063785 -0.74473 -1.3303 -0.3413 -0.98865 -0.33345
3.4883 -3.7601 -1.548 -2.2674 -2.1932 -2.8391 -0.64194 -0.23169 -0.47984 -1.3902 -0.0073229 -0.74142 -0.50026
3.129 -3.3713 -0.015753 -1.9162 -2.1998 -3.2242 -0.67633 0.34357 -0.63782 -0.62208 0.54787 -0.80547 0.13611
1.4199 -3.26 0.034821 -1.2464 -1.9187 -1.9316 -0.8562 -1.3842 -0.17034 -1.0231 -0.42633 -0.633 -0.0096677
-0.09998 -3.2947 0.36845 0.069237 -0.40014 -0.60649 -0.9491 -1.5543 -0.27244 -0.53895 -0.17606 0.15525 -0.057232
-0.45693 -3.7276 -0.033832 -0.27652 -0.26953 -0.4555 -0.69981 -1.186 -0.57764 -0.60623 -0.37054 -0.13073 -0.43848
