0.34017 -2.2961 0.46547 -1.4446 -1.1459 -1.0765 0.19616 -0.66383 -0.0039785 -0.49294 0.32547 -0.14063 0.21013
1.4331 -1.9771 0.60443 -1.828 -1.761 -1.3213 0.7234 -0.52324 -0.16856 -0.51673 0.72945 -0.33518 0.025809
1.8969 -1.4123 0.30325 -1.9982 -1.7712 -1.1839 0.93982 -1.1052 -0.34233 -0.76962 0.59231 -0.34047 -0.19892
2.3727 -1.4577 -0.0022037 -3.0069 -1.7312 -1.068 0.54798 -1.0839 -0.54444 -0.5678 0.62652 -0.77408 -0.44232
2.9378 -1.3227 -0.91986 -3.6609 -1.0039 -1.0481 -0.0087575 -0.79188 -0.5021 -0.16509 0.24218 -1.0688 -0.71694
3.6075 -1.8317 -1.8194 -3.5883 -0.84614 -0.49723 -0.15862 -1.1817 -0.12553 0.28824 -0.75032 -0.61983 -0.95915
4.0224 -2.8323 -2.3215 -3.6153 -0.60929 -0.26511 -0.81977 -1.0324 -0.097659 -0.1615 -1.5108 -0.19942 -0.56372
4.4069 -2.9185 -2.7827 -2.6978 -0.047728 -0.2635 -0.59458 -0.1926 -0.35847 -0.054553 -1.1797 0.015827 0.07153
4.6447 -3.6268 -2.9553 -2.3555 -0.3955 -0.29115 -0.53338 -0.14003 -0.3554 -0.86167 -0.7504 0.15666 -0.27832
4.8814 -3.6445 -3.5628 -2.0435 -0.80519 -0.38858 -0.76452 -0.18326 -0.70627 -1.2142 -0.65036 -0.035804 -0.34901
5.0847 -4.3195 -3.1771 -2.1684 -0.5803 -0.52424 -0.59682 -0.001346 -1.0875 -1.155 -0.39969 -0.0090287 -0.52847
5.2827 -4.4312 -3.4186 -2.0457 -0.63827 -0.59607 -0.66061 -0.24627 -1.0594 -1.4184 -0.29965 -0.022923 -0.75159
5.4203 -4.8307 -3.4754 -1.9773 -0.65967 -0.52404 -0.6498 -0.40399 -1.0639 -1.553 -0.28288 0.018515 -0.75838
5.4675 -4.5939 -3.2864 -1.7276 -0.44397 -0.15332 -0.61938 -0.18606 -1.0568 -1.2152 -0.098224 0.085968 -0.76167
5.3345 -4.4381 -3.4409 -1.5797 -0.43175 -0.12033 -0.60113 -0.3278 -1.1914 -1.2415 -0.15826 -0.017487 -0.81022
4.8849 -3.9115 -3.6437 -1.7432 -0.4883 -0.14526 -0.80923 -0.37999 -1.4496 -1.1502 -0.1947 -0.13939 -0.9824
3.9078 -3.1584 -2.6528 -1.7794 -0.035632 0.096981 -0.33524 -0.72299 -1.1299 -1.2983 -0.15205 0.26355 -1.2636
1.736 -2.9267 -1.1241 -0.88322 0.89328 0.036714 -0.37986 -0.72827 -1.4178 -0.82409 -0.56704 -0.062254 -0.59838
1.4616 -3.9006 -1.233 -0.27551 0.36556 -0.019406 -0.36376 -0.36501 -1.5497 -0.80553 0.13756 -0.2262 -1.1397
1.7976 -5.1266 -1.7316 -0.11942 0.51868 0.87082 0.56617 -0.43249 -1.1597 -0.45311 0.4438 0.15687 -0.32127
1.4808 -5.9689 -2.6415 -0.89762 0.53847 0.52105 0.048381 -0.39298 -0.70259 0.21429 0.78276 0.35131 -0.2948
0.92402 -5.6906 -2.1411 -0.82608 -0.31383 0.94086 0.66806 -0.40989 -0.708 -0.31356 0.31077 0.18831 -0.0082629
0.99712 -5.801 -2.213 0.042636 0.35497 0.91189 0.58174 0.6056 -0.5081 -0.30677 0.0016971 0.11796 -0.35859
-0.2201 -4.2171 -1.0958 -0.81454 1.1443 0.44821 -0.049421 0.34462 -0.75736 -0.081556 -0.2174 -0.0067387 -0.78981
2.7754 -2.5436 -2.4778 -1.8154 -0.40159 -0.49433 0.052389 -0.93902 -1.198 -1.1198 -0.60242 -0.037506 -1.0958
3.9619 -3.2109 -2.7747 -1.8912 -0.69417 -0.7829 0.056592 -0.44405 -1.2397 -1.1956 -0.28861 0.29325 -1.1763
4.2635 -3.8908 -2.8624 -1.5824 -1.3235 -0.84903 0.40608 -0.37004 -1.028 -1.71 -0.27044 -0.010431 -1.3688
4.1075 -4.1012 -2.8035 -1.6684 -1.5175 -1.1106 0.15124 -0.016519 -0.87363 -1.5379 -0.17868 -0.22418 -1.1045
3.8957 -3.9768 -2.7334 -1.7733 -1.8372 -1.7966 0.0072362 -0.15728 -0.73696 -1.6544 -0.48155 -0.44306 -1.4664
3.3541 -3.8022 -1.6673 -1.5355 -1.7196 -1.8634 -0.045078 -0.12262 -0.54107 -1.2084 -0.0025452 -0.4367 -0.96369
2.393 -3.0098 -0.63115 -1.5889 -1.0444 -1.9845 -0.57577 -0.39925 -0.36653 -1.1249 0.35364 -0.67974 -0.77464
