1.6212 -2.058 0.3744 -2.0043 -1.8661 -1.6285 0.51121 -0.38659 -0.20466 -0.88311 0.3733 -0.4734 0.40495
2.1573 -1.2453 0.29982 -2.7905 -1.9862 -1.6776 0.94962 -0.74272 -0.61287 -1.0105 0.64332 -0.798 0.26054
2.4569 -1.1873 0.24257 -3.1922 -1.868 -1.0594 0.75981 -0.9062 -0.78716 -0.83355 0.85125 -0.81629 -0.033524
3.1764 -1.2696 -0.54838 -4.1942 -1.633 -0.54667 0.088064 -1.4928 -0.71046 -0.095216 -0.29595 -0.53577 -0.71534
3.877 -1.5515 -1.5086 -4.1019 -1.0443 -0.46513 -0.38783 -1.2261 -0.34403 0.33937 -0.80858 -0.73456 -0.79329
4.2767 -2.1562 -2.0176 -3.6561 -0.2653 -0.10919 -0.41073 -0.87857 0.1437 0.34917 -1.1278 -0.21669 -0.38385
4.6935 -2.7528 -2.9892 -2.8871 -0.39113 -0.33617 -0.79591 -0.39766 -0.21112 -0.25431 -1.3101 0.24144 -0.38089
5.0014 -3.6707 -3.8952 -2.6192 -0.97713 -0.87662 -0.91328 -0.50168 -0.85152 -0.89396 -1.3853 -0.0049879 -0.58793
5.3023 -4.1855 -3.7335 -2.3048 -0.91867 -0.86186 -0.689 -0.14766 -1.0434 -0.95102 -1.1059 0.28161 -0.86767
5.3579 -4.269 -3.7519 -2.0706 -0.98816 -0.74048 -0.50678 -0.026772 -0.98961 -1.0489 -0.74933 0.39322 -0.8676
5.3447 -4.2035 -3.9434 -1.6547 -1.0218 -0.71471 -0.17888 0.15587 -1.0047 -0.9595 -0.67648 0.33738 -0.77204
5.2117 -4.1678 -4.2572 -1.7897 -1.3265 -1.0617 -0.35258 -0.21472 -1.0989 -1.4714 -0.9826 0.10463 -0.98637
5.1206 -3.9451 -4.2489 -1.5999 -1.2067 -0.95776 -0.2847 -0.068704 -1.0529 -1.3133 -0.54342 0.13175 -0.74899
4.3948 -2.9906 -3.6035 -1.4646 -0.66544 -0.73678 0.12242 0.089915 -1.028 -1.1367 -0.20447 0.31436 -0.70196
3.586 -2.9893 -2.8053 -1.4821 -0.96991 -0.50074 0.088188 -0.67431 -0.96086 -1.4326 -0.07891 -0.049834 -0.71406
1.8998 -2.3211 -1.2524 -1.5502 -0.14976 -0.85381 0.10468 -0.67865 -1.6021 -0.706 0.31837 -0.43209 -1.3093
1.2849 -3.895 -1.1405 -0.18121 1.2234 0.69504 0.23116 -0.90715 -1.7872 -0.84843 0.07598 -0.096295 -1.3313
1.1116 -4.5002 -1.7389 0.30039 0.98878 0.0039993 0.26115 -0.098775 -1.2172 -0.541 0.42432 -0.10479 -0.69708
0.46207 -6.0891 -2.2617 -0.33822 0.20022 1.307 1.4984 0.08296 -0.50889 0.10032 0.58805 -0.15586 -0.40362
0.74137 -4.9238 -1.6889 -0.8066 0.41907 0.78579 1.3637 0.19948 -1.3008 -0.24109 0.36158 0.58013 -0.69843
0.61884 -5.0458 -2.6372 -1.8962 0.18352 0.65295 1.0218 0.26671 -0.4763 0.36501 0.36076 0.51148 -0.38452
-0.56692 -4.2255 -1.5917 -1.1635 0.027936 0.56458 0.98995 0.19624 -0.63184 -0.15135 0.34602 0.12567 -0.1556
0.91268 -2.8514 -0.22111 -1.1065 -0.78493 -0.65215 0.13833 -0.31139 -1.2716 -1.3985 -0.10169 -0.35754 -0.85497
3.2362 -2.195 -2.0701 -2.2792 -0.82509 -0.78266 0.23292 -0.15298 -0.86294 -1.5626 0.0061696 -0.051909 -0.81588
4.0297 -3.4175 -2.867 -1.8097 -1.4341 -0.94412 0.20974 0.12802 -0.66398 -1.3821 -0.29244 0.10149 -0.94533
3.8467 -3.4036 -2.7656 -1.5452 -1.5917 -1.1698 0.24213 0.26774 -0.47797 -1.5998 -0.19996 -0.44331 -1.0282
3.5861 -3.5664 -2.2792 -1.8716 -1.5972 -1.4156 -0.19292 0.24831 -0.50122 -1.4053 -0.28852 -0.35702 -1.1915
3.1211 -3.7251 -1.6695 -1.4783 -2.0385 -2.0542 -0.4806 -0.013313 -0.73019 -1.4391 -0.14167 -0.57114 -1.027
2.3364 -3.2359 -0.2338 -0.89418 -1.901 -2.624 -0.46659 -0.2286 -0.94286 -1.3131 0.59828 -0.38854 -0.62595
