0.90816 -2.8819 0.22833 -1.4786 -1.658 -1.4354 -0.43183 -1.3999 -0.19288 -0.5668 0.22915 -0.17263 -0.50343
2.588 -2.182 -0.18556 -2.3784 -1.8365 -1.555 0.19043 -1.2629 -0.65421 -0.70283 0.77951 -0.48591 -0.4281
2.9322 -2.1344 -0.33134 -2.91 -1.9077 -1.47 -0.011386 -1.2265 -0.53664 -1.1347 0.28701 -0.30287 -0.39247
3.1544 -2.3973 -1.0245 -3.376 -1.9233 -1.2376 0.064387 -1.6806 -0.73452 -0.76899 -0.21762 -0.82461 -0.67196
3.2488 -2.3529 -0.68214 -2.8565 -1.3558 -0.555 0.26064 -1.5599 -0.15558 -0.34528 -0.61634 -1.1833 -0.69667
3.9462 -1.9664 -1.7828 -3.3438 -0.91954 -0.72921 -0.64964 -0.98297 0.30019 -0.83841 -1.1285 -0.73536 -0.52968
4.6286 -2.3292 -2.7664 -3.3725 -0.47556 -0.78064 -0.85532 -0.61455 0.09312 -0.92303 -1.2839 -0.12591 -0.31579
4.6272 -2.9985 -3.2926 -3.1644 -1.4211 -1.2026 -0.59823 -0.93966 -0.37688 -1.7712 -1.1799 -0.15769 -0.97631
5.3362 -3.4905 -4.0333 -2.7612 -1.2688 -1.3161 -0.7721 -0.16649 -0.57129 -1.6848 -1.1396 0.31382 -1.0596
5.1528 -4.2814 -3.7719 -2.4291 -1.7625 -1.2474 -0.43712 -0.39323 -0.8488 -1.3709 -0.94236 0.099254 -0.82175
5.8627 -4.3608 -4.1418 -2.4344 -1.4156 -1.3282 -0.33213 -0.13701 -0.93306 -1.4857 -0.92741 0.067321 -1.3884
5.972 -4.7774 -3.7191 -1.9985 -1.8187 -0.99052 -0.42117 -0.36415 -1.1598 -1.1816 -0.77518 0.33888 -1.081
6.2889 -4.8045 -4.242 -1.7998 -1.8648 -1.0251 -0.31827 -0.20596 -1.0323 -0.9584 -0.53207 0.1881 -1.1844
6.2228 -4.3927 -2.9925 -1.0569 -1.334 -0.13192 0.25104 0.44271 -1.2519 -0.61373 -0.26471 0.22036 -1.1765
6.2699 -5.2783 -3.9981 -1.4342 -1.923 -0.7298 -0.46096 -0.47195 -1.5707 -0.76563 -0.36244 0.031315 -0.84325
5.987 -4.5931 -4.4349 -1.1734 -1.8983 -0.62904 -0.33681 -0.59379 -1.6279 -0.89528 -0.30378 -0.34746 -0.88701
3.9021 -4.4766 -2.0111 -1.2619 -1.2935 -0.068615 0.064572 -0.70059 -1.6071 -0.96609 -0.46618 -0.25543 -1.3234
4.2588 -6.8128 -0.44618 -0.14479 -1.773 -0.0065273 0.051074 -1.3223 -1.0589 -0.45071 -0.77935 -0.19689 -1.0155
4.9181 -8.9836 -0.24311 0.52223 -1.5582 1.3234 0.36129 -0.021476 -1.17 0.080778 -0.20095 0.21821 -0.63232
4.7886 -8.8664 -0.16102 0.37122 -1.0997 0.78286 0.42482 0.1123 -0.14899 0.49227 -0.053213 0.57246 -0.73246
4.4526 -9.7124 -0.88085 0.062304 -0.95079 1.3392 0.78091 0.13808 -0.21061 0.54816 -0.14627 0.04662 0.062451
5.0444 -9.766 0.021835 1.0438 -0.87422 1.66 1.1468 0.0075132 -1.0296 -0.71245 -0.60545 0.30717 -0.3241
5.1291 -10.087 -0.49277 0.65879 -1.3814 0.71554 0.37038 0.32316 -0.23246 1.1703 -0.34506 0.34925 -0.11058
4.4987 -9.3803 -1.3857 0.22343 -2.0077 0.91879 1.0386 -0.11281 -0.9495 0.26594 -0.58924 -0.072717 -0.14372
3.6465 -6.0117 -0.94761 -0.46518 -2.6911 -1.1257 -0.41078 -1.3451 -1.4632 -0.26719 -0.927 -0.1727 -0.34863
4.2466 -3.6968 -1.7597 -1.8873 -2.7394 -1.3367 0.28139 -0.54513 -0.79421 -0.62064 -0.24552 -0.04378 -0.0046526
5.1479 -4.6616 -2.7572 -1.8187 -3.1382 -1.9924 0.023883 -0.72656 -1.1024 -0.51409 -0.81772 -0.085663 -0.42479
5.307 -4.8995 -2.6555 -1.6076 -3.3914 -2.2356 0.013616 -0.53758 -0.99122 -0.35994 -0.6583 0.081572 -0.35988
5.043 -4.622 -1.7436 -1.6567 -3.2603 -2.2938 0.041101 -0.45725 -0.78082 -0.36106 -0.53564 0.2654 -0.35636
3.9933 -4.0657 -1.0999 -1.4642 -2.6373 -2.7412 -0.34595 -0.79866 -0.59405 -0.94581 -0.34334 -0.30115 0.018274
2.6744 -3.7956 -0.42998 -0.7095 -1.6259 -2.247 -1.1176 -1.1054 -0.71825 -0.88273 -0.064669 -0.30865 0.21664
1.6599 -3.5017 0.39484 -0.12628 -1.3754 -1.0748 -1.0624 -2.3065 -0.49955 -1.3823 -0.94893 -0.5763 -0.35757
1.1305 -3.5101 0.28271 -0.077158 -0.89056 -0.97979 -1.0261 -1.5398 -0.067853 -0.44069 -0.54068 -0.89935 -0.83124
