0.17423 -0.60054 1.1422 -2.2068 -1.697 -1.3056 0.44448 -0.96821 -0.51282 -1.0611 1.0716 0.21921 -0.026975
0.93223 -0.83314 0.78843 -2.4834 -2.1141 -1.4349 0.42647 -1.5715 -0.56132 -1.0036 0.6946 0.12098 -0.047082
1.2474 -0.83272 0.6345 -3.0927 -1.8338 -0.84894 -0.080004 -1.4209 -0.79929 -0.6495 0.4861 -0.21379 -0.49466
2.2711 -0.95564 -0.0029567 -3.6924 -1.8663 -0.16286 -0.2995 -1.4599 -0.62336 -0.37255 0.2458 -0.16147 -0.76834
3.1652 -0.082418 -0.60578 -3.9453 -1.4392 -0.061712 0.2498 -1.3151 -0.39105 0.068706 -0.065625 -0.49238 -0.80748
3.9515 -0.33755 -2.0239 -4.086 -1.1685 -0.49988 -0.44173 -0.84876 0.14635 -0.71756 -1.2047 -0.76053 -0.41655
4.7431 -2.5171 -3.223 -3.4598 -1.4643 -0.53081 -1.0812 -0.092331 -0.15857 -1.2305 -2.0504 -0.56291 -0.49139
4.5444 -2.2326 -3.5225 -2.6066 -0.88975 -0.98885 -0.84288 0.042002 0.037892 -1.7466 -1.149 0.37686 -0.9094
4.8173 -3.1777 -3.7638 -2.0355 -1.3638 -1.3147 -0.4079 0.077318 -1.0565 -1.662 -0.71536 0.40323 -1.4583
4.9805 -3.3915 -3.666 -1.6933 -1.8292 -1.1327 -0.061265 -0.041452 -1.4745 -1.5518 -0.5761 -0.062578 -1.268
5.043 -3.7871 -3.4356 -1.3381 -2.151 -0.8422 0.21011 -0.15685 -1.4185 -1.2795 -0.47565 0.11527 -1.1478
4.8894 -4.1188 -2.6812 -1.4875 -1.9802 -0.64911 0.75202 -0.24943 -1.4896 -0.80476 -0.53586 0.1447 -1.0965
4.8416 -4.2145 -2.6457 -1.6998 -2.1586 -0.88713 0.98252 -0.53048 -1.5052 -0.55933 -0.5069 -0.032693 -1.1356
4.7768 -4.1297 -2.5735 -1.4613 -2.4731 -0.61698 1.0093 -0.74144 -0.86153 -1.0895 -0.37314 -0.33859 -0.923
4.3358 -3.5302 -2.7631 -1.6374 -2.1246 -0.69518 0.90848 -0.45304 -0.87145 -1.0326 -0.37636 -0.34302 -0.88141
4.4985 -3.8027 -2.4354 -1.8544 -2.3968 -0.8385 0.61076 -0.70625 -1.2575 -0.77908 -0.3597 -0.4469 -0.59753
3.6102 -3.725 -2.051 -1.4606 -2.5285 -0.68547 0.34916 -1.2196 -1.2454 -0.62428 -0.69969 -0.44654 -0.72583
3.0774 -4.8906 -1.8588 -0.063583 -1.683 -0.23594 0.91201 -1.6561 -1.5098 -0.96937 -0.63872 -0.35656 -0.99417
3.7084 -6.8989 -1.7774 -0.11516 -1.9881 0.2174 0.92571 -1.0006 -1.5428 -1.7661 -1.3657 -0.41047 -0.8556
4.2501 -8.162 -0.44841 0.39748 -1.5311 0.45563 0.28213 -0.48268 -0.79958 -0.52346 -0.18807 -0.23884 -0.6028
4.1754 -8.877 -0.36713 0.80878 -1.058 0.60214 0.87089 -1.2343 -0.56358 0.51957 -0.37768 -0.12184 -0.95406
4.6603 -9.5647 -0.19329 1.1004 -1.5627 0.89005 0.94355 -0.91781 -0.26395 0.070047 -0.41854 -0.12208 -0.4227
4.2255 -9.9396 -0.34735 0.30293 -1.1105 1.0595 1.6127 -0.6839 -0.60485 -0.31005 -0.70266 0.19113 -0.16503
4.4524 -10.477 0.69366 0.8111 -0.9955 1.2452 1.3114 -0.16414 -1.0805 -0.29663 -0.44295 -0.0653 -0.92215
4.3757 -8.7742 -0.07284 0.92537 -2.0027 0.9856 1.2252 -1.2738 -1.0592 -0.73256 -0.74513 0.1333 -0.77007
3.0651 -6.1759 -0.66302 -0.2184 -1.9414 -0.46316 -0.034014 -1.5924 -1.2782 -1.1748 -1.3954 -0.31971 -0.55432
2.8056 -3.7663 -0.75618 -1.4064 -3.397 -1.858 0.038379 -1.5288 -0.983 -0.91801 -0.95905 -0.15425 -0.27598
3.7238 -3.8977 -1.3731 -1.6438 -3.1761 -1.3652 -0.20311 -1.2526 -0.85717 -0.50157 -0.43892 -0.23524 -0.46835
3.4952 -3.7976 -1.2309 -1.505 -3.045 -1.7848 0.034724 -1.2116 -0.55021 -0.32594 -0.099282 -0.81161 -0.7172
3.2708 -3.0416 -0.65547 -0.91504 -3.0249 -2.129 -0.17997 -1.5832 -0.19098 -0.3189 0.14132 -0.62399 -0.98064
2.0622 -1.9169 -0.22351 -1.0499 -1.7568 -2.8043 -0.54656 -1.6659 -0.29776 -0.27147 0.11635 -0.65224 -0.89347
-0.22297 -1.8059 1.59 0.11828 -0.89114 -1.0583 -0.70772 -1.89 0.66958 -0.68491 -0.56597 -0.44776 -0.40981
