-1.8408 -2.2126 0.28902 -1.8641 -0.10476 -0.80551 -0.40035 -1.011 -0.13838 0.18429 0.052184 -0.11515 0.40753
-1.6199 -2.5192 0.29962 -1.3987 -0.49265 -0.58654 0.37789 -0.47299 -0.80688 -0.15857 0.58587 -0.47796 0.047195
-1.2198 -2.3588 0.6703 -0.86737 -0.75525 -0.55854 0.4934 -0.59148 -0.71041 -0.70029 0.4183 -0.25802 -0.15102
-0.59078 -2.2873 0.89051 -0.59247 -1.0844 -0.74014 0.51597 -0.55022 -0.29914 -0.44595 0.50589 -0.51274 0.23066
-0.5714 -2.1886 1.159 -0.056684 -1.0387 -0.65521 0.24762 -0.94991 -0.054886 -0.42405 0.38181 -0.40136 0.075766
-0.53989 -2.1922 1.2869 0.33183 -0.66891 -0.43525 0.052999 -1.0541 -0.077388 -0.69189 0.21706 -0.024777 -0.23507
-0.45795 -1.9914 1.2776 -0.1323 -0.89484 -0.53382 0.13177 -1.2551 0.11934 -0.74734 -0.045256 -0.15238 -0.23866
-0.11163 -1.6707 1.4556 -0.42815 -1.0813 -0.78881 0.14206 -1.3076 0.48811 -0.59124 0.033041 -0.10179 -0.0016378
0.26033 -1.7485 1.5201 -0.10146 -1.3892 -1.2446 0.0075188 -0.86021 0.60037 -0.55072 0.045213 -0.49119 0.29698
0.51965 -1.3464 1.4975 -0.69631 -1.6107 -1.0777 0.29808 -1.2285 0.50691 -0.7564 0.11111 -0.37062 0.24422
0.90105 -1.0736 1.2982 -1.1437 -1.7328 -1.1529 0.55078 -1.0419 0.60659 -0.72778 0.046523 -0.43837 0.45178
1.2423 -0.76703 1.3037 -1.5309 -1.629 -1.2627 0.61441 -0.77163 0.21618 -0.85889 0.37069 -0.023121 0.31393
1.7785 -0.40286 0.89079 -2.3172 -1.3531 -1.3053 0.86384 -0.62518 -0.47547 -0.48531 1.0061 -0.34187 -0.29458
2.1644 -0.30981 0.23054 -2.6643 -1.2757 -0.84474 0.5261 -1.1865 0.11029 0.23526 0.56308 -0.72872 -0.88064
2.4317 -0.40219 -0.19978 -2.6785 -1.522 -0.76355 0.47804 -1.2325 0.64278 0.21962 -0.18705 -0.97719 -0.33022
2.6871 -0.77624 -0.74251 -2.4637 -1.5297 -0.85771 0.28861 -0.8227 0.98393 -0.32228 -0.30368 -1.0545 -0.18775
2.7663 -1.1841 -0.75839 -2.388 -1.7471 -0.5543 0.38048 -0.55685 0.86806 -0.4301 -0.78091 -0.79293 0.12509
2.8294 -1.3866 -1.0741 -2.6111 -1.4874 -0.75969 -0.077772 -0.14698 0.50149 -0.48818 -0.88726 -0.69888 0.35793
2.8577 -1.3668 -0.9006 -2.5538 -1.2933 -0.81026 -0.28145 0.024616 0.76808 -0.83054 -0.90592 -0.49131 0.55173
2.6919 -1.5531 -0.81468 -2.2876 -1.1625 -0.77426 -0.21989 0.066452 0.75739 -0.7556 -1.2837 0.089123 0.46676
2.3413 -1.7314 -0.9652 -1.959 -0.81367 -0.81123 -0.43053 -0.10701 0.22729 -0.43565 -1.1896 -0.28211 0.31089
1.9735 -1.567 -0.87255 -1.7058 -0.35868 -0.92187 -0.23359 0.024685 -0.066324 -0.72429 -0.92831 -0.3271 0.032259
2.2758 -2.9896 -1.091 -0.38198 -0.10446 -0.077666 -0.4297 0.58425 -0.81706 -0.33105 -1.4202 0.31088 -0.60789
1.739 -3.0238 -0.36797 -0.88081 -0.060216 -0.036392 0.19963 0.53719 -0.31978 -0.75103 -1.418 0.18372 -0.41899
0.79462 -2.3259 -0.72163 -0.84883 0.38247 0.076076 0.70254 0.58269 -0.60492 -0.32666 -0.36823 0.22321 -0.38156
0.93058 -3.1697 -0.70604 -0.74076 0.01206 0.017784 0.62723 0.88162 -1.0443 -0.81239 -0.21052 0.29054 -0.22134
0.72962 -3.5543 -0.83068 -0.99459 -0.64565 0.25924 0.61444 0.57336 -0.16988 -0.51083 -1.1127 -0.28241 0.028298
0.92326 -5.6258 -1.3861 0.31551 -0.74793 0.13588 0.54311 1.0344 -0.71312 0.037033 0.036405 0.32069 -0.1547
1.4595 -6.4338 -2.0971 0.010252 -0.96718 -0.21616 0.98417 1.5158 -0.37903 0.26167 0.072351 0.31357 -0.30683
0.65544 -5.8878 -1.3547 0.26122 -0.13641 0.63966 -0.092325 0.87698 0.16486 0.093309 -0.17632 0.098232 0.037384
0.3584 -6.5749 -2.5747 -1.0673 -0.3115 0.91463 1.6749 1.97 0.1395 0.21141 -0.21473 -0.15113 -0.58212
0.038611 -5.328 -0.51575 -0.8206 -0.6662 -0.090719 0.30355 1.3174 -0.37652 0.28184 -0.0055893 0.17546 -0.095547
-0.53086 -3.4788 -0.1051 -0.64042 -0.37902 -0.068584 0.6179 0.3529 -0.28283 -0.2916 -0.5656 0.42573 -0.63052
0.29666 -2.5841 -0.00053131 -0.84667 -0.57581 -0.095432 1.118 0.96782 -0.06243 -0.80616 -0.70786 -0.3931 -0.37694
1.632 -2.8712 0.34244 -0.35471 -0.57382 -0.046417 -0.62106 0.91504 -0.36796 0.017174 -1.1222 0.24546 -0.33562
1.4189 -2.0538 0.46129 -0.62019 -0.83502 -0.88703 -0.03775 0.19429 -0.030058 -0.4151 -0.85908 -0.051858 -0.52982
1.7982 -1.985 -0.072323 -0.53822 -1.0028 -1.49 -0.10918 0.27182 -0.59044 -0.45052 -0.55337 -0.041453 -0.76768
1.652 -1.5036 0.1396 -0.53728 -0.95258 -1.7942 -0.087451 -0.85539 0.27882 -0.74489 -0.19218 0.11243 -0.73461
1.5689 -1.3204 1.1526 -0.83787 -1.2105 -1.8426 -0.71053 -0.86716 0.64084 -0.37735 -0.27544 -0.1757 -0.18277
1.3282 -0.90631 1.6604 -0.17436 -1.6885 -2.2876 -0.43004 -1.0565 0.44149 -0.83956 0.18824 -0.27971 0.067156
-0.23159 -1.7059 1.7359 0.32094 -0.39627 -0.78135 -0.60142 -1.5043 0.57336 -0.52313 -0.22619 -0.056375 -0.82348
