0.29949 0.5747 1.8938 -1.6247 -1.9346 -0.78146 0.67716 -0.63075 0.63128 -0.95803 -0.14952 -0.33677 0.52444
1.2877 0.48403 2.1795 -2.058 -2.1178 -0.85207 0.92128 -0.22112 -0.092262 -0.59934 -0.26474 -0.32582 0.53168
1.9431 0.39705 2.1996 -2.6524 -2.4306 -0.75895 0.09124 -0.21786 -0.11713 -1.0057 -0.35882 0.327 0.2665
2.4745 0.35365 2.2275 -3.2611 -2.4182 -0.64778 0.4406 -0.32359 -0.40154 -0.41414 -0.16327 0.70841 0.070915
2.9607 0.256 1.559 -3.4094 -2.3997 -0.16785 0.67169 -0.49387 -0.62012 0.10297 0.091958 0.58368 -0.46792
3.1834 -0.42456 0.58284 -3.3393 -1.9777 0.3121 0.094967 -0.68263 -0.62042 0.50445 -0.1683 0.043079 -1.0686
3.4218 -0.67749 -0.056863 -3.0199 -1.7299 0.54441 0.20119 -0.62915 -0.54357 0.85047 -0.1671 -0.34377 -0.94106
3.6713 -0.7763 -0.67299 -3.1075 -1.1335 0.086699 0.4651 -0.45086 -0.25759 0.82642 -0.91161 -0.72147 -0.31589
4.0635 -1.593 -1.3501 -2.7627 -0.78902 -0.29683 -0.037852 -0.29263 0.041878 0.83942 -1.5504 -0.94075 -0.11588
4.0834 -1.8935 -1.4259 -2.8047 -0.34576 -0.39695 -0.052819 -0.18171 0.056967 0.97385 -1.5549 -0.77093 0.040677
3.7549 -2.1803 -1.272 -2.5201 -0.22047 -0.35759 0.016102 0.0014091 -0.18623 0.77002 -1.2998 -0.56921 0.12477
3.8011 -2.5242 -1.6542 -2.312 -0.26056 -0.39688 -0.10967 -0.011014 -0.23139 0.28412 -1.2554 -0.40553 -0.075841
3.5045 -2.165 -1.8963 -2.2213 0.095376 -0.37753 0.054176 0.23646 -0.28796 -0.042232 -1.0746 -0.027576 0.029496
2.958 -1.4284 -2.1069 -1.9482 1.0042 -0.379 0.47965 0.087542 -0.29498 -0.40747 -0.84003 0.07386 0.15135
1.1076 -0.71333 -0.16484 -1.4948 0.64522 0.30398 0.60779 -0.52722 -0.29311 -0.49604 -0.44752 0.40724 -0.028647
0.53762 -1.7364 -0.34222 -0.36144 0.99074 -0.082032 -0.21271 0.16072 0.063895 -0.018927 0.14441 0.545 -0.29499
0.41876 -2.115 -0.77329 -0.77353 0.80893 -0.26265 -0.13484 0.57143 0.051586 0.59953 0.073889 0.3357 -0.28173
-0.10116 -3.0379 -0.83301 -0.13358 0.68243 0.45462 0.24347 0.5096 0.17875 0.15088 -0.63938 -0.024429 -0.33437
0.41439 -3.2409 -0.83537 0.030161 0.56754 0.97904 0.031808 -0.56408 -0.63591 0.44702 -0.37795 0.45843 -0.072264
-0.28853 -2.7019 -0.53131 -0.40357 0.79478 0.99576 0.42467 0.12254 -0.69355 -0.79664 0.14528 0.14113 0.069707
-0.39644 -2.4351 0.2603 0.57279 1.272 0.42388 -0.33487 -0.053237 -0.42149 -0.93686 -0.67694 0.66352 0.18903
0.11876 -1.8012 0.5578 0.53405 0.71298 -0.45734 -0.81468 -0.15741 0.53614 -0.35077 -0.87365 0.37397 -0.72719
1.4329 -0.71525 -0.65167 -1.1734 -0.19875 -0.33294 0.17341 -0.10165 0.39848 -0.81049 -0.67601 0.36554 -0.30377
3.1271 -2.6781 -0.63346 -1.7623 -0.27691 -0.61187 -0.54778 0.33399 0.30405 -0.44936 -1.0513 0.59704 -0.64759
3.3817 -2.5299 -0.51972 -1.932 -0.56315 -0.96721 -0.79613 0.50886 0.44183 -0.10801 -1.2813 1.1398 -1.1218
2.5147 -2.1148 0.69622 -1.8328 -0.71347 -0.93948 -1.5344 0.38463 0.22727 0.0053403 -1.3155 1.1436 -1.1291
0.18703 -2.0966 1.7017 -0.74133 -0.31199 -0.80589 -1.5167 -0.094665 0.3684 0.27363 -1.5412 0.9558 -0.51255
