0.84674 -1.9496 1.4513 1.7416 -0.18384 -1.1591 -0.4814 -1.4203 0.46044 -0.5399 -0.58932 -0.40029 -0.71208
2.4699 -1.6377 1.8195 2.0009 -1.4026 -2.1694 0.098471 -0.74765 -0.89898 -0.55711 0.55591 -0.3396 0.027579
2.8815 -1.3148 2.2522 1.8454 -0.98815 -2.119 -0.34939 -0.51522 -1.0188 -0.83802 0.71893 -0.71671 0.36178
2.7711 -0.59905 2.6063 1.5958 -0.35941 -1.9776 -0.44064 -0.68351 -0.81598 -0.79199 0.4966 -0.74508 0.14298
1.7181 -0.7612 1.4493 1.4702 -0.15806 -1.4719 -0.13884 -0.87866 -0.33403 -0.76459 0.44719 -0.046561 -0.26871
-0.35945 -2.228 1.431 0.93251 0.34145 0.24331 -0.18821 -1.2152 0.46424 0.044881 0.74461 1.0175 0.05452
-2.554 -2.6846 0.60837 0.55997 0.79636 0.53269 -0.084047 -0.15672 0.71175 0.22847 -0.2548 0.5488 -0.04692
-3.1184 -3.1411 0.47778 0.11627 0.29261 -0.27825 -0.92149 -1.327 -0.50238 0.014084 0.69823 0.73245 -0.55987
-3.7908 -2.9555 0.70732 0.20047 0.26447 -0.23502 -0.62851 -1.1018 -0.61243 0.092825 0.89014 0.64064 -0.60853
-4.8816 -2.703 0.62377 0.30371 0.6118 0.44035 0.46519 0.25881 0.30241 0.19353 0.13802 -0.13461 -0.4642
-6.4491 -2.3764 0.95011 0.61501 0.93097 0.78382 0.87068 0.68824 0.68249 0.51313 0.40795 0.10144 -0.11867
-4.0316 -3.4918 3.0874 -0.48862 0.24498 -0.31206 0.16054 -0.47654 -0.16713 0.60599 0.6182 0.40109 0.10702
-0.3592 -4.3105 2.2498 -0.67972 -0.4197 -1.1694 -1.0481 -1.6693 -0.54914 0.27283 0.73479 0.62112 -0.6571
1.0735 -1.6466 1.8358 -0.24498 -0.49811 -1.3467 -1.2459 -2.5622 0.60186 1.1542 0.95985 -0.59339 -0.62886
-0.37759 -2.2315 1.2333 0.48344 0.85175 -0.10665 -0.94169 -1.4154 0.40272 0.40369 -0.039823 0.40752 -0.39421
1.2218 -1.1547 2.3526 0.86591 0.15385 -0.55501 -0.82342 -2.326 0.33267 -0.12499 0.38689 0.25376 -0.43154
2.9815 -0.015135 2.5676 0.84464 -0.75145 -1.4148 -0.57397 -3.1001 -0.04159 -0.28283 0.26257 -0.67387 -0.46066
4.1289 -0.76665 2.0203 0.72397 -0.13078 -1.6095 -1.2579 -2.015 -0.68145 -0.10404 -0.34045 -0.016962 -0.05393
4.6219 0.29003 0.13759 -0.59903 -0.18345 -1.8299 -1.1385 -0.89902 -0.32031 -0.11868 -0.6873 -0.22588 0.66018
4.8086 0.61883 -0.58054 -0.21536 -0.41168 -1.6968 -0.97134 -0.30562 -0.23044 -0.41522 -0.70035 -0.34542 1.1562
5.1103 -0.068355 -0.70987 -0.6452 -0.38559 -1.6689 -1.2316 0.14864 -0.73036 -0.10203 -1.0684 -0.58622 0.89138
5.3021 -0.36493 -0.54592 -0.96244 -0.72431 -1.2682 -1.2963 0.10096 -0.58717 -0.33069 -1.1209 -0.44862 0.71195
5.4734 -0.3514 -0.89059 -1.1674 -0.70792 -1.0469 -1.2376 -0.33526 -0.24746 -0.24312 -1.4726 -0.60742 0.84342
5.5922 -0.46989 -1.046 -1.6232 -0.70678 -0.66609 -1.5434 -0.085542 -0.66171 -0.29871 -1.7594 -0.66735 0.6842
5.6326 -0.4429 -0.85985 -2.2536 -0.8373 -0.2759 -1.8047 -0.033178 -0.88356 -0.50873 -1.6767 -0.7181 0.43971
5.7733 -0.20237 -1.0469 -2.1946 -0.52598 -0.47636 -1.4662 0.2788 -1.2632 -0.20338 -1.5717 -0.68485 0.65332
5.9192 -0.42852 -1.3677 -2.2532 -0.35681 -0.76784 -1.2806 -0.12431 -1.2554 -0.20059 -1.9504 -0.81739 0.84896
6.0268 -0.6564 -1.617 -2.4394 -0.43848 -0.87463 -1.3843 -0.076797 -1.4048 -0.34894 -1.9746 -0.92471 0.83934
6.0206 -0.52443 -1.5846 -2.1688 -0.59257 -0.66497 -1.2974 0.029656 -1.1638 -0.17642 -1.9111 -0.73504 0.94501
5.9137 0.057049 -1.4434 -2.253 -0.43004 -0.50547 -1.5576 0.4993 -1.1514 -0.28915 -1.573 -0.66176 0.83021
5.8302 -0.7476 -1.7158 -2.5126 -0.82142 -1.2831 -1.547 -0.29065 -1.3392 -0.62974 -1.8735 -1.1138 0.34121
5.7404 -0.82243 -1.9289 -2.2271 -0.95876 -1.4128 -1.5446 -0.73354 -1.1392 -0.86624 -1.8975 -1.1437 0.47735
5.5494 -0.50107 -2.0325 -1.7664 -1.0646 -1.4253 -1.7466 -0.55467 -1.0387 -0.68831 -1.9247 -1.0296 0.62659
5.1853 -0.56147 -1.6028 -1.3555 -0.74531 -1.7221 -1.4706 -0.73601 -0.84258 -0.51269 -1.7026 -0.93265 0.79494
4.6034 -0.73958 -0.52454 -0.60604 -0.63507 -1.3777 -1.6064 -0.70025 -0.85026 -0.27626 -1.415 -0.72655 1.078
3.5962 -1.0196 -0.38458 -0.61584 -1.2426 -1.6266 -1.0511 -2.2518 -1.1616 -1.3186 -1.3532 -1.1268 0.39354
3.4181 -0.54805 0.93115 -0.005975 -1.1145 -2.2267 -1.1119 -2.5424 -0.77103 -0.15979 -0.89935 -0.8116 0.099723
3.2323 -0.96752 1.537 -0.07195 -0.91046 -1.9499 -1.5748 -3.0321 -0.8159 0.021086 -0.53919 -0.84915 -0.122
3.1334 -0.80856 1.7075 0.88203 -1.1441 -1.4663 -1.1468 -3.1885 0.34772 -0.24528 -0.27454 -0.43698 0.11029
2.8228 -1.0774 2.1168 0.97779 -1.2484 -1.7429 -0.89013 -2.3943 -0.27166 -0.91748 -0.37421 -0.027325 0.50928
2.231 -0.63619 2.1243 0.42901 -1.0455 -1.5057 -0.69631 -2.3613 -0.18048 -0.4242 0.12576 -0.22781 -0.17356
1.1529 -1.3244 1.7735 0.62487 -0.83386 -1.4954 -0.73398 -1.8068 0.38163 -0.71614 -0.54715 -0.29355 -0.3379
1.3139 -1.4243 2.1603 0.65176 -1.2317 -0.97884 -0.46869 -2.1571 0.26214 -1.0346 -0.30084 -0.66158 -0.73714
