0.34908 -2.1942 1.7539 1.252 -0.46686 -0.80103 -1.0377 -1.7172 0.033829 -0.95122 -0.65449 -0.40564 -0.19856
0.99105 -2.1264 2.4545 0.95564 -0.48326 -0.8572 -0.88213 -1.6069 -0.78572 -0.84759 0.49686 -0.20872 -0.47593
1.2278 -2.3287 2.5492 1.0826 -0.1634 -1.2572 -0.95685 -1.5951 -0.62889 -0.753 0.17398 0.10342 -0.21442
1.0759 -2.4864 2.2345 1.5196 -0.63958 -1.328 -0.42369 -0.9957 -0.74242 -0.4777 -0.6575 -0.39649 -0.2176
0.18373 -1.8584 1.7651 1.0874 0.39515 -0.21238 -0.84519 -1.5022 0.11847 -0.85606 -0.43195 0.33942 -0.16928
-0.64024 -2.15 1.593 1.3891 1.082 0.67494 -0.28626 -1.2471 0.21891 -0.8973 -0.868 0.49473 -0.13801
-3.4623 -2.7275 0.55902 0.49299 0.87169 0.45886 -0.1955 -0.30988 0.37553 0.17716 -0.11034 0.45411 -0.28414
-4.9322 -2.3954 0.83128 0.46136 0.72506 0.44548 0.36567 0.15925 0.34995 0.46214 0.6051 0.3829 -0.14739
-4.0105 -2.541 0.66763 0.306 0.60586 0.45847 0.53253 0.41988 0.46366 0.28341 0.15475 0.030281 -0.11667
-4.5179 -2.416 0.89476 0.5034 0.47842 0.42725 0.52648 0.17266 0.37087 0.17115 0.27242 0.063013 -0.14615
-2.4801 -2.7107 0.77264 0.74417 0.81089 0.56657 -0.18922 -0.80885 -0.19831 -0.68959 -0.61625 0.33669 -0.059812
-5.1806 -2.5389 0.68837 0.25281 0.47343 0.14275 0.067304 -0.16723 0.046371 0.40319 0.79959 0.50267 -0.067694
-5.0703 -2.8397 0.2689 -0.12178 0.18044 -0.001179 0.074681 -0.029014 0.060991 0.11457 0.22017 0.13113 0.031356
-4.7073 -2.7437 0.38775 0.015094 0.33076 0.12948 0.16064 0.030801 0.12047 0.13921 0.26115 0.17329 0.019533
-1.6691 -2.1392 1.6207 1.4086 1.0131 0.73873 -0.17209 -0.64624 1.0528 -0.33145 -1.2468 0.024119 -0.67726
1.8601 -0.90226 3.0546 2.2086 0.42943 -0.30312 -0.42697 -2.7181 0.14194 -0.41711 -0.52141 0.0051925 0.17379
2.374 -0.31024 3.0308 1.8173 0.1804 -0.795 0.1888 -2.5869 -0.8651 -0.41346 -0.57387 0.40729 0.66363
2.2741 -0.54596 2.549 1.8394 0.38654 -0.64369 -0.51612 -2.3201 -0.36625 -0.34924 -0.40302 -0.20657 0.96463
2.3314 -0.58809 2.4966 1.9033 0.42849 -0.97702 -0.46644 -2.0813 -0.49 -0.57592 -0.68423 -0.059902 0.75065
2.2158 -0.52436 1.9112 1.0843 0.29165 -0.67148 -0.42077 -1.4744 -0.021725 -0.69355 -0.74244 -0.47397 0.70322
2.2885 -0.78748 1.374 0.46223 -0.42436 -0.99747 -0.70507 -0.82322 -0.20751 -0.46983 -0.4211 -0.41104 0.33195
2.0766 -0.82074 1.4216 0.079554 -0.98139 -0.8014 -0.19389 -0.4026 -0.014694 -0.21071 -0.65616 -0.57146 0.15978
2.1975 -1.1881 0.993 -0.3998 -0.48171 -0.6527 -0.60984 -0.16424 0.017185 -0.34407 -0.76454 -0.38866 0.031269
2.2809 -0.78152 0.67944 -0.68182 -0.85354 -0.49132 -0.60722 -0.29154 0.19013 -0.31847 -0.70649 -0.82835 0.22147
2.5211 -0.66493 0.28158 -0.99017 -0.54746 -0.75319 -0.88981 -0.099211 0.5642 -0.59029 -0.96678 -0.27174 0.012301
2.6652 -0.54493 0.056575 -1.1117 -0.41356 -1.2925 -0.61865 -0.04924 0.561 -0.46127 -1.3336 -0.10863 -0.29373
2.9232 -1.186 -0.71697 -0.41493 -0.4757 -0.84979 -0.94806 0.11718 0.37151 -0.20711 -1.1382 -0.6199 0.19918
2.9927 -1.5677 -0.31377 -0.50332 -0.63978 -0.76375 -1.1256 0.16942 0.36215 -0.096041 -1.4823 -0.61607 0.44723
2.5809 -1.1123 0.41996 -0.80853 -0.7737 -0.92291 -1.2436 0.093949 0.55695 -0.3355 -1.5037 -0.61487 0.1671
2.3578 -0.77991 0.40275 -1.0375 -0.98049 -0.83738 -0.90622 -0.43241 0.65627 -0.49558 -1.1577 -0.61162 0.21192
2.5311 -1.1439 0.37391 -0.98332 -0.91357 -0.87765 -0.97203 -0.1086 0.4689 -0.33114 -1.1484 -0.7539 0.38412
2.3203 -0.82763 0.54155 -1.0661 -0.91987 -0.87658 -0.93722 -0.40316 0.23085 -0.27481 -1.0625 -0.71107 0.52374
2.3039 -0.72548 0.39206 -0.82912 -1.1514 -1.0326 -0.69881 -0.70007 0.22471 -0.37166 -0.81465 -0.78345 0.45113
2.1361 -0.45691 0.50996 -0.72906 -1.0306 -1.0465 -0.83054 -1.0533 0.45904 -0.48396 -0.80095 -0.80658 0.36029
2.086 -0.39711 0.88786 -0.85536 -0.9747 -0.96503 -0.87331 -1.1181 0.36727 -0.56164 -0.74449 -0.57438 0.4216
2.0155 -0.71536 1.0004 -0.57231 -0.91828 -1.1671 -0.6832 -1.2308 -0.049588 -0.58433 -0.59595 -0.28298 0.1162
1.9399 -0.96342 1.5134 -0.53929 -0.52411 -1.1217 -1.0274 -1.4067 -0.50915 -0.48991 -0.49196 -0.080793 0.15783
1.8378 -0.95468 1.9558 -0.4546 -0.63127 -1.0132 -0.9957 -1.7132 -0.2092 -0.53049 -0.46792 0.05767 -0.071158
1.5644 -1.6155 2.5084 -0.04692 -0.36734 -0.90398 -1.37 -1.9539 0.033522 -0.13621 -0.97492 -0.20779 -0.0018888
1.1972 -1.7754 2.7135 0.63284 -0.48877 -1.4513 -1.0148 -2.0325 -0.022002 -0.64082 -0.22187 -0.20843 -0.93524
0.34527 -1.8571 2.1269 0.8711 -0.43879 -0.84985 -0.85234 -2.366 0.15509 -0.81475 -0.27306 -0.030554 -0.32755
