0.85594 -1.7106 2.1471 1.0599 -0.25793 -0.57978 -0.83452 -2.4096 -0.29558 -1.4893 -0.37246 0.21725 -0.26375
0.78471 -1.9503 1.9047 1.1376 -0.16489 -0.54192 -1.2727 -2.6675 0.22324 -1.0905 -0.6445 0.14499 -0.44776
1.1738 -1.7017 1.6195 1.489 -0.71179 -0.98701 -0.6738 -1.64 0.049451 -1.2929 -0.79198 -0.50963 0.18792
1.0476 -1.8514 2.1511 1.5185 0.16059 -0.34433 -0.69213 -1.7116 -0.015314 -1.3671 -0.92345 -0.2299 -0.20803
1.0611 -1.405 2.5457 1.5495 0.23844 -0.3955 -0.7315 -1.5417 1.1306 -0.24084 -0.6738 0.062918 -0.15416
0.70591 -1.9063 1.9033 1.701 0.38463 -0.10843 -0.5405 -1.2973 0.5698 -0.28169 -0.17633 0.051976 -0.24834
-0.58004 -2.3848 1.1305 0.9212 0.59379 0.51129 0.035012 -0.44996 0.90402 -0.2216 -0.77386 -0.018555 -0.51391
-3.4275 -3.0582 0.42285 0.55712 0.78522 0.35497 -0.77251 -0.9654 0.40699 -0.20807 -0.79731 0.42397 -0.64391
-4.1552 -2.6337 0.63019 0.51381 0.926 0.61159 0.19278 0.15123 0.60112 0.29952 -0.11964 0.26181 -0.17757
-4.1895 -2.6818 0.44565 0.11991 0.47543 0.34523 0.40322 0.3191 0.36815 0.23135 0.13812 0.13337 0.13709
-3.9061 -2.7608 0.46402 0.1854 0.5185 0.34749 0.40539 0.35241 0.43783 0.27965 0.12635 0.079195 -0.016772
-4.1569 -2.7988 0.43691 0.09412 0.49653 0.52241 0.78088 0.81545 0.67795 0.11068 -0.34692 -0.2682 0.19228
-5.1917 -2.7036 0.64673 0.32095 0.77128 0.87437 1.1658 1.2014 1.0423 0.3513 -0.24433 -0.25154 0.18056
-5.2091 -2.6415 0.46587 0.097783 0.41851 0.26551 0.35896 0.27522 0.31076 0.23254 0.24111 0.2102 0.2078
-4.303 -2.7202 0.5558 0.23681 0.57803 0.4559 0.50282 0.33763 0.3613 0.12532 -0.040301 -0.22049 -0.47454
-1.1931 -1.9867 1.6193 1.2349 0.7403 0.48625 -0.29443 -0.81085 0.84161 -0.32504 -1.0991 -0.0039399 -0.61331
2.4802 -0.55549 2.8183 2.0638 0.18085 -0.88407 -0.39507 -2.2881 -0.036806 -0.66129 -0.47967 -0.34186 -0.21305
2.9472 -1.0459 2.5933 2.8285 0.13231 -0.98805 -0.32971 -2.1385 -0.96819 -0.68645 -0.31655 0.013898 1.0234
2.9896 -0.92608 2.4693 2.381 0.44483 -0.67775 -0.66268 -2.2615 -1.0378 -0.69817 -0.09495 0.0094396 0.96051
3.0089 -0.79872 2.7307 2.4116 0.54045 -0.75171 -0.7622 -2.4911 -1.021 -0.59544 -0.11126 0.12594 0.7404
3.0888 -0.74482 2.7132 1.4962 0.36006 -0.41142 -0.68203 -2.1726 -0.73479 -0.69361 -0.59931 0.21152 0.70885
3.0253 -0.6212 1.7756 0.6314 -0.33036 -1.1723 -0.968 -0.72232 -0.54398 -0.60695 -0.76594 -0.15214 0.58383
2.8069 -0.73835 0.9108 -0.1582 -0.078794 -0.7925 -1.2021 0.092449 -0.4004 -0.49676 -0.78279 -0.208 -0.099136
2.8978 -0.88947 0.29687 -0.35547 -0.0087252 -1.0493 -0.82777 0.13429 -0.41273 -0.35439 -0.88117 -0.20553 -0.2566
3.1049 -0.80602 -0.15176 -0.57416 -0.14384 -1.3233 -0.73749 -0.032759 -0.014325 -0.4852 -1.0882 -0.32478 -0.15709
3.3175 -0.3822 -0.75972 -0.5217 -0.34288 -1.6618 -0.41422 0.021441 -0.041494 -0.65607 -0.90641 -0.56745 0.13467
3.5234 -0.97247 -0.66298 -0.46058 -0.78261 -1.3848 -0.81853 0.27631 0.04295 -0.78437 -1.0636 -0.46605 0.082784
3.8253 -1.1402 -0.60587 -0.79719 -0.78154 -1.1937 -0.88205 0.1253 0.22825 -0.6698 -1.1667 -0.55511 0.25798
3.788 -0.84046 -0.94567 -0.86141 -1.0456 -1.2838 -0.84752 0.068985 0.033357 -0.67493 -1.2997 -0.34667 0.37358
3.5974 -1.0721 -0.2827 -1.3526 -1.0069 -1.2318 -0.97992 0.12835 0.15576 -0.77776 -1.1032 -0.14373 0.058487
3.5816 -1.1193 -0.098376 -1.3677 -1.331 -1.3266 -0.90575 0.05568 -0.034566 -0.65241 -1.0303 -0.56956 0.23893
3.4049 -0.87443 -0.26757 -1.4887 -1.3101 -1.2244 -0.99894 -0.36182 0.13733 -0.88382 -0.90844 -0.61257 0.30455
3.2065 -0.62505 0.048547 -1.4098 -0.89043 -1.3848 -0.86155 -0.39753 0.034462 -0.39247 -1.1445 -0.4761 0.60997
3.0133 -0.86047 0.30363 -1.2293 -1.0182 -1.2641 -1.0236 -0.7492 0.10076 -0.55028 -1.0651 -0.48953 0.45234
2.8303 -0.51168 0.64024 -1.1989 -0.87852 -1.1619 -1.1373 -1.0064 0.078986 -0.70127 -0.99374 -0.16583 0.1149
2.7815 -0.3563 0.86156 -0.80103 -0.81666 -1.027 -0.89114 -1.4723 0.23058 -0.3916 -1.0254 -0.22543 0.58643
2.7118 -0.63273 1.3503 -0.64016 -0.85868 -0.92317 -1.065 -1.4577 -0.1427 -0.53056 -0.91257 -0.23257 0.46098
2.5779 -0.87808 1.5064 -0.42861 -0.22486 -0.73125 -1.1912 -2.1195 -0.2177 -0.58288 -1.029 0.11951 0.16717
2.3417 -1.0617 1.9634 0.0073735 0.050019 -1.2063 -1.1471 -2.0809 -0.15799 -0.69114 -0.79216 0.038309 -0.14092
2.1283 -1.1674 2.1206 0.62227 0.14634 -0.8831 -1.1529 -2.4742 0.19337 -0.70872 -0.74896 -0.11173 -0.32059
1.8306 -1.5854 2.224 1.1617 0.42926 -0.67947 -0.79349 -2.0937 -0.41089 -1.3437 -0.5854 -0.22775 0.31484
1.414 -1.6929 2.1793 0.90144 0.42205 -0.3637 -0.78714 -2.3297 -0.42439 -1.529 -0.72552 0.24746 0.31636
0.66836 -1.9556 1.9263 0.62596 -0.05948 -0.416 -0.88503 -2.8447 -0.3961 -1.5202 -0.36061 0.61837 0.23066
