1.538 -2.5914 1.9974 1.3406 -1.3166 -1.1099 -0.53343 -1.274 -0.15486 -0.089621 0.18743 0.41614 -0.23601
2.9479 -1.7614 2.697 0.9016 -1.702 -1.8276 -1.0264 -1.0861 -0.85004 -0.063121 0.022181 -0.56837 -0.29007
2.2797 -1.4562 3.0559 1.1976 -1.0239 -1.9972 -0.030082 -1.159 -0.19845 0.066803 -0.104 -0.25249 -0.18161
-0.21901 -1.8538 1.8911 1.294 0.073117 0.026256 -0.088109 -1.213 0.93228 -0.34152 -0.47756 0.31681 -0.29878
-1.6193 -2.7264 0.9703 1.0332 0.95536 0.45751 -0.45171 -0.65394 0.93004 0.44025 0.014279 0.68316 -0.63357
-4.2877 -2.8035 0.41505 0.11587 0.50605 0.42629 0.51356 0.4079 0.40059 0.10878 -0.099695 -0.19129 -0.25073
-4.0186 -2.8842 0.59471 0.29374 0.55193 -0.045962 -0.65738 -0.97986 -0.27081 0.17788 0.64048 0.62377 -0.61712
-3.9503 -2.6111 0.51259 0.13028 0.43087 0.23261 0.26853 0.13322 0.21171 0.20728 0.27365 0.14452 -0.031487
1.3692 -2.9495 -1.8883 -1.0371 -0.67206 0.58524 0.47619 -0.216 -0.48889 0.080763 -0.24058 -0.2329 0.31969
4.5802 -4.19 -2.5291 -1.8914 -1.1796 0.43601 0.63381 0.050015 -0.58986 0.40668 -0.56437 -0.38285 0.23886
3.0595 -3.6435 1.9503 -0.87421 -0.52436 -0.090483 -1.2963 -0.1624 -0.87352 -0.13849 -0.25115 0.60814 -0.11015
3.0153 -2.6571 2.1928 -0.53219 -0.17115 -0.80743 -0.43371 -1.2455 -0.83746 -0.40176 -0.31815 0.85506 -0.86458
2.9002 -0.042384 1.9176 -0.73914 -0.99071 -0.92003 -0.35095 -2.2092 -0.39534 -0.49483 -0.24637 -0.035752 -0.068785
3.7145 -0.34407 1.577 -1.4148 -1.894 -1.0963 -0.23981 -2.437 -1.9182 -0.32141 -0.38854 -0.20034 -0.6344
3.9809 -0.11685 0.78881 -1.0203 -2.0484 -1.3525 -0.28729 -2.9428 -1.4373 -0.42913 -0.37493 -0.65822 -0.86333
4.3235 -0.6461 0.58311 -0.65866 -1.6534 -1.2523 -0.71366 -1.8692 -1.2862 -0.3623 -0.257 0.12757 -0.36779
5.3117 0.14614 -0.52465 -1.5116 -1.5934 -2.4355 -1.0375 -0.25813 -0.40555 -0.49676 0.10156 -0.29872 -0.81095
5.8561 -0.54758 -1.8135 -1.5996 -1.9224 -2.0719 -1.0659 -0.042251 -0.1173 -0.88828 -0.31066 -0.70377 -1.1643
5.9147 0.21276 -1.8086 -1.967 -1.3713 -2.2156 -0.66286 0.24464 0.12381 -1.2605 -0.54832 -0.096458 -1.1105
5.9051 -0.062432 -1.8886 -2.2266 -1.3291 -2.4927 -0.3905 -0.029612 -0.04983 -1.0616 -1.2327 0.039354 -1.1757
5.9632 -0.40373 -2.0693 -2.0393 -1.3545 -2.2765 -0.6824 0.078383 -0.24573 -0.80258 -1.5505 -0.20785 -1.103
6.0525 -0.26461 -2.509 -1.8647 -1.2816 -2.0491 -0.28893 -0.19517 0.23572 -1.081 -1.3267 -0.066236 -1.2035
6.0524 -0.26227 -2.107 -2.0024 -1.3806 -1.2717 -0.3361 0.34549 0.030659 -0.99668 -1.2374 -0.013514 -0.87786
5.8315 0.034678 -1.9501 -1.7618 -1.2641 -1.3807 -0.17896 -0.27248 0.20396 -0.95639 -1.0998 0.025761 -0.46856
5.5174 0.34519 -2.0954 -1.529 -1.1857 -1.4668 -0.2968 0.21404 0.11461 -1.0433 -1.3844 0.12338 -0.39269
4.9544 0.57134 -1.6919 -1.5249 -0.48781 -1.8312 -0.062606 0.31419 0.30452 -1.2032 -1.0998 -0.0063584 -0.20246
4.7755 0.40441 -1.5141 -1.6008 -0.4575 -1.4816 -0.00067364 0.26496 0.35778 -1.1193 -1.0855 0.11384 -0.35092
4.8816 0.5201 -1.5521 -1.97 -0.52501 -1.3586 0.081259 0.42774 0.4494 -1.1293 -0.95763 -0.0124 -0.40958
4.4298 0.93832 -0.45095 -2.3593 -0.80832 -1.1002 0.00023648 0.24954 0.3229 -0.64917 -1.0249 -0.27825 -0.23819
3.6498 1.0846 0.057617 -2.0497 -0.75754 -1.3067 0.21863 -0.29746 0.70198 -0.80181 -0.38653 -0.42016 -0.35353
2.1465 0.057214 1.1903 -1.0324 -0.99131 -1.0549 0.67849 -1.3905 0.0089721 -0.48796 0.053789 -0.088186 -0.26338
2.0712 -0.030074 1.5471 -0.60464 -0.81372 -0.5107 0.40998 -1.9518 -0.18504 -0.9642 -0.24956 0.08313 0.11994
1.3099 -0.33832 1.7917 -0.88925 -0.82058 -0.40227 0.56138 -1.2003 -0.19653 -1.1133 0.091744 -0.26247 -0.49642
0.85015 -1.0043 1.3807 -0.393 -0.87985 -0.34766 0.33274 -1.0875 0.46084 -0.79103 -0.3633 -0.10151 -0.43587
0.30822 -1.7208 1.5474 0.20234 -0.51195 -0.82323 -0.36387 -0.74998 0.63284 -0.80535 -0.92237 -0.44469 -0.31902
