-0.14581 1.671 1.5385 1.4823 0.74991 0.45718 0.91693 1.2916 1.2987 0.75149 0.2621 0.26017 0.022474
-0.28426 2.1638 1.9367 1.3212 0.57846 -0.03287 0.45799 0.96289 0.59054 0.19587 0.54308 0.2816 0.20145
-0.45838 1.0029 1.8341 1.1168 0.68339 0.24726 0.56451 0.82136 0.53773 0.17884 0.37464 0.87689 0.71169
-0.67564 1.7193 1.9836 0.76562 0.70809 1.0843 0.65238 0.57311 0.50337 0.43563 -0.10836 0.19404 -0.073403
-0.77803 1.8313 1.3039 0.82961 0.61575 1.0033 0.89886 0.39474 0.58648 -0.15233 -0.38616 -0.065293 0.78401
-0.23203 1.8183 1.6112 0.23575 0.69529 0.19454 0.30371 0.34628 0.69377 0.81235 0.13881 0.047909 0.72506
-0.06734 2.116 1.4529 1.0012 0.95231 0.8551 0.63144 0.42059 -0.00082295 0.27086 0.1431 0.60149 0.38132
0.32252 2.0149 1.5662 0.47755 0.71435 0.39149 0.47234 0.58645 0.41689 1.2956 0.52301 0.59871 0.50496
-0.33367 0.80925 0.56238 -0.049544 0.12102 0.4326 1.6346 0.79553 0.37432 1.046 0.27641 -0.01862 0.69773
0.12851 2.4423 1.9582 0.41863 -0.08695 0.042824 0.70844 -0.11383 -0.027041 0.69572 -0.24833 -0.48418 -0.57227
3.4215 3.4568 2.4041 1.1998 -0.49472 -1.4342 0.25702 -0.31661 -0.64076 0.23801 -0.25933 -0.16254 -0.71339
3.5076 2.836 2.346 1.0351 -0.7139 -0.64588 -0.59423 -0.51763 -0.76118 0.14544 0.30336 0.12055 -0.46371
2.0863 1.7762 2.1683 0.95272 -0.20072 -0.68802 0.33497 -0.21469 0.45921 0.44462 0.018044 0.077598 -0.49919
2.0516 1.7662 2.8373 1.1924 0.25682 0.028093 0.34786 0.35618 -0.59047 -0.43485 0.50552 -0.3249 -1.082
0.99877 0.50448 3.0491 0.43781 0.50735 0.51618 0.60083 -0.027699 -0.049914 -0.17864 -0.56409 -0.34151 -0.6001
1.3632 1.009 2.6275 1.0192 1.0558 0.55656 0.61659 0.20859 0.36725 -0.22555 -0.83203 -0.2111 -0.59951
2.4222 1.9523 3.3093 1.2377 1.6079 0.13512 0.31137 0.45496 -0.36194 -0.76365 -0.54474 -0.38087 -0.39513
2.9475 1.4677 4.0996 1.9574 2.4816 0.045705 -0.15296 0.41416 -1.1287 -0.58555 -0.31556 0.58027 -0.25859
3.7616 3.5347 3.3833 1.7738 1.7697 -0.43136 -0.70242 -1.0006 -0.6472 -0.34893 -0.43961 0.47102 -0.16506
5.1278 4.9118 4.0667 2.0323 -0.13748 -1.3165 -0.50625 -1.7299 -0.49537 0.14916 -0.989 0.11154 -0.3263
6.2645 5.3755 3.5998 2.888 -1.6718 -1.3855 -0.59201 -1.9913 -0.41671 0.39537 -1.6778 0.36561 0.20304
6.805 3.5535 2.0668 1.1699 -0.32 -1.5005 -0.78833 -1.5407 -1.0262 -0.31046 -0.68461 0.41175 0.051559
7.1048 3.927 0.72224 1.2233 -0.69674 -1.1711 -1.7038 0.22943 -0.63235 -0.41345 -1.4081 1.1022 -0.5162
7.0945 2.6509 0.75165 0.23407 -1.0338 -1.1165 -0.96706 0.58493 -0.36467 -0.58433 -1.189 0.66856 -0.97342
7.4312 2.4065 1.0121 -0.26121 -1.4077 -0.84228 -1.2054 0.99842 -0.32277 -0.62656 -1.2995 0.58618 -1.0675
7.7327 2.6333 0.69137 0.0067622 -1.9733 -0.72497 -0.73964 0.9817 -0.17345 -0.9164 -1.1308 0.47248 -0.99784
8.0291 2.5804 0.1341 -0.058171 -1.8294 -0.83075 -0.23125 0.69225 0.29084 -1.2186 -1.155 0.35014 -0.73637
8.3401 2.0614 -0.47644 -0.59741 -1.1142 -0.98956 0.10106 0.68906 0.21398 -1.2507 -1.2092 0.4434 -0.73949
8.5206 2.1903 -1.077 -0.71529 -1.0173 -0.81473 -0.094658 0.88715 0.13291 -1.2208 -1.2604 0.19349 -0.44101
8.5594 2.2691 -1.4643 -0.62962 -1.0816 -0.6325 -0.21377 0.95367 0.057558 -0.85832 -1.3671 0.24956 -0.40401
8.5288 2.3344 -1.5675 -0.50939 -1.086 -0.56408 -0.29343 0.99127 0.21364 -0.94393 -1.3232 0.3507 -0.41676
8.4244 2.175 -1.0253 -0.83656 -0.68948 -0.79264 -0.33048 0.96254 0.23261 -0.97669 -1.4084 0.57925 -0.59785
8.1629 2.4384 -0.54899 -0.63213 -0.80996 -0.76162 -0.58378 0.88805 0.23673 -0.94068 -1.4641 0.57059 -0.67451
7.6313 2.9948 0.10463 -0.66134 -0.54203 -0.67786 -1.2544 0.57386 0.54358 -1.0224 -1.407 0.48377 -0.54887
6.3623 4.7283 -0.083052 0.73382 -0.3437 0.11091 -1.1009 -0.32322 0.18813 -0.15427 -2.1485 0.45695 -0.12184
6.7775 6.6058 1.3809 1.9915 -1.5091 -1.287 -1.4686 -0.25171 -0.13054 0.48012 -2.633 0.31999 -0.40532
6.417 6.0445 1.3598 1.9735 -1.9035 -1.0661 -0.90125 -0.20645 -0.24069 -0.30351 -2.164 0.58754 -0.69102
5.8755 5.1519 1.8092 2.051 -0.96726 -1.2813 -0.83842 -0.18696 0.042372 -1.1371 -1.8605 0.36262 -0.062369
4.8584 4.9877 1.5054 1.9237 -0.32851 -0.75419 -0.65927 -0.3091 -0.20985 -1.1285 -1.5902 0.27204 -0.50174
3.3379 4.3864 1.1618 1.7832 0.62013 0.46061 -1.3428 -0.7197 -0.45096 -0.066949 -1.1542 1.3673 -0.18906
2.7676 4.5752 0.70044 1.2516 0.42256 0.3002 -0.7918 0.15 0.09295 -0.15237 -1.6537 0.72205 -0.61757
2.1402 4.1203 0.78373 1.5027 0.6226 0.12451 -0.69966 0.36058 -0.018178 -0.31694 -1.2128 0.64374 -0.34208
1.5461 4.3362 0.72997 1.1663 0.48783 -0.10301 -0.13364 0.84716 -0.10257 -0.36575 -0.86086 0.43329 -0.37714
1.5542 4.6253 0.66802 0.081707 -0.29244 -0.34828 -0.086854 1.0869 -0.51938 -0.32723 -0.7449 0.25707 -0.17803
1.2348 4.1267 0.63566 0.096806 -0.75527 -0.25023 0.17641 0.60558 -0.6539 -0.4343 -0.73757 0.51178 0.063664
0.6671 3.8059 0.99965 0.20592 -0.3713 0.29911 0.071673 0.39058 0.64105 -0.17095 -1.0878 -0.049299 -0.22818
0.38741 3.237 1.1651 -0.32968 -0.2368 -0.21882 0.010492 0.69946 0.61169 -0.45975 -0.81409 0.18226 0.4013
0.25831 2.8561 0.59602 0.01923 -0.10421 -0.52027 0.35721 0.95168 0.43011 -0.43155 -0.42843 1.1785 0.53725
0.28116 2.7275 0.86066 0.15079 0.68461 0.2907 0.17733 1.0787 0.46166 0.052038 -0.75844 0.39605 0.4696
-0.09143 3.0151 -0.060974 0.285 0.56454 -0.087081 0.31047 0.56998 0.65272 0.45009 -0.99435 0.18551 0.25659
0.12302 2.9673 0.74773 0.60161 0.23802 -0.073456 0.22443 0.42199 -0.018104 -0.18765 -0.53443 0.5958 0.55186
-0.51705 3 0.88898 0.43698 0.73891 0.16423 0.54431 0.70569 0.080717 -0.031607 -0.50629 -0.0942 0.021643
