-1.7448 -5.0107 0.64381 2.2104 -0.39669 -0.11075 0.32169 -0.24004 -0.54763 0.68318 0.99411 0.13975 -0.21165
-0.26379 -4.3344 1.0126 1.8155 -0.69238 -0.22974 0.21336 0.56375 0.1636 1.4324 -0.1534 -0.24791 -0.49842
0.7287 -1.7437 2.5479 1.2165 -2.0303 -1.0176 -0.30102 -0.72568 -0.62084 0.24442 0.19451 -1.0092 0.02221
0.40507 -1.3753 3.2114 0.827 -1.5631 -1.0426 -0.072805 -0.27205 -0.85903 -0.32265 0.73279 -0.58532 -0.37193
0.18006 -1.0287 3.1921 0.66586 -1.1252 -0.40188 -0.53703 -0.5771 -0.15568 -0.12823 0.4174 -0.48139 0.004003
-0.98182 -0.89129 1.9327 -0.20559 -0.58726 -0.47918 0.31474 -1.0069 0.52449 -0.40641 -0.23434 -0.1978 -0.17228
-3.4047 -2.3427 0.98484 0.62737 0.57336 0.383 -0.018355 -0.38079 0.73076 0.43503 0.58877 0.95596 -0.13647
-4.1248 -2.4884 0.7913 0.39066 0.30641 0.31174 0.45455 0.026149 0.28456 0.12054 0.38869 0.16351 -0.039828
-4.8396 -2.6338 0.56736 0.32277 0.64541 0.28977 -0.055424 -0.14759 0.36762 0.39537 0.40684 0.60265 -0.015641
-5.0613 -2.479 0.80623 0.43502 0.67827 0.40898 0.25406 -0.010575 0.21975 0.2581 0.39332 0.27635 -0.33738
-5.268 -2.5468 0.67687 0.28167 0.53614 0.27888 0.26452 0.063318 0.23528 0.43702 0.68269 0.38795 -0.15846
-6.1894 -2.388 0.83107 0.4619 0.74692 0.52882 0.56597 0.39842 0.48124 0.48186 0.55055 0.3203 0.028721
-5.8531 -2.5422 0.61857 0.3556 0.73476 0.65754 0.68676 0.72733 0.88251 0.59294 0.29 0.51343 0.52488
-6.0747 -2.1187 0.99318 0.62576 0.9449 0.78531 0.86918 0.77567 0.79987 0.70301 0.69512 0.6496 0.63358
-2.021 -1.9282 1.7042 -1.2789 -0.90369 -0.32016 0.54057 0.0361 0.060995 0.16198 0.0093524 0.46934 0.43719
-0.71183 -3.6333 0.99903 -0.6252 -0.74272 -0.58351 -0.35155 -0.1754 -0.06883 0.088092 -0.092359 0.31459 0.75262
-1.9016 -2.0429 2.0969 1.228 -0.074188 0.33878 -0.099433 -1.3773 0.59419 -0.65534 -0.55078 0.49724 0.05489
0.4485 -0.24667 2.5595 0.8309 0.046741 -0.61665 0.49577 -1.116 0.28613 -0.85593 -0.641 0.1624 -0.51417
0.78856 -0.020597 2.5379 0.7028 -0.057379 -0.8696 0.1131 -1.1884 -0.2717 -0.60715 0.10456 0.31321 -0.44071
1.3032 -1.0045 1.7777 0.49573 -0.068468 -1.2995 -0.47901 -0.14431 -0.5409 -0.64448 -0.19965 0.56201 -0.15758
1.7299 -0.8083 1.5007 0.41822 -0.84624 -1.2824 -0.33504 0.76834 -0.3875 -1.104 -0.024677 0.35222 -0.32679
2.4291 -1.1735 0.75897 0.71109 -0.94195 -1.0723 -1.0944 1.6241 -0.7722 -1.0755 0.38438 -0.26266 -0.36426
2.4032 -1.2315 0.59929 0.37738 -0.87439 -0.92729 -1.0868 0.91996 -0.40837 -1.0492 0.29589 -0.13103 -0.45184
2.7721 -1.5974 0.21475 0.3905 -0.99134 -0.54304 -1.2983 0.92836 -0.17788 -0.7641 -0.037415 -0.51067 -0.26221
2.6449 -1.709 0.26745 0.16936 -1.0064 -0.41772 -1.4512 0.59303 -0.20104 -0.57459 -0.24962 -0.48952 -0.27122
3.6322 -2.3905 -0.33312 0.066936 -1.0809 -0.32597 -2.0148 1.2057 -0.3094 -0.69503 -0.77972 -0.26975 -0.29748
3.5051 -2.1353 -0.56077 0.30688 -1.1325 -0.22648 -1.9286 0.98445 -0.038248 -0.6188 -0.65917 -0.37038 -0.28007
3.3404 -2.328 -0.22355 -0.19473 -0.83584 -0.36726 -1.7713 0.70039 -0.11842 -0.62625 -0.71416 -0.27459 -0.32352
3.3889 -2.5773 -0.28978 -0.18594 -0.94434 -0.10422 -1.962 0.39686 -0.13435 -0.76016 -0.70352 -0.44318 -0.31217
3.2356 -2.1834 -0.12644 0.020763 -0.88417 0.12311 -2.1111 0.47172 -0.1295 -0.55147 -0.7209 -0.42023 -0.038618
3.1871 -2.3981 -0.059223 -0.28177 -0.63743 0.14474 -2.1149 0.42987 -0.024614 -0.60456 -0.71472 -0.31547 -0.23828
2.7434 -1.6066 0.094409 -0.56977 -0.42541 0.0043386 -2.3401 0.69941 -0.021196 -0.72913 -0.38437 -0.67028 -0.5064
2.5774 -1.3772 0.00028126 -0.43495 -0.19118 -0.28096 -2.1939 0.4444 -0.15476 -0.37372 -0.67324 -0.62918 -0.29352
1.8835 -0.86591 0.27688 -0.60066 -0.22396 -0.6085 -1.4652 0.3765 0.24504 -0.66343 -0.959 -0.39391 -0.34119
0.97958 -0.41355 1.3459 -0.78471 -0.24342 -0.50209 -0.6888 -0.43949 -0.01787 -0.4936 -1.0183 -0.50845 -0.16226
0.13478 -0.60718 2.2643 0.53176 0.021873 -0.4463 -0.59596 -1.0256 0.44976 -1.1116 -1.0926 -0.21633 -0.36356
0.091334 -0.81756 2.5605 1.4284 -0.091648 -0.71852 -0.45312 -1.4787 0.15968 -1.3973 -0.79996 0.079824 -0.025613
-0.23167 -0.85701 2.0559 1.3172 -0.064482 -0.39101 -0.32734 -1.6869 0.32574 -1.2011 -0.47365 -0.072747 -0.23144
-0.59496 -1.1704 2.3226 0.88439 -0.14101 -0.6795 -0.58769 -1.7471 0.38271 -0.60557 -0.47854 -0.31436 -0.63281
