-1.7547 -2.5221 1.7836 -0.23574 -1.4492 -1.3917 -0.20869 -1.1465 0.097681 0.3586 0.50377 -0.050693 -0.064109
1.0606 -4.7008 3.2447 -0.95121 -1.848 -1.1826 -1.6314 -1.6387 0.24531 0.59808 0.18089 0.23788 -0.24372
1.3648 -5.4713 1.9897 -0.96224 -2.3034 -1.845 -1.7858 -1.3641 0.33992 -0.12438 -0.033773 0.20096 -0.12274
1.0755 -4.4089 1.8044 -0.83913 -1.6458 -1.5849 -1.2943 -1.7938 0.38081 0.15422 -0.25731 -0.43223 -0.79135
0.21292 -3.4979 1.5563 -1.2129 -1.6422 -2.1413 -0.99194 -1.5537 0.013222 -0.031337 -0.030472 -0.5833 -0.42493
-0.82941 -3.2721 1.1385 -0.60334 -1.2075 -1.1007 -0.83222 -1.6527 0.15138 -0.50408 0.097397 -0.22035 -0.37484
-3.3796 -2.532 1.0068 0.28536 -0.24984 -0.35637 -0.18115 -0.90709 -0.097857 0.19031 0.92431 0.32539 -0.15747
-4.541 -2.7607 0.55414 -0.025357 -0.077213 -0.17975 0.092227 -0.29411 -0.15244 0.12397 0.61734 0.13958 0.061497
-4.721 -2.8388 0.37535 -0.28119 -0.24928 -0.26984 0.47708 0.3325 0.11262 0.34787 0.82796 0.16192 0.81104
-4.5437 -2.855 0.52434 0.20452 0.70006 0.047846 -0.45869 -0.67398 -0.30299 0.28928 0.93953 0.85344 -0.1497
-5.801 -2.4763 0.70899 0.068533 0.31172 0.069765 0.32705 0.042751 -0.17885 0.30754 0.98306 0.47924 0.34211
-5.7234 -2.5025 0.69554 0.13819 0.43684 0.49642 1.1748 0.97456 0.33595 0.13728 0.23633 -0.2625 0.70823
-6.0415 -2.6443 0.63618 0.17921 0.41169 0.10453 0.1361 -0.14044 -0.0099739 0.42509 1.0046 0.55194 -0.011812
-4.6118 -2.7039 0.39476 -0.30133 -0.048355 0.044957 0.94653 0.76954 0.15769 0.27571 0.73992 -0.15844 0.40295
-5.3009 -2.3786 0.69502 -0.13038 0.049817 0.15244 1.2206 0.98538 0.17255 0.39845 1.0251 0.00227 0.863
-5.1398 -2.7392 0.5536 -0.15576 -0.10221 0.082031 1.1436 0.84918 0.021186 -0.16583 0.23882 -0.57272 0.78364
-5.6743 -2.7845 0.37253 -0.35397 -0.15206 -0.1369 0.68758 0.53498 0.15182 0.67807 1.4351 0.53166 0.70487
-3.3302 -2.8318 1.0299 -1.5209 -0.80111 -0.35538 0.78413 1.0394 0.16535 0.053088 0.62977 0.10771 0.64765
-1.2788 -2.5456 0.84982 -1.5585 -2.0096 -1.2625 0.025612 -1.0226 -0.31392 -0.37971 0.96884 0.59323 1.2427
0.10906 -2.4453 0.42516 -1.9367 -2.0069 -1.7066 -0.08424 -1.8406 -0.6765 -1.0327 0.28897 0.10753 0.3244
0.57927 -2.8412 -0.15856 -2.2516 -2.0859 -1.4722 0.58967 -0.91548 -0.85526 -0.64521 -0.22284 -0.026514 0.022365
0.7157 -2.8007 -0.14284 -1.7303 -2.386 -1.7138 0.8924 -0.80581 -1.0061 -0.61255 0.22242 0.024085 -0.16533
0.93946 -2.9026 -0.16605 -1.5786 -2.0272 -1.5036 0.63597 -0.23807 -1.1247 -0.56519 -0.081169 -0.22378 -0.43078
2.972 -3.5734 -1.7345 -2.5325 -3.2175 -2.7051 0.93697 0.36693 -0.79376 -0.64656 0.24675 -1.4418 -1.3096
3.5561 -4.7694 -1.7224 -2.3793 -2.9751 -1.9943 0.73958 0.51418 -0.65125 0.04177 0.016739 -0.89793 -0.37711
3.6743 -5.7979 -1.7313 -2.4742 -2.6481 -1.7202 0.63589 0.26804 -0.9477 0.049773 0.023762 -0.35657 -0.2737
4.0851 -5.8813 -1.4992 -2.1682 -2.2153 -1.4021 0.65851 0.42509 -0.98347 0.29212 -0.25513 -0.50555 -0.13036
4.3346 -5.93 -1.5314 -2.1557 -1.8719 -1.4354 0.82204 0.50373 -1.0877 0.26319 -0.35371 -0.56304 -0.15361
4.3494 -6.0836 -1.6691 -2.203 -2.0327 -1.4361 0.68118 0.24826 -0.76543 0.2762 -0.46736 -0.51386 -0.037276
4.4406 -6.6038 -1.8756 -2.3661 -2.2005 -1.4265 0.76455 0.16176 -1.127 0.50611 -0.41391 -0.5049 -0.22323
4.5768 -6.4846 -1.5777 -2.3629 -2.1518 -1.3254 0.63347 0.23136 -0.95296 0.41354 -0.70349 -0.60155 -0.23101
4.6442 -6.6414 -2.2187 -2.3987 -2.3067 -1.097 0.80808 0.28909 -0.97212 0.33211 -0.64624 -0.66061 -0.16694
4.9309 -6.8005 -1.9818 -2.098 -1.9425 -0.90098 0.85354 0.44237 -0.68328 0.42861 -0.47504 -0.62489 -0.11901
5.3 -6.9755 -1.4749 -1.5695 -1.7319 -1.1481 1.1667 0.47533 -0.46366 0.66923 -0.40171 -0.59691 0.056097
5.3273 -7.0962 -1.804 -1.8081 -1.852 -1.1442 0.75179 0.13014 -0.99411 0.24986 -0.73102 -1.1738 -0.23804
5.4066 -7.6417 -2.3121 -1.8229 -1.9697 -0.95662 0.86842 0.19327 -0.85866 0.35221 -0.64526 -0.90662 0.11423
5.4242 -7.1848 -1.7165 -1.3548 -1.4864 -1.0006 0.88884 0.22125 -0.78902 0.63094 -0.48267 -0.95146 -0.19524
5.3289 -7.8102 -2.2938 -1.9574 -1.7474 -1.126 0.67913 0.034225 -0.93271 0.13913 -0.53699 -1.1264 -0.23926
5.2939 -7.9169 -2.3398 -1.9419 -1.4829 -1.0776 0.63429 0.13305 -0.75432 0.24108 -0.26898 -0.98689 -0.06078
5.1909 -7.9543 -2.8126 -2.2231 -1.9675 -1.4918 0.48246 0.10604 -0.83078 0.16181 -0.3341 -0.83307 -0.12656
4.8755 -6.8255 -2.474 -1.9312 -1.7421 -1.361 0.71937 0.25873 -0.62579 0.32699 -0.053747 -0.69057 -0.16036
4.6535 -5.6527 -3.2492 -1.9744 -1.9808 -1.9026 0.98613 0.33657 -0.68932 -0.0025528 -0.13007 -0.98805 -0.12331
4.115 -3.7499 -3.0713 -2.5698 -2.1801 -2.5683 1.2118 0.54231 -0.81435 0.066658 0.38638 -0.60061 0.091457
2.3526 -3.4923 -1.2392 -2.5517 -2.7837 -2.5568 0.60938 -0.34179 -1.5063 0.070045 1.224 0.36384 0.77229
2.0665 -3.2159 -1.2265 -1.897 -2.1573 -2.4054 0.30355 -1.2538 -1.2546 -0.032532 0.91621 0.66874 0.73834
1.834 -3.1479 -0.83091 -1.9514 -2.1832 -1.7286 0.13267 -1.3116 -1.6989 -0.3513 1.189 0.70298 1.1626
1.7033 -3.0349 -0.96702 -2.3531 -1.6967 -1.5356 -0.018871 -1.3563 -2.0039 -0.85215 0.89114 0.60428 0.96587
1.3652 -3.0919 -0.18223 -2.1028 -2.4305 -1.8354 0.64299 -2.0035 -1.7353 -0.55237 0.95729 0.61419 0.78429
0.95359 -2.4931 0.044619 -2.1134 -2.1638 -1.9617 0.18575 -1.672 -1.1484 -0.48697 0.81204 0.21963 0.95248
0.183 -2.4995 0.42479 -1.2585 -1.8118 -1.3655 -0.40822 -1.8622 -0.94302 -0.4253 0.64428 0.12037 1.0539
