3.3683 -4.847 3.4886 -0.061672 -2.7471 -1.552 -0.61362 -1.8103 -0.25833 -0.013923 -0.86683 0.15299 -0.97848
3.6827 -5.3708 3.1247 -0.035451 -3.0611 -1.8677 -0.84788 -1.8396 -0.38027 -0.02807 -0.88493 0.25787 -1.0283
2.589 -4.201 3.1143 0.37414 -2.9634 -2.0767 -0.7794 -1.7193 -0.1494 -0.30865 -1.0448 -0.17306 -1.1192
2.0188 -3.6412 2.7047 0.65219 -2.6097 -1.8755 -0.45735 -1.8029 -0.52776 -0.61773 -0.24496 -0.068923 -0.88702
-1.1279 -2.0154 2.488 1.0816 -0.62106 -1.0417 -0.42666 -1.428 0.69055 -0.14287 -0.0015786 -0.33117 -0.61867
-2.7444 -2.0213 1.3702 -0.054653 -0.60279 -0.79927 0.36937 -0.58908 0.58814 0.85494 1.4815 -0.35971 0.60794
-3.7925 -3.0548 0.37448 -0.35022 -0.52953 -0.54501 0.40258 0.11024 0.3197 0.60938 1.1275 -0.28981 -0.0096304
-4.5876 -2.6603 0.67455 0.26253 0.15938 0.031374 0.23031 -0.049241 0.5323 0.52426 0.76012 0.38745 0.24892
-4.2831 -2.7429 0.64502 0.053077 0.31638 0.016521 0.66917 0.45503 0.19477 0.72571 1.4813 0.35082 0.24116
-4.9804 -2.6137 0.72562 0.024129 -0.37747 0.041902 1.0049 0.4769 0.36871 0.3661 1.0198 0.0054931 0.25139
-5.4773 -2.4567 0.73742 0.47385 0.82218 0.6553 0.55598 0.50866 0.73425 0.36904 0.04992 0.26136 0.11445
-3.9772 -1.5775 0.62281 1.2924 0.91927 0.21846 -0.38661 -0.83567 0.46271 -0.19525 -0.57103 0.25727 0.10449
-0.47758 -2.3483 0.7971 1.5166 0.19883 0.33254 -0.4881 -1.2245 0.021084 -0.40683 -0.51312 -0.22233 -0.015086
1.07 -0.55399 2.9443 1.6429 -0.10264 -0.78913 -0.75814 -2.4592 -0.089894 -1.0757 -0.29315 -0.02117 -0.28862
2.955 -1.0992 3.0379 1.1443 -1.093 -2.7051 -1.0454 -2.6202 -0.79625 -1.3074 -0.35903 -0.84914 -0.90515
2.94 -1.2749 2.2018 1.8924 -0.9659 -2.3495 -0.79554 -2.5147 -0.84747 -0.91144 -0.11365 -0.87903 -0.95415
3.0305 -1.0282 1.628 1.6219 -1.2947 -2.4961 -0.96413 -2.3895 -1.1357 -1.2981 -0.065582 -0.92796 -1.1042
3.1344 -0.99034 0.67478 -0.071349 -1.7831 -2.418 -0.37827 -2.0759 -1.7539 -1.773 -0.89079 -0.63335 -1.0681
3.2348 -1.7719 -0.97516 -0.96452 -0.14761 -2.226 0.19533 -1.2857 -2.6121 -1.9765 -1.4675 -0.13825 -0.11316
3.6516 -2.2514 -2.2977 -1.3204 -0.60958 -1.6374 -0.0485 -1.1103 -2.703 -1.8374 -0.87778 -0.21944 0.046281
4.0512 -2.8215 -2.8521 -1.457 -0.82891 -1.3499 -0.27891 -1.0744 -2.7442 -1.9897 -0.9638 -0.31633 -0.16416
4.3558 -3.4737 -3.1621 -1.6102 -1.2364 -1.4178 -0.60602 -1.0559 -2.8211 -2.0852 -1.0476 -0.28164 -0.053701
4.5688 -3.2743 -3.0912 -1.423 -0.94672 -1.4268 -0.5323 -0.44932 -2.4942 -1.7185 -1.0691 0.092597 0.12922
4.779 -3.0118 -3.351 -1.576 -0.72737 -1.5894 -0.63238 -0.23275 -2.5945 -1.9825 -0.89596 -0.080445 0.015866
4.7368 -2.9521 -2.9257 -1.471 -0.53302 -1.1773 -0.47306 -0.11722 -2.3331 -1.6849 -0.94377 0.061257 0.19208
4.6593 -3.6582 -3.1976 -1.6384 -0.92665 -0.89585 -0.77176 -0.30986 -2.4192 -1.9011 -1.2528 0.034019 0.20899
4.6464 -3.4687 -3.42 -1.7757 -0.93413 -1.1209 -0.95291 -0.53057 -2.519 -1.7485 -1.1076 0.16412 0.41997
4.6498 -3.0499 -3.6253 -1.7126 -0.99488 -1.0526 -0.94659 -0.72754 -2.6495 -1.9399 -1.291 0.12162 0.086911
4.7288 -3.3707 -3.2223 -2.1309 -0.94551 -1.3719 -1.1358 -0.76805 -2.6755 -1.7749 -1.1236 0.3937 0.028577
4.7072 -2.4389 -2.522 -1.2909 -0.30765 -0.86335 -0.36119 -0.40599 -1.8847 -1.3923 -0.40977 0.84781 0.25372
4.6044 -2.7332 -2.8216 -1.7106 -0.70573 -1.2116 -0.68191 -0.69743 -2.1531 -1.3672 -0.24517 0.77877 0.17491
4.4699 -2.8522 -2.6672 -1.8512 -0.82258 -0.8644 -0.99782 -0.53278 -2.2836 -1.4283 -0.46466 0.91921 -0.061826
4.142 -2.9146 -2.7492 -1.9638 -1.106 -1.1276 -1.3489 -0.79817 -2.146 -1.2203 -0.18124 1.0421 0.32832
3.8015 -2.2565 -2.8078 -2.0045 -1.1221 -1.5439 -1.3903 -1.1774 -1.9368 -0.96725 -0.049622 1.1322 0.25404
3.4358 -1.3806 -2.3196 -1.8196 -0.73582 -1.8186 -0.81187 -1.3073 -1.5132 -1.2218 0.18005 0.6311 0.61673
2.9942 -1.1467 -1.6341 -1.1969 -0.52115 -2.2352 -0.84869 -1.6268 -1.16 -1.0603 -0.076936 0.45049 0.39352
2.4976 -2.2255 -0.39964 -0.15879 -1.1814 -2.8486 -1.8527 -2.2757 -0.6365 -1.2701 -0.56253 0.51886 0.57939
2.2849 -1.5402 0.42326 0.39495 -0.98207 -2.3434 -1.0981 -2.3204 -0.41241 -2.0233 -0.21782 0.63144 -0.355
1.6632 -1.3407 0.49166 0.23879 -0.95729 -2.5307 -1.3229 -2.0417 -0.50588 -1.7441 -0.089394 0.36309 -0.45114
0.79077 -1.249 1.6707 0.53963 -0.72326 -2.3973 -1.6993 -2.2876 -0.27634 -0.86244 1.0399 0.78341 0.047932
-0.57875 -2.025 1.0985 0.43835 -0.61032 -1.6403 -0.83644 -1.4852 -0.62231 -1.1187 0.61026 0.88359 0.56029
-0.62528 -2.9737 0.75974 -0.67074 -1.4109 -1.3247 -0.22293 -1.9116 -0.7776 -1.1235 1.379 1.7792 1.7111
