1.6332 -3.9608 2.3153 0.73583 -2.7204 -1.5595 -1.4187 -1.5828 -0.90101 0.09647 -0.34659 0.029922 -0.828
0.15012 -2.6105 2.2283 0.90123 -1.3681 -1.9465 -1.12 -1.9937 -0.61498 -0.1753 0.47654 -0.11487 -0.55963
-2.8115 -2.3765 1.1508 0.91176 0.46035 0.17254 -0.46342 -1.0912 0.53742 0.13252 0.31639 0.89736 0.10408
-4.2219 -2.5176 1.0079 0.53216 0.25242 0.17169 0.092066 -0.61769 -0.10493 0.084789 0.86829 0.59842 -0.1604
-4.5305 -2.6271 0.6523 -0.033702 0.0094939 0.040444 0.49834 0.046319 -0.34224 -0.033519 0.55675 -0.022491 -0.0045449
-5.0027 -2.4447 1.0199 0.49165 0.67354 0.1976 -0.034892 -0.40578 -0.055109 0.62687 1.43 0.95871 -0.087417
-5.1477 -2.5536 0.87596 0.26864 0.43699 0.050667 -0.03275 -0.40367 -0.17568 0.53872 1.3978 0.81982 -0.11257
-5.7494 -2.5432 0.61911 0.19182 0.47489 0.25195 0.38079 0.22134 0.25996 0.45465 0.73611 0.38221 0.13856
-5.235 -2.3408 0.87843 0.42431 0.33147 0.41709 0.73643 0.37222 0.42508 0.13323 0.23468 0.016162 0.27751
-5.1854 -2.6473 0.59781 0.42435 0.55886 0.54446 0.79329 0.64197 0.10671 0.13297 0.27822 -0.07065 0.35315
-5.1113 -2.4307 0.73792 -0.082924 0.025673 0.076617 0.92994 0.53793 -0.20326 0.26771 1.1144 0.14277 0.59933
-5.4463 -2.4073 0.852 0.59318 0.90195 0.5118 0.093953 -0.071093 0.44559 0.48621 0.52213 0.68239 -0.062774
-5.3071 -2.4035 0.72591 0.36218 0.6758 0.43889 0.36563 0.27575 0.525 0.60013 0.68847 0.70622 0.40855
-4.1192 -2.8293 0.51394 0.099754 0.15678 -0.059889 -0.28405 -0.67102 -0.27783 -0.24238 -0.022162 0.065839 -0.41192
-0.63465 -1.6592 2.1703 0.80704 -0.49817 -0.94267 -0.886 -2.2847 0.027076 -1.0956 -0.67006 -0.53411 -0.91797
0.5994 -0.9108 1.986 0.097248 -1.1174 -1.2908 -0.97443 -3.1022 -0.073155 -1.2947 -0.70587 -0.52669 -0.75484
0.17154 -0.75282 1.9419 0.23048 -0.35163 -0.60413 -0.41331 -2.2052 0.6371 -0.89437 -0.37168 0.072685 -0.65048
0.18075 -1.3249 1.8859 0.18921 -0.94292 -0.9864 -0.17679 -1.5138 -0.079639 -0.84367 -0.12161 -0.20064 -0.97768
1.5773 -3.028 0.046976 -1.7957 -1.9432 -1.8238 0.41287 -0.40252 -1.8385 -1.7426 -0.83903 -0.73623 -1.4836
2.5546 -3.5405 -0.25044 -1.286 -1.5668 -0.88594 0.91755 -0.065005 -1.7973 -0.8997 -0.60072 -0.0040389 -1.043
2.7389 -3.5172 -0.69054 -1.079 -1.4283 -0.56562 1.2486 0.069985 -1.7238 -0.7636 -0.52326 0.13051 -0.93033
2.6115 -3.5279 -0.86573 -1.1468 -1.3529 -0.41294 1.0379 -0.24641 -1.4508 -0.7914 -0.48608 0.13423 -0.93772
2.4394 -3.4715 -1.1421 -1.2169 -1.5613 -0.50829 0.8176 -0.52778 -1.593 -0.97131 -0.56358 -0.11303 -1.0015
2.5313 -3.3544 -0.99735 -1.3378 -1.302 -0.56406 0.81696 -0.46896 -1.4577 -1.142 -0.44137 0.077294 -1.1372
2.4892 -3.2983 -1.1259 -1.2183 -1.3951 -0.53132 0.8027 -0.47548 -1.5767 -1.1959 -0.42426 -0.036513 -1.1102
2.585 -3.6917 -1.0944 -1.0734 -1.4352 -0.36138 0.69514 -0.49037 -1.5441 -1.1008 -0.49556 -0.11073 -1.133
2.7931 -3.5514 -1.2724 -1.1611 -1.3837 -0.51117 0.74475 -0.66474 -1.5014 -0.88724 -0.38248 -0.012994 -1.2698
2.8145 -3.8554 -0.97242 -1.3181 -1.6909 -0.58129 0.81424 -0.45472 -1.6676 -0.78949 -0.22281 -0.19017 -1.1036
2.8732 -4.0947 -1.2182 -1.7123 -1.8911 -0.84973 0.78587 -0.56424 -1.7248 -0.90126 -0.37579 -0.41362 -1.0654
2.7339 -3.9705 -1.4149 -1.6961 -1.8877 -0.56997 0.99001 -0.33008 -1.5136 -0.95833 -0.49843 -0.42727 -1.0041
2.6967 -3.8345 -1.1898 -1.6593 -1.8316 -0.83979 0.84005 -0.10471 -1.3661 -1.12 -0.51024 -0.50851 -1.0493
2.7178 -3.4335 -1.1594 -1.643 -1.625 -1.027 0.89634 0.030255 -1.2908 -1.3871 -0.78067 -0.56709 -1.1379
2.4557 -3.3412 -0.90446 -1.6581 -1.4824 -1.2715 0.99325 0.37548 -1.1077 -1.6458 -0.59254 -0.72316 -0.95472
1.6637 -2.4548 0.015173 -1.7837 -1.1921 -1.5526 0.9806 0.44884 -0.66873 -2.2002 -0.68436 -0.78715 -0.97582
0.83935 -2.0612 0.88613 -0.95332 -1.0558 -1.7166 0.38859 -0.37321 -1.1433 -1.6502 -0.8938 -0.17893 -0.8767
0.58745 -1.9373 1.3059 -0.92462 -0.78879 -1.5195 0.29797 -1.0306 -0.63479 -1.4377 -0.5072 -0.22222 -0.75413
0.51495 -1.8564 1.5142 -0.70231 -1.3705 -1.6144 0.030585 -0.94876 -0.19607 -1.0743 -0.73582 -1.0937 -0.74789
0.6978 -1.7382 1.8136 0.1657 -1.6036 -2.0823 -0.3943 -1.2467 -0.25609 -1.5202 -0.59929 -0.78139 -0.56337
0.70187 -1.0743 1.4858 -0.055107 -0.73423 -1.1034 -0.54714 -1.8877 0.080147 -1.1968 -0.45539 -0.31982 -0.4025
0.6471 -1.4186 1.5555 0.15849 -1.0841 -1.224 -0.52392 -1.9729 0.092778 -1.0857 -0.55875 -0.89092 -0.53436
0.54267 -2.1484 1.6584 0.23374 -1.0353 -1.5646 -1.2895 -2.3021 0.19384 -0.91368 -0.76964 -1.1671 -0.92936
0.19956 -1.4462 2.1212 0.60058 -1.0688 -1.2491 -0.68747 -1.6273 0.57699 -0.96682 -0.19193 -0.50005 -0.89588
-0.33501 -1.611 1.8973 0.28773 -0.38348 -0.68072 -0.54819 -1.8706 0.67808 -0.75547 -0.73765 -0.65898 -0.86457
