0.54578 -3.4772 1.4726 0.019187 -2.6663 -1.4537 -0.22358 -1.4932 -0.17108 -0.017564 -0.10905 0.51846 -0.019191
-1.2837 -2.7488 2.1764 0.41134 -1.6046 -1.2657 0.19111 -1.6532 0.064284 0.026133 0.7785 -0.19816 -0.51123
-3.1752 -2.6428 0.695 0.28245 0.0014927 0.16067 0.42164 0.18087 0.86923 0.44436 0.38234 0.4397 0.46543
-4.5425 -2.2898 1.0316 0.51364 0.20256 0.3005 0.62973 0.081047 0.45168 0.43457 0.98512 0.4729 0.23671
-5.2512 -2.5451 0.66467 0.373 0.74504 0.76758 0.93926 0.93945 0.87314 0.34676 -0.047652 0.043477 0.36348
-6.0742 -2.4433 0.76263 0.65142 1.0454 0.69004 0.18877 0.23606 0.83247 0.55456 0.16809 0.74471 0.17926
-6.2901 -2.3515 0.75824 0.37788 0.67636 0.51536 0.58953 0.47388 0.51929 0.47687 0.51513 0.49912 0.52323
-6.1983 -2.2503 0.97399 0.61495 0.94618 0.97496 1.1652 1.1153 1.0268 0.42524 -0.075239 0.04489 0.59755
-6.1953 -2.6369 0.53335 0.20101 0.51889 0.41247 0.52309 0.46461 0.49477 0.45161 0.46206 0.5901 0.77944
-6.3 -2.3806 0.72504 0.3505 0.66704 0.51276 0.60537 0.51484 0.54781 0.47467 0.47862 0.42999 0.42002
-5.637 -2.4235 0.67511 0.2905 0.59449 0.43141 0.52695 0.43457 0.45739 0.40323 0.4222 0.36918 0.37963
-5.3739 -2.2469 0.98264 0.72045 1.0224 0.44799 0.026376 0.011595 0.382 0.52543 0.5691 0.59019 -0.15801
-4.811 -2.4728 0.80478 0.70812 1.1359 0.91176 0.52189 0.6251 0.92911 0.25172 -0.56622 0.19325 0.38179
-2.2463 -2.2138 0.54658 -0.29506 -0.43696 0.34205 0.010403 -0.10806 0.22083 -0.38489 0.52065 0.088163 -0.13792
-1.2594 -1.3967 0.0022248 -1.5702 -0.66493 0.49925 -0.12034 -0.44645 0.10794 0.27542 0.41609 0.77387 0.28657
-2.8909 -1.7454 0.30924 -1.2343 -0.63825 0.1377 -0.31441 -1.0716 -0.356 -0.089365 0.16837 0.82683 -0.031096
0.20165 -0.9013 1.8997 0.33384 -0.79156 -1.4031 -0.5172 -2.3005 -0.44207 -1.47 -0.29653 0.22394 -0.43584
1.2796 -0.58012 1.6242 0.022474 -1.4349 -1.7982 -0.067592 -2.3622 -0.64555 -0.90322 0.15112 0.0050392 -0.42714
1.1928 -0.62854 1.3274 -0.52995 -1.6221 -1.9899 -0.48739 -2.1911 -0.50887 -0.59321 -0.072296 -0.5425 -0.84657
1.1952 -0.23541 1.1166 -1.8024 -1.397 -1.584 -0.39388 -1.9665 -0.68119 -0.76555 0.35572 -0.8262 -1.0087
1.4447 -0.23846 0.36471 -1.1086 -1.4338 -2.1818 0.11415 -0.90005 -0.46966 -0.71998 0.55667 -0.62937 -0.52624
1.9885 -0.2268 0.21826 -2.1609 -2.5193 -1.7774 0.14528 -0.8676 -0.37807 -0.61647 0.07063 -0.20869 -0.5492
2.468 -1.3912 -0.025569 -1.8982 -2.6974 -1.5862 0.2153 -0.51253 -0.47423 -1.0831 0.22506 -0.37408 -0.30951
2.5685 -1.4827 -0.77502 -1.4348 -2.5813 -1.582 0.5645 -0.38956 -0.63566 -0.962 0.41105 -0.079322 -0.58135
2.5465 -1.3067 -1.0193 -1.7492 -2.2892 -1.4656 0.10231 -0.58201 -0.54993 -1.1905 0.24422 -0.25589 -0.50315
2.7596 -1.6863 -1.5004 -2.2216 -2.1432 -1.8534 -0.40976 -0.27179 -0.90923 -1.5287 0.067107 -0.47641 -0.6785
2.8155 -1.6321 -1.4734 -2.2107 -1.8306 -1.6955 -0.37195 0.12972 -0.89034 -1.4602 0.26416 -0.21045 -0.77022
2.9798 -1.2739 -1.5104 -2.3695 -1.2604 -1.9867 -0.15474 0.50682 -1.07 -1.2169 0.5733 -0.27236 -0.69179
2.9797 -1.2399 -1.5929 -2.199 -1.504 -1.6268 -0.14203 0.8005 -0.99525 -1.2106 0.82092 -0.29293 -0.54911
2.8747 -1.5491 -1.732 -2.5643 -1.7205 -2.3066 -0.43833 0.21826 -1.2449 -1.4668 0.3716 -0.17549 -0.92185
2.6817 -0.97654 -1.7499 -2.7069 -1.4175 -2.1516 -0.35356 0.17343 -0.94904 -1.4044 0.4408 0.012877 -0.81641
2.782 -0.24448 -2.3097 -2.6466 -1.4204 -2.0075 -0.031653 0.37351 -0.81055 -0.90847 0.32571 0.019427 -0.28802
3.0897 -0.074275 -2.4029 -2.4122 -1.1496 -2.2159 0.17386 0.50633 -1.0273 -0.87885 0.011245 0.25398 -0.18246
3.1081 0.093996 -1.9328 -2.2927 -0.90989 -1.9663 0.28118 0.5377 -0.87246 -0.95479 -0.28325 0.20494 -0.027603
2.712 0.68648 -1.4583 -2.3732 -0.76927 -2.237 -0.38367 -0.055743 -0.18913 -0.74585 -0.26153 0.30549 0.22462
1.9902 0.66828 -0.36842 -1.319 -1.7501 -2.4127 -0.4544 -1.803 0.078514 -0.52499 0.049322 -0.15301 0.3971
2.1388 -0.2064 0.5391 -1.3061 -2.3596 -2.6495 -0.93469 -2.2913 -0.58875 -0.62483 0.77506 0.14257 -0.35146
1.927 -1.2547 0.038988 -1.3438 -2.126 -2.4519 -0.88697 -2.4574 -0.69689 -0.8579 0.63179 0.40412 0.73653
1.5441 -1.1009 0.80174 -1.1381 -1.9192 -1.431 -0.66404 -2.9109 -0.56789 -0.99058 0.40196 0.65343 0.89563
0.64114 -1.8339 1.3528 -1.4801 -1.5711 -1.3519 -0.53842 -2.5483 -0.32652 -0.7248 -0.040454 0.55667 0.50096
