-0.20979 -2.5849 1.5465 0.86652 -1.1293 -0.58565 -0.71781 -1.988 -0.20881 -1.0623 -0.23395 0.18061 -0.18255
-1.0692 -2.8207 1.5491 1.1797 -0.6158 -0.92231 -0.77833 -2.2301 0.274 -0.41498 -0.59357 -0.57159 -0.56959
-3.4526 -2.7426 0.67214 0.49688 0.31709 0.26151 -0.043004 -0.49536 0.26025 -0.31515 -0.49093 0.055269 0.069373
-4.6362 -2.5836 0.54146 0.13048 0.45801 0.44864 0.7686 0.73887 0.64395 0.54629 0.52686 0.43686 0.7406
-5.0341 -2.7591 0.57217 0.27738 0.66576 0.7587 1.1076 1.2416 1.0923 0.51072 -0.025163 0.2225 0.98883
-5.7837 -2.2897 0.78209 0.41192 0.70252 0.57073 0.71326 0.64987 0.64904 0.616 0.66424 0.65202 0.75318
-6.0461 -2.505 0.69226 0.5317 0.93295 0.58087 0.072415 -0.013843 0.52391 0.43587 0.2718 0.80175 0.29263
-6.5588 -2.2075 0.96514 0.59236 0.91418 0.77713 0.86845 0.72761 0.68044 0.44008 0.32538 0.23345 0.23405
-6.4818 -2.2146 0.96812 0.63667 0.98873 0.85647 0.94113 0.86063 0.91293 0.71547 0.51073 0.2853 0.15896
-6.4404 -2.0734 1.3625 0.85685 0.9507 0.4627 0.25477 -0.13566 0.17214 0.82378 1.5071 0.9398 -0.1078
-6.146 -2.4295 0.77851 0.44098 0.74848 0.69141 0.85104 0.79391 0.64168 0.30472 0.071753 0.28947 0.80026
-5.4886 -2.3636 0.78262 0.45635 0.82531 0.7315 0.85087 0.77159 0.74614 0.47947 0.3216 0.26156 0.33225
-5.4784 -2.0129 1.1259 0.7474 1.0774 0.97407 1.117 1.0424 0.97742 0.6291 0.38388 0.33378 0.48965
-2.6751 -2.0849 1.9275 -1.6982 -0.76078 0.86607 -0.48102 -0.21741 -0.52382 0.26267 0.56373 0.30113 0.015292
-2.9357 -3.0866 1.035 -0.921 -0.53198 -0.07006 -0.70193 -0.83951 -0.9063 -0.13479 0.4827 0.72381 0.059045
-2.5883 -3.1326 0.41593 0.25875 0.31989 0.12864 -0.19286 -0.75035 -0.48234 -0.89664 -0.7527 -0.1548 0.023779
-0.62844 -2.9538 1.0188 0.11715 -0.65862 -0.44995 -0.53886 -2.3559 -0.79958 -1.94 -0.97871 -0.29894 -0.11638
0.7572 -2.0089 1.6809 0.31729 -0.6564 -1.1164 -1.023 -2.4731 -0.81962 -1.3469 0.23361 -0.0035044 -0.089636
1.209 -1.6097 1.1591 -0.6576 -1.3205 -2.0461 -0.99315 -1.6737 -0.67039 -1.9264 -0.44054 -0.13634 -0.1318
1.2685 -1.354 1.0874 -1.1757 -1.9531 -1.6261 -0.41159 -2.1036 -0.59514 -1.927 -0.76822 0.18412 -0.069497
1.2834 -1.0836 1.0984 -1.2731 -1.5311 -1.9351 -0.75265 -1.5654 -0.55296 -1.939 -0.71183 -0.1725 -0.31389
1.3413 -1.3875 0.23721 -1.5876 -2.2046 -2.1788 -0.029885 -1.0922 -0.68626 -1.5707 -0.20866 -0.41254 -0.54277
1.3688 -1.3113 -0.28391 -2.7511 -1.7041 -2.3029 -0.12548 -0.54378 -1.1294 -1.3772 0.10821 -1.0188 -0.15844
1.2018 -1.608 0.078103 -2.1681 -2.0603 -1.3219 -0.0066396 -1.2553 -1.1675 -1.5048 0.20216 -0.55227 0.083938
1.3512 -2.1698 0.08138 -1.9365 -2.1055 -1.3147 0.16875 -0.80115 -1.751 -1.6439 -0.10814 -0.55748 0.017167
1.3548 -2.004 -0.22559 -2.0102 -1.8478 -1.3998 0.16138 -0.8183 -1.9059 -1.6448 0.23709 -0.7008 0.18726
1.3963 -2.2742 -0.30331 -2.464 -2.0294 -1.5653 0.00014356 -0.77499 -2.0203 -1.6934 -0.25937 -0.44127 0.33507
1.3437 -2.6734 -0.40173 -1.9233 -1.925 -1.7158 -0.13226 -0.52852 -2.0729 -1.8289 -0.18498 -0.55284 0.26079
1.3024 -2.1796 -0.4889 -1.4514 -1.7471 -1.3968 0.085031 -0.73072 -1.7291 -1.907 0.15481 -0.53022 0.13174
1.2927 -2.4496 -0.859 -1.6158 -1.694 -1.2985 -0.11613 -0.69334 -1.917 -1.6648 -0.12194 -0.64428 0.24685
1.3414 -2.5403 -0.81178 -1.6095 -1.8082 -1.4767 -0.29362 -0.87895 -1.6519 -1.4793 -0.087383 -0.64943 0.041616
1.6033 -2.3748 -1.1261 -1.6551 -1.489 -1.7045 -0.25011 -0.10042 -2.0271 -1.5964 0.17742 -0.82641 0.3376
1.667 -2.4739 -0.79508 -1.2127 -1.2721 -1.394 0.0068988 -0.53569 -1.5608 -0.94061 0.086885 -0.43709 0.0061968
1.6529 -2.4332 -1.0672 -1.4726 -1.6947 -1.7534 -0.074725 -0.48375 -1.7581 -1.2288 0.38576 -0.60228 0.090633
1.736 -2.6013 -1.0376 -1.3165 -2.0502 -1.7429 -0.05509 -0.80479 -1.5749 -0.89058 0.60572 -0.82332 0.13199
1.7543 -2.5876 -1.204 -1.2218 -1.9763 -1.9094 -0.18395 -0.77507 -0.79441 -0.80962 0.86525 -0.57754 0.50912
1.9561 -2.7926 -0.89698 -1.9885 -2.3691 -2.6144 -0.31582 -0.34289 -0.50796 -0.61055 -0.062498 -0.20699 0.71402
1.7544 -2.2168 -0.63509 -2.0496 -2.2629 -2.7906 -0.18212 -0.58833 0.073276 -0.74181 0.24932 -0.36272 0.69067
1.2914 -2.3342 -0.29335 -1.3841 -2.197 -2.6752 -0.31324 -1.3577 -0.12081 -0.93384 1.2279 0.64854 1.112
1.7806 -1.7506 1.0242 -0.98216 -1.8411 -2.1512 -0.64329 -2.3004 -0.79003 -1.2434 0.73208 1.1338 1.9441
1.5137 -2.0989 0.40618 -1.2195 -1.3119 -2.6501 -1.4414 -1.9938 -0.03193 -0.6851 1.0006 1.6239 1.9826
0.71883 -2.4512 0.74282 -0.75643 -1.4503 -2.4927 -0.95719 -1.3965 0.46852 0.13148 1.0978 0.76845 1.7825
