2.7066 -4.0312 2.1276 -0.91501 -3.8285 -1.8211 -1.3069 -1.0745 -0.73494 -0.032323 0.010808 -0.74161 -0.0073425
4.063 -5.2657 1.3074 -1.1438 -3.7109 -1.719 -1.4451 -0.85502 -0.60477 0.18942 -0.45759 -0.84465 0.025109
4.0082 -5.4237 1.7006 -0.61193 -3.5258 -1.9955 -1.1074 -0.65119 -1.2277 0.29176 -0.79552 -0.87243 0.12951
2.597 -4.1284 1.1675 0.17037 -2.7605 -2.374 -1.0657 -1.3386 -1.1513 -0.58695 -0.72148 -1.1583 -0.48275
0.025321 -2.7643 1.2345 0.31127 -0.86668 -0.732 -0.50322 -1.2426 -0.21555 -0.49887 -0.17507 -0.63186 -0.4878
-2.5851 -2.8779 0.64765 0.15585 0.090159 -0.085353 -0.27176 -0.75826 -0.3189 -0.23386 0.048796 -0.069804 -0.65661
-5.3451 -2.7537 0.44536 0.021065 0.3367 0.20666 0.47309 0.24531 0.093443 0.22828 0.54054 0.073552 0.02778
-4.1001 -2.945 0.42325 -0.49633 -0.53148 -0.27394 0.75257 0.20792 -0.73784 -0.27285 0.61018 -0.49788 -0.020266
-5.2031 -2.6131 0.67565 0.11041 0.26686 0.073236 0.20122 -0.14764 -0.20998 0.17675 0.76145 0.42833 0.15012
-5.6084 -2.2469 0.89326 0.51216 0.7821 0.48843 0.3855 0.23072 0.43591 0.56222 0.70824 0.637 0.27818
-4.9009 -4.0685 1.0128 0.36972 0.39242 0.3242 -0.26038 -0.024934 -0.11379 0.84712 1.0697 0.89655 0.083157
-0.93382 -7.2106 0.14903 0.06462 0.076487 0.56637 0.035005 0.46651 -0.043737 0.49168 0.16429 0.51136 0.31357
-3.1625 -2.641 0.52158 -0.44866 0.43447 -0.0040548 0.6364 0.2813 0.18433 0.23196 0.37839 0.032853 0.037178
-4.1094 -3.2624 0.56976 -0.21506 -0.03207 -0.3576 -0.52571 -0.79883 -0.23956 0.045673 0.64529 0.41474 -0.23384
0.27334 -2.4185 1.2686 0.010069 -0.47959 -0.83836 -1.2707 -2.7758 -0.32465 -1.0607 -0.16369 0.64376 0.02382
1.988 -2.2789 1.4066 0.0075359 -1.3156 -1.6125 -1.2095 -2.2429 -0.50328 -1.2276 -0.19647 -0.2916 -0.31779
1.9764 -2.5694 1.5037 0.14644 -1.4622 -1.5956 -1.2893 -2.1246 -0.25051 -1.0065 -0.3413 -0.90663 -0.47708
1.9356 -2.7147 1.0322 -0.12443 -1.8999 -1.4234 -1.229 -2.0136 -0.32852 -0.98362 -0.24419 -1.0198 -0.26858
1.7789 -2.9264 1.2314 0.14904 -1.8803 -1.3989 -1.4043 -2.0119 0.0074622 -0.79662 -0.51585 -1.1066 -0.55081
1.6224 -3.0372 1.0807 0.1763 -1.5188 -1.2694 -1.3617 -2.3186 0.11042 -0.47063 0.11251 -0.80679 -0.67977
1.5123 -2.861 1.4903 0.34233 -1.6441 -1.055 -1.1967 -2.1697 0.023663 -0.65472 -0.15021 -0.72259 -0.48446
1.5619 -3.0144 1.2674 -0.048785 -1.7477 -1.3327 -1.7035 -2.4081 0.23235 -0.6745 -0.64129 -0.818 -0.47299
1.6234 -3.117 0.90944 0.085177 -1.9509 -1.3669 -1.441 -2.8225 -0.22637 -0.78809 -0.20927 -1.0137 -0.79234
1.5608 -2.8957 1.1779 0.41427 -1.7981 -1.5793 -1.2695 -1.901 0.12975 -0.84515 -0.2405 -0.75901 -0.67699
1.6117 -3.0186 0.6196 -0.37511 -1.6869 -1.5331 -0.55947 -1.4606 -0.5603 -0.49052 -0.087245 -0.9491 -0.69969
1.9865 -3.7921 0.36459 -0.9588 -1.7317 -0.91109 -0.51348 -0.33488 -2.1625 -1.1991 -0.2166 -0.54431 0.11705
2.7155 -4.0107 -0.17846 -1.3606 -1.7766 -0.84864 -0.45864 -0.18512 -2.0251 -1.1283 -0.48008 -0.89496 0.3531
3.3473 -4.4834 -0.74763 -1.6408 -2.0623 -0.64411 -0.11371 -0.027772 -2.1802 -1.1324 -0.67128 -0.93971 0.27137
3.8844 -4.8394 -1.2115 -1.6908 -2.3755 -0.74942 -0.11245 -0.10665 -2.1464 -1.3771 -0.55751 -0.93312 0.17131
4.3138 -4.9706 -1.7692 -1.8481 -2.3173 -0.74649 -0.42839 0.0048819 -2.3232 -1.658 -0.4388 -1.0875 0.13713
4.5333 -4.934 -2.1272 -1.7616 -2.2625 -0.86487 -0.14144 0.12102 -2.076 -1.7667 -0.30852 -1.042 0.31498
4.5063 -4.1977 -1.5775 -1.444 -1.7527 -0.71069 0.1325 0.36271 -1.9425 -1.4425 -0.028469 -0.74122 0.42944
4.4567 -4.1603 -1.912 -1.7376 -1.981 -0.67661 0.10875 0.21302 -2.0527 -1.7082 -0.19783 -0.77817 0.11805
4.5623 -4.3792 -2.2182 -1.8677 -2.0925 -0.68103 -0.19299 0.024347 -2.2639 -1.8241 -0.4896 -0.55961 -0.23463
4.6088 -3.7807 -1.8731 -1.6827 -1.6863 -0.31696 0.15357 0.40879 -1.8571 -1.6276 -0.091589 -0.49052 0.068627
4.7037 -3.9867 -1.8521 -1.5073 -1.6326 -0.35765 0.17126 0.4445 -1.8368 -1.6434 -0.074909 -0.32394 0.25528
4.5688 -4.6279 -2.5022 -2.1209 -1.9488 -1.0023 -0.23712 0.0069351 -2.1054 -2.0019 -0.35429 -0.33337 0.2614
4.3369 -4.4627 -2.3344 -2.0625 -1.6215 -1.2491 -0.416 0.32102 -2.0046 -2.0729 -0.48779 -0.38235 0.21907
4.0065 -4.3184 -2.4133 -1.8924 -1.5229 -1.3335 -0.5045 0.38541 -1.9132 -2.0465 -0.16853 -0.41153 0.33903
3.9441 -4.2117 -2.0511 -1.9867 -1.4915 -1.484 -0.50341 0.4969 -2.1124 -2.2733 -0.44921 -0.59799 -0.069005
3.5517 -3.9 -1.9769 -1.76 -1.4587 -1.5984 -0.33757 0.46365 -1.9448 -2.2393 -0.25933 -0.63128 -0.045036
3.0369 -3.922 -1.7891 -1.7772 -1.218 -1.678 -0.37117 0.42542 -1.7612 -1.7709 -0.18763 -0.19497 0.055963
2.4774 -3.8982 -1.5845 -1.6279 -1.0218 -1.4272 -0.27472 0.25735 -1.5056 -1.4512 -0.019399 -0.36798 0.26441
1.8298 -3.7828 -0.55706 -2.0469 -1.2773 -1.8101 -0.1617 -0.1525 -1.3216 -1.5056 -0.076316 -0.36039 0.088386
1.159 -3.3566 -0.22799 -1.8598 -1.6409 -1.584 -0.32965 -1.1742 -0.77217 -0.88429 0.28372 -0.59897 0.38155
0.8256 -3.3423 0.64896 -0.10137 -1.6778 -1.3754 -0.47333 -1.3532 -0.24413 -1.1647 -0.0050091 -0.089237 0.36365
1.112 -3.2364 0.57004 -0.72372 -1.9497 -1.6355 -0.6475 -1.8019 -0.46169 -1.354 0.013293 -0.036605 0.43368
0.38745 -2.6367 0.97963 -0.34341 -1.2519 -1.1387 -0.71424 -2.0301 -0.070025 -0.26042 0.60669 0.10295 0.11772
