-0.69575 -4.6504 1.9605 1.7858 -1.4614 -0.058842 0.255 -1.2272 -0.81802 0.06639 0.32724 0.4893 0.31676
1.2269 -3.6325 1.5352 1.9331 -1.5198 -0.84777 -0.3844 -1.7833 -0.51625 -0.21869 0.11283 -0.043039 0.18022
1.6603 -1.7476 2.4223 1.589 -1.8712 -1.2849 -0.50121 -2.1142 -0.32685 -0.15087 -0.20421 -0.82151 0.17309
2.8476 -1.2116 2.5713 1.1515 -1.7823 -1.134 -0.58439 -1.8399 -0.8568 -0.067487 0.068603 -0.61209 0.40774
3.0386 -1.2387 2.63 1.6934 -1.9449 -0.86084 -0.49211 -1.7405 -0.44965 -0.26018 -0.22105 -0.82761 0.61123
3.1474 -1.2846 2.8052 2.0051 -1.636 -1.217 -0.0974 -1.5641 -0.99941 0.11148 -0.036687 -0.78799 0.5618
2.5664 -1.2479 2.8948 2.1351 -0.5189 -1.6174 -0.26031 -0.96224 -0.28366 -0.768 -0.20792 -0.37576 -0.057239
0.74212 -3.1279 2.839 1.4479 0.40134 -0.071347 -0.33719 -0.36851 0.38796 0.15498 -0.1286 0.36098 -0.52222
-1.6061 -2.8617 0.52227 0.44714 0.92742 0.90562 0.64237 0.89695 1.3056 0.39555 -0.64313 0.17611 0.08983
-3.6834 -2.9279 0.21081 -0.050908 0.30729 0.12914 0.042624 0.0095454 0.19676 0.024131 -0.12199 0.1194 0.054804
-3.7872 -2.8061 0.33745 -0.01195 0.30853 0.14532 0.1614 0.031545 0.036786 -0.14063 -0.24666 -0.19384 -0.10398
-4.7479 -2.5635 0.55164 0.20513 0.53255 0.38331 0.4209 0.33091 0.34431 0.11111 -0.044234 0.016518 0.10686
-4.8392 -2.6774 0.54405 0.12117 0.37005 0.033142 -0.13576 -0.38247 -0.11423 0.16803 0.53137 0.40455 -0.15891
-5.3329 -2.5967 0.63221 0.26706 0.5507 0.35673 0.41668 0.25339 0.30532 0.25493 0.28141 0.051275 -0.20131
-4.2144 -2.7988 0.40344 0.46933 0.83631 0.66537 0.30332 0.22676 0.29829 0.23004 -0.34215 -0.075672 0.26049
-1.5403 -2.6425 0.76828 0.99438 0.34135 0.060719 -0.5197 -1.2426 0.083726 0.29687 0.67663 0.21186 -0.24626
-0.02173 -2.0386 1.9257 1.3108 0.57168 0.10369 -0.64878 -1.7499 0.078116 -0.82385 -0.76482 -0.30814 -1.3869
2.1111 -0.8031 3.4232 1.7482 0.18148 -0.86195 -0.91703 -2.7722 -0.0021584 -0.65507 -0.13175 -0.6311 0.096271
2.293 -0.50968 3.4071 1.6552 0.15852 -0.60425 -1.0094 -2.6847 -0.13341 -0.97384 0.44994 0.13211 -0.12659
2.4216 -0.64229 3.0822 1.3742 -0.36257 -0.91071 -0.90312 -2.8166 -0.064513 -0.84541 0.315 -0.0019218 -0.25696
2.5003 0.045875 2.7709 0.89053 -0.51901 -0.90547 -0.76741 -2.5026 0.48745 -1.1324 -0.099524 0.4197 -0.34076
2.7199 0.21959 2.0909 0.41929 -1.0579 -1.054 -0.10766 -1.1109 -0.23531 -1.482 0.14122 -0.38325 0.033422
3.2874 0.25561 1.7309 -0.17816 -1.4392 -1.2595 -0.64683 -0.30206 -0.60043 -1.6766 0.024107 -0.15764 -0.37305
3.4741 0.062658 1.6125 -1.0717 -1.5832 -0.61977 -0.58393 -0.16801 -0.70691 -1.6034 -0.11269 -0.12312 -0.54979
3.727 -0.030426 0.86794 -0.90741 -1.6588 -1.0075 -0.2738 -0.1568 -0.89834 -1.531 -0.68404 -0.062056 -0.48284
4.0663 -0.44934 0.66418 -0.65675 -1.8859 -0.80984 -0.32573 0.21176 -1.0315 -1.7462 -0.46547 0.014425 -0.61578
4.1992 -0.76409 0.55819 -0.65635 -2.2911 -0.49111 -0.53206 0.056685 -0.76453 -2.3024 -0.43304 0.029318 -0.72213
4.0485 -0.11595 0.074605 -1.3334 -1.5984 -1.0451 -0.4666 -0.24373 -0.92565 -2.017 -0.89869 -0.081812 -0.64735
4.1369 -0.13068 -0.14909 -0.88367 -1.4605 -0.92523 -0.30258 -0.14873 -0.36057 -2.1186 -0.96621 0.13804 -0.25625
4.1207 0.065981 -0.18398 -1.4114 -0.69626 -0.96708 -1.2733 0.48249 -0.55015 -2.2373 -0.67169 -0.094305 -0.29402
4.1228 0.075949 0.14176 -1.7367 -0.55018 -0.76794 -1.3939 0.63349 -0.70265 -2.0969 -0.84019 0.066082 -0.29696
3.8878 0.2771 -0.13556 -1.2475 -0.41202 -0.55639 -1.1467 0.014192 -0.37981 -2.1261 -0.63345 -0.057884 -0.15094
3.855 -0.02839 0.14621 -1.4761 -0.41289 -1.039 -1.6 0.21299 -0.77648 -1.9862 -0.95438 -0.1054 -0.20439
3.8689 0.30981 0.022432 -1.3503 -0.54337 -0.94379 -1.6028 -0.25583 -0.18985 -2.0332 -0.91267 -0.12781 -0.27648
3.7527 0.39049 0.38146 -1.0096 -0.51192 -1.4602 -1.5218 -0.11147 -0.37634 -1.3893 -0.72636 -0.30976 -0.31918
3.151 0.095656 1.1867 -0.82632 -0.75274 -1.4927 -1.4565 -0.65093 -0.46969 -1.4524 -0.72601 -0.25866 -0.23627
2.447 -0.10053 2.086 0.64281 -0.39173 -1.4203 -0.54077 -1.3342 -0.36381 -1.2346 -0.17187 -0.36661 0.23954
2.4277 -0.38416 2.7963 1.0762 -0.17176 -1.6295 -0.97793 -2.1685 -0.27958 -0.83931 0.31368 -0.11858 -0.022106
1.271 -1.5061 2.3396 1.3513 -0.31547 -0.59422 -0.49511 -1.962 -0.2849 -1.2104 -0.18314 0.07769 0.14541
