0.21933 -3.6054 2.0662 -0.11771 -1.1501 -1.4322 -1.0831 -1.5616 -0.35118 -0.30883 -0.0027575 0.30538 -0.31263
1.1606 -4.2408 2.2109 -0.16509 -1.872 -1.5034 -1.1049 -1.704 -0.79425 -0.16756 0.12744 -0.0048443 -0.33295
1.3164 -4.1053 2.0894 -0.034197 -2.2803 -1.86 -0.7403 -1.5441 -0.62788 -0.14243 -0.15186 -0.019606 -0.24755
0.6112 -3.4739 1.9 0.67581 -1.4629 -1.4637 -0.90313 -1.8439 -0.27385 -0.022451 0.060338 -0.52209 -0.89948
0.028295 -2.6958 1.5003 0.90454 -0.89692 -0.85495 -1.1915 -2.142 0.56778 -0.71256 -0.77699 -0.63579 -0.54926
-1.1954 -2.9817 0.7193 0.46113 -0.038135 -0.1459 -0.56973 -1.2816 0.088809 -0.46862 -0.56967 -0.30076 -0.77372
-3.4891 -2.681 0.81065 0.45632 0.28794 -0.1501 -0.51819 -0.89464 0.17176 0.1748 0.22857 0.22341 -0.28116
-5.4067 -2.4299 0.73599 0.35205 0.65649 0.4674 0.52671 0.35759 0.37929 0.31759 0.36822 0.16916 -0.031962
-5.4283 -2.5697 0.93578 0.43235 0.58806 0.099219 -0.11888 -0.51624 -0.13852 0.59617 1.4677 0.9697 -0.11452
-6.1455 -2.3647 0.81084 0.44706 0.76922 0.57165 0.62222 0.45892 0.55201 0.62238 0.74191 0.47358 0.17445
-6.2944 -2.0278 1.1369 0.75091 1.05 0.88162 0.95608 0.79121 0.77446 0.61737 0.52663 0.27955 0.12193
-5.0697 -2.4796 0.71576 0.32887 0.468 0.35504 0.43655 0.25328 0.42164 0.39982 0.52467 0.55661 0.63213
-5.1926 -2.5547 0.73486 0.25593 0.0036333 -0.035469 0.14574 -0.25557 0.28193 0.21266 0.5133 0.22185 0.17755
-0.80987 -2.4133 1.4016 0.5993 -1.2176 -0.75285 -0.44173 -2.0665 -0.6998 -1.2759 -0.059273 -0.28378 -0.57072
1.1922 -2.0584 1.6519 -0.11574 -1.6548 -1.3754 -0.7721 -2.1858 -0.33552 -1.432 -0.25233 -0.497 -0.82376
1.3788 -2.2256 1.9311 0.17222 -0.96795 -1.0006 -1.2401 -2.3356 0.20771 -0.94173 -0.76098 0.092572 -1.0254
1.4014 -2.9807 1.7972 0.36942 -1.1631 -0.98006 -1.1509 -2.2134 0.018971 -0.79727 -0.55771 -0.27416 -1.3806
1.3766 -2.8541 1.227 -0.2907 -1.3884 -1.8526 -0.81472 -2.0235 -0.37176 -0.84491 -0.48241 -0.50536 -1.4344
1.9202 -3.3609 0.47732 -0.27818 -1.8632 -1.9584 0.16369 -0.57729 -1.1249 -0.39198 -0.42999 -0.90111 -0.95003
2.8099 -4.6886 -0.20547 -0.68053 -1.7836 -1.8728 0.20331 -0.039036 -0.98084 -0.69619 -0.82449 -0.94243 -1.2021
3.441 -5.0802 -0.41554 -0.92298 -1.9688 -1.1938 0.37146 0.29121 -1.0977 -0.89366 -1.0836 -0.82047 -1.0091
3.8952 -5.325 -0.63496 -1.0088 -2.1094 -0.96332 0.21602 0.49005 -1.33 -0.59285 -1.1324 -0.74998 -0.91006
4.0192 -5.4049 -0.95689 -1.0461 -2.097 -0.90081 0.055576 0.25496 -1.3945 -0.66827 -1.1573 -0.81182 -1.0076
4.1167 -5.2933 -0.94853 -0.95223 -1.8657 -0.90625 0.21474 0.18009 -1.3512 -0.57618 -0.94077 -0.83184 -1.0064
4.2073 -5.5083 -0.92523 -1.1462 -1.7184 -0.89985 0.087196 0.03141 -1.5349 -0.64118 -0.83795 -0.88756 -1.0673
4.1034 -5.3329 -0.96518 -1.0897 -1.6308 -0.79427 -0.017662 0.026756 -1.577 -0.45395 -0.80062 -0.80798 -1.0054
3.9929 -5.2967 -1.0112 -1.1547 -1.6742 -0.78594 -0.04358 -0.011031 -1.818 -0.52642 -0.89895 -0.81572 -0.94289
3.7121 -5.0951 -1.0978 -1.2277 -1.4468 -0.66701 -0.078204 -0.20013 -1.6976 -0.74197 -0.75654 -0.87166 -0.95248
3.6665 -4.9047 -0.93928 -1.1982 -1.4333 -0.77567 0.029866 -0.27098 -1.6182 -0.55264 -0.60716 -0.78252 -0.89878
3.4076 -4.6932 -1.079 -1.2742 -1.4422 -0.78981 -0.18993 -0.20697 -1.6988 -0.6841 -0.74161 -0.78884 -1.014
3.2547 -4.7101 -1.108 -1.1543 -1.3591 -0.92547 -0.046009 -0.21959 -1.4859 -0.61484 -0.81992 -0.72306 -1.0792
2.9262 -4.3356 -1.1594 -1.0677 -1.4819 -0.99513 0.072307 -0.073151 -1.3143 -0.77475 -0.85565 -0.90842 -1.1327
2.6506 -3.823 -1.0397 -1.3051 -1.2939 -0.96581 0.019511 -0.16296 -0.98956 -1.018 -0.91176 -0.86115 -0.97889
2.5125 -3.4509 -0.76394 -1.4185 -1.5017 -1.127 -0.17842 0.1055 -1.0497 -1.0859 -0.85318 -1.1066 -0.71026
2.2096 -3.0647 -0.22849 -1.6742 -1.3279 -1.4513 0.06706 -0.080161 -0.90526 -0.98964 -0.85127 -0.81203 -0.47233
1.5454 -2.6289 -0.29534 -1.4049 -1.357 -1.258 0.062853 -0.72684 -1.0409 -0.96014 -0.58741 -0.98031 -0.48326
0.93492 -2.8438 0.2506 -0.62371 -0.88498 -1.1673 -0.52245 -1.3717 -0.17251 -1.2355 -0.77684 -0.50178 -0.72411
0.94518 -2.4169 1.0859 0.060187 -0.7795 -1.1485 -0.83886 -1.8391 0.032787 -1.2632 -0.96715 -0.29817 -0.307
0.83492 -2.5454 1.1122 -0.016466 -0.79505 -0.79552 -0.70295 -2.3952 0.029617 -1.4056 -1.134 -0.60916 -0.84543
0.63879 -2.4877 1.3042 0.24709 -0.7849 -1.0097 -0.74574 -1.7498 0.10435 -1.3231 -0.90914 -0.66131 -0.5695
0.47134 -2.7923 1.1324 0.29381 -0.67708 -0.83779 -0.93913 -2.2453 -0.32454 -1.204 -0.41562 -0.1799 -0.29926
0.2732 -2.4332 1.7478 0.2249 -0.37675 0.086707 -0.31356 -2.3281 -0.2257 -1.4763 -0.775 0.13393 -0.51279
