1.9125 -4.5204 2.4633 -0.047554 -1.9681 -0.32989 -1.4134 -1.9447 -0.34286 -0.055728 -0.45355 0.70218 -0.60781
2.6778 -3.0738 2.3289 -1.1611 -2.242 -2.433 -2.2055 -2.2959 0.2203 -0.42498 -0.21791 -0.51437 -0.99743
2.9723 -3.1448 2.0476 -0.16353 -3.3276 -2.2359 -1.3752 -2.2826 0.32972 -0.81246 -0.24439 -0.17952 -0.84751
2.9606 -3.1268 2.2219 -0.07151 -2.8577 -1.6668 -1.3768 -2.1816 0.31418 -0.45187 -0.51594 -0.067114 -0.42134
2.7992 -3.2348 2.0683 -0.29652 -2.6991 -2.3601 -1.1883 -2.9808 -0.27034 -0.49348 -0.76216 -0.15812 -0.93588
1.3844 -2.3622 1.4479 0.30318 -0.99344 -1.1612 -1.1203 -2.4771 0.28759 -0.57798 -0.32797 0.028203 -0.75072
0.21689 -2.7489 0.90924 0.42717 -0.28125 -0.53924 -0.984 -1.6267 0.33942 -0.42994 -0.76744 -0.44312 -0.94607
-1.3784 -2.8413 0.74082 0.3604 0.19021 -0.034314 -0.45864 -1.0542 -0.30118 -0.26398 0.066291 0.16984 -0.83796
-1.6155 -3.0238 0.43482 -0.046803 0.052851 -0.13815 -0.32973 -0.76871 -0.54895 -0.38476 -0.12401 -0.092489 -0.65629
-3.0789 -2.8139 0.46488 -0.10819 0.035856 -0.12136 0.0093769 -0.34712 -0.43087 -0.076794 0.45599 0.17558 -0.068948
-3.8674 -2.8487 0.0261 -0.16485 0.48254 -0.12627 -0.24522 -0.16785 -0.12064 0.1193 0.32442 0.40418 0.05813
-1.9333 -3.1515 0.093568 0.0060637 0.010551 -1.0042 -0.65375 -0.68274 -0.6791 -0.66532 -0.54046 0.53001 0.2491
-3.8026 -2.8175 0.37542 -0.052356 0.1824 -0.056514 0.034339 -0.15613 -0.060282 0.16134 0.46652 0.15447 -0.069564
-2.6422 -3.2006 1.264 0.15103 0.27494 -0.04922 -0.055044 -0.83845 -0.65977 -0.25556 1.006 0.67111 -0.20225
0.51306 -2.3601 1.3815 0.078806 -1.2274 -0.96429 -0.76184 -2.4838 0.043627 -1.4529 -0.77458 -0.11918 -0.32975
2.0929 -2.2203 1.9878 -0.19776 -1.2082 -1.5783 -1.1925 -2.4173 0.057867 -0.9724 -0.68146 -8.8119e-05 -0.66328
2.3829 -2.6399 2.4314 0.062707 -0.49722 -1.4958 -1.5005 -2.8041 -0.13282 -0.214 -0.23475 -0.17527 -1.3699
2.4408 -2.4303 1.7961 -0.063027 -0.88612 -1.7502 -1.3373 -2.3298 -0.052156 -0.47215 -0.10283 -0.28379 -0.88374
2.3652 -2.9578 1.6954 -0.25699 -1.2716 -1.8023 -1.6824 -2.3108 -0.20751 -0.7878 -0.77432 -0.76585 -1.1794
2.4934 -2.5599 1.4024 -0.20778 -0.89869 -1.3001 -1.262 -1.8134 -0.29535 -1.3243 -0.63419 -0.65543 -1.2638
2.5741 -1.7294 0.80189 -0.76197 -1.5027 -1.5413 0.0075393 -1.5003 -0.62558 -1.4406 -0.57188 -0.50343 -1.1038
3.112 -3.0667 -0.68809 -0.62171 -0.76216 -1.7733 -0.19631 -0.078839 -1.3256 -1.3316 -0.70666 -1.3988 -0.91918
3.6755 -3.7581 -1.452 -0.59306 -0.84867 -1.8055 -0.70361 -0.58921 -1.7881 -1.4756 -0.75389 -1.1903 -1.202
3.8538 -3.6936 -1.3238 -0.54985 -0.751 -1.158 -0.72074 -0.10281 -1.6053 -1.1763 -0.45441 -0.83169 -0.85845
4.2996 -4.0628 -1.4031 -0.68442 -0.50734 -1.0619 -0.73694 0.084498 -1.605 -0.87553 -0.37194 -0.58511 -1.0815
4.4754 -4.4072 -2.0083 -0.72601 -0.50244 -1.3018 -0.64923 -0.15433 -1.61 -1.1258 -0.56479 -0.65135 -1.4209
4.8587 -4.5709 -2.2886 -1.1073 -0.76267 -1.1798 -0.808 0.26511 -1.8845 -1.5511 -0.3798 -0.76111 -1.4054
4.8901 -4.332 -2.2024 -1.2888 -0.97844 -0.78835 -0.61397 0.35402 -1.7771 -1.4499 -0.25281 -0.53402 -1.0202
4.8309 -4.1764 -2.399 -1.3878 -0.83918 -0.80835 -0.63176 0.065639 -1.8069 -1.4975 -0.41361 -0.52983 -1.1184
4.8789 -4.4558 -2.4492 -1.5031 -0.75437 -0.89968 -0.69392 -0.004482 -1.9046 -1.6794 -0.40937 -0.65336 -1.3115
4.8462 -4.2127 -2.3511 -1.2626 -0.76892 -0.6953 -0.44904 0.3192 -1.8529 -1.3355 -0.50925 -0.43777 -1.1825
4.9707 -4.5517 -2.3241 -1.3169 -1.2394 -0.87494 -0.30048 0.075379 -1.8916 -1.5032 -0.45984 -0.58601 -1.19
5.078 -4.3987 -2.4891 -1.1625 -1.1117 -0.90579 -0.16674 -0.059789 -1.9555 -1.3976 -0.5957 -0.74274 -1.1962
5.2692 -4.6879 -2.3383 -1.3392 -1.2808 -0.85588 -0.050046 0.025708 -1.6684 -1.4392 -0.32803 -0.80725 -1.1689
5.1467 -4.6788 -2.6605 -1.2546 -1.8385 -0.96511 -0.33892 -0.038149 -1.9289 -1.4498 -0.40751 -0.87103 -1.1458
4.9657 -5.2037 -2.3838 -1.4284 -2.1051 -1.1498 -0.6312 -0.72481 -1.8637 -1.3593 -0.40368 -0.75162 -1.1903
4.5175 -4.7888 -1.4152 -1.3473 -2.191 -0.76397 -0.56499 -0.73444 -1.7224 -1.4045 -0.0067475 -0.42962 -1.0631
4.1069 -4.2067 -1.5297 -0.8868 -1.8661 -1.6253 -0.35556 -0.95683 -1.5015 -1.4042 -0.22047 -0.45795 -0.65061
3.3234 -3.4069 -1.0007 -0.84385 -1.653 -1.8938 -0.11118 -0.96297 -1.3059 -1.3964 0.010812 -0.90739 -0.37947
2.3339 -2.5929 0.0018872 -1.0918 -1.7632 -1.8996 -0.54209 -1.2865 -0.96202 -1.0049 0.14074 -0.64651 0.06378
2.6456 -2.9338 0.6912 -1.4183 -1.8136 -2.4307 -1.0937 -2.0827 -1.0307 -0.92839 -0.20569 -0.30052 -0.50099
2.2531 -2.6912 0.65031 -1.2738 -1.9419 -2.425 -0.74835 -1.867 -0.66664 -0.92141 -0.069207 -0.33878 -0.29426
2.0282 -2.7608 0.7333 -1.0892 -2.2279 -2.2779 -1.1544 -2.1692 -0.016322 -0.8307 0.091047 -0.0081509 0.11987
1.2987 -2.77 0.61972 -1.2377 -2.1378 -1.9158 -0.64715 -2.2048 -0.74954 -0.63043 1.0963 -0.076346 0.11645
0.46801 -3.5302 0.19413 -0.36229 -0.76547 -0.77778 -0.99538 -1.9817 -0.61919 -0.97183 -0.12609 0.35191 -0.051195
