-0.39819 -2.1468 3.1636 0.2669 -1.8146 -0.9351 -0.83391 -1.5312 0.46597 0.075183 0.38121 0.91287 -0.50516
0.27446 -1.864 3.2175 0.30024 -2.3948 -0.62382 -1.2011 -2.1739 0.21857 -0.24522 -0.010985 0.75469 -0.35931
0.063442 -1.6559 3.3699 0.15889 -2.3273 -0.94028 -0.58757 -2.2925 0.29836 -0.39337 -0.30121 0.77797 -0.95636
-1.43 -0.78472 2.8826 0.45599 -0.5051 -0.45765 0.059447 -2.0028 0.27636 -0.085034 0.42789 0.014424 0.14693
-3.9169 -2.4672 1.0783 0.66951 0.073299 -0.043484 -0.33132 -0.87868 0.67384 0.28899 0.43555 0.82663 0.66643
-4.6959 -2.8341 0.53757 0.15079 -0.06102 -0.0021416 -0.0040339 -0.45918 0.034701 -0.0050788 0.48302 0.67164 0.42375
-4.9984 -2.8255 0.49956 0.3313 0.54875 0.35786 -0.016277 -0.20876 0.29387 0.21199 0.21573 0.80042 0.49476
-4.7136 -2.3041 0.89921 0.50736 1.0438 0.49516 -0.19547 -0.21228 0.80949 0.49793 0.32322 1.1029 -0.088384
-4.8048 -2.7726 0.397 0.04828 0.34944 0.23886 0.36566 0.3083 0.32853 0.30233 0.31993 0.41788 0.61536
-6.0883 -2.7759 0.34559 -0.0040356 0.32207 0.15012 0.17932 0.10698 0.20461 0.075355 0.013241 0.032789 -0.043149
-5.2731 -2.6836 0.48965 0.16539 0.54658 0.53414 0.71323 0.72833 0.66899 0.21245 -0.16921 -0.059163 0.28875
-5.282 -2.518 0.72678 0.41096 0.80908 0.81515 1.0469 1.1244 1.002 0.41333 -0.074951 0.14861 0.71688
-5.8164 -2.5843 0.56234 0.21518 0.55426 0.51815 0.74084 0.77409 0.71284 0.39189 0.1303 0.22896 0.59481
-6.5808 -2.2792 0.91689 0.52351 0.81615 0.55227 0.54909 0.36547 0.47339 0.55236 0.63251 0.35308 0.035606
-6.0159 -2.4914 0.34272 0.089671 0.93073 0.4575 0.47662 0.78614 0.47573 0.48573 0.094814 0.19964 0.41341
-0.83872 -3.807 0.12274 0.89523 -0.67848 -0.14066 -0.024532 -0.87207 -0.68302 -0.17821 0.29401 0.95076 0.42532
-0.044407 -0.632 1.7651 -0.44627 -0.8545 -1.7836 -1.0157 -1.5442 -0.64488 -0.74483 -0.48857 -0.58597 -1.1634
1.7234 -0.79558 0.070814 -1.61 -1.5352 -1.67 -0.11238 -0.88769 -1.3503 -0.57172 -0.57874 -0.77395 -0.34976
1.9022 -1.046 -0.5139 -1.555 -1.5064 -0.79759 0.086198 -0.26759 -1.2919 -0.47484 -0.46503 -1.278 0.13973
2.1481 -1.3089 -0.92144 -1.8888 -1.0535 -1.0692 -0.063741 -0.52998 -1.4271 -0.56989 -0.51735 -0.9504 0.03246
2.4749 -2.0553 -1.316 -2.0391 -1.2916 -0.76812 -0.4938 -0.20756 -1.895 -0.52068 -0.93356 -1.0645 0.045493
2.6843 -2.3199 -1.3796 -1.9978 -0.89785 -0.63565 -0.2906 -0.053867 -1.6441 -0.59829 -0.68369 -0.8889 -0.066743
2.9628 -2.8213 -1.8712 -1.5887 -1.2413 -0.45671 -0.22981 0.058435 -1.7966 -0.83294 -0.78905 -0.74492 -0.56027
3.0724 -3.2002 -2.1077 -1.3432 -1.0513 -0.62611 0.038347 -0.13618 -1.5095 -1.184 -0.57223 -0.88026 -0.67816
3.2796 -3.7767 -2.2143 -1.405 -1.2296 -0.65851 0.40056 -0.38546 -1.5881 -1.092 -0.82687 -0.98648 -0.68079
3.3784 -3.3291 -2.3604 -0.96525 -1.5074 -0.55161 0.399 -0.25415 -1.5369 -1.0315 -0.75107 -0.81451 -0.70751
3.3141 -3.1402 -2.2826 -1.3532 -1.2561 -0.80003 0.37561 -0.15579 -1.8054 -0.9349 -0.75662 -0.80823 -0.68763
3.5373 -2.8901 -2.4695 -0.95409 -1.4661 -0.85921 0.42635 0.0079568 -1.7772 -1.0136 -0.54096 -1.0938 -0.5074
3.5503 -3.2909 -1.9833 -1.3445 -1.3462 -0.94686 0.77929 -0.026063 -1.7538 -0.9599 -0.46909 -1.0844 -0.67329
3.2839 -3.0453 -2.0593 -1.5527 -1.8442 -0.83581 0.21341 -0.025259 -1.7692 -1.5566 -0.33438 -1.4192 -0.90425
2.7951 -1.9729 -1.2089 -2.0298 -1.4864 -0.85544 0.29066 0.41446 -1.6596 -1.3888 -0.20009 -1.4579 -0.66751
1.7865 -0.81348 -1.118 -1.1312 -1.8214 -1.9645 0.64013 -0.33968 -1.3863 -1.591 -0.37851 -0.926 -0.82734
1.3123 -0.72827 1.1643 -0.25414 -1.9638 -2.1103 -0.00014115 -2.0713 -0.77923 -1.1688 -0.24931 0.45922 -1.4692
0.75923 -0.60264 0.78988 -0.44402 -1.4516 -1.8098 -0.5784 -1.9183 -0.54075 -1.1594 -0.14201 0.16143 -1.0356
