0.32701 -1.5285 1.7664 1.2558 -0.53994 -1.1311 -1.1555 -0.27547 0.47456 -0.62995 0.3531 -0.10779 -0.436
1.2964 -1.7512 1.233 1.4674 -1.1215 -1.3314 -1.3678 -0.36775 0.33022 -0.89564 0.26547 0.44122 0.31925
1.1598 -1.8491 1.1578 1.6495 -0.5371 -2.0469 -1.5126 0.03036 0.56997 -0.25636 0.54926 0.57001 -0.056496
-2.012 -1.6066 1.3149 0.68353 0.36896 -1.0371 -0.63646 -0.12165 0.6992 0.10227 0.022287 0.39196 0.040802
-3.5387 -2.3676 1.0284 0.50737 0.18675 -0.065814 -0.089791 -0.46271 0.56415 0.59376 0.88029 0.62424 0.41095
-3.9832 -2.5286 0.80783 0.15067 -0.17665 -0.037754 0.63535 0.44653 0.69797 0.16553 -0.030033 -0.291 0.78677
-4.4185 -2.6102 0.5766 0.0094699 0.013579 0.10582 0.64095 0.36964 0.35019 0.42533 0.78532 0.18375 0.26397
-3.9951 -2.4888 0.90522 0.27982 -0.40294 -0.44984 -0.1475 -0.50853 0.50868 0.24521 0.33973 -0.022873 0.35067
-1.6532 -2.1374 1.1877 0.77613 0.96198 0.49749 -0.41126 -0.78555 0.42513 0.090467 0.19503 1.0554 -0.23682
-1.2757 -3.6831 2.1431 0.12023 0.82995 -0.35573 -0.51749 0.15235 -0.11857 -0.65828 -0.26837 0.66005 -0.15364
-1.3078 -2.0495 1.7143 0.68536 0.52276 0.020045 -0.81732 -0.77404 0.6925 0.11952 -0.22493 0.46368 -0.38809
0.92049 -0.8219 2.2736 1.0659 -0.67744 -0.65255 0.28925 -1.8362 0.55502 -0.30773 -0.43793 0.1254 -0.042566
1.4471 -0.89711 1.8863 0.90048 -0.70459 -1.1264 0.56101 -1.649 0.039044 -0.21146 -0.49677 0.55341 0.34666
1.3666 -0.82024 1.8593 1.4143 -0.80546 -1.0416 0.41568 -1.4304 0.22764 -0.33735 -0.26728 0.29405 0.27736
1.1214 -0.31472 1.8939 1.3557 -0.83116 -1.2386 0.55024 -1.5076 0.16492 -0.36307 -0.14952 0.073124 0.12073
0.97792 -0.19692 1.9483 0.66345 -0.37775 -1.3032 0.0053409 -1.1424 0.29054 -0.26483 -0.57727 -0.12381 0.22445
0.9287 -0.35473 2.2856 1.0093 -0.61253 -1.5454 0.19175 -0.86987 0.35269 -0.49714 -0.86586 0.036519 0.52889
1.1759 -0.76878 1.1445 -0.14024 -0.03622 -1.0997 -0.094571 -0.47752 0.1618 -0.044368 -1.0546 0.27187 -0.060505
1.8007 -0.39938 0.054283 -0.4602 -0.12388 -0.92459 -0.51136 0.48113 0.039416 -0.20624 -1.0084 -0.36775 0.48222
2.4029 -0.85734 -0.43349 -0.37328 -0.44704 -0.24124 -1.1765 0.60103 0.27527 -0.37242 -0.75633 -0.66018 0.40625
2.6728 -1.3874 -0.60467 -0.50502 -0.46508 0.22053 -1.0278 0.71017 0.37194 -0.73578 -0.89254 -0.57883 0.29509
2.8991 -1.0219 -1.272 -0.45856 -0.29808 0.1222 -1.2659 0.67206 0.36002 -0.57875 -0.8344 -0.66807 0.22808
2.9063 -1.6064 -0.99882 -0.56004 -0.76085 0.55242 -1.2066 0.67753 0.4334 -0.80772 -0.66189 -0.94953 0.24483
3.0945 -1.931 -0.96623 -0.32284 -0.63844 0.50491 -1.5567 0.60941 0.62612 -0.726 -0.50109 -1.1411 0.18008
3.0529 -1.4917 -1.3323 -0.14005 -0.69247 0.51609 -1.2687 0.30634 0.76259 -0.76102 -0.43522 -1.3281 0.31246
3.0179 -1.2156 -1.4018 -0.57765 -0.4123 0.28151 -1.0615 0.1874 0.79077 -0.67675 -0.5691 -1.3443 0.29771
3.1578 -1.4229 -1.1625 -0.6751 -0.45045 0.41091 -1.216 0.17704 0.89635 -0.58587 -0.64445 -1.5442 0.29332
3.2233 -1.6914 -1.1343 -0.88314 -0.79611 0.36687 -1.2898 0.4194 0.80269 -0.60444 -0.73324 -1.4887 0.37931
3.2884 -1.42 -1.2403 -0.88176 -0.81636 0.80536 -1.9716 0.54312 0.88367 -0.99923 -0.51953 -1.3266 0.21453
2.952 -1.4108 -0.99154 -0.75047 -0.98989 0.64176 -1.7093 0.64762 0.64969 -0.78939 -0.66163 -1.3017 0.30926
2.7712 -1.2703 -0.83881 -0.88642 -0.79847 0.41345 -1.5746 0.85213 0.5269 -0.73784 -0.43672 -1.2219 0.3225
2.5861 -1.3493 -0.60492 -0.5599 -1.0733 0.2729 -1.5399 0.47558 0.52723 -0.76437 -0.21445 -1.5372 0.65478
1.4069 -1.7662 0.45678 0.064787 -0.88511 0.068204 -0.92994 -0.19921 0.87802 -0.63892 -0.57914 -0.95754 0.53258
0.77836 -0.91404 1.1216 0.53624 -0.4375 -0.74221 0.21733 -1.3363 0.7148 0.20968 -1.0974 -0.5505 -0.21726
0.67577 -1.4969 1.3661 0.45152 -0.25017 -0.24526 -0.14389 -1.4083 0.81731 -0.06127 -0.82099 -0.23575 -0.0044212
0.37798 -0.91798 1.6729 0.32791 -0.5463 -0.44396 0.45226 -0.87539 0.99418 -0.63563 -0.55848 0.22462 -0.23907
0.1466 -0.83258 1.7652 -0.025323 -0.11579 0.13351 0.12532 -1.074 1.4676 -0.3039 -1.0281 0.019595 -0.14725
