92 20
202 -48
329 -120
358 7
326 60
198 52
70 128
10 196
42 238
-52 324
26 252
-6 124
-46 -4
-100 -28
-100 -36
-112 -42
-120 -48
-106 -42
-166 -50
-188 -68
-154 -62
-242 -52
-220 -68
-250 -90
-292 -88
-300 -98
-270 -108
-264 -110
-244 -120
-220 -110
-164 -114
-96 -116
-86 -106
-44 -78
28 -80
8 -50
72 -34
60 -36
58 -24
60 -12
72 -2
74 8
56 12
48 14
58 22
62 32
62 22
56 30
62 36
62 56
96 68
100 66
140 64
164 32
160 12
126 4
106 12
110 8
96 16
122 12
82 12
84 14
58 14
76 14
40 18
64 22
52 24
52 14
42 48
