6 -32
124 -160
222 -282
94 -155
96 -28
-32 68
-116 134
-30 198
16 274
-46 340
-14 294
-10 166
-78 38
-106 -14
-100 -14
-114 -18
-114 -18
-110 -22
-132 -28
-138 -32
-136 -30
-122 -28
-152 -34
-158 -42
-160 -46
-158 -46
-176 -48
-186 -56
-182 -66
-190 -74
-198 -86
-182 -84
-152 -92
-156 -104
-150 -106
-90 -94
-92 -100
-48 -86
-36 -92
-12 -78
30 -52
18 -44
46 -34
36 -30
54 -22
50 -24
22 -14
78 -4
14 -6
46 -10
36 4
6 -10
40 4
14 -2
34 2
22 6
30 -2
18 -2
24 2
22 2
30 0
42 4
8 2
10 4
38 6
2 4
22 -2
6 4
6 0
32 -4
-18 6
14 8
12 10
12 18
60 32
28 28
52 30
64 20
8 -4
18 -2
8 4
-8 -16
-12 -14
-8 -20
-8 -6
-12 -14
18 12
-10 -8
-20 -6
-6 0
6 -6
-10 -2
0 -4
8 2
6 -6
4 34
