-1.4418 -1.9215 1.1225 -0.55111 -0.72394 -0.5378 0.33495 -0.69954 0.55715 -0.13619 0.1106 -0.12514 0.00027439
1.2645 -1.676 0.39919 -0.37266 -1.1957 -1.9136 -0.16569 0.033802 0.48663 -1.0018 -0.54284 -0.24791 -0.5427
3.1614 -1.9717 -0.39234 -0.74267 -1.5224 -1.8159 0.041471 0.45737 0.67012 -0.71688 -0.09563 -0.13494 -0.38739
3.3338 -2.4644 -0.50662 -0.67389 -1.8405 -1.428 -0.084084 0.76225 0.46825 -0.59487 -0.3348 -0.40301 -0.27345
3.3597 -2.3311 -0.63771 -0.9791 -1.8191 -1.9089 0.032738 0.63675 0.16529 -0.84836 -0.21983 -0.54766 -0.22121
3.209 -2.4084 -0.50467 -0.93583 -1.4678 -1.5432 -0.018116 0.64803 0.35762 -0.81439 -0.2676 -0.30823 -0.43344
2.2708 -1.8491 -0.3046 -1.3051 -0.89152 -1.5357 -0.26526 0.064591 0.56231 -0.64671 -0.48436 -0.21337 -0.23822
0.80964 -2.0768 0.67918 -0.56047 -0.97033 -0.87884 -0.40968 -0.71834 0.91177 -0.48911 -0.30714 -0.11886 0.069214
0.50218 -2.4689 1.0625 0.43151 -0.37648 -0.28367 -0.33993 -1.3952 -0.11718 -0.6104 -0.13057 -0.14156 -0.59811
0.52977 -2.4294 1.3472 0.60039 -0.22043 -0.34755 -0.78844 -1.7979 0.29436 -0.56418 -0.65941 -0.2119 -1.0095
0.5738 -2.3977 1.2797 0.81506 -0.083433 -0.23206 -0.72042 -1.6354 0.32627 -0.45514 -0.42755 0.010371 -0.60256
0.69271 -2.2983 1.3613 0.79649 0.11012 -0.2704 -0.96494 -1.7941 0.54153 -0.17474 -0.31125 0.19606 -0.64506
0.74183 -2.337 1.4761 0.88043 -0.47827 -0.34991 -0.51184 -1.6725 0.20014 -0.52346 -0.16869 -0.16852 -0.74158
0.8498 -2.4342 1.57 1.0749 -0.20633 -0.29936 -0.91434 -2.1003 0.21028 -0.5219 -0.19317 0.15148 -0.74214
1.0165 -2.4673 1.1195 0.4627 -0.41798 -0.30777 -0.5689 -1.7546 -0.16881 -0.73583 -0.11394 0.070423 -0.76821
2.2154 -2.1007 0.16863 -1.3497 -1.261 -1.3156 -0.5613 -0.70796 0.64077 -0.35093 -0.8459 -0.73759 0.36891
2.9553 -2.3768 -0.76999 -1.3554 -1.3287 -1.0852 -0.043355 0.10063 0.52546 -0.86209 -0.51535 -0.47916 -0.14089
3.5098 -2.5279 -0.92921 -1.5261 -1.5563 -0.98097 -0.054292 0.43494 0.12365 -1.3027 -0.42018 -0.25348 -0.32089
3.6653 -2.349 -1.1622 -1.4723 -1.4357 -0.7822 -0.38288 0.62444 0.16065 -1.4821 -0.39536 -0.33903 -0.24836
3.7318 -2.7073 -1.3202 -1.5808 -1.559 -0.97587 -0.30865 0.60763 -0.053957 -1.3676 -0.53253 -0.41045 -0.2252
3.7077 -2.6178 -1.1833 -1.7209 -1.2716 -0.95665 -0.47685 0.5532 0.20973 -1.282 -0.69585 -0.15476 -0.49593
3.5821 -2.3463 -1.2181 -1.5863 -1.3497 -1.2585 -0.13735 0.50561 0.10825 -1.2051 -0.52994 -0.40869 -0.33954
3.4736 -2.2703 -0.75992 -1.4901 -1.4502 -1.262 -0.21498 0.39563 0.29814 -0.91568 -0.59175 -0.31041 -0.56041
3.2787 -2.1579 -0.21108 -1.3498 -1.7472 -1.2987 -0.2024 0.59096 0.26635 -1.0897 -0.18067 -0.48402 -0.46319
2.8494 -1.9415 -0.038473 -1.0974 -2.0952 -1.2955 -0.22292 -0.08365 0.42215 -0.88033 -0.13616 -0.73467 -0.27188
2.0862 -1.9144 0.99346 -0.75615 -2.1544 -1.1489 -0.17819 -0.6519 0.23517 -0.72987 0.38136 -0.67936 -0.54145
0.73842 -2.3098 1.0632 0.042197 -0.78121 -0.69512 -0.3008 -0.95731 0.34814 -0.25108 -0.0086916 -0.30402 -0.1912
0.45599 -2.6312 1.0736 0.77231 0.076392 -0.021464 -0.65303 -1.6498 -0.11494 -0.76883 -0.47879 0.092964 -0.6689
0.41915 -2.4589 1.4849 1.054 -0.060988 -0.18678 -0.95136 -1.9658 0.5033 -0.58096 -0.81455 -0.001519 -0.77667
0.51034 -2.6189 1.0929 0.69389 -0.27014 -0.27388 -0.61408 -1.5822 -0.066172 -0.53801 -0.19907 -0.049343 -0.7013
0.41111 -2.6023 1.2144 0.87928 0.036066 -0.00037499 -0.58198 -1.7277 -0.28495 -0.56625 0.19375 0.42927 -0.73901
0.31049 -2.6622 1.2471 1.1949 0.68163 0.27101 -0.92533 -1.8017 0.15328 -0.58779 -0.66949 0.39235 -0.73546
0.14368 -2.5767 1.4977 1.4277 0.73245 0.23619 -1.1547 -2.0332 0.48084 -0.4441 -0.73661 0.47232 -0.80425
0.20967 -2.6617 1.3508 1.2105 0.50611 -0.063091 -1.2797 -2.0844 0.37111 -0.26609 -0.39284 0.49167 -0.8576
0.57034 -2.427 1.4345 0.57588 -0.94644 -0.79523 -0.62926 -1.7895 0.34616 -0.27555 0.048546 -0.17056 -0.38843
0.77946 -2.7394 1.0042 0.45445 -0.59405 -0.81032 -0.58169 -1.1217 0.037914 -0.41248 -0.011101 -0.097036 -0.62145
0.8687 -3.0374 1.3481 0.4935 -0.56376 -0.38669 -1.0308 -0.96828 0.12138 -0.27114 -0.24431 -0.099242 -0.39743
0.81059 -2.8627 1.4422 0.41493 -0.99254 -0.07945 -0.89311 -1.0234 -0.4414 -0.0082507 -0.34532 0.0052255 -0.32065
1.0233 -3.1185 1.4825 0.48211 -1.0623 -0.38631 -1.0417 -0.93815 -0.16341 -0.30402 -0.21402 -0.26961 -0.28971
1.3421 -3.3569 1.339 0.86654 -0.94139 -0.83592 -1.4251 -0.49746 -0.074737 -0.26876 -0.08106 -0.32316 -0.53926
1.5174 -2.9219 1.5323 0.35579 -1.4872 -0.35103 -0.99382 -1.0864 -0.034346 -0.24321 0.16293 -0.50311 -0.38876
1.7917 -3.0836 1.3196 0.60874 -1.4817 -0.66971 -1.1739 -0.48881 -0.018465 -0.36181 0.14797 -0.49559 -0.41707
1.988 -2.9829 1.032 0.37168 -1.4759 -0.84079 -0.90878 -0.55841 -0.19576 -0.31357 0.24897 -0.46367 -0.35948
2.1302 -2.5442 1.1204 -0.28762 -2.1189 -0.61107 -0.60833 -0.40649 0.14039 -0.5613 -0.10505 -0.12898 -0.46058
2.4355 -2.6943 0.62527 0.16108 -2.2146 -1.3537 -0.29915 -0.12876 0.20957 -0.56008 0.11876 -0.92667 -0.12459
2.6365 -2.3075 -0.17184 -0.59801 -2.0614 -1.2312 -0.16595 0.075242 0.12636 -1.1457 0.4247 -0.64863 -0.94899
3.0393 -2.7794 -0.84529 -0.96403 -1.6862 -1.2354 -0.31546 0.35947 0.12342 -1.1603 -0.21734 -0.69498 -0.33274
3.0572 -2.3264 -1.1366 -1.6558 -1.1529 -0.93059 -0.10162 0.17713 0.12784 -1.0782 -0.58341 -0.58773 -0.23297
3.188 -2.0225 -1.2734 -2.1297 -1.2017 -0.16229 -0.1602 -0.79594 0.82336 -0.98331 -0.76057 -0.82483 0.0079837
3.2741 -2.1094 -1.5177 -2.4372 -0.79636 -0.17194 -0.11086 -0.79346 0.42306 -0.73362 -0.77577 -1.0509 0.082352
3.3836 -1.9305 -1.5518 -2.9648 -0.40476 -0.036287 0.016765 -0.80362 0.0861 -0.51091 -0.76296 -0.92662 -0.028132
3.3208 -2.0502 -1.5908 -3.1984 -0.23981 0.16897 -0.073698 -0.84138 -0.16511 -0.12137 -1.0369 -0.66197 -0.29662
2.9563 -1.8917 -1.2243 -3.5284 -0.29546 0.56068 -0.24581 -1.0124 0.41934 -0.73585 -0.9691 -0.19117 -0.79384
2.2125 -2.0421 -0.93364 -2.8527 -0.2296 -0.077088 0.29603 -0.91916 0.010626 -0.41462 -0.69306 -0.42289 -0.45149
1.9629 -2.1555 -1.0634 -2.7226 -0.22253 0.22726 0.65734 -0.80314 -0.42285 -0.35484 -0.42052 -0.018084 -0.85226
2.2781 -1.7675 -0.97878 -3.6411 -0.39093 0.5922 0.63084 -0.63673 0.14875 -0.38285 -0.28762 -0.15411 -0.89127
-0.66004 -2.3309 -0.27284 -1.7096 0.091483 0.30588 0.34058 -0.31148 -0.15323 -0.54563 -0.57937 -0.057013 -0.75072
