2.0581 -1.8334 -0.15902 -0.83128 -1.1468 -1.2745 -0.33266 -0.302 0.96339 -0.51911 -0.49095 -0.94013 0.048391
3.1703 -1.6197 -0.34048 -1.5249 -1.0871 -1.3791 -0.13972 0.048084 1.1056 -0.40202 -0.73633 -0.21443 0.033715
3.6838 -1.9991 -0.4216 -2.1248 -0.74478 -1.4548 -0.22526 0.61555 0.87086 -0.43768 -1.214 -0.48241 0.083965
3.75 -1.8531 -0.18951 -2.1473 -1.2301 -1.3418 -0.22774 0.58621 0.83967 -0.54966 -0.93935 -0.96387 0.44636
3.7611 -1.7086 -0.020447 -2.2854 -0.89459 -1.1003 -0.48028 0.90574 0.76268 -0.44855 -0.80291 -0.88798 0.52313
3.5757 -1.7399 -0.50321 -2.0236 -0.97578 -1.3759 -0.43326 0.37554 0.53894 -0.38108 -0.54353 -0.92956 0.23638
2.9153 -1.8331 0.30872 -1.5169 -1.0713 -1.3458 -0.78972 -0.42286 0.85164 0.028873 -0.58819 -0.72628 0.55938
1.1774 -2.2468 1.2207 0.15943 -0.45274 -0.74339 -0.70833 -1.1089 1.0229 0.28612 -0.49672 -0.72235 -0.039338
0.60551 -2.681 0.76458 0.34762 -0.18209 -0.41551 -0.68612 -1.081 0.30365 -0.12115 -0.31146 -0.11318 -0.20726
0.60403 -2.4653 1.1164 0.55072 -0.53777 -0.50154 -0.42315 -1.0482 0.59881 -0.082929 -0.26947 -0.37749 -0.071678
0.93729 -2.2096 1.5372 0.79812 -0.76644 -0.70948 -0.57393 -1.5586 0.43846 -0.25506 0.065549 -0.2993 -0.41484
1.626 -2.3905 1.744 1.3672 -0.41289 -0.97854 -1.455 -2.0793 0.46781 0.11774 0.45201 -0.20562 -0.73969
1.8548 -1.8923 1.1859 0.10452 -0.84491 -0.9258 -0.75129 -1.4625 0.48807 -0.69968 -0.32983 -0.0038226 -0.14767
3.462 -2.0957 -0.74514 -1.5174 -0.52479 -1.0101 -0.60957 -0.10716 0.63995 -0.27502 -0.98316 -0.61482 0.20888
4.3034 -2.1018 -1.6992 -2.017 -0.34942 -0.75786 -0.45377 0.56431 0.41881 -0.39109 -1.7486 -0.45875 0.43915
4.3133 -1.9025 -1.2757 -2.1802 -0.565 -0.94382 -0.59901 1.0741 0.35322 -1.1337 -1.2103 -0.40494 0.21785
4.2858 -2.1529 -1.354 -2.2415 -0.56613 -0.93825 -0.51839 1.2023 0.23553 -1.0172 -1.2128 -0.29876 0.12445
4.2574 -2.0774 -1.0438 -2.3867 -0.60738 -1.048 -0.4857 1.4198 0.042719 -1.098 -0.92156 -0.39721 0.22116
4.3384 -2.0747 -0.99344 -2.8172 -0.40307 -1.1988 -0.61585 1.6831 -0.32784 -1.1352 -1.0111 -0.41362 0.17902
4.2893 -1.8579 -0.77848 -2.7737 -0.40322 -1.1677 -0.67485 1.7276 -0.23422 -1.1406 -1.0886 -0.092137 0.17914
4.4655 -2.5254 -0.59445 -2.3372 -0.71592 -0.86046 -0.78307 1.9198 -0.35269 -1.1477 -0.90408 0.03051 -0.12168
4.2608 -2.7168 -0.63327 -2.1055 -0.73407 -0.99172 -0.31309 1.5346 -0.36968 -0.7876 -1.0899 -0.01049 -0.12481
3.9892 -2.666 -0.13634 -1.9294 -1.1044 -0.83757 -0.50434 1.4173 -0.56453 -0.77161 -0.65163 -0.085373 -0.37247
3.5254 -2.3601 0.18105 -1.6448 -1.2612 -1.2967 -0.17417 1.3276 -0.27901 -0.90565 -0.58825 -0.0045672 -0.40823
2.9849 -2.5004 0.87514 -1.4025 -1.9138 -1.1363 -0.646 0.79219 0.0078824 -0.49941 -0.79913 -0.24472 0.11759
1.3308 -2.1149 1.188 -0.64101 -0.91997 -0.58855 -0.20374 -1.2519 0.062864 -0.48762 -0.33119 -0.36359 0.090381
1.1915 -2.4809 1.1474 0.52361 -0.16762 -0.24671 -0.66058 -1.8341 -0.16638 -0.82377 -0.23391 0.39096 0.027674
1.3082 -2.0956 1.4973 0.2801 -0.9367 -0.73907 -0.2309 -1.4438 0.075254 -0.67743 0.1174 -0.2206 -0.13268
1.344 -2.1231 1.0647 -0.14417 -0.58681 -0.45995 -0.20549 -1.2297 -0.3688 -0.80261 0.19994 0.55826 -0.068794
1.9488 -2.4462 1.6931 -0.49068 -1.4601 -0.35608 -0.6612 -0.76313 -0.33974 -0.44077 0.0090474 0.36095 -0.060932
2.4578 -2.707 1.5342 -0.60256 -2.0608 -0.35823 -0.63083 -0.43906 -0.59375 0.082805 -0.47391 0.16008 -0.14241
2.5236 -2.8363 2.1407 -0.62693 -2.237 -0.85283 -0.30567 0.0060995 -0.7256 0.053141 -0.26661 0.176 -0.2051
2.7663 -3.1268 1.6922 -0.70357 -1.6885 -0.66417 -0.84064 -0.30916 -0.87046 0.20612 -0.13393 0.11419 -0.29157
2.5451 -3.1235 1.5185 -0.13856 -1.6866 -1.0383 -0.57287 0.026285 -0.65191 0.23225 -0.33791 0.05762 0.28549
2.8866 -3.0032 1.7187 -0.34689 -2.1533 -0.70039 -0.32898 0.13927 -0.8661 0.53428 -0.57344 -0.075545 0.17581
3.0299 -3.1134 1.4982 -0.47953 -2.0783 -0.7771 -0.57391 0.14069 -0.74121 0.5714 -0.74173 -0.13095 0.16459
3.0731 -3.1431 1.4032 -0.43084 -2.1208 -0.86893 -0.41568 0.48751 -0.34351 0.39024 -0.79456 -0.42131 0.28109
3.1675 -3.0794 1.6437 -0.54992 -2.8213 -0.8876 0.25917 0.63671 -0.16893 -0.17843 -0.38983 -0.62793 -0.016534
3.4784 -3.2646 1.4806 -0.93951 -2.8967 -0.63878 0.66714 0.68394 -0.23741 -0.26056 -0.44418 -0.66448 -0.27066
3.4816 -3.2342 1.1089 -1.2509 -2.7466 -0.71882 0.73633 0.46464 -0.17 -0.22959 -0.8749 -0.47379 -0.3672
3.5522 -3.0014 0.54263 -1.1156 -2.3526 -0.66256 0.28257 1.0023 -0.049272 -0.50213 -0.76035 -0.78448 0.0044745
3.6558 -2.9753 0.13445 -2.0004 -2.3502 0.075221 0.61313 0.38476 -0.0016236 -0.37548 -1.1079 -0.75002 0.034608
3.7489 -2.863 0.26669 -2.214 -1.9344 0.06698 0.016594 0.86981 -0.16025 -0.5259 -1.0189 -0.5652 0.42276
3.8173 -3.0101 -0.19538 -2.008 -2.042 0.27062 -0.043869 0.80453 -0.21865 -0.76653 -0.67128 -0.65619 0.73094
3.6527 -2.5597 -0.10954 -2.3949 -1.3584 0.060168 0.036698 0.69825 -0.19478 -0.66761 -0.79474 -0.65516 0.72016
3.6103 -2.5944 -0.13698 -2.4699 -1.6878 -0.07041 0.157 0.5905 -0.20195 -0.72403 -0.86692 -0.27391 0.56026
3.6622 -2.5235 -0.23829 -2.6514 -1.4187 -0.050278 -0.22775 0.86862 -0.38718 -0.68714 -0.94373 -0.65803 0.68564
3.9118 -3.0674 0.24697 -2.5418 -1.8706 0.078632 -0.17582 0.95883 -0.45509 -0.6477 -0.93925 -0.50117 0.7254
3.698 -2.7755 -0.50159 -2.4436 -1.3898 -0.014359 -0.085201 0.76758 -0.50437 -0.54737 -0.90139 -0.80674 0.94562
3.8725 -3.0647 -0.48992 -2.4644 -1.2412 0.13375 -0.37225 0.96158 -0.43582 -0.48479 -1.0728 -0.80683 1.0714
3.4688 -2.4424 -0.23661 -2.4422 -1.414 -0.077162 0.13893 0.723 -0.17664 -0.7412 -0.80882 -0.82054 1.1141
3.2156 -2.7097 -0.60896 -2.5694 -1.1419 -0.4414 0.32716 0.4387 -0.070815 -0.56087 -0.69664 -0.81687 0.75618
3.1513 -2.7076 -0.57188 -2.8306 -0.72014 -0.2224 -0.12232 0.57603 0.31414 -0.44201 -0.90133 -0.59056 0.6045
2.6522 -3.0084 -0.46175 -2.4097 -1.0705 -0.63367 0.29392 0.23339 0.25652 -0.75041 -0.65635 -0.83112 0.77119
2.3155 -3.2497 -0.12003 -2.1268 -1.52 -0.64378 0.72959 0.54639 -0.23944 -0.51146 -0.4724 -1.0937 0.61052
2.1736 -3.0985 -0.33239 -2.6969 -0.77982 -0.51298 0.50433 0.88259 -0.098906 -0.23433 -0.77331 -0.80521 0.44855
1.5363 -3.1731 -0.49361 -2.4212 -0.704 -0.4071 0.83905 0.47976 -0.31044 -0.24432 -0.51731 -1.2766 0.40464
0.63854 -2.9228 0.58883 -1.0016 -1.7757 -1.1055 1.0305 0.58688 0.42626 -0.47312 0.03545 -1.1613 0.91946
0.5375 -3.0211 -0.42968 -1.9861 -0.84257 -0.70227 0.24124 -0.11407 0.25203 0.022936 -0.57857 -0.68923 0.82545
