0.15696 -2.6626 0.75339 -0.12098 -0.5592 -1.0831 -0.22719 -0.40819 -0.14434 -0.34558 0.2731 0.35013 -0.12616
3.6617 -3.1696 -0.1481 0.26204 -2.2382 -1.8252 -1.2982 0.15036 0.63788 -0.2357 -0.28226 0.037398 -0.016056
4.1526 -3.3218 -0.49849 -0.021151 -2.3978 -1.4393 -0.98314 0.39346 0.82654 -0.066906 -0.1393 0.049203 -0.24425
4.1228 -3.2874 -0.5862 -0.001966 -2.5198 -1.4652 -0.78356 0.60843 0.54723 -0.49648 -0.39686 0.031077 -0.069382
3.9818 -2.8112 -1.0136 -0.08102 -2.315 -1.0605 -0.83433 0.7681 0.56249 -0.12685 -0.36976 0.072443 0.11345
3.5634 -2.4854 -1.0565 -0.14822 -1.6498 -0.88703 -0.5969 0.27717 0.758 -0.54643 -0.59594 0.013578 0.42968
3.0181 -2.4479 -0.73584 -0.46072 -1.3996 -0.93596 -0.77852 -0.058901 0.46894 -0.45209 -0.67096 0.15462 0.31394
2.2398 -2.0999 -0.31994 -0.66589 -1.0528 -0.72994 -0.63957 -0.68246 0.87637 -0.2296 -0.65008 0.28081 0.50589
1.171 -2.1193 0.43173 -0.29568 -0.60025 -0.36856 -0.77965 -0.58079 0.53274 -0.22774 -0.28537 -0.11981 0.18292
0.74991 -2.1264 0.86673 -0.25097 -0.69649 -0.27558 -0.1135 -1.1379 0.58674 -0.082432 -0.18448 -0.46099 0.012086
1.2919 -2.0303 0.64332 0.15285 -0.44535 -0.76329 -0.8328 -1.1735 0.77173 -0.16022 -0.67799 -0.014423 0.37173
2.2815 -2.3358 -0.010315 -0.18047 -0.95783 -0.96243 -0.78224 -0.81207 0.39159 -0.33318 -0.41622 -0.35922 0.91752
2.8064 -2.4433 -0.30501 -0.16328 -1.3927 -0.91208 -0.8948 -0.34655 0.49131 -0.40202 -0.39033 -0.21819 0.7588
3.1663 -2.3314 -0.89395 -0.41129 -1.3883 -0.90786 -0.82409 -0.057892 0.40077 -0.29204 -0.6262 0.14518 0.5123
3.4253 -2.7597 -0.96892 -0.29615 -1.4666 -0.81218 -0.89251 0.10925 0.35982 -0.57144 -0.44295 0.028677 0.43242
3.6363 -2.7313 -1.4116 -0.44389 -1.4373 -0.73232 -0.86471 0.13364 0.40749 -0.44922 -0.49984 0.080513 0.18947
3.9631 -3.1111 -1.1787 -0.49963 -1.7061 -0.67791 -0.78632 0.44775 0.16436 -0.72231 -0.41656 0.20991 0.081607
4.1772 -3.2088 -1.6061 -0.38844 -1.8015 -0.63858 -0.82994 0.37075 -0.095486 -0.59607 -0.64311 0.22192 -0.0133
4.3224 -3.3351 -1.5941 -0.23401 -1.8552 -0.53356 -0.92193 0.63246 -0.056233 -0.52573 -0.59621 0.38012 0.054262
4.3279 -3.3084 -1.5013 -0.10002 -1.9432 -0.49921 -0.9136 0.44107 0.036263 -0.6375 -0.52732 0.29028 0.017497
4.3261 -3.2658 -1.3657 -0.0049088 -1.9708 -0.61016 -1.0461 0.68201 0.26815 -0.73043 -0.31259 0.35822 -0.018874
4.2211 -3.4288 -0.73751 0.30989 -2.1276 -0.7983 -0.83751 0.59271 0.17131 -0.72547 -0.1204 0.32921 -0.24545
4.0806 -3.5296 -0.47735 0.85561 -2.4236 -0.85036 -0.92373 0.47367 0.030463 -0.76898 0.0060692 0.25442 -0.36191
2.2067 -3.4742 0.69046 1.9735 -1.297 -0.67856 -1.6102 0.25541 0.52679 -0.59272 -0.076396 -0.11353 0.009461
-0.70709 -2.4516 1.1716 0.82357 0.41386 0.16714 -0.38958 -0.75038 0.74855 -0.028767 -0.64035 0.048228 -0.22612
-1.0505 -2.653 0.89771 0.70785 0.80246 0.34414 -0.20598 -0.29346 0.42467 -0.3994 -1.1831 -0.37977 -0.40629
-1.1708 -2.6401 0.76397 0.54616 0.28188 0.17162 -0.12668 -0.4511 0.26194 -0.50695 -0.74625 -0.11445 -0.11318
2.3634 -4.4382 1.135 2.5558 -1.3981 0.0036048 -1.2085 -0.18379 -0.52188 -0.029488 0.28127 -0.6611 0.41185
4.0285 -4.7441 1.3641 2.4172 -2.3371 -0.032315 -1.0774 -0.22059 -0.85577 -0.078356 0.70062 -0.50361 0.076258
4.2659 -5.1107 1.6844 2.5256 -2.8161 -0.12927 -1.1856 0.065928 -0.81219 -0.20652 0.16192 -0.49051 0.22655
4.2644 -5.3621 1.7626 2.6253 -2.8735 -0.34995 -1.3835 -0.17425 -0.70627 -0.027913 0.35565 -0.36876 0.071269
4.0014 -5.4851 1.6517 2.5181 -2.6597 -0.57984 -1.384 -0.093101 -0.57141 -0.25691 0.276 -0.25362 0.020331
3.579 -4.86 1.6988 2.2376 -2.9657 -0.30714 -0.80635 -0.11644 -0.65443 -0.20965 0.51966 -0.34965 0.25514
3.2093 -4.4054 1.3705 2.1538 -2.6193 -0.38391 -0.7423 -0.50639 -0.38433 -0.1935 0.75523 -0.41726 0.18861
2.2351 -3.2671 1.336 1.5097 -2.5771 -0.51933 -0.60052 -0.70208 -0.18422 -0.16204 0.65795 -0.56818 0.14053
1.8692 -3.05 1.1445 1.1904 -2.2919 -0.85835 -0.11395 -0.68231 0.2335 -0.29024 0.31224 -0.53787 -0.10656
1.1536 -2.0819 1.0406 -0.27866 -1.4435 -1.0845 0.24502 -0.36768 0.32943 -0.65662 0.15901 -0.28634 -0.68231
1.3178 -3.0543 1.5282 -0.58646 -1.0413 -1.4102 0.17185 0.15348 -0.056591 -0.48869 -0.35992 -0.094571 -0.57943
0.96325 -2.0729 1.0913 -0.82916 -1.2444 -1.1617 0.49195 -0.12216 0.53953 -0.50029 -0.36033 -0.65978 0.11939
-0.28653 -2.3639 1.0053 0.20322 -0.16428 -0.48623 -0.13071 0.028771 0.86951 -0.34544 -0.6235 -0.023194 -0.14799
