0.15166 -1.7885 1.4666 0.67784 -0.71042 -0.69911 0.23078 -0.42269 0.7902 -0.19028 0.18011 -0.59619 -0.22148
-0.12927 -1.5333 1.803 0.57817 -0.097553 -0.61955 -0.05573 -0.25397 0.8614 -0.16737 -0.236 -0.45219 -0.52108
0.067063 -1.9128 1.3995 0.45206 -0.33954 -0.20646 0.45249 -0.13669 1.0537 -0.18283 -0.33172 -0.48997 -0.33878
0.3108 -1.8545 1.1448 0.24822 0.21921 -0.41141 -0.2767 -0.3217 0.79369 0.12452 -0.16367 -0.049279 -0.67487
0.18044 -1.8265 1.3969 0.48981 -0.4466 -0.51861 0.29259 -0.056035 0.77797 -0.20273 0.18794 -0.32315 -0.43375
-0.27671 -1.759 1.3601 0.27184 -0.1692 -0.055002 0.27241 -0.74481 0.89227 -0.3892 -0.36025 -0.1156 -0.61625
-0.68911 -2.2858 1.2014 1.2241 0.60348 0.46959 0.095276 -0.74258 0.60683 -0.12613 -0.6964 0.20124 -0.4354
0.18714 -2.025 2.0651 1.6967 0.49903 0.31884 -0.29869 -1.3779 0.91338 -0.87362 -1.4149 -0.30981 -0.37499
0.37579 -2.0276 1.9608 1.6708 0.66983 0.68025 -0.042164 -1.6143 0.41249 -1.1492 -1.2093 -0.10641 -0.34911
0.38802 -1.6076 2.1787 1.4316 0.25991 0.2766 -0.16169 -1.6804 1.0026 -0.57782 -0.94715 -0.38635 -0.63045
0.47794 -1.6385 1.9583 1.2445 0.29409 0.075789 -0.17267 -1.5433 0.47547 -0.58857 -0.62618 -0.22437 -0.51609
0.45132 -1.5148 2.011 0.8477 0.22473 0.049751 -0.29536 -1.6679 0.66005 -0.80265 -0.9478 -0.14521 -0.46164
0.39686 -1.4912 2.1359 1.0687 0.37942 0.22068 -0.42587 -1.8448 0.9144 -0.79744 -1.0692 0.17228 -0.46592
0.76936 -1.0519 2.1013 0.49413 -0.96703 -0.88401 0.19323 -0.90925 0.73336 -0.75674 -0.29753 -0.21517 -0.024707
0.86635 -1.0811 1.44 -0.04876 -0.44302 -0.77229 0.055032 -0.031487 0.72311 -0.67504 -0.086475 -0.69228 -0.65585
1.2936 -1.4451 1.2834 -0.19656 -0.83879 -1.0004 0.13773 0.14942 0.89742 -0.57591 -0.30252 -0.62148 -0.20887
1.4721 -1.4484 0.80172 -0.36953 -0.53002 -1.2763 0.1843 0.57442 0.58196 -0.52499 -0.63003 -0.22124 -0.55235
1.4988 -1.4327 0.86773 -0.058779 -1.4069 -0.81728 0.13759 0.36227 0.53543 -0.59351 -0.38105 -0.45844 -0.57862
1.6312 -1.6356 0.72476 -0.36917 -0.97586 -0.8085 0.040566 0.2079 0.68189 -0.47765 -0.58164 -0.63826 -0.51032
1.6122 -1.6592 1.2272 -0.62501 -1.1482 -0.803 -0.085218 0.57659 0.2648 -0.94687 -0.63757 -0.10904 -0.60048
1.3822 -1.142 0.74904 -0.46617 -0.3413 -1.344 -0.11785 0.29108 0.64884 -0.59196 -0.80238 -0.60439 -0.57732
1.3215 -1.0988 0.81207 -0.45112 -0.34673 -1.2554 -0.087848 0.21779 0.60999 -0.87451 -0.56215 -0.62488 -0.42956
1.2995 -1.1256 1.0316 -0.41519 -0.40811 -1.2629 -0.11059 0.31407 -0.10444 -0.85413 -0.609 -0.31116 -0.45891
1.0301 -1.1976 1.3408 -0.38872 -0.22396 -0.89064 -0.22197 -0.1877 -0.092165 -1.0464 -0.79296 -0.17826 -0.30858
0.57106 -1.6779 1.723 1.0695 0.070217 -0.28179 -0.1785 -0.84424 -0.29788 -1.268 -0.63023 -0.31522 0.0026817
0.62375 -1.8118 2.1982 1.618 0.41954 -0.013217 -0.49954 -1.8568 0.047803 -1.4235 -0.70893 0.44032 -0.31545
0.78727 -1.4487 2.2172 1.5874 0.12421 -0.26888 -0.60302 -1.9253 0.16038 -1.1545 -0.30855 0.12618 -0.32118
0.86658 -1.4495 2.3822 1.4541 -0.029445 -0.55095 -0.62404 -2.088 0.20333 -1.1262 -0.4366 0.064307 -0.34049
0.82215 -1.4188 2.3659 1.2406 0.10841 -0.60874 -1.0523 -2.28 0.36907 -1.0483 -0.5413 0.18875 -0.44543
0.7164 -1.4885 2.5128 1.1063 -0.14188 -0.46063 -0.86096 -1.9414 0.18811 -0.79318 -0.4764 -0.026171 -0.36156
0.9798 -2.2725 2.4209 1.1387 -0.65149 -1.0705 -0.66188 -0.65316 -0.87655 -0.54695 -0.29843 0.15736 -0.73409
1.0186 -2.5984 2.2904 1.3326 -0.62397 -0.77894 -0.53192 -0.876 -0.72713 -0.68827 -0.94778 0.014229 -0.20018
0.81677 -2.171 2.4991 1.1854 -0.46475 -0.66007 -0.69057 -1.0985 -0.23445 -0.41238 -1.0201 -0.11828 -0.1243
0.50516 -1.7105 2.0236 1.2893 -0.27666 -0.2143 -0.23807 -1.6542 -0.23939 -0.87524 -0.36321 -0.14351 -0.1043
0.49601 -2.03 2.1975 1.662 -0.18864 -0.22142 -0.33693 -1.8181 -0.16424 -0.88962 -0.2457 -0.30616 -0.026768
0.37745 -2.2101 2.1338 1.4453 -0.17903 -0.075771 -0.7595 -1.6581 0.12761 -0.75485 -0.69516 0.0082198 -0.20255
0.26547 -2.0173 1.8474 1.2827 -0.10525 -0.10533 -0.63656 -1.7428 0.28708 -1.0452 -0.89738 0.037398 -0.14249
0.14373 -2.0213 1.9063 1.4568 0.17757 -0.074791 -0.6893 -1.956 0.36338 -0.95481 -0.81993 0.084598 -0.12495
0.1607 -1.9856 2.0164 1.5775 0.31216 -0.2089 -1.0146 -2.1053 0.47764 -0.5937 -0.54901 0.083343 -0.32873
0.25916 -1.9027 1.8589 1.2478 0.15272 -0.32049 -0.96314 -1.9455 0.50023 -0.55655 -0.4435 0.14186 -0.51253
0.23934 -1.803 1.9086 1.1652 -0.2481 -0.55283 -0.78899 -1.9053 0.5279 -0.50626 -0.33943 -0.24669 -0.34148
0.15923 -1.5082 1.7342 0.71652 -0.5848 -0.68652 -0.52683 -1.2 0.10388 -0.29071 -0.029061 -0.39658 -0.58524
0.73928 -2.1357 1.7305 0.88612 -1.5547 -1.3423 0.11907 -0.20104 0.42746 -0.49555 -0.011171 -0.82448 -0.58903
0.72987 -1.5604 1.1232 0.10111 -1.3044 -1.1181 0.57639 0.13489 -0.12082 -0.42417 0.21521 -0.94254 -0.7058
0.91745 -2.345 0.42822 0.012977 -1.0045 -0.87031 0.62639 0.30351 0.50173 -0.78285 -0.83192 -0.6202 -0.59448
0.99335 -1.9879 0.22934 -0.3093 -0.53402 -1.0718 0.4437 0.82558 0.4782 -0.86876 -1.1322 -0.61841 -0.68523
1.4159 -2.7892 -0.063322 -0.68095 -0.4423 -0.31207 0.39895 0.64854 0.66829 -0.81427 -1.6276 -0.9594 -0.087557
1.1446 -2.2566 -0.56814 -0.88886 0.18296 -0.43237 0.72419 0.70503 0.56214 -0.82291 -1.7931 -1.1102 0.072574
0.83637 -1.7997 0.19223 -1.1863 -0.41816 -0.09083 1.3978 -0.075397 0.55498 -0.95481 -0.96361 -1.3508 0.04594
-0.21725 -1.9492 1.1476 -0.27965 0.17748 0.26456 0.49808 -0.91769 0.20043 -1.0166 -1.303 -0.68312 -0.27403
