0.61779 -1.469 1.6848 0.60171 -0.40838 -0.90035 -0.70623 -0.15953 0.58223 0.18078 0.065156 0.11537 -0.40024
3.8776 -2.8915 1.4413 -0.19425 -1.766 -1.8761 -1.147 0.30229 -0.083297 0.67668 -0.17471 0.52776 -0.82148
4.5359 -3.2975 0.87276 -0.96089 -2.0137 -1.7914 -0.91492 0.93554 -0.32828 0.49974 -0.6256 0.38212 -0.87894
4.6697 -3.2578 -0.10522 -0.96587 -1.3874 -2.0208 -1.0421 0.60461 -0.57671 0.53639 -0.76211 0.11737 -0.89767
4.2768 -2.9188 -0.99773 -0.55733 -1.5279 -1.7819 -0.97007 0.35184 -0.48403 0.16851 -0.85894 0.16078 -0.79738
3.2173 -1.8511 -0.51652 -1.0615 -0.90833 -1.5599 -1.1434 -0.25411 0.23869 -0.15493 -1.2274 0.17329 -0.40922
1.6424 -1.3438 1.2012 -0.4235 -0.0017413 -1.08 -0.95906 -1.4593 0.29452 0.27417 -0.50193 -0.51955 -0.63191
1.8434 -1.4688 1.1492 0.24598 -0.11609 -1.8115 -1.136 -1.3014 -0.016486 0.37678 -0.5666 -0.89539 -0.58451
1.8957 -1.5903 1.0728 0.49301 0.26192 -1.6682 -1.1336 -1.9299 -0.14013 0.24164 -0.67507 -0.59867 -0.58262
1.7303 -2.1052 1.32 1.1506 0.7566 -1.4448 -1.6914 -1.9931 -0.14323 0.3238 -0.72309 -0.64062 -0.45101
1.711 -2.268 1.5194 0.99836 1.0295 -0.7911 -2.0225 -2.0443 -0.77002 0.21168 -0.11148 -0.46492 -0.24737
2.0604 -2.0189 1.469 0.27831 -0.21093 -0.77775 -1.2394 -1.8535 -0.88735 0.22409 -0.90794 -0.94261 0.2482
2.814 -1.2729 0.23372 -0.84118 -0.97966 -1.5097 -1.3765 -0.71224 0.4582 -0.12898 -0.40675 -0.22789 0.078598
3.3057 -1.7433 -0.35521 -0.81751 -1.1845 -1.6929 -1.5326 0.036378 0.16214 -0.56587 -0.57225 0.21912 -0.16323
3.5056 -2.6542 -0.010811 -0.54256 -1.6534 -1.8439 -1.5244 0.13365 -0.047417 -0.97371 -0.71088 0.34326 -0.52077
3.673 -3.0607 0.19385 -0.636 -1.6155 -2.2613 -1.2401 0.41379 -0.36721 -0.81624 -0.59916 0.33119 -0.80639
3.6643 -3.131 0.25331 -0.29869 -1.6117 -2.1714 -0.99041 0.18889 -0.51611 -0.42117 -0.47292 0.41791 -1.0149
3.7059 -3.3584 0.46123 -0.28269 -1.5315 -2.3811 -0.9396 0.35609 -0.80115 -0.22751 -0.62899 0.44664 -1.0674
3.6345 -3.4459 0.64469 -0.32265 -1.7469 -2.3604 -1.0944 0.13407 -0.89081 -0.024549 -0.60167 0.512 -1.3785
3.5934 -3.4137 1.4318 -0.35055 -2.1801 -2.5701 -0.8619 0.18574 -1.2447 -0.0094481 -0.11499 0.96429 -1.6104
2.9717 -3.1479 1.2737 -0.23894 -1.9797 -2.2748 -1.2714 -0.15071 -1.2371 -0.0090163 0.058838 0.86139 -1.4081
1.2233 -1.9538 1.537 -0.14792 -1.1379 -1.5202 -0.80331 -1.3127 -0.82801 -0.22454 0.57621 -0.050713 -0.60211
1.16 -1.6389 1.83 0.70779 -1.261 -1.8498 -0.56802 -2.3833 -0.048324 -0.31227 0.49042 -0.50342 -0.44036
1.2524 -2.0648 1.7062 0.50568 -0.41285 -1.5631 -1.6649 -2.1555 0.2215 -0.026465 0.24923 -0.6888 -0.44199
1.1794 -1.7242 2.05 0.75515 -0.47892 -1.7126 -0.98078 -2.6415 -0.3548 -0.11364 0.4286 -0.357 -1.1446
1.9918 -3.1048 2.165 1.0242 -1.1494 -0.9998 -1.3074 -1.4297 -0.80276 0.64405 -0.66294 0.32376 -0.17186
2.3245 -3.3997 2.0971 0.94135 -1.8215 -0.93888 -0.96842 -1.8158 -1.1619 0.49059 -0.81546 0.073952 0.041158
2.3511 -3.2784 2.284 0.73155 -1.5443 -0.88198 -1.2426 -1.7485 -1.006 0.59703 -0.30187 -0.0070346 -0.050928
2.1637 -3.15 2.3551 0.882 -1.845 -0.90003 -1.061 -1.9176 -0.95667 0.72094 -0.035358 0.01315 -0.72321
2.049 -3.4671 2.6562 1.1533 -2.0243 -1.2438 -0.89173 -1.4561 -1.0847 0.35253 0.14281 0.22638 -0.65218
2.0065 -3.4326 2.2824 1.0972 -1.9173 -1.3128 -0.95999 -2.0268 -0.70987 0.49432 -0.10895 -0.18562 -0.42597
1.9746 -2.9768 2.1643 1.0431 -2.1901 -1.3114 -0.5973 -1.9477 -0.53708 0.39764 -0.11315 -0.0026161 0.10477
2.1356 -2.8404 2.1977 0.30846 -2.0651 -1.687 -0.60365 -1.2891 -0.7142 0.57462 -0.18848 0.31705 -0.3755
2.5379 -3.2215 1.2574 0.19945 -2.3133 -2.0365 -0.69027 -0.84896 -0.7223 0.2442 0.052145 -0.031662 -0.59032
2.6471 -3.0089 1.0683 -0.3311 -2.4854 -1.9102 -0.44759 -0.19042 -0.81056 0.0054824 0.43958 0.084789 -0.85573
2.7792 -3.074 -0.1442 -0.59267 -1.2052 -2.0629 -0.90222 0.25221 -0.28135 -0.4798 0.059005 0.53841 -0.93173
2.4559 -2.6924 -0.11799 -1.2441 -1.589 -1.5867 -1.1417 -0.062841 0.57904 -0.21675 -0.89803 0.26845 -0.38482
2.4333 -2.7429 -0.39338 -2.076 -1.384 -0.90742 -1.376 0.28381 0.73595 0.0040702 -1.339 0.075488 0.037799
1.7903 -2.7849 -0.60591 -2.4764 -0.68548 -0.74304 -0.92703 0.51531 0.46794 -0.30812 -1.2034 -0.54544 -0.068535
0.86798 -2.0794 -0.0037082 -2.4841 -0.29055 -0.76635 -0.52906 -0.01666 0.65721 0.20286 -1.1944 -0.61228 0.22391
