-0.02144 -4.3168 -0.099002 0.19692 -0.66111 -0.15582 0.13532 0.63761 0.27989 -0.1704 0.013034 0.22826 -0.066741
0.93906 -2.113 1.4132 1.0058 0.49956 0.22407 -0.4967 -0.81726 0.88115 -0.28005 -0.75829 0.29469 -0.54729
2.6661 -0.88554 1.8274 0.16666 -0.75002 -1.4936 -0.96545 -1.3471 1.2423 -0.40353 -0.42755 -0.14091 -0.21186
3.1442 -0.77734 1.4707 -0.23167 -1.0679 -1.4338 -0.66595 -1.258 1.0761 0.10998 -0.19291 -0.62381 -0.1194
3.1465 -0.85984 1.5234 -0.85747 -0.62417 -1.036 -1.1304 -0.7042 1.2 -0.057183 -0.80024 -0.54263 0.033728
3.2453 -0.77561 1.693 -0.81225 -0.77633 -1.5896 -0.64161 -0.049605 0.65558 -0.077097 -0.65521 -0.79204 0.17314
3.2489 -0.47228 1.5095 -0.84854 -0.57551 -1.0729 -1.1201 -0.80576 1.2465 0.45065 -0.93245 -1.115 0.20717
2.471 -0.65606 1.6693 -0.28641 -0.74131 -0.6582 -0.57091 -1.6494 1.3553 0.75062 -0.34844 -1.3035 -0.078521
1.2797 -1.7366 2.089 1.3577 0.03841 -0.406 -0.8168 -1.429 1.2113 -0.38776 -1.0493 -0.18013 -0.11113
1.5068 -1.5521 2.213 1.0183 -0.20494 -0.48261 -0.79657 -1.9413 0.61962 -0.81412 -0.32462 -0.02626 -0.57413
1.9989 -1.6254 2.0714 0.63894 -0.53747 -1.1506 -1.2529 -1.7752 0.55243 -0.45675 -0.41906 -0.389 -0.72833
2.1406 -1.9083 2.4397 0.78045 -0.19424 -0.35439 -1.5568 -2.3236 0.073094 -0.26447 -0.31965 -0.097891 -0.63466
2.1873 -1.9945 2.5473 0.8707 -0.49964 -0.85343 -1.385 -1.4501 -0.15956 -0.61681 -0.54364 -0.24225 -0.40625
2.3094 -1.7087 2.6915 0.88648 -0.86311 -1.0583 -1.0994 -1.791 0.061496 -0.85375 -0.37416 0.0309 -0.26788
2.4018 -0.89227 2.0805 -0.14475 -1.0499 -0.94207 -0.55322 -1.7385 0.0095137 -1.0959 -0.34376 -0.22174 -0.31043
3.3442 -0.27496 1.2215 -2.0882 -1.381 -0.94737 -0.65439 -1.1472 0.42233 0.083447 -0.36918 -1.1863 -0.40253
3.8166 -0.023793 0.58327 -2.2325 -1.0429 -1.0036 -0.93756 -1.0962 0.77001 -0.29249 -0.61029 -1.27 -0.41209
4.1585 -0.20537 0.75059 -2.5185 -1.0288 -1.0511 -0.77478 -0.6325 0.17995 -0.079111 -0.96938 -1.0788 -0.11078
4.1534 -0.62398 0.72569 -2.0028 -1.2634 -1.0558 -1.0412 -0.65623 0.48593 -0.14406 -1.0376 -1.1627 -0.1958
4.1677 -0.49091 0.6535 -2.0779 -1.163 -0.91593 -1.2989 -0.43554 0.8287 -0.28814 -1.0211 -1.133 0.026632
4.0535 -0.51094 1.0133 -1.6202 -1.5459 -1.0563 -0.88358 -0.72897 0.88661 -0.13484 -1.0161 -0.96135 -0.07493
3.9815 -0.3962 0.94818 -1.8945 -1.314 -0.97509 -1.2235 -0.80327 1.1028 -0.39976 -1.0688 -0.85485 0.062635
3.6523 -0.73025 1.3391 -1.1931 -1.4177 -1.6535 -0.78343 -0.52775 0.84643 -0.49641 -0.6653 -0.6378 -0.24385
3.2168 -0.70197 1.7595 -0.71048 -1.6257 -1.4811 -0.66604 -0.69956 0.67994 -0.86782 -0.22812 -0.73381 0.020207
2.8123 -0.61562 2.1358 -0.27594 -1.4696 -1.5826 -0.40174 -1.022 0.61265 -0.77715 -0.25514 -0.4987 0.41328
1.941 -1.1347 2.1832 0.2396 -1.1017 -0.80177 0.015373 -1.4977 0.59433 -0.75026 -0.30439 -0.37368 -0.18869
1.9417 -1.4462 2.7447 1.34 -0.38404 -0.84638 -1.1755 -2.2693 1.1509 -0.23593 -0.36119 -0.38889 -0.84586
1.7156 -1.4881 2.3788 1.8586 0.34212 -0.67111 -1.4 -2.4357 0.91606 -0.40473 -0.32019 0.10062 -0.69921
1.4681 -1.7528 1.9698 1.002 -0.040317 -0.47494 -1.1449 -1.9559 0.88229 -0.50352 -0.58288 0.069727 -0.53227
1.2553 -1.5662 2.2884 1.0962 -0.3246 -0.29195 -0.63247 -2.2542 0.97507 -0.5731 -0.54569 0.10877 -0.44119
1.1993 -1.6985 1.9868 1.051 0.12248 -0.058198 -0.38593 -1.5053 0.55252 -0.93273 -0.61895 0.10624 -0.80063
0.985 -1.7735 2.3129 1.7812 -0.048606 -0.38847 -0.77462 -1.4873 1.5283 -0.053658 -0.69886 -0.49395 -0.69932
1.0349 -1.9366 2.0262 1.5831 0.22351 -0.025894 -0.54716 -1.4385 0.99303 -0.16183 -0.44983 -0.17665 -0.77248
1.1846 -1.997 1.9655 1.7966 0.26294 0.13051 -0.34361 -1.3104 0.58503 -0.53187 -0.43523 -0.20358 -0.4952
0.96999 -2.1922 1.6844 1.3316 0.35432 0.24538 0.27254 -0.35164 0.62792 -0.40591 -0.60385 -0.35799 -0.48723
1.077 -2.2296 1.897 1.3851 0.48251 -0.10752 -0.15706 -0.55321 1.1647 -0.18575 -0.85533 -0.11831 -0.97288
1.0429 -2.1708 1.6439 1.1734 0.11537 0.15014 0.41641 -0.16045 0.83983 -0.15087 -0.19752 -0.48177 -0.88373
1.1748 -2.1942 1.6263 0.4754 0.28197 -0.46844 -0.14098 0.16442 0.24467 -0.22633 -0.12473 0.38983 -0.64046
1.174 -2.082 1.352 0.70939 -0.41853 -0.11875 0.29124 0.15303 0.6989 -0.28885 -0.15279 -0.26564 -0.40087
0.94767 -2.1205 1.3321 0.66609 -0.46703 -0.29134 0.25704 -0.29349 1.0852 -0.049578 -0.28762 -0.69372 -0.37386
1.5475 -2.65 1.0361 0.066676 -0.63408 -0.9858 -0.13124 0.73565 0.84161 0.12336 -0.37972 -0.79263 -0.3511
1.2204 -1.7172 1.2975 -0.61628 -0.95876 -1.354 0.30153 0.21221 0.79823 -0.050273 0.30082 -0.86815 0.28129
-0.048241 -2.4827 1.0581 0.66686 0.090312 -0.062343 -0.29654 -0.76058 1.0007 0.16865 -0.34285 -0.030399 -0.57652
