-0.60119 -3.0949 0.34792 0.19099 0.6488 0.75421 0.84403 1.0816 1.1392 0.34748 -0.49638 0.15037 0.71772
-2.3926 -2.7233 0.40255 0.054329 0.37559 0.23153 0.30741 0.25254 0.32674 0.27733 0.27922 0.35371 0.41724
-3.3564 -2.7702 0.34602 -0.016028 0.30025 0.15414 0.25032 0.18192 0.22372 0.17782 0.20858 0.23247 0.2823
-3.712 -3.5884 0.4656 0.058494 0.36174 0.5105 0.068359 0.27586 0.41795 0.48087 0.40672 0.19026 -0.038356
1.0008 -3.8952 0.59427 0.036614 0.13775 0.47411 0.46988 0.40975 0.12599 -0.025158 -0.22862 -0.4624 -0.61763
1.1775 -2.2638 1.0592 0.21714 0.31902 0.34377 0.34959 0.76119 0.66755 0.10401 -0.03579 0.47483 0.082805
0.66813 -2.1176 0.94948 0.42895 0.43092 0.20214 0.17747 0.5411 0.64906 -0.31854 -0.30283 0.53272 0.15236
2.7823 -1.8192 0.93766 0.42662 0.29764 0.053417 0.21003 0.20089 0.05717 -0.70919 -0.65282 -0.10607 -0.60094
3.4954 -1.7398 0.053867 -0.83949 -0.060042 0.064001 0.67799 0.17526 0.10204 -0.91322 -1.1337 -0.16427 -0.49202
4.1564 -1.4879 -0.57549 -1.2291 -0.30758 -0.24981 0.87645 1.0235 0.77234 -0.23137 -1.0975 -0.80499 0.090757
4.1416 -1.2543 0.029624 -1.6118 -0.2775 0.050852 0.11699 0.81995 0.33464 -0.45944 -0.76954 -0.79013 0.028068
3.8997 -0.54711 0.07442 -1.4101 -0.10801 -0.65115 0.15719 0.35555 0.701 -0.72294 -0.22483 -0.5257 -0.072946
2.9216 -1.0697 1.6669 0.45205 -0.88224 -0.69693 0.33328 -0.64447 0.32378 -0.55458 -0.52996 -0.533 -0.015807
2.9694 -1.4017 1.929 0.74043 -0.60251 -0.18373 -0.058095 -1.1084 0.24975 -0.69503 -1.195 -0.5644 -0.036772
2.9941 -1.0717 1.92 0.73443 -0.81693 -0.62321 -0.079721 -1.1404 0.33707 -0.81251 -1.1022 -0.61966 -0.3018
3.0049 -1.2842 1.9345 1.1726 -0.8687 -0.83817 0.19068 -0.66928 -0.17703 -0.99613 -0.77499 -0.31753 -0.14991
2.9798 -1.2665 1.7845 0.83824 -0.40584 -0.83032 -0.24972 -0.84649 0.10795 -0.50542 -0.99459 -0.88298 -0.20871
3.5454 -1.1101 -0.070181 -0.91235 -0.62542 -0.68388 -0.074995 -0.21277 0.51384 -0.78177 -0.23239 -0.63888 -0.43446
4.715 -1.0781 -0.99935 -1.1768 -0.67962 -0.76301 0.094866 0.33653 0.62469 -0.61955 -0.27704 -0.51102 -0.48096
5.1196 -1.6982 -0.92365 -0.85811 -1.0165 -0.6674 -0.15334 0.6709 0.64412 -0.83201 -0.52338 -0.24035 -0.30797
5.1434 -1.9333 -0.31041 -1.2895 -1.1247 -0.51709 -0.13922 0.73786 0.3856 -0.97498 -0.29753 -0.01391 -0.74127
5.235 -1.9024 -1.0468 -1.2481 -0.74937 -0.70805 -0.34696 0.97434 0.3021 -0.88943 -0.57732 -0.25933 -0.59469
5.2638 -2.2483 -0.23887 -1.5173 -1.2565 -0.51586 -0.21172 1.1451 -0.053136 -0.83037 -0.52385 -0.10222 -0.90452
5.2199 -1.9828 -0.70591 -1.2592 -1.5383 -0.56822 0.00051743 0.65503 0.10111 -0.61542 -0.63145 -0.36571 -1.1379
5.1395 -1.7869 -0.62825 -1.2059 -1.0844 -1.018 0.20948 0.80267 0.48764 -0.79092 -0.61342 -0.15897 -0.79958
5.2268 -2.0248 -0.322 -0.78729 -1.6243 -0.96959 -0.043992 0.79909 0.28274 -0.75367 -0.31538 -0.071905 -0.86685
4.2379 -1.3056 0.41295 -0.8668 -1.0552 -1.0102 -0.51757 0.78742 0.1809 -0.90988 -0.5391 0.27954 -0.57372
2.8463 -0.98766 1.9571 -0.036669 -0.53935 -0.49009 -0.003495 -1.1233 0.83478 -1.0627 -1.2662 -0.093338 -0.55938
2.6617 -0.73334 2.119 0.039695 -0.65629 -0.4431 -0.14845 -1.2225 0.85433 -1.0478 -1.3641 -0.092496 -0.10772
2.7188 -0.87976 1.8276 0.24454 -0.5016 -0.47918 -0.01738 -1.2167 0.27459 -0.94945 -0.9124 -0.10769 -0.056216
2.6731 -1.0931 2.1491 0.30417 -0.48515 -0.12876 -0.11071 -1.282 0.53472 -0.98075 -1.0813 -0.24508 -0.25541
2.6447 -0.9824 2.1238 0.67831 -0.34298 -0.33613 -0.24781 -1.3054 0.96138 -0.63635 -1.1748 -0.33692 -0.46637
2.7024 -1.0813 2.0405 0.52054 -0.42635 -0.15952 -0.068589 -1.3923 0.50464 -0.96598 -0.8806 -0.23806 -0.38876
3.0558 -1.5376 1.8542 0.51839 -0.76077 -0.8261 -0.38329 -0.40936 0.24732 -0.73076 -0.13266 -0.41888 -0.46009
3.3886 -1.524 2.168 0.64128 -2.3883 -0.17989 0.40483 0.001364 0.12536 -0.71354 -0.31876 -0.4807 0.19928
3.6437 -1.2786 1.1194 0.69341 -1.6496 -0.86571 0.49639 -0.17927 0.41217 -0.86247 0.32066 -0.48047 -0.44578
3.8773 -1.4379 1.2362 0.36152 -1.7344 -1.3661 0.74734 0.17201 0.068472 -0.61256 0.25908 -0.52004 -0.71012
4.4546 -1.9276 0.82765 0.18619 -1.9677 -0.88765 0.25214 0.54927 0.19082 -0.69433 0.19683 -0.048456 -0.96784
4.4514 -1.6119 0.19275 -0.021208 -1.6338 -1.1496 0.44129 0.74855 0.35389 -0.73547 0.14117 -0.18772 -0.72786
4.4735 -1.5069 -0.21467 -0.92565 -1.1331 -0.6736 0.32798 0.98751 0.20683 -0.97631 0.045138 -0.01378 -0.96278
4.5323 -2.0306 -0.31708 -1.3201 -0.78929 -0.21495 0.27417 0.90892 0.59381 -0.8474 -0.47444 0.038229 -0.76784
4.5459 -2.156 -1.0312 -1.3155 -0.40644 0.44367 0.28458 0.82915 0.83675 -0.62144 -0.79536 -0.32651 -0.36035
4.3237 -1.5731 -0.64533 -2.0188 -0.35993 0.80778 0.36855 0.62273 0.78645 -0.60228 -0.66097 -0.72754 -0.35079
4.2361 -1.2963 -0.99027 -2.0679 -0.30411 0.98939 1.2018 0.28256 0.76177 -0.34011 -0.71301 -0.99865 -0.16747
4.3933 -1.6733 -1.2858 -1.554 -0.14313 0.57526 0.82592 0.31359 1.03 -0.59688 -1.2101 -0.7786 -0.0073382
4.077 -1.998 -1.2564 -1.0298 -0.0097395 0.9323 1.1959 0.17168 0.62503 -1.1425 -1.5451 -0.83509 0.09826
3.0806 -1.3542 -0.28491 -1.2639 -0.26676 -0.0018366 0.58992 -0.096573 0.45905 -0.83576 -0.97879 -0.31793 0.095085
1.0148 -2.3755 0.13197 -0.62989 0.57167 -0.094367 -0.044027 -0.025361 0.15478 -0.44245 -0.72689 0.16634 0.45865
