0.73093 -4.9697 0.46509 0.079805 0.69378 0.60567 0.36905 0.47286 0.22524 0.37792 0.32155 0.65437 -0.32143
0.6178 -2.974 0.33034 0.19932 0.94227 0.84075 0.74811 1.0465 0.71739 0.30886 0.20391 0.55207 -0.0034275
2.5561 -1.5414 1.4153 0.29371 -0.14995 -0.072521 0.41655 -0.91159 0.023096 -0.76406 0.063261 0.22755 -0.25298
3.7792 -2.0887 0.12663 -0.42818 0.39356 0.27113 1.1098 0.98473 0.18043 -0.6117 -1.2021 -0.42776 -0.68706
4.3875 -1.8352 -0.63056 -1.4755 -0.056556 -0.10465 0.36675 1.0979 0.19715 -0.34728 -1.0165 -0.94126 -0.080209
4.557 -1.3312 -0.36119 -1.7667 -0.37803 -0.12879 0.34427 0.53731 0.36005 -0.30157 -0.80106 -0.35257 -0.26914
4.3974 -0.99181 0.21574 -1.3556 -0.42302 -0.42846 0.54621 0.24426 0.37222 -0.64176 -0.405 -0.54584 -0.076927
3.058 -1.0819 1.1838 -0.27149 -0.2401 -0.27535 0.5431 -0.49753 0.41349 -0.99371 -0.39948 -0.20351 -0.27217
2.9678 -1.1633 1.6927 0.59353 -0.094062 -0.86411 -0.67794 -0.85604 0.99833 -0.8989 -0.99095 -0.14827 -0.78765
3.1711 -1.7856 1.4517 0.89037 -0.52088 -0.77482 -0.023759 -0.75418 0.31503 -0.74906 -0.99627 -0.69426 -0.19058
3.1368 -1.4899 1.5686 1.0557 -0.83819 -0.97609 0.039132 -1.0243 0.42177 -0.75747 -0.98382 -0.71031 -0.2355
3.1858 -1.1973 1.8588 0.29593 -0.57961 -0.61577 0.0095572 -1.1291 0.29443 -0.71956 -0.77457 -0.47835 -0.3642
3.174 -1.4602 1.5829 -0.034213 -0.80069 -0.78131 -0.22295 -1.0443 0.29368 -0.98166 -1.0194 -0.45733 -0.28616
4.2129 -1.4407 -0.10054 -0.82344 -0.9988 -1.0384 -0.01791 0.095163 0.86718 -0.71444 0.43752 -0.5744 -0.52118
5.0515 -1.7724 -0.18107 -0.90732 -1.2928 -1.0041 -0.30082 0.46798 0.67539 -0.9241 -0.30571 0.2152 -0.36136
4.8756 -1.4837 -0.72435 -0.82029 -0.90253 -1.0247 0.15914 -0.063316 0.53087 -1.0169 -0.25678 0.067877 -0.51421
4.9204 -1.6465 -0.72676 -0.74887 -0.93309 -0.73942 0.081548 0.54707 0.12901 -1.0887 -0.37858 0.064653 -0.30747
5.0733 -1.6197 -0.9221 -0.77352 -0.71961 -0.74085 0.14797 0.74981 0.36776 -1.1673 -0.40266 0.044962 -0.28078
5.1405 -1.9641 -0.65393 -0.84588 -0.73276 -0.85066 -0.20143 0.74401 0.39054 -1.2453 -0.32314 0.37768 -0.60408
5.027 -1.9992 -0.64946 -0.64041 -0.98039 -0.84672 0.0394 1.1201 0.2289 -1.1919 -0.37793 0.39486 -0.52555
4.9422 -2.0328 -0.4466 -0.35712 -1.2247 -0.9121 -0.23476 1.0917 0.11192 -0.77616 -0.32894 -0.11428 -0.23917
4.8036 -1.4167 -0.5059 -0.52211 -0.78292 -1.1014 -0.49573 0.68166 0.25596 -0.74434 -0.45458 0.3569 -0.33182
3.3225 -1.4264 1.0557 -0.26702 -0.47952 -1.0302 -0.28304 0.23322 0.22969 -0.82881 -0.41099 0.22984 0.19653
2.8076 -1.1309 1.7659 0.022145 -0.52312 -0.43663 0.28731 -0.91508 0.72541 -0.69471 -0.74956 -0.2818 -0.1222
2.8672 -1.5373 1.5671 0.24405 -0.81787 -0.28909 0.20862 -1.1109 0.56074 -0.68141 -0.52662 -0.57113 -0.35865
2.7465 -1.5465 1.7388 0.38729 -0.59775 -0.68037 0.072524 -0.58226 0.64004 -0.76132 -0.8262 -0.178 -0.31141
2.6922 -1.2872 1.8706 0.014042 -0.20426 -0.4781 0.11066 -0.90036 0.88865 -0.6102 -0.92052 -0.21938 -0.30974
2.5717 -1.6218 1.6169 0.12418 -0.031654 -0.028835 -0.054294 -1.0366 0.6674 -0.84591 -0.93511 -0.048494 -0.40153
2.6744 -2.0534 1.6012 -0.010814 -0.21991 -0.53418 0.45224 -0.81101 0.039906 -0.72376 -0.49403 0.031321 -0.41176
2.9474 -1.8294 1.6498 0.60913 -1.1383 -0.36535 -0.21716 -0.40753 0.26557 -0.713 -0.23455 -0.27416 -0.12348
3.2153 -1.6856 1.9499 0.029406 -0.9645 -0.47196 -0.18349 -0.28505 0.41018 -0.3909 -0.023418 -0.45925 -0.18405
3.5748 -2.0624 2.1961 -0.10376 -0.87149 -0.89412 -0.32001 0.51417 -0.26894 -0.158 0.24926 -0.16781 -0.39236
3.762 -1.4347 2.3114 -0.0011224 -1.7233 -1.0153 0.23688 0.3502 -0.45814 -0.37138 0.5463 -0.23595 -0.15341
4.1407 -1.6645 1.6202 -0.14781 -1.9189 -1.0658 0.24322 0.67862 -0.36543 -0.55853 0.57865 -0.1989 -0.30033
4.4763 -1.8122 0.73014 -0.27693 -1.5463 -1.1895 -0.0042805 0.71485 0.37472 -0.60679 0.19027 -0.11392 -0.17527
4.3327 -1.4905 0.62706 -0.89079 -1.2497 -0.72852 -0.14721 0.65434 0.75375 -0.80264 -0.049841 0.051372 -0.27841
4.4333 -1.8289 -0.42867 -0.77094 -0.85512 -0.70667 -0.025473 0.84333 0.47449 -0.94094 -0.2062 -0.0079101 -0.24962
4.4609 -1.5954 -1.0471 -0.90925 -0.45945 -0.8375 0.47117 0.67305 0.46194 -0.74167 -0.41857 0.023194 -0.23206
4.584 -2.1407 -0.96933 -1.048 -0.64709 -0.28885 0.75562 0.68594 0.59286 -0.56766 -0.63675 0.13574 -0.39907
4.5272 -1.9096 -1.0772 -1.6521 -0.35598 0.20114 0.52931 0.87079 0.82142 -0.65121 -0.50596 -0.19145 -0.16204
4.4538 -1.6813 -1.0659 -1.6122 -0.34141 -0.011084 0.4323 0.80356 0.92325 -0.57685 -0.5517 -0.181 0.027156
4.1718 -2.0212 -1.1651 -1.6582 -0.30862 0.19023 1.1575 0.70168 0.80939 -0.44879 -0.79033 -0.54832 0.030518
3.6247 -1.7088 -0.60223 -1.6264 -0.030707 0.028642 1.1447 0.6258 0.30415 -0.57309 -0.8952 -1.0003 0.24801
2.2299 -1.8965 0.33085 -0.96667 0.59706 0.56004 0.63466 -0.47252 -0.22329 -0.56436 -0.7566 -0.00077708 0.13724
