-2.0927 -2.8959 0.42987 0.15382 -0.21565 0.32224 0.58828 -0.066447 0.35568 -0.033355 0.073235 -0.1403 -0.20387
-0.1776 -1.5699 1.3903 0.48361 -0.31437 -0.57195 0.046665 -0.60296 0.59142 -0.17357 -0.11122 -0.82882 -0.35473
3.0521 -0.75256 -0.26918 -0.12961 -0.89243 -1.6298 -0.1363 -0.43799 0.31871 -0.55211 0.14715 -0.14219 -0.7908
3.7881 -1.3033 -1.3197 0.33961 -1.467 -1.7446 -0.2302 -0.4322 0.057782 -0.69316 -0.049453 -0.19165 -0.89144
3.7317 -1.7365 -1.1987 -0.070658 -1.7103 -1.5555 -0.14229 -0.60895 -0.13938 -1.1395 -0.33932 -0.47471 -0.77655
3.793 -1.1165 -1.9332 -0.24086 -1.1975 -1.6807 0.11215 -0.34023 -0.51059 -1.1207 -0.51717 -0.50823 -0.70285
3.879 -1.5804 -1.6431 0.024132 -1.1074 -1.3746 -0.22559 -0.030159 -0.57991 -0.91645 -0.60813 -0.44196 -0.62639
3.6714 -1.4003 -1.6942 0.043873 -0.92602 -1.3449 -0.135 -0.18197 -0.48991 -0.97367 -0.65092 -0.37522 -0.52023
3.1429 -1.3409 -1.3871 -0.11768 -0.89593 -1.1058 -0.35354 -0.65699 -0.48651 -0.94036 -0.68243 -0.50629 -0.50676
2.6709 -1.3859 -0.80741 0.044828 -0.42964 -1.0917 -0.56145 -0.5055 -0.44524 -0.68874 -0.74429 -0.26458 -0.35884
1.9714 -1.3982 0.46302 0.52293 -0.36748 -0.85975 -0.72205 -1.6396 0.16198 -0.57401 -0.89654 -0.53774 -0.13047
2.5472 -1.2998 1.9598 1.1829 -0.55909 -1.5995 -1.3519 -2.8465 0.60303 0.25958 -0.66945 -0.50207 0.011615
2.6277 -1.3783 1.743 1.2689 -0.43324 -2.3121 -1.5831 -2.0143 0.2233 -0.031473 -0.80781 -0.47589 -0.039045
2.8481 -1.401 1.7672 1.6695 -1.2371 -2.0167 -1.2557 -1.9676 0.45035 -0.64291 -0.69928 -0.41457 0.4568
2.9 -1.6348 2.0329 1.5058 -1.0873 -2.35 -1.4088 -2.0444 0.32013 -0.77688 -0.90478 -0.17572 0.74216
2.9281 -1.3941 0.66106 0.79611 -0.54286 -1.9368 -1.6988 -1.9943 0.19495 -0.79314 -0.69478 -0.065468 0.62642
3.479 -1.4994 -1.5093 0.32193 -1.0998 -1.8008 -0.67247 -0.36102 -0.33566 -0.62336 -0.26893 -0.20675 -0.17975
3.3068 -1.5513 -1.3551 0.053906 -1.2231 -1.4646 -0.33996 -0.12723 -0.74977 -1.0453 -0.62483 -0.57204 -0.42232
3.3007 -1.4875 -1.0566 0.17959 -1.2872 -1.4869 -0.018093 -0.242 -0.68492 -0.78504 -0.42636 -0.58364 -0.29735
3.2363 -1.3941 -1.2406 0.177 -1.4431 -1.5493 0.024778 -0.22548 -0.82825 -0.91592 -0.42846 -0.7174 -0.42123
3.3167 -1.654 -0.82747 0.39461 -1.5761 -1.4909 0.29506 -0.6049 -0.53794 -0.93216 -0.097306 -0.74634 -0.81847
3.3512 -1.8043 -0.75046 0.27996 -1.8773 -1.4756 0.18831 -0.4483 -0.79138 -0.98492 -0.14767 -0.97848 -0.50944
3.0224 -1.6564 -0.43068 -0.12309 -1.7065 -1.3144 0.18773 -0.88942 -0.90325 -0.92281 -0.35802 -0.97896 -0.75224
2.8697 -1.7664 -0.12709 0.37117 -1.3999 -1.377 0.26156 -0.87438 -0.6422 -0.89877 -0.086697 -0.75885 -0.82369
2.4648 -1.4694 0.27036 0.22039 -1.4141 -1.3996 0.015699 -1.3637 -0.7096 -0.77864 -0.10384 -0.82375 -0.80501
1.9164 -1.5457 1.3024 0.48747 -1.0956 -1.4781 -0.21292 -1.7168 -0.62584 -1.055 -0.18461 -0.5978 -0.41524
2.245 -1.2296 2.7566 0.6317 -1.4602 -1.3904 -0.73023 -2.6253 0.13423 -0.77384 0.1809 -0.33213 -0.96422
2.3404 -1.3686 2.5432 0.72849 -1.2823 -1.3977 -0.72543 -2.6206 -0.23809 -1.0988 0.13775 -0.3403 -0.54434
2.2426 -1.1779 2.1078 0.17173 -1.1859 -1.7531 -1.0069 -2.279 -0.31921 -1.1712 -0.18797 -0.67495 -0.55439
2.1586 -1.0889 2.6492 1.0579 -0.91386 -1.6617 -0.79162 -2.2421 -0.26278 -0.50223 0.55014 -0.85995 -0.65168
2.1442 -1.5951 3.3808 0.31185 -1.4918 -1.4408 -0.91927 -1.9029 -0.57273 -0.5784 0.16469 -0.090497 -0.62347
2.0024 -1.9143 2.6072 0.73057 -1.3263 -1.0256 -1.4101 -2.0345 -0.18941 -0.86708 0.11108 -0.71031 -0.22881
2.0694 -2.1438 2.7244 0.95178 -1.7166 -0.96432 -0.87181 -2.1272 -0.23895 -0.88185 0.35449 -0.67246 -0.22661
2.0722 -1.9951 2.4857 0.76072 -1.4895 -0.74255 -0.96986 -2.2909 -0.15597 -0.6768 0.35927 -0.58541 -0.06852
2.1099 -2.5283 2.5236 0.65736 -1.901 -1.1634 -1.4495 -2.1039 -0.21023 -1.1406 0.13782 -0.51689 -0.56424
2.0964 -1.9777 2.1196 0.71556 -2.2118 -0.87282 -0.56817 -2.2919 -0.18578 -0.82871 0.17045 -0.51775 -0.17919
2.2595 -2.0244 1.7417 0.78041 -2.6084 -1.0479 0.046189 -1.8421 -0.52164 -0.528 0.42052 -0.90332 -0.40813
2.1088 -1.6881 0.76477 0.21351 -2.0467 -1.6489 0.34448 -1.3921 -0.7015 -0.65962 0.23287 -0.823 -0.72973
2.2089 -1.6174 0.19368 -0.047079 -1.9242 -1.4471 0.54167 -1.0153 -0.76031 -1.1032 0.21527 -0.89234 -0.46893
2.2334 -1.628 -0.63527 -0.89475 -0.79471 -1.052 -0.24572 -0.46797 -0.38217 -1.2265 -0.45103 -0.65721 -0.47417
2.3144 -1.396 -0.93166 -1.2789 -0.23298 -0.84456 -0.042291 -0.61486 -0.075174 -0.9651 -0.79764 -0.4144 -0.1724
2.238 -1.3653 -0.87184 -1.765 -0.1708 -0.46851 -0.28225 -1.0495 0.020179 -0.53394 -1.0987 -0.28895 -0.20577
2.0727 -1.2518 -0.61643 -2.2203 -0.046104 -0.82018 -0.42939 -1.3716 -0.038114 -0.64398 -0.99376 -0.2121 -0.043543
1.6123 -1.8306 -0.37332 -2.0232 0.052452 -0.81321 -0.66394 -1.5256 -0.69337 -0.57567 -0.44894 0.0091839 -0.304
1.0347 -2.0208 0.43733 -1.4289 -0.44232 -0.86645 -0.49342 -1.7962 -0.78904 -0.51834 0.42957 -0.0029446 -0.43025
