1.4951 -1.9134 1.3102 -1.5344 -2.4398 -1.794 0.53386 -0.46447 0.045598 -0.4 0.18138 -1.0944 -0.12783
1.9807 -2.4103 0.88631 -1.9263 -2.088 -1.7232 0.6052 -0.10995 -0.68599 -0.74577 -0.039768 -0.99321 -0.68428
2.2014 -2.8277 0.40045 -2.0559 -2.4082 -2.1642 0.25017 -0.021131 -0.48437 -1.0458 -0.5246 -1.0529 -0.69187
2.1146 -2.1393 0.48913 -1.8297 -1.6967 -2.0128 0.33922 0.22755 -0.054131 -1.0956 -0.15281 -0.94066 -0.37698
1.6592 -2.0838 0.79918 -1.3993 -1.8675 -1.79 0.077265 -0.0026247 -0.127 -1.3332 -0.54269 -0.64365 -0.34029
0.69772 -2.6914 0.76174 -0.60655 -1.8831 -1.6101 -0.26228 -0.89677 -0.24405 -1.3909 -0.75775 -1.2209 -0.44911
0.34385 -2.0163 1.4522 0.088247 -0.73398 -0.92212 -0.62749 -1.6508 0.20193 -1.0889 -0.59515 -0.034772 -0.14899
0.51555 -1.9039 1.6352 0.19567 -0.84337 -0.90445 -0.52626 -1.7253 0.54475 -0.9437 -0.57506 -0.12758 -0.32198
0.61698 -1.9505 1.5963 0.10644 -1.0582 -1.0571 -0.53718 -1.7373 0.61993 -0.68157 -0.54307 -0.59534 -0.32619
0.55567 -1.8659 1.5122 -0.30768 -0.86399 -1.0039 -0.77469 -2.1847 0.55249 -0.55014 -0.73133 -0.66945 -0.42071
0.67094 -1.8433 1.5957 -0.018131 -0.92082 -0.91997 -0.53662 -2.0496 0.5148 -0.75015 -0.37738 -0.26577 -0.36799
1.0949 -1.3802 0.53668 -1.109 -1.6395 -1.65 0.14583 -1.1348 -0.10123 -1.3856 -0.12636 -0.18566 0.055128
1.5127 -1.9174 0.33336 -1.1693 -2.3526 -1.4996 0.80792 -1.6804 -0.76827 -1.0856 0.2247 -0.49746 0.21507
1.5521 -2.8986 0.29793 -1.2638 -1.6699 -1.508 0.15729 -0.91622 -1.1573 -0.67905 -0.16864 -0.40451 0.25103
1.5082 -2.6196 0.5432 -1.0108 -1.929 -1.7023 0.72211 -0.48762 -1.1604 -1.0068 0.29025 -0.19859 0.42691
1.529 -2.8905 0.30051 -1.0402 -1.9312 -1.4845 0.36043 -1.0639 -0.8608 -0.65019 0.11995 -0.35448 0.26404
1.5488 -2.9605 0.56709 -1.0737 -2.1905 -1.6808 0.39506 -0.9699 -0.83073 -0.95088 0.032871 -0.34454 0.35313
1.4998 -3.0147 0.66294 -1.0492 -2.3152 -1.3621 0.19903 -0.9066 -1.1195 -0.8077 0.1476 -0.13236 0.054305
1.3845 -2.7546 0.58976 -1.1239 -1.8856 -1.2471 0.33228 -1.0499 -1.0602 -0.51404 0.075256 -0.22035 0.085601
1.2778 -2.7138 0.83121 -0.85194 -2.142 -1.3618 0.38487 -1.3526 -0.85403 -1.1248 0.44565 -0.57078 0.02782
0.99047 -2.6631 0.96496 -0.73838 -1.6155 -1.2232 -0.13319 -1.4277 -0.73045 -1.0129 0.18277 -0.51636 -0.29246
0.6308 -2.0169 1.5059 -0.0042494 -1.1611 -1.129 -0.67636 -2.0339 0.39298 -1.1264 -0.60372 -0.22257 -0.55511
0.70686 -2.31 1.1968 -0.22977 -1.0145 -0.91949 -0.46518 -1.6216 0.60948 -1.0503 -1.2107 -0.83719 -0.74437
0.66986 -2.1099 1.2867 -0.18704 -0.78433 -0.90363 -0.69657 -1.8986 0.66429 -0.89125 -0.89868 -0.45911 -0.76458
0.65598 -2.3153 1.0391 -0.37618 -0.87469 -1.0312 -0.67653 -1.6858 0.50256 -0.86639 -0.83474 -0.542 -0.651
0.56787 -2.4358 1.0916 -0.030923 -0.77457 -0.73901 -0.60755 -1.7097 0.63124 -1.0228 -1.0141 -0.29749 -0.70371
0.64173 -2.4384 1.0951 -0.12466 -0.95243 -0.80301 -0.4031 -1.5706 0.30454 -1.2233 -0.89059 -0.52743 -0.70361
0.90538 -2.2481 1.4631 -0.26339 -1.2434 -1.0106 -0.8625 -2.4952 0.10543 -0.49993 -0.42286 -0.30666 -0.48866
0.74494 -2.7079 1.6462 0.62309 -0.83381 -1.1389 -0.92112 -1.6426 0.19379 -0.82304 -0.31543 -0.38003 -1.164
0.90688 -2.8852 1.3721 0.81178 -0.64328 -0.85845 -1.1078 -2.4751 0.47223 -0.53365 -0.15388 -0.0068166 -0.75918
0.78402 -3.1146 1.374 1.1293 -0.31027 -0.88321 -1.5179 -2.632 0.40508 -0.26878 0.057447 -0.15174 -1.1776
0.74523 -3.0713 1.1555 0.72809 -0.67373 -1.0096 -1.3882 -2.5396 0.21252 -0.52651 -0.14226 -0.24832 -0.86192
0.63319 -3.1059 1.3804 0.4254 -0.95547 -1.065 -1.3112 -2.2199 0.073586 -0.67067 -0.16255 -0.12526 -0.83417
0.70033 -3.0383 1.0988 0.53309 -1.1566 -0.89782 -1.0325 -2.4868 0.067188 -0.7688 -0.22573 -0.52181 -0.94852
0.73553 -3.7074 1.206 0.15387 -0.74043 -0.45955 -1.4312 -2.4995 -0.22716 -0.80244 -0.14183 -0.14806 -0.79404
0.75883 -3.4843 1.4126 0.80963 -1.0754 -0.34244 -1.3042 -2.4874 0.018363 -0.74257 -0.31422 -0.43818 -0.42889
0.81115 -3.7814 1.3548 0.33709 -1.6713 -0.62646 -1.1653 -1.8316 -0.010132 -1.0132 -0.7295 -0.38072 -0.26965
1.025 -4.1487 1.1183 -0.42146 -1.7741 -0.23959 -0.83242 -1.6309 -0.51728 -1.0494 -0.54667 -0.63586 0.12457
1.2376 -4.6174 0.67603 -0.88223 -1.5562 -0.96314 -0.65729 -1.0762 -1.1402 -1.2753 -0.86021 -0.44753 0.30478
1.3886 -4.7319 -0.023015 -0.79415 -1.1829 -0.33885 -0.14102 -0.94194 -1.5816 -1.4657 -0.53199 -0.47847 0.12916
1.4399 -4.5469 -0.27385 -1.3806 -0.60563 -0.63849 -0.23234 -0.89237 -1.6622 -1.3213 -0.16341 -0.49885 0.32659
1.3497 -3.9514 -0.69523 -1.4504 -0.56135 -0.6398 -0.61401 -0.79543 -1.7629 -1.4917 0.10253 -0.34857 -0.012549
1.176 -3.9575 -0.80137 -1.2708 -0.50971 -0.58345 -0.36736 -0.96129 -1.6397 -1.4777 -0.021501 -0.14824 -0.088462
0.81295 -3.9655 -0.65473 -1.3059 -0.93636 -0.59469 -0.64977 -1.4826 -0.96192 -1.3274 -0.25643 0.090231 0.029381
0.69046 -3.9099 -0.6517 -1.6538 -0.54631 -0.41087 -0.84993 -1.8456 -1.0304 -0.89169 -0.52773 0.10996 -0.32407
0.60228 -3.8907 -0.38565 -1.229 -0.91719 -0.88175 -0.83466 -1.7766 -1.0279 -1.1775 -0.26164 0.16911 -0.26385
0.32527 -3.6118 -0.11257 -0.21769 -0.36572 -0.39814 -1.0165 -1.7141 -0.87121 -1.2248 -0.16113 0.30176 0.15967
