1.4695 -2.7085 -0.061905 -1.2851 -1.2976 -1.0373 -0.0095882 -0.70625 -0.31914 -0.79299 -0.36084 -0.68472 0.054628
3.6424 -3.7185 -1.5455 -1.8038 -1.4457 -1.2539 -0.028852 0.17017 -0.44142 -1.1033 -0.25608 -0.68241 -0.92156
4.1729 -3.8974 -1.8189 -2.2843 -1.738 -1.3364 -0.45633 0.29637 -0.91074 -1.6331 -0.21885 -1.1031 -1.1273
4.6101 -4.6952 -2.0206 -2.0338 -2.1117 -1.2517 -0.5426 0.26672 -1.298 -1.623 -0.53478 -1.0691 -0.78464
4.7488 -4.4987 -1.8142 -1.7776 -1.7645 -0.87897 -0.44355 0.88759 -1.2838 -1.373 -0.56435 -0.52878 -0.96963
4.2555 -4.1761 -1.9059 -1.7222 -1.3596 -0.90146 -0.80685 0.32538 -1.1191 -1.4925 -0.72952 -0.64619 -0.95698
3.9117 -3.6626 -1.55 -1.7947 -1.2352 -0.70465 -1.1264 0.15018 -0.38369 -1.6179 -0.89866 -0.52017 -0.9855
2.8984 -3.3927 -0.77786 -1.227 -0.41001 -1.0359 -0.67648 0.11243 -0.39484 -0.94233 -1.0994 -0.41906 -0.40735
2.4176 -3.1107 0.63757 0.10734 -0.84959 -0.9121 -1.0651 -1.5926 -0.038872 -1.2017 -1.3699 -0.76513 -0.82896
2.5105 -3.2354 0.44281 -0.15454 -0.62683 -0.46278 -0.91818 -1.8681 0.10165 -0.81272 -1.4199 -0.86695 -0.77625
2.5141 -3.1515 0.47961 -0.036038 -0.75199 -0.92207 -1.4768 -1.8116 0.40947 -1.0846 -1.8957 -1.0652 -0.73804
2.6122 -3.0815 0.28652 -0.2118 -0.57516 -0.93634 -1.2369 -1.6354 0.20472 -1.0404 -1.4719 -0.71342 -1.0044
3.2937 -3.0274 -0.72902 -1.3971 -1.8055 -1.3253 -1.4451 -0.70318 -0.33386 -1.3059 -0.96621 -0.85345 -0.72811
3.8449 -4.1358 -1.4581 -1.0315 -1.1519 -0.98018 -0.9683 0.21958 -0.85413 -1.4369 -1.2143 -0.41701 -0.93293
3.7143 -3.883 -1.3262 -1.2513 -1.5467 -1.0109 -0.42259 -0.11567 -0.95184 -1.4778 -0.73905 -0.71997 -1.0018
3.8796 -3.955 -1.7398 -1.0748 -1.6113 -0.87337 -0.28199 -0.17535 -1.0622 -1.3533 -0.65581 -0.83131 -0.9831
4.0547 -4.3874 -1.7973 -1.4764 -1.8536 -1.0606 -0.51906 -0.095273 -1.3422 -1.6219 -0.75874 -1.234 -1.1274
4.1369 -4.0722 -1.4055 -1.0779 -1.6464 -0.68633 -0.19629 0.13939 -1.0546 -1.2344 -0.62705 -0.87875 -0.81366
4.1085 -4.2837 -1.2562 -1.2714 -1.69 -0.96793 -0.074311 0.082808 -1.2521 -1.3507 -0.47554 -1.0454 -0.9337
4.1573 -4.5138 -1.5002 -1.2357 -1.5817 -1.2255 -0.11913 0.069852 -1.3042 -1.329 -0.82994 -1.2044 -0.66086
4.0743 -4.296 -1.1523 -1.7365 -1.6354 -0.85404 -0.21562 -0.05581 -1.2354 -1.2599 -0.68268 -1.4567 -0.77103
4.0472 -4.1459 -1.1725 -1.9973 -1.9071 -0.67776 -0.37449 -0.35713 -1.4022 -1.1066 -0.67321 -1.8001 -0.63234
3.9393 -4.4358 -0.95975 -1.3879 -1.4868 -0.92425 -0.5339 -0.15568 -1.2105 -0.87802 -0.93392 -1.388 -0.41933
3.7144 -4.082 -0.94461 -1.2164 -2.1943 -1.1302 -0.2686 -0.93915 -1.2125 -1.0375 -0.66656 -0.8874 -0.34248
3.6754 -4.2556 -0.85842 -1.4389 -1.9092 -1.4859 -0.22699 -0.78556 -1.0003 -1.0032 -0.92057 -0.90464 -0.29209
3.5336 -4.2086 -0.96124 -1.8907 -1.883 -1.5341 -0.3173 -1.2564 -0.97158 -0.87996 -0.86922 -0.37214 -0.24488
3.4749 -4.2103 -0.64862 -1.7876 -2.3402 -2.2355 -0.5667 -1.4988 -1.4023 -1.0653 -0.68245 -0.93978 -0.2694
3.2584 -3.7207 -0.27665 -1.1698 -2.5686 -2.3058 -0.65474 -1.7632 -1.0179 -1.1341 -0.17778 -0.83051 -0.5868
3.0031 -3.0488 0.69478 -0.40455 -1.734 -1.6214 -1.3797 -2.7967 -0.26506 -1.1696 -0.39024 -0.38126 -0.27956
3.205 -3.2421 0.5912 -0.50772 -1.5648 -1.3703 -1.0094 -2.5955 -0.66872 -1.3996 -0.22717 -0.21512 -0.35655
3.0989 -3.0579 0.86429 -0.41548 -1.4306 -1.2206 -1.0127 -2.7121 -0.32132 -1.3322 -0.45502 -0.19389 -0.50051
3.0218 -3.4783 0.68493 0.041119 -1.1515 -1.0191 -1.0248 -2.511 -0.49335 -1.3972 -0.64972 -0.44035 -0.28699
3.1939 -3.5892 0.29672 -0.74615 -1.9537 -1.465 -1.0128 -2.6152 -0.54487 -1.519 -0.59711 -0.37401 -0.012429
3.3138 -3.6626 0.63533 -0.45487 -1.6 -1.2364 -0.98084 -2.2619 -0.67101 -1.6696 -0.67231 -0.03404 0.25895
3.4037 -3.2964 1.0521 -0.056233 -1.2841 -0.85252 -0.95667 -2.7287 -0.66503 -1.5163 -0.41121 -0.17682 0.21974
3.3472 -3.5189 0.56998 -0.83366 -1.6005 -1.3172 -1.1187 -2.6974 -0.62453 -1.5864 -0.58424 0.0045557 0.25564
3.3732 -4.2167 0.47051 -0.27579 -1.6932 -1.205 -1.4621 -2.884 -0.89232 -1.4846 -0.62332 -0.22757 0.3102
3.4236 -3.4601 0.97582 -0.034334 -0.94577 -1.0558 -1.0235 -2.6887 -0.93092 -1.5741 -0.2069 0.26974 0.38405
3.4729 -3.6759 0.83412 -0.30548 -1.5624 -0.81148 -1.0321 -2.4884 -0.75325 -1.7241 -0.22955 0.37475 0.69474
3.4239 -4.024 1.5067 0.17935 -1.8796 -1.3419 -1.2721 -2.0656 -0.70156 -1.3321 -0.24544 0.21847 0.30512
3.4424 -4.1708 0.94547 -0.67735 -2.0606 -1.218 -1.3045 -2.9406 -0.75706 -1.2803 -0.21284 -0.0044319 0.057858
3.5657 -3.9295 0.88129 -0.28363 -2.0849 -1.2277 -1.2687 -2.3368 -0.20182 -1.1085 -0.47613 -0.17789 0.40167
3.5516 -3.897 1.3719 -0.87705 -2.576 -0.97614 -0.92015 -1.8273 -0.6487 -0.93281 0.055023 0.013842 -0.057796
3.5459 -4.3222 0.28689 -1.0567 -2.8805 -1.8919 -0.89565 -1.6268 -0.86176 -0.96506 0.31648 -0.34085 0.13402
3.4064 -4.0247 0.021621 -1.2249 -2.2743 -1.4537 -0.72486 -1.5174 -0.48006 -0.92577 -0.063671 -0.467 0.38438
3.2026 -4.0034 -0.17771 -1.8056 -2.055 -1.4916 -0.59597 -1.36 -0.75545 -0.73592 0.073164 -0.56954 0.47236
2.9908 -3.8359 -0.3367 -1.5455 -1.6518 -1.3644 -0.67647 -1.2324 -0.61829 -1.0019 -0.013769 -0.62293 0.49276
2.7092 -4.0508 -0.50877 -1.6708 -1.5368 -1.5176 -0.62116 -1.2351 -0.16855 -0.44854 0.078159 -0.26059 0.92735
2.4553 -4.5496 -1.0959 -2.1157 -1.6197 -1.7926 -0.81138 -1.0692 -0.36105 -0.34641 0.13503 -0.23101 0.96621
2.2511 -4.5306 -0.92784 -1.6542 -1.4586 -1.6665 -1.0989 -1.2814 -0.38522 -0.35296 0.077509 -0.074554 0.63024
2.0005 -4.7191 -0.97128 -1.304 -1.2525 -1.5262 -1.1306 -1.1159 -0.15558 -0.04511 0.034927 -0.26201 0.71615
1.8508 -4.0049 -0.3243 -1.0842 -1.1621 -1.2684 -0.87113 -1.3283 -0.2235 -0.25596 -0.10982 -0.3746 0.71821
1.6142 -4.242 -0.55419 -1.0456 -1.0531 -1.2362 -1.0097 -1.1287 -0.081111 -0.15944 -0.029469 0.12591 0.94272
1.0772 -4.1142 -0.48222 -0.93859 -0.97867 -1.1747 -0.94972 -1.1866 -0.52536 -0.186 0.27909 0.064064 0.61016
