-0.7583 -2.9123 0.39435 -1.3352 -1.0229 -1.2806 -0.38801 -0.5953 0.019233 -0.23778 0.091454 -0.15954 0.14809
0.9207 -2.7359 -0.10249 -2.1936 -1.4846 -2.7592 -0.23686 0.074661 -0.10111 -0.73679 -0.19814 -0.11073 -0.25762
1.2768 -3.1862 0.0014106 -2.2905 -1.1093 -2.0285 0.33015 0.4216 0.010771 -0.69297 0.060346 0.023757 -0.44903
1.2929 -3.0827 -0.20771 -2.0048 -1.0758 -2.2409 0.0097496 0.90745 -0.3468 -0.39008 0.012747 -0.39772 -0.49558
0.77891 -2.8827 0.08723 -1.835 -0.95242 -2.0243 -0.44728 0.036534 0.077138 -0.46595 0.036643 -0.24125 -0.23214
-0.63911 -2.7145 0.29764 -0.6763 -0.67223 -1.3999 -0.70522 -0.7017 -0.071854 -0.70005 0.35197 0.37419 0.35962
-2.2343 -2.7982 0.62007 0.10192 -0.16276 -0.30978 -0.39142 -0.88594 -0.22717 -0.29578 0.0092163 -0.053757 -0.42163
-1.4509 -2.7022 0.83609 0.16146 -0.27763 -0.4806 -0.43056 -1.1256 -0.1726 -0.25092 0.59948 0.42674 0.052736
-0.68764 -2.1963 0.81432 -0.94151 -1.0005 -0.86097 0.028265 -1.0665 0.26268 -0.44905 0.13991 -0.23066 0.15874
0.27697 -2.393 0.21818 -1.341 -0.89969 -1.8779 -0.12602 -0.084743 -0.17561 -0.48311 0.12563 -0.36646 0.049203
0.90361 -2.9527 -0.14484 -1.9026 -1.2444 -2.2015 -0.21069 -0.10576 -0.27854 -0.4247 -0.10051 -0.44609 -0.046822
1.3199 -3.6961 -0.46461 -1.2439 -1.3074 -2.3324 0.20236 0.26788 -0.40921 -0.46794 0.3302 0.033359 -0.47005
1.2866 -3.7282 -0.37221 -1.1646 -1.1367 -2.225 0.29929 0.14554 -0.54107 -0.34778 0.20717 0.072434 -0.30547
0.98112 -3.3014 0.13533 -1.3213 -1.276 -2.1529 -0.020195 0.063024 -0.13171 -0.64867 0.809 -0.11399 -0.36447
0.60917 -3.2023 0.27862 -1.1569 -1.5896 -2.3336 -0.038905 -0.40917 -0.38235 -0.52829 0.51834 -0.069905 -0.19944
-0.92636 -2.7719 0.9246 -0.064341 -0.79349 -1.2576 -0.7087 -1.2111 -0.26066 -0.36339 0.96348 0.38405 0.14664
-1.6165 -2.6473 0.67813 -0.13266 -0.099176 -0.49742 -0.62134 -1.3184 -0.24163 -0.12333 0.52939 0.40197 -0.38056
-0.60828 -2.2716 1.3297 0.04514 -1.1747 -1.3004 -0.38233 -1.469 0.24444 -0.46983 0.46747 -0.067157 -0.21206
0.0069036 -2.4484 1.5403 0.31449 -1.3868 -1.6457 -0.82094 -2.2717 -0.014494 -0.14911 0.95611 -0.82615 -0.62124
0.093017 -2.439 1.1467 -0.22698 -1.0555 -1.1709 -0.39903 -1.6185 0.031997 -0.30428 0.77441 -0.4076 -0.519
-0.0052399 -2.087 1.8462 -0.0057381 -1.6618 -1.0761 -0.12716 -2.4279 0.47735 0.034759 0.73444 -0.90943 -0.48734
0.1691 -2.3146 1.4493 0.0012276 -1.9001 -1.6916 -0.41487 -2.0455 0.082458 -0.36061 0.90138 -0.3372 0.13401
0.32743 -2.5603 1.6187 -1.0173 -1.3931 -1.829 -0.48534 -1.4218 -0.49312 -0.22896 0.75798 -0.41843 -0.22409
0.34846 -3.0046 2.0073 -0.27895 -1.7145 -1.8499 -0.11189 -1.1971 0.31617 0.082039 0.069737 -0.88401 -0.14384
0.27817 -2.8975 2.0066 -0.66763 -1.3954 -1.6092 -0.47191 -1.8991 0.084207 0.29526 0.59071 -0.62426 -0.7164
0.29686 -3.0223 1.8423 -0.9836 -1.4042 -1.5251 -0.042813 -1.7313 -0.18254 0.24543 0.5667 -0.33111 -0.54563
0.37243 -3.5621 1.7336 -0.70312 -1.9769 -1.2961 0.16674 -1.4154 -0.21097 0.12143 0.24376 -0.2566 -0.40472
0.41408 -3.3865 2.0527 -0.63193 -2.3384 -1.415 0.78165 -1.308 -0.221 -0.32883 0.42062 -0.2125 -0.67677
0.40798 -3.2923 1.6476 -1.101 -1.7558 -1.4073 0.12691 -0.79836 -0.010398 -0.22898 0.095448 0.24669 -0.62016
0.40852 -3.081 1.8426 -1.7345 -1.5698 -1.4606 0.28662 -0.5463 0.084509 -0.34723 -0.19072 0.20088 -0.37232
0.27165 -3.8757 1.0746 -1.0242 -1.784 -1.5004 0.39552 -0.85477 -0.043978 -0.38274 -0.40404 -0.61262 -0.48578
0.1757 -3.5972 0.79069 -1.3037 -1.138 -1.7966 0.79313 -0.39699 -0.52744 -0.31277 -0.22553 -0.70111 -0.31583
0.52059 -3.8315 0.46802 -1.32 -1.1263 -1.553 1.0986 -0.071294 -0.60896 -0.62684 -0.18159 -0.22915 -0.09874
0.51969 -3.839 -0.2737 -2.2702 -1.1826 -1.5542 0.76371 -0.094773 -1.1365 -0.47799 -0.28247 -0.37775 0.1946
0.80377 -3.732 -0.40626 -2.3443 -1.0464 -1.0574 0.51088 0.064094 -0.98859 -0.94849 -0.69153 -0.85587 0.11237
1.1035 -3.7565 -0.11857 -2.2087 -1.234 -1.2788 0.36389 0.22321 -1.3075 -0.89872 -0.38433 -0.50108 -0.10987
1.1912 -3.7318 -0.59825 -2.6426 -0.28378 -1.0096 0.48107 0.045197 -1.5581 -1.003 -0.60772 -0.28575 0.48493
1.2055 -3.625 -0.93374 -2.2307 -0.34687 -1.2327 0.018263 0.10895 -1.1882 -1.0407 -0.33687 0.46796 0.073844
1.3082 -3.6186 -1.0503 -2.4051 -0.52042 -1.1658 0.28452 0.029844 -0.88298 -1.4599 -0.55106 0.32751 0.3839
1.3265 -3.4317 -0.84634 -2.56 -0.78929 -0.97911 0.13807 0.21455 -1.0244 -1.3715 -0.33745 -0.097446 0.13628
1.0817 -3.5389 -0.77887 -1.9706 -0.64325 -0.64302 0.24716 0.050711 -0.69663 -1.4564 -0.49215 0.13758 0.43223
1.011 -3.4776 -0.46776 -2.411 -1.1996 -1.1628 0.28005 0.019088 -0.55808 -1.4269 -0.45401 -0.097418 0.29046
0.67936 -3.2188 -0.079511 -1.8495 -1.3079 -1.296 0.55198 0.12517 -0.64501 -1.6165 -0.32353 -0.19122 0.22938
