2.3847 -4.0443 -0.19548 -2.6615 -2.7678 -1.536 1.0674 -0.1516 -0.97827 -0.33441 0.82927 -1.7014 0.43366
2.2679 -5.1546 -0.74391 -1.6502 -2.1755 -1.1491 1.02 0.81999 -0.49615 -0.64428 0.50756 -1.2137 0.51395
2.4873 -5.5465 -1.5955 -1.58 -1.7879 -1.2592 0.7336 0.26117 -0.37693 -0.57614 -0.17929 -0.43261 0.0078711
3.1558 -5.2842 -1.4493 -2.1406 -2.4176 -1.3047 0.88059 0.18449 -0.46627 -0.62043 0.27991 -0.65474 -0.049726
3.0332 -4.8636 -1.5646 -2.3367 -2.2923 -1.5029 0.56434 0.014297 -0.27227 -0.29805 0.37729 -0.80274 0.073423
1.5427 -3.6594 -0.41788 -1.7579 -2.0738 -2.065 -0.042856 -0.41865 -0.46275 -0.23473 0.82913 -0.46721 0.25611
1.18 -4.0827 -0.47574 -1.0381 -1.3807 -1.185 -0.4385 -0.94644 -0.76285 -0.68923 0.054847 -0.36034 0.2885
1.1053 -4.0536 -0.48254 -0.9488 -1.3279 -1.2716 -0.27451 -0.51664 -0.81804 -1.0305 -0.30997 -0.52421 0.32299
1.3389 -3.8588 -0.45246 -1.2382 -1.5247 -1.638 -0.71541 -0.90607 -0.70567 -0.49261 -0.14718 -0.55544 0.16823
1.434 -4.0139 -0.45525 -1.2627 -1.5154 -1.4717 -0.36241 -0.67373 -0.79874 -0.85977 -0.19352 -0.70406 0.35326
1.4197 -3.775 -0.025461 -1.1656 -1.5872 -1.1878 0.16857 -0.61624 -1.0868 -1.0012 0.25271 -0.44804 0.15199
1.8435 -3.6149 -0.036029 -1.3328 -2.2014 -1.7651 0.29104 -0.48945 -0.45501 -0.62613 0.12372 -0.51284 0.39021
3.7946 -4.7899 -1.3856 -2.4947 -3.036 -2.3894 1.0827 0.32448 0.13356 -0.46267 -0.041025 -0.86422 -0.29387
4.0536 -5.5294 -1.2722 -2.3918 -2.7467 -0.86721 0.46364 0.46505 -0.11408 -0.58036 -0.56382 -0.80049 -0.13822
4.0504 -5.784 -0.76534 -2.1169 -2.5589 -0.19251 0.94054 0.27153 -0.30199 -0.54262 -0.44855 -0.9415 0.17784
4.1458 -6.2863 -1.2194 -2.6988 -2.8322 -0.94613 0.32968 -0.040139 -0.42146 -0.48396 -0.53374 -0.76812 0.26909
4.3132 -6.3672 -0.82619 -2.3039 -2.3777 -0.47378 0.53043 -0.0088283 -0.13069 -0.38263 -0.58038 -0.53293 -0.25594
4.3531 -6.8618 -0.86423 -2.7844 -2.7976 -0.711 0.65569 0.047462 -0.35226 -0.23014 -0.35171 -0.51393 -0.010054
4.258 -6.6667 -0.621 -2.4953 -2.6702 -0.27865 1.026 -0.1284 0.0077577 -0.098283 -0.45763 -0.26724 0.075299
4.413 -6.593 -0.91476 -2.6406 -2.3286 -0.5558 0.51944 0.15774 -0.21814 -0.26991 -0.56503 -0.3903 -0.047269
4.5615 -6.3765 -0.30022 -2.5388 -3.0769 -0.89793 0.56204 -0.32091 -0.12624 -0.010284 -0.3286 -0.6032 -0.36978
4.6204 -6.487 -0.55292 -2.341 -2.8699 -0.74 0.78898 0.12919 -0.079996 -0.078465 -0.26383 -0.78071 -0.3536
4.5344 -6.4989 -0.10581 -2.1538 -3.1399 -1.0895 0.78367 -0.15052 -0.19222 0.35783 0.098908 -1.2963 -0.6241
4.112 -5.4872 -0.313 -2.0729 -3.0595 -1.6117 0.47551 -0.016721 0.28878 0.11155 0.39215 -0.75856 -0.35424
2.9451 -4.7113 -0.12834 -1.7744 -2.3371 -1.5001 0.55542 -0.37391 0.1005 -0.27058 0.36732 -0.4599 -0.13994
1.6755 -4.1148 -0.22189 -1.4643 -1.2154 -1.455 -0.1652 -0.90366 -0.38703 -0.77534 -0.28069 -0.44124 0.26323
1.6606 -3.8033 -0.34505 -1.5041 -1.3802 -1.4719 -0.23197 -0.70612 -0.75214 -0.97737 -0.080071 -0.5991 0.29944
1.4161 -3.3216 0.43175 -1.6619 -2.0132 -1.3705 0.41252 -1.2005 -0.81676 -1.02 0.42606 -0.062419 -0.0096015
1.2519 -3.574 0.21165 -0.59477 -1.5497 -1.1467 -0.041395 -0.81642 -0.74565 -0.87195 0.26322 -0.36732 0.64506
1.4313 -3.9272 -0.15038 -1.2886 -1.5616 -1.1913 0.29401 -0.33156 -0.97851 -1.0966 0.011388 -0.76619 0.16419
1.2746 -3.6062 0.15881 -1.0453 -2.1983 -1.6106 0.21428 -0.61058 -0.45652 -1.2994 -0.25983 -0.92769 0.5198
1.5575 -4.8333 0.47836 -1.5038 -1.6548 -1.3181 -0.28348 -0.88141 -0.74237 -0.91421 0.17257 -0.046119 0.20184
3.4634 -6.135 1.6305 -2.4283 -2.2792 -0.99121 0.063683 -0.34718 -0.30299 -0.60465 -0.23826 -0.36544 -0.083231
3.6072 -6.3655 1.1649 -2.8335 -1.9473 -0.84617 -0.35823 -0.57137 -0.27065 -0.76424 -0.76456 -0.32345 -0.046016
3.8968 -6.4764 1.5727 -2.4904 -1.4384 -1.2666 0.098572 -0.14856 -0.68665 -0.34266 -0.50449 -0.15212 0.049149
4.1124 -6.5043 1.4837 -2.7684 -1.3089 -1.3969 -0.042215 -0.40099 -0.50149 -0.31085 -0.38737 0.047835 -0.42449
4.4115 -7.095 1.3363 -2.7473 -1.0305 -1.341 0.02825 -0.10078 -0.62497 -0.63956 -0.77768 0.0041983 -0.67182
4.3577 -6.8737 1.5049 -2.9962 -1.0545 -1.5919 -0.21111 -0.16623 -0.68185 -0.31824 -1.2111 -0.22433 -0.18725
4.6847 -6.9225 1.7617 -2.9222 -1.0721 -1.5661 0.24343 -0.3768 -0.84874 0.15746 -0.50811 0.046934 -0.57923
4.6998 -6.9787 1.7797 -2.9029 -1.9802 -1.2786 0.20265 -0.15184 -0.94564 -0.13263 -0.073524 -0.073662 -0.58107
4.5655 -7.2236 1.6193 -2.7666 -2.1775 -0.63435 -0.33515 -0.18863 0.065187 -0.083434 -0.99448 -0.30095 -0.072338
4.0256 -6.5921 0.31053 -2.3225 -3.0925 -1.2506 -0.1076 0.22986 0.1466 -0.29142 -0.78939 -0.39978 -0.31922
4.2177 -6.4587 -0.39137 -2.1619 -3.4581 -1.4241 0.7249 0.44123 0.81402 -0.45728 -0.69859 -0.32403 -0.58552
4.2144 -7.2228 -0.86627 -2.2884 -2.9931 -0.53111 1.0583 0.058182 0.16934 0.23799 -0.51414 -0.3517 0.13848
4.6247 -7.9263 -2.2446 -1.9206 -1.5674 -0.63553 0.65875 0.070453 -0.68498 -0.0030478 -0.27816 -0.15072 -0.2349
4.5439 -7.6562 -2.3951 -1.5961 -1.2218 -0.29854 0.11008 0.023683 -0.94415 -0.18805 -0.16616 -0.36045 -0.64765
4.6646 -7.7408 -3.0683 -2.2194 -0.78484 -0.61504 -0.55354 0.063313 -1.1289 -0.5411 -0.0075028 -0.37481 -1.1975
4.5101 -7.2814 -3.3762 -1.9275 -0.53446 -0.52092 -0.91441 0.20407 -0.66926 -0.16926 0.12539 -0.16467 -0.86051
4.488 -7.0907 -3.5269 -2.009 -0.35594 -0.35025 -1.0849 0.40142 -0.35107 0.013454 0.048287 -0.18803 -0.75493
4.4602 -6.8758 -3.2544 -1.8212 0.15939 0.12537 -1.1119 0.7647 -0.27372 0.41441 -0.029907 -0.30349 -0.54133
4.0874 -5.9282 -3.056 -2.3689 0.79391 -0.305 -1.4759 0.50728 -0.42665 0.0024178 0.1225 -0.64678 -0.51944
3.4238 -5.8076 -3.307 -1.9743 -0.11255 -0.51425 -1.437 0.11913 -0.79139 -0.095501 -0.37173 -0.6562 -0.53627
2.4036 -5.5597 -3.0625 -1.9568 0.0029274 -0.97812 -1.1078 -0.11553 -0.85169 0.49516 -0.055132 0.15738 0.18307
1.6899 -5.2259 -2.2536 -1.539 0.15336 -0.69305 -1.1887 0.28181 -0.62875 0.39662 -0.19084 -0.35496 -0.16647
