-1.9348 -3.1449 0.14036 0.14303 0.085718 0.17306 0.18068 0.12208 0.13962 0.036178 0.062455 0.17032 0.22955
-2.6569 -3.0987 0.21497 0.14696 0.035297 0.075461 0.1661 0.14912 0.28541 0.23755 0.29012 0.37718 0.62745
-2.8181 -2.6292 0.46697 0.093319 0.4838 0.51781 0.7878 0.56579 0.22942 0.14479 0.35506 0.23392 0.28652
0.84861 -2.0326 -0.38924 -1.6533 -1.1046 -0.83071 0.49971 -0.4321 -0.069707 -0.94506 0.016853 -0.071808 0.17381
3.7974 -3.0685 -2.6017 -2.4075 -1.1932 -1.2736 0.59763 -0.34009 -0.51019 -1.5118 0.12153 -0.37823 0.29481
4.5446 -4.0642 -3.5354 -1.9526 -1.1216 -0.95439 0.2178 0.13091 -1.0231 -1.459 0.22897 -0.057032 -0.059756
4.5631 -4.6405 -3.7417 -1.6321 -0.90908 -0.7089 -0.062815 -0.37996 -0.9606 -1.4043 0.049565 -0.079266 -0.55274
4.4306 -4.1879 -3.9309 -1.6297 -1.1721 -0.80672 0.057253 -0.86754 -0.8187 -1.5718 0.094658 -0.23412 -0.45653
4.1347 -3.7543 -3.2906 -1.8544 -0.98062 -1.2329 -0.060259 -0.66295 -0.95909 -1.3303 -0.44691 -0.071178 -0.71964
3.7867 -3.6113 -2.9362 -2.168 -1.3011 -1.4858 -0.56502 -0.20402 -0.89027 -1.2425 -0.25823 -0.36428 -0.37515
2.6715 -2.9701 -1.2493 -1.811 -1.0322 -1.6859 -0.82193 -0.42672 -0.37852 -0.79398 -0.43976 -0.45521 -0.027527
2.2263 -2.9982 0.21528 -0.9635 -0.87014 -1.4525 -1.1002 -1.1691 -0.096223 -0.95438 -0.83483 -0.23764 0.067546
2.2896 -3.7406 0.12615 -0.5 -1.718 -1.5337 -1.1284 -2.0267 -0.46041 -1.2392 -0.4075 -0.50931 -0.57654
2.1645 -3.2441 0.29382 -0.78988 -1.1251 -1.6551 -1.191 -1.4319 -0.12761 -1.1069 -0.61053 -0.3196 -0.27902
2.1437 -3.6154 0.20818 -0.14054 -1.0172 -1.345 -1.0634 -1.199 -0.23661 -1.1178 -0.73831 -0.41055 0.00085127
2.1741 -3.5038 0.18204 -0.52365 -1.1629 -1.454 -1.2504 -1.6972 -0.050301 -1.0757 -0.91189 -0.4197 -0.19595
3.024 -3.3318 -2.0139 -1.4945 -1.9024 -2.627 -1.1118 -0.72619 -0.48775 -1.31 -0.9946 -0.56541 -0.094911
4.9275 -5.3096 -2.8521 -2.1056 -2.6932 -2.1882 0.1973 -0.22426 -0.73609 -1.2138 -0.5618 -0.74774 -0.46469
5.2602 -5.6286 -3.0207 -1.8012 -2.5798 -1.8216 0.26944 -0.76061 -0.99733 -1.3274 -0.17795 -0.53874 -0.025317
5.5186 -5.7187 -2.8732 -1.851 -2.3524 -1.848 0.34532 -0.4275 -1.2903 -1.2956 -0.28765 -0.86649 -0.0077304
5.5113 -5.4827 -2.5912 -1.626 -2.4799 -1.7395 0.48144 -0.56245 -0.85035 -1.2144 -0.041061 -0.88914 0.091293
5.2221 -5.6606 -2.2244 -1.8532 -2.8358 -1.7515 0.31567 -0.504 -0.8222 -1.0139 -0.084867 -1.0201 0.21159
4.6428 -5.0589 -1.623 -1.684 -3.1317 -1.7956 0.46393 -0.69825 -0.37179 -0.94812 -0.16885 -0.83781 0.1619
4.0503 -4.5323 -0.56862 -1.4956 -3.374 -2.0961 0.53071 -0.55468 -0.36053 -0.59158 0.065438 -0.86896 0.37227
2.5269 -3.4436 -0.27453 -1.6456 -2.9053 -2.4252 -0.16965 -1.3142 -0.2943 -1.07 0.13236 -0.17391 0.29367
2.5038 -3.7089 -0.30481 -1.6623 -2.6354 -2.0097 -0.64586 -1.5576 -0.047372 -1.2078 -0.7154 -0.72263 0.44875
2.4701 -3.2117 0.057527 -1.513 -2.2908 -1.742 -0.38541 -1.5392 0.35095 -1.2557 -0.59103 -0.41918 0.36525
2.3287 -3.418 0.16565 -0.98871 -1.9777 -1.4707 -0.36272 -1.2597 -0.20549 -1.4132 -0.56651 -0.3382 0.084291
2.2053 -3.0852 0.19115 -1.2834 -1.7135 -1.4702 -0.57688 -1.7371 -0.0041294 -1.2736 -0.65716 -0.37313 -0.075773
2.1636 -3.3377 0.20708 -1.0609 -1.7801 -1.6004 -0.70933 -1.6715 -0.03627 -1.1744 -0.73965 -0.48601 0.017778
2.074 -3.0421 0.26178 -1.1477 -1.2842 -1.3047 -0.68638 -1.5125 0.17744 -0.909 -0.85256 -0.55705 -0.028263
1.9378 -3.1609 0.20935 -0.99316 -1.3376 -1.5314 -0.62231 -1.0864 -0.08092 -0.94255 -0.38229 -0.56489 -0.010742
1.7161 -3.2893 0.096551 -1.0683 -1.0844 -1.3493 -0.94983 -1.6537 -0.080947 -0.79905 -0.66015 -0.60378 -0.3054
1.6658 -3.0763 0.40434 -0.86803 -1.3841 -1.4112 -0.77026 -1.6164 0.27235 -0.58902 -0.53558 -0.77115 -0.14126
1.7385 -3.1416 0.26082 -1.1135 -1.581 -1.5709 -0.43839 -1.2431 -0.28145 -0.98612 -0.20423 -0.73402 -0.14923
1.8876 -3.1751 0.48236 -0.84273 -1.9174 -1.4913 -0.42811 -1.7666 -0.084282 -0.89682 0.015677 -0.57452 -0.17514
1.8496 -3.1325 0.63947 -0.53605 -2.1635 -1.4962 -0.40049 -1.7401 0.23662 -0.83827 -0.2069 -0.92152 -0.60632
1.9583 -3.401 0.27663 -1.254 -2.2604 -1.3234 -0.15219 -1.6496 -0.069205 -1.0688 -0.25234 -0.82769 -0.54806
2.0566 -3.1077 0.58712 -1.0556 -2.5636 -1.631 0.014659 -1.4585 0.21596 -1.2563 -0.050095 -0.72801 -0.24908
2.4452 -3.262 0.91794 -0.86316 -2.8909 -1.5876 -0.079974 -1.2429 0.57255 -0.52236 0.032479 -1.4075 -0.094627
2.887 -3.5868 1.023 -0.93776 -3.3225 -1.3316 0.1241 -1.1661 1.0687 -0.78355 -0.41333 -1.3133 0.23462
3.3654 -4.6701 0.48823 -1.3996 -3.2263 -1.338 0.27224 -0.53393 0.18018 -0.70404 -0.1026 -0.22527 -0.67159
3.8734 -5.519 -0.0074749 -1.5291 -2.6929 -0.91055 0.45654 -0.70366 -0.30466 -0.27739 -0.23125 -0.69908 -0.50855
3.9649 -5.93 -1.3092 -1.0644 -2.2572 -1.1073 -0.037781 -0.72609 -0.53417 -0.32827 -0.076531 -0.77323 -0.36935
4.0068 -5.7108 -2.4711 -1.1623 -1.5015 -1.2533 -0.14455 -0.30603 -0.93609 -0.6052 0.0132 -0.88908 -0.29676
3.9711 -4.8464 -3.1413 -1.0637 -1.1515 -1.6674 -0.64414 -0.15754 -0.6335 -0.81908 0.0652 -0.76585 -0.18231
4.0499 -4.676 -3.4378 -1.355 -0.69934 -1.9877 -0.90924 -0.10941 -0.55295 -0.86718 -0.53086 -0.053152 0.2029
4.2058 -4.4278 -3.1171 -1.5227 -0.1143 -1.8097 -1.0604 0.31659 -0.54209 -0.73503 -1.0475 -0.1735 0.50947
4.1118 -4.5449 -3.3723 -1.7484 0.20453 -1.9054 -0.90594 0.11798 -0.15772 -0.65726 -1.1078 0.13677 0.50358
3.2288 -4.0084 -2.893 -2.4114 0.023207 -1.971 -0.93561 -0.74283 -0.23111 -0.47054 -1.2131 0.12481 -0.027402
2.5645 -4.6743 -2.4813 -2.1558 -0.24581 -1.5409 -1.5 -0.84724 -0.33621 -0.36961 -1.0791 0.27789 0.29291
1.7682 -3.9591 -1.5997 -3.0182 -0.4391 -1.6463 -1.2273 -0.31644 0.0031958 0.17412 -0.042735 0.48424 1.023
1.4763 -3.7609 -1.019 -2.0478 -0.60877 -1.0408 -0.90116 -0.89013 0.46388 0.67157 -0.073042 0.21501 0.79743
1.583 -4.1867 -1.7702 -2.512 -0.27378 -1.2887 -1.1514 0.046916 -0.078733 0.35847 -0.28972 0.27575 1.3468
0.81006 -4.5727 -1.3382 -2.0807 -0.83256 -1.353 -0.87154 -0.21305 0.051156 0.41195 -0.057953 0.31185 1.7905
