4.4513 -5.0415 -0.30634 -1.6018 -2.8882 -2.2566 -0.45023 0.4209 -0.75652 0.38318 -0.51843 -1.105 -0.27027
4.8876 -5.345 -0.8511 -1.9761 -2.7635 -1.4625 -0.11506 0.29336 -0.97942 0.032464 -0.66105 -0.79418 -0.08244
5.2884 -5.5174 -0.47715 -1.9913 -2.6877 -1.0079 0.30276 0.51529 -0.9029 0.076861 -0.68758 -0.74857 -0.16461
5.1891 -6.093 -0.71315 -2.2111 -2.7103 -1.2222 0.11259 0.17136 -1.2492 -0.11453 -0.59995 -0.65875 -0.11001
4.9543 -5.6796 -0.923 -1.9496 -2.3768 -1.1443 0.097073 0.25741 -1.1458 -0.028534 -0.35844 -0.43825 0.0066671
4.6873 -5.6041 -0.98426 -1.9298 -2.2493 -1.1473 0.035398 0.10031 -1.2086 0.061848 -0.18904 -0.18872 -0.0045478
4.2075 -5.1439 -1.4445 -1.7597 -2.3507 -1.1894 -0.13203 -0.34012 -1.2537 -0.12737 0.023839 -0.21798 -0.024669
3.8309 -4.4483 -0.99098 -1.7185 -1.9459 -1.3973 0.036448 -0.034487 -1.2432 -0.23761 0.2891 -0.17797 -0.014035
3.1853 -4.1581 -1.0803 -1.5127 -1.8047 -1.648 -0.44286 -0.28235 -0.77386 -0.5322 0.26843 0.13951 -0.086133
2.4821 -3.8083 -0.89587 -1.0873 -1.5053 -1.9867 -1.2846 -0.87837 -0.8056 -0.50106 0.61167 0.024785 -0.017688
1.7001 -3.3786 0.35557 0.18674 -1.0387 -2.2421 -1.7337 -1.3232 -0.46754 -0.52188 0.81214 -0.18019 0.39673
1.2321 -3.1131 0.0834 -0.67594 -0.99173 -1.7935 -0.7613 -0.62586 -0.71587 -0.47644 0.3842 -0.7428 -0.077572
1.3679 -2.8053 0.49133 -0.41605 -1.3089 -2.2118 -0.58918 -0.36561 -0.27607 -0.56002 0.142 -0.94406 0.02459
1.2853 -2.7518 0.60508 -0.52029 -1.4154 -1.8991 -0.52686 -0.41674 -0.19853 -0.79643 0.21149 -0.70016 -0.21917
1.3953 -3.0463 0.26704 -0.57338 -0.90588 -1.7134 -1.0402 -0.84831 -0.26332 -0.72963 0.22905 -0.45061 -0.56189
2.9077 -3.4496 0.10052 -1.1275 -1.6848 -2.3848 -1.1981 -0.18585 -0.013331 -0.15862 0.50423 -0.25628 -0.37846
3.5908 -4.03 -0.51246 -1.9669 -1.913 -1.8437 -1.0506 0.11032 -0.59985 -0.28113 0.55519 -0.31478 -0.59259
3.8851 -4.8561 -0.76593 -1.7227 -2.1514 -1.6246 -0.71528 0.11332 -1.0283 -0.35252 0.10978 -0.23705 -0.51029
4.2011 -5.3414 -1.013 -2.1061 -2.3386 -1.1794 -0.60153 0.076013 -1.4619 -0.087166 0.004229 -0.30178 -0.7005
4.3914 -5.4299 -0.89136 -2.0524 -2.3227 -0.98968 -0.38748 -0.14058 -1.3837 0.11273 -0.072013 -0.24652 -0.46646
4.6859 -5.4294 -0.91257 -1.9577 -2.2285 -0.69291 -0.04527 -0.048348 -1.2634 0.17043 -0.11799 -0.080615 -0.41515
4.824 -5.8116 -1.0098 -2.0758 -2.3677 -0.59736 0.021812 -0.20902 -1.2378 0.28725 -0.067782 -0.183 -0.47957
4.9317 -6.1201 -1.1569 -2.0351 -2.3497 -0.55815 0.0033724 -0.19112 -1.2621 0.34172 -0.29859 -0.20258 -0.48392
4.8925 -6.0692 -1.5341 -2.461 -2.4187 -1.0689 -0.2623 -0.40574 -1.5656 0.10765 -0.45923 -0.39841 -0.63327
4.9142 -5.9598 -1.0114 -2.3384 -2.3361 -0.74395 -0.11979 -0.45265 -1.1543 0.307 -0.38282 -0.47228 -0.56539
4.8022 -5.7601 -0.93677 -2.0797 -2.4863 -0.78896 0.10839 -0.42371 -1.048 0.32421 -0.21279 -0.29727 -0.50823
4.6415 -5.3268 -0.18894 -1.9325 -2.4894 -0.71473 0.33197 -0.14262 -0.85574 0.53038 -0.1677 -0.30172 -0.4033
4.4087 -5.526 -0.52415 -2.272 -2.9005 -1.2555 0.073636 -0.53055 -1.0323 0.25486 -0.45969 -0.55253 -0.64172
4.23 -5.1371 -0.4559 -1.8411 -2.7015 -1.3869 -0.18154 -0.47595 -0.41901 0.29494 -0.41106 -0.40213 -0.5821
4.1977 -4.7076 0.3903 -1.7524 -2.8793 -1.4162 0.4066 -0.25319 -0.48915 0.6042 0.11794 -0.26125 -0.3996
3.9169 -4.5956 0.63434 -1.7537 -3.1963 -2.6118 -0.37016 -0.47039 -0.82176 0.30694 0.10562 -0.33965 -0.21537
2.1442 -3.1553 1.0304 -1.0551 -2.2793 -2.3799 -0.77952 -2.104 -0.5951 -0.3384 0.34505 -0.46297 0.14276
1.8717 -2.5687 0.52164 -0.99592 -1.7979 -1.9232 -0.14534 -1.1534 0.10718 -0.51289 0.39477 -1.4197 0.31507
1.6995 -2.5446 0.53178 -1.2609 -1.8815 -1.597 -0.12947 -1.5999 0.021902 -0.57726 0.27975 -1.3437 -0.10079
1.4942 -3.1338 0.48207 -0.72129 -1.4127 -1.2819 -0.69763 -1.9131 -0.15314 -0.26584 0.12018 -1.054 -0.36654
1.6685 -3.0832 0.72746 -0.73811 -2.0205 -1.9755 -0.43008 -1.3546 -0.44498 -0.81862 0.37082 -0.9473 -0.1125
2.3145 -3.7989 1.6476 -1.1231 -1.9916 -1.794 -0.80305 -0.91835 0.16006 0.0011405 0.10861 -0.80769 -0.47746
2.3921 -4.0492 1.6305 -0.64795 -2.2173 -2.2901 -0.8616 -0.87344 0.058184 -0.01321 0.27555 -0.88447 -0.37544
2.5557 -4.4812 2.0173 -1.009 -1.9593 -1.487 -1.1337 -1.1361 -0.0035291 0.085136 0.34287 -0.61343 -0.65519
2.5251 -4.33 1.8135 -0.79971 -1.6115 -1.848 -1.2007 -1.1446 0.051868 0.55484 0.43586 -0.81694 -0.77864
2.5598 -4.8577 2.1379 -1.291 -1.8305 -1.2698 -1.517 -0.93842 0.48573 0.46397 -0.21454 -0.99681 -0.59733
2.6073 -5.2254 2.0161 -0.83985 -1.6594 -1.6652 -1.5933 -1.0963 0.059422 0.61407 0.034816 -0.67456 -0.74605
2.9267 -5.4743 2.6112 -0.97774 -1.9537 -1.4626 -1.6187 -0.85074 -0.041168 0.51325 0.38644 -0.78234 -0.58208
3.2131 -5.7106 2.1879 -1.2938 -2.0963 -1.2872 -1.4793 -0.94018 0.44833 0.59842 -0.13323 -0.68756 -0.67362
3.5652 -5.5941 2.1844 -0.95367 -2.4227 -1.6642 -1.2446 -0.20948 0.64211 0.16189 -0.33164 -0.49808 -0.85322
3.6964 -5.4452 1.1025 -1.6269 -3.1067 -1.8243 -0.37986 -0.60703 0.098259 0.070519 -0.43875 -0.35565 -0.65195
3.9816 -5.4692 0.52935 -1.9797 -3.0576 -1.2456 -0.32964 -0.81011 0.19071 0.4097 -0.80177 -0.71382 -0.45421
4.101 -5.2741 0.012461 -1.9765 -3.2546 -1.2223 0.51794 -0.10139 -0.51295 0.14814 -0.50254 -0.5516 -0.41628
4.5204 -5.9772 -0.79993 -2.5226 -2.8751 -1.3002 0.45866 0.0021677 -0.79647 -0.023649 -0.6249 -0.42923 -0.15478
4.8431 -6.1197 -2.0295 -2.5713 -2.7624 -1.4605 0.45533 0.12658 -1.1452 -0.37504 -0.76697 -0.95783 -0.28508
4.8395 -5.9197 -2.1921 -2.3107 -1.964 -0.6458 0.79438 0.41436 -0.78071 -0.2844 -0.23671 -0.89873 -0.32871
4.6011 -5.6429 -2.5708 -2.1362 -1.6436 -0.5496 0.57692 0.3634 -0.70961 -0.42803 -0.076575 -0.64569 -0.58212
4.5131 -5.4398 -2.8074 -2.0883 -1.6167 -0.45622 0.18053 0.35883 -0.72457 -0.5821 0.21934 -0.65834 -0.78197
4.3938 -5.7632 -3.4734 -2.7258 -1.672 -0.92962 -0.56052 -0.040377 -1.2573 -0.93097 0.21351 -0.64665 -0.85321
4.1396 -5.4165 -2.9642 -2.4174 -0.92802 -0.48544 -0.25021 0.41425 -0.96151 -0.55674 0.4581 -0.44385 -0.76195
3.5919 -4.5791 -2.8316 -2.5569 -0.86961 -0.64831 -0.91468 -0.43288 -0.85329 -0.70546 0.34453 -0.1498 -0.76632
3.1492 -3.8155 -2.4573 -2.5995 -0.13594 -1.2756 -0.94267 -0.24241 -0.91199 -0.0017824 0.38386 -0.27678 -0.27212
2.7867 -3.5039 -2.564 -2.511 -0.35381 -1.2255 -0.8282 -0.17347 -0.79085 -0.28555 0.48137 -0.56165 -0.057759
2.0904 -3.4501 -2.2604 -2.4625 -0.42624 -1.2342 -0.84351 -0.43946 -0.10513 -0.11419 0.51543 -0.34451 0.32929
2.1064 -3.399 -2.6759 -2.3991 0.2637 -1.2932 -1.1111 -0.55999 -0.31378 -0.28001 0.43858 0.23491 -0.26723
