0.46227 -1.72 0.91588 -0.4432 -1.8152 -1.7994 -0.031204 -0.99227 0.21854 -0.26287 0.082503 -0.66821 -0.031977
3.9778 -2.8313 -0.71061 -1.8126 -3.4518 -2.4253 0.37734 -1.1247 0.18863 -0.44842 0.72473 -1.3695 -0.14737
3.8535 -4.2203 -1.2471 -1.7019 -3.2799 -1.2291 0.63572 -0.75653 0.18848 -0.95709 0.12682 -0.84823 0.23039
4.6369 -5.2334 -1.9877 -1.9248 -2.9565 -0.90383 0.49234 -0.79625 0.035013 -1.6157 -0.27948 -0.87056 -0.030586
5.1539 -5.2325 -2.4871 -2.4724 -3.019 -0.83119 0.50285 -0.95621 -0.30116 -1.7031 -0.28462 -0.42591 0.075215
5.0735 -4.9226 -1.9886 -2.0753 -2.3633 -0.35902 0.74184 -1.0194 -0.26165 -1.4918 0.22743 -0.57256 0.061338
4.6226 -5.2065 -2.0215 -2.2004 -2.0119 -0.64896 0.30612 -1.1933 -0.34833 -1.5247 0.047168 -0.82553 -0.26109
4.2441 -5.0359 -2.3953 -2.433 -2.6721 -1.213 -0.10258 -1.3533 -0.81272 -1.4572 -0.28627 -0.7634 -0.25887
3.1723 -3.284 -1.172 -1.8005 -1.8766 -1.2513 -0.17098 -0.24645 0.037429 -1.1746 0.015719 -0.52786 0.044422
1.8251 -2.5591 0.74769 -1.1773 -1.6737 -2.4633 -0.61501 -0.9501 -0.24651 -1.2325 -0.50776 -0.028938 -0.2119
1.9127 -3.0576 0.10234 -1.0438 -1.6606 -2.6922 -1.1137 -1.1425 -0.667 -1.364 -0.68217 -0.55531 -0.5225
1.8746 -2.8624 0.53581 -1.2693 -1.3017 -2.3947 -1.2074 -1.1209 -0.52437 -0.82185 -0.82296 -0.68045 -0.46545
1.9298 -2.8922 0.5161 -0.76637 -1.4199 -2.414 -1.0866 -1.2606 0.060081 -0.84957 -0.40625 -0.36392 -0.42989
1.9993 -2.587 0.10625 -1.3751 -1.3146 -2.3266 -1.0469 -1.1699 -0.26483 -1.2151 -0.87957 -0.47796 -0.56292
3.9638 -3.8074 -2.4819 -2.1507 -2.71 -2.3195 -0.17267 -0.71272 -0.60621 -1.5904 -0.31878 -0.91074 -0.36951
5.1461 -5.209 -2.0054 -1.9075 -2.5426 -1.1045 0.71598 -0.84398 -0.45223 -1.1475 -0.27786 -0.64448 0.17549
5.6928 -5.2966 -1.6245 -1.9963 -2.3745 -0.45105 1.1697 -0.99044 -0.16548 -0.81293 -0.46561 -0.49019 0.39276
5.7668 -6.1151 -2.0305 -2.3617 -2.6196 -0.61345 0.80272 -1.2869 -0.32344 -1.5919 -0.76896 -0.8258 0.35121
5.8495 -6.2362 -1.646 -2.4045 -2.923 -0.57925 0.65429 -1.4287 -0.27326 -1.3249 -0.45624 -0.88152 0.59158
5.5791 -6.4885 -1.486 -2.4665 -2.6836 -0.46229 0.52193 -1.6471 -0.21076 -1.1636 -0.0364 -0.64959 0.52778
5.3546 -6.2809 -1.0397 -2.0802 -2.4228 -0.37078 0.42859 -1.5377 -0.23249 -1.0874 0.18015 -0.55567 0.39533
4.8753 -6.1338 -0.94461 -2.4706 -2.9118 -1.1629 -0.15023 -1.6226 -0.13123 -1.0764 0.36692 -0.18501 0.60547
4.1263 -5.4748 -0.56437 -2.1927 -2.9141 -1.5046 -0.14661 -1.705 -0.23464 -1.11 0.15325 -0.41253 0.66824
3.055 -4.3128 -0.039792 -1.8788 -2.8738 -1.3855 -0.14044 -1.9574 -0.39735 -0.49867 0.29225 -0.21532 1.0646
2.6223 -3.0909 0.25873 -2.3336 -1.696 -2.1519 -0.43855 -2.0264 -0.38361 -0.74595 0.097507 -0.066449 0.91021
2.5243 -2.5436 0.58731 -2.639 -1.5341 -1.8201 -0.6078 -1.9492 -0.052679 -0.56991 0.10668 0.1252 0.57652
2.5134 -2.8121 0.11407 -2.4564 -1.7801 -2.2425 -1.1862 -1.9454 -0.50459 -0.77385 0.15122 -0.43385 0.3361
2.4864 -2.8313 -0.23937 -2.6446 -2.03 -2.0711 -1.222 -2.0458 0.22685 -0.464 0.57031 0.17698 1.0913
2.5805 -3.2529 0.15883 -2.4576 -2.1221 -1.6367 -1.5478 -1.7466 -0.032371 -1.0099 0.25636 0.18351 0.94765
2.946 -4.2585 0.56265 -2.3996 -2.5867 -1.7225 -1.6004 -1.5927 -0.14866 -0.59613 0.19808 0.045195 0.94892
3.1034 -4.3763 1.0155 -2.064 -3.0032 -1.5106 -1.6738 -1.2151 -0.69988 -0.53089 0.42332 0.049245 0.63408
3.5281 -4.932 1.3241 -2.2571 -3.2616 -1.3929 -1.2434 -1.07 -0.21915 -1.1002 0.33012 0.46605 1.0746
3.8734 -5.4452 1.0029 -2.3357 -3.2752 -0.92963 -1.8154 -0.98681 0.14673 -0.73681 0.061938 0.44272 1.1998
4.3623 -6.047 0.51256 -2.2205 -3.4343 -0.61031 -1.5159 -1.2165 0.26896 -1.4448 -0.054536 0.46208 0.88989
4.8586 -6.1649 0.28557 -1.8229 -3.7889 -0.53051 -0.85988 -1.2481 0.51422 -1.3988 0.47824 0.60962 0.95434
4.8151 -6.5682 -1.6654 -1.9732 -3.9124 -0.9408 -0.43828 -1.6159 0.11378 -1.3088 0.33145 0.3382 0.89811
4.5684 -6.4247 -2.6336 -1.9528 -3.2097 -0.99931 -0.33489 -1.6346 -0.51603 -1.0912 0.28753 0.080891 0.64326
4.8882 -6.6413 -3.7267 -2.0201 -2.7317 -1.284 -0.2647 -1.083 -0.66036 -0.38621 1.2247 0.46604 1.1013
5.2558 -6.0018 -3.8842 -1.7074 -1.6648 -1.178 0.14658 -0.94303 -0.99535 -0.68449 1.0276 0.14085 0.54349
5.3875 -5.785 -3.7169 -1.7273 -0.94229 -1.006 -0.094996 -0.78352 -1.2919 -0.77233 0.70558 0.087673 0.26903
5.6009 -5.8076 -4.5412 -2.2055 -0.6687 -1.6669 -0.62278 -0.72288 -1.1463 -0.96296 1.1357 0.36684 0.29827
5.6114 -5.9673 -4.5835 -2.3391 -0.33969 -1.8124 -0.84325 -0.98285 -0.96581 -1.4992 0.93722 0.12875 0.1392
5.1836 -5.2399 -3.8255 -2.1876 0.019139 -1.3639 -0.7776 -0.65434 -0.58526 -1.1856 1.1909 0.25584 0.5687
4.6726 -5.2584 -4.0467 -2.7382 0.25521 -1.6064 -1.5094 -1.0344 -0.82647 -1.593 0.68131 -0.42827 0.45765
4.1855 -4.914 -3.3989 -2.8652 0.32933 -1.4568 -1.4572 -0.81343 -0.77471 -1.2265 0.96643 -0.001898 1.1068
3.4565 -4.5028 -3.2227 -2.6959 0.54319 -1.7277 -1.8809 -0.6768 -0.86985 -0.52655 0.6588 0.41072 1.2207
2.9004 -3.9818 -2.2135 -2.7454 0.74508 -1.3907 -2.1728 -0.76697 -0.554 -0.21184 0.40895 0.69842 1.2368
2.3207 -4.2457 -1.8094 -2.2892 -0.18819 -1.5264 -2.3173 -1.1205 -0.64333 -0.30232 0.39465 1.2145 1.6915
1.8022 -3.8665 -0.67489 -1.6824 -0.59749 -0.87197 -2.3428 -1.8117 -0.3338 -0.45776 -0.087817 0.93313 1.6346
1.6471 -4.5562 -1.0354 -1.7825 -1.3515 -2.1372 -1.6671 -1.4413 -0.70084 -1.0832 0.65552 1.2216 1.7738
1.4447 -4.2076 -0.66995 -1.1275 -0.35692 -1.8421 -1.4668 -1.2633 -0.95823 -0.83882 0.54139 0.85464 1.1489
1.1669 -4.0113 -0.49326 -1.5254 -0.63446 -1.0935 -1.4018 -2.0922 -0.28252 -0.59571 -0.059868 1.411 1.165
