-0.53139 -1.7707 1.2209 -0.41932 -0.61506 -0.85551 -0.40159 -0.56939 0.48054 0.045939 -0.065644 0.050187 0.54612
3.3 -2.0889 0.15424 -1.3438 -3.2329 -2.1754 0.72093 -0.78996 0.31223 -0.5869 0.15955 -0.54369 0.59181
3.6776 -3.577 -1.4089 -1.1353 -2.8684 -0.65012 0.37541 -0.81628 -0.039856 -0.81417 -0.24981 -0.7312 0.53649
4.3643 -4.6465 -1.8607 -1.6312 -3.1484 -0.68576 0.50807 -0.80722 -0.74248 -0.55991 -0.2382 -0.85599 0.83817
4.0743 -4.454 -1.7617 -1.8002 -2.9347 -1.1578 0.74893 -1.1825 -0.90116 -0.55764 -0.38221 -1.037 0.16752
3.0859 -3.8547 -1.3463 -1.7195 -2.6311 -1.803 0.1979 -0.86213 -0.85188 -0.78083 0.042833 -0.65419 -0.048032
1.7855 -2.5582 0.5756 -0.90376 -1.8647 -2.2269 -0.58951 -1.3665 -0.32494 -0.54161 0.11191 -0.49533 -0.42681
1.945 -3.3452 0.49536 -0.75134 -1.7409 -2.1476 -0.70384 -1.5981 -0.47204 -0.71744 -0.56443 -0.51088 -0.45112
1.8851 -3.1886 0.29009 -0.98902 -1.789 -2.2484 -0.90277 -1.6397 -0.52452 -0.83087 -0.57723 -0.60518 -0.6728
1.9087 -3.0301 0.28921 -1.2135 -1.8575 -2.3415 -0.77273 -1.2854 -0.5381 -0.88746 -0.73297 -0.64852 -0.45967
1.8626 -3.1332 0.5774 -0.61283 -1.7037 -2.4685 -1.0097 -1.3992 -0.3382 -0.88882 -0.64287 -0.36592 -0.60451
2.0763 -2.7542 0.22031 -1.0578 -1.925 -2.5198 -0.6087 -0.91075 -0.36674 -1.2386 -0.23283 -0.41463 -0.44947
4.0825 -4.0865 -1.9548 -1.6761 -3.4769 -1.8324 0.13527 -0.88422 -0.56833 -1.0521 0.023174 -0.98847 0.024993
5.0905 -5.4073 -1.9691 -1.9516 -3.2512 -0.76415 0.48909 -1.0929 -0.65132 -1.2933 -0.17788 -0.90756 0.38078
5.3408 -5.6647 -2.0571 -2.2878 -3.254 -0.34979 0.41077 -1.5281 -0.36353 -1.3559 -0.1979 -0.78066 0.37582
5.4931 -6.2846 -2.2706 -2.7112 -3.2154 -0.5761 0.24993 -1.4317 -0.50053 -1.315 -0.14067 -0.60146 0.51746
5.7878 -6.0891 -1.9228 -2.4189 -3.0064 -0.30242 0.45962 -1.1579 -0.28248 -1.521 -0.19864 -0.60197 0.42036
5.8637 -6.3331 -1.9326 -2.5572 -3.1402 -0.34325 0.35143 -1.2713 -0.39956 -1.5982 -0.29856 -0.7569 0.36404
5.9 -6.7469 -2.0736 -2.9241 -3.3775 -0.56996 0.18371 -1.4003 -0.22077 -1.6537 -0.41754 -0.61263 0.47206
5.8223 -6.5042 -1.7002 -2.8253 -3.5073 -0.51866 0.35102 -1.1202 -0.11199 -1.3956 -0.42741 -0.52467 0.71273
5.6059 -6.4161 -1.5491 -2.7447 -3.5048 -0.61712 0.25055 -1.035 -0.1341 -1.3967 -0.35513 -0.69639 0.47932
5.4358 -7.0868 -1.5749 -3.066 -3.6094 -0.86071 -0.16055 -1.354 -0.21918 -1.3505 -0.31303 -0.69652 0.39821
5.1798 -6.4625 -0.45054 -2.5659 -3.0184 -0.37241 -0.010786 -1.1357 0.0879 -0.94816 -0.050956 -0.58849 0.46841
4.5235 -5.8086 -0.033673 -2.5021 -3.3225 -0.84328 -0.34735 -1.2718 -0.02486 -1.1415 0.0093111 -0.50563 0.43045
2.8442 -3.6626 0.66852 -1.5361 -3.4397 -1.6482 -0.57091 -1.5979 0.20396 -0.70147 0.22893 -0.7179 0.46989
2.464 -2.5554 0.35401 -2.1476 -2.4055 -2.012 -0.53634 -1.7974 -0.19614 -0.59975 -0.2479 -0.64163 0.44538
2.509 -2.5458 -0.22447 -2.358 -2.0903 -1.6512 -0.6062 -1.8546 -0.51372 -1.1742 -0.11025 -0.27597 0.49595
2.6557 -2.1368 0.1433 -2.2294 -2.0383 -1.8317 -0.61281 -2.1716 0.25805 -0.98307 0.1698 -0.39421 0.4579
2.5781 -2.7283 -0.33691 -2.7596 -2.2259 -2.0278 -0.9311 -2.239 0.010901 -0.89542 -0.11234 0.015586 0.53371
2.5597 -2.5229 0.4091 -2.4285 -2.4404 -1.2775 -0.96961 -1.9877 0.22078 -0.45746 0.048542 0.14573 0.95089
2.708 -3.7413 0.51017 -1.78 -2.6427 -1.4995 -1.0258 -1.5868 0.14766 -0.87433 0.0038106 0.30124 0.93853
2.8078 -4.0275 0.3082 -2.1563 -3.4034 -1.4115 -0.86651 -2.082 -0.034267 -0.6732 0.18848 -0.35721 0.72683
2.7844 -4.2921 -0.076362 -1.7463 -3.4875 -1.8124 -1.0988 -1.8424 -0.047181 -1.0082 0.28748 -0.26658 0.70439
2.7089 -4.19 0.29241 -1.9083 -3.0401 -1.7847 -0.98132 -1.5366 0.1374 -0.40818 0.32607 -0.28238 0.81683
2.6318 -4.0211 0.55624 -1.482 -2.6811 -1.78 -0.79485 -1.4185 0.067215 -0.75225 0.30274 -0.36823 0.46579
2.9708 -5.14 1.2388 -2.219 -2.6099 -1.1574 -1.2041 -1.6269 -0.078686 -0.59354 0.1988 -0.31474 0.71845
2.8765 -4.5819 1.3031 -1.6573 -2.3455 -1.4311 -0.87557 -1.1281 -0.22108 -0.81286 -0.018264 -0.25997 0.43682
3.2308 -5.1677 -0.10813 -1.6212 -3.7294 -1.3697 -1.4745 -1.5089 0.39917 -1.4575 0.47837 -0.059539 0.43854
3.8047 -5.0673 0.068804 -1.4399 -3.6863 -0.76921 -0.89666 -1.2926 0.47281 -1.3682 0.26997 -0.0047661 0.6454
4.3739 -5.7205 -0.17235 -2.1131 -3.7843 -0.68054 -0.47952 -1.7381 0.5938 -1.4929 0.43141 -0.028157 0.75049
4.6771 -6.7387 -1.3376 -2.1725 -4.163 -1.0431 0.044419 -1.6555 0.21006 -1.0379 0.77042 0.34715 1.1841
4.6216 -6.4521 -2.2089 -2.041 -3.2358 -1.204 0.018379 -1.6771 -0.11053 -0.88882 0.88478 0.24187 0.96408
4.8394 -6.3099 -2.8116 -2.1532 -2.2264 -1.0892 0.085148 -1.3189 -0.37884 -0.79518 1.2469 -0.17322 1.0731
4.9735 -6.6828 -3.5211 -2.4396 -1.7973 -1.3739 -0.10875 -1.0837 -0.85408 -0.7603 1.3169 0.24816 1.0361
4.9899 -5.9948 -3.5414 -2.2289 -0.82269 -1.1281 -0.29563 -1.0064 -0.96808 -1.0537 0.86389 0.19988 0.371
5.1677 -6.4862 -4.3227 -2.6191 -0.73971 -1.3655 -0.8718 -0.89715 -0.98081 -1.1248 0.91367 0.33415 0.40738
5.0287 -5.638 -3.7688 -2.3758 0.28656 -1.3578 -1.0899 -0.48403 -0.95912 -0.89651 1.0437 0.20298 0.33069
4.5461 -5.5081 -4.332 -2.4585 -0.31937 -1.4031 -1.6743 -0.83994 -0.69573 -0.96388 1.1591 0.18472 0.76272
4.0981 -4.3345 -3.5527 -2.169 0.12894 -0.99419 -1.9896 -0.59013 -0.74777 -1.0682 0.31866 -0.15821 0.84981
3.7485 -4.0897 -3.2197 -2.569 0.452 -1.1521 -1.9726 -0.43683 -0.85933 -0.46777 0.018583 0.49819 1.1944
3.3158 -3.8051 -2.8105 -2.5732 0.62593 -1.0913 -2.0743 -0.49274 -0.80796 -0.64098 0.1812 0.74381 1.3686
2.5811 -4.6528 -2.1696 -2.4092 0.28154 -1.076 -2.0114 -0.92826 -0.51131 -0.13524 0.49758 1.5227 1.6574
2.1455 -4.8716 -1.4903 -2.0387 0.45745 -1.0521 -2.1412 -1.3809 -1.0769 -0.73902 0.52088 1.3116 1.252
1.5382 -4.2419 -0.9598 -1.2081 0.17787 -0.93876 -1.4316 -1.7015 -1.1692 -0.62549 0.42025 1.0173 1.2645
1.3058 -4.8896 -0.61312 -0.20124 0.39476 -1.3012 -2.5527 -2.5886 -0.77266 -0.24421 0.30369 1.346 1.2059
0.63507 -4.0567 -0.24284 -0.48537 -0.14229 -1.0469 -1.873 -1.8307 0.12835 0.035515 0.042346 1.1109 0.96712
