1.9165 -2.3845 0.72073 -1.2544 -1.941 -2.6212 -0.25117 -0.60447 -0.59044 -1.0656 0.02047 -0.34467 -1.3303
2.9646 -3.4314 -0.33954 -1.417 -2.0645 -2.2459 0.13346 -0.24537 -0.26931 -0.96392 -0.44886 -1.1529 -1.6282
3.4018 -3.4319 -0.37254 -1.3888 -1.8472 -1.7403 0.21467 0.01291 -0.47274 -0.79145 -0.69669 -0.6542 -1.3963
3.3891 -3.367 -0.73464 -1.8175 -1.8562 -1.9933 0.097055 -0.088785 -0.73102 -1.2646 -1.0165 -0.97921 -1.6545
3.6784 -3.6558 -1.4404 -1.3671 -1.7212 -1.6208 -0.27149 0.21256 -0.90551 -1.266 -1.0379 -0.67237 -1.4122
3.7187 -4.0695 -1.3894 -1.4511 -1.3651 -1.5594 -0.52057 0.26134 -0.94135 -1.4953 -1.1496 -0.34619 -1.2816
3.2797 -4.1811 -1.0962 -1.233 -1.3142 -1.6214 -0.87969 -0.13441 -1.0047 -1.5486 -1.5726 -0.5941 -0.93001
2.4451 -2.8684 -0.03101 -0.25398 -1.3271 -1.8762 -1.6752 -0.9201 -0.67804 -1.2506 -1.1888 0.15962 -0.23348
2.7764 -2.657 0.93529 1.0821 -0.76695 -2.5048 -2.1534 -1.9865 0.10537 -0.67811 -0.94787 0.04577 -0.34413
2.9511 -2.9792 0.51547 1.1675 -0.8976 -2.2441 -1.9041 -1.9658 -0.047173 -1.1237 -1.2844 -0.16866 -0.34337
3.0608 -2.8805 0.1627 0.66688 -1.5095 -2.8532 -2.0536 -2.4933 -0.020376 -1.4686 -1.6429 -0.36753 -0.29223
3.036 -2.8392 0.40938 0.67958 -1.3301 -2.5578 -2.0806 -2.1277 -0.13823 -1.5494 -1.8189 -0.37436 0.058364
3.0906 -2.2089 0.21262 0.02651 -1.7794 -2.2976 -1.6366 -1.9003 -0.55033 -1.6139 -1.148 -0.17852 0.095475
3.4916 -3.4332 -1.4016 -1.5978 -2.1556 -1.7425 -1.1061 -0.79257 -1.6602 -1.6487 -1.0067 0.062704 -0.23956
4.1689 -4.6006 -2.1344 -1.495 -2.2773 -1.5403 -0.93852 -0.67278 -2.1463 -2.1635 -1.172 -0.24091 -0.38556
4.6414 -4.5389 -1.6935 -1.2742 -1.871 -1.2476 -0.31132 -0.069147 -2.052 -1.7197 -1.0031 0.14318 -0.11101
4.6901 -4.9112 -1.8467 -1.524 -1.9462 -1.1685 -0.36436 -0.16033 -2.2071 -1.7685 -0.97154 0.018019 0.052472
4.6436 -4.7507 -1.3374 -1.5279 -1.9255 -1.107 -0.17524 -0.36799 -2.3831 -1.7523 -1.0349 -0.27786 -0.11771
4.5028 -5.1705 -1.8638 -1.9351 -2.4678 -1.4335 -0.55486 -0.694 -2.6164 -1.9152 -1.1897 -0.078733 0.02523
4.2527 -3.9585 -1.1227 -1.1089 -1.9693 -0.74558 -0.14341 -0.23349 -2.3372 -1.2344 -0.94891 0.092965 0.18714
4.0261 -4.324 -0.72448 -1.4743 -2.1512 -0.96338 -0.070161 -0.81659 -2.2968 -1.276 -0.94772 -0.048027 0.23438
3.7792 -4.3145 -0.82725 -1.3927 -2.6256 -1.1815 -0.1151 -1.5075 -2.0572 -1.5923 -0.82669 -0.40746 0.072222
3.4328 -3.6843 -0.55787 -1.2416 -2.9042 -1.5279 -0.42658 -1.915 -1.7023 -1.8163 -0.51839 -0.83152 0.11718
2.8832 -2.871 0.78815 -0.46561 -1.9547 -1.5115 -0.43825 -2.0112 -1.2302 -1.5248 -0.50869 -0.7129 -0.0020083
3.0391 -2.2862 1.841 0.10966 -1.428 -2.4246 -0.89928 -2.8026 -1.1179 -1.3122 -1.0401 -0.42542 0.64047
3.1831 -1.9972 1.5211 -0.11371 -0.79808 -2.0366 -0.61072 -2.5914 -1.4982 -1.2659 -1.0391 -0.5518 0.54357
3.1927 -1.9368 1.9477 -0.031507 -0.94606 -2.0326 -0.65382 -2.381 -1.1486 -1.4496 -1.0719 -0.65019 0.66864
3.2621 -1.9614 2.0354 0.033465 -1.0468 -2.2803 -1.1189 -2.6031 -1.2246 -0.78256 -1.0564 -1.067 0.23987
3.31 -1.9922 1.4601 -0.55181 -1.4477 -2.6189 -1.1718 -2.5616 -1.264 -1.6951 -1.2032 -0.51794 0.71286
3.5437 -2.0022 1.259 -0.93522 -2.3696 -1.8345 -1.2706 -2.6114 -1.3455 -0.78541 -0.75154 -0.38475 0.61019
3.711 -3.407 1.8085 -1.1903 -2.524 -1.3171 -0.8406 -2.4492 -1.4132 -0.65544 -0.89595 0.087549 0.010516
3.9141 -3.5671 2.7603 -1.3526 -1.9542 -0.86871 -0.84459 -2.0853 -1.134 -0.27965 -0.84345 0.095035 0.42597
4.031 -4.2627 2.5382 -1.6926 -2.1557 -1.005 -1.355 -2.1075 -1.3765 -0.6248 -0.72237 0.15482 0.10643
3.9078 -3.9958 3.053 -1.3831 -2.2083 -1.0142 -1.3346 -1.74 -1.472 -1.0873 -0.63795 0.058756 -0.12788
3.9322 -4.2084 2.5723 -2.1676 -2.877 -1.3651 -1.2571 -2.3208 -1.7658 -0.73284 -1.0816 -0.069525 0.14141
4.0052 -3.6564 2.7639 -1.7495 -2.093 -0.47345 -1.1421 -1.9634 -1.11 -0.56034 -0.81555 0.084031 0.13416
4.1111 -4.4027 1.7699 -1.9521 -3.2363 -1.241 -1.0883 -2.077 -1.7034 -0.56664 -0.68668 -0.1342 -0.0080217
4.2737 -4.3976 1.0736 -1.681 -3.2277 -0.97172 -0.8971 -2.0476 -1.485 -0.649 -1.0855 -0.016305 -0.12669
4.5283 -4.3466 0.55704 -1.4703 -2.8609 -0.50425 -0.46807 -1.7392 -1.6109 -0.45464 -0.56565 0.22503 -0.23882
4.6307 -4.367 -0.47844 -1.0346 -2.9809 -0.70598 -0.25073 -1.4399 -1.9972 -0.44158 -0.30696 -0.041914 0.27224
4.486 -4.1484 -1.2324 -1.2517 -2.4147 -0.62855 -0.42855 -1.489 -2.0844 -0.77886 -0.17116 -0.0003902 -0.23151
4.7014 -4.4906 -2.4977 -1.9079 -2.3138 -1.2259 -0.81344 -1.2363 -2.3295 -1.1464 0.075431 0.37164 0.023125
4.8765 -3.7631 -2.5217 -1.5701 -1.5672 -0.79056 -0.48477 -0.74747 -2.0524 -1.2813 -0.040005 0.72717 -0.048544
4.957 -3.3839 -3.1762 -2.2119 -1.3943 -1.02 -0.78195 -0.98299 -2.0298 -1.824 -0.67684 0.67142 -0.34093
4.9503 -3.8298 -3.6327 -2.4282 -1.4361 -0.73402 -1.1815 -1.1916 -1.684 -1.6425 -0.39468 0.92164 -0.080751
4.7591 -3.3975 -3.457 -2.2997 -0.89175 -0.28396 -1.0786 -1.2396 -0.9988 -1.5373 0.084207 0.71257 0.26738
4.3564 -3.6715 -3.7436 -3.209 -1.034 -0.31399 -1.4334 -1.047 -1.2397 -1.6276 -0.13485 0.76194 0.57048
3.4171 -2.7988 -2.1699 -2.2621 -0.5064 0.28472 -0.96079 -0.83246 -1.0781 -1.4285 -0.33654 0.55916 0.11245
2.4338 -3.5472 -2.4482 -1.771 -0.064444 0.78503 -0.69759 0.26276 -0.010897 -0.90986 -0.6524 0.098128 0.34469
0.72842 -2.8659 -2.0531 -1.7953 0.9861 0.56864 -0.772 -0.2842 -0.73337 -1.2305 -0.2547 1.2613 0.78822
