2.403 -2.3183 -0.16011 -1.1116 -2.2398 -1.4144 -0.088022 -1.5461 -0.71129 -1.1658 -0.1631 -0.9487 0.25299
2.7051 -3.1115 -0.61979 -1.6346 -2.1651 -1.9587 0.086424 -1.2043 -1.3905 -1.67 -0.31943 -1.1422 -0.59149
3.0061 -3.0333 -1.1965 -1.8167 -1.8808 -1.8044 -0.23565 -0.83244 -1.1335 -1.3894 -0.49893 -1.3967 -0.42098
2.9256 -2.5825 -0.42354 -2.0714 -2.1377 -1.5485 0.082636 -0.47992 -1.0286 -1.7936 -0.072441 -1.3825 -0.79972
2.6905 -1.9836 -0.042666 -1.6329 -2.307 -1.5733 0.58861 -0.38862 -1.1222 -1.6524 0.37764 -1.5209 -0.93094
2.1762 -1.9595 0.58154 -1.3576 -1.6509 -1.8487 -0.59904 -0.65777 -0.13609 -1.5958 -0.55462 -0.46839 -0.71239
1.8531 -2.1094 1.436 0.087085 -0.97239 -1.1339 -0.84917 -2.0318 -0.32592 -1.4912 -0.27763 -0.043127 -0.44557
2.0318 -2.557 0.90599 -0.16235 -0.58392 -0.92613 -1.2058 -2.2746 -0.077799 -1.023 -0.67152 -0.18463 -1.147
1.9663 -2.5095 1.1886 0.45384 -0.74175 -1.131 -1.1811 -2.0111 -0.052118 -1.0479 -0.53692 -0.30162 -0.9312
1.9587 -2.3098 1.0484 0.28294 -0.97054 -0.95507 -1.0799 -2.054 0.21034 -1.1756 -0.67968 -0.50303 -1.0606
2.0831 -2.5997 0.77094 -0.22782 -0.43267 -0.92932 -1.238 -1.9382 -0.088815 -0.99178 -0.53157 -0.29881 -1.1757
2.2684 -1.987 0.93937 -0.8295 -1.5962 -1.6671 -0.73099 -1.3032 -0.16837 -1.4445 -0.35983 -0.95476 -0.85386
2.4769 -2.1123 0.18414 -1.4576 -1.5857 -2.0497 -0.40986 -0.50912 -0.27411 -1.9018 -0.46043 -0.94123 -0.80093
2.5844 -2.4368 -0.13714 -1.5419 -1.6247 -1.5099 0.32161 -0.35434 -0.61972 -1.2379 -0.51281 -1.15 -0.49292
2.7641 -2.7648 -0.30161 -1.8135 -2.0524 -1.0882 0.35351 -0.43927 -0.89439 -1.323 -0.18957 -1.4411 -0.71332
2.708 -3.0582 -0.18727 -1.9064 -2.2833 -1.0368 0.25504 -0.50765 -0.8619 -1.3448 -0.64144 -1.4565 -0.6312
2.5034 -2.784 -0.25818 -1.6209 -1.7677 -0.99749 0.23994 -0.56596 -0.68679 -1.2254 -0.38365 -1.239 -0.4373
2.2982 -2.5758 0.28414 -1.9906 -1.9432 -0.74534 0.1433 -0.81011 -0.71338 -1.1399 -0.6783 -1.1886 -0.317
2.2126 -2.5256 0.034905 -1.8945 -1.932 -0.7084 0.21125 -0.90066 -0.91643 -1.041 -0.35824 -1.5561 -0.42196
2.2909 -3.1246 -0.39015 -1.5993 -1.9897 -0.99821 0.29418 -1.0592 -0.8516 -0.99658 -0.66393 -1.3903 -0.35731
2.1526 -2.9357 0.043233 -1.2784 -2.1896 -0.851 0.29034 -1.0525 -0.67545 -0.8107 -0.59701 -1.3561 -0.11181
2.0776 -3.032 0.19165 -1.5181 -2.1168 -0.9158 0.25484 -1.0178 -0.73441 -0.97099 -0.74137 -1.1182 -0.36957
2.0723 -2.9189 0.65412 -1.6191 -2.5573 -0.79765 0.2922 -1.2358 -0.77347 -0.89714 -0.56521 -1.213 -0.55288
1.89 -2.9878 0.5303 -1.1151 -2.2169 -1.1327 -0.12938 -1.1912 -0.81504 -0.81662 -0.5477 -1.0913 -0.51166
1.6203 -2.2764 0.89764 -0.43582 -0.85444 -1.1501 -0.77662 -2.1061 -0.52443 -1.1136 -0.212 -0.26458 -0.708
1.9609 -2.3167 1.087 0.32329 -0.63237 -1.1192 -1.2043 -2.4985 0.16384 -0.70484 -0.21834 -0.33215 -0.99347
1.9319 -2.6011 0.80015 -0.114 -0.76968 -1.3326 -1.338 -2.5531 -0.37652 -0.79619 -0.12493 -0.68991 -1.0624
1.8244 -2.3078 1.0891 -0.0094814 -0.74719 -0.94398 -1.1371 -2.565 0.13482 -0.86677 -0.4123 -0.21476 -0.95417
1.732 -2.3693 0.92979 0.0015787 -0.48999 -1.0627 -1.1406 -2.1386 -0.35519 -0.87297 0.013574 -0.28891 -0.82859
1.7344 -2.119 0.98405 -1.0967 -1.1225 -1.2689 -0.89939 -1.9794 0.010291 -0.78451 -0.61962 -0.56528 -0.82661
1.9048 -2.6872 1.0623 -0.51774 -1.5308 -0.86736 -0.82547 -2.1081 0.39151 -0.58973 -0.65647 -0.47631 -0.73997
1.7637 -2.7118 1.1921 -0.60138 -1.8272 -0.67744 -1.1753 -1.5544 -0.010255 -0.77182 -0.6155 -0.46776 -0.70019
1.7019 -2.849 1.3134 -0.87522 -1.5898 -1.1399 -1.2112 -1.5849 -0.38647 -0.75828 -0.45752 -0.47359 -1.1128
1.8596 -2.7104 1.6078 -0.59548 -1.538 -1.0667 -1.1645 -1.7474 0.22837 -0.64887 -0.41028 -0.32512 -1.2478
1.8785 -3.1052 1.6719 -0.63728 -1.7973 -0.89277 -1.0313 -1.4219 -0.12361 -0.78929 -0.28552 -0.25741 -1.1303
1.9105 -3.2699 1.5034 -0.95392 -1.7835 -1.0598 -1.1361 -1.2089 -0.25939 -0.88801 -0.35082 -0.25254 -1.193
2.0488 -3.4001 1.3584 -0.80504 -2.835 -0.89583 -0.42586 -1.0807 -0.94602 -0.61245 -0.63753 -0.48781 -0.80637
2.2585 -3.4038 1.1566 -0.94886 -2.8927 -0.84799 0.070352 -0.99388 -1.0186 -0.71084 -0.15157 -0.75822 -0.64638
2.4486 -3.2648 1.0565 -1.5449 -2.4719 -0.50763 0.052879 -0.53572 -0.85776 -0.45934 -0.2876 -1.2966 -0.015278
2.6803 -3.9491 -0.077774 -1.8599 -2.3389 -0.75313 0.00060151 -0.37438 -1.2108 -0.91801 -0.62153 -1.4264 -0.09468
2.476 -3.342 -0.72224 -2.0521 -1.8295 -0.65325 0.22758 -0.30359 -1.0044 -1.2225 -0.51819 -1.0597 -0.42489
2.418 -3.518 -0.8928 -1.9571 -1.4712 -0.66791 0.35224 -0.19175 -0.87464 -1.3671 -0.47249 -0.43534 -0.63456
2.27 -3.157 -0.7256 -2.0677 -1.1077 -0.65291 0.69878 -0.080179 -0.89846 -1.4676 -0.089132 -0.64637 -0.5577
2.0935 -3.1666 -0.83697 -2.1857 -1.1335 -1.0798 0.49934 -0.48438 -0.95814 -1.4029 -0.17042 -0.33989 -0.35154
1.7633 -3.0942 -0.97066 -2.521 -0.90305 -1.0567 0.121 -0.81771 -1.1685 -1.6864 -0.167 -0.27599 -0.15851
1.4188 -3.2125 -0.74971 -2.6229 -1.1896 -1.2933 -0.10334 -1.1512 -1.4418 -1.4763 -0.042208 -0.47806 0.22585
1.0999 -3.7853 -0.45575 -1.2045 -0.26713 -0.38981 -0.012035 -0.9752 -1.3138 -1.4908 -0.60764 -0.16131 0.35566
0.76991 -3.503 0.078467 -0.78434 -1.0539 -1.0406 -0.59284 -1.3557 -0.97407 -0.96569 0.47273 0.37458 0.22826
