1.2676 -2.5928 0.30454 -1.398 -2.3761 -1.5628 -0.083736 -0.99238 0.024166 -1.1459 -0.41766 -0.84264 -0.38406
2.2829 -3.1997 0.049153 -1.5969 -2.4309 -0.96501 -0.022509 -0.15268 0.26796 -0.89009 -0.57921 -0.31488 -0.18053
2.1942 -2.984 0.404 -1.6545 -2.6275 -0.64933 0.55141 -0.42578 -0.0040222 -0.59696 -0.17723 -0.36093 -0.2855
1.8497 -3.5603 0.50945 -1.1031 -2.3058 -0.57488 1.0535 0.21426 -0.85632 -0.87102 -0.28578 -0.55807 -0.054541
1.339 -3.353 0.95249 -0.72784 -1.9642 -0.53751 0.45979 0.31175 -0.26629 -1.5087 -1.0177 0.24965 -0.17667
0.83402 -3.3957 0.75277 -0.39594 -1.3647 -0.42053 0.30017 -0.22489 -0.51153 -1.236 -0.75651 -0.65232 -0.35982
0.52897 -3.4266 0.23488 -0.041678 -0.88856 -0.28969 -0.020661 -0.74163 -0.22509 -1.0129 -0.91317 -0.88822 -0.60751
-0.18367 -2.8744 0.65102 0.27425 0.042377 0.045303 -0.17996 -0.76185 -0.18105 -0.68328 -0.83109 -0.42633 -0.59384
0.0041972 -2.9682 0.72148 0.4741 0.086209 -0.17801 -0.64357 -1.1416 0.072294 -0.31611 -0.46963 -0.22088 -0.76666
0.064547 -3.0095 0.54335 0.30637 0.26923 -0.14496 -0.93145 -1.2295 0.010486 -0.43426 -0.82769 -0.062763 -0.73793
0.11104 -2.9555 0.45032 0.10785 -0.021304 -0.21132 -0.53609 -0.90065 -0.074241 -0.47795 -0.66291 -0.30732 -0.55081
0.22735 -3.2032 0.32969 0.036524 -0.19292 -0.42149 -0.97124 -1.3636 -0.1713 -0.68228 -1.0126 -0.42732 -0.79854
0.44835 -2.9513 0.7154 0.35831 -0.33493 -0.32484 -0.70309 -1.4175 -0.042426 -0.73446 -0.90079 -0.47631 -0.80742
0.94735 -2.8724 0.62027 -0.40438 -1.0565 -0.75534 -0.32032 -1.0076 -0.12925 -1.1388 -0.99259 -0.79907 -0.77251
2.2466 -4.087 0.33635 -0.84565 -2.8483 -0.38682 0.60788 -1.0132 -0.89822 -0.99055 -0.7008 -1.3783 -0.48301
2.449 -4.1297 0.64387 -1.5463 -2.3585 -0.026796 0.36273 -0.3368 -0.69491 -0.92886 -0.92494 -0.22894 -0.41258
2.6817 -4.299 0.2258 -1.3361 -2.8536 0.12088 1.018 -0.85345 -0.73294 -0.93618 -0.60954 -0.99278 -0.34468
2.7499 -4.4319 0.20222 -2.1817 -2.6889 -0.1132 0.2872 -0.63494 -0.9026 -1.2503 -0.97975 -0.93625 -0.47661
3.115 -4.9411 0.1311 -1.8865 -2.2139 -0.044185 0.36851 -0.45951 -1.1509 -1.2336 -1.0727 -0.9108 -0.74185
3.007 -4.6518 0.2162 -1.9223 -2.063 0.05114 0.54118 -0.021613 -0.94292 -1.0421 -1.0888 -0.80939 -0.56206
2.8784 -4.5652 0.73115 -2.0277 -2.143 0.045431 0.42542 -0.3944 -1.0062 -0.96459 -0.99539 -0.99101 -0.63416
2.8368 -4.633 0.94857 -1.483 -2.3166 -0.1071 0.68688 -0.16021 -1.3157 -1.185 -1.0846 -0.90442 -0.60923
2.4559 -4.8819 0.58356 -1.8113 -2.1319 -0.48528 0.095284 -0.47903 -1.4234 -1.1233 -1.1413 -0.69005 -0.72481
1.6368 -3.8274 0.80915 -1.1309 -1.9379 -1.0603 0.16246 -0.37792 -0.82904 -1.3051 -0.7521 -0.85095 -0.68103
0.73549 -2.8206 0.86789 0.17245 -0.92925 -0.62988 -0.46949 -1.5094 -0.12677 -0.61167 -0.31517 -0.50708 -0.55857
0.95193 -3.1464 0.60383 0.37727 0.017749 -0.2521 -1.1358 -2.0374 -0.24529 -0.92901 -0.77906 0.034074 -0.91907
0.65061 -2.9494 0.69113 0.1331 -0.62665 -0.5701 -0.58105 -1.0649 0.28683 -0.72595 -1.3246 -0.90559 -0.13006
0.29518 -2.9256 0.65395 0.29461 -0.17988 -0.37081 -0.82934 -1.3578 0.018882 -0.46121 -0.56037 -0.15178 -0.54668
0.36979 -3.0326 0.70608 0.28948 -0.64209 -0.67105 -1.0317 -1.684 0.069459 -0.7614 -1.0579 -0.51917 -0.39049
0.50959 -2.936 0.6518 0.30627 -0.36764 -0.51031 -0.92402 -1.6051 -0.097633 -0.64159 -0.53579 -0.17239 -0.5464
0.37111 -2.907 0.66902 0.35116 -0.15834 -0.35943 -0.88451 -1.4346 0.072722 -0.49235 -0.68055 -0.23024 -0.73074
0.47821 -2.9142 0.8196 0.58362 0.09793 -0.1606 -0.99292 -1.7097 -0.11044 -0.67574 -0.59784 0.18368 -0.58156
0.41006 -2.9652 0.63774 0.33172 -0.097002 -0.37691 -1.0154 -1.5659 -0.14202 -0.61408 -0.61446 -0.010422 -0.44452
0.12171 -3.1229 0.66133 0.50904 0.38001 -0.20999 -1.3563 -1.9237 -0.17326 -0.47402 -0.58474 0.31338 -1.0203
-0.25114 -3.047 0.79484 0.57863 0.45616 -0.11683 -1.1541 -1.6911 -0.13299 -0.10736 0.13987 0.51278 -1.04
-0.00071844 -2.532 1.0416 0.42429 -0.29332 -0.39325 -0.64108 -1.5512 -0.005527 -0.54516 -0.063725 0.085047 -0.47412
0.14365 -2.4975 1.2664 0.42032 -0.56106 -0.60649 -0.52429 -1.6916 -0.054039 -0.56522 0.046553 -0.12048 -0.70335
0.3698 -3.1489 0.9367 0.23805 -0.28216 -0.44258 -0.91625 -1.6802 -0.29853 -0.35776 -0.30572 0.14888 -0.86437
0.44085 -2.9223 0.94779 0.10526 -0.67456 -0.40474 -0.32412 -1.1894 -0.33214 -0.76574 -0.011586 -0.12383 -0.65095
0.52839 -3.075 1.6068 0.17629 -0.82356 -0.4393 -0.82492 -1.4508 0.042076 -0.45367 -0.60055 -0.035886 -0.31083
0.57489 -3.2541 1.1891 -0.32478 -0.67237 -0.56005 -0.64681 -1.0272 0.053629 -0.32608 -0.92982 -0.058586 -0.17313
1.116 -3.5646 1.7915 -1.0685 -1.3186 -0.36936 -0.65257 -0.55667 -0.15936 -0.22521 -0.49491 -0.69624 -0.29656
1.8357 -3.9943 1.703 -1.6121 -1.9812 -0.35373 -0.19485 0.018186 -0.57961 -0.054912 -0.43068 -1.247 -0.32173
2.348 -4.4437 1.1656 -1.7024 -2.1066 -0.29277 0.60154 -0.011087 -0.91268 -0.35527 -0.37723 -0.81865 -0.060435
2.8824 -4.3801 -0.074812 -1.9846 -1.925 -0.11627 0.6994 -0.013565 -1.0139 -0.63799 -0.43332 -0.72161 -0.3841
3.401 -4.6719 -1.0228 -2.2377 -1.3106 0.09243 0.92727 -0.10589 -1.3525 -0.88806 -0.28371 -0.31999 -0.70378
3.4382 -4.4194 -1.8187 -1.8271 -0.80833 0.11894 0.5274 -0.23857 -1.8544 -0.78755 -0.10169 0.029446 -0.66008
3.5623 -4.5809 -2.3248 -2.0615 -0.44927 0.14112 0.05633 -0.21338 -1.3906 -1.2452 0.11051 0.27891 -0.886
3.6109 -4.1712 -2.5695 -2.4094 -0.24372 0.00081649 -0.29488 -0.24412 -0.97683 -1.3998 -0.043194 0.38381 -1.0153
3.4349 -4.0646 -2.1222 -2.5768 -0.011728 0.50959 -0.39448 -0.33975 -1.1131 -1.2535 -0.061754 -0.089757 -0.77069
3.4041 -3.761 -2.3357 -2.273 0.17192 0.72081 -0.37433 -0.65079 -0.77952 -1.1907 -0.28576 0.18041 -1.0216
3.2412 -3.8327 -1.9014 -2.4919 -0.11135 0.67483 -0.57378 -0.57442 -0.65761 -1.088 -0.13471 0.054548 -0.61157
3.0504 -3.9928 -1.9604 -2.4614 0.026103 0.37809 -0.56865 -0.65505 -0.91518 -1.1478 -0.1538 -0.035144 -0.78748
2.5895 -4.5036 -2.1473 -2.7089 -0.24443 0.03917 -0.75222 -0.51606 -0.96087 -1.5229 -0.61791 -0.41113 -0.85833
2.3529 -4.2608 -1.6977 -1.7384 -0.73598 -0.18182 0.24395 -0.12436 -0.87913 -1.3457 -0.4327 -0.30864 -0.62682
2.299 -4.1461 -1.3734 -1.6811 -1.1746 -0.58707 0.4623 -0.16669 -1.0351 -1.6772 -0.40721 -0.54063 -0.60298
2.0717 -4.121 -0.94469 -1.6236 -1.2144 -0.97556 0.53768 0.34857 -1.1752 -1.772 -0.37796 -0.56452 -0.15287
1.7663 -3.4635 -0.44114 -1.8522 -1.8447 -1.1167 0.88841 0.20469 -0.78869 -1.2066 0.077655 -1.4907 -0.017651
