-0.31608 -2.9534 0.27591 -0.94839 -1.0404 -0.80834 -0.20267 -1.284 -0.44027 -0.87886 -0.45481 -0.56076 -0.10398
1.8281 -2.3681 -0.60768 -2.4901 -1.3832 -1.59 0.3724 -0.82903 -1.0597 -1.0803 -0.14206 -0.48261 -0.080984
2.3962 -2.8821 -0.53697 -1.9238 -2.1131 -1.4048 0.71585 -0.65733 -0.68618 -1.1833 -0.12079 -1.1242 -0.78746
2.507 -2.7436 -0.67544 -1.9061 -1.8088 -1.6016 0.5574 -0.39052 -0.63102 -1.1328 -0.20015 -1.2291 -0.74014
2.3699 -2.6109 -0.65924 -1.5451 -1.7348 -1.8254 -0.10461 -0.36538 -0.28537 -1.5541 -0.28862 -1.1587 -0.56745
1.7996 -2.4116 -0.25127 -1.2046 -1.641 -1.9691 -0.30747 -0.64246 -0.043269 -1.418 -0.34214 -0.91896 -0.67512
0.91151 -2.7383 0.54844 -0.62335 -1.0197 -1.015 -0.69405 -1.7365 -0.38234 -1.1268 -0.64826 -0.35723 -0.055212
0.68759 -2.0875 1.0103 -0.050395 -0.64535 -0.26235 -0.28076 -1.4688 0.29268 -0.90233 -0.79565 -0.10424 -0.41109
1.7599 -2.0975 1.1464 -0.362 -1.429 -1.3979 -0.72389 -1.7265 0.063593 -1.1631 -0.49186 0.0010019 -0.11867
2.0981 -1.6945 1.2772 0.031147 -1.3539 -1.7435 -0.2963 -1.624 -0.36776 -0.50899 0.41342 -0.32843 -0.39524
2.1782 -1.9137 1.1168 -0.14335 -1.6516 -2.0478 -0.51184 -1.617 -0.82166 -0.7391 0.71613 -0.42874 -0.73644
2.1997 -1.867 0.82269 -0.60171 -1.2667 -1.7892 -0.78 -1.6825 -0.35008 -0.65871 0.28635 -0.12249 -0.47725
2.1808 -1.9352 1.106 -0.26872 -1.618 -1.7102 -0.39865 -1.718 -0.80715 -0.63495 0.9834 -0.2649 -0.63378
2.0855 -1.8358 1.1951 -0.52746 -1.7318 -1.8889 -0.40192 -1.7718 -0.76784 -0.79097 0.87125 -0.43994 -0.7017
2.299 -1.7944 0.059236 -1.9952 -1.5892 -1.8455 -0.071474 -0.90223 -0.29503 -0.83955 0.3922 -0.57477 -0.68641
2.2328 -2.664 -0.5163 -1.8029 -1.7464 -1.6733 0.18972 -0.36532 -1.2175 -1.3659 0.095895 -0.75281 -1.0198
2.1663 -1.9943 -0.33258 -2.2412 -1.7595 -1.3372 0.57933 -0.90306 -0.91804 -1.1916 -0.24823 -1.0924 -0.95133
2.114 -2.0965 -0.29103 -2.2319 -1.3705 -1.4705 0.73981 -0.60235 -1.0283 -1.1383 -0.37768 -0.87447 -0.43783
2.098 -2.954 -0.11201 -1.625 -1.9601 -1.1203 0.60224 -0.33612 -0.93014 -1.307 -0.39926 -0.92786 -0.21643
1.9336 -2.9763 -0.0043475 -1.5772 -2.1719 -1.2212 0.53676 -0.48782 -1.0114 -1.4265 -0.29093 -0.74822 -0.28345
1.6955 -2.8532 0.34578 -1.3961 -1.8996 -1.0986 0.54374 -0.7119 -0.8785 -1.3742 -0.20082 -0.64855 -0.53437
1.6603 -2.6443 0.67397 -1.3096 -1.9578 -1.0703 0.63728 -1.1605 -0.77843 -1.2481 0.13173 -0.64124 -0.50402
1.656 -2.0075 1.0558 -1.5061 -1.6729 -1.2818 0.40233 -1.8022 -0.53009 -0.9233 0.43953 -0.64468 -0.84325
1.7033 -2.2012 1.1251 -1.2547 -2.1599 -1.3394 0.4404 -2.6936 -0.54186 -1.1877 0.58366 -0.64763 -0.97618
1.7726 -2.3528 0.99876 -0.84071 -1.1017 -1.3445 -0.63282 -2.5229 -0.38486 -0.38277 0.73322 -0.34678 -0.6449
1.868 -4.0796 0.622 -0.15902 -1.0705 -1.4944 -0.70793 -1.288 -1.319 -0.52674 0.73148 -0.28605 -1.1054
1.5775 -2.6228 0.96619 -0.48883 -1.2256 -1.1172 -0.66886 -2.4878 -0.19836 -0.79524 0.058993 -0.58311 -0.99775
1.5478 -2.3649 0.94828 -0.80304 -1.0556 -0.92002 -0.51618 -2.6914 -0.18412 -0.9578 -0.22926 -0.055739 -0.95091
1.5722 -2.6269 0.73551 -1.035 -1.1151 -0.92577 -0.59134 -2.8615 -0.26831 -1.0959 -0.20536 0.04408 -1.088
1.6572 -2.4625 0.94797 -0.74571 -1.1421 -0.79582 -0.62254 -2.7041 -0.23869 -1.0748 -0.14544 0.12447 -0.67523
1.6705 -2.1472 0.97083 -1.058 -1.0623 -0.92019 -0.522 -2.7407 -0.29539 -1.0741 -0.27377 0.18721 -0.61319
1.7247 -2.6183 0.68313 -1.2963 -1.1995 -0.95144 -0.86946 -3.058 -0.63009 -1.4819 -0.57777 0.14314 -0.63227
1.6704 -2.3951 0.85687 -1.1235 -1.122 -0.91201 -0.76352 -3.0037 -0.41375 -1.3143 -0.42913 0.27193 -0.49048
1.6622 -2.3024 0.8338 -1.724 -1.7795 -0.93929 -0.44249 -2.2913 -0.17536 -1.4413 -0.3993 0.41756 -0.14784
1.6532 -2.2146 0.63851 -1.4168 -1.7245 -1.6589 -0.67859 -1.9957 0.033033 -0.96865 -0.12356 -0.30462 -0.22192
1.8543 -2.7196 0.63551 -1.4147 -2.1699 -1.9703 -0.69006 -1.9807 -0.16261 -0.51822 0.20582 -0.51515 -0.080611
1.855 -2.5836 0.86956 -1.5878 -2.33 -1.6019 -0.18641 -1.6947 -0.62595 -0.65766 0.37356 -0.68681 -0.0087664
1.7908 -3.0873 0.55084 -1.3549 -2.5729 -1.3982 -0.25869 -1.9933 -0.40811 -0.83734 0.21513 -0.44187 0.15862
1.6461 -3.2415 0.56561 -1.3096 -2.136 -1.1902 -0.34131 -1.9932 -0.093067 -0.36835 0.029676 -0.39867 0.49328
1.7725 -2.9603 0.4305 -1.2707 -2.2374 -1.8244 -0.55147 -1.5821 0.06888 -0.48878 0.22788 -0.4271 0.37449
1.8498 -3.5049 0.10842 -1.3909 -2.425 -1.696 -0.79849 -2.0364 0.27019 -0.47267 -0.23191 -0.78527 0.74254
1.9112 -4.3017 -0.20314 -1.474 -2.7601 -2.0304 -0.42026 -1.1851 -0.16701 -0.681 0.16668 -0.7662 1.2603
2.2084 -4.2307 0.64126 -1.3594 -3.2651 -2.2039 0.075564 -0.51587 -0.13838 -1.0699 -0.13487 -0.58921 1.7645
2.3306 -3.6235 0.065577 -1.5732 -2.2865 -2.4427 0.18092 0.14918 -0.11499 -1.1756 0.025607 -0.82539 1.6169
2.3897 -3.7027 -0.70068 -2.4717 -1.5866 -2.5251 -0.028826 0.17468 -0.49848 -1.2162 0.027356 -0.53566 0.99756
2.3917 -4.1383 -0.96426 -2.2764 -1.5709 -2.0917 0.47722 0.57518 -0.64752 -1.1657 0.74219 -0.38876 1.496
2.2808 -4.4059 -1.657 -2.522 -2.0078 -2.4624 0.40827 0.41357 -0.5344 -0.8632 0.99203 -0.65574 1.2832
2.2128 -4.0301 -1.2903 -2.4517 -1.3119 -1.6474 0.6503 0.15049 -0.49944 -0.84028 0.34869 -0.68817 1.4084
2.1396 -3.5956 -1.0712 -3.0273 -1.3216 -1.6477 1.654 0.0079425 -0.86015 -1.4278 0.84972 -0.31998 2.1333
1.5419 -3.8608 -0.61746 -3.3125 -1.8618 -1.2502 1.4374 0.14732 -0.88238 -0.38539 1.1996 -0.91138 2.0324
