1.4009 -1.5305 0.78989 -0.31523 -0.93074 -1.1641 0.11399 -0.26586 1.0555 -0.39537 -0.0060475 -0.47485 0.077592
1.7309 -1.3448 0.2728 -0.23973 -0.49129 -1.1119 -0.41528 0.26234 0.84517 -0.53343 -0.54176 0.069506 -0.14189
1.9992 -0.97612 0.11781 -0.87025 -0.134 -1.5035 -0.2944 0.34708 0.58951 -0.72045 -0.34863 0.20568 -0.3632
2.1875 -1.1402 0.60734 -0.81588 -0.60871 -1.108 -0.61937 0.20294 0.88971 -0.62838 -0.51596 0.077553 -0.11554
2.305 -1.1721 0.58644 -0.72124 -0.38704 -1.3378 -0.73162 -0.31703 0.544 -0.28163 -0.34394 -0.063619 -0.15831
2.1099 -1.1977 0.8103 0.065672 -0.80156 -1.529 -0.30661 -0.81136 0.54868 -0.30191 -0.23599 -0.38273 0.43531
1.8893 -1.4475 1.7204 0.64484 -0.43682 -0.43178 -0.55655 -1.7002 0.40043 -0.62459 -0.70554 -0.43641 -0.031563
2.3169 -0.99725 2.0422 0.48775 -0.59404 -0.31789 -0.52764 -2.2685 0.40451 -0.72257 -0.82252 -0.57324 0.21017
2.4772 -1.374 2.3599 0.43179 -0.6491 -0.53334 -0.64866 -1.853 0.058985 -0.81503 -1.1557 -0.33006 0.34181
2.5416 -1.2609 2.4022 0.1152 -0.7618 -0.6527 -0.59035 -1.7777 -0.53597 -0.84661 -0.63599 -0.43524 0.0082943
2.5696 -0.94415 1.9708 0.016229 -0.55718 -1.0697 -0.88366 -1.7693 -0.23999 -0.8619 -0.28706 -0.31609 0.43388
2.9884 -0.90122 0.68899 -0.42846 -0.97719 -2.1107 -1.057 -1.1868 0.34304 -0.043482 0.33275 -0.21987 0.2237
3.3987 -0.97474 0.27491 -1.1858 -1.0277 -2.2048 -1.2178 -0.29305 0.36543 -0.16219 0.29971 -0.55053 0.010521
3.2382 -1.6729 0.21325 -0.76974 -1.5347 -1.7302 -1.0212 -0.11892 0.15541 -0.78187 0.32159 -0.59362 -0.32866
3.4766 -2.0774 0.34677 -0.87132 -1.5443 -2.0352 -1.1939 0.24608 -0.040293 -0.64244 0.091522 -0.39928 -0.58828
3.5713 -1.9901 0.57068 -1.1008 -1.5948 -2.2505 -1.0013 0.32883 -0.45339 -0.54348 0.32597 -0.74365 -0.43443
3.6744 -1.9787 0.2499 -0.83896 -1.7155 -2.4323 -0.96981 0.21616 -0.32981 -0.36945 0.0086688 -0.81282 -0.43565
3.7017 -1.7594 0.37317 -0.46083 -1.8428 -2.5236 -0.83557 0.17139 -0.39595 -0.36134 0.51302 -0.78928 -0.62142
3.7748 -1.5559 0.88069 -0.42413 -1.9346 -2.7651 -0.67062 -0.095286 -0.27073 -0.16485 0.5967 -0.72493 -0.42063
3.8398 -1.8332 1.836 -0.44472 -2.3982 -3.2615 -1.0943 0.30421 -0.6425 -0.6671 0.7427 -0.54134 -0.40387
3.1472 -1.7892 2.0087 -0.40329 -2.0837 -2.6795 -1.3336 -1.1033 -0.39287 -0.14946 0.17394 -1.0799 -0.46718
2.4955 -0.8097 2.1718 -0.28523 -1.3167 -1.7198 -0.66382 -2.4241 -0.27749 -0.79914 0.062084 -0.78634 -0.88378
2.4313 -0.68896 2.1337 -0.50896 -1.3154 -1.5413 -0.69142 -2.0554 -0.34609 -0.99353 0.15264 -0.32211 -0.75556
2.4336 -0.92478 2.392 -0.090139 -1.1089 -1.3389 -0.79706 -2.0379 0.083471 -1.0165 -0.014431 -0.25725 -0.75547
2.3757 -1.3151 2.0284 -0.27448 -1.0469 -1.6936 -1.2742 -2.0596 0.25089 -0.58244 -0.61073 -0.66785 -0.57763
2.715 -1.0711 3.0509 -0.17977 -1.9149 -2.1045 -0.57089 -1.5535 -0.7602 -0.58617 0.43674 -0.6098 -0.39028
3.0295 -1.8721 2.9784 0.26569 -1.8975 -1.8617 -1.1016 -1.5246 -0.67183 -0.30276 0.26376 -0.73885 -0.21973
3.0309 -2.0102 2.7696 0.075632 -2.1596 -1.9837 -1.2593 -1.7981 -0.44889 -0.56173 -0.012554 -0.98788 -0.30006
2.9174 -1.2361 2.98 0.09394 -2.05 -1.7653 -1.026 -1.9013 -0.072022 -0.5647 0.2171 -0.93998 0.12612
2.9296 -2.0177 2.8498 0.19446 -1.9996 -1.9673 -1.2034 -1.9371 -0.093798 -0.36827 -0.040003 -0.83229 -0.30291
2.8344 -2.5331 1.8191 -0.279 -2.5399 -2.1519 -1.6719 -2.3858 -0.55083 -0.8567 -0.49586 -1.1037 -0.40561
2.7695 -2.0868 2.2182 0.20621 -2.2631 -2.1056 -0.65939 -1.5219 -0.47978 -0.36075 0.10596 -0.74289 -0.21125
2.7647 -2.1732 2.2702 -0.086323 -2.4938 -1.7574 -0.5663 -1.7112 -0.26586 -0.085 -0.019253 -0.68261 -0.30097
2.8303 -2.0589 1.4331 -0.51117 -2.1306 -2.3365 -0.72203 -1.0985 0.010654 -0.30497 0.017574 -0.93984 -0.24957
3.2193 -2.0931 1.3969 -1.0019 -2.7809 -2.6867 -0.66074 -0.14133 -0.32004 -0.68961 -0.059409 -0.90008 -0.13757
3.6827 -2.112 0.87825 -1.3639 -2.3687 -2.454 -0.34109 0.27193 0.16927 -0.48708 0.10466 -0.90904 -0.43654
3.5312 -1.6853 0.047343 -1.2995 -1.7022 -1.8989 -0.5304 0.1559 0.90214 -0.52188 -0.040881 -0.77702 -0.0047916
3.2174 -2.0279 -0.57487 -1.4481 -1.4509 -1.7781 -0.82384 0.086189 0.36359 -0.47494 -0.59591 -0.75451 0.39081
3.2243 -2.1583 -1.0722 -2.4374 -1.5136 -1.9435 -1.3654 -0.3003 0.29263 -1.0212 -1.3879 -0.51114 0.14959
3.0776 -2.0107 -0.82853 -2.3563 -1.2612 -0.86728 -1.3213 0.064962 0.31702 -0.72948 -1.1592 -0.24155 0.46957
2.5298 -2.1527 -0.72551 -2.513 -0.81893 -0.65679 -0.94645 0.090988 -0.090813 -0.60267 -1.2046 -0.1522 0.5249
1.7773 -1.9483 -0.54362 -2.5081 -0.72054 -1.0444 -0.2973 0.11989 -0.45792 -0.81601 -0.65799 -0.3396 0.34834
1.6518 -1.7561 -0.62668 -2.4795 -0.95164 -1.4 0.3454 -0.097219 -0.052149 -0.51295 -0.51606 -0.93239 0.26415
0.39895 -2.0479 -0.36335 -1.969 -0.94139 -0.70072 0.51683 -0.051492 0.313 -0.57498 -0.36918 -1.2873 0.60465
1.4973 -1.667 -0.62952 -2.8623 -0.72911 -0.43863 -0.38128 -0.43231 0.82342 -0.1043 -0.58126 -0.57494 0.59245
