1.1945 -2.8022 0.42454 -1.0036 -1.9085 -1.5955 -0.10633 -0.7839 0.028577 -0.95426 -0.54436 -1.317 0.094981
2.7607 -2.4514 0.43937 -2.1039 -2.2781 -2.0135 0.52651 -0.26456 -0.37028 -0.64049 0.23937 -1.8328 0.34795
3.1352 -2.7363 -0.15796 -2.0724 -2.2764 -1.382 0.71123 -0.70217 -0.22652 -1.1421 -0.01054 -1.1459 0.11214
3.006 -2.6063 -0.20715 -2.3956 -1.9432 -1.6228 0.70507 -0.58355 -0.98573 -1.2378 0.29638 -1.2533 -0.1266
2.8451 -2.5517 -0.37671 -2.5612 -1.7176 -1.3534 0.64255 -0.71448 -0.76034 -1.1314 0.089497 -1.1624 -0.19086
3.0072 -2.4849 -0.19612 -2.4082 -1.6498 -1.1183 0.79906 -0.6139 -0.53452 -0.89398 -0.02942 -1.1031 -0.032835
3.1295 -2.027 -0.43405 -2.2586 -1.4783 -1.7587 0.32891 -0.2335 -0.302 -1.3682 0.035484 -1.1757 -0.2867
2.8049 -2.4533 -0.13343 -1.8785 -1.4161 -1.9288 -0.36942 -0.52654 0.039701 -0.75716 -0.48803 -1.1268 -0.37397
1.7492 -2.3708 1.0577 -0.14764 -0.88351 -1.0067 -0.88947 -1.8196 0.44224 -0.45894 -0.60518 -0.58292 -0.54334
2.1306 -2.1396 1.1626 -0.35756 -0.96338 -0.81717 -0.33781 -1.8173 0.16222 -0.69856 -0.38995 -0.57248 -0.56685
2.5321 -2.3629 0.94901 -0.32736 -0.99783 -1.3434 -0.82801 -1.7475 0.12113 -1.1354 -0.84895 -0.55712 -0.2574
2.4496 -2.3387 1.2181 -0.14623 -1.3651 -1.2057 -0.51308 -2.0799 -0.29367 -1.04 -0.41233 -0.73005 -0.40273
2.4778 -2.5051 0.80842 -0.45224 -0.88791 -1.4528 -1.0393 -1.6635 -0.15265 -1.1596 -0.96667 -0.61449 -0.28865
2.5177 -1.9214 0.50712 -0.79436 -1.1423 -1.5268 -0.44303 -1.316 0.090843 -0.98647 -0.36478 -0.57724 -0.78892
3.2358 -3.0121 -1.1979 -1.4894 -1.4488 -1.742 -0.26628 -0.68533 -0.77392 -1.3578 -0.87914 -1.2657 -0.66599
3.6965 -2.6424 -1.7049 -1.6067 -1.5928 -1.3093 0.51015 -0.52216 -0.92171 -1.2823 -0.66788 -1.4765 -0.72043
3.8816 -3.3088 -1.4743 -1.6753 -1.883 -1.1769 0.2694 -0.38903 -1.0161 -0.99322 -0.95242 -1.6364 -0.55764
3.765 -2.8846 -1.379 -1.7699 -1.7048 -1.5021 0.67627 -0.51983 -0.87129 -1.0512 -0.75717 -1.8668 -0.51017
3.6208 -2.8114 -1.1206 -2.237 -1.8404 -1.4541 0.57722 -0.70949 -0.88227 -1.0473 -0.787 -1.8675 -0.55677
3.5551 -2.8832 -1.101 -2.0439 -1.9621 -1.4977 0.63549 -0.67723 -0.68389 -1.0271 -0.68069 -1.7431 -0.52401
3.5195 -2.7239 -0.77478 -2.0795 -2.086 -1.5487 0.62555 -0.54611 -0.77031 -1.1273 -0.58313 -1.5305 -0.32922
3.6489 -3.246 -0.5128 -1.921 -2.6599 -1.4536 0.77936 -0.7376 -0.76143 -1.2438 -0.54263 -1.955 -0.54045
3.3748 -3.0327 -0.36855 -1.2664 -2.6229 -1.4559 0.26476 -0.88368 -0.030801 -1.333 -1.0051 -1.7107 -0.15699
2.5283 -2.4213 0.52032 -1.262 -2.4707 -1.517 0.32811 -1.5102 -0.16897 -0.89954 -0.48226 -1.3308 -0.27407
2.4272 -2.627 1.3059 0.27961 -1.0995 -1.4634 -1.2804 -2.0503 0.41388 -1.23 -1.0823 -0.80906 -1.0198
2.5446 -2.5307 1.6809 0.20141 -1.4612 -1.542 -0.75105 -1.6991 0.70171 -0.97556 -0.92025 -1.3718 -1.4227
2.5167 -2.3696 1.3057 -0.30405 -1.482 -1.3137 -0.5583 -1.9119 0.70533 -1.1682 -1.0799 -1.1001 -1.0874
2.4775 -2.6374 1.1729 -0.045567 -1.2483 -1.1481 -0.56303 -1.6657 0.174 -1.1397 -0.64449 -0.75128 -1.0476
2.4617 -2.4372 1.1324 -0.68141 -1.6634 -1.8355 -0.88014 -2.0104 0.59553 -1.055 -1.0307 -1.1125 -0.86765
2.4848 -2.7508 0.81809 -0.61785 -1.9211 -1.9364 -0.52127 -1.8649 0.23644 -1.0498 -0.80772 -1.1331 -0.81786
2.5335 -3.2162 0.81294 -0.19222 -2.2078 -1.7498 -0.22091 -1.4268 -0.23035 -0.80681 -0.19575 -1.0262 -0.64373
2.6353 -3.2512 0.98058 -0.5489 -2.7569 -1.7447 -0.20554 -1.852 -0.07927 -0.83922 -0.36504 -1.2125 -0.52938
2.6722 -3.3565 1.0281 -0.36613 -2.6933 -1.8793 -0.1897 -2.1181 -0.085334 -1.1746 -0.34484 -1.1309 -0.77807
2.5917 -3.2065 1.0868 0.047574 -2.2756 -1.6193 -0.35594 -1.7524 -0.18395 -0.80738 -0.44611 -1.1604 -0.70758
2.6583 -3.0139 0.88767 -0.29889 -2.2308 -1.4753 -0.18075 -2.1034 -0.071362 -0.90743 -0.24791 -0.71816 -0.69285
2.6227 -3.0351 1.0852 0.022388 -2.2907 -1.72 -0.31845 -1.7466 -0.0083923 -0.58315 -0.41891 -1.124 -0.5208
2.8414 -3.0992 0.5874 -0.73729 -2.689 -1.7145 -0.13958 -2.1646 -0.30942 -1.1113 -0.25354 -1.2112 -0.48287
3.0345 -3.6442 0.35969 -0.8294 -3.2073 -2.1193 -0.27383 -1.7125 -0.70012 -1.3467 -0.19061 -1.3549 -0.4046
3.0941 -3.0266 0.42789 -0.77372 -2.9289 -1.4948 -0.048405 -1.4212 -0.31236 -0.91525 -0.29076 -1.0152 -0.22384
3.2216 -3.4352 -0.15561 -0.8021 -3.1813 -1.4588 0.11855 -1.6283 -0.24778 -1.1466 0.066007 -1.39 -0.056363
3.3352 -3.6907 -0.49936 -0.86154 -2.9639 -1.5706 0.37444 -1.2887 -0.4696 -1.0698 -0.2727 -1.2348 0.42914
3.2949 -3.9735 -0.90548 -1.2357 -2.3648 -1.1587 0.28694 -1.1184 -1.0359 -0.74958 -0.60689 -0.84691 0.17275
3.4558 -4.2932 -1.6556 -1.5934 -1.9762 -1.1389 -0.0012525 -1.0285 -1.3855 -1.0506 -0.67289 -1.1008 -0.034185
3.4159 -4.2712 -2.0181 -1.4648 -1.711 -0.96002 -0.16517 -0.75514 -1.4892 -1.1193 -0.54257 -0.61905 0.022781
3.4686 -4.3172 -2.7013 -1.9411 -1.0893 -1.0737 -0.20718 -1.0106 -1.2986 -1.2709 -0.85738 -0.36866 -0.27443
3.506 -3.7537 -2.6701 -2.0236 -0.5867 -1.0347 -0.32099 -0.82105 -1.1093 -1.0853 -0.9623 0.14474 -0.4173
3.4733 -3.9814 -2.7626 -2.5322 -0.24658 -1.0738 -0.60012 -0.58347 -1.6122 -1.1605 -0.8692 -0.47891 -0.27146
3.5727 -4.3203 -2.9378 -2.0845 -0.31182 -0.86433 -0.74037 -0.39413 -1.0598 -0.69408 -0.76766 -0.12296 -0.26572
3.1479 -3.7836 -3.0232 -2.0081 -0.05177 -1.0542 -0.20829 -0.15197 -0.90027 -0.46093 -0.76958 0.067561 -0.35418
2.2192 -3.5745 -2.0346 -2.5339 -0.34162 -1.3211 -0.27729 0.48202 -1.2508 -0.46349 0.011067 -0.65199 0.28942
1.6619 -3.8386 -1.7166 -2.4136 -0.060574 -1.0597 -0.32234 0.45282 -0.67336 -0.1898 -0.38839 -0.53796 0.25998
