3.0295 -1.381 1.8141 0.22223 -0.34268 -0.81551 -0.61547 -1.4286 0.79617 -0.026903 -0.14667 -0.092711 0.013162
5.3623 -0.94019 0.80738 -0.76859 -1.4191 -2.7432 -0.68021 -0.36983 0.69052 -0.37498 0.43762 -0.87226 -0.23538
5.3281 -1.6092 0.57845 -1.3127 -2.1395 -2.6763 -0.31154 0.11896 0.29909 -1.2 0.10739 -0.58021 -0.81466
5.1302 -2.0305 0.73173 -1.6408 -2.4119 -1.8223 -0.16865 -0.23245 0.059589 -1.4882 -0.1703 -0.32468 -0.65725
5.2572 -1.7518 0.57076 -1.8499 -2.2704 -1.6322 -0.068142 -0.030473 -0.12206 -1.2763 -0.16566 -0.61457 -0.40668
5.2963 -1.7323 0.16481 -1.6535 -2.1544 -1.8934 -0.12844 -0.35925 0.08533 -1.461 -0.050701 -0.86798 -0.54328
5.0209 -1.0208 0.11329 -1.4998 -1.6239 -1.9213 -0.32416 -0.83474 0.72782 -1.3729 0.027314 -0.88541 -0.16574
4.387 -1.4192 0.90543 -1.0661 -1.5219 -1.4251 -0.3586 -1.2127 0.66465 -1.1238 -0.78452 -0.67438 0.33098
3.309 -1.775 1.1678 -0.27209 -0.46522 -0.6673 -0.54282 -1.3547 0.5056 -0.58555 -0.55265 -0.05712 -0.30989
2.9613 -2.3099 1.4778 0.78517 -0.55363 -0.58903 -0.74178 -2.0236 -0.21267 -0.99562 -0.14151 0.03668 -0.4182
3.0635 -2.2113 1.7767 1.1063 -0.11305 -0.39945 -1.059 -2.4694 0.11779 -0.78585 -0.28493 0.20145 -0.71512
3.109 -2.2889 1.71 1.1296 -0.37362 -0.61962 -1.0205 -2.2844 -0.12514 -0.89253 -0.041449 0.031328 -0.68042
3.0783 -2.091 1.7551 0.74011 -0.19083 -0.35057 -0.86702 -2.6689 -0.17997 -0.83913 0.085039 0.45312 -0.73197
3.1303 -2.291 1.658 0.96768 -0.2421 -0.68662 -1.2174 -2.3537 0.0068599 -0.8176 -0.18822 0.16733 -0.71381
3.4192 -1.458 1.3049 -0.57793 -0.89834 -0.97383 -0.62475 -1.6413 0.47307 -0.93579 -0.78375 -0.45372 -0.28567
4.4144 -1.3083 0.66399 -0.88991 -1.0619 -1.7722 -0.29025 -0.66516 0.015894 -1.5458 -0.8877 -0.44226 0.16359
4.6589 -1.5665 0.44764 -1.3337 -1.0762 -1.7304 -0.40433 0.0077155 -0.41818 -1.9834 -0.45928 -0.49307 -0.38232
4.6009 -1.6325 0.16973 -1.1329 -0.9457 -1.69 -0.14422 -0.095336 -0.6179 -1.691 -0.43535 -0.45844 -0.41229
4.4217 -1.5515 0.59631 -1.0581 -1.1317 -1.6663 -0.10721 -0.15669 -0.57891 -1.7453 -0.31631 -0.62797 -0.31843
4.3214 -1.7225 0.75961 -1.4623 -1.3282 -1.3445 -0.042294 -1.2371 -0.67749 -1.3108 -0.44797 -0.69361 -0.72837
4.1826 -1.5703 1.161 -0.62778 -1.1767 -1.4846 -0.43347 -1.1493 -0.30223 -1.0255 -0.10036 -0.73821 -0.48603
4.1356 -1.4663 1.2405 -0.69215 -1.0554 -1.1757 -0.54481 -1.8836 -0.21678 -0.70632 0.08231 -0.47904 -0.65745
3.7732 -1.9714 1.8361 0.35135 -0.82138 -1.0108 -0.91394 -2.4268 -0.21219 -1.0945 0.20373 0.14291 -0.82182
3.421 -2.0282 1.6922 0.32776 -0.81329 -0.89684 -0.9736 -2.5314 -0.055432 -1.4299 -0.55546 -0.14548 -0.71404
3.4716 -2.5039 1.166 -0.11847 -0.92218 -1.2259 -1.4917 -2.6566 -0.37647 -1.8486 -0.96273 -0.18635 -0.93529
3.4963 -2.4222 1.3527 0.23987 -0.56127 -1.0105 -1.4364 -2.5868 -0.36534 -1.5318 -0.61115 -0.030964 -0.87691
3.5748 -2.4473 1.444 0.5131 -0.78311 -1.4717 -1.5124 -2.2235 -0.23748 -0.97755 -0.21618 -0.61928 -1.089
3.7596 -2.2383 1.5143 0.55586 -1.0475 -1.6677 -1.208 -2.0463 -0.28447 -0.80943 -0.027355 -1.046 -1.0309
3.8542 -1.7241 1.8362 0.054862 -1.2315 -1.5969 -0.79051 -2.0985 -0.65495 -0.75692 0.74331 -1.0698 -1.1031
4.0385 -2.0188 1.7921 0.32428 -1.629 -1.7915 -1.1778 -2.1678 -0.087278 -0.7556 0.24561 -0.92835 -0.7652
4.1036 -2.1794 1.4885 0.18127 -1.5795 -2.0494 -1.1717 -1.9492 -0.12982 -0.74386 0.18673 -0.87619 -0.9955
4.2997 -2.7209 1.0537 0.011833 -2.4745 -1.782 -1.0014 -2.2725 -0.36782 -0.78031 0.040902 -1.3928 -0.91848
4.2859 -2.5964 1.4991 0.11705 -2.6305 -1.9991 -0.92939 -1.9821 0.18805 -0.48562 -0.40115 -1.6782 -0.6188
4.3873 -2.7535 1.1415 -0.31027 -2.5828 -2.2197 -1.1233 -1.4869 -0.37155 -0.47931 -0.26086 -1.8452 -0.99324
4.5711 -2.4777 1.5566 0.060323 -2.6007 -2.5207 -0.34069 -0.4892 -0.16236 -0.6737 0.047108 -1.4672 -0.89686
4.6734 -2.2664 0.83987 -0.79145 -2.4655 -1.7816 -0.40021 -0.78258 0.14243 -0.61321 -0.48001 -1.7481 -0.72717
4.4985 -2.5536 0.48158 -0.84352 -2.3676 -2.0793 -0.47523 -1.2892 0.36683 -1.0803 -1.014 -1.6329 -0.76792
4.2684 -2.2636 0.49728 -1.1951 -1.7224 -1.9524 -0.97684 -0.85707 0.35313 -1.2412 -1.1532 -1.8328 -0.24844
4.3502 -2.3246 -0.053462 -1.4711 -1.1719 -1.4395 -0.69469 -1.1599 0.19216 -0.81843 -1.3963 -1.5389 0.0026427
4.2726 -1.873 0.23789 -2.2521 -0.75015 -0.6619 -1.1136 -1.5355 0.11186 -0.32912 -1.3407 -1.6506 -0.33176
4.4503 -2.1182 -0.21051 -2.0762 -0.78494 -1.0848 -0.77854 -1.4384 0.12253 -0.35305 -1.5027 -1.6628 -0.38296
4.521 -1.9899 -0.35448 -2.4933 -0.80237 -0.93521 -0.86143 -1.3052 0.1065 -0.70531 -1.2217 -1.634 -0.39527
4.2389 -2.5489 -0.26306 -2.2874 -0.82548 -1.1396 -0.73828 -1.1765 -0.19061 -0.71199 -1.4425 -1.7534 -0.36039
3.7613 -2.4974 0.045024 -1.7276 -0.92066 -0.94278 0.30739 -0.84848 -0.4111 -1.0941 -0.93525 -1.235 -0.27773
3.1261 -2.4823 0.76902 -1.0395 -1.4548 -0.63862 0.84741 -1.0156 -0.64807 -1.595 -0.75761 -1.3408 -0.28311
2.4333 -3.6474 -0.21126 -0.94153 -1.3629 -0.86775 -0.39868 -1.5554 -0.8258 -1.5106 -1.3077 -1.5107 -1.243
1.4653 -3.4135 0.20891 -0.22157 -0.57949 -0.67009 -0.8105 -1.3028 -0.41108 -0.68682 -0.7959 -0.81938 -1.1231
