-0.14069 -2.5041 0.94337 0.62066 0.3656 0.054557 -0.25877 -0.38042 1.041 0.56821 0.015172 0.046322 -0.39601
2.2419 -1.7449 0.9576 -0.17848 -0.96057 -1.123 0.27264 -0.86049 0.246 -0.34866 0.28377 -0.47061 -0.21255
3.0079 -3.1352 0.10349 -0.90862 -1.1808 -1.7895 -0.099476 -0.018997 -0.12901 -0.21746 -0.079397 -0.94602 -0.23018
2.9999 -3.0528 0.26175 -1.4308 -1.5778 -2.0597 0.13565 0.25441 -0.62538 -0.91017 -0.15833 -0.77355 -0.30447
3.161 -3.3243 -0.13804 -1.0946 -2.3204 -1.7936 0.4353 0.17102 -0.6466 -1.249 0.082013 -1.0505 -0.52815
3.171 -3.7597 -0.49041 -1.5248 -2.6736 -2.2586 -0.14598 -0.10012 -1.0419 -1.4628 -0.21944 -1.2854 -0.7489
3.0946 -3.4804 -0.26351 -1.5673 -2.6741 -2.3803 -0.38705 -0.057459 -0.9287 -1.6025 -0.21588 -0.92509 -0.82695
2.7675 -2.7978 0.071749 -1.3695 -1.6234 -2.2823 -0.41291 -0.045892 -0.32748 -1.351 -0.23622 -0.90754 -0.66152
2.0762 -2.5976 0.63231 -0.36245 -1.1569 -1.7885 -0.41176 -0.84294 -0.034974 -0.48871 0.33049 -0.7593 -0.37085
0.58029 -2.8931 0.82981 0.26953 -0.37728 -0.53087 -0.70957 -1.3809 0.058598 -0.24758 -0.12597 -0.21795 -0.7473
1.5218 -3.1318 0.90859 0.71073 -0.63521 -0.66249 -0.92969 -1.8566 0.081812 -0.51666 -0.20854 -0.35927 -0.82059
1.9015 -3.2531 0.91134 0.60655 -0.71527 -1.5013 -1.8092 -2.1369 0.097327 -0.69739 -0.38107 -0.42055 -0.98659
1.8379 -2.9122 0.87297 -0.23881 -1.1856 -1.4291 -1.3811 -2.7253 0.1384 -0.84952 -0.72856 -0.88522 -0.94081
1.9625 -2.9925 1.0649 0.36205 -1.0779 -1.3307 -1.2297 -2.1287 0.35163 -0.78475 -0.46949 -0.68434 -1.0533
2.0198 -3.071 0.86572 0.099944 -1.0183 -1.6515 -1.4859 -1.8651 0.13783 -0.94262 -0.59939 -0.60958 -0.91029
2.5011 -2.2963 0.5873 -1.2551 -1.6254 -1.7998 -0.59749 -1.5356 -0.02763 -1.2368 -0.71971 -0.9479 -0.52346
2.8123 -2.5149 -0.3738 -1.5888 -1.0105 -1.4194 -0.14403 -0.49232 -0.23277 -1.1254 -0.20071 -1.1604 -0.42747
2.9149 -2.818 -1.1231 -1.7482 -1.1159 -1.8114 -0.18702 -0.45044 -0.85201 -1.2489 -0.60556 -1.1398 -0.48079
3.0572 -3.362 -0.87539 -1.8162 -1.2748 -1.7808 -0.46806 -0.04798 -0.92343 -1.7021 -0.57111 -1.2046 -0.44384
3.0626 -3.4568 -1.1653 -1.5656 -1.4132 -1.6365 -0.23559 -0.2662 -1.2717 -1.442 -0.60519 -1.3183 -0.28867
3.1064 -3.6691 -0.88707 -1.2939 -1.5101 -1.8114 -0.22569 -0.14555 -1.2923 -1.3506 -0.65295 -1.1296 0.012366
3.122 -3.5842 -0.80015 -1.9969 -1.6641 -1.6896 -0.020895 -0.61481 -1.2701 -1.3064 -0.58288 -1.3591 0.12026
2.9404 -3.5139 -0.47521 -1.6318 -1.7741 -1.795 -0.033694 -0.59838 -1.3438 -1.3007 -0.68381 -1.1879 0.052482
2.7444 -3.5532 -0.035247 -1.4961 -1.5593 -1.4617 -0.25824 -0.72545 -1.0595 -1.4004 -0.99537 -0.74409 0.079007
2.6025 -3.5306 0.29603 -1.1721 -1.5358 -1.1461 -0.3868 -0.94839 -0.98351 -1.1771 -0.90481 -0.48569 -0.046443
2.398 -3.3209 0.62321 -0.9593 -1.8138 -1.6845 -0.065895 -1.398 -1.0243 -1.1753 -0.57075 -0.68671 -0.31791
2.3201 -3.6745 0.3281 -0.44982 -1.8374 -1.3735 -0.43896 -1.7412 -0.96341 -1.2822 -0.79312 -1.0861 -0.43536
1.9478 -3.1951 0.79288 0.068043 -1.2289 -1.0918 -1.0178 -2.2502 -0.41625 -0.99565 -0.27776 -0.33212 -0.86754
2.1979 -3.2003 0.92474 0.16642 -0.80333 -1.1076 -1.5666 -2.8169 -0.061304 -0.9407 -0.49892 -0.10943 -0.92561
2.1995 -3.5246 0.85819 0.47287 -0.87395 -1.3287 -1.8611 -2.6941 0.13315 -0.98529 -0.88004 -0.40549 -0.80836
2.1529 -3.0231 1.3205 0.53221 -0.80707 -1.1017 -1.3172 -2.3492 0.18381 -1.094 -0.74526 -0.41061 -0.97883
2.1674 -2.874 0.87558 -0.45318 -1.0981 -0.92657 -0.84731 -2.4295 -0.1165 -1.2642 -0.63145 0.04775 -0.55466
2.4104 -3.2158 1.0221 -0.82626 -1.6026 -1.4697 -1.1155 -1.7545 -0.43023 -1.0149 -0.55538 -0.33443 -0.42609
2.3946 -3.338 0.75803 -0.78784 -1.8416 -1.5312 -1.0061 -2.1262 0.15602 -1.4684 -1.0857 -0.23355 -0.31539
2.4264 -3.8107 1.0107 -0.82463 -1.9608 -1.3414 -1.4557 -1.6324 -0.16135 -1.2942 -0.96429 -0.31906 -0.27799
2.4625 -3.9996 0.96096 -0.74513 -2.0929 -1.4669 -1.5715 -1.882 -0.16958 -1.1596 -1.0192 -0.36216 -0.20541
2.4437 -3.8807 0.8853 -0.87029 -1.9763 -1.4823 -1.5786 -1.7789 -0.0088962 -1.3354 -1.1024 -0.32689 -0.16043
2.4348 -3.8645 0.47491 -1.0225 -2.1619 -1.4608 -0.88352 -2.0182 -0.1234 -1.4164 -0.89257 -0.50983 -0.17238
2.4656 -3.7531 0.67377 -0.81609 -1.9372 -1.153 -1.1422 -1.579 -0.14791 -1.3772 -0.99593 -0.44085 -0.30541
2.5537 -3.832 0.81844 -0.94219 -2.7406 -1.035 -0.86577 -1.8321 -0.36932 -1.2893 -0.74624 -0.50247 -0.27454
2.7144 -4.5379 0.36722 -1.0049 -2.8427 -1.5152 -1.038 -1.6797 -0.59511 -1.3864 -0.92343 -0.51079 0.054951
2.7921 -4.4423 0.17136 -1.1173 -2.8425 -1.1725 -0.90479 -2.0845 -0.3389 -1.395 -1.0065 -0.56844 0.025715
2.5829 -4.2423 -0.048134 -0.4727 -2.4298 -1.6913 -0.29028 -1.372 -0.62244 -1.6637 -0.92436 -0.50709 0.35627
2.7983 -4.3633 -0.10293 -0.334 -2.4639 -1.4273 -0.3136 -1.2701 -0.64206 -1.7319 -0.33087 -0.45999 0.57733
2.6221 -4.2099 -0.59594 -0.61675 -1.7005 -1.5946 -0.27634 -1.0227 -0.96664 -1.3101 -0.64859 -0.46007 0.7981
2.7142 -4.3673 -0.67266 -0.48848 -1.695 -1.3677 -0.54611 -1.1012 -1.0678 -1.3991 -0.067247 -0.68695 0.68064
2.4967 -4.1835 -0.92426 -0.84697 -1.4513 -1.5383 -0.7747 -1.1802 -1.0616 -1.4651 0.19265 -0.44736 0.13363
2.4031 -4.4892 -1.3668 -0.97065 -1.2348 -1.7626 -1.1977 -0.57996 -1.0603 -1.4581 -0.24834 -0.1461 0.24395
2.4238 -4.7545 -1.0725 -0.91921 -1.2046 -1.5532 -1.1879 -0.75923 -0.70999 -0.86852 0.21457 0.60922 0.082677
1.8565 -4.4294 -0.82514 -1.2117 -0.94653 -1.166 -0.83865 -0.96703 -0.83237 -0.6901 0.064285 0.17415 0.099918
1.6154 -4.0781 -0.59355 -1.3039 -1.0609 -1.1178 -0.67464 -1.0364 -0.3656 -0.91303 -0.61912 0.20669 0.47304
1.6567 -4.2886 -1.0461 -1.6442 -1.1103 -1.1682 -0.6283 -0.76978 -0.32444 -0.98654 -0.89594 0.051455 0.60723
1.4571 -3.8706 -1.4019 -2.2526 -0.84926 -1.069 -0.43407 -0.42183 -0.64245 -0.45764 -0.48379 -0.17532 0.70412
