-0.3001 -2.6845 0.86912 0.69382 1.1381 1.1756 -0.16815 0.11031 1.0182 0.37229 0.18488 0.09935 -0.81447
3.2837 -2.0507 -0.86687 -0.95516 -2.4328 -1.5164 -0.34473 -0.093811 -0.61357 -0.80883 -0.15572 -0.79933 -0.29747
5.9593 -4.4166 -1.8373 -1.1252 -2.7307 -1.0846 -0.039483 0.28967 -0.74214 -0.60417 -0.31498 -0.90306 -0.55767
6.6147 -4.4924 -1.3532 -1.0106 -2.223 -0.80802 0.41037 0.39654 -0.95812 -0.77604 0.011654 -0.74769 -0.49725
6.8725 -4.2338 -0.98408 -0.888 -1.9651 -0.67003 0.49394 0.46582 -1.0268 -0.68237 0.1469 -0.55989 -0.43946
6.9239 -4.1238 -0.8729 -0.69216 -1.8286 -0.66935 0.49144 0.6606 -0.90729 -0.69586 0.34274 -0.5134 -0.47578
6.764 -4.3285 -1.4085 -1.144 -1.8694 -1.4748 -0.30318 0.57742 -0.87958 -0.90767 0.49966 -0.45783 -0.82801
4.8553 -3.1042 -1.4088 -0.77912 -1.5463 -1.5397 -0.67059 0.3745 -0.1225 -0.87475 0.25351 -0.053107 -1.0593
2.7661 -1.69 0.63982 0.501 -1.253 -2.4478 -1.5981 -0.28475 -0.22859 -0.71257 -0.41024 0.16705 0.48552
2.8306 -1.5489 0.64474 0.2749 -1.1176 -2.695 -1.9201 -0.1436 -0.35414 -0.59265 -0.61632 -0.16815 0.59172
3.0598 -2.1488 0.11504 -0.033831 -1.2018 -2.9135 -1.866 -0.20246 -0.90911 -0.69597 -0.93012 0.14418 0.56967
3.9669 -2.046 -1.8264 -0.60925 -1.5505 -1.9837 -1.7456 -0.42764 -0.43391 -0.76874 -0.00044582 0.17526 -0.72822
6.2855 -4.049 -1.4092 -0.34313 -1.9888 -1.3563 -0.28529 0.48257 -0.37378 -0.69787 0.56538 -0.29144 -1.0085
6.979 -4.872 -0.86042 -0.037546 -2.1661 -0.82754 0.21144 0.178 -0.81294 -0.30437 0.34427 -0.44463 -0.41638
7.0431 -4.8314 -0.46695 -0.22873 -2.244 -0.59026 0.50568 -0.13553 -0.6828 -0.084678 0.45818 -0.30274 0.0026424
7.0663 -5.1885 -1.1728 -0.73822 -2.7775 -0.47965 0.30949 -0.27296 -0.5058 0.29823 0.358 -0.39693 0.083864
6.9476 -5.2064 -0.39635 -0.1388 -2.3988 -0.32001 0.42515 -0.30059 -0.50481 -0.13885 0.09738 -0.30278 -0.033673
6.8606 -5.5341 -0.93584 -0.89935 -3.0087 -0.45381 0.08089 -0.66594 -0.43708 0.088849 -0.025436 -0.31328 0.023942
6.9035 -5.4772 0.36967 0.021363 -2.4799 -0.06557 0.59367 -0.34618 -0.35407 -0.073715 -0.10434 -0.36641 -0.069551
6.871 -5.6256 0.2904 -0.20067 -2.4955 -0.13602 0.31832 -0.41895 -0.19361 -0.061174 -0.18532 -0.25387 0.098481
6.8108 -5.7281 0.41127 -0.4794 -2.3556 -0.17236 0.15934 -0.48091 -0.068652 0.12687 -0.29088 -0.13586 0.17663
6.6136 -6.2382 0.24985 -1.1055 -3.3231 -0.61886 -0.11608 -0.74621 -0.49691 -0.13181 -0.51807 -0.44249 -0.37475
6.0968 -5.6553 0.39801 -0.99875 -3.6297 -0.62248 -0.10904 -0.77645 -0.55924 -0.17101 -0.54028 -0.50194 -0.39576
5.9945 -5.9778 0.91554 -1.0305 -3.7599 -0.57464 -0.082143 -0.92184 -0.44159 -0.17303 -0.52265 -0.35171 -0.40194
4.5992 -4.2499 0.78659 -0.85587 -3.9935 -0.87971 -0.22057 -0.90656 -0.29597 -0.33393 -0.55086 -0.41654 -0.27071
3.6478 -3.4621 0.96711 -0.97695 -3.6639 -1.6247 -0.0042484 -1.2605 -0.53969 -0.36454 -0.69002 -0.27168 -0.50274
2.7658 -2.5998 1.2748 -0.30619 -3.2936 -2.053 -0.4039 -0.69056 -0.14008 -0.25583 -0.38667 -0.4997 -0.26909
1.9144 -2.1975 2.1654 -0.21882 -2.7319 -1.7667 -0.3485 -0.59526 -0.54141 -0.36697 0.19114 -0.2019 -0.066798
1.9409 -1.3652 0.98447 -0.86505 -2.8825 -2.0804 -0.14752 -1.6001 -1.1994 -1.1352 0.20036 -0.59542 0.13824
1.9583 -1.3149 0.98964 -0.93442 -2.7442 -1.8507 -0.48676 -1.763 -0.5963 -1.1353 0.022234 -0.3738 -0.039947
1.865 -1.0947 1.6671 -0.89527 -2.5252 -1.6089 -0.019959 -1.4427 -0.51293 -0.67338 -0.16242 -0.20183 0.22148
3.1159 -3.8812 2.8769 -0.71176 -3.5352 -0.76621 -1.0484 -1.4976 -0.24666 -0.16851 -0.3821 0.34408 -0.33072
3.9448 -4.8361 3.7046 -0.39152 -4.2586 -0.97695 -1.3195 -0.62745 0.10933 -0.83816 -0.77201 0.19405 -0.33233
3.9507 -4.6356 3.6106 -1.0093 -3.8531 -0.19447 -1.5906 -0.8414 -0.18068 -0.41999 -0.4816 0.024382 -0.19353
3.7915 -4.6821 3.7852 -0.88053 -3.3423 -0.40786 -1.7076 -0.54941 -0.17736 -0.2634 -0.33698 -0.044508 -0.078131
3.6135 -4.5486 4.0013 -1.2031 -3.6086 -0.5077 -1.7393 -0.34826 -0.3032 -0.47862 -0.48256 0.15822 -0.40284
3.722 -4.7715 3.6025 -1.6802 -3.8626 -0.79763 -2.0747 -0.70839 -0.51435 -0.69251 -0.69289 -0.17722 -0.63536
3.9268 -4.4977 4.3359 -1.6547 -3.9562 -0.27947 -1.6038 -0.4873 -0.3264 -0.38149 -0.52146 0.18289 -0.19084
4.2846 -4.9344 3.8332 -1.4554 -3.5664 -0.40204 -1.9192 -0.29547 -0.0018164 -0.52376 -0.50588 -0.041987 -0.21651
4.407 -4.929 3.9441 -1.1785 -4.0753 -0.49856 -1.7199 0.0081594 -0.1916 -0.65503 -0.3677 -0.01009 -0.31224
4.1114 -4.9254 3.5165 -1.0546 -4.1278 -0.50515 -1.5004 -0.52148 -0.077427 -0.34248 -0.51178 -0.27819 -0.26037
3.8258 -4.5548 2.592 -0.88082 -4.1951 -0.46279 -1.2431 -0.63806 -0.084296 -0.32261 -0.55774 -0.39001 -0.40429
3.1596 -3.5344 1.7535 -0.70262 -3.9035 -0.59464 -0.27807 -0.74277 0.036478 -0.39502 -0.24259 -0.20833 -0.40037
2.7788 -2.922 1.6008 -1.5009 -2.9083 -0.78749 -0.18698 -0.39603 -0.55878 0.1731 -0.37443 -0.69926 -0.049616
2.7973 -2.7476 1.0805 -1.1426 -3.1653 -0.71971 -0.22308 -0.81041 -0.64699 -0.38474 0.0028073 -0.76787 -0.031529
2.8033 -2.6054 0.30121 -0.98774 -2.7653 -0.56545 -0.19876 -0.77895 -0.78118 -0.62973 0.27822 -0.65934 -0.43437
2.8217 -2.9043 -0.27005 -1.1889 -2.0395 -0.69703 -0.37078 -0.5167 -0.87341 -0.60435 0.44778 -0.80305 -0.81098
2.8559 -2.6312 -1.1356 -1.0462 -1.6152 -0.94309 -0.78797 -0.14181 -0.89732 -0.89069 0.62304 -0.54367 -1.1158
2.8153 -2.7547 -1.0489 -1.1738 -1.1664 -1.2419 -0.99186 -0.27868 -1.0105 -0.79296 0.44645 -0.23192 -1.0777
2.7694 -2.5917 -1.2499 -1.4529 -1.1785 -0.99317 -1.0129 -0.30871 -0.80701 -0.77404 0.37224 -0.31157 -1.1456
2.8172 -2.1739 -1.7361 -1.3748 -1.1765 -0.55386 -1.1671 -0.61199 -0.44754 -0.70153 0.33223 -0.67929 -0.64888
3.1069 -2.482 -2.2313 -1.5721 -0.72479 -0.70098 -1.8339 0.056704 -0.53456 -0.70769 0.24629 -0.73037 -0.8054
3.1892 -2.1843 -2.2883 -1.8732 -0.4743 -0.48421 -2.4536 0.13742 -0.54761 -0.93792 0.37286 -0.73518 -0.64027
4.4366 -3.4231 -2.5287 -1.3652 -0.58632 -0.20913 -2.829 0.39648 -0.31266 -0.6179 0.06344 -0.39141 -0.42748
5.2096 -3.5807 -2.6862 -1.1147 -0.25551 0.080533 -2.78 0.77347 -0.13276 -0.69362 0.0366 -0.47523 -0.35095
4.7485 -3.6592 -2.9304 -1.3827 -0.22379 -0.20113 -2.5051 0.51279 -0.043177 -0.66823 0.16786 -0.42798 -0.19244
2.6792 -1.7611 -2.6658 -1.9927 0.40057 -0.73175 -1.9978 0.37201 -0.10112 -0.39773 0.23624 -0.25873 -0.012949
3.7395 -3.7638 -2.6653 -1.6807 0.013892 -0.6214 -2.3463 0.47412 -0.064303 -0.45124 0.24518 -0.23347 -0.16394
-0.85557 -4.0154 -2.2353 -1.8943 1.048 -0.067165 -1.1556 1.2044 -0.12617 -0.042963 -0.16545 0.37476 0.036779
