3.003 -2.0166 0.38129 -1.9703 -2.4013 -2.4413 0.14955 -0.26205 -0.72119 -1.1072 0.46179 -1.7075 0.08375
2.9061 -2.4638 0.31049 -2.0831 -1.9403 -1.4573 0.77551 -0.44597 -0.61197 -1.1488 -0.15333 -1.4229 -0.070714
2.8196 -2.0081 0.17185 -2.218 -1.8401 -1.4569 0.72231 -0.75625 -0.48154 -1.5869 -0.36232 -1.6792 -0.12184
2.3262 -3.0537 -0.11528 -1.7106 -1.8805 -1.5498 0.26422 -0.70765 -0.97403 -2.0817 -0.83076 -1.3392 -0.36601
1.5239 -3.0328 0.36994 -0.45071 -0.60385 -0.80729 -0.44957 -0.87824 -0.38999 -1.0909 -0.78102 -0.58504 -0.53042
1.7229 -3.2474 0.5668 0.099188 -0.40729 -0.75556 -1.3071 -2.4074 -0.19149 -0.65831 -0.29064 0.058614 -0.81762
2.1015 -3.1314 0.49722 -0.36244 -0.91717 -0.94626 -0.8589 -2.1632 -0.25153 -0.66547 -0.24399 -0.52134 -0.58215
2.1498 -2.9434 0.78921 -0.17497 -0.84054 -1.0858 -1.3307 -2.7953 0.061374 -0.60625 -0.28794 -0.12233 -0.70443
2.1121 -3.1659 0.75346 -0.089078 -0.88491 -0.9405 -0.86088 -2.618 -0.5724 -0.80456 0.31073 -0.12276 -0.74245
2.0271 -3.3908 0.25605 -0.5853 -1.3068 -1.244 -1.0402 -2.3611 -0.52976 -1.0561 -0.36124 -0.54937 -0.88279
1.8683 -3.1153 0.43616 -0.37499 -0.91572 -0.8674 -0.51677 -1.2374 -0.15798 -1.1503 -0.90224 -0.66252 -0.73197
1.9829 -3.0395 0.038268 -1.3625 -0.7216 -0.36055 0.09903 -1.0005 -0.39049 -1.3786 -1.1896 -0.84343 -0.71789
3.0279 -2.8637 -0.78232 -2.1866 -1.2034 -1.0467 0.77076 -0.42318 -1.0452 -1.9591 -1.0549 -1.4645 -0.50775
3.652 -3.0416 -0.9735 -2.4685 -1.6873 -0.78161 1.1511 -0.33797 -1.1112 -1.6129 -0.8017 -1.7154 -0.5034
3.6618 -3.3287 -0.96226 -2.5557 -1.9068 -0.66199 1.3471 -0.99383 -1.0773 -1.8861 -0.95897 -1.3723 -0.47495
3.4609 -3.4981 -0.52622 -2.4084 -1.9022 -0.57947 1.2837 -0.64134 -1.45 -1.5655 -0.99189 -1.7405 -0.15261
3.2944 -3.5822 -0.40689 -1.9989 -2.099 -0.69261 1.4562 -0.85655 -1.5961 -1.5507 -0.93564 -1.5933 -0.036606
3.0825 -3.2048 -0.13152 -1.8702 -2.452 -0.64777 1.5112 -0.96641 -1.2351 -1.5695 -0.67633 -1.7017 -0.15972
2.9401 -3.3053 -0.36938 -1.4192 -1.5651 -0.69156 1.2024 -0.29249 -0.88472 -1.5096 -0.93528 -1.812 0.089659
2.3951 -3.0762 -0.26302 -1.304 -1.7563 -1.079 0.73405 -0.85791 -0.89001 -1.7095 -0.86404 -1.6891 -0.075789
1.8895 -3.2285 0.18544 -0.82823 -1.4899 -1.1193 -0.38763 -1.4257 -0.51328 -1.1582 -0.7562 -1.1172 -0.39099
2.0456 -2.3728 1.0411 -0.69869 -1.4589 -1.2571 -0.54956 -2.3697 0.19916 -0.60557 0.022173 -0.53438 -0.66475
2.1546 -2.7267 0.92762 -0.33791 -1.3544 -1.3646 -0.90218 -2.4146 -0.18642 -0.57307 0.2337 -0.57541 -0.79929
2.1211 -2.6339 0.91845 -0.46166 -1.2841 -1.3506 -0.88463 -2.2916 -0.16504 -0.70181 0.10265 -0.44662 -0.77323
1.9695 -2.6748 1.2261 0.10311 -1.2157 -1.602 -1.3384 -2.4911 0.27272 -0.3599 0.1279 -0.6847 -0.94907
1.8735 -2.4603 1.2393 -0.14244 -1.1359 -1.3279 -0.94873 -2.3179 0.19792 -0.34517 0.28292 -0.49585 -0.76434
1.5765 -2.5375 1.3166 0.1141 -1.3337 -1.2631 -0.73092 -2.2178 -0.078915 -0.5516 0.62138 -0.21882 -0.68923
1.3309 -3.089 0.5574 -0.054592 -0.53155 -0.84971 -1.2124 -2.2241 -0.36647 -0.59285 -0.0078113 0.088807 -0.70235
1.5003 -2.9178 0.63228 -0.090528 -0.73002 -0.88423 -0.92485 -1.8694 -0.16023 -0.52298 -0.00045131 -0.052379 -0.46344
1.3495 -3.0321 0.61409 0.015158 -0.81466 -0.83799 -0.97706 -2.0277 -0.2827 -0.7144 -0.20658 -0.17772 -0.6035
1.1159 -3.0672 0.63453 0.33096 -0.38649 -0.46899 -0.84202 -1.6833 -0.12965 -0.69293 -0.49173 -0.2229 -0.57492
0.9592 -3.0886 0.55211 0.17562 -0.3677 -0.55352 -0.8979 -1.6676 -0.23628 -0.69504 -0.41137 -0.20682 -0.78445
0.89638 -3.3144 0.28557 -0.087186 -0.53812 -0.6865 -0.8883 -1.3991 -0.30568 -0.66156 -0.68053 -0.62569 -1.0208
0.88597 -3.1425 0.3037 -0.8635 -0.99138 -0.29855 -0.2419 -0.98921 -0.42726 -1.0161 -0.93916 -0.85754 -0.70539
1.3068 -3.6113 0.32751 -0.7646 -1.6701 -0.12032 0.22727 -1.0343 -0.19334 -1.2114 -1.1894 -0.82753 -0.61414
1.5925 -3.2556 0.23062 -0.94803 -2.0324 -0.22551 0.86481 -1.2615 -0.47986 -1.2287 -0.72613 -1.4079 0.24998
1.7922 -3.7854 -0.4146 -0.93832 -1.9163 0.010931 1.008 -0.9798 -0.23744 -1.3341 -1.2083 -1.2902 -0.017246
1.8659 -3.7804 -0.32949 -1.3305 -1.9022 -1.2748 0.74638 0.084672 -0.80856 -1.4317 -0.33286 -1.0179 0.57548
0.88919 -3.2999 -0.57039 -2.1466 -1.2158 -0.94769 0.038782 -0.67964 -0.81546 -0.93995 -0.23333 -0.5836 0.22031
1.264 -3.5802 -0.51173 -1.7888 -1.5821 -1.054 0.45069 -0.61127 -1.1991 -1.1804 0.012288 -0.78147 0.53702
1.2027 -4.1872 -1.578 -1.6588 -1.1222 -1.0508 -0.65412 -0.68271 -1.08 -0.61345 -0.1667 -0.44889 0.44487
0.58175 -3.8339 -0.81066 -1.75 -1.0361 -1.0908 -0.19688 -0.46382 -0.75622 -0.52224 -0.21749 -0.65641 0.82709
0.77167 -3.8983 -0.37589 -1.1629 -1.2361 -1.2343 -0.57131 -0.85162 0.0058723 -0.078773 0.075185 -0.15255 1.2595
0.65414 -3.9639 -0.5551 -1.1556 -1.0268 -1.1969 -0.86212 -1.0761 -0.40841 -0.2424 0.10517 0.072191 0.72236
