4.6725 -3.9872 -0.82183 -1.2864 -1.9284 -1.9764 -0.24079 -0.11491 -0.11783 -0.84261 0.14596 -0.87137 -0.27151
5.0733 -4.2882 -1.2953 -1.6256 -2.3253 -2.0238 -0.28281 0.2597 -0.39284 -1.2857 -0.34967 -0.72821 -0.32731
5.2173 -3.8512 -1.4531 -1.6911 -2.3785 -1.7492 0.016051 0.19872 -0.64831 -1.1511 -0.089383 -1.1736 -0.33063
5.0689 -4.3418 -1.9364 -2.2038 -2.2106 -2.151 -0.48322 -0.31089 -1.0296 -1.3281 -0.56353 -1.319 -0.47906
4.587 -3.9582 -1.4175 -1.6584 -1.872 -1.6405 -0.58523 -0.17725 -0.56688 -1.319 -0.53609 -0.79318 -0.63181
4.0089 -3.5813 -1.5068 -1.0733 -1.477 -1.0393 -0.42775 -0.099883 -0.92982 -0.9742 -0.22034 -0.36535 -0.68371
3.0174 -3.5816 -1.2125 -1.1477 -0.75555 -1.0174 -0.73315 -0.29304 -0.66707 -1.0661 -0.59649 -0.60842 -0.43847
2.3312 -3.1771 -0.035798 -0.68974 -0.72573 -1.1943 -1.4591 -1.5848 -0.11182 -0.55403 -0.74509 -0.27914 -0.54679
3.1197 -3.9692 -0.46009 -0.74707 -0.27954 -0.89476 -1.2796 -1.4883 -0.75349 -0.45662 -0.25278 -0.43093 -1.2308
2.7879 -3.6233 -0.0117 -0.25276 -0.47676 -0.65204 -1.0324 -1.5608 -0.28606 -0.87611 -1.0555 -0.69947 -0.84636
2.7784 -3.6863 0.029486 -0.059676 -0.18596 -0.61638 -1.4652 -1.9318 -0.13696 -0.83651 -1.1915 -0.38823 -0.89284
3.0494 -4.037 -0.20056 -0.43366 -0.50867 -0.89422 -1.4289 -1.7728 -0.74857 -0.89942 -0.99503 -0.67627 -1.335
2.9949 -3.671 -0.1019 -0.32845 -0.57822 -0.93021 -1.3098 -1.7559 -0.39083 -0.69822 -0.6452 -0.41672 -0.72884
3.8233 -3.3322 -1.1003 -1.6948 -1.7219 -1.8865 -1.2113 -0.48659 -0.44758 -1.3533 -0.88755 -0.28809 -0.81653
4.0265 -3.9177 -1.0949 -1.3029 -1.0461 -1.1522 -0.49822 -0.053818 -0.7919 -0.94134 -0.45188 -0.41108 -0.27782
4.0686 -4.5273 -1.5825 -1.3595 -1.6248 -1.1997 -0.38651 -0.36234 -1.1436 -1.3737 -0.49553 -0.5639 -1.0106
4.3428 -4.2009 -1.9043 -1.0817 -1.2427 -0.77665 -0.26335 -0.22196 -1.1907 -1.161 -0.094298 -0.64206 -0.82536
4.6941 -4.8908 -1.7366 -1.0238 -1.7117 -1.0225 -0.20049 -0.16369 -1.2127 -1.3344 -0.32841 -0.75067 -0.7027
5.0864 -4.8074 -2.217 -1.238 -1.3743 -0.6392 -0.060541 -0.11452 -0.896 -0.8956 -0.34228 -0.9215 -0.88188
5.185 -5.6337 -1.7359 -1.3167 -2.1664 -1.0932 -0.2543 0.005234 -1.0716 -1.0538 -0.43853 -0.49201 -0.89494
5.2607 -6.0576 -2.1134 -1.5585 -2.5505 -1.2075 -0.50332 -0.459 -1.2478 -1.0243 -0.53644 -0.51285 -0.53247
5.0666 -5.203 -1.8133 -1.5918 -2.0274 -0.82309 -0.38845 -0.071059 -1.438 -1.192 -0.36667 -1.0066 -0.11967
5.2073 -5.5477 -1.0334 -1.6004 -2.0862 -0.9335 -0.16328 -0.47206 -1.0856 -0.75407 -0.48752 -0.25453 0.089437
4.8502 -5.6602 -1.0109 -1.4864 -2.5098 -0.79802 -0.56263 -0.76269 -0.74884 -0.81396 -0.88896 -0.4555 -0.075912
4.4403 -5.378 -0.42972 -1.4976 -2.4629 -0.8578 -0.60754 -0.99594 -0.77076 -0.61477 -0.79814 -0.60783 -0.1386
3.6126 -4.4992 -0.43854 -0.9573 -2.8639 -1.2258 -0.39607 -0.96564 -0.61756 -0.75989 -0.32073 -0.53556 -0.13432
3.1866 -3.5846 0.60818 0.055458 -1.2473 -0.92259 -0.94029 -2.3366 -0.94374 -1.0093 0.35114 0.25177 -0.59966
3.5811 -4.1373 -0.18447 -0.49169 -0.9985 -1.2428 -1.623 -2.2242 -0.41539 -0.8557 -0.69141 -0.12056 -0.34863
3.5073 -3.8703 0.081507 -0.49454 -1.5983 -1.1562 -0.70066 -1.8714 -0.84586 -1.1879 -0.2368 -0.43976 -0.24726
3.5148 -3.7956 0.18445 -0.093334 -0.74873 -1.015 -1.3244 -1.9006 -0.19409 -0.56346 -0.4091 -0.12111 -0.40095
3.2743 -4.0567 -0.29236 -0.69915 -1.1409 -1.2495 -1.1346 -1.6536 -0.79768 -0.76187 -0.10159 -0.11411 -0.1959
3.1859 -4.4845 -0.71495 -1.1778 -1.8541 -1.7598 -1.5364 -2.1468 -0.81541 -1.0757 -0.50388 -0.30839 -0.14139
3.456 -3.6118 0.14968 -0.63769 -1.0825 -1.1021 -1.2132 -2.3521 -0.3885 -0.74523 0.020894 0.43721 -0.16986
3.7397 -3.6121 0.22588 -0.43749 -1.262 -1.1219 -0.97628 -2.0965 -0.37769 -0.97759 -0.30804 -0.03204 -0.051513
3.9041 -3.8772 0.17477 -0.22747 -1.6622 -1.1793 -0.6932 -1.8665 -0.56272 -1.1055 -0.19089 -0.32644 0.32259
3.83 -4.1646 -0.20868 -0.77541 -1.8258 -1.5681 -1.1568 -2.0935 -0.55242 -0.89954 -0.23187 -0.37762 0.0083835
3.7032 -4.237 -0.37619 -0.83627 -1.1211 -1.4358 -1.5642 -1.9815 -0.43541 -1.0348 -0.57446 0.13301 -0.26113
3.8744 -4.28 -0.10805 -0.64221 -1.9765 -1.4701 -1.0482 -2.1061 -0.36118 -0.64384 0.13359 -0.016021 0.045292
4.0317 -4.3573 -0.20927 -0.46518 -1.8183 -1.3173 -1.0417 -1.8007 -0.2295 -0.70216 -0.19631 -0.39935 0.082584
4.1132 -4.7783 -0.98083 -1.402 -2.3712 -1.5259 -1.1112 -1.6211 -0.60999 -0.96029 -0.41369 -0.61758 0.46719
4.635 -4.6868 -0.70479 -1.2782 -2.8673 -1.22 -0.084132 -0.93102 -0.35147 -1.1043 -0.085026 -0.093168 0.79963
5.5578 -5.9175 -0.71975 -1.5959 -3.3745 -1.056 -0.1132 -0.94771 -0.96275 -0.81991 -0.3763 -0.19617 0.55065
5.4494 -5.5619 -1.0005 -2.0896 -2.4524 -0.98262 -0.32137 -0.46911 -1.2396 -0.7593 -0.023196 -0.30016 0.93905
5.3367 -5.2807 -1.6633 -2.6578 -1.8562 -1.076 -0.22787 -0.46268 -1.2089 -0.77483 0.52008 0.016047 0.8409
5.4239 -4.7047 -2.109 -2.7565 -1.4345 -1.2054 -0.69499 -0.36753 -1.2574 -1.241 0.64192 0.12171 0.18425
5.5534 -4.5556 -2.6781 -2.5691 -1.0048 -1.1421 -0.91662 -0.25812 -1.1774 -1.3449 0.4789 0.38285 0.031451
5.5215 -4.9803 -2.8864 -3.0418 -0.68734 -1.1295 -1.1239 -0.38789 -1.3285 -1.1027 0.04689 0.67868 0.1424
5.4499 -5.5596 -2.4031 -2.6415 -0.65176 -0.37517 -1.113 -0.36166 -0.9748 -0.6849 0.093289 0.93994 0.69227
4.5791 -5.0342 -2.9744 -3.6432 -1.2388 -1.4506 -1.1409 -0.27955 -1.112 -0.78324 0.35864 0.30569 0.36618
3.5408 -5.2994 -2.4484 -2.9289 -0.4063 -0.6891 0.060198 0.76558 -1.3093 -0.23625 0.67955 0.52189 0.62923
3.4194 -6.4471 -2.6861 -2.2207 -1.2678 -0.62712 0.52708 1.132 -0.29252 -0.76791 -0.12843 0.41473 0.97389
2.831 -4.9447 -2.0011 -2.5716 -1.2347 -0.82634 0.55911 1.1074 -1.6066 -1.0157 0.8626 0.14063 0.47739
