-0.94669 -2.4174 0.60546 -0.10963 -0.36516 -0.25254 0.18923 -0.17614 0.39468 -0.096921 0.02105 0.15798 0.62106
3.1586 -2.9318 -0.2722 -1.9584 -2.5828 -2.4286 0.25466 -0.35955 0.099852 -1.0026 0.25475 -0.34633 -0.29446
3.6015 -3.9788 -1.3771 -1.9285 -2.1984 -1.5732 0.60083 -0.3628 -0.41507 -0.94328 -0.29634 -0.27147 -0.97441
4.3074 -5.2103 -2.0915 -2.0894 -2.6009 -1.4666 0.15828 -0.51494 -0.8 -0.99299 -0.52056 -0.67414 -0.85278
4.8601 -4.9629 -2.3221 -1.9175 -2.432 -1.157 0.46888 -0.27705 -0.77268 -1.2228 -0.76821 -0.65045 -0.84058
4.9937 -4.9542 -2.6636 -2.0678 -2.4328 -1.1235 0.37393 -0.24908 -0.9075 -1.3032 -0.9397 -0.72642 -0.86139
4.8569 -4.3335 -2.3237 -1.4436 -2.0069 -0.98125 0.60725 0.1017 -0.52461 -1.1747 -0.65357 -0.58206 -0.71091
3.8682 -3.9196 -2.4757 -1.8218 -1.8586 -1.7701 -0.2153 -0.035304 -1.1471 -0.91373 -0.81395 -0.65505 -0.74514
1.9276 -3.1383 -0.044622 -0.81375 -1.0095 -1.4487 -0.87174 -1.2867 -0.34764 -0.90039 -0.6079 -0.43892 -0.51925
2.0711 -2.9345 0.52396 0.18158 -1.0152 -1.7168 -1.2141 -1.6952 -0.0077029 -1.0082 -0.0083991 -0.12463 -0.53204
2.1921 -3.369 0.23187 -0.30247 -1.008 -1.6069 -0.96719 -1.3262 -0.3139 -0.87884 -0.13503 -0.41913 -0.74186
2.2246 -3.6468 -0.00056966 -0.029781 -0.77336 -1.7029 -1.7178 -2.0864 -0.35968 -0.88051 -0.044479 -0.16377 -1.1056
2.6852 -3.1738 -1.076 -1.2278 -1.6485 -2.2635 -1.1524 -0.57939 -0.58817 -1.4015 -0.67997 -0.6446 -0.43022
4.7795 -4.7441 -2.3388 -1.485 -1.9226 -1.1959 -0.14747 -0.21289 -1.4368 -0.93524 -0.3809 -0.50958 -0.55265
5.6641 -5.6307 -2.5638 -1.551 -2.0116 -0.69358 0.19204 -0.37326 -1.346 -1.3106 -0.15994 -0.5875 -0.25399
5.7029 -5.6306 -2.606 -1.7408 -2.2315 -0.53351 0.14199 -0.58413 -1.572 -1.3408 -0.36592 -0.75935 -0.43126
5.6725 -6.0275 -2.7113 -1.9496 -2.1496 -0.5805 -0.02187 -0.80133 -1.7603 -1.326 -0.55817 -0.78189 -0.3252
5.7767 -5.5829 -1.8451 -1.3897 -1.513 -0.012128 0.52753 -0.20692 -1.2872 -0.84026 -0.27463 -0.42364 0.04239
5.7697 -5.8149 -1.876 -1.5997 -1.5947 -0.21672 0.44342 -0.40673 -1.19 -0.84949 -0.28868 -0.44181 0.17703
5.6657 -6.7373 -2.7306 -2.3683 -2.4114 -0.78079 0.0018516 -0.87163 -1.688 -1.3452 -0.64505 -0.7427 0.097016
5.4094 -6.1573 -1.9482 -2.0138 -2.1291 -0.6189 0.086486 -0.89812 -1.4138 -1.3526 -0.63111 -0.89993 0.09794
5.0083 -5.8606 -1.1535 -1.7381 -2.0093 -0.86141 0.2566 -0.66047 -1.2728 -1.2872 -0.66929 -1.0365 0.37521
4.2545 -5.9351 -1.0226 -1.8179 -2.5156 -1.2145 -0.18574 -1.0211 -1.2136 -1.0204 -0.602 -0.87442 0.41212
3.2579 -4.6941 -0.32049 -1.8592 -1.8196 -1.8309 -0.066991 -0.99585 -0.99635 -0.76339 -0.26436 -0.94405 0.42633
2.1897 -3.204 0.13276 -1.2417 -1.7946 -1.4841 -0.68426 -1.6509 0.06057 -1.016 -0.54454 -0.53919 0.48938
2.3362 -3.1732 0.33998 -0.95888 -1.8808 -1.5726 -0.58504 -2.0497 -0.15933 -1.3232 -0.37462 -0.52114 -0.35306
2.2666 -2.9348 0.654 -0.77918 -1.8517 -1.4441 -0.40864 -1.9017 0.06202 -1.2624 -0.56098 -0.66174 0.19338
2.3841 -3.4065 0.57864 -1.3704 -1.8624 -1.5488 -0.99711 -1.8208 -0.17581 -1.0143 -0.58988 -0.066787 0.1192
2.6878 -4.1816 1.1803 -1.8143 -1.0771 -0.93254 -1.2256 -0.50921 -0.81655 -1.0423 -0.74506 -0.69822 0.20327
3.1936 -5.1498 1.2616 -1.6601 -2.3992 -1.3189 -0.92075 -1.2618 -1.0965 -0.33373 -0.86642 -0.67285 0.15492
3.8617 -6.0119 0.9633 -1.7944 -2.6775 -1.3046 -1.1536 -0.96507 -1.3786 -0.69723 -0.98796 -0.69827 0.37788
4.1178 -5.9696 1.2839 -1.5646 -2.5761 -1.0026 -0.90052 -0.40662 -0.99305 -1.1412 -1.0323 -0.36054 0.37059
4.4845 -6.4862 1.0285 -1.465 -2.9111 -0.50976 -0.28445 -0.94732 -0.94976 -0.84306 -0.9399 -0.54509 0.41153
4.9312 -6.9537 -0.71348 -1.4344 -3.1236 -0.44985 -0.55997 -1.3324 -1.1388 -0.96304 -1.2123 -0.54879 0.54408
5.2665 -6.7017 -1.3808 -0.94319 -2.7074 -0.15499 0.0456 -1.2572 -1.1591 -0.96164 -0.80762 -0.19228 0.65371
5.6437 -6.3216 -1.853 -0.45787 -1.8587 0.1289 0.38678 -0.94082 -1.1035 -0.85105 -0.49638 -0.21205 0.29732
5.6505 -6.9133 -3.2287 -1.1442 -1.9264 -0.72413 -0.39634 -1.1283 -1.7314 -1.1921 -0.48984 -0.37121 -0.003461
5.3383 -6.1093 -3.4705 -0.74948 -1.0397 -0.49753 -0.6601 -0.65111 -1.4866 -1.5712 -0.57066 -0.32812 -0.44813
5.0564 -6.1035 -4.0565 -1.2549 -0.4835 -0.87109 -1.0921 -0.79319 -1.4025 -1.5535 -0.60664 1.6147e-05 -0.054654
4.962 -5.4338 -3.7972 -1.4823 0.3797 -0.66274 -1.2867 -0.25371 -1.1092 -1.5398 -0.51677 0.24838 0.082966
4.561 -5.1355 -3.6766 -1.4582 -0.096491 -0.80025 -1.3667 -0.68861 -0.84487 -1.2947 -0.47684 0.49883 0.068695
3.9076 -4.8588 -3.6148 -2.1867 0.48353 -0.81188 -1.3397 -0.43839 -1.1213 -1.1946 -0.73636 0.18618 0.2618
3.0373 -3.98 -2.4374 -1.9659 0.55463 -0.35797 -1.1638 -0.81573 -0.97781 -0.97073 -0.47435 0.42622 0.21281
2.3447 -4.4256 -2.1849 -2.5023 0.040699 -0.65687 -1.1824 -1.169 -1.4125 -0.51328 -0.23145 -0.017218 0.38007
1.7762 -3.7883 -0.92214 -1.7717 -0.36657 -0.93915 -0.78472 -1.0462 -0.92151 -0.49326 -0.18446 -0.060069 0.45586
1.1619 -3.9108 -0.89711 -1.444 -0.17186 -0.32805 -0.82394 -1.4615 -0.63541 -0.95407 -0.70945 0.62951 0.3165
0.71205 -4.0976 -0.49412 -0.55468 -0.072532 -0.80536 -1.8804 -1.9981 -0.4829 -0.59588 -0.65096 0.54173 -0.10632
