-0.63416 -1.8851 1.1929 0.59212 -0.11333 -0.001178 -0.5593 -1.0759 1.0545 -0.24819 -0.84623 -0.06448 -0.81292
2.8754 -1.3018 0.29301 -0.20644 -0.73265 -1.3009 -1.2682 -0.63935 1.4247 -0.30865 -0.22567 0.064657 0.04289
2.9939 -1.9554 -0.075723 -0.16482 -0.58477 -1.5218 -1.1314 -0.39475 0.87464 -0.066704 -1.0563 0.1864 0.059588
3.4271 -2.2486 -0.19246 -0.24888 -0.57575 -1.1241 -1.2367 -0.032837 0.53443 0.2172 -1.2747 -0.00027541 0.45146
3.0591 -2.094 -0.3752 -0.72491 -0.48639 -0.86297 -0.52255 0.34643 0.53121 -0.2242 -1.265 -0.49606 0.10331
2.7418 -1.8328 -0.17023 -0.838 -0.41714 -0.37908 -0.043892 0.18961 0.5368 -0.73256 -1.1651 -0.60383 0.014717
2.4631 -1.504 0.26126 -0.60028 -0.69168 -0.66266 0.1407 -0.16911 0.73043 -0.61492 -1.2016 -0.50296 -0.049459
1.9977 -1.1351 0.64571 -0.74642 -0.37774 -0.3011 -0.17355 -0.18902 0.73209 -1.0492 -0.71987 -0.51075 0.068563
1.4681 -1.7077 1.5379 0.92988 0.13131 -0.30693 -0.58292 -1.16 0.35668 -0.61907 -0.75736 -0.51437 0.19429
1.4404 -1.2538 2.2038 1.0048 -0.50047 -0.85412 -0.27517 -1.2151 0.61025 -0.52323 -0.069601 -0.3863 -0.3391
1.5246 -1.718 1.799 1.1431 -0.063482 -0.48664 -0.50149 -1.7287 0.34449 -0.3568 -0.48369 -0.1628 -0.073897
1.4569 -1.5551 1.831 0.89295 0.047805 -0.59145 -0.55014 -1.1774 0.18118 -0.64274 -0.22205 -0.31987 -0.068715
1.4234 -1.6919 2.0058 0.91289 -0.11773 -0.16426 -0.56743 -1.3078 0.23887 -0.50757 -0.37473 -0.46535 0.086884
1.6925 -1.7816 0.92243 0.07268 -0.13045 -0.1757 0.080785 -0.83039 0.11263 -0.65169 -0.57498 -0.41272 0.24694
2.3293 -1.6379 0.35815 -0.48605 -0.44991 -0.48838 -0.4347 -0.21563 0.37328 -0.19097 -0.68584 -0.47082 0.27536
2.9218 -1.5834 -0.052388 -0.64779 -0.4254 -0.40592 -0.75762 0.64833 0.30328 -0.54341 -1.0253 -0.44311 0.28993
3.09 -1.7435 -0.18162 -0.83995 -0.67409 -0.19253 -0.75754 0.31882 0.66264 -1.0234 -0.75719 -0.17228 -0.061699
3.1377 -1.9666 -0.32509 -0.55633 -0.90186 0.012068 -0.89712 0.62649 0.55048 -0.90558 -1.1611 -0.25695 -0.025406
2.8339 -1.9556 -0.35711 -0.52855 -0.49401 -0.53353 -0.47936 0.53107 0.21801 -0.94939 -0.73165 -0.50327 -0.13604
2.9341 -1.9637 -0.21605 -0.38323 -0.82531 -0.52157 -0.40366 0.41607 0.32264 -1.1008 -0.61765 -0.16735 -0.35586
2.8964 -2.0477 -0.17855 -0.10576 -0.81181 -0.57305 -0.42444 0.47587 0.42841 -1.1055 -0.64013 -0.15827 -0.33066
2.8448 -2.1501 -0.10272 0.17061 -1.3369 -0.6495 -0.3816 0.48399 0.41408 -1.3372 -0.4417 -0.3309 -0.39412
2.7355 -1.7697 -0.10489 -0.20903 -0.92359 -0.82978 -0.46276 0.41121 0.29925 -0.94486 0.02132 -0.77958 -0.46065
2.5161 -1.6877 0.28765 -0.052113 -1.2561 -0.57961 -0.55652 0.35491 0.46301 -1.1119 -0.066425 -0.31859 -0.67963
2.2433 -1.9585 1.0893 0.56569 -1.5941 -0.88063 -0.11881 0.25594 0.031484 -1.227 0.14956 -0.30929 -0.34544
1.6879 -1.784 1.755 0.70442 -1.08 -0.67459 0.095072 -0.80075 0.45016 -1.0201 -0.1824 -0.4171 -0.11844
1.7648 -1.3824 1.8734 0.50346 -0.79929 -0.79754 -0.047657 -1.6373 0.74612 -0.72596 -0.29564 -0.041683 -0.58531
1.7038 -1.3948 1.9738 0.35279 -0.29726 -0.55374 -0.57395 -1.5178 0.52989 -0.67439 -0.34539 -0.1423 -0.53836
1.7258 -1.6207 1.8907 0.41574 -0.62533 -0.45889 -0.095306 -1.5318 0.61105 -0.67291 -0.55435 -0.14304 -0.10474
1.7716 -1.4983 1.9145 0.49593 -0.88984 -0.40301 0.11006 -1.9153 0.65909 -0.8083 -0.17899 0.087705 -0.46274
1.676 -1.6223 2.025 0.65256 -0.49689 -0.58894 -0.41411 -1.2499 0.56931 -0.69121 -0.42053 -0.28931 -0.45388
1.7549 -1.9043 1.786 0.46683 -1.1463 -0.043709 -0.57028 -1.0199 0.19047 -0.5557 0.0083548 -0.37939 -0.29107
2.1253 -2.4105 1.7324 0.72001 -1.5302 0.2237 -0.89714 -0.56341 0.073947 -0.82622 0.1471 -0.48883 0.0050341
2.4154 -2.6301 1.8688 0.67501 -1.8781 0.085193 -0.82137 -0.21071 0.10393 -0.6613 0.11035 -0.85732 -0.27084
2.477 -2.7093 1.7054 0.9432 -1.946 -0.022688 -0.6574 -0.19819 -0.0034034 -0.82772 0.15776 -0.48119 -0.31362
2.6676 -2.6529 1.4852 1.3827 -2.1654 -0.48504 -0.51713 -0.16685 0.16931 -0.8985 0.47774 -1.1141 -0.66063
3.1294 -2.926 0.47517 1.3109 -2.3686 -0.52958 -0.19552 0.084032 -0.21669 -1.1993 0.73603 -0.79598 -0.79761
2.6603 -2.5071 0.1443 0.71518 -1.6937 -0.52757 -0.87451 0.73043 0.21582 -1.0299 0.18493 -0.52186 -0.76594
2.9611 -2.9317 -0.32897 0.41184 -1.15 -0.56995 -0.91086 0.60173 0.43886 -1.2247 -0.4126 -0.38594 -0.62131
2.5624 -2.5291 -0.23881 -0.42795 -1.1189 -0.54625 -0.54875 0.49137 0.79842 -1.1912 -0.60685 -0.37251 -0.34701
2.5177 -2.101 -0.51022 -0.9036 -0.6183 -0.46824 -0.49005 0.36955 0.80027 -0.56485 -0.65018 -0.93482 -0.066981
2.4835 -1.8779 -0.38667 -1.5732 -0.6173 -0.17908 0.071161 0.11922 1.0168 -0.32877 -0.68857 -1.1652 -0.17576
2.4217 -2.0916 -0.73997 -1.6984 -0.22935 -0.23594 0.077219 0.52018 0.34134 -0.35021 -0.51724 -0.93748 -0.26319
2.0774 -1.8375 -0.62441 -1.4143 0.012825 -0.13931 0.46478 0.39154 0.5805 -0.36333 -0.5708 -1.2661 -0.66669
1.27 -1.859 0.64383 -0.8838 -0.026699 -0.15374 0.4923 0.32305 0.72576 -0.67513 -0.79335 -1.1637 -0.49986
0.30586 -2.3129 0.87182 -0.031135 0.1811 0.42824 0.29503 -0.43454 0.89356 -0.22882 -0.99959 -0.39979 -0.60388
