-2.1384 -2.3483 1.1382 0.58868 -0.067951 0.061242 0.33818 -0.21716 0.32649 -0.29319 -0.091037 -0.16382 -0.37055
1.9117 -1.1223 0.28738 -0.07313 -0.70191 -1.5446 -0.49294 -0.44816 1.4055 -0.10569 -0.40393 -0.010046 0.12542
2.8967 -1.6174 0.19728 -0.087714 -0.94744 -1.2597 -1.3856 -0.20912 1.0432 -0.18993 -0.074448 0.10332 0.50108
2.7934 -1.7677 -0.093721 -0.093213 -0.5967 -1.191 -1.0486 -0.19848 0.72083 0.31189 -0.73509 -0.16181 0.69041
2.78 -1.6618 -0.33068 -0.061095 -0.64161 -1.0394 -1.2538 0.12326 0.7091 0.16117 -0.65277 -0.41896 0.61408
2.4241 -1.5347 -0.72274 -0.32787 -0.36116 -0.56514 -0.59832 0.43758 0.48843 -0.24873 -1.1441 -0.34503 0.035557
2.059 -1.4113 -0.1786 -0.49957 -0.44214 -0.50936 -0.47026 0.24008 0.61093 -0.39992 -0.82625 -0.44732 0.32558
1.2686 -1.2206 0.29396 -0.099104 -0.23347 -0.54955 -0.3001 -0.33591 0.84649 -0.35143 -0.50109 -0.29411 -0.030187
1.0953 -1.7811 1.9539 1.7287 -0.058139 -0.6993 -0.75264 -1.8176 0.63946 0.013884 -0.31801 -0.16173 -0.055555
1.1331 -2.0611 1.6699 1.4725 0.58044 -0.26471 -0.88603 -1.9553 0.046131 -0.15507 -0.15141 0.24661 0.49761
1.1317 -1.7494 2.1948 1.2259 0.18039 -0.88988 -0.91106 -1.3539 0.56553 0.075035 -0.7206 -0.2995 0.41928
1.3087 -1.9932 1.9639 1.5621 0.19397 -0.70479 -1.2055 -1.5362 0.6404 -0.092984 -0.53726 0.023303 0.051461
1.3011 -1.8715 2.0422 1.4271 0.15504 -0.45331 -0.88372 -1.6103 0.35511 0.097707 -0.35118 -0.28669 0.41827
1.381 -1.8295 1.6583 1.2033 -0.020771 -0.52902 -0.82772 -1.4384 0.32949 -0.18338 -0.20161 -0.43454 0.4561
1.5336 -1.9578 1.3788 0.80426 0.088759 -0.3911 -0.7728 -1.3561 0.86197 -0.084139 -0.87631 -0.089436 0.35816
2.6464 -1.9048 -0.018642 0.12243 -0.89352 -0.37314 -0.89271 -0.1557 0.67816 -0.28017 -0.57785 -0.68281 0.55387
3.2241 -1.7697 -0.58981 -0.19951 -1.0776 -0.21019 -1.0782 0.67276 0.54813 -0.81248 -0.75682 -0.58218 0.35589
3.169 -2.0159 -0.55822 -0.12565 -1.181 -0.41326 -0.97365 0.82957 0.45185 -0.82516 -0.82489 -0.3591 -0.11078
3.0889 -2.0859 -0.44989 -0.22947 -1.2302 -0.62617 -0.71199 0.59023 0.65929 -1.0748 -0.66333 -0.45564 -0.16778
3.188 -2.1195 -0.19903 -0.17922 -1.5284 -0.72259 -0.67109 0.79623 0.53026 -1.0909 -0.6285 -0.48457 -0.092057
3.0891 -2.0443 -0.025989 -0.11147 -1.7194 -0.71984 -0.71304 0.75599 0.46139 -1.3016 -0.18508 -0.50019 -0.48173
3.0569 -2.1881 0.082486 0.18286 -1.8681 -0.98191 -0.61602 0.73036 0.24051 -1.1494 -0.38329 -0.43997 -0.30371
2.8547 -1.8578 0.2997 0.52387 -2.0043 -0.7253 -0.81029 0.56367 0.31461 -1.2005 0.05978 -0.52219 -0.50774
2.4215 -2.1117 1.4347 0.46141 -1.6431 -0.90967 -1.0307 0.80846 -0.024846 -1.2412 0.11854 -0.27788 -0.52591
1.6825 -2.1828 1.8129 0.87838 -1.2653 -0.56814 -0.49311 -0.087747 0.034544 -0.91007 -0.011299 -0.094249 -0.2207
1.4732 -1.4802 2.3019 0.69671 -0.61348 -0.79206 -0.30712 -1.3508 0.31948 -0.57244 -0.23927 -0.26368 -0.21773
1.4907 -1.171 1.9934 0.39717 -0.67678 -0.76797 0.058847 -1.4605 0.28203 -0.65268 -0.2115 -0.41227 -0.2815
1.5431 -1.0912 2.2629 0.25753 -0.8237 -0.73215 -0.2497 -1.5683 0.74033 -0.55207 -0.37049 -0.19673 -0.63669
1.4252 -1.3744 2.1946 0.58112 -0.44467 -0.55908 -0.74091 -1.1797 0.69263 -0.43974 -0.55962 -0.28122 -0.24267
1.3372 -1.6877 2.4201 1.205 -0.61493 -0.72273 -0.7296 -0.88839 0.30139 -0.43211 -0.21128 -0.36963 -0.3147
1.5613 -2.2573 2.1508 0.958 -0.852 -0.40327 -0.52833 -0.98035 0.021925 -0.48968 0.035587 -0.58654 -0.13392
1.7453 -2.4101 2.5079 0.71856 -1.2513 0.1709 -0.86644 -0.62807 0.13457 -0.6977 -0.0028687 -0.38607 0.04645
2.0679 -2.4277 2.4716 0.60331 -1.488 0.33091 -1.2948 -0.11469 0.11729 -0.65466 -0.06943 -0.84367 0.30386
2.5182 -2.9395 2.3999 1.0449 -1.9383 0.044261 -0.98588 0.063954 -0.13065 -0.75401 0.34573 -0.96034 -0.25579
2.9453 -2.9384 1.8552 1.2688 -2.28 0.075596 -0.88484 0.15282 -0.56753 -0.62311 0.6657 -0.92712 -0.47408
3.0042 -3.2466 1.36 1.5414 -2.4636 -0.46068 -0.97869 0.54054 -0.070745 -0.92208 0.11111 -0.95547 -0.40216
2.4708 -2.7349 0.51637 0.71287 -1.7874 -0.61497 -0.48267 0.03835 -0.062238 -0.9203 0.42773 -0.98206 -0.56258
2.2462 -2.2397 -0.40399 0.16343 -1.2601 -0.65952 -0.78249 0.58797 0.1548 -1.1781 -0.35976 -0.58129 -0.36878
2.0614 -2.1517 -0.11778 -0.68966 -0.8474 -0.57388 -0.68697 0.39915 0.65877 -0.83555 -0.84987 -0.44113 0.0054617
1.6913 -1.5655 0.064804 -1.18 -0.64551 -0.5758 -0.22048 -0.024853 0.93781 -0.72802 -0.91942 -0.5578 -0.078006
1.4132 -1.6991 0.4366 -1.2115 -0.98582 -0.42542 0.44058 -0.42189 0.48061 -0.60889 -0.56056 -1.1845 0.098523
1.113 -1.9735 0.31514 -1.2038 -0.77488 -0.49052 0.12109 -0.36605 0.038213 -0.83116 -0.55997 -0.86493 -0.15057
0.56854 -1.9606 0.56417 -0.76929 -0.31817 -0.56633 -0.17993 -0.86092 0.25856 -0.71358 -1.0458 -0.72631 -0.58543
-0.25484 -2.6363 -0.56628 -0.92837 0.020333 0.083759 0.2751 0.24364 0.35818 -0.59813 -0.29027 -0.91702 -0.17802
-0.063555 -2.1319 0.9489 -0.5672 -0.53894 -0.19425 0.34306 -0.9947 0.41844 -0.5302 -0.91164 -1.0352 -0.31817
-0.25328 -2.8071 0.79905 0.32258 0.23125 0.26334 -0.092935 -0.60609 0.57251 -0.58538 -1.6285 -0.79983 -0.47465
-0.30775 -2.8911 0.83922 0.57792 -0.012981 0.12064 -0.03198 -0.6875 0.48495 -0.41311 -0.75519 -0.56598 -0.85006
