0.30143 -1.7247 1.1415 0.40179 -0.18096 0.044471 0.030844 -0.68504 0.84194 -0.52103 -0.82791 -0.45607 -0.54598
3.8443 -0.56588 0.23896 -0.58128 -0.29884 -1.0573 -0.82507 -0.51563 0.73879 -0.31306 -0.51293 -0.016036 0.3196
4.4568 -0.36311 -0.36373 -1.2084 -0.44356 -0.99471 -0.88077 -0.43617 0.89775 -0.25594 -0.74601 -0.31876 0.40047
4.9131 -0.45279 -0.58218 -1.1899 -0.39469 -1.4525 -0.7753 -0.17411 0.71019 0.039251 -1.1891 -0.47696 0.2375
5.2243 -0.5569 -1.0635 -0.7977 -0.71511 -1.4948 -0.40288 -0.5625 0.66251 -0.099567 -0.676 -0.85299 0.42425
5.3489 -0.64722 -0.90066 -0.84766 -0.63231 -1.4627 -0.6439 -0.43157 0.77943 -0.068192 -0.88803 -0.6952 0.30357
5.2747 -0.85829 -0.54951 -0.87009 -0.6267 -1.267 -0.87846 -0.32359 0.5167 0.25822 -0.99355 -0.66233 0.4255
4.8283 -1.0089 -0.27809 -0.62515 -0.60184 -1.1838 -0.90066 -0.80286 0.45443 0.14698 -0.93725 -0.42894 0.42242
4.1083 -1.3337 0.66202 -0.23502 -0.52889 -0.98303 -1.0217 -0.89032 0.43452 0.11498 -0.94644 -0.06884 0.42325
4.2075 -1.4055 0.31697 -0.25667 -0.48337 -0.99249 -1.3505 -1.1263 0.20183 -0.025257 -0.59078 -0.15685 0.55858
4.6969 -0.94646 0.17071 -0.78567 -0.64477 -1.1387 -1.2695 -0.84937 0.25881 -0.0080488 -0.68295 -0.17858 0.42932
5.1012 -0.35324 -0.30587 -0.70666 -0.57712 -1.5292 -0.99923 -1.04 0.35561 0.34338 -0.98169 -0.27 0.53405
5.4557 -0.34292 -0.6759 -0.65714 -0.62506 -1.6466 -1.4501 -1.0536 0.38769 0.39041 -0.60727 -0.61355 0.3569
5.4865 -0.12833 0.19517 -1.5981 -0.35665 -1.2057 -1.8028 -1.0915 0.75155 0.54685 -0.87739 -0.5346 0.38146
5.6304 -0.078028 0.32323 -2.0473 -0.58525 -1.0705 -2.1506 -0.8099 0.81471 0.3526 -0.96156 -0.61101 0.36391
5.6676 -0.20068 -0.31615 -1.6567 -0.42373 -1.5455 -1.8064 -0.59823 0.5865 0.1912 -0.89385 -0.61478 0.030498
5.8024 -0.47711 -0.95654 -1.4795 -0.60093 -2.1231 -1.4428 -0.8517 0.53034 0.12009 -1.4391 -0.46274 -0.17933
5.8101 -0.78432 -1.3071 -0.96949 -1.2406 -1.764 -1.4162 -0.85687 0.11273 0.13922 -1.1781 -0.79159 0.097056
5.7466 -1.5228 -0.93631 -1.135 -1.0369 -1.7796 -1.4051 -0.77491 -0.03145 0.0044835 -1.3868 -0.39299 -0.10293
5.6314 -1.5958 -0.8974 -0.92287 -1.102 -1.7731 -1.8493 -0.66353 -0.18496 -0.02199 -1.3749 -0.48508 -0.042023
5.4019 -1.5743 -0.14251 -1.075 -0.79676 -2.2155 -1.651 -0.66033 -0.22926 -0.067981 -1.1549 0.0033005 -0.31486
4.9133 -1.1939 0.24865 -0.78194 -0.32052 -1.2741 -1.5524 -0.98771 0.17652 0.093217 -0.56153 0.28069 0.3213
2.5445 -1.1328 1.1032 0.60786 0.010496 -0.85029 -1.1171 -1.344 0.7419 -0.16542 -0.21387 0.40669 0.19493
0.29349 -3.0057 0.53842 -0.045533 -0.25582 -0.81414 -0.50945 -0.71504 0.335 0.95818 1.566 0.59367 0.47647
-0.93917 -2.8841 0.32715 -0.35217 -0.31358 -0.66259 -0.21372 -0.094639 0.45848 0.63794 0.61506 -0.1019 0.40862
-1.5072 -3.1871 0.119 -0.71599 -0.51701 -0.74829 -0.043534 -0.29242 -0.59722 0.39162 1.5679 0.33624 0.096154
-2.2582 -2.93 0.54385 -0.17174 -0.24536 -0.42469 -0.2425 -0.79705 -0.7223 0.0081877 1.0429 0.35399 -0.44857
-0.79736 -5.1224 0.8219 -0.13571 -0.4408 -0.35693 -0.38061 -0.57908 -0.50748 0.36634 0.96388 0.37953 -0.27749
1.601 -4.134 0.37343 -0.96775 0.039821 0.24048 -0.55808 0.1066 0.37482 0.18236 -0.06455 0.047941 0.43407
4.3661 -0.60538 0.4627 -1.3867 -0.7379 -0.87959 -1.1043 -0.52268 0.35251 0.30259 -0.46185 -0.71939 0.50538
5.9792 -0.92172 -0.92155 -2.0279 -1.1459 -1.7656 -1.4865 0.090262 0.36273 0.026071 -0.94688 -1.0574 0.20189
6.0765 -0.74767 -0.68403 -2.3803 -1.5992 -1.0007 -0.72071 -0.052804 0.44764 0.046365 -0.99482 -0.9869 0.45253
5.9706 -0.7349 -0.77125 -2.8992 -1.3859 -0.85882 -0.82151 -0.4029 0.10698 0.17453 -1.1071 -1.3314 0.30637
6.0227 -0.75655 -1.4112 -3.1091 -1.4401 -1.4511 -0.49828 -0.70769 -0.53029 0.083969 -1.0214 -1.7557 -0.042838
5.9931 -0.69131 -1.4793 -3.5259 -1.7326 -1.2766 -0.73917 -1.1052 -0.53225 -0.14347 -0.99344 -1.9613 -0.37557
6.0224 -0.8603 -1.6891 -3.7466 -1.1282 -1.3018 -0.73728 -1.3971 -0.79832 0.16088 -1.2343 -1.9698 -0.69738
5.9421 -0.69977 -1.6181 -3.947 -0.83268 -0.53193 -0.78017 -1.2534 -0.77751 -0.14438 -0.91697 -1.5946 -0.70203
5.6702 -0.11041 -1.2358 -4.2326 -0.22887 -0.045593 -0.62105 -1.1724 -0.72513 -0.17666 -0.69801 -1.2144 -0.70433
5.2439 -1.1158 -1.282 -3.7732 -0.47531 -0.17321 -0.47003 -1.301 -1.0475 -0.045776 -1.1539 -1.2594 -0.07218
4.9875 -1.5729 -1.2173 -3.4445 -0.80107 -0.24734 0.32038 -0.91839 -1.5528 -0.34994 -0.94133 -1.0603 -0.01968
4.7776 -1.5274 -1.7568 -3.3676 -0.79926 -0.057541 0.50394 -1.1559 -1.4362 -0.35579 -0.94763 -1.0672 -0.22647
3.7463 -1.7598 -0.89456 -2.9087 -0.49332 -0.075878 0.61356 -1.068 -1.0847 -0.48898 -0.60545 -0.95274 -0.24862
3.0333 -1.3568 -0.49478 -2.4854 -0.36228 -0.18227 0.39656 -1.3194 -0.44793 -0.63731 -0.57347 -0.6592 0.042058
1.4091 -2.4767 0.66215 -0.30717 0.22378 0.03274 0.081311 -1.1126 -0.75035 -0.70049 0.24325 0.48887 -0.026386
