-1.5728 -1.9661 1.4372 1.1112 0.61174 0.42915 -0.23211 -0.76545 0.8648 -0.096234 -0.70882 0.11739 -0.38695
2.665 1.2452 -0.024589 -0.99658 -0.37219 -0.98117 -0.25967 -0.80838 1.2093 -0.37947 -0.33855 -0.32329 -0.39903
4.7303 0.10071 -1.2457 -0.77607 -1.4042 -0.53427 -0.94624 -0.39037 0.97427 0.045953 -0.4163 -0.15384 0.32244
5.2456 -0.12551 -1.4325 -0.40024 -1.6098 -0.69324 -1.1903 -0.16613 1.3321 -0.11044 -0.63193 0.11167 -0.10246
5.6282 -1.3342 -1.2667 -0.15599 -1.7878 -0.86771 -1.1817 0.0015477 1.3461 -0.31644 -0.34708 -0.11247 -0.015395
5.6907 -1.6591 -0.8517 -0.18351 -1.8345 -1.0143 -1.4866 0.099745 1.4755 -0.1789 -0.70988 0.12105 -0.064749
5.1482 -0.84202 -1.3278 -0.034411 -1.5514 -0.74633 -1.453 -0.50891 1.1966 -0.045273 -0.54315 -0.055103 -0.050459
3.2763 -0.75085 -0.61209 -0.19063 -0.62223 -1.0149 -0.91622 -1.1169 1.0037 0.16835 -0.55796 0.35734 0.05346
1.9597 -1.0596 -0.28201 -0.229 -0.31585 -0.83194 -0.8077 -1.5026 1.2727 -0.0701 -0.44396 0.49413 -0.16828
2.169 -2.1605 -0.34965 -0.23841 -0.53617 -0.78228 -1.0417 -0.94357 0.47003 0.082973 -0.74785 0.012888 0.148
4.282 -1.2931 -0.78775 -0.62709 -0.98215 -0.67066 -1.2896 -0.62543 0.89222 0.22423 -0.68685 0.36762 -0.0026322
5.9938 -1.8598 -1.3869 -0.19951 -2.1518 -0.73965 -1.5187 -0.49297 1.8814 -0.51849 -0.67927 0.063572 -0.31302
6.657 -2.6317 -0.64925 -0.25726 -1.9505 -1.0359 -0.72294 0.4733 2.1953 -0.65782 -1.0084 0.056084 0.19645
6.597 -2.7103 -0.67291 -0.26636 -1.7626 -1.9059 -0.39057 0.85577 1.9471 -0.57862 -1.7301 -0.11031 -0.090753
6.684 -2.3612 -1.3069 -0.12418 -1.8774 -1.309 -0.80528 0.73451 1.4613 -0.24885 -1.4024 -0.2086 -0.57151
6.5073 -2.6182 -0.60866 -0.74729 -1.5881 -0.82761 -0.024095 0.75619 1.6968 -0.17245 -1.2 -0.18542 -0.55974
6.4245 -2.5438 -0.56322 -1.171 -1.4942 -0.46699 0.0097258 0.52157 1.8194 -0.20473 -1.0811 -0.12219 -0.56915
6.2254 -2.3207 -0.92221 -1.2004 -1.3957 -0.4452 -0.27108 0.32197 1.6728 -0.23451 -0.85189 -0.28387 -0.56235
5.9858 -1.8345 -1.0892 -1.0967 -1.4258 -0.10619 -1.0831 0.17234 1.386 -0.27292 -0.61441 -0.22601 -0.30092
5.5001 -0.98685 -0.85145 -1.273 -1.9792 1.0507 -1.6803 0.019975 1.3719 -0.036859 -0.85679 0.35039 -0.11688
3.878 -1.0932 -0.9219 -1.0683 -1.5588 0.32692 -1.0832 -0.52244 0.80632 0.25111 -0.85491 0.19853 0.00040598
-0.54209 -2.0501 0.99182 -0.56496 -0.011552 0.077703 0.66657 0.3065 0.31834 -0.021562 -0.079899 -0.41349 0.38496
-1.3277 -3.1291 0.027113 -1.0039 -0.41628 -1.1138 -0.3311 0.41285 0.74551 0.86384 0.33644 -0.68335 0.55098
-1.9644 -2.7547 0.3981 -0.35277 -0.24858 -0.57859 -0.090398 -0.080994 0.33815 0.3284 0.44681 -0.0081399 0.21528
-2.3473 -2.5445 0.7514 -0.72809 -1.3745 -0.67451 0.84029 -0.23248 0.59733 0.013874 0.22187 -1.037 0.37266
-2.5282 -3.2628 0.39804 -0.26856 -0.64622 -0.21471 0.54666 0.53884 0.44511 0.20326 -0.045777 -0.84069 0.37967
1.2867 -5.8605 -0.99593 -0.12762 0.16299 -0.28283 -0.041454 0.13702 -0.2324 -0.025346 -0.12692 0.17299 0.04262
1.124 -5.286 -0.8577 -1.1662 0.34117 0.31106 -0.090904 0.44254 0.054234 0.35754 -0.020582 0.3777 -0.1596
-0.048545 -5.1399 0.79722 0.71183 0.25244 0.60445 0.31246 0.070145 0.43734 0.24714 0.25493 0.25427 -0.19035
-1.0685 -2.0342 1.346 0.62485 0.027944 0.33471 0.79625 -0.037011 0.60453 -0.20317 -0.15118 -0.15088 -0.10122
2.3611 -0.069183 1.2041 -1.2476 -1.5127 0.33186 0.21891 -0.57651 0.64574 0.38697 -0.45546 -0.38928 0.27871
3.6165 -0.59623 0.20533 -1.7915 -1.2167 0.68539 -0.21505 -0.25591 0.53347 0.66891 -1.0828 -0.061198 0.041003
3.4529 -0.75427 0.60975 -2.2195 -0.9379 1.1181 -0.37238 0.082889 0.19554 0.9053 -1.0196 -0.65901 0.33803
2.9227 -0.70566 0.23995 -1.5362 -0.67133 0.95658 0.17778 -0.11029 0.16474 0.62064 -0.75928 -0.45526 0.20944
2.7971 -0.78258 -0.10235 -1.2401 -0.57665 0.86463 0.339 -0.16358 0.2068 0.17579 -0.62785 -0.45667 0.32684
2.4846 -1.1657 0.41066 -1.4833 -0.51 0.97106 0.28108 -0.03796 0.12036 0.33579 -0.81433 -0.25899 0.096908
2.0535 -0.74833 0.61552 -1.7519 -0.60672 0.87227 0.48433 -0.24671 0.29712 0.14348 -0.47476 -0.38341 0.076952
1.3874 -1.0894 1.1329 -0.92746 -0.81488 0.45681 1.0334 -0.28288 0.60796 -0.44464 -0.20174 -0.40115 0.011332
0.60781 -1.381 1.4587 -0.42448 -0.24512 -0.11898 0.57504 -0.33679 1.3901 -0.053862 -0.90192 -0.67218 0.32473
