-0.63538 -2.5532 0.98543 0.77252 0.27336 0.10447 -0.35954 -0.70128 1.0281 0.58595 0.47796 0.94642 0.36147
-1.2788 -2.354 1.258 0.66263 -0.32031 -0.049067 0.23014 -0.72344 0.23889 0.23505 1.2449 0.80636 0.29659
-0.95374 -2.8231 0.73324 0.24435 0.50429 0.3397 -0.19963 -0.83869 0.38364 0.44873 1.2124 1.5843 0.61704
-1.4215 -3.2342 0.48815 -0.14628 -0.20242 0.017269 0.619 0.44315 0.61585 0.49147 0.48325 0.28014 0.85678
-0.45837 -3.1888 1.4538 0.43967 0.048176 0.22249 0.35753 0.041985 0.53501 0.44647 0.38762 0.10772 -0.16401
0.3134 -1.9588 1.6227 0.91996 0.080894 0.096889 -0.39499 -1.7727 0.6499 -0.14976 0.11593 0.72532 -0.054637
0.58345 -1.5528 1.2256 0.86235 -0.39432 -0.70492 0.24955 -0.28972 0.41627 -0.42587 0.37745 0.21312 0.20059
3.6923 -1.6406 -0.12822 -0.56239 -1.9553 -2.2435 -0.75359 0.018139 -0.12172 -0.63373 -0.11842 -0.18698 -0.38521
4.9395 -2.4825 -1.1944 -0.93981 -2.5774 -2.3909 -0.79956 0.34538 -0.53856 -0.27752 -0.16405 -0.10393 -0.75838
5.3516 -3.1527 -1.4756 -0.72185 -3.1207 -2.1004 -0.85277 0.47385 -0.55493 0.19681 -0.19401 0.14864 -0.47257
5.0727 -3.4997 -1.2958 -0.82187 -3.2799 -2.1597 -1.0807 0.33826 -0.83428 -0.22689 -0.70198 0.00025974 -0.46992
5.2288 -3.6746 -1.3376 -0.61231 -3.0289 -2.0894 -1.2086 0.39754 -0.62123 -0.065991 -0.58535 0.33758 -0.46894
4.7593 -3.7268 -0.54745 -0.48744 -2.2808 -1.9923 -1.4581 0.26599 -0.61862 0.12597 -0.55506 0.95224 -0.14743
2.0741 -2.4789 1.2317 -0.55649 -1.1399 -1.9442 -1.2373 -0.92498 -0.6273 -0.52405 -0.62833 0.48556 0.47372
2.5576 -2.6986 1.0895 0.37881 -0.43241 -1.9796 -2.0416 -0.98777 -0.96614 -0.68801 -0.29923 0.59159 0.3299
2.7155 -2.9141 1.581 0.74196 -1.1948 -1.6576 -1.6984 -1.4798 -0.92279 -0.6455 0.059244 0.63279 0.49729
3.4229 -3.7543 0.70037 -0.58893 -1.6589 -2.4185 -2.4419 -1.0689 -1.1821 -0.37324 -0.75889 0.91078 -0.30294
5.6505 -3.9007 -1.1983 -0.63498 -2.4233 -2.4466 -1.7808 0.73376 -0.60421 0.4967 -0.7062 0.84951 -0.49823
5.7216 -3.3213 -2.0126 -1.1526 -2.5971 -2.152 -1.4024 1.2094 -0.63548 0.088975 -0.59273 0.7854 -0.3333
5.3014 -3.6387 -2.5064 -1.6241 -2.6272 -2.2821 -1.0777 0.57464 -0.84294 -0.26333 -1.1043 0.2411 -0.62092
5.5275 -3.8603 -2.9849 -1.5421 -2.9019 -1.9822 -1.0571 0.30639 -0.74379 -0.47348 -1.4549 0.1168 -0.5744
5.6969 -3.463 -2.4498 -1.3434 -2.1556 -1.3918 -0.87765 0.83237 -0.2997 -0.18741 -1.3908 0.76151 -0.46771
5.3011 -3.2574 -2.2176 -2.0957 -2.02 -1.4464 -0.66779 0.87932 -0.50972 -0.12955 -1.3723 0.50359 -0.30989
5.1959 -2.5458 -2.0582 -1.8042 -2.0427 -1.2708 -0.57686 0.74024 -0.21872 -0.24672 -1.257 0.51821 -0.090202
4.9845 -1.864 -1.5629 -1.9683 -1.7152 -1.5841 -0.76493 0.20802 0.11551 -0.52678 -1.5773 0.20575 0.26339
3.6084 -1.599 -1.028 -1.0296 -1.2609 -1.4895 -0.48224 0.54002 0.044463 -0.40967 -0.89765 0.22195 0.15503
1.0203 -2.005 0.22693 0.041867 -0.17281 -1.0128 -0.18883 -0.18568 0.24332 -0.21129 0.068512 -0.30392 0.011325
0.04878 -2.3152 0.91556 0.12708 -0.48355 -0.42211 0.019141 -0.51772 0.52363 -0.21412 -0.10082 -0.40498 -0.013198
-0.70566 -2.4866 0.6751 -0.70742 -1.0821 -0.58195 0.47302 -0.44792 0.76156 0.13955 0.016571 -0.89196 0.23561
-1.1026 -2.5499 0.47491 -0.54665 -0.17202 -0.20866 0.55874 0.36099 0.64214 0.39067 0.43953 -0.0003413 0.32577
-1.4147 -2.334 0.97192 -0.16509 -0.72062 -0.68995 0.70144 0.48612 0.53063 0.17373 0.71021 -0.50086 0.31833
-2.0312 -2.8249 0.42156 -0.19738 -0.10173 -0.39011 0.092119 0.10176 0.33265 0.54464 0.60425 -0.22759 0.12372
-2.1132 -3.0561 0.14292 -0.37014 -0.33035 -0.46898 -0.23322 -0.46752 -0.20688 -0.086892 0.25218 -0.084285 -0.13794
-0.41678 -2.7715 0.87248 0.65518 0.74081 0.33523 -0.17981 -0.35118 -0.24071 -0.59846 -0.32769 0.32114 -0.23538
1.2829 -1.6463 1.8678 0.99074 0.3603 0.4192 -0.11417 -0.46499 0.62268 -0.58184 -0.44765 0.3358 -0.23377
4.0706 -0.92513 -1.3785 -1.3572 -1.0596 -0.78406 -0.77612 0.026124 0.39731 -0.14189 -0.84642 0.30923 0.27534
4.6643 -1.5016 -1.5902 -2.6566 -1.2371 -0.7848 -0.87039 0.23878 0.5071 -0.090976 -1.1398 0.16941 0.17015
4.7481 -1.9493 -1.6846 -3.4503 -1.92 -0.37015 -1.0253 -0.1559 0.31374 -0.075736 -1.6289 -0.16621 0.2565
4.6385 -2.8573 -1.5258 -3.4849 -2.2956 -0.36706 -1.5043 -0.0079458 -0.34182 -0.18492 -1.8695 -0.16294 0.090868
4.5605 -3.0528 -1.3276 -3.1991 -1.6748 -0.60975 -1.3302 0.23343 -0.1841 0.040506 -1.6154 0.035524 0.33818
4.5947 -3.4224 -1.7649 -3.4531 -1.5695 -0.83496 -1.6292 0.27064 -0.26651 -0.024971 -1.9656 -0.40081 0.32108
4.3588 -3.714 -2.0795 -2.8518 -1.6284 -0.6532 -1.1261 0.014027 -0.013834 0.16507 -1.8965 -0.17794 0.24799
3.9185 -3.7242 -2.1565 -2.7576 -1.4476 -0.5624 -0.97826 0.19886 0.089897 0.037287 -1.629 -0.11205 0.29442
3.7545 -3.4213 -2.0302 -2.8732 -1.4687 -0.56233 -0.83072 -0.0011004 0.26766 0.15915 -1.858 0.059953 0.31836
2.7863 -2.3915 -2.2424 -3.3118 -0.15345 -0.63869 -0.45226 -0.10888 0.25707 -0.32881 -1.3414 0.017462 0.21127
1.6283 -4.3725 -2.3947 -3.4128 -0.49356 -0.40558 0.34864 0.99232 1.2812 0.22932 -0.99216 0.21372 1.31
