2.0076 -4.0372 1.0608 -0.3823 0.1458 0.067674 0.27756 0.73714 -0.4584 0.30857 -0.08906 0.89926 -0.61578
-0.81035 -1.3578 1.4481 0.41689 0.13663 -0.50089 -0.4179 -0.90631 1.1211 -0.14705 -0.60889 0.34688 -0.26617
1.2948 -1.3629 1.7835 0.68093 -0.20069 -1.9166 -0.52789 -0.043258 0.16944 -0.91306 -0.32285 -0.29386 -0.58401
2.0256 -1.5328 1.9635 0.22928 -0.38567 -2.1333 -1.4761 -0.01359 0.63693 -0.69904 -0.20473 0.43375 -1.3192
2.2178 -1.4993 1.6378 0.25147 -1.1895 -2.4185 -1.3576 -0.24073 0.30723 -0.7258 -0.25247 -0.069448 -1.1231
2.5456 -1.6431 1.8352 -0.55515 -1.0908 -2.8221 -1.7389 -0.2272 0.11937 -0.58358 -0.57151 -0.47311 -0.95803
2.9999 -2.0316 1.9871 -0.9673 -1.0274 -2.8108 -1.3529 0.10852 -0.021397 -0.60674 -0.44103 -0.013412 -1.1341
3.2614 -1.9054 1.7337 -1.3182 -1.0284 -2.8611 -0.91818 0.049102 -0.15655 -0.69709 -0.48515 0.4554 -1.3111
2.9695 -1.192 0.94524 -1.2404 -1.321 -3.245 -0.69037 -0.28921 0.034185 -1.2924 -0.77922 0.41507 -1.0185
3.1284 -1.0345 0.77285 -0.87245 -1.5528 -2.6428 -0.78864 -0.12817 0.58561 -1.2649 -0.60111 0.5263 -0.54171
3.6803 -1.037 0.65343 -1.8101 -1.7694 -2.7664 -0.71812 -0.83402 0.45393 -0.91772 -0.53062 -0.22604 -1.0321
4.0767 -1.1278 0.52065 -1.6578 -2.03 -2.8006 -1.1053 -0.55115 0.57129 -0.80744 -0.52828 -0.39197 -1.6383
4.4528 -1.2809 0.46641 -2.0965 -1.789 -2.6998 -1.2057 0.12295 0.65355 -1.1066 -0.64066 -0.38312 -1.3118
4.5124 -1.1601 0.39917 -2.5756 -1.8856 -3.1773 -0.88734 0.08091 0.37274 -1.2783 -0.95993 -0.25204 -1.5467
4.4153 -0.90901 0.31737 -2.3721 -1.3924 -3.0725 -0.6948 0.337 0.46258 -1.1718 -0.76769 -0.4924 -1.0313
4.2931 -1.3929 -0.15048 -2.2975 -0.85504 -2.7702 -0.69774 0.29718 -0.17984 -0.28243 -1.3003 -0.22729 -1.2827
3.7993 -0.35027 0.22879 -2.0815 -0.97154 -2.3775 -0.70678 -0.27862 0.54403 -1.2336 -0.59037 -0.064294 -0.81292
1.5378 -0.88304 2.1152 -1.2376 -1.2483 -1.8035 -0.50603 -0.60364 0.4099 -0.48505 -0.22183 -0.021286 -0.6645
-0.79167 -2.2765 1.0982 -0.16682 -0.84971 -1.1733 0.11943 -0.0043396 0.89002 0.32846 0.63039 -0.58925 0.05842
-0.091516 -2.1432 1.1431 -0.88863 -1.4485 -2.1006 -0.014605 0.12179 1.1578 0.36652 0.62813 -0.75465 0.98117
-0.88998 -2.6097 0.79413 -0.47119 -1.3169 -1.5152 -0.5327 -0.7022 0.68653 0.082204 0.28672 -0.26003 0.59774
-1.2973 -2.6723 0.65898 -1.0289 -1.6549 -1.5033 0.27621 -0.35216 0.22737 0.37709 1.1817 -0.7511 0.68466
-2.8309 -2.3874 1.015 0.18617 -0.58821 -0.60065 0.081425 -0.32599 0.47156 0.25713 0.69555 -0.039678 0.33683
-2.2816 -3.7707 0.12409 -0.81722 0.057125 -0.33892 0.18707 0.38601 0.24203 0.71886 0.46138 0.24486 0.20183
0.61613 -4.3574 -0.40324 -1.5532 -0.036582 -0.69288 0.40873 1.1572 0.54346 1.415 0.74212 0.70215 -0.032521
-0.57382 -2.796 1.2327 -0.14381 0.92233 -0.26656 -0.17045 0.70462 1.1375 0.99533 -0.1772 0.51648 -0.027007
-1.0487 -2.4925 1.254 1.0878 0.2124 0.65875 0.57189 0.34977 2.0161 0.71195 -0.072365 0.59068 0.25107
