-0.33599 -3.1889 0.53546 -1.4904 -2.1054 -0.53308 0.41426 -0.41369 0.54223 -0.34179 0.57487 -0.0063897 0.051403
2.0099 -1.1486 1.2478 -0.65282 -1.1541 -1.6551 0.070048 -0.25673 0.2547 -0.91244 -0.086486 -0.5536 -0.24538
4.1759 -1.6151 -0.0094465 -1.1381 -1.1672 -1.6604 -0.12676 0.57528 0.56374 -0.24848 -0.47911 -0.31676 -0.11423
3.9745 -1.0717 0.46635 -1.3021 -1.1005 -2.0222 -0.14409 0.54835 0.50785 -0.47393 -0.1012 -0.39517 -0.13611
3.9819 -1.2621 0.46619 -1.0145 -1.2685 -1.9799 -0.11996 0.32679 0.9564 -0.55329 -0.38437 -0.34405 -0.053443
4.268 -1.6952 0.030391 -0.7994 -1.2726 -1.9576 -0.40201 0.76168 0.3568 -0.39078 -0.64793 -0.31592 0.055933
4.0145 -0.89478 -0.014645 -0.78695 -0.85313 -2.1881 -0.36192 0.51428 0.77433 -0.54518 -0.2109 -0.49814 0.11899
3.821 -0.57576 0.12634 -0.37266 -1.0403 -2.1318 -0.53489 0.10774 1.1591 -0.71237 -0.30471 -0.238 -0.15568
2.3564 -1.0069 1.5568 0.72189 -0.79646 -1.6049 -0.72876 -1.1087 1.1003 -0.84573 -0.37814 0.0089884 0.077347
2.4912 -1.5547 1.7576 0.86475 -0.012385 -0.68076 -0.94223 -1.9308 0.60077 -0.44314 -0.47054 0.35886 -0.20391
2.5715 -1.5202 1.964 0.96939 -0.26358 -0.81758 -0.84928 -1.8634 0.76034 -0.75719 -0.43006 0.21102 -0.032453
3.5797 -0.81359 0.30067 -0.031102 -0.62673 -1.9125 -0.74702 -0.66428 0.13369 -0.36521 -0.13142 -0.024948 0.40724
4.4666 -0.46586 0.22791 -0.90778 -1.3682 -2.3842 -0.27137 0.33388 0.62098 -0.69761 -0.12851 -0.3156 0.055607
5.0215 -1.0785 -0.27581 -1.0069 -1.6197 -2.1401 -0.14961 0.69066 0.49926 -0.67195 -0.51739 -0.40094 -0.28433
4.8325 -0.67139 0.72701 -1.989 -1.075 -2.3917 -0.24273 1.149 0.30593 -0.59558 -0.77703 -0.3544 -0.075443
4.599 -0.73701 0.62901 -1.6694 -1.191 -2.3011 -0.38942 1.1676 0.29884 -0.54088 -0.8844 -0.48793 0.1837
4.9705 -1.9667 -0.19225 -1.017 -1.5777 -1.8436 -0.42748 0.67374 0.68327 -0.60074 -0.94399 -0.34864 0.051645
4.5251 -0.62548 0.5835 -1.9528 -0.8864 -2.2438 -0.7851 0.85818 0.48399 -0.40999 -0.80465 -0.51155 0.34848
4.1013 -0.42197 0.63072 -1.5205 -1.2143 -2.0122 -0.78939 -0.042862 1.0712 -0.50328 -0.66968 -0.21902 0.44487
3.1792 -0.31895 0.70764 -0.84592 -0.70542 -1.5521 -0.9298 -0.94868 1.0767 -0.47044 -0.33055 -0.079963 0.63476
0.0033716 -1.2426 1.1652 -0.093373 -0.17015 -0.53292 0.18909 -0.88168 0.28308 -0.56825 -0.30335 -0.33263 0.19294
-4.347 -2.4854 0.70308 0.36505 0.69874 0.49451 0.48143 0.3519 0.50965 0.51007 0.60745 0.56128 0.24116
-3.3308 -2.7016 0.47472 -0.048447 0.19145 -0.059806 0.089108 -0.11807 -0.058446 0.36369 0.93283 0.50121 0.12201
-4.4969 -2.6141 0.48727 -0.29776 -0.05853 0.11024 1.2423 1.0445 0.23946 0.40739 0.9617 -0.093221 0.70988
-5.4525 -2.4049 0.7013 0.28764 0.59217 0.47079 0.67099 0.56872 0.51403 0.4728 0.52304 0.36949 0.48752
-4.759 -2.6888 0.41558 0.039768 0.35317 0.2039 0.30132 0.21891 0.26006 0.22463 0.25913 0.24699 0.28197
-1.6075 -5.2362 0.4571 -0.83392 -0.31265 -0.23835 -0.15625 0.048837 0.28367 0.32949 0.28124 0.20361 0.31816
1.5331 -4.4055 -0.10763 -1.3777 -0.67143 -1.4281 -0.66582 1.0363 0.23139 0.3142 -0.06276 0.17602 0.30549
1.9487 -1.0723 0.81799 -0.98585 -0.91714 -0.58274 -0.53488 -0.87252 0.59539 -0.76403 -1.0842 -0.3987 -0.14759
4.0513 -0.58499 -0.19982 -2.0373 -0.58002 -1.358 -0.59753 -0.39318 0.64838 -0.062649 -0.86371 -0.67934 0.18921
4.4633 -0.53184 0.26676 -2.6346 -0.79334 -1.4976 -0.28704 0.22831 0.73787 -0.073571 -1.1089 -0.9632 0.42368
4.4354 -0.24487 0.25637 -2.825 -0.84026 -1.359 -0.30822 -0.071031 0.85147 -0.2581 -0.88225 -1.1302 0.20087
4.4601 -0.14403 0.2056 -3.0164 -0.56195 -1.3725 -0.12237 -0.17432 0.78705 -0.020217 -0.97295 -1.1334 0.060784
4.5218 -0.44724 -0.12914 -2.7168 -0.68856 -1.1447 0.0064502 -0.30489 0.79674 0.10543 -0.98383 -1.049 -0.060887
4.425 -0.45765 -0.1797 -3.0336 -0.65228 -0.8844 -0.092622 -0.44288 0.95499 -0.013568 -0.98475 -1.0307 0.020033
4.4377 -0.83519 -0.54337 -3.2646 -0.66454 -0.78496 -0.13761 -0.32973 0.73907 0.046075 -1.007 -1.1597 0.1233
4.1493 -1.5786 -1.4205 -3.278 -0.37273 0.011534 -0.16795 -0.31604 0.80625 0.17531 -1.5547 -0.57553 -0.30651
3.9276 -2.1619 -0.8825 -2.7694 -0.75873 -0.62881 -0.34589 -0.42802 0.6874 -0.34867 -1.189 -1.1914 0.13592
2.6014 -2.5501 -0.41937 -2.4109 -0.83833 -0.43478 1.0253 -0.25894 0.53589 -0.30969 -0.83748 -1.8689 -0.0051645
-0.49511 -2.236 0.8922 -0.44468 -0.66493 -0.59959 0.39531 -0.20375 0.27973 -0.27405 -0.16027 -0.76403 0.38453
0.48739 -3.5261 -0.50972 -1.7753 -0.77673 -0.70941 0.39065 0.15924 0.1947 -0.26728 -0.74029 -1.3465 0.23933
