0.70539 -1.6025 0.9404 0.34546 -0.00021547 -0.79162 -0.76719 -0.1972 0.40812 -0.37984 -0.37769 -0.55896 -0.8621
2.3912 -1.0534 -0.046531 -0.52348 -1.0844 -0.84862 -0.60019 -0.11262 0.68786 -0.46795 -0.078221 -0.46767 -0.62505
2.8528 -1.392 -0.49309 -0.18212 -1.2744 -0.96908 -0.77998 -0.13134 1.1377 -0.31242 -0.54454 -0.2964 -0.86735
2.9322 -1.2401 -0.67465 -0.062803 -1.1081 -0.93933 -0.80759 0.15176 0.90095 -0.54421 0.05702 -0.29852 -0.76174
3.0586 -1.0836 -0.95557 0.031104 -1.2144 -0.90026 -0.84992 0.45916 0.91875 -0.66074 0.31513 -0.55649 -0.58873
3.1972 -1.4897 -0.94786 0.078195 -1.155 -1.1959 -0.71835 0.3478 0.6965 -0.73925 0.49868 -0.32377 -0.71751
3.0883 -1.269 -0.77516 0.34094 -1.1383 -1.4663 -0.97345 0.3045 0.70947 -0.65096 0.71252 -0.42092 -0.55501
2.3071 -1.6235 -0.10929 0.56101 -0.89762 -1.6384 -0.4534 0.0070703 0.62733 -0.41821 0.44094 0.10386 -0.51865
1.91 -1.7587 0.51696 1.2826 -0.28881 -1.3256 -0.88474 -1.0455 0.55038 -0.43333 -0.15254 0.69153 0.089472
1.7775 -1.6256 0.49705 1.6967 -0.30905 -0.94708 -1.4325 -1.5765 0.95132 -0.7068 0.16396 0.33807 0.10532
1.9396 -1.5649 0.11986 1.0286 -0.085298 -0.94863 -1.0757 -1.1414 0.50782 -0.50957 0.10504 0.42875 0.018557
2.9951 -1.1507 -0.94349 0.59802 -1.1589 -1.1557 -0.97151 -0.42952 0.92734 -0.37528 0.1109 0.25812 -0.10952
3.7722 -1.4018 -1.2079 0.72936 -1.789 -1.0773 -0.42593 -0.09898 1.2404 -0.66957 0.034389 -0.17895 -0.47961
4.0187 -1.1805 -1.7898 0.041944 -1.7864 -0.94428 -0.50627 0.27963 1.1054 -0.79531 -0.37364 -0.26963 -0.84434
4.1116 -1.6091 -1.7738 0.2386 -1.782 -0.87614 -0.58232 0.83897 0.91067 -0.71287 -0.43108 -0.61021 -0.94522
4.0437 -1.5917 -1.8364 0.073482 -1.6977 -0.93036 -0.43277 0.52844 1.0774 -0.94305 -0.40216 -0.45427 -0.85424
4.1736 -1.5667 -1.9796 -0.46896 -1.528 -0.85933 -0.71184 0.40456 0.96891 -1.0781 -0.62383 -0.30252 -0.90648
4.1684 -1.2308 -1.9555 -0.36304 -1.5516 -0.9641 -1.005 0.53462 1.196 -1.0971 -0.68731 -0.38009 -0.82552
4.0283 -1.2183 -1.6633 -0.48522 -1.9179 -1.0515 -0.84346 0.26449 0.9382 -1.3622 -0.55549 -0.4344 -0.89446
3.5413 -0.73932 -1.1057 -1.37 -1.3671 -0.85618 -0.81175 -0.27595 0.75318 -1.2104 -0.58284 -0.33633 -1.0068
2.7499 -1.1868 -1.1066 -0.52177 -0.85988 -0.62254 -0.70692 -0.36963 0.59858 -0.94786 -0.6026 -0.18043 -0.87667
0.35542 -1.0755 1.0374 -0.15252 0.096005 -0.48084 0.24814 -0.15031 0.37917 -0.90364 -0.36999 -0.20282 -0.17303
-1.0808 -2.4302 1.4127 0.46466 -0.85278 -0.60803 0.73031 0.67244 1.7089 0.22371 -0.16185 -0.99843 0.18622
-1.7405 -2.5754 0.92843 0.25095 0.10676 -0.053358 0.60391 0.88059 1.3292 0.3514 -0.32368 -0.5372 0.050238
-2.7308 -2.4964 0.93931 0.14201 -0.1711 0.15459 1.1322 0.70818 0.28451 -0.36963 -0.20501 -0.84416 -0.080808
-2.2489 -3.6132 0.77201 -0.26783 0.15844 0.25089 0.53015 0.69329 0.37269 0.30561 -0.29453 -0.79016 -0.54267
-1.9429 -2.9457 0.20273 0.10204 0.10337 0.1668 0.42067 0.34693 0.57097 0.029808 -0.52243 -0.51118 -0.7607
-2.541 -3.1155 0.76621 -0.051295 -0.68351 -0.3545 0.12994 -0.56191 0.2577 -0.10106 -0.28917 -0.76736 -1.0673
-2.61 -3.2542 1.1258 0.29064 0.10209 0.10598 0.40996 0.026824 0.39758 0.0759 -0.17764 -0.34346 -0.77534
-1.5006 -5.1118 1.7969 0.67251 0.70168 -0.19404 -0.47044 0.29415 0.45534 -0.047407 -0.15766 0.69374 0.23475
-1.3528 -4.2514 0.30517 -0.16327 0.73149 0.31478 -0.2155 1.0013 0.62619 0.77083 0.083986 0.38455 0.12933
-1.0123 -2.0047 1.2183 0.17944 -0.14032 0.20689 1.098 0.49012 0.74523 -0.20375 -0.10519 -0.33396 0.4046
2.5238 0.19233 -0.16244 -1.8796 -0.72157 0.12069 -0.22606 -0.63922 1.0149 -0.64658 -0.21011 -0.7606 -0.41129
3.7567 -0.41054 -1.3795 -2.1429 -1.1726 0.38863 -0.74271 -1.0117 1.3266 -0.68191 -0.31506 -0.65512 -0.5584
3.8793 -0.63806 -1.679 -2.7311 -1.2137 0.66795 -1.0029 -1.0503 0.89006 -0.71873 -0.52652 -0.80591 -0.61988
3.8864 -0.88501 -1.8471 -3.239 -1.5236 0.47507 -0.84679 -1.377 0.39605 -0.67315 -0.89531 -1.1337 -0.61034
3.5563 -0.71212 -1.3057 -3.4227 -1.4998 0.66708 -0.523 -1.3327 0.34646 -0.47478 -0.793 -1.0776 -0.55881
2.9731 -0.31056 -1.1099 -3.328 -0.88679 0.33961 -0.35653 -1.2385 0.25652 -0.30591 -0.91989 -0.94254 -0.89298
2.1904 -0.70068 -0.67633 -2.7928 -0.47268 -0.059294 0.014665 -0.92357 -0.077353 -0.145 -0.65269 -1.1623 -0.76518
0.78811 -0.95867 0.62969 -1.9243 -0.59459 -0.051758 0.92352 -0.9737 0.26661 -0.34875 -0.56926 -1.0879 -0.47509
