-0.22626 -4.149 -0.27123 0.0064073 -1.934 -0.41792 1.1906 0.22625 0.43701 0.2243 1.2934 -0.051202 -0.0025139
-0.88665 -1.643 0.94636 -0.50349 -0.61457 -0.78826 -0.0082518 -0.77685 -0.049045 -0.90169 -0.03199 -0.12118 -0.50036
0.47126 -1.3519 0.68528 -1.3832 -1.2962 -1.0107 0.2062 -0.70633 -0.24421 -0.71798 0.35001 -0.76403 -0.61561
0.61695 -1.0445 0.63123 -1.565 -1.1519 -1.5356 0.25001 -0.72969 0.042426 -0.46889 0.04395 -0.84575 -0.50428
0.70437 -1.4511 0.62829 -1.9126 -1.4852 -1.5512 0.37621 -0.13774 -0.21926 -0.6331 -0.14816 -0.4794 -0.62303
0.90462 -1.3361 0.74972 -2.2596 -1.6297 -1.8082 0.11858 -0.10883 -0.50671 -0.92191 0.070696 -0.84972 -1.0491
0.93165 -1.3733 0.69528 -2.3305 -1.3894 -1.9654 0.15161 -0.21724 -0.29455 -0.52001 -0.47191 -0.58998 -0.70754
0.69841 -0.90686 0.68247 -1.72 -1.7657 -2.3109 0.13766 -0.2541 0.23289 -0.74755 -0.22409 -1.0715 -0.21702
-1.4238 -1.5584 1.3393 -0.40631 -1.4555 -1.0283 0.10842 -0.95915 0.44306 -0.12178 0.49778 -0.34272 -0.13686
-3.3694 -2.5299 0.92078 0.13436 -0.68479 -0.44715 0.23819 -0.57097 0.023438 0.12678 1.0041 0.013403 0.041175
-4.1307 -2.4037 1.0978 0.34268 -0.46527 -0.46668 0.11515 -0.30225 0.65569 0.17628 0.161 -0.49499 0.19699
-1.1543 -2.6516 0.15188 -0.67901 0.13359 0.090759 0.59376 -0.18593 -0.47765 0.058832 0.57069 0.27272 0.22512
0.38782 -1.4236 0.46676 -1.739 -1.123 -1.522 0.026167 -0.54809 0.2041 -1.107 -0.18559 -0.46587 -0.89253
1.4556 -1.3908 0.68456 -2.1003 -1.8743 -1.5607 0.1724 0.098925 0.39125 -0.94919 -0.46732 -0.1156 -0.63427
1.628 -1.383 0.604 -2.4417 -1.657 -1.658 0.30196 0.34952 -0.041557 -0.86184 -0.37689 -0.24546 -0.60702
1.7461 -1.808 0.23463 -2.4012 -1.9129 -1.646 0.61591 0.27002 -0.64442 -0.95395 -0.22334 -0.056512 -0.82125
1.8782 -1.8648 0.28888 -2.5167 -1.7494 -1.5743 0.20602 0.61202 -0.63487 -1.2667 -0.21755 -0.11966 -0.64406
1.9436 -1.6284 0.16994 -2.6241 -1.6606 -1.418 0.35458 0.22345 -0.48924 -1.0932 -0.40009 -0.027472 -0.54121
2.0887 -1.6059 0.51692 -2.9703 -1.4995 -1.6056 0.40582 0.61669 -0.92961 -1.0099 -0.38296 0.067551 -0.71221
2.0333 -1.594 0.14366 -2.9908 -1.9399 -1.8667 0.64059 -0.12948 -0.98487 -1.2081 -0.27028 -0.21617 -1.1775
1.9718 -1.6657 0.93863 -2.9494 -2.0196 -1.0607 0.64217 -0.02353 -0.34642 -1.058 0.13019 -0.37941 -0.92364
1.8392 -1.497 0.32946 -2.7355 -1.6547 -1.0516 0.05541 0.098732 -0.18718 -1.0034 0.08544 -0.43695 -1.0285
1.8839 -2.0156 0.45064 -2.8272 -1.7488 -1.4012 -0.0050029 0.25584 -0.20897 -0.90732 -0.15384 -0.46797 -0.9995
1.0273 -1.7636 0.33276 -2.0312 -1.6649 -1.9452 -0.0088084 -0.41205 0.098186 -0.87526 0.047655 -0.47057 -0.64943
-1.4005 -2.1271 1.1614 -0.27899 -0.98657 -1.198 -0.1196 -0.72087 0.15335 -0.34389 0.51047 -0.029418 0.06809
-3.359 -2.5693 0.85071 0.078125 -0.38201 -0.25541 0.27159 -0.48224 -0.46437 -0.12151 0.84256 0.058918 0.013213
-3.5177 -2.8132 0.4216 0.020674 0.093765 -0.15306 -0.18722 -0.40793 -0.035333 -0.11134 0.03204 0.10923 0.13204
-3.4418 -2.8553 0.37876 -0.34364 -0.18497 -0.3167 0.09295 -0.26454 -0.54168 -0.002455 0.7354 0.017308 -0.17167
-4.2841 -2.5641 0.65826 0.12559 0.20098 0.065619 0.23578 -0.013215 0.13178 0.009507 0.0093883 -0.23131 -0.088948
-4.5285 -2.5792 0.73672 0.009897 -0.014658 -0.046575 0.43037 -0.014592 -0.1793 0.16021 0.79567 0.028588 -0.15102
-4.3752 -2.5487 0.79437 0.20581 0.039871 -0.020795 0.22644 -0.31687 -0.15013 0.13388 0.83501 0.22491 -0.18359
-4.3201 -2.6137 0.58752 0.071307 0.21405 0.12157 0.48099 0.25144 0.16645 0.28046 0.62121 0.14776 0.14292
-4.7581 -2.5206 0.7136 0.18221 0.29974 0.022334 0.1103 -0.14363 0.09453 0.42647 0.901 0.48719 0.128
-1.9603 -3.9213 -0.37031 -1.0569 0.38108 -0.1644 -0.051963 0.39342 -0.13424 0.073929 0.20415 -0.1067 0.16928
-2.8268 -2.8548 0.13131 -0.29904 0.1013 -0.26173 -0.07607 -0.1385 -0.17896 0.056307 0.010846 -0.022252 0.14925
0.092401 -1.4672 -0.28319 -2.0329 -1.0697 -1.7475 -0.39966 -0.94939 0.29944 -1.1183 -0.63351 -0.43653 0.084877
0.71284 -1.7991 -0.027556 -2.6164 -0.85271 -1.2468 0.040575 0.10939 -0.11088 -0.91972 -0.84139 -0.3437 0.0014003
0.61106 -2.0665 0.4506 -2.5787 -0.91918 -0.8592 0.26815 0.081999 -0.056602 -0.82764 -0.92487 0.086936 -0.49539
0.4902 -2.3813 0.45049 -2.5816 -1.2982 -0.99684 -0.20696 -0.46593 -0.62369 -0.68831 -0.99477 -0.24426 -0.36978
0.10005 -2.3134 0.42607 -1.875 -1.1131 -0.91618 0.0033651 -0.76425 -0.25818 -0.86227 -0.58694 -0.62302 -0.74495
-0.25543 -2.2584 0.21331 -1.214 -0.79916 -0.99084 -0.5039 -0.82662 0.027397 -0.71119 -0.73347 -0.75836 -0.25858
-0.51613 -2.2858 0.21503 -1.0037 -0.20853 -0.55375 0.001413 -0.67021 -0.25119 -0.94727 -0.2796 -0.54132 -0.74658
-0.881 -3.2455 0.067881 -0.42165 0.88759 0.35782 -0.48877 -1.0528 -0.98407 -1.2477 -0.25955 0.10044 -1.004
-1.1043 -3.1986 -0.11559 -0.51334 1.2207 0.43131 -1.0243 -0.74726 -0.60125 -0.44755 -0.46796 0.30316 -1.4632
