-0.75948 -1.0887 1.4083 -0.66573 -0.97853 -0.85955 -0.037451 -0.88867 0.1079 -0.87924 -0.44395 -0.51993 -0.55984
0.79153 -1.0261 0.83413 -1.6885 -0.90312 -1.0423 0.19801 -0.1634 -0.21007 -0.79898 0.053284 0.088805 -0.97031
0.78628 -1.4494 1.1891 -1.6229 -1.6968 -0.92531 0.55687 -0.61397 -0.22838 -0.98786 -0.085825 -0.011572 -0.99195
0.56272 -0.94933 0.51706 -1.6785 -1.1982 -0.88776 0.11655 -0.51858 -0.12742 -1.1557 -0.11538 -0.13968 -0.87498
0.48687 -0.90644 0.3941 -1.5817 -1.2202 -1.15 0.23437 -0.72633 -0.45093 -1.0601 -0.22572 -0.38635 -0.57011
0.37712 -0.69728 0.889 -1.7526 -1.0958 -0.89371 0.49552 -0.60161 -0.03151 -1.1514 0.00087838 -0.11102 -0.62005
0.37802 -1.2458 0.74806 -1.6539 -1.5633 -1.0678 0.42889 -0.67456 -0.49592 -0.79047 0.067234 -0.46749 -0.63866
1.1878 -3.4551 1.9237 -1.6561 -1.6576 -0.82926 -0.2696 -0.12476 -0.52389 -0.22943 -0.12193 -0.34996 -0.72551
-0.29709 -1.2151 2.0157 -0.96174 -1.5369 -1.3407 0.12174 -1.1948 0.099273 -0.41231 -0.035308 -0.6302 -0.38533
-1.9568 -1.9714 1.7747 0.66424 -0.35848 -0.1684 -0.25518 -1.6357 0.41265 -0.22734 0.3094 0.29439 -0.76419
-1.4661 -3.7867 2.2325 -0.42249 0.29079 -0.52211 0.475 -0.60394 0.32958 0.07517 -0.22115 -0.13171 -0.70189
-0.84197 -3.0796 2.401 -0.64368 -0.24717 -1.3528 -0.10938 -0.97762 0.11479 0.022842 -0.0084813 -0.18681 -0.81484
-0.89133 -2.129 1.7261 0.42003 -0.92462 -1.2487 -0.60975 -1.4208 0.50316 -0.15561 0.58227 -0.19296 -0.40952
-0.58595 -2.0403 1.8635 0.33052 -0.96925 -0.98324 -0.51543 -1.5243 0.53265 -0.15185 0.17836 -0.047641 -0.37219
0.89499 -2.8361 1.0966 -1.3356 -1.4453 -1.3909 -0.18061 -0.33068 0.11453 0.25733 0.093022 -0.7025 -0.89016
1.2565 -1.7613 0.62785 -2.6036 -1.7063 -1.8183 -0.39868 0.22828 -0.27749 -0.93187 -0.51088 -0.5959 -1.2168
1.3879 -1.6939 0.80169 -2.4876 -1.2451 -1.6273 0.019193 0.5546 -0.46812 -0.47076 -0.45899 -0.4098 -0.75989
1.5569 -1.9229 0.06716 -1.7972 -1.5857 -1.5708 0.36225 0.39516 -0.57414 -0.53517 -0.41578 -0.50936 -0.3199
1.6716 -2.1238 0.18088 -1.9825 -1.8358 -1.5698 0.3288 0.61562 -0.8049 -0.77951 -0.28138 -0.39183 -0.54166
1.6818 -1.8795 0.094152 -2.0495 -1.8989 -1.5009 0.36822 0.60139 -0.56894 -0.82518 -0.22797 -0.32384 -0.62662
1.7366 -1.9187 -0.15728 -1.8022 -2.1174 -1.555 0.71118 0.20021 -0.32316 -0.92505 -0.36226 -0.11828 -0.72157
1.7473 -1.8266 0.052111 -1.8473 -2.131 -1.8154 0.62502 0.57137 -0.99632 -1.0044 -0.30219 -0.094481 -0.74399
1.7068 -1.6523 0.2382 -2.0981 -1.9658 -1.6627 0.30823 0.58913 -0.79313 -1.2037 -0.11081 -0.24175 -0.96526
1.6681 -1.2034 0.28701 -1.9889 -2.421 -1.6011 0.5138 -0.17811 -0.30718 -1.3577 0.10265 -0.5513 -0.72086
1.4826 -0.95131 0.45318 -2.2078 -2.2487 -1.4445 0.34069 -0.51967 -0.14662 -1.0632 -0.14616 -0.54652 -0.71377
0.36236 -0.9907 1.3731 -1.6289 -2.2702 -1.7508 0.017754 -0.58643 0.34775 -1.124 -0.098701 -0.70447 -0.30615
-2.3917 -2.1756 1.0658 -0.18288 -0.75667 -0.31269 0.72998 -0.29062 0.29756 -0.42273 0.00087481 -0.47285 0.3642
-3.275 -2.4573 0.96436 0.47454 -0.12365 -0.16978 -0.086669 -0.35668 0.93559 0.33302 -0.068695 -0.16426 0.057733
-3.2454 -2.6064 0.97542 0.16323 -0.69215 -0.60756 -0.113 -0.83769 -0.065716 0.10986 0.89721 -0.085077 -0.28129
-4.855 -2.6195 0.55155 0.023998 0.078688 0.039357 0.42497 0.20416 0.17692 0.054437 0.15948 -0.23033 0.14754
-4.7849 -2.301 1.165 0.62806 0.084566 0.1949 0.27744 -0.5926 -0.13537 -0.11657 0.84859 0.6068 0.17818
-4.3226 -2.4883 0.71748 0.35387 0.53261 0.37174 0.37229 0.15157 0.32928 0.17254 0.14418 0.025026 -0.19039
-4.1627 -2.7034 0.48464 -0.12351 0.026918 0.081346 0.7672 0.54774 0.14015 0.075261 0.35398 -0.21756 0.37977
-1.9263 -5.3659 -0.64004 0.085562 0.70287 0.79044 0.5131 0.5056 0.0088629 -0.17285 0.025835 0.39019 0.20471
1.469 -5.6024 0.67 -1.553 -0.39752 0.084276 -0.48986 0.50505 -0.25662 -0.1953 -0.20563 0.050715 0.23513
1.5677 -1.0008 -1.0447 -3.255 -0.54525 -1.0917 -0.17462 -0.30625 0.010636 -0.72377 -0.73873 0.1226 -0.20893
2.0642 -2.0361 -1.3074 -3.8163 -0.25412 -0.41637 -0.24349 0.20412 -0.58658 -0.32713 -1.1209 -0.11457 -0.24864
2.0515 -1.8636 -1.0039 -3.8305 -0.028486 -0.046632 -0.1706 0.46537 -0.66719 -0.46644 -0.7006 -0.018714 -0.51286
2.0079 -2.4469 -1.136 -3.732 -0.66315 -0.1007 -0.36117 -0.13059 -0.69428 -0.70916 -0.95688 -0.08193 -0.54493
1.7678 -2.1374 -1.3448 -3.5266 -0.28698 0.035754 -0.65192 0.23836 -0.56407 -1.0003 -0.47491 -0.092241 -0.40742
1.6101 -2.6241 -1.1558 -3.2973 -0.23133 -0.016398 -0.60405 -0.013099 -0.52189 -0.73453 -0.78598 -0.17651 -0.095376
1.2265 -2.6501 -1.1382 -3.0919 0.26583 -0.136 -0.67287 -0.36605 -0.67259 -0.73781 -1.0897 -0.15171 -0.38407
0.55426 -2.3576 -1.0989 -2.5134 0.4118 0.064024 -0.53036 -0.72495 -0.38896 -0.72999 -1.0655 -0.35144 -0.11045
-0.020167 -2.4604 -0.96267 -1.7878 0.52806 0.10268 -0.33614 -0.99023 -0.58254 -0.50353 -1.2218 -0.73391 0.18603
-0.2996 -2.5176 -0.16086 -1.6322 0.31959 -0.073973 -0.53121 -1.3867 -0.47362 -0.47936 -1.221 -0.69031 -0.19532
-0.58222 -2.309 0.46268 -0.79462 0.44524 -0.14766 -0.41958 -1.7787 -0.28584 -0.8856 -0.83424 -0.0092101 -0.76467
