1.1893 -2.5207 1.0115 -1.2811 -1.7676 -1.8214 -0.20394 -0.077601 0.19899 -0.073799 0.15691 -0.46691 -0.51915
2.4218 -2.5772 -0.64859 -1.4457 -2.9117 -2.7283 0.64166 -0.887 0.44389 -0.39791 0.3506 -0.64388 -1.1159
2.6348 -2.8025 -0.38795 -1.3142 -2.4098 -2.1132 0.71056 -0.48659 0.24537 -0.45403 0.3602 -0.6914 -0.89125
2.7997 -2.7213 -0.51323 -1.4547 -2.1151 -2.4357 1.0105 -0.28952 -0.17756 -0.26152 0.28467 -0.53756 -0.73159
2.7468 -2.8053 -0.68571 -1.846 -2.2317 -2.5289 0.86667 -0.22698 -0.31682 -0.33705 0.33977 -0.76444 -0.75135
2.7096 -3.0786 -0.07494 -2.1839 -2.2925 -2.5188 0.94133 -0.3381 -0.58277 -0.55518 0.094729 -1.0025 -0.54034
2.5041 -2.7123 -0.031422 -2.0922 -2.4719 -2.5416 0.77089 -0.35401 -0.67288 -0.42933 0.11643 -0.69423 -0.69206
1.7357 -2.0097 0.39354 -1.4496 -2.4002 -2.2997 0.30265 -0.2168 -0.51573 -0.40112 0.66216 -0.55947 -0.44622
0.4128 -3.0606 1.5079 0.055424 -2.3042 -0.41348 -1.07 -0.44851 0.37591 -0.50504 0.45453 -0.12767 -0.20864
1.0776 -3.1215 2.4878 0.2279 -2.3531 -0.92834 -1.6408 -1.5861 0.26318 -0.84007 0.5836 0.49111 -0.3119
0.48119 -2.6327 2.6537 -0.14599 -2.0426 -1.3757 -1.1721 -2.3813 -0.5229 -0.97346 0.29486 0.69764 -0.80065
1.3018 -2.0578 0.91881 -1.1127 -1.9818 -2.7455 -0.21852 -0.16321 0.06496 -0.92562 0.55993 0.2062 -1.2491
2.4278 -1.8205 -0.14804 -1.944 -2.2262 -2.5597 1.1652 -0.36738 0.045781 -0.01609 -0.074843 -0.24969 -0.8116
2.918 -2.7252 -0.75722 -2.1603 -2.7665 -2.163 0.91855 -0.67997 0.21255 -0.57388 -0.097212 -0.6653 -0.84626
3.1645 -3.1534 -0.61763 -2.2852 -2.4931 -2.0916 1.1891 -0.48993 -0.013601 -0.37808 -0.36301 -0.57333 -0.9071
3.3026 -3.4346 -0.67958 -1.9931 -2.5647 -1.8601 1.3204 -0.71994 0.37161 -0.3329 -0.26018 -0.78943 -1.1609
3.0661 -3.6446 -0.91247 -2.0628 -2.2223 -2.0754 1.4753 -0.68152 0.15512 -0.51457 -0.52955 -0.60329 -1.2698
2.8547 -3.1593 -0.21079 -1.9527 -2.1054 -2.1324 1.4853 -0.28748 0.064495 -0.48438 -0.21351 -0.38635 -0.72032
2.7234 -3.5271 -0.3184 -1.8467 -2.2317 -2.476 1.1539 -0.5301 -0.21236 -0.46186 0.18386 -0.54419 -0.55348
2.6095 -3.365 -0.18023 -2.4105 -2.4546 -2.2282 1.2803 -0.69674 0.15036 -0.58558 0.0028801 -0.65053 -0.73226
2.2375 -2.8434 0.30399 -2.3495 -2.2019 -2.1711 1.1233 -0.23836 -0.14735 -0.4608 -0.28057 -0.78736 -0.71664
1.9779 -2.5346 0.10785 -1.9997 -2.2554 -1.9775 1.2464 -0.52107 0.02366 -0.68405 0.044631 -0.98761 -1.101
1.5244 -2.5278 -0.56876 -2.3278 -2.2774 -2.2394 0.73931 -0.34606 -0.1063 -0.74461 -0.045916 -0.31977 -0.9185
1.1456 -1.708 0.21825 -2.2606 -1.7973 -2.366 0.36002 -0.054686 -0.01191 -1.1458 0.33504 -0.56316 -0.37546
-0.49041 -1.3804 0.90133 -1.2077 -1.6039 -2.0775 0.034532 -0.42222 0.6711 -0.82458 0.19278 -0.3359 0.048604
-2.2664 -2.4119 0.88629 -0.77113 -0.89319 -1.5328 0.0094718 0.33474 0.97026 0.4138 0.23443 -1.0874 0.51292
-2.8736 -2.8695 0.37316 -1.2362 -1.2509 -1.3274 0.51572 0.49909 0.84748 0.79435 1.1601 -0.538 0.94268
-4.1426 -2.6384 0.64456 -0.1423 -0.23454 -0.29056 0.4633 0.35487 0.43503 0.025977 -0.13782 -0.96986 0.14759
-3.8561 -2.8237 0.22506 -0.77045 -0.36497 -0.65116 0.42498 0.58314 0.18051 0.52758 0.85911 -0.36255 0.60364
-3.9282 -2.4782 0.91348 0.19923 -0.39737 -0.26537 0.35418 -0.29201 0.1448 0.19596 0.92078 0.072378 0.27193
-3.8464 -2.8982 0.37049 -0.42558 -0.52552 -0.30025 0.91187 0.61297 0.36608 0.66439 1.3696 -0.028022 0.41364
-4.2901 -2.5909 0.68383 -0.3994 -0.82614 -0.56819 0.92129 0.43649 0.15789 0.36014 1.1938 -0.49882 0.39482
-3.9201 -2.7251 0.7574 -0.36345 -1.2877 -1.0109 0.51533 -0.08738 0.11436 0.3726 1.424 -0.31268 0.61679
-3.8347 -2.8617 0.69712 0.060857 -0.14696 -0.49178 0.0604 -0.3817 0.076319 0.70772 1.5555 0.17846 -0.043016
-4.2114 -3.8197 0.96933 0.0054058 -0.2727 -0.23769 0.2942 0.065758 0.12734 0.73397 1.2188 0.59001 0.38915
-0.38699 -6.9744 0.23335 -0.27457 0.59202 0.43948 0.3788 0.092748 0.85003 1.5617 1.4388 0.70323 0.11894
-1.0905 -1.4478 -1.1571 -2.7041 -1.0676 -1.5035 -0.12169 -0.41093 0.048405 -1.1764 -0.51718 0.25252 0.53432
1.7531 -2.2806 -2.1668 -3.598 -0.58617 -1.3329 -0.28583 0.29848 -0.33103 -0.90616 -0.073874 0.80487 -0.81267
1.7311 -3.3342 -2.0406 -3.4909 -0.19569 -0.70456 -0.41825 -0.15882 -0.12446 -1.1782 -0.011225 0.64145 -0.57311
1.6069 -3.3512 -2.1698 -3.3957 0.29001 -0.85697 -0.36824 -0.12482 -0.21198 -0.99399 -0.24363 0.73944 -0.5059
1.4445 -2.6665 -2.0947 -3.6968 0.5196 -0.91013 -0.30761 -0.32377 -0.56855 -0.64511 -0.5743 1.0184 -0.52471
1.1362 -2.8607 -2.1857 -3.4759 -0.36833 -0.89956 -0.60755 -0.65722 -0.35289 -1.3382 -0.45121 0.73484 -0.37209
0.8039 -2.5895 -2.0081 -3.4712 -0.1723 -0.76693 -0.79141 -0.3309 -0.32562 -1.0405 -0.32648 0.67434 -0.095506
0.73549 -2.7437 -1.6099 -3.1555 -0.1888 -0.20237 -0.8233 -0.056427 -0.047793 -0.7092 -0.26784 0.7227 -0.25082
0.87689 -2.8855 -2.123 -3.1203 -0.15514 -0.54862 -0.75136 -0.36968 0.044715 -0.74366 0.004252 0.40021 -0.32876
0.87218 -2.8613 -2.4903 -3.3165 -0.40464 -0.55629 -1.092 -0.13332 0.63593 -0.72696 -0.49752 0.50257 -0.28282
0.78898 -3.2996 -2.3218 -3.0284 -0.21311 -0.58745 -0.89148 0.11434 0.8891 0.081215 -0.51941 0.23054 0.066671
