-0.11562 -3.3844 0.4355 0.45736 -0.57951 -0.78307 -0.021124 0.053726 0.88913 -0.023105 -0.56638 0.96294 -0.59454
2.5931 -2.8562 0.59558 0.34927 -0.96238 -0.5132 -0.99627 0.75228 0.50148 -0.52904 -0.53771 0.47694 -0.74648
4.4031 -2.9529 -0.58527 0.32749 -2.0948 -0.42268 -1.3583 1.3786 0.29002 -0.15953 -0.77739 0.19104 -0.57587
4.3245 -3.2985 -0.25106 0.30211 -1.7511 -0.38016 -1.2388 1.0347 0.44987 -0.27653 -0.71837 0.22934 -0.5303
3.7456 -2.6426 -0.22552 -0.51577 -1.1652 -0.906 -0.52087 0.62966 0.52543 -0.35419 -0.45471 0.37737 -0.68821
3.382 -2.3782 0.13699 -0.13786 -0.91055 -1.204 -0.72992 0.84622 0.77795 -0.31567 -0.35156 0.1529 -0.67724
3.2534 -2.4224 0.41811 -0.38911 -0.99381 -1.0748 -0.56206 0.87207 0.92781 -0.41236 -0.34897 0.26511 -0.5146
3.0639 -1.7402 0.11231 -0.41007 -0.59943 -1.3335 -0.87471 0.83413 0.79518 -0.25013 -0.069273 -0.0014496 -0.17719
2.752 -1.6529 0.67538 -0.40927 -0.54966 -1.3549 -1.1051 0.57526 0.53449 -0.25741 -0.077871 0.11992 -0.24547
0.84932 -1.6454 1.5761 0.22299 -0.23411 -0.82393 -0.91015 0.81822 1.7255 -0.088011 -0.37019 0.30643 -0.68873
0.27108 -1.8541 1.5821 1.1533 -0.074743 -0.64338 -0.83859 -0.80898 0.60475 -0.15605 0.45548 -0.042464 -0.050437
1.0289 -3.0297 2.8538 0.8788 -0.22568 -0.44144 -1.2789 -0.61755 -0.12419 0.058824 0.23548 0.14961 0.1883
0.92582 -2.4065 1.7873 1.3233 -0.24095 -0.39053 -1.7797 -0.33007 0.23478 -0.35248 0.0048317 -0.34508 0.47441
2.6099 -2.3222 0.84299 0.2443 -1.1384 -1.0612 -1.3597 0.13096 0.56404 -0.27989 -0.096039 -0.23914 0.1099
3.8615 -3.0572 0.10267 0.25546 -1.6093 -0.88965 -1.62 0.6485 0.61576 -0.59435 -0.46767 -0.2733 -0.24032
4.6 -3.6999 -0.051507 -0.015303 -1.4437 -0.57706 -1.5924 1.0677 0.35686 -0.14952 -1.0087 -0.18718 -0.4006
4.8623 -3.8188 -0.22243 -0.16865 -1.3252 -0.58193 -1.7421 1.1314 0.27064 -0.11454 -1.042 -0.38451 -0.2632
4.6143 -3.3338 -0.19084 -0.58676 -1.1952 -0.94088 -1.8345 0.94168 0.48552 -0.37808 -1.1478 -0.43112 -0.047512
4.3959 -3.341 0.040716 -0.91969 -1.0373 -0.75654 -1.8154 0.5733 0.37611 -0.033386 -1.361 -0.3823 -0.15434
4.094 -3.047 0.10614 -1.0015 -1.1184 -0.761 -1.931 0.54166 0.25127 0.14657 -1.5817 -0.34045 -0.16398
3.328 -2.1854 0.21562 -1.2258 -0.87524 -1.1383 -1.7984 -0.11038 0.48713 -0.031347 -1.2623 -0.34686 -0.38474
2.1517 -1.2786 0.8348 -1.025 -0.5605 -1.1481 -1.5246 -0.031048 0.6456 0.12216 -0.95193 -0.28858 -0.15398
-0.87305 -1.923 1.5459 0.78579 -0.50978 -0.35546 -0.032373 -0.89792 0.76875 -0.32781 0.081339 0.077091 -0.087031
-2.3307 -2.6775 0.68981 0.26695 0.2227 -0.25625 -0.5029 -0.6776 0.56845 0.4181 0.31665 0.39837 -0.04027
-3.05 -2.7505 0.69738 0.028405 -0.50193 -0.30909 0.31462 -0.47887 -0.17608 -0.12542 0.7754 -0.16962 -0.43449
-3.6593 -2.6873 0.54878 0.17098 0.33406 0.22611 0.43117 0.30603 0.53436 0.39184 0.44634 0.22355 0.056202
-3.6567 -2.6467 0.6773 0.28168 0.36191 0.41608 0.65863 0.39981 0.51528 0.1095 -0.013592 -0.23366 -0.31839
-1.4705 -5.2922 0.2096 0.43401 -0.15229 0.1245 -0.17975 0.45565 0.23074 0.46501 -0.2823 -0.53001 -0.80658
1.4868 -4.3004 0.34024 -0.28246 -0.85903 -0.29662 -0.21707 0.35472 0.11821 0.60457 0.27567 0.084228 -0.47768
0.10083 -1.443 1.034 -0.8536 -0.58939 -0.83571 -0.23887 -0.82985 0.084754 -0.4133 -0.2943 -0.59703 -0.98127
2.8734 -1.3047 -0.078566 -1.9616 -0.90843 -0.65166 -1.1167 0.040436 0.86875 0.075177 -1.1017 -0.92046 -0.41675
2.894 -1.1427 -0.36544 -1.9233 -0.95512 -0.87651 -1.0849 -0.16646 1.0139 -0.14391 -1.1865 -1.1559 -0.70438
3.0742 -1.0717 -0.30765 -2.7235 -0.14456 -1.4809 -0.72634 0.20154 0.75912 -0.24889 -1.063 -1.265 -0.22959
3.0269 -0.9393 -0.85141 -2.8838 -0.93478 -1.0243 -0.39455 -0.42558 0.62627 -0.3807 -1.1149 -1.541 -0.48872
2.4832 -0.89807 -0.36336 -2.7002 -1.0477 -1.1106 0.20907 -0.16201 0.11556 -0.68565 -0.98761 -1.3628 -0.035688
1.5752 -1.0184 -0.0058448 -2.0572 -0.49454 -0.8264 0.2771 -0.24706 0.6706 -0.72822 -0.92927 -0.94063 -0.0574
1.0176 -1.7793 -0.43211 -2.0619 -0.028986 -0.13862 0.06235 -0.62415 0.37531 -0.45917 -0.93183 -0.50586 0.23724
