1.8412 -3.5599 -0.58993 -2.3385 -2.0764 -2.1989 0.70248 0.3094 0.11035 -0.059135 0.98575 -1.3426 -0.23618
2.2279 -5.0321 -1.521 -2.2856 -1.8746 -1.6768 0.79955 0.90407 0.12584 -0.14236 0.425 -0.9359 -0.47832
3.0956 -6.2448 -1.2784 -2.2967 -1.8275 -1.3726 0.83394 0.98413 -0.31738 -0.18269 0.091937 -1.0966 -0.36257
3.748 -7.1195 -1.3642 -2.6583 -2.1672 -1.8686 0.37176 0.64538 -0.59282 -0.38646 0.3027 -0.94025 -0.40749
3.8081 -7.1928 -0.65237 -2.3881 -2.1216 -1.7873 0.35851 0.75042 -0.57752 -0.039568 0.5449 -1.0379 0.044261
4.1615 -6.7233 -0.19925 -2.1039 -1.851 -1.9431 0.66633 0.80221 -0.036109 0.10776 0.50394 -0.8348 -0.53673
3.3563 -6.2978 -0.048286 -1.7031 -1.4208 -2.7622 -0.041118 0.13734 -0.01701 0.63012 0.97808 -0.67869 -0.34894
0.34292 -5.5148 -0.11202 -0.75905 -0.47533 -1.7509 -0.27899 -0.68937 -0.96376 0.53902 0.47706 -0.48566 -0.57519
1.4487 -5.98 0.28559 -0.41429 -1.2596 -1.4826 -0.7976 -0.43489 0.057696 -0.26939 0.75488 -0.22594 -0.82421
3.0475 -6.4705 0.8139 -1.0995 -1.9345 -1.4112 -0.27978 -0.029711 -0.27987 -0.83481 0.62597 -0.48488 -1.0985
4.4978 -6.93 -0.25516 -2.1276 -2.4943 -2.1655 0.14376 0.19176 0.19109 -0.094814 -0.071633 -1.3667 -1.1316
5.161 -7.6824 -0.073317 -2.3674 -2.6028 -1.7605 0.69829 0.45475 0.22574 0.0005146 -0.078382 -0.85149 -0.59665
4.9794 -7.5353 -0.18408 -2.2919 -2.6845 -1.1454 0.80645 0.47217 -0.097105 -0.0794 -0.16664 -0.71431 -0.30993
5.0657 -7.6117 -0.22217 -2.2154 -2.279 -0.93008 0.74579 0.56323 -0.12572 -0.17387 -0.33264 -0.70264 -0.055578
5.3328 -8.3607 -1.0823 -2.7077 -2.7157 -1.5675 0.39668 0.044276 -0.33983 -0.44399 -0.44902 -0.51523 -0.10653
5.434 -7.9272 -0.48697 -2.0683 -2.1458 -0.71162 1.1718 0.26712 -0.25866 -0.093262 -0.16862 -0.58494 -0.17065
5.3944 -8.3967 -1.7399 -2.8705 -2.5488 -1.0454 0.84595 0.28125 -0.51367 -0.19872 -0.078089 -0.36777 0.15737
5.2625 -8.2456 -1.5344 -2.3379 -1.9699 -1.0092 0.99609 0.51166 -0.45554 -0.23569 -0.18296 -0.46917 0.062742
5.1235 -8.2515 -1.8814 -2.375 -1.8255 -1.0391 0.94608 0.62787 -0.57077 -0.33219 -0.019291 -0.52296 0.021941
4.8015 -7.6446 -1.6691 -2.4265 -1.5793 -1.0053 0.64857 0.62374 -0.35775 -0.38281 -0.036769 -0.35074 -0.10642
4.3202 -7.175 -2.0346 -2.6421 -1.9472 -1.9186 0.25216 0.53231 -0.5005 -0.23248 0.089786 -0.35945 -0.33863
3.2335 -5.4319 -1.5096 -2.1872 -1.8151 -2.4645 -0.55238 0.58784 -0.035199 -0.34146 0.90415 -0.7714 -1.0262
-0.52914 -3.4585 -0.15554 -1.6719 -1.1599 -1.6221 -0.084149 0.36206 -0.11805 0.4068 1.0723 -0.41282 -0.13469
-2.7678 -3.0048 0.29027 -0.55878 -0.62687 -0.69536 0.37074 0.23043 0.04172 0.1488 0.9315 0.15524 0.75128
-3.5383 -2.5193 1.0186 -0.032238 -1.1326 -0.28485 1.4213 0.37202 -0.034113 0.075954 1.4641 -0.38098 0.22177
-4.8558 -3.0577 0.21468 -1.0292 -0.94013 -0.56247 1.4703 1.1573 -0.23285 0.56105 1.9808 -0.15466 0.91029
-5.2673 -2.5494 0.55765 0.1715 0.48083 0.31235 0.39914 0.28915 0.33913 0.35917 0.45921 0.37825 0.28204
-5.61 -2.3353 0.7979 0.36171 0.64654 0.44537 0.55546 0.37804 0.38357 0.52671 0.81182 0.58712 0.40487
-4.4885 -2.6915 0.42369 0.037029 0.33527 0.18289 0.31818 0.22134 0.20512 0.14624 0.16486 0.054986 0.12144
-0.83743 -2.8663 -0.36854 -1.3822 -1.3329 -1.1453 -0.025921 -0.14377 0.22139 -0.13423 0.92642 -0.24361 0.26549
3.3396 -4.5584 -2.267 -3.1618 -1.6931 -1.9898 0.17008 0.76825 0.08353 -0.76868 0.023655 -0.61854 -0.14664
3.9206 -6.1758 -3.3434 -2.9294 -1.1719 -0.78424 -0.069171 0.72762 -0.72201 -0.99348 0.16917 -0.036332 -0.70927
4.5598 -6.847 -4.6381 -2.9191 -0.5563 -0.36184 -0.25673 0.69018 -0.83575 -0.72806 0.089086 0.5251 -0.19911
4.7654 -6.3849 -4.5901 -2.1242 -0.066348 -0.23771 -0.96028 0.46472 -1.3714 -0.67547 -0.59947 0.075261 -0.32435
4.8367 -6.6325 -4.8737 -2.373 -0.0035559 -0.15303 -1.031 0.47865 -0.67378 -0.11172 -0.35729 0.24864 -0.11009
4.9064 -5.6384 -4.4542 -1.7646 0.49632 0.34114 -0.86348 0.25744 -0.25485 -0.39991 -0.37254 0.16844 -0.58652
4.8256 -6.2987 -5.2661 -2.3705 0.10941 0.29905 -1.1908 -0.080508 -0.022185 -0.4654 -0.15612 0.67792 -0.51105
4.6102 -6.3361 -4.9473 -2.3439 0.21682 0.47989 -1.1142 -0.32498 -0.0946 -0.67842 -0.25206 0.64074 -0.61038
4.3196 -5.7641 -5.3089 -2.2604 -0.14596 0.40984 -1.2984 -0.45892 0.011008 -0.63718 0.32406 0.48265 -0.20428
4.0092 -5.2285 -4.3347 -2.3111 0.29469 0.22991 -1.193 -0.36706 -0.20676 -0.6886 0.016684 0.34479 -0.2184
3.4734 -5.0029 -4.0473 -2.457 0.42495 -0.17636 -1.3534 -0.32794 -0.29061 -0.43162 0.39937 0.55546 0.20402
2.6502 -4.305 -3.0174 -2.3853 0.97039 -0.2212 -0.8967 -0.094684 -0.5985 -0.35206 0.072778 0.71769 0.36295
1.3304 -4.6441 -2.3851 -2.4938 0.14685 -0.61967 -1.0993 -0.54904 -0.52044 0.031728 0.03381 0.62072 0.58382
0.29754 -3.962 -1.4719 -2.387 0.16378 -1.0326 -0.82574 -0.39471 -0.57391 0.21422 -0.05388 0.53328 0.79751
