0.77183 -3.6597 -0.6682 -1.3019 -1.4065 -0.10249 -0.13842 -0.056909 0.006797 -0.019269 0.073064 -0.16479 0.11294
-0.33259 -3.1519 -0.63616 -2.2257 -0.28201 -0.59071 0.25047 0.12409 -0.20113 -0.27437 -0.14144 -0.38259 -0.32354
1.4477 -1.915 0.49104 -0.72323 -2.7663 -2.0491 -0.66176 -0.65764 -0.6682 -1.1678 0.26618 -0.43094 -0.76244
1.9027 -1.688 -0.067217 -2.0707 -1.9968 -1.1982 -0.494 -0.77031 -0.78509 -0.93743 0.12365 -0.93564 -0.58376
2.2062 -1.5039 -0.50186 -2.4194 -1.9286 -1.5677 -0.10368 -0.54974 -0.92805 -0.9108 -0.36451 -1.0192 -0.38207
2.3352 -2.5866 0.18266 -2.0391 -2.3204 -1.2112 -0.18174 -0.41409 -1.1133 -1.1639 -0.18442 -1.0772 -0.89205
2.3756 -2.4635 0.1381 -1.8009 -2.8246 -1.1378 -0.39766 -0.2006 -1.5047 -1.0346 -0.24208 -1.2238 -0.64465
2.1645 -2.4264 0.04519 -1.4857 -2.396 -1.4429 -0.30037 -0.48643 -1.1191 -1.6692 -0.062507 -0.55168 -1.1405
2.1989 -2.5374 0.34637 -1.1828 -2.5144 -1.5985 0.45754 -0.46249 -1.5533 -0.83732 0.053653 -1.093 -1.2724
1.9629 -2.2523 0.79412 -0.98859 -2.1825 -1.087 0.059576 -0.63072 -0.71527 -0.69345 0.073802 -1.3416 -0.85249
1.5516 -1.8852 1.4218 -0.3172 -2.1355 -1.7948 0.18738 -1.083 -0.041194 -0.6395 -0.065629 -0.54221 -0.55609
1.7823 -2.3052 0.82987 -0.62311 -2.5442 -2.3013 -0.29356 -1.7271 -0.37565 -0.5001 0.073593 -1.3489 -1.1286
1.9872 -2.6693 0.54515 -0.58091 -2.6767 -2.2489 -0.53117 -1.1565 -0.23373 -1.1154 0.095526 -0.55279 -0.89212
2.2137 -2.5962 0.26073 -0.98761 -2.8843 -1.6404 0.097678 -0.93587 -0.33023 -0.76005 -0.27801 -0.73814 -0.73167
2.5643 -2.8264 -0.31703 -1.7108 -2.4571 -1.2255 0.098285 -0.87302 -0.4686 -0.71886 -0.67718 -0.37159 -0.6707
2.8328 -2.7905 -1.2714 -1.4532 -2.5633 -1.2253 -0.17122 -0.84135 -0.74938 -0.81086 -1.0189 -0.093 -0.9674
2.9937 -3.579 -1.3825 -1.5505 -2.8479 -1.5228 -0.21075 -0.7611 -1.0796 -0.81549 -0.98312 -0.58773 -0.73424
2.9431 -3.4334 -1.3303 -1.8061 -2.2718 -1.3611 -0.066062 -1.1363 -0.96378 -0.70451 -1.0618 -0.10688 -0.81465
2.9014 -3.1487 -0.52912 -1.9295 -2.4484 -0.99085 -0.072815 -0.71897 -0.45471 -1.0837 -0.69939 -0.10754 -0.97461
2.9803 -3.3951 -0.90674 -1.2642 -2.6085 -1.5932 0.053162 -0.43487 -0.70264 -1.1776 -0.56199 -0.03098 -0.83569
2.4812 -2.9587 -0.65169 -1.3684 -2.7678 -2.1783 0.046697 -0.78762 -0.72056 -1.2543 -0.62924 -0.27707 -0.65094
2.3157 -2.3316 -0.83963 -0.9513 -2.2458 -2.4188 -0.12268 -0.32669 -0.49676 -1.3193 -0.11029 -0.5127 -0.46343
1.7959 -2.7013 -0.38527 -0.99542 -2.7744 -3.9085 -1.4335 -0.56712 -0.36275 -1.9064 -0.22418 -1.0501 -0.76571
-0.57034 -1.5643 1.6754 0.62796 -1.2948 -1.2374 -0.023846 -0.52468 0.32227 -0.86297 0.36624 -0.61564 -0.24059
-2.7266 -2.6289 0.38353 -0.86502 -0.37278 -0.53723 0.58582 0.3321 0.05739 -0.058121 0.40045 -0.34386 0.75407
-3.6137 -3.0743 0.24355 -0.32272 -0.47704 -0.37715 0.31631 0.081605 -0.045949 -0.22281 -0.01765 -0.55223 0.36267
-3.637 -3.0886 0.25399 -0.29372 -0.31588 -0.40699 -0.035835 -0.53602 -0.55894 -0.27826 0.45646 -0.16221 -0.10809
-4.2662 -2.8627 0.49048 -0.036304 -0.078159 -0.16618 0.24644 -0.22062 -0.14965 0.13028 0.80558 0.025751 -0.042559
-5.4444 -2.7461 0.45684 -0.026537 0.22953 0.09318 0.38947 0.12498 -0.0087099 0.20294 0.6244 0.050292 -0.15062
-3.4043 -5.0059 0.7028 0.53125 0.12891 0.69694 0.084428 0.5589 0.33597 0.50027 0.14586 0.21033 -0.00063327
1.7676 -5.6273 -0.66382 -0.6308 -0.50118 0.35638 0.14921 0.40827 -0.1584 0.10419 0.16106 0.1642 -0.0091435
0.82729 -4.6062 -0.29449 -0.15641 -0.2111 0.44091 0.80816 0.29387 0.34941 0.39958 0.25294 0.31012 -0.063958
0.76864 -2.2429 -0.20239 -1.0511 -1.9799 -1.6808 0.44252 -0.51621 -0.13108 -0.72667 0.52514 0.57128 0.44204
2.8435 -2.8043 -1.527 -2.2331 -2.6016 -2.2542 0.095655 0.68986 -1.1973 -1.6245 0.2379 0.75272 0.45907
2.8573 -3.5093 -2.6579 -2.1759 -2.2687 -1.3004 0.19563 -0.6588 -1.9308 -0.86937 0.11967 0.45311 -0.45819
2.6879 -3.7623 -3.1185 -2.4247 -1.9576 -1.175 -0.58334 -1.032 -1.4228 -0.91777 0.046951 0.43078 -0.4424
2.4763 -4.3109 -3.4208 -1.7253 -1.5206 -1.0111 -0.54834 -0.57683 -0.6914 -0.57504 0.33962 1.0161 0.11913
1.7655 -3.4638 -2.799 -2.3082 -1.3392 -1.0417 -1.1551 -0.8931 -0.42104 -0.88402 -0.044987 0.84083 0.39341
1.3473 -3.0228 -2.6164 -2.2668 -0.46367 -1.1397 -0.7152 -0.42325 -0.82488 -0.93737 0.31389 0.58192 1.1121
0.98803 -2.9537 -1.8855 -1.9788 -0.65723 -1.1682 -0.54364 -0.703 -0.092605 -1.0363 0.22987 0.66965 1.2922
0.86353 -3.1302 -1.8289 -2.5352 -0.65377 -1.8914 -0.51664 -0.31566 -0.067634 -0.61627 -0.19732 0.4026 1.9762
0.7377 -3.0653 -1.2154 -2.1023 -0.67175 -1.7464 -0.70566 -0.046554 0.41647 -1.1903 -0.26909 0.40814 1.8704
