-0.29221 -4.8759 0.24322 -0.15423 0.25389 0.15152 0.69584 0.7326 0.84663 0.54464 0.33023 -0.024716 -0.14382
1.779 -2.1537 0.28054 -1.3592 -2.1895 -1.8568 -0.24269 -0.8762 0.13374 -0.89633 -0.28253 -1.1683 0.1208
3.1335 -2.0966 -0.71502 -1.623 -1.5923 -1.8466 -0.10005 0.12514 0.35193 -1.5486 -0.012136 -0.60943 -0.19498
3.4837 -2.4276 -1.1111 -1.734 -1.4915 -1.8596 0.1536 0.22872 -0.61984 -1.3175 -0.18201 -0.82865 -0.1801
3.506 -2.6037 -1.0083 -1.8066 -1.7563 -1.9709 0.29843 -0.14256 -0.62378 -1.3188 -0.10317 -0.82089 -0.48913
3.4722 -2.6907 -1.4933 -2.482 -1.7115 -2.336 -0.047483 -0.43465 -0.957 -1.8154 -0.21564 -1.4111 -0.47037
3.3663 -1.8988 -1.0608 -2.4607 -1.2051 -1.6401 0.020636 -0.34769 -0.28722 -1.14 0.094588 -0.78765 -0.44633
2.9877 -2.6335 -0.62458 -1.8414 -1.5029 -1.6025 -0.48477 0.36397 0.037458 -0.9684 0.059142 -0.50406 -0.34153
2.3621 -2.0192 0.69914 -0.95125 -1.0592 -1.8084 -1.0905 -1.499 0.29755 -0.70788 -0.22631 -0.23697 -0.033442
2.881 -2.5146 -0.11227 -1.5582 -1.4219 -2.5698 -1.4675 -1.6762 -0.45645 -1.1164 -0.20247 -0.57318 -0.25712
3.0255 -2.3048 0.41552 -1.0969 -0.94688 -1.9813 -1.1641 -1.076 -0.012641 -0.72328 -0.27968 -0.22777 0.56212
3.3008 -2.1521 -0.55158 -1.8306 -1.4462 -1.7288 -0.3165 -0.68406 0.38575 -1.0282 -0.2642 -0.074089 -0.19012
4.3455 -2.3934 -2.1765 -1.7841 -1.7956 -1.8848 0.27294 0.022045 -0.27589 -1.2821 -0.57468 -0.40826 -0.10768
4.2617 -2.4284 -2.1321 -2.1994 -1.2398 -1.6839 0.24419 -0.10483 -0.45717 -1.2232 -0.45264 -0.045564 -0.46881
4.4509 -2.8265 -2.4595 -1.9702 -1.7664 -1.6629 0.13493 -0.29235 -0.62815 -1.7408 -0.43361 -0.27928 -0.54887
4.6419 -2.7598 -2.6943 -1.8639 -1.5495 -1.7872 0.47279 -0.46387 -0.41853 -1.578 -0.51904 -0.026037 -0.44774
4.8068 -2.7202 -2.9064 -1.6149 -1.5577 -1.8405 0.6402 -0.3756 -0.38567 -1.4583 -0.47573 0.010923 -0.54096
4.8733 -3.2244 -2.9776 -1.7987 -1.8164 -1.8664 0.25824 -0.28736 -0.70188 -1.5844 -0.47225 -0.2985 -0.44469
4.8263 -3.1498 -2.8337 -1.7596 -1.8546 -1.6018 0.2034 -0.2653 -0.5676 -1.6555 -0.31216 -0.38766 -0.45069
4.6573 -2.8326 -2.5151 -1.9817 -1.8669 -1.673 0.27344 -0.30785 -0.55173 -1.7814 -0.27639 -0.57659 -0.62883
4.5454 -2.5045 -2.1819 -2.0049 -1.7014 -1.6667 0.28097 -0.052054 -0.30865 -1.6803 -0.32144 -0.52303 -0.62766
4.5499 -2.1172 -1.8426 -1.8952 -1.4785 -1.9032 0.58685 -0.065698 -0.22375 -1.3791 -0.24113 -0.5989 -0.65748
4.1648 -2.1331 -1.4413 -1.9033 -2.0744 -2.4259 0.04172 -0.50148 -0.14832 -1.4071 -0.4609 -1.0709 -0.76979
3.1521 -2.2122 -0.40229 -1.4824 -1.7929 -2.236 -0.18364 -0.71641 -0.31337 -1.2257 -0.34862 -0.59421 -0.36207
0.75302 -2.1199 0.91525 -0.73262 -0.93804 -1.1194 -0.14501 -1.314 -0.38476 -0.29836 0.77929 -0.1059 -0.0022312
-2.7513 -2.7622 0.49998 -0.21085 -0.23499 -0.011904 0.8222 0.35147 -0.28544 -0.21902 0.36342 -0.43913 0.19962
-3.8699 -3.0708 0.15488 -0.49989 -0.18604 0.073802 1.103 1.0219 0.3811 0.23565 0.44983 -0.16392 0.89632
-6.0412 -2.6543 0.47287 0.11674 0.47018 0.39673 0.56581 0.53507 0.50007 0.22562 0.022135 0.0098218 0.20254
-5.3464 -2.5991 0.50046 0.10728 0.41389 0.26499 0.385 0.27844 0.28788 0.26396 0.32037 0.22345 0.2217
-1.1347 -4.9148 -0.44039 0.56096 0.10005 0.47274 0.47115 0.55548 -0.22202 0.014795 0.48173 0.25129 -0.1787
1.4907 -2.0545 0.35574 -1.1108 -1.0776 -1.4741 0.11543 0.20282 0.020028 -0.68131 -0.12454 -0.099872 0.075103
4.249 -1.5641 -1.7114 -2.5293 -1.1458 -2.1757 -0.17512 0.44842 0.27249 -1.5471 -0.12329 -0.25324 -0.33143
4.5928 -2.2441 -2.5411 -2.5921 -0.49506 -1.7045 -0.13523 1.0083 -0.47256 -1.2462 -0.52041 -0.4271 -0.35831
4.5911 -2.5782 -2.6092 -3.1424 -0.66531 -1.4198 -0.54683 0.36116 -0.28277 -1.6043 -0.85949 -0.40726 -0.52027
4.3097 -2.954 -3.0685 -3.0768 -1.1252 -1.6357 -0.96866 -0.070834 -0.50373 -1.5805 -1.4759 -0.47148 -0.72817
3.5761 -3.0099 -1.9526 -2.8892 -0.71171 -1.1106 -0.72541 -0.15973 -0.13671 -1.5744 -1.2835 0.11824 -0.72272
2.2426 -2.7392 -1.0148 -2.312 -0.44954 -0.97096 -0.22208 -0.67011 -0.73484 -1.0087 -0.59065 -0.34169 -0.4141
0.53433 -3.3193 -0.2613 -0.96813 -0.049976 -0.43625 -0.31416 -0.53177 -0.70774 -0.86918 -0.67738 -0.18909 -0.16328
