0.49269 -4.0748 1.456 -0.16749 0.68108 -0.080231 1.1458 0.70333 0.0093509 0.75665 0.27593 0.072045 0.049634
-1.2154 -1.6377 1.7929 0.30496 -0.51486 -0.037255 1.2579 0.6394 0.96012 -0.12564 0.18697 -0.34855 0.33326
1.0551 -1.2487 0.65483 -0.5345 -1.5013 -1.161 -0.24162 -0.72881 -0.37563 -0.97107 -0.14294 0.048922 -0.08365
2.7252 -2.4575 0.47641 -1.7808 -1.6805 -0.5707 0.098918 -0.26572 -0.80261 -0.80184 -0.030309 -0.43872 -1.114
2.9614 -2.7357 -0.11675 -2.1473 -1.9176 -0.3587 -0.71076 -0.4749 -0.37566 -1.0177 -0.72756 -0.70446 -1.0147
3.0706 -2.6334 -0.70026 -2.4257 -2.4493 -0.49483 -0.78022 -0.71591 -0.56599 -1.2013 -1.3871 -0.97424 -1.1395
3.192 -2.3735 -1.0866 -2.202 -2.0571 -1.0641 -0.55804 -0.61977 -0.55337 -1.1978 -1.3385 -0.60093 -1.4353
3.2952 -2.5441 -0.65893 -2.2043 -2.1985 -1.1377 -0.8276 -0.22084 -0.39019 -1.384 -0.84317 -0.92236 -1.3875
3.0624 -1.6912 -0.73664 -1.9406 -1.9956 -1.0611 -1.0335 0.024963 -0.35316 -1.1369 -0.83654 -1.0632 -1.2039
2.3383 -2.5346 -0.1625 -1.4515 -1.7799 -1.7327 -1.7041 0.2443 -0.70964 -1.1373 -0.76976 -0.83759 -1.7236
1.4278 -2.7062 0.84742 0.6944 -1.3071 -1.1752 -0.35748 -0.45646 -0.47566 0.14963 -0.62349 -0.64965 -0.48906
1.9692 -2.3223 1.1075 -1.363 -1.2107 -1.8286 -1.0097 0.58587 -0.792 -0.85471 -0.06403 -0.59281 -1.4651
2.3628 -2.0644 0.18366 -1.1868 -1.1497 -1.9659 -0.73927 0.70906 -0.95891 -0.60308 -0.094248 -0.11769 -1.2457
2.6804 -2.0504 -0.096266 -1.519 -1.1434 -2.426 -0.27379 0.48407 -1.0014 -0.72045 -0.50883 0.10948 -1.2181
3.0914 -2.1513 -0.7209 -1.597 -1.775 -2.1193 0.092622 0.86936 -1.0239 -1.1235 -0.73051 -0.32662 -0.88919
3.7271 -2.2158 -1.5833 -1.6899 -2.3303 -1.8646 0.54143 0.56055 -1.4202 -1.0327 -0.91108 -0.22353 -1.1163
3.8736 -2.0022 -2.0868 -1.6101 -2.6981 -1.8096 0.43912 0.54446 -1.3728 -1.6443 -0.91949 -0.22427 -1.0948
3.9756 -2.3259 -2.2289 -1.6961 -2.7354 -1.8748 0.72117 0.11639 -1.3078 -1.666 -1.0612 -0.34063 -1.2588
3.9757 -2.8033 -1.9679 -1.6903 -2.7887 -1.737 0.56597 0.53266 -1.328 -1.6323 -0.7145 -0.3493 -0.87662
3.904 -2.7581 -2.0832 -1.6588 -2.6453 -1.9035 0.46565 0.59092 -1.2762 -1.9203 -0.6097 -0.53527 -1.2146
3.556 -2.6972 -1.2294 -1.8631 -2.6121 -1.7295 0.49585 0.30663 -1.2725 -1.8187 -0.036797 -0.43385 -0.89346
3.14 -2.8544 -0.4067 -2.2887 -2.6567 -1.7317 0.30513 0.026414 -1.4049 -1.6612 0.21886 -0.1328 -0.96101
2.8011 -2.5864 0.4622 -2.2164 -2.6116 -1.6301 -0.081185 -0.01819 -1.0801 -1.6842 0.40166 -0.052448 -0.9908
1.9458 -1.3112 1.0029 -1.9727 -2.2607 -2.0221 -0.30692 -0.026689 -0.59321 -1.3238 0.34633 -0.21934 -0.97738
-1.5653 -1.4523 1.5788 -0.0053672 -0.7988 -0.85535 0.14372 -0.5768 0.090219 -0.81299 0.15767 -0.018129 0.17146
-2.748 -2.7983 0.31929 -0.9191 -0.482 -0.35431 0.85948 0.3035 0.20197 0.25085 0.91768 -0.26051 -0.088838
-2.1765 -3.1578 0.15928 -0.86988 -1.4905 -1.3999 0.84233 0.91062 1.1629 0.31174 0.821 -0.81436 0.8479
-3.3689 -2.8693 0.3436 -1.1467 -0.75917 -0.39942 1.443 0.82402 0.47975 0.17082 1.3893 0.44808 0.5308
-3.1677 -2.7441 0.42644 -1.0698 -0.67275 -0.62506 1.4842 1.3052 -0.10118 0.088536 1.28 -0.23016 0.99196
-3.3977 -2.9157 0.31354 -1.0297 -1.0646 -0.75716 1.0804 0.52748 -0.27293 -0.10248 1.0884 -0.40871 0.56571
-0.75342 -4.2835 -0.13891 -1.4467 -0.31989 0.083252 -0.058197 0.11889 0.19138 0.43546 0.051657 0.17855 0.14675
0.99241 -4.567 -0.088214 -0.8444 -0.28191 0.16253 0.33168 0.62057 0.2102 0.1813 0.9659 -0.0029293 0.083656
-0.74382 -3.4076 1.8208 -0.7181 -0.12867 0.25633 0.58845 -0.065306 -0.11591 -0.082628 -0.63243 -0.1174 -0.34333
0.64055 -0.24989 0.47091 -1.3014 -1.1052 -0.84945 -0.50272 -0.54258 -0.14485 -0.65892 -0.35711 -0.1971 -0.14814
2.7773 -2.2713 -1.0291 -2.2404 -1.6087 -0.52002 -0.68141 0.3816 -0.65508 -1.5061 -0.10754 0.22686 -0.33563
2.9085 -3.0075 -1.324 -2.1122 -1.918 -0.56292 -0.60936 0.085452 -1.1213 -1.6187 -0.20352 0.42026 -0.33051
3.0955 -3.0101 -2.0003 -2.2093 -1.8282 -0.22381 -0.87253 0.25001 -0.90013 -2.3616 -0.39709 0.62955 -0.20592
2.9187 -2.8144 -2.5786 -2.4405 -1.6604 -0.65279 -1.1447 -0.36943 -0.94831 -2.3355 -0.5119 0.14995 -0.28762
2.7642 -2.1141 -2.2398 -2.032 -1.3856 -0.92509 -0.37658 -0.42575 -0.44714 -1.9695 -0.30345 0.81267 -0.28171
2.5931 -2.5594 -1.9695 -2.0024 -1.6353 -0.77215 -0.68643 -0.29163 -0.56318 -1.9023 -0.17263 0.67012 0.28364
2.3126 -2.4686 -2.3584 -1.9299 -1.6361 -1.0314 -0.84116 -0.40681 -0.39066 -2.1747 -0.031366 0.73504 0.3831
1.8923 -2.4722 -2.1955 -1.9025 -1.6664 -0.87762 -1.0972 -0.77008 -0.064233 -1.8501 -0.052714 0.96949 0.74937
1.6857 -2.6863 -2.7043 -2.2446 -1.4702 -0.93953 -1.285 -0.71316 -0.18055 -1.3268 0.1247 0.70234 1.1401
1.3953 -2.5938 -1.8694 -1.5746 -0.87315 -1.6444 -1.1857 -0.57744 0.3551 -1.1172 -0.57741 0.6909 1.093
1.0477 -3.5671 -1.9187 -0.8936 0.21696 -1.4674 -1.9016 -0.8648 0.19537 -0.53151 -0.28577 -0.19597 1.4607
0.46014 -3.2606 -1.6473 -1.3959 0.17505 -1.2408 -2.2084 -1.2211 -0.024386 -0.33466 -0.50589 -0.053905 1.0529
-0.60378 -3.223 -1.4802 -1.8785 0.19985 -0.48382 -1.3639 -0.98955 -0.60768 -0.75333 -0.34941 0.75756 1.0415
