1.1388 -5.1726 0.0053029 -1.6762 -0.26514 -0.33883 -0.093027 0.13142 0.10449 0.13672 0.17329 0.091691 0.082353
1.0371 -3.935 2.0726 -0.52034 0.49595 0.68064 0.85135 0.86041 0.38679 0.21992 0.10579 -0.23754 -0.30891
-0.34808 -3.0989 1.543 0.56659 0.53883 0.32592 1.2287 0.35897 0.33458 0.40468 0.23262 -0.17564 -0.35745
1.0326 0.5573 1.1827 -1.3178 -0.57243 -1.1997 0.40362 -0.25772 -0.90152 -0.75679 0.084917 0.15251 -0.63648
2.2458 -1.3132 -0.025381 -1.9559 -1.7422 -0.49057 0.11676 -0.45494 -0.53092 -0.5312 -0.84963 -0.27635 -0.52685
2.9112 -2.3567 -0.51334 -2.0657 -2.0396 -0.47739 -0.2487 0.084686 -0.79322 -0.90575 -0.72483 -0.62525 -0.79078
3.3103 -3.2663 -0.16774 -2.3152 -1.5892 -0.69617 -0.11243 0.084525 -0.50725 -0.9817 -0.73921 -0.74342 -0.44511
3.3142 -2.9189 -1.2139 -1.9784 -2.3477 -0.94542 -0.17147 0.070029 -0.94408 -1.3507 -0.7873 -0.86138 -0.90681
3.3701 -2.7894 -1.3008 -1.7248 -2.6031 -1.2318 -0.11735 0.024191 -0.95885 -1.5185 -0.69163 -0.96559 -1.1623
3.3309 -2.8912 -1.1203 -1.5339 -2.6632 -1.1496 -0.52165 0.14364 -0.78729 -1.4388 -0.68346 -0.80627 -1.1851
2.397 -2.5052 -0.14118 -0.73022 -1.9905 -1.622 -0.37717 0.4097 -0.6003 -1.1151 -0.34115 -0.62051 -0.91479
1.6396 -3.4383 1.386 0.61337 -1.2499 -2.0649 -0.57668 -0.67416 -0.19186 -0.32228 -0.46921 -0.34506 -0.55122
2.0381 -2.0244 0.74277 0.16678 -2.3486 -1.8311 -0.65104 -0.94242 0.0088696 -0.08006 -0.68733 0.59444 -0.72865
2.4149 -2.1809 2.819 -0.32126 -2.2685 -2.1549 -1.3206 -0.035034 0.23133 -0.72462 -0.17377 0.42907 -1.3572
2.5421 -2.6384 2.6356 -0.55939 -2.4828 -2.0385 -1.7724 -0.46155 0.055176 -0.41972 -0.47484 0.33354 -1.5009
2.4223 -2.3972 1.5095 -0.53528 -2.5329 -1.5926 -1.065 -0.38725 -0.60161 -0.28384 -0.088723 0.25109 -1.434
3.3483 -2.9648 -0.97379 -1.6614 -2.7533 -1.5571 -0.32432 0.18418 -0.84831 -1.0639 -0.65004 -0.83727 -1.3189
3.6678 -2.9781 -1.3019 -2.0426 -2.4516 -1.0821 0.27132 0.13965 -1.2868 -1.1965 -0.61498 -0.59749 -1.1637
3.501 -2.9371 -1.502 -1.8624 -2.0426 -1.0749 0.15308 0.089858 -1.2677 -1.3416 -0.4334 -0.52516 -0.98952
3.4054 -2.8126 -1.6533 -2.0484 -1.902 -1.0268 0.16202 0.082122 -1.2992 -1.4485 -0.47953 -0.51107 -1.0274
3.4945 -3.1586 -1.4177 -1.8006 -2.3342 -0.94499 0.36629 0.059087 -1.4834 -1.5025 -0.32038 -0.27178 -1.1549
3.3927 -3.0975 -1.3583 -1.8597 -2.2106 -0.84935 0.15324 0.26484 -1.3955 -1.356 -0.61177 -0.51274 -1.242
3.2797 -3.1799 -1.2443 -2.0325 -2.0066 -1.0553 0.16283 0.28135 -1.2433 -1.3775 -0.68353 -0.6492 -1.2704
3.3727 -3.441 -1.2464 -1.9834 -2.4075 -1.0441 0.1567 0.32411 -1.2109 -1.5102 -0.46532 -0.56375 -0.93608
3.3487 -3.766 -0.4701 -2.6211 -2.2061 -1.1012 0.079111 0.51094 -1.2263 -1.3688 -0.2865 -0.76051 -0.87159
3.0513 -3.6181 0.12226 -2.1356 -2.5064 -1.0972 -0.051644 0.68387 -1.2791 -1.2338 -0.36827 -0.65992 -0.79025
2.6728 -3.4498 0.85801 -2.1996 -2.3713 -0.97592 -0.40014 0.40122 -1.1387 -1.1858 0.23483 -0.46352 -0.58532
1.7092 -2.0029 1.6285 -1.6308 -2.539 -1.2609 -0.99504 0.45751 -0.9196 -0.9536 0.15023 -0.48285 -0.56564
-1.7837 -2.0812 1.6125 -0.53158 -1.8518 -0.89168 -0.32181 -0.37522 -0.68205 -0.76793 0.37264 -0.3472 -0.56841
-3.7639 -2.7895 0.53002 -0.23207 -0.13793 -0.32089 0.62996 0.63151 0.087087 -0.051642 0.061419 -0.7835 0.79884
-3.7799 -2.9685 0.10418 -0.85355 -0.037962 -0.69989 0.34594 1.0781 0.87307 1.2772 0.83904 -0.61381 0.85356
-3.7692 -3.2539 0.15152 -0.89806 -0.78394 -1.0405 0.73662 1.3501 0.68161 0.14901 0.40103 -0.6854 0.79497
-4.4158 -2.9067 0.18399 -1.0973 -0.59774 -0.56117 1.1156 0.99488 0.34986 0.44408 1.0534 -0.44268 0.59424
-4.8544 -3.0092 -0.086444 -1.2569 -0.17562 -0.37363 1.2183 1.3516 -0.1769 0.69702 1.6216 -0.12532 0.82842
-4.4627 -2.7326 0.14122 -1.1209 -0.084164 -0.24231 0.63249 0.35595 0.37216 0.34254 0.76678 0.34696 0.32135
-3.3294 -4.6117 0.54313 -0.37627 0.23499 0.16876 0.14026 0.20193 0.15039 0.60892 0.12053 0.28902 0.27455
0.86076 -5.4084 -0.030883 -0.87306 -0.179 -0.0037904 0.049891 0.14434 0.025413 0.45709 0.16182 0.32857 0.19573
1.3722 -4.4302 0.22885 -1.0511 -1.065 0.083143 0.59309 0.73955 -0.31595 0.4846 0.75927 0.5826 -0.3341
0.2821 -0.46407 1.3903 -0.96654 -0.65436 -0.12147 -0.031071 0.050423 -0.27328 -0.60461 0.075285 -0.1251 0.10753
2.9551 -2.9984 0.53585 -2.4524 -2.3343 -0.10968 -0.56176 0.26983 -0.91271 -1.2379 0.1028 -0.13448 0.0060115
3.2873 -3.6221 -0.35182 -1.9502 -1.712 -0.28492 -0.50255 0.57503 -0.91544 -1.8381 -0.10509 0.31573 0.050235
3.2989 -3.7491 -1.5294 -2.2672 -1.5715 -0.55405 -0.97474 0.46758 -1.0992 -1.7562 -0.46649 0.56842 0.24957
3.088 -4.3762 -1.6383 -2.4503 -2.1967 -0.71049 -1.0417 -0.062873 -1.2564 -2.016 -0.65927 0.30845 0.3033
2.8564 -3.7504 -1.444 -2.443 -2.0059 0.024531 -0.76802 -0.67774 -0.5257 -1.7001 0.0067362 0.30813 0.30566
2.6099 -3.3633 -1.4779 -2.5854 -2.2423 0.39554 -0.75417 -0.87711 -0.42852 -1.5082 -0.075799 0.44723 0.61161
2.25 -3.0259 -2.324 -2.1003 -2.1993 0.19362 -1.2288 -0.69495 -0.29518 -1.401 -0.24322 0.53942 0.62478
1.8803 -2.5317 -2.4187 -1.8978 -1.7505 0.052873 -1.1484 -1.2167 -0.13017 -1.3095 0.12724 -0.0030786 0.59718
1.5875 -2.4489 -1.9906 -2.6954 -1.9268 -0.27526 -0.66126 -0.84103 -0.074265 -1.1346 0.36348 0.27894 0.71753
0.82327 -3.0121 -1.887 -2.6341 -1.3756 -1.1633 -0.95746 -0.84751 0.11895 -1.004 0.27169 0.5221 0.89452
-0.0061483 -2.279 -1.0038 -2.3128 -1.2625 -0.65049 -0.95671 -1.6338 0.34828 -0.80294 -0.32083 0.60503 0.51177
