-0.29669 -2.5464 0.69787 -0.38333 0.073676 0.11313 0.70162 0.54533 1.1069 0.55279 -0.26516 -0.21852 -0.11811
1.8788 -1.842 1.5618 -0.79841 -2.0037 -2.1108 0.36695 -0.48088 -0.046178 0.17911 -0.070596 -0.8978 -0.44104
3.2453 -1.8362 1.1295 -1.4368 -2.5317 -2.0425 0.95071 0.2908 -0.056501 0.079014 0.049349 -0.96878 -0.2885
3.2861 -1.9699 0.53886 -1.7918 -2.306 -1.6012 0.92913 0.24955 -0.069972 -0.15326 -0.35134 -0.67838 -0.48534
3.4075 -2.4233 0.21932 -1.8051 -2.2484 -1.4328 0.76174 0.073383 -0.46849 -0.15535 -0.54112 -0.5507 -0.54504
3.476 -2.5725 -0.382 -1.8184 -2.4353 -1.6984 0.5763 0.003162 -0.52713 -0.63227 -0.41275 -0.68479 -0.75295
3.6196 -2.4177 -0.10035 -1.6615 -2.1694 -1.3307 0.41495 0.072223 -0.33884 -0.30432 -0.16601 -0.72368 -0.71446
3.4478 -2.1081 0.046417 -1.6585 -2.1675 -1.917 0.25888 -0.024183 -0.23516 -0.31704 -0.17749 -0.71717 -0.76959
2.3034 -2.4614 1.0407 -1.3903 -2.0963 -2.729 -0.67467 -0.20306 -0.57812 -0.6072 0.045301 -0.59149 -1.0082
1.2172 -2.2001 0.92285 -0.84483 -1.4183 -1.9762 -0.73916 -1.1716 -0.50926 -0.76845 0.49518 -0.52864 -0.50958
1.6957 -2.513 0.69127 -0.77177 -1.0963 -1.6669 -0.6498 -0.74385 -0.7709 -0.60261 0.88473 0.16001 -0.24518
3.0131 -2.6036 0.098851 -0.85094 -2.2824 -1.8707 -0.21001 -0.10396 -0.36526 -0.34699 0.26381 -0.077822 -0.65493
4.6965 -3.8297 -1.403 -1.8332 -3.4529 -2.0001 -0.15356 -0.16043 -0.90547 -0.36155 -0.78859 -1.0411 -1.1044
5.0952 -3.4704 -1.4669 -1.3045 -2.9213 -1.202 0.66748 0.40853 -0.51032 -0.066956 -0.49355 -0.49103 -0.63506
5.0001 -3.8282 -1.5352 -1.5397 -3.0788 -0.93686 0.59247 0.16366 -0.79418 -0.33467 -0.45724 -0.33667 -0.56553
5.1054 -3.8318 -1.9069 -1.7089 -3.0724 -0.87081 0.56362 0.062427 -1.0709 -0.46991 -0.64157 -0.44303 -0.53403
5.2094 -3.8087 -2.2521 -1.893 -3.0423 -1.1431 0.38157 0.26809 -1.4998 -0.58657 -0.9497 -0.42535 -0.74027
4.8721 -3.1784 -1.9591 -2.161 -2.6964 -1.2529 0.2771 0.45947 -1.5757 -0.54688 -0.80806 -0.42166 -0.6688
4.3949 -2.8814 -1.1406 -1.9711 -2.0878 -1.2177 0.5443 0.86358 -1.2161 -0.39001 -0.3672 -0.36202 -0.39697
3.4027 -2.489 -1.1709 -2.5617 -2.2076 -2.6642 -0.14877 -0.40785 -0.71398 -1.5513 -0.63976 -0.66775 -1.5544
1.5644 -1.3472 0.70374 -0.67548 -1.1693 -1.9802 0.38846 0.23968 0.73838 -0.3503 0.66361 -0.56662 -0.1183
-2.2745 -2.9235 0.36666 -0.051856 -0.057642 0.099471 0.56759 0.51511 0.69887 0.34443 0.14933 0.060533 0.60973
-4.1233 -3.5342 -0.38311 -1.3764 -1.2857 -0.9847 0.56367 0.3369 -0.59947 -0.33588 0.45636 -0.88458 0.43025
-3.1358 -3.0725 0.23068 -0.63348 -0.45213 -0.241 0.97239 0.70556 -0.19842 0.34969 1.1617 -0.50785 -0.36257
-3.1603 -3.1613 -0.054909 -1.1693 -0.75035 -0.55645 1.1783 1.0835 -0.18729 0.6677 1.8447 0.080093 1.1526
-4.0697 -3.5768 0.912 -0.016039 0.63386 0.63935 0.98915 0.95852 0.79909 0.037274 -0.57983 -0.49047 0.20195
-0.0023709 -5.5902 0.73329 -0.73518 0.10581 0.25689 0.62227 0.61409 0.57895 0.57021 0.51079 0.31443 0.2441
-1.9679 -3.058 0.30545 -0.03054 0.46279 0.40745 0.65596 0.74641 0.80188 0.29179 -0.26004 -0.0032769 0.14186
1.2616 -0.94118 0.044734 -1.8556 -0.74364 -0.82798 0.62969 -0.36739 0.18409 -0.70733 -0.065092 -0.21166 -0.27072
1.7335 -1.4537 -0.31476 -1.6639 -0.63221 -0.71055 0.62563 -0.40022 -0.14836 -0.89653 0.075157 -0.23287 -0.22301
1.5894 -1.8507 -0.59729 -1.7226 -0.33868 -0.84975 0.29388 -0.55251 -0.808 -1.0365 0.056914 -0.11109 -0.58165
1.5016 -2.5759 -0.72184 -1.2664 -0.52225 -0.45525 -0.05586 -0.38607 -1.0492 -1.0078 0.16318 0.02846 -0.98213
1.4479 -2.7974 -1.6114 -1.2699 0.091146 -0.15414 -0.3392 -0.31019 -0.94145 -0.62474 -0.10911 0.25473 -0.52634
1.3295 -2.8344 -1.659 -1.422 0.67179 -0.50061 -0.38744 0.26514 -1.0959 -0.36094 0.070498 0.32075 -0.32292
