0.74474 -3.3379 0.0016315 -1.2173 -0.32888 0.19716 0.8574 0.59778 0.3573 0.57059 -0.33558 -0.86631 -0.29979
1.042 -0.96448 0.21988 -1.0935 -1.0787 -0.98826 0.18047 -0.69748 -0.81921 -0.4856 -0.24374 -0.44915 -0.38375
4.3079 -1.3331 -1.5218 -1.0002 -2.0963 -1.2877 0.46453 -0.36671 -0.40858 -0.53984 -0.29459 -0.43663 -0.81127
5.2762 -3.4913 -2.1256 -1.5075 -2.6871 -1.6911 0.42389 -0.81171 -0.63966 -0.99467 -0.73213 -0.78659 -1.0166
5.8614 -4.7203 -1.9189 -1.7201 -2.8734 -1.6576 0.38355 -0.72855 -0.89455 -0.90248 -0.93931 -0.69973 -1.0072
6.0945 -4.752 -1.4119 -1.2759 -2.8504 -1.2404 0.73118 -0.34348 -0.63607 -0.63241 -0.5667 -0.3888 -0.72162
6.2207 -5.1179 -1.5938 -1.4701 -3.1296 -1.5773 0.19512 -0.53919 -0.64976 -0.75756 -0.77479 -0.79392 -1.0269
5.9877 -4.8544 -1.1104 -1.319 -3.0373 -1.8519 -0.019746 -0.55608 -0.70345 -0.5399 -0.56703 -0.6519 -1.0431
4.777 -4.076 -0.20746 -0.23858 -2.0315 -1.658 -0.23425 -0.19784 -0.47738 0.022981 0.081847 -0.023007 -0.8896
4.2878 -4.3598 0.24313 -0.079076 -1.8364 -1.729 -0.20905 -0.10891 -0.67761 -0.13868 -0.18749 -0.18017 -1.1284
5.0031 -4.6486 0.4254 -0.54695 -2.1873 -1.7131 0.044129 0.0057922 -0.52983 -0.12947 -0.1463 -0.13427 -0.92594
5.919 -4.9136 -0.10101 -0.8125 -2.7592 -1.5809 0.083268 -0.17738 -0.43398 0.040743 -0.44408 -0.3578 -0.92288
6.4067 -5.1206 -0.28412 -1.0173 -3.0118 -1.0865 0.4951 -0.058826 -0.14278 -0.027669 -0.47543 -0.40866 -0.64731
6.3411 -5.4307 -0.48387 -1.1999 -3.1948 -1.0933 0.39984 -0.32952 -0.34223 -0.29885 -0.8969 -0.38493 -0.57969
6.2598 -5.3007 -0.37965 -1.2721 -3.2826 -1.0231 0.50295 -0.17951 -0.36121 -0.29687 -1.1224 -0.3159 -0.4823
6.1879 -5.2906 -0.38283 -1.2318 -3.3851 -1.0774 0.57405 -0.20591 -0.35806 -0.334 -1.2467 -0.38029 -0.44833
5.8771 -5.064 -0.21033 -1.1741 -3.5512 -0.765 0.61941 -0.13738 -0.33236 -0.15379 -1.1937 -0.46946 -0.36702
5.6098 -4.7969 -0.32561 -1.0368 -3.4836 -0.64227 0.50305 -0.17754 -0.23103 -0.13156 -1.2008 -0.48649 -0.5173
5.2857 -4.3864 -0.46356 -0.98788 -3.5709 -0.72233 0.68741 -0.38101 -0.14414 -0.21537 -1.0882 -0.53272 -0.66371
4.9366 -4.416 -0.30159 -1.0487 -3.5218 -0.87418 0.5581 -0.46065 -0.25545 -0.29407 -1.0576 -0.61838 -0.67068
4.6084 -4.3651 0.035398 -1.3498 -3.2472 -1.0825 0.16457 -0.65603 -0.26577 -0.11571 -1.2593 -0.75811 -0.74858
3.9173 -3.5442 -0.077276 -1.0462 -2.9841 -1.1508 0.46955 -0.66261 -0.28304 -0.096433 -0.91124 -0.69579 -0.64789
4.0423 -3.8369 0.061819 -0.98549 -2.8738 -1.2863 -0.091453 -0.53702 -0.39362 -0.033875 -0.62951 -0.51198 -0.67397
2.3447 -1.732 1.3937 -0.32959 -2.1588 -1.8611 0.12418 -0.56564 -0.10697 -0.13523 0.098652 -0.51855 -0.42703
-1.0434 -1.6481 0.89312 -0.36108 -1.6862 -1.7058 0.042835 -0.44293 0.053301 0.20895 0.6246 -0.33148 0.27323
-2.9956 -2.801 0.47589 -0.95665 -0.75726 -0.33619 0.99147 0.54496 1.0358 0.62553 0.61594 -0.3294 0.46427
-3.7793 -3.3213 1.3144 -0.31313 -0.32638 -0.3688 0.076406 0.6736 1.0268 0.61737 0.45827 -0.026111 0.43361
-3.5159 -2.7205 0.37855 -1.0212 -0.92544 -0.50393 0.8819 0.34577 0.4665 0.068545 0.56387 -0.45206 0.33035
-3.4201 -2.8199 0.68698 -0.54194 -1.1664 -1.0532 0.57821 0.61441 1.2162 0.47429 0.31855 -0.83484 0.77268
-3.7354 -3.0276 0.62543 -0.33365 -1.242 -0.77635 1.0147 0.70566 0.30779 0.23264 0.95789 -0.8061 0.63237
-3.9967 -2.5646 0.93889 -0.37536 -1.4789 -0.78059 1.041 0.34148 1.0493 0.22482 0.66596 -0.38778 1.1622
-2.9666 -2.6452 -0.79335 0.24309 -0.13802 0.087055 0.16049 -0.047339 0.040726 0.11256 0.34773 0.29733 0.55382
1.6248 -2.4897 -1.1915 -0.57975 -0.93396 0.071241 0.54216 0.13681 0.29031 0.39788 0.38686 0.020007 0.10922
4.0015 -2.9623 -1.6593 -1.1139 -1.2913 -1.2937 0.11357 0.34471 -0.50019 -0.63644 -0.38492 0.3247 -1.2961
5.2542 -4.1406 -2.6581 -1.5167 -1.4071 -0.82028 0.2447 0.48803 -0.70598 -0.97747 -0.67463 0.39265 -1.4483
5.3727 -3.6624 -3.2934 -1.4174 -1.1178 -0.5075 0.26113 0.26687 -0.91126 -1.1256 -0.56242 0.65164 -1.3342
5.6566 -4.0233 -4.0174 -1.7327 -1.1602 -0.39917 -0.31461 0.099139 -1.1723 -1.3821 -0.9426 0.78395 -1.4274
5.5333 -3.5656 -4.3896 -1.9244 -0.99907 -0.41958 -0.44397 -0.1329 -1.2175 -1.4383 -1.2217 0.8279 -1.3538
5.1111 -2.7572 -4.1292 -1.768 -0.47728 -0.11091 -0.22098 -0.038884 -0.76038 -1.1805 -0.95239 0.97816 -0.99011
4.9567 -2.3572 -4.4965 -1.7137 -0.47913 -0.047918 -0.47141 -0.58749 -0.58786 -1.1592 -0.89458 0.80229 -0.94499
5.2198 -2.6517 -4.8227 -1.6839 -0.60647 0.095726 -0.79585 -0.6404 -0.53703 -1.4142 -0.83569 0.71282 -1.0387
5.5641 -3.4517 -4.3995 -1.7145 -0.61142 0.48341 -0.86153 -0.36056 -0.54708 -1.1267 -0.97796 0.77759 -1.102
5.4026 -3.2062 -4.4151 -1.691 -0.35724 0.68449 -0.71263 -0.37938 -0.32882 -1.0155 -0.84563 0.90156 -0.99205
4.9611 -1.9367 -4.9644 -2.3653 -0.5322 0.23325 -1.1588 -0.68796 -0.53862 -1.2515 -0.80861 0.53461 -1.105
4.5553 -1.6813 -4.7544 -2.4141 -0.39933 0.31868 -0.92519 -0.74737 -0.22008 -1.3622 -0.67007 0.32175 -1.0919
4.1929 -1.7175 -4.078 -2.2751 -0.28754 0.3211 -0.94684 -0.71964 -0.19594 -1.1503 -0.65243 0.5234 -0.86475
3.5956 -1.5912 -3.7547 -1.9617 0.078786 1.0842 -0.55549 -0.29298 0.21716 -1.0237 -0.43622 0.96245 -0.61201
3.4181 -0.062338 -3.8743 -3.1384 0.04622 -0.00028506 -0.61427 -0.91113 -0.05842 -1.4569 -0.50393 0.50012 -0.69645
2.9287 -0.3432 -3.1327 -3.2999 -0.0074436 0.31427 -1.3332 -0.30086 -0.62115 -1.3673 0.12454 0.099926 -0.17794
1.1839 -0.2687 -1.3189 -3.4439 -0.5909 -0.029597 0.069862 -1.1937 -0.79656 -0.94008 -0.28967 0.32741 -0.29156
