2.387 -1.4061 -0.89689 -2.41 -1.6837 -1.8614 0.46011 0.013297 -0.3544 -0.84135 0.22131 -1.1711 -0.57886
2.953 -1.4891 -1.1705 -2.4747 -1.9626 -1.8529 0.85544 0.041527 -0.91801 -0.80152 0.15203 -1.0749 -0.46986
3.0933 -2.5003 -1.246 -2.5561 -2.3167 -2.0207 0.22933 -0.064906 -1.1175 -0.8412 -0.3288 -1.1078 -0.7438
2.9675 -2.1601 -1.1302 -2.0322 -2.2354 -1.6636 0.37218 0.036319 -0.77809 -0.65313 0.17857 -0.86503 -0.69002
2.8304 -2.1602 -1.0916 -2.0738 -2.1514 -2.1011 0.53864 -0.1232 -0.70329 -0.65748 -0.092939 -0.59916 -0.84808
2.7504 -1.9481 -0.592 -1.8895 -2.5432 -1.8749 0.34705 -0.16856 -0.55703 -0.69825 0.33332 -1.0378 -0.5912
2.1606 -1.4841 -0.34327 -1.447 -2.4279 -2.1525 0.26176 -0.11014 -0.25004 -0.84475 0.68916 -0.89562 -0.58059
-0.35161 -2.2829 1.2227 -0.04415 -1.7346 -1.4075 0.047482 -1.5761 -0.53161 -0.70572 0.31692 -0.4633 -0.17767
-0.88336 -2.5133 1.0965 0.092584 -1.1299 -0.58878 0.20285 -1.2977 -0.012785 -0.55719 0.42299 -0.43186 -0.52491
-0.19911 -3.6842 1.6144 0.033541 -1.439 -0.13773 0.20519 -0.98822 -0.17293 0.022797 -0.2841 0.13014 -0.64157
2.0557 -2.0092 0.3139 -1.3817 -1.9326 -1.7655 0.12628 -0.42027 0.15286 -0.12396 -0.28771 -0.49052 -0.59901
3.4566 -2.8129 -1.1562 -1.757 -2.532 -1.4339 0.48674 0.25552 -0.48675 -0.5672 -0.068467 -0.77433 -0.45654
2.9892 -2.1732 -1.4624 -1.9173 -2.1594 -1.1215 0.80661 -0.052609 -0.18609 -0.43496 0.039803 -0.4876 -0.46221
3.2275 -2.3153 -1.8583 -1.905 -2.2778 -1.3937 0.97837 -0.4681 -0.41694 -0.78729 -0.020317 -0.64209 -0.4517
3.3378 -2.5525 -1.9486 -2.0856 -2.3244 -1.2907 0.85969 -0.43011 -0.48401 -1.0009 -0.16103 -0.59327 -0.48947
3.4037 -3.0123 -1.7763 -2.0654 -2.311 -0.98785 0.62422 -0.14418 -0.77125 -0.78666 -0.16762 -0.49351 -0.49359
3.3712 -2.7053 -1.8506 -1.8988 -2.4852 -0.95411 0.68993 -0.17656 -0.73633 -0.85947 -0.13492 -0.40283 -0.55605
3.4472 -2.6673 -1.4167 -2.1007 -2.5417 -1.0133 0.90258 -0.50772 -0.54324 -1.1473 0.072992 -0.58724 -0.26394
3.3593 -3.1603 -1.2875 -2.4368 -2.378 -1.3075 0.61161 -0.62319 -0.79347 -1.1659 -0.19111 -0.62254 -0.39083
3.3002 -3.3593 -1.0979 -2.3167 -2.1783 -1.0279 0.2216 -0.036729 -0.88983 -0.86415 -0.28998 -0.6172 -0.43061
3.3064 -3.4723 -1.1957 -2.1728 -2.491 -0.92555 0.34512 -0.16827 -0.5039 -1.1213 -0.40726 -0.54073 -0.66972
3.2997 -3.1353 -1.282 -2.3442 -2.1489 -1.4488 0.44758 0.29888 -0.51724 -1.3596 -0.24735 -0.53062 -0.8477
2.8468 -2.5105 -0.89502 -2.7027 -1.6005 -1.7166 0.27027 0.067895 -0.40892 -1.5157 -0.067414 -1.1429 -0.82413
1.8503 -2.0534 -0.10744 -2.051 -1.2914 -1.962 0.072209 -0.63755 -0.019686 -1.2967 -0.48355 -0.86665 -0.96782
0.29891 -1.9843 1.2499 -0.33067 -1.596 -1.5431 -0.18775 -0.8335 -0.14343 -1.2073 -0.19011 -0.88768 -0.71106
-1.9639 -2.4463 0.9517 0.11684 -0.57156 -0.11896 0.93051 0.090229 0.021683 -0.5462 0.037279 -0.81589 -0.042882
-2.7822 -2.8742 0.49022 -0.31654 -0.61034 -0.045574 1.2823 0.56927 -0.36245 -0.5575 0.26083 -0.82592 0.39614
-5.2389 -2.3618 1.0288 0.46327 -0.019798 0.32801 0.98062 0.40504 0.42632 0.01934 0.23343 -0.31454 0.10257
-3.8033 -3.2602 0.16358 -1.009 0.94449 -0.21397 0.54615 0.51075 -0.011667 0.77176 0.047724 0.20399 0.38819
-3.5471 -2.9512 0.68282 0.49107 1.1827 0.97581 0.79675 0.16963 0.20202 -0.086956 -0.063875 0.4648 -0.23208
-3.0265 -2.7251 0.68351 -0.57839 -0.42646 -0.37719 0.62482 0.46856 0.39875 0.10505 0.10867 -0.5223 0.75468
-3.6586 -2.5384 0.83675 0.56435 0.43777 0.47737 0.29651 0.0956 0.73924 0.11848 -0.3149 -0.0095109 0.042808
-5.009 -2.7404 0.19539 -0.53398 0.5317 0.18146 0.92538 1.209 0.071103 0.58287 0.83666 -0.081967 0.61064
-5.5469 -2.8587 0.40152 -0.01105 0.37 0.53892 1.0893 1.1604 0.91593 0.42469 0.11338 0.0225 0.56021
-2.3786 -1.9838 1.1486 -0.12138 -0.45025 -1.0062 -0.56315 -1.0175 0.53016 0.09755 0.17387 -0.24593 -0.16311
2.1356 -1.2387 -2.1034 -3.3092 -0.94138 -1.7742 -0.5086 -1.0769 -0.39724 -1.7913 -0.19909 -0.72643 -0.57708
3.7208 -2.7751 -3.3326 -3.2148 -1.0135 -0.9265 -0.94615 0.03731 -0.52107 -1.6374 -0.30659 -0.65499 -0.41536
4.2572 -4.1012 -3.1996 -3.5127 -1.1152 -0.75229 -0.97303 0.094819 -0.77253 -1.5129 -0.62657 -0.019372 -0.74936
4.3176 -4.0809 -3.3634 -3.3288 -1.2186 -0.1921 -1.0866 0.38345 -0.85367 -1.11 -0.50585 0.079507 -0.8532
4.2332 -3.7246 -2.7515 -3.1514 -0.64523 0.071725 -0.66931 0.28588 -0.55734 -0.79806 -0.33934 0.21422 -0.50408
4.3208 -4.5495 -3.0045 -3.4274 -0.78142 0.096696 -1.3408 0.30312 -0.6422 -0.92332 -0.46157 0.17854 -0.80277
4.1501 -4.4118 -2.5735 -3.4668 -0.49821 -0.12118 -1.5637 -0.029312 -0.82314 -0.77433 -0.35657 0.18743 -0.78525
3.9596 -4.812 -3.0389 -3.3226 -0.83277 -0.2935 -1.7217 -0.098891 -0.90479 -0.54484 -0.15341 0.20849 -0.50217
3.4058 -4.1169 -2.4678 -3.449 -0.4952 -0.29732 -1.8705 -0.039013 -0.81558 -0.36279 -0.13739 0.28962 -0.35619
2.6739 -3.724 -2.173 -3.5324 -0.53333 -0.53569 -1.4461 -0.22958 -0.67216 -0.39915 -0.31651 0.10349 -0.19478
1.88 -2.9321 -1.7283 -3.1379 -0.2987 -0.55784 -1.2046 -0.75965 -0.34157 -0.53543 -0.43635 -0.30845 0.072632
1.003 -2.0917 -0.9491 -2.5612 -0.50875 -1.2118 -0.36966 -1.3121 -0.5794 -0.45281 -0.32913 -0.56375 -0.40881
