0.43855 -2.3221 0.41676 -1.5941 -1.2013 -1.3175 -0.095564 -0.9975 -0.39432 -0.48537 0.044912 -0.51062 -0.55043
0.94995 -2.9369 -0.40053 -1.6202 -1.2497 -1.5354 -0.052975 -0.46698 -0.48712 -0.83828 -0.29753 -0.69579 -0.63742
1.5781 -3.6436 -0.58974 -1.3878 -2.0738 -1.3818 0.16664 -0.47433 -0.77381 -0.87692 -0.49124 -0.8569 -0.5921
1.4947 -3.2633 -0.22479 -1.6908 -1.8195 -0.88568 0.3608 -0.38729 -0.446 -0.99128 -0.55165 -0.82192 -0.95345
1.8069 -3.7028 -0.30947 -1.5898 -1.6051 -1.1906 0.3435 0.20664 -0.78158 -0.68785 -0.44388 -0.99698 -0.63747
1.6981 -3.5746 -0.27332 -1.464 -1.6952 -1.1767 0.12818 0.035119 -0.19685 -0.81518 -0.86913 -0.74094 -1.0368
1.4784 -3.5402 -0.58661 -1.0224 -1.9045 -1.8054 -0.29633 -0.56176 -0.40645 -0.72969 -0.5385 -0.59229 -1.1193
-0.11612 -2.9486 0.66429 0.21343 -0.57907 -0.82757 -0.77372 -1.2312 -0.32546 -0.57449 -0.00048472 -0.26552 -0.78182
-0.6173 -2.5869 0.9257 0.81863 -0.3331 -0.70775 -0.75259 -1.4426 0.10581 -0.69441 -0.66053 -0.43253 -0.65331
0.33312 -2.4387 1.3799 0.47908 -2.3252 -1.9885 -0.6603 -1.053 0.17458 -1.0512 0.13072 -0.85822 -0.29299
1.057 -2.8312 0.12483 -0.051465 -1.9566 -1.7618 -0.4268 -1.0531 0.36659 -1.3748 0.28795 -1.0445 -1.3623
2.1621 -3.4754 -0.78559 -0.93752 -1.9215 -1.4609 0.10407 -0.45343 -0.13475 -1.0255 -0.25825 -0.58897 -1.2978
2.7733 -4.063 -1.1147 -1.5789 -1.846 -1.4679 0.3995 0.13473 -0.78059 -0.97196 -0.52186 -0.6968 -1.2903
2.8547 -4.0309 -1.1687 -1.7359 -1.6318 -1.1714 0.24971 0.42029 -1.0114 -1.116 -0.18202 -0.97475 -0.96982
2.5021 -3.6801 -1.2985 -1.5583 -1.3182 -0.84952 0.07817 0.22608 -0.82186 -1.3143 -0.15715 -0.71553 -0.90393
2.6622 -4.2619 -1.0542 -1.5765 -1.7813 -0.75925 0.14944 0.24093 -0.95597 -0.93707 -0.49526 -0.68038 -0.97281
2.7385 -4.404 -1.2301 -1.7532 -1.7087 -0.82082 -0.010017 0.28825 -0.99851 -0.83858 -0.4432 -0.94994 -0.81322
2.6486 -4.0863 -1.1198 -1.8421 -1.7798 -1.0589 0.1715 0.17468 -0.93771 -0.95555 -0.35503 -1.1803 -0.85176
2.1845 -3.282 -0.78517 -1.813 -1.752 -1.2738 0.13972 0.61302 -1.0174 -0.90725 -0.14581 -1.2645 -0.48692
1.539 -3.0406 -0.11788 -2.3066 -1.4501 -1.5753 0.059601 0.37615 -0.60506 -0.81238 -0.14386 -1.4047 -0.93059
1.0586 -2.736 0.55719 -1.8169 -1.7758 -2.1033 0.015294 -0.56194 -1.1228 -0.57025 0.25403 -1.1241 -0.52069
-0.83801 -2.2823 1.1425 -8.4613e-05 -0.90461 -1.0137 -0.29871 -1.0215 0.41796 -0.088379 0.37106 -0.29385 -0.11031
-3.122 -2.778 0.57266 -0.051605 -0.21698 -0.22145 0.29889 -0.1968 -0.13628 0.092263 0.83864 0.044326 -0.03814
-3.7238 -2.86 0.42293 -0.47877 -0.53882 -0.15994 1.2898 0.98068 0.21443 0.19238 0.80537 -0.32659 0.89655
-5.3784 -3.1688 0.045872 -1.095 -0.93333 -0.59178 1.2839 0.97211 -0.39596 0.25471 1.5609 -0.27145 1.0289
-6.7429 -2.4367 0.69108 0.32025 0.64652 0.50467 0.62549 0.50825 0.5125 0.49386 0.54728 0.43684 0.44242
-5.5839 -2.5186 0.6255 0.26872 0.62711 0.56487 0.7112 0.69547 0.64014 0.23035 -0.10102 -0.030373 0.25285
-0.84765 -5.8241 -1.0644 0.24753 0.10359 0.67201 0.1681 0.71976 0.29635 0.64658 0.37929 0.62062 0.38183
-1.8294 -3.749 0.11252 -0.24977 -0.58949 -0.41927 -0.75041 -0.26568 -0.50311 -0.40368 -0.24344 0.01743 0.043643
1.5659 -2.6035 -0.95929 -2.163 -1.009 -1.5563 -0.70056 0.11293 -0.16105 -1.1263 -0.28334 -0.076291 -0.14559
2.5087 -3.4678 -1.6407 -2.34 -0.72575 -0.65941 -0.72234 0.2267 -0.69776 -1.1709 -0.52206 -0.042434 -0.49787
2.7617 -3.7022 -2.0556 -2.8733 -0.40506 -0.53223 -0.99743 0.11126 -0.9156 -1.4143 -0.35464 -0.17474 -0.82978
2.8245 -3.7951 -1.8528 -3.0129 -0.10926 -0.36469 -1.1268 0.034381 -1.0887 -1.1321 -0.25527 -0.23917 -0.79796
2.492 -3.9988 -2.0968 -2.422 -0.17775 -0.50479 -0.81723 -0.1897 -0.96253 -1.0129 -0.56499 -0.3052 -0.38587
1.8702 -3.5754 -1.8915 -2.7446 -0.34677 0.066066 -1.3839 -0.27789 -1.0803 -1.1271 -0.58487 -0.31492 -0.5399
1.1622 -3.3357 -1.8252 -2.7814 -0.41216 -0.61602 -0.97887 -0.50441 -1.0634 -0.89473 -0.35792 -0.3438 -0.073744
0.78588 -2.4938 -1.147 -2.5493 0.18679 -0.23683 -0.78164 -0.32883 -0.55139 -1.0421 -0.5395 0.03773 0.071274
-0.60504 -3.2685 -1.1801 -2.1631 0.47692 0.06535 -0.28588 0.012969 -0.40777 0.16167 -0.32498 0.48289 0.37788
