-2.1293 -4.0796 -0.77287 -0.83942 0.076353 0.20662 0.038788 -0.18879 0.22091 -0.20297 -0.0054664 0.4904 -0.41089
-1.1559 -1.6225 0.64887 0.034881 -0.58671 -0.67357 -0.66352 -0.77673 0.36554 -0.48614 -0.18196 -0.03384 -0.46259
1.3755 -0.9485 0.29598 -0.41845 -1.1626 -1.9823 -0.52446 -0.23034 1.2413 -0.68142 -0.18677 -0.34075 0.24313
1.844 -1.3339 -0.069748 -1.3037 -1.0981 -1.6936 -0.78842 0.17858 0.84567 -0.4842 -0.39352 0.18677 -0.099453
2.0313 -1.2412 -0.10948 -1.4372 -1.5912 -1.6673 -0.41444 0.13064 0.51894 -0.61902 -0.52526 -0.027254 -0.11033
2.1901 -1.5277 -0.32799 -1.3419 -1.7168 -1.5177 -0.17917 0.055554 0.24988 -0.26268 -0.41736 -0.42742 1.1863e-05
2.2907 -1.6208 -0.00025045 -1.511 -1.6839 -1.7536 0.0099969 0.21181 0.29919 -0.3344 -0.47401 -0.10123 -0.1959
2.2351 -0.96389 -0.030671 -1.5211 -1.651 -1.6352 -0.23699 0.10442 0.57177 -0.65757 -0.26924 -0.096478 -0.16823
2.0967 -1.2351 0.39205 -1.2181 -1.7873 -1.8103 -0.38244 0.017748 0.58491 -0.44689 -0.43681 0.072657 -0.027657
1.4025 -1.2467 1.0013 -1.2156 -1.3472 -1.655 -0.63398 -0.063183 0.16585 -0.22497 0.036593 -0.2092 -0.038876
1.4055 -1.5182 1.0225 -0.81075 -1.4318 -1.5515 -0.72656 0.018797 0.47367 -0.24675 -0.364 -0.12431 0.35205
2.1949 -1.6063 0.25836 -1.5425 -1.5768 -1.5578 -0.77563 0.29464 0.15636 -0.37947 -0.35363 -0.34085 -0.17227
2.5978 -1.7515 0.30193 -1.4505 -1.7922 -1.8836 -0.19473 0.65726 -0.37126 -0.12225 -0.35803 -0.14396 -0.22152
2.9115 -1.578 -0.024465 -1.8519 -1.8353 -1.4275 0.0041787 0.69851 -0.29519 0.10257 -0.77749 -0.2335 0.046518
2.9923 -1.926 -0.15382 -2.0073 -1.8276 -1.291 0.015478 0.54916 -0.33139 0.054599 -0.95293 -0.15276 -0.10237
3.1157 -2.1179 -0.046685 -2.0295 -2.1643 -1.0602 0.022358 0.49601 -0.54846 0.18951 -1.0447 -0.22685 -0.2313
3.1086 -1.9875 -0.56144 -2.1681 -1.8434 -0.85018 -0.32245 0.41629 -0.24993 -0.1105 -1.0473 -0.16079 -0.19542
3.2056 -2.1854 -0.54855 -2.1602 -2.0001 -0.65026 -0.31412 0.26536 -0.17796 0.0027351 -1.119 -0.22521 -0.26148
3.0418 -2.1457 -0.62025 -2.1863 -1.716 -0.9618 -0.45485 0.17298 -0.073584 -0.10668 -1.1722 -0.18005 -0.25083
2.785 -1.8 -0.26539 -2.3279 -1.4627 -0.86542 -0.666 -0.041031 0.40094 -0.17839 -1.0811 -0.11059 -0.33782
2.308 -1.7037 0.13112 -1.7134 -1.4266 -0.78153 -0.53361 -0.097581 0.34997 0.1236 -1.0463 0.24484 -0.4064
0.74493 -1.6463 0.87161 -1.0923 -1.1315 -1.229 -0.90783 -1.1517 0.51718 0.079916 -0.5423 -0.71626 -0.32068
-2.1739 -2.4569 1.0176 0.37318 -0.48133 -0.12734 0.58044 -0.01105 0.68436 -0.070841 -0.087974 -0.62687 0.15655
-4.4687 -2.3857 0.96529 0.31667 -0.25219 -0.17517 0.41258 0.13847 0.77539 0.36883 0.28003 -0.28026 0.49604
-5.3891 -2.5772 0.57407 0.14685 0.45795 0.27989 0.38897 0.21965 0.25312 0.5358 0.89703 0.733 0.56874
-5.854 -2.4286 0.74405 -0.24843 -0.18124 -0.048615 1.0807 0.6751 -0.17886 0.52798 1.6146 0.22305 0.55346
-5.8597 -2.5211 0.5685 0.040792 0.30807 0.26263 0.73248 0.63623 0.44249 0.56386 0.85781 0.42984 0.585
-5.3799 -2.454 0.64796 0.1021 0.38318 0.39228 0.94056 0.79467 0.38717 0.31816 0.47534 0.070545 0.66152
-5.874 -2.7634 0.34982 -0.15021 0.13369 0.10294 0.52415 0.42286 0.25179 0.37709 0.64501 0.33706 0.53378
-1.7195 -3.7441 -0.8601 -0.4878 -0.45771 -0.7529 -0.25863 0.3899 -0.41456 0.26821 -0.18925 0.12089 0.31235
-0.81643 -3.7523 -0.98069 -1.1859 -0.65752 -0.089884 0.023677 0.32442 -0.00093328 0.46938 -0.54233 0.33935 0.11686
0.99086 -1.246 0.43046 -1.7659 -1.1981 -0.4708 -0.56614 -0.84188 0.59454 -0.35923 -0.85005 -0.56513 0.080765
2.2607 -1.2335 -0.079751 -2.3993 -1.4358 -0.2388 -0.41047 -0.26287 0.33159 0.2891 -0.86597 -0.24604 0.015804
2.263 -1.3948 -0.32883 -2.3293 -1.6953 -0.13712 0.039633 -0.82195 0.42861 -0.054059 -0.87373 -0.35084 0.10746
2.2828 -1.241 -0.51021 -2.0139 -1.2928 -0.43272 -0.05759 -0.2871 0.2526 -0.37042 -1.0029 -0.067515 0.26811
2.3693 -1.1843 -0.95486 -1.8944 -1.2163 -0.18779 -0.12355 -0.34022 0.31863 -0.34414 -0.98646 0.019124 0.15678
2.6186 -1.5796 -0.78871 -2.7061 -1.4064 0.46575 -0.3366 -0.44797 0.093374 -0.013164 -0.93043 -0.13014 -0.0049597
2.7263 -2.087 -1.4656 -2.6567 -0.6762 0.22735 -0.76086 0.075221 -0.094888 0.069424 -1.1922 0.057225 0.0094827
2.8144 -2.7097 -2.221 -1.904 -1.0504 0.30911 -0.99044 0.086852 0.090283 0.010184 -1.3097 -0.13053 0.45249
2.5068 -3.0622 -1.8109 -2.3154 -0.57262 0.51302 -0.87795 0.25088 0.15918 0.036024 -1.3025 0.019319 0.24298
1.4951 -2.9265 -1.5441 -1.8539 -0.50224 0.47887 -0.54294 -0.12484 0.44824 -0.16364 -1.3266 0.095362 0.074731
1.0602 -2.685 -1.4593 -2.0848 -0.40642 0.32691 -0.66214 -0.16583 0.28153 -0.30414 -0.92225 0.11472 0.47697
-0.6804 -3.8488 -1.6495 -2.3757 -0.070333 0.21698 -0.017136 0.83322 0.61994 0.46876 -1.0261 -0.17421 1.0596
-0.012655 -3.3423 -1.6218 -2.0893 -0.17585 -0.095777 -0.44197 -0.15343 0.24249 0.30309 -0.92457 0.35413 0.17831
