0.79385 -1.589 0.99109 -0.43132 -0.93773 -1.261 -0.029175 -0.54935 0.65082 -0.44601 -0.5071 -0.055582 0.062194
1.4035 -1.4748 0.28692 -0.99118 -1.0562 -1.1935 -0.25011 -0.26996 0.5812 -0.37247 -0.21035 -0.30498 -0.076419
1.4263 -1.2435 0.26488 -1.3216 -1.1273 -1.3516 -0.010509 -0.24278 0.56424 -0.58013 -0.50128 -0.076922 -0.16973
1.5148 -1.3155 0.15779 -0.99594 -1.1585 -1.427 -0.3583 -0.030924 0.85907 -0.82318 -0.57211 -0.2473 0.015353
1.6467 -1.2615 -0.1784 -0.84741 -1.0213 -1.7593 -0.29818 0.22827 0.72155 -0.76081 -0.18893 -0.34746 0.011377
1.7248 -1.5742 0.64526 -1.0609 -1.3887 -1.7165 0.0022373 0.51686 0.40873 -0.75662 -0.29197 0.13877 -0.15857
1.7142 -1.2201 0.033534 -0.89826 -1.2566 -1.5962 -0.28945 -0.0061934 0.78761 -0.84927 -0.01645 -0.15315 -0.18304
1.5027 -1.3181 0.46922 -1.0175 -1.0545 -1.6026 -0.51565 -0.14393 0.62243 -0.29176 0.0089681 -0.49464 0.10773
0.85543 -1.6287 1.0335 -0.69599 -1.2961 -1.4438 -0.45789 -0.57025 0.69423 -0.48091 0.10258 -0.40512 0.34364
0.11153 -2.1731 1.2601 0.10334 -0.93317 -1.2186 -0.71858 -0.98642 0.58443 -0.18552 0.038447 -0.119 0.15564
0.25429 -1.9227 1.495 -0.14894 -0.78122 -1.4576 -0.72643 -0.83002 0.40591 -0.10705 0.53486 -0.032356 -0.1024
0.72049 -2.0358 1.2517 -0.38869 -1.2586 -1.3453 -0.55024 -0.42635 0.3871 -0.068978 0.29099 -0.40101 0.036468
1.4252 -1.4213 1.052 -1.2512 -1.756 -1.5332 -0.085414 -0.31685 0.48557 -0.56304 -0.0016841 -0.34365 0.049187
2.0586 -1.5808 0.54691 -1.6816 -1.5578 -1.6772 -0.19414 0.14851 0.29043 -0.37023 -0.42657 -0.29688 0.13315
2.2126 -1.628 0.67957 -2.0065 -2.0121 -1.3303 0.083683 0.23833 0.086239 -0.26796 -0.38896 -0.35866 0.13742
2.304 -1.6609 0.20078 -2.0349 -1.9538 -1.2102 0.23697 0.020962 0.032711 -0.39792 -0.26358 -0.57766 0.026278
2.3033 -1.539 -0.11166 -2.1237 -1.8381 -1.072 -0.31612 -0.019182 0.13351 -0.26105 -0.7586 -0.5394 0.3807
2.3387 -1.3719 0.14674 -2.2131 -1.6156 -1.0173 0.16313 -0.17604 0.010964 -0.10961 -0.62624 -0.64873 0.032788
2.399 -1.5501 -0.031929 -2.1345 -1.3896 -1.0697 -0.012611 0.089465 0.18934 -0.37954 -0.66399 -0.29075 -0.057422
2.3131 -1.399 -0.0077108 -1.9616 -1.5997 -1.104 0.07662 -0.058744 0.42558 -0.24732 -0.7601 -0.13091 0.2399
2.4114 -1.4807 -0.19935 -2.0953 -1.9096 -0.53282 0.22725 -0.48928 0.67938 -0.011338 -1.0112 -0.2285 0.45154
2.2291 -1.7047 -0.18676 -1.9903 -1.4459 -1.249 -0.36036 0.36031 0.15525 -0.45792 -0.57693 -0.053633 0.30808
1.9191 -1.4743 0.059323 -1.9975 -1.6702 -1.2807 -0.40163 -0.36942 0.48865 -0.44474 -0.59918 -0.26389 0.15338
1.3379 -1.0795 1.1809 -1.3945 -1.6919 -1.3301 -0.29624 -1.1557 0.83237 -0.099719 -0.21265 -0.64221 0.53508
-0.98868 -2.176 1.405 0.33115 -0.85369 -0.94291 -0.17576 -0.85072 0.49791 0.11156 0.63596 -0.29119 0.062858
-3.4217 -2.7908 0.36599 -0.14035 0.3418 -0.2478 -0.27051 -0.080697 0.41438 0.87792 0.94618 0.62323 0.43493
-5.216 -2.3873 0.74593 0.29613 0.57002 0.43048 0.67354 0.48834 0.31926 0.45847 0.78583 0.47673 0.43795
-4.8854 -2.7173 0.40137 0.0377 0.35541 0.19651 0.29408 0.20638 0.21502 0.15007 0.15918 0.13361 0.1998
-6.2045 -2.6588 0.46619 0.10765 0.41103 0.21798 0.24717 0.17809 0.36844 0.38427 0.4107 0.35863 0.20231
-5.5591 -2.6347 0.52618 -0.012607 0.21427 0.0573 0.45419 0.27425 0.11415 0.4636 0.98064 0.36901 0.32189
-5.8538 -2.5379 0.57975 0.2116 0.54704 0.44398 0.58927 0.53362 0.51724 0.30067 0.16163 0.12394 0.23759
-1.7503 -4.3274 -1.5702 -1.6243 0.29116 -0.42512 0.17757 0.67131 0.29381 1.0316 0.78711 0.5612 0.24793
-2.3497 -5.3314 -1.2038 -2.1173 -0.73185 -0.39475 -0.38137 0.68106 0.81364 1.2027 0.89494 0.73386 0.29039
-4.8138 -2.1598 1.0286 0.53943 0.43138 0.32763 0.26383 -0.13311 0.40619 -0.15603 -0.36934 -0.13199 -0.15724
0.64671 -1.4343 0.1916 -1.4034 -0.8052 -0.66271 -0.064603 -1.1521 0.62573 -0.24183 -0.37436 -0.49714 -0.010091
1.7927 -1.3399 -0.41539 -2.0785 -1.0833 -0.73134 -0.12673 -0.5539 0.62022 0.031641 -0.61497 -0.57174 0.28541
1.9171 -1.6431 -0.11313 -2.6107 -1.2441 -0.3377 -0.096048 -0.33313 0.047402 0.19721 -0.89223 -0.68516 0.34152
2.0813 -1.4281 -0.1688 -2.9827 -0.64521 0.11602 -0.68049 -0.018823 0.083832 0.26629 -1.0775 -0.37541 0.41028
2.1833 -1.6058 -1.1024 -2.5858 -0.04793 -0.25775 -0.66285 0.15873 -0.05802 0.39467 -1.0067 -0.19271 0.18263
2.2098 -2.0065 -1.7425 -2.0644 -0.72988 -0.16151 -0.5111 -0.025695 0.017172 0.037138 -0.8398 -0.44122 0.33365
2.1791 -1.6479 -1.7094 -2.2797 -0.62344 -0.13265 -0.27288 -0.59888 0.33608 -0.0017425 -1.3012 -0.13308 -0.23845
2.0993 -2.1956 -1.8429 -2.1214 -0.75043 -0.18793 -0.34946 -0.3989 0.14037 -0.25904 -0.98901 -0.41377 0.087884
2.0903 -1.8241 -1.7545 -2.0281 -0.50581 0.19777 -0.027471 -0.6602 0.57475 0.017683 -1.1285 -0.20067 0.14426
2.074 -2.6196 -1.8038 -1.8336 -0.93472 0.30166 -0.32802 -0.40179 0.40353 0.0036007 -1.185 -0.12191 0.2541
1.7828 -3.0982 -1.5092 -1.9187 -0.89418 0.53706 -0.61374 -0.25062 0.54908 0.29768 -1.309 -0.22745 0.54242
1.2502 -3.2578 -1.486 -2.1953 -0.62258 0.16318 -0.51207 0.092611 0.19562 0.059869 -0.84017 0.18731 0.37474
