-0.027791 -4.7669 -0.54983 -1.812 -0.41561 -0.59609 -0.53797 0.29279 0.42968 -0.044091 0.69621 1.1464 0.24279
-0.78999 -2.4046 0.32342 -0.010562 -1.1398 -1.3374 -1.3372 -0.93974 0.54445 -0.68986 -0.96648 -0.53447 -0.33429
1.7775 -2.4447 0.64632 -0.65313 -1.4798 -1.7067 -0.73941 0.14029 0.95508 -0.389 -0.51118 -0.096213 0.12775
1.8741 -0.9855 -0.006376 -0.92993 -1.2998 -1.7016 -0.67555 0.19503 1.2576 -0.66946 -0.36577 0.11764 -0.068548
2.0134 -0.92573 -0.17803 -1.2242 -1.5046 -1.6593 -0.86854 0.34348 1.1781 -1.0025 -0.73589 0.17263 -0.014271
2.0375 -1.1513 -0.19202 -0.99338 -1.6086 -1.687 -0.44966 0.22569 0.96482 -0.70938 -0.58654 -0.064564 -0.13697
1.8675 -1.0046 -0.097772 -0.94624 -1.3784 -1.6854 -0.42211 0.13579 0.94336 -0.61076 -0.56689 -0.13083 -0.094105
1.7283 -1.068 0.021549 -0.76894 -1.5173 -1.5891 -0.24313 -0.0071558 0.79478 -0.58887 -0.12952 -0.49898 -0.076975
1.6363 -0.85149 0.29356 -0.89247 -1.3009 -1.626 -0.65565 -0.055146 1.1246 -0.64537 -0.13335 -0.29072 -0.062127
1.0052 -0.43833 0.5411 -0.62999 -1.1989 -1.6793 -0.64415 -0.72085 1.5114 -0.38149 0.012496 -0.35201 0.4343
-0.26466 -1.6262 2.2252 1.0343 -1.1177 -1.2642 -1.1045 -1.3462 0.91229 -0.22794 0.48801 -0.27413 0.26323
-0.021006 -1.8385 1.9108 -0.015511 -1.7433 -1.6655 -0.55402 -0.59767 0.25038 -0.3684 0.26753 -0.22123 0.59139
0.87442 -1.2506 0.97684 -0.88048 -1.3945 -1.5484 -0.67417 -0.4014 0.86284 -0.55756 0.10295 -0.17284 0.0033811
1.8133 -0.86047 -0.11906 -1.1305 -1.3459 -1.7987 -0.61167 0.013058 1.2114 -0.83284 -0.49697 -0.11728 -0.091663
2.087 -0.91419 -0.14185 -1.2767 -1.5322 -1.2243 -0.35986 -0.053685 1.1319 -0.74127 -0.4029 -0.088279 0.070381
2.1093 -1.1585 -0.43539 -1.604 -1.2898 -1.2518 -0.62615 0.30618 0.83882 -0.82217 -0.51961 -0.1061 -0.11864
2.0909 -1.0103 -0.41674 -1.9322 -1.2078 -1.2983 -0.3708 0.21365 0.74904 -0.5798 -0.93298 0.12383 -0.27053
2.1215 -1.1389 -0.080933 -1.8121 -1.4601 -0.90394 -0.15064 0.17864 0.72174 -0.33477 -0.8482 -0.076413 0.31933
2.1356 -1.0422 -0.25938 -1.8707 -1.3795 -1.1517 -0.10243 0.18867 0.45751 -0.41537 -0.60009 -0.12386 -0.12412
2.1056 -1.1455 -0.077045 -1.9362 -1.8792 -0.81053 -0.076919 -0.10921 0.56147 -0.59943 -0.55922 -0.27112 0.049092
2.0196 -0.92544 -0.06917 -2.115 -1.595 -0.98102 -0.15997 -0.23235 0.60791 -0.39553 -0.90382 -0.15237 -0.15106
1.9533 -0.93235 -0.087957 -1.7836 -1.2584 -1.0292 -0.15702 -0.16974 0.76043 -0.20808 -0.74748 -0.19201 0.15925
1.8335 -1.0392 0.32507 -1.7235 -1.43 -1.1733 -0.41917 0.10393 0.61657 -0.4142 -0.3539 -0.28377 -0.16177
1.3093 -0.6289 0.37527 -1.3375 -1.2613 -1.6153 -0.42879 -0.57381 0.93277 -0.51898 -0.34891 -0.30283 0.0017831
-0.97981 -1.4456 1.172 -0.155 -0.81264 -0.70954 -0.22626 -0.82338 1.0723 0.089498 -0.17891 -0.19272 -0.3623
-3.5259 -2.7739 0.50917 0.061712 0.10346 -0.16285 0.032662 0.047583 0.63922 0.64363 0.52484 0.30617 0.52278
-4.9688 -2.8132 0.43758 -0.14786 0.039136 -0.14892 0.27354 0.12664 0.21465 0.77903 1.4172 0.6764 0.43328
-4.6443 -2.736 0.43914 0.048114 0.33308 0.11224 0.11194 0.00025398 0.16853 0.35579 0.6032 0.64015 0.4924
-4.8206 -2.6837 0.70945 0.40409 0.76147 0.69973 0.9565 0.87687 0.68931 0.25668 -0.09555 -0.30353 0.14935
-4.3669 -2.6036 0.62653 0.22549 0.45946 0.11156 -0.015184 -0.24021 -0.023423 0.28441 0.63529 0.4533 -0.031636
-5.5416 -2.69 0.48375 -0.21053 -0.11549 -0.13783 0.50419 0.2087 0.0066216 0.51482 1.2711 0.33624 0.3272
-2.7283 -4.425 -0.79095 -1.8467 -0.8018 -0.16997 0.62626 0.92503 0.21121 0.38412 0.097849 0.86893 0.6396
0.016964 -5.6935 -1.0916 -1.4714 -0.23665 -0.017328 0.077317 0.64935 0.27022 0.26496 0.19556 0.30614 0.27569
-0.6109 -2.5723 0.93721 -1.0156 -0.22661 -0.093119 -0.73257 -0.096394 0.26806 -0.35578 -0.60988 -0.019255 -0.57145
1.9279 -1.4439 -0.23778 -2.0772 -0.64725 -0.46385 -0.8989 0.031101 0.69959 0.16944 -0.82293 -0.44091 0.04067
2.259 -1.3284 -0.60758 -2.4251 -1.058 -0.24194 -0.91918 0.12863 0.56969 -0.22821 -0.81957 -0.50478 0.30888
2.3518 -1.2271 -0.58022 -2.9025 -0.81478 -0.082537 -0.96132 0.38239 0.31814 0.041371 -0.83442 -0.46466 0.19889
2.3493 -1.4703 -0.61205 -2.7461 -1.0238 -0.15522 -0.71756 0.079519 0.22805 0.1069 -0.74843 -0.49831 0.068684
2.2814 -1.4448 -0.50937 -2.773 -1.3065 -0.006637 -0.46609 -0.057908 0.03817 0.11952 -0.78365 -0.69905 0.25764
2.3403 -1.6434 -0.98242 -2.4534 -0.9453 -0.1783 -0.4222 0.079585 0.30428 0.030626 -0.80941 -0.61877 0.22086
2.382 -1.4381 -0.96623 -2.9603 -0.45764 -0.027878 -0.62605 0.56722 -0.11202 0.21853 -0.89477 -0.61519 0.57886
2.2074 -1.5638 -1.4497 -2.5496 -0.76687 -0.55851 -0.13457 0.21247 0.16335 0.013639 -0.96208 -0.44459 0.34643
2.271 -2.451 -1.3992 -2.3383 -1.0559 0.28666 -0.36942 -0.080557 0.40986 0.11986 -1.3518 0.086852 0.10557
1.267 -2.3967 -1.0031 -2.8162 -0.61038 -0.13866 0.089457 -0.16765 0.37719 0.13526 -1.1449 -0.37474 0.32178
0.90903 -2.048 -1.8194 -2.7212 -0.50649 -0.43549 0.15646 -0.10412 0.30061 0.41042 -0.81567 -0.26495 0.39049
0.33624 -2.6884 -1.4466 -2.3656 -0.65067 0.37153 0.17693 -0.15048 0.78155 0.098576 -0.63285 -0.087864 0.35114
