-0.33054 -4.3394 0.72352 -1.2201 -0.23172 -0.021438 -0.21765 0.45012 0.21766 1.0798 0.064389 0.10975 -0.35929
-3.9043 -2.97 0.19859 -0.15447 0.24156 0.076149 0.36931 0.41181 0.047259 0.2314 0.52404 0.059979 -0.22573
-0.42992 -1.2459 1.1859 -0.10046 -0.72239 -0.36445 -0.44508 -0.17693 0.56331 -0.41167 -0.60027 -0.023171 -0.56137
1.8287 -1.4782 0.779 -0.88616 -1.1177 -0.50295 -0.76338 0.083874 0.49352 -0.0010333 -0.75809 0.15849 -0.45591
2.2561 -2.0058 0.50174 -1.1207 -1.2347 -0.80506 -0.77277 -0.026588 0.43931 -0.1192 -0.84794 0.040596 -0.40244
2.5942 -2.4337 0.45812 -0.95733 -1.4059 -0.68381 -0.8977 0.26731 0.31774 0.22546 -0.90552 0.1492 -0.49145
2.511 -2.0605 0.23316 -0.73912 -1.5356 -0.35111 -1.1774 -0.0030335 0.39997 0.0011589 -0.83391 0.13044 -0.45323
1.2153 -1.7428 0.37024 -0.63693 -1.0971 0.032284 -1.2747 -0.16702 1.2099 -0.54366 -0.71977 -0.088647 -0.43827
0.55456 -1.7997 0.57212 -0.049157 -1.2541 -0.61738 -0.8937 -0.45084 0.95962 -0.47583 -0.3357 0.064499 -0.090923
2.0454 -1.7584 -0.28376 -0.30066 -1.5557 -0.45771 -1.0745 -0.20624 0.82575 -0.59995 -0.6371 -0.064192 -0.021137
2.9354 -1.816 -0.82156 -0.40199 -1.576 -0.30707 -1.1987 0.080005 0.83785 -0.38007 -0.87223 0.34305 -0.14514
3.2044 -2.2358 -0.52335 -0.81167 -1.5559 -0.096264 -1.2167 0.2696 0.68857 -0.1148 -1.128 0.35571 -0.41804
3.3216 -2.1389 -0.83179 -1.1744 -1.3282 -0.31158 -0.86428 0.22081 0.41727 -0.29934 -1.1386 0.041001 -0.48363
3.4499 -2.128 -0.88361 -1.7551 -1.0632 -0.28796 -0.77031 0.28262 0.49236 -0.16098 -1.5279 0.24884 -0.4808
3.4218 -2.0315 -0.78498 -1.5069 -1.1426 -0.054475 -0.87586 0.52687 0.54808 -0.32348 -1.2939 -0.16968 -0.17465
3.4532 -2.056 -0.44124 -1.931 -1.0339 -0.29298 -0.90019 0.37948 0.58087 -0.385 -1.2913 -0.0042741 -0.2963
3.2099 -2.2009 -0.28391 -1.8337 -1.0584 -0.27201 -1.1881 0.25284 0.79662 -0.095032 -1.2995 0.36991 -0.5593
2.756 -2.0348 0.41099 -1.7866 -0.80506 -0.48142 -1.2236 0.10873 0.78089 -0.071954 -1.3362 0.71037 -0.66294
1.2085 -2.4264 1.0434 -1.7872 -0.72374 -0.80999 -1.1879 0.052702 1.2237 0.71636 -1.0743 0.33156 -0.14019
-0.90684 -2.4408 1.139 -0.72592 -1.3325 -1.8238 -0.28959 0.1298 1.4253 0.65294 0.23435 -1.1848 0.73245
-1.5549 -3.2923 0.48749 -0.7369 -1.3265 -1.8097 -0.6812 -0.13863 1.6655 0.78541 0.14775 -0.52897 0.38348
-2.765 -2.6814 0.52867 -0.75201 -0.9447 -1.4344 -0.33181 -0.07828 0.61991 0.40399 0.44272 -0.39554 0.78725
-3.031 -2.5908 0.64743 -0.48 -0.48102 -0.71937 0.76373 1.0094 0.79521 0.84061 0.94253 -0.81737 0.55535
1.4567 -7.1647 0.26512 -1.216 -1.0403 0.83831 -0.13627 0.74441 -0.52316 1.5173 0.44611 0.2575 -0.41489
2.1501 -6.3849 0.12654 -1.613 -1.1302 -0.2331 -0.1216 0.78145 -0.16537 1.0446 0.25501 -0.041158 -0.81015
0.67156 -1.2509 0.61241 -1.7958 0.084841 0.10046 -1.1081 -0.043282 0.39505 0.076605 -1.165 0.26533 -0.65518
2.8067 -1.3299 0.29503 -2.3619 -0.32172 0.24365 -1.4208 0.11417 0.79727 0.061599 -1.1082 0.22552 -0.44025
2.9855 -1.5101 -0.26062 -2.3019 -0.82095 0.65529 -1.5009 -0.081987 0.70946 -0.16485 -1.1767 0.3629 -0.44384
3.1501 -2.1786 -0.3353 -2.4149 -0.76754 0.64746 -1.235 -0.14089 0.7018 -0.33655 -1.0189 0.019866 -0.42797
3.1585 -2.361 -0.24529 -2.4704 -0.52382 0.47635 -0.94133 -0.20979 0.34735 -0.35675 -0.9402 -0.070153 -0.48539
3.0137 -2.1248 -0.25424 -2.7405 -0.53751 0.66101 -1.1606 -0.24561 0.54263 -0.3853 -0.7764 0.094258 -0.42921
3.0522 -2.1854 -0.28377 -2.9523 -0.52672 0.8139 -0.88187 -0.56062 0.42698 -0.24759 -0.64176 -0.075588 -0.56055
2.8487 -1.9578 -0.39154 -3.2294 -0.57507 0.85206 -0.88504 -0.63624 0.65321 -0.37526 -0.84485 -0.14108 -0.46489
2.5339 -1.8768 -0.50708 -2.7461 -0.63346 0.82467 -0.76452 -0.6311 0.43215 -0.15001 -0.72368 -0.042737 -0.41818
1.9136 -1.7904 -0.74525 -2.7317 -0.43692 0.71781 -0.59138 -0.69187 0.36512 -0.45984 -0.48024 -0.15421 -0.24897
0.13571 -0.45432 -0.15736 -2.5782 -0.084194 -0.069891 0.52324 -0.58689 0.077604 -0.18826 -0.41273 -0.32669 0.0030562
