-1.1285 -2.0347 0.88553 -0.032225 -0.26975 -0.46188 -0.34512 -0.33752 0.78566 -0.062379 -0.30626 -0.35364 -0.45362
2.2861 -1.3825 0.25037 -0.97252 -0.87309 -0.94566 -0.89323 -0.40506 1.2762 0.068992 -0.74699 -0.65738 0.1146
3.1674 -1.7962 -0.57751 -1.2348 -1.0912 -0.63005 -1.0799 0.056162 1.1495 0.1966 -0.93864 -0.27185 -0.11945
3.5999 -1.77 -0.99177 -1.3066 -1.3169 -0.20036 -1.0295 0.41732 1.0221 0.24766 -1.1068 -0.92995 0.29151
3.7094 -1.9647 -0.8371 -1.6681 -0.95854 -0.33854 -0.89894 0.20689 0.93127 0.18284 -1.2813 -0.77122 -0.047581
3.7255 -1.7299 -1.1249 -1.4831 -1.0955 -0.47445 -0.72468 0.14895 1.1143 0.26906 -1.3971 -0.62404 0.056139
3.6951 -1.6107 -1.1159 -1.4972 -1.0519 -0.67012 -0.71128 0.031114 1.0311 0.25078 -1.3027 -0.886 0.15738
3.6785 -1.7426 -0.83857 -1.5987 -1.0344 -0.59829 -0.86633 0.03484 1.19 0.37089 -1.2717 -0.91603 0.2388
3.254 -0.79336 -0.88613 -1.6229 -0.85765 -0.84184 -1.0791 -0.37726 1.4842 -0.0051818 -0.72936 -0.95284 0.10772
1.9454 -1.6915 0.24071 -0.77725 -0.80212 -0.28248 -1.3046 -0.90083 1.623 0.23822 -0.7238 -0.30926 0.036601
1.217 -2.5203 0.90354 0.25803 -0.7028 -0.12207 -1.275 -1.0935 0.86901 0.17773 -0.2204 -0.3054 0.26831
1.0952 -2.4235 0.74257 0.2233 0.040944 -0.24319 -1.4512 -1.7744 0.27624 0.25345 0.52678 -0.045662 0.44314
1.229 -2.2657 0.95173 0.32488 -0.078049 -0.82059 -1.6972 -1.0363 0.58918 0.45037 -0.16466 -0.079094 0.76769
2.1962 -2.2069 -0.072653 -0.39623 -0.71182 -0.8075 -1.4359 -0.6598 0.57863 0.060447 -0.24852 -0.22862 0.1652
2.6707 -0.92783 -0.15265 -1.5057 -0.74195 -0.71079 -0.93866 -0.75467 1.314 0.062725 -1.0366 -0.38811 -0.053395
3.079 -1.5811 -0.4036 -1.0953 -1.2287 -0.40302 -0.77539 -0.53027 1.1382 0.045973 -0.94992 -0.73738 0.2244
3.3911 -1.6792 -1.0685 -1.3059 -1.1845 -0.43266 -0.72722 -0.54875 1.0154 0.10114 -0.96718 -1.0042 0.012085
3.4734 -1.7393 -0.88436 -1.491 -1.2094 -0.23709 -0.91448 -0.53015 1.0633 0.12591 -1.1382 -0.8349 0.024953
3.3543 -1.4769 -0.79159 -1.3887 -1.0078 -0.24942 -1.0442 -0.51032 1.1123 0.25551 -0.98494 -0.69075 0.034633
3.3068 -1.6696 -0.86116 -1.5698 -1.0634 -0.079432 -1.1006 -0.69957 1.0488 0.010686 -0.88216 -0.65244 -0.16594
2.9017 -1.6378 -0.4818 -1.4585 -0.96351 -0.45944 -1.3803 -0.8345 0.6498 0.22239 -0.59756 -0.7353 -0.29553
2.3422 -1.415 0.26623 -1.3344 -0.97472 -0.20931 -1.3865 -1.2562 0.71251 0.048261 -0.44693 -0.49194 -0.082617
0.60063 -1.5543 0.92257 -0.30281 -0.2266 -0.43262 -0.83979 -1.3541 0.63692 0.020737 -0.1948 0.042019 0.12866
-2.0467 -2.5271 1.0229 0.75701 0.34164 0.22462 -0.087854 -0.44472 0.80345 0.12416 -0.39268 -0.11356 -0.40686
-3.3916 -2.9372 0.29481 -1.0939 -1.1635 -0.79873 1.1102 0.60831 -0.86617 0.17154 1.8618 -0.23135 0.64238
-3.1275 -2.7944 0.39397 -0.55337 -0.5321 -0.43061 0.63545 0.26874 -0.40836 0.164 1.0711 -0.25792 0.12867
-3.758 -2.8144 0.46996 -0.51521 -0.38373 -0.30198 0.7605 0.3761 -0.37038 0.32094 1.3462 0.0020165 0.12128
-0.48648 -5.8886 0.20105 -0.24193 0.25065 0.053702 0.2329 0.362 0.70849 0.6222 0.49532 0.051711 -0.37393
-1.7651 -3.2254 0.2676 -0.2853 -0.070785 -0.19861 0.081201 0.42645 0.67228 0.31794 0.043127 -0.50059 -0.12811
1.787 -1.1327 0.31293 -2.0822 -0.79939 -0.17726 -0.29611 -1.0918 0.59212 -0.053355 -0.53007 -1.1085 -0.44078
2.9649 -1.6902 -0.57459 -2.0538 -1.2815 -0.092822 -0.86903 -0.94007 0.67426 0.31264 -0.39435 -1.1147 -0.61193
3.4377 -1.6331 -0.69209 -2.3754 -1.3787 0.39736 -1.0307 -0.76974 0.56596 0.32811 -0.28611 -1.0302 -0.82377
3.3833 -1.721 -0.82687 -2.6467 -1.2821 0.25832 -0.52186 -0.92862 0.63541 0.12834 -0.50236 -0.77173 -0.87217
3.1497 -1.7271 -0.72338 -2.7656 -1.1623 0.13828 -0.29366 -0.92459 0.38086 0.0017678 -0.31227 -1.2051 -0.68795
2.8827 -1.4012 -0.5741 -2.8322 -1.0543 -0.066766 -0.20058 -0.87981 0.39213 0.33019 -0.36851 -0.92359 -0.9542
2.5743 -1.5876 -0.29907 -2.6231 -0.91313 -0.50932 -0.05003 -0.46974 0.25348 0.19409 -0.08305 -1.0461 -0.7327
2.1779 -1.247 0.062754 -2.6413 -1.0664 -0.45326 0.10656 -0.703 0.50367 0.16763 -0.20527 -1.2375 -0.87106
1.8851 -1.769 0.35561 -2.4287 -0.95388 -1.0179 0.84132 0.30088 -0.099764 -0.64567 -0.22228 -0.98665 -0.708
0.77909 -2.5763 0.58704 -0.88507 -0.71715 -0.56842 -0.023273 0.32598 0.79019 -0.37401 -0.45758 -1.0192 -0.6485
