1 -11 0 -6 -19 70
1 -11 0 -6 -19 26
1 -11 0 -5 -19 13
1 -11 0 -5 -19 6
1 -11 0 -6 -19 6
1 -11 0 -6 -19 3
1 -11 0 -6 -19 3
1 -11 0 -6 -19 3
1 -11 -1 -6 -19 3
1 -11 -1 -6 -19 3
1 -11 -1 -6 -19 762
1 -11 0 -6 -19 477
1 -11 -1 -6 -19 1376
1 -11 -1 -6 -19 1837
1 -11 -1 -6 -19 2106
1 -12 -1 -6 -19 2221
0 -11 0 -6 -19 2394
1 -11 -1 -6 -19 2397
2047 699 -65 610 124 2451
2047 916 -52 610 51 2416
2047 1004 -46 601 -46 2403
2047 897 -41 603 -47 2403
2047 814 -38 603 -47 2403
2047 732 -36 603 -48 2400
2047 683 -34 603 -48 2400
2047 644 -32 603 -48 2403
2047 606 -31 604 -47 2400
2047 581 -29 602 -47 2400
2047 556 -28 603 -47 2400
2047 540 -28 602 -48 2397
2047 526 -27 602 -48 2400
2047 511 -27 603 -47 2400
2 -11 -1 -5 -19 419
1 -11 0 -5 -19 115
1 -11 0 -6 -19 64
1 -11 -1 -6 -19 35
1 -11 0 -6 -19 26
1 -11 0 -6 -19 19
1 -11 -1 -6 -19 13
1 -11 -2 -6 -19 13
1 -11 -1 -6 -19 10
1 -11 0 -6 -19 618
1 -11 0 -6 -19 806
1 -11 -1 -6 -19 1075
0 -11 0 -6 -19 1229
1 -11 0 -6 -19 1254
0 -11 0 -6 -19 1274
1 -11 0 -6 -21 1322
1 -11 0 -6 -19 1350
1 -11 -1 -5 -18 1379
1 -12 -1 -5 -18 1382
1 -11 -1 -5 -18 1386
970 756 -49 554 41 1386
1082 884 -68 547 -45 1389
1088 885 -69 548 -46 1389
1089 885 -69 550 -46 1392
1089 884 -69 551 -44 1389
1090 883 -70 551 -44 1392
1091 882 -70 550 -47 1389
1091 882 -70 550 -46 1392
1092 883 -70 550 -46 1392
1095 885 -70 550 -46 1392
1093 884 -70 550 -47 1392
1094 884 -70 551 -47 1392
1094 885 -70 551 -47 1392
1096 886 -70 551 -46 1389
1096 886 -70 550 -48 1389
1096 886 -70 551 -47 1389
1097 887 -70 551 -47 1392
1096 886 -70 551 -47 1389
1096 887 -70 551 -48 1392
1095 886 -69 551 -47 1389
1096 887 -69 551 -46 1389
1097 888 -69 551 -47 1389
1097 888 -70 551 -47 1392
1098 888 -69 551 -47 1392
1098 889 -69 551 -47 1389
1100 890 -69 552 -47 1389
1099 890 -69 550 -47 1392
1100 890 -69 550 -47 1389
1099 890 -69 550 -47 1392
1099 889 -69 550 -47 1392
1100 891 -69 550 -47 1392
1101 892 -69 551 -47 1389
1101 892 -69 551 -47 1392
1101 892 -69 551 -47 1392
1102 893 -69 551 -47 1389
1102 893 -69 551 -47 1392
1102 893 -69 551 -48 1389
1102 893 -69 551 -47 1392
1103 894 -69 551 -47 1392
1102 893 -69 551 -47 1392
1102 893 -69 551 -47 1392
1103 894 -69 551 -47 1392
1103 894 -69 551 -47 1392
1104 895 -69 551 -47 1395
1104 895 -69 551 -47 1392
1104 895 -69 551 -47 1395
1104 896 -69 551 -47 1395
1105 897 -69 551 -47 1392
1106 898 -69 551 -47 1392
1106 899 -69 552 -47 1392
1106 898 -69 550 -47 1389
1105 898 -69 550 -47 1392
1105 898 -69 550 -47 1392
1105 898 -69 550 -47 1392
1105 899 -69 550 -47 1392
1107 901 -69 551 -47 1392
1108 902 -69 551 -47 1392
1108 902 -69 551 -47 1389
1107 901 -69 550 -47 1389
1108 902 -69 551 -47 1392
1107 901 -69 550 -47 1395
1107 901 -69 550 -47 1392
1108 902 -68 551 -47 1392
1108 903 -69 551 -47 1392
1108 903 -69 551 -47 1392
1108 903 -68 551 -47 1392
1108 903 -69 551 -47 1392
1108 902 -68 551 -47 1392
1108 903 -68 551 -47 1392
1108 903 -68 551 -47 1392
1109 904 -68 551 -47 1392
1109 903 -68 551 -47 1392
1110 905 -68 551 -47 1392
1110 905 -68 551 -47 1392
1110 905 -69 551 -47 1392
1111 906 -69 551 -46 1392
1112 907 -68 551 -47 1389
1111 907 -68 551 -47 1392
1112 907 -68 551 -47 1392
1111 907 -68 551 -47 1389
1112 907 -68 551 -47 1392
1111 907 -68 551 -46 1392
1110 906 -68 551 -47 1392
1111 906 -68 551 -47 1392
1112 907 -68 551 -47 1392
3 -9 0 -4 -19 976
1 -11 -1 -5 -19 432
1 -11 -1 -5 -19 397
1 -11 0 -5 -19 394
1 -11 -1 -6 -19 394
1 -11 0 -5 -19 394
1 -11 0 -6 -19 394
1 -11 0 -5 -19 394
1 -12 0 -6 -19 394
