1 -11 0 -6 -19 51
1 -11 -1 -6 -18 19
1 -11 0 -6 -18 10
1 -11 -1 -6 -18 6
1 -11 0 -6 -19 3
1 -11 0 -6 -19 3
1 -11 0 -6 -18 3
1 -11 0 -6 -19 3
1 -11 0 -6 -19 3
1 -11 0 -6 -18 3
1 -12 0 -6 -19 650
0 -11 0 -6 -19 502
1 -12 -1 -6 -19 1555
1 -12 -1 -6 -18 1830
1 -12 -1 -6 -19 2157
1 -11 -1 -6 -19 2243
0 -11 0 -6 -19 2304
1 -12 -1 -6 -19 2339
1 -11 -1 -6 -18 2371
0 -11 0 -6 -19 2394
1 -11 0 -6 -19 2397
2047 887 -56 604 -21 2442
2047 911 -58 601 -44 2410
2047 750 -54 603 -43 2400
2047 661 -51 603 -44 2403
2047 592 -48 603 -45 2400
2047 555 -47 603 -45 2400
2047 527 -45 604 -44 2400
2047 502 -44 602 -45 2400
2047 487 -42 602 -45 2400
2047 474 -41 602 -45 2400
2047 465 -40 602 -45 2397
2047 457 -40 603 -45 2400
2047 449 -39 602 -46 2400
63 -4 -1 -3 -18 2317
2 -11 -1 -5 -18 256
1 -11 -1 -6 -18 83
1 -11 0 -6 -18 51
1 -11 0 -6 -18 32
1 -11 0 -6 -18 22
1 -11 -1 -6 -18 16
1 -11 0 -6 -18 13
1 -11 0 -6 -19 10
1 -11 -1 -6 -18 10
1 -11 -1 -6 -18 618
1 -11 -1 -6 -18 976
1 -11 -1 -6 -18 1146
1 -12 0 -6 -19 1226
1 -11 0 -6 -20 1322
1 -11 -1 -6 -19 1347
1 -12 0 -5 -17 1366
1 -11 0 -5 -17 1386
593 421 43 485 289 1386
1058 813 -50 550 3 1386
1145 901 -63 546 -43 1386
1146 900 -67 548 -44 1386
1148 900 -69 549 -43 1389
1147 900 -71 550 -42 1389
1148 903 -72 550 -41 1392
1148 904 -73 550 -43 1392
1149 906 -74 550 -42 1392
1149 907 -75 550 -44 1389
1149 908 -75 550 -43 1392
1149 910 -76 550 -43 1392
1150 912 -76 550 -43 1389
1150 914 -76 551 -43 1389
1150 916 -77 551 -44 1389
1150 917 -77 551 -44 1389
1151 919 -77 550 -45 1389
1152 922 -78 551 -44 1389
1152 923 -78 551 -43 1386
1151 923 -78 550 -46 1389
1151 923 -78 551 -44 1389
1151 924 -78 551 -44 1392
1151 925 -78 551 -44 1392
1152 927 -78 552 -44 1389
1150 926 -78 550 -44 1389
1150 926 -78 550 -43 1389
1150 927 -78 550 -44 1392
1150 927 -78 550 -44 1392
1150 928 -79 551 -44 1392
1152 929 -79 551 -43 1389
1151 930 -79 550 -44 1389
1151 930 -79 550 -44 1392
1152 931 -79 550 -44 1389
1152 932 -79 551 -44 1389
1153 933 -79 551 -44 1389
1154 934 -79 551 -44 1389
1153 933 -79 551 -43 1389
1153 933 -79 551 -44 1392
1154 934 -79 551 -43 1392
1153 934 -79 551 -43 1389
1153 933 -79 551 -43 1392
1154 935 -79 551 -44 1389
1154 935 -79 551 -43 1389
1154 935 -79 551 -43 1392
1155 936 -80 551 -43 1389
1156 937 -80 552 -43 1389
1153 934 -79 550 -43 1389
1153 934 -79 550 -43 1389
1153 935 -79 550 -43 1389
1153 935 -79 550 -43 1392
1153 934 -79 550 -43 1392
1153 934 -79 550 -43 1392
1153 935 -79 550 -43 1389
1154 936 -79 550 -43 1389
1155 936 -80 550 -43 1389
1156 937 -80 550 -44 1389
1155 936 -80 550 -43 1389
1155 936 -80 550 -43 1389
1155 936 -80 551 -43 1389
1155 936 -80 550 -43 1389
1154 935 -80 550 -44 1389
1154 934 -79 551 -43 1389
1153 933 -79 550 -43 1395
1153 933 -79 550 -44 1392
1154 934 -80 551 -42 1392
1154 934 -80 551 -43 1392
1154 934 -80 550 -44 1392
1156 935 -80 551 -42 1389
1156 935 -80 550 -44 1392
1155 934 -80 551 -43 1392
1155 934 -80 551 -43 1392
1156 934 -80 551 -44 1392
1156 935 -80 551 -44 1392
1156 935 -80 551 -43 1389
1156 935 -80 551 -44 1392
1156 934 -80 550 -44 1389
1154 933 -79 551 -44 1392
1154 932 -79 551 -44 1392
1154 933 -79 551 -44 1389
1155 933 -80 551 -43 1389
1155 933 -80 551 -43 1392
1155 933 -80 551 -43 1392
1155 933 -80 551 -43 1392
1155 933 -79 551 -43 1392
1155 933 -80 551 -43 1392
1155 933 -80 551 -43 1392
1 -11 -1 -5 -18 486
1 -11 -1 -5 -18 410
1 -11 0 -6 -19 397
1 -11 -1 -5 -18 394
1 -11 0 -6 -19 394
1 -11 -1 -6 -19 394
1 -11 0 -6 -18 394
1 -11 0 -6 -19 394
