2 -12 0 2 20 70
2 -11 0 2 21 26
1 -12 0 2 21 13
2 -12 -1 2 21 6
1 -11 0 2 21 6
2 -11 0 2 20 6
2 -11 0 2 20 3
2 -12 0 2 20 3
2 -12 0 1 20 3
1 -12 0 2 21 3
1 -12 -1 2 21 630
1 -12 0 2 21 1366
1 -12 0 2 21 1840
1 -12 -1 2 21 2166
1 -12 0 2 21 2256
1 -12 -1 2 21 2342
1 -12 0 2 21 2371
1 -12 -1 2 21 2400
2047 988 -100 604 40 2474
2047 1144 -70 604 -51 2400
2047 1027 -51 602 -66 2397
2047 897 -45 603 -67 2403
2047 785 -40 602 -68 2400
2047 726 -39 602 -70 2400
2047 686 -37 602 -70 2400
2047 653 -36 602 -71 2394
2047 633 -36 603 -68 2397
2047 615 -35 603 -68 2397
2047 603 -34 603 -68 2403
2047 594 -33 602 -71 2403
2047 586 -33 603 -70 2406
352 76 1 30 21 2390
3 -11 0 2 21 426
2 -12 0 2 20 96
2 -11 -1 2 20 58
2 -11 -1 2 21 32
2 -11 0 2 20 26
2 -12 -1 2 21 19
2 -11 0 2 21 16
2 -11 0 2 21 10
2 -11 0 2 21 10
2 -12 0 2 21 589
1 -12 -1 2 21 758
1 -11 0 2 21 1098
1 -12 0 2 21 1210
1 -12 0 2 21 1363
2 -12 0 2 21 1382
1 -12 0 2 21 1386
908 691 -60 556 55 1389
1065 866 -91 549 -48 1386
1083 880 -93 548 -63 1386
1084 880 -94 548 -61 1389
1085 881 -95 548 -63 1389
1086 882 -95 548 -63 1395
1086 881 -96 550 -63 1395
1089 884 -96 550 -62 1392
1091 885 -97 550 -64 1386
1092 885 -98 550 -64 1386
1092 885 -98 550 -64 1392
1092 885 -98 550 -64 1389
1092 884 -98 550 -64 1392
1090 881 -98 550 -64 1392
1090 881 -98 549 -67 1395
1092 883 -98 551 -62 1395
1096 885 -99 552 -60 1392
1102 891 -100 550 -64 1389
1102 890 -100 551 -64 1386
1101 889 -100 551 -63 1386
1102 889 -100 550 -65 1389
1100 887 -100 551 -64 1389
1102 889 -100 549 -64 1386
1102 889 -101 549 -64 1386
1098 885 -100 550 -63 1389
1100 885 -100 550 -64 1389
1100 885 -100 550 -63 1392
1101 886 -101 550 -63 1389
1103 888 -101 550 -64 1386
1103 887 -101 550 -64 1386
1100 885 -101 550 -64 1389
1101 884 -101 550 -63 1392
1101 884 -101 550 -63 1389
1100 883 -101 551 -61 1395
1102 885 -101 550 -63 1389
1101 884 -101 550 -64 1389
1102 885 -101 550 -64 1389
1102 884 -101 550 -64 1395
1099 881 -101 551 -63 1392
1101 883 -101 550 -64 1392
1103 884 -101 550 -64 1392
1104 885 -101 551 -64 1392
1106 887 -102 551 -62 1386
1105 887 -102 550 -64 1389
1104 885 -102 551 -64 1392
1104 885 -102 550 -64 1389
1104 884 -102 550 -64 1392
1105 885 -102 550 -64 1389
1104 884 -102 550 -64 1392
1106 886 -102 550 -64 1389
1104 884 -102 551 -62 1392
1105 885 -102 551 -64 1389
1104 884 -102 551 -64 1392
1104 884 -102 550 -64 1395
1105 884 -102 551 -64 1389
1105 884 -102 551 -63 1392
1106 885 -102 550 -64 1389
1107 886 -103 551 -63 1389
1107 885 -102 551 -64 1389
1107 885 -103 551 -64 1389
1109 888 -103 551 -64 1386
1108 886 -103 551 -64 1389
1109 887 -103 552 -62 1386
1108 886 -103 551 -64 1389
1108 885 -103 551 -63 1389
1109 886 -103 551 -64 1386
1109 886 -103 552 -62 1389
1109 886 -103 551 -63 1389
1108 886 -103 551 -63 1386
1106 884 -102 550 -64 1386
1106 884 -103 550 -64 1389
1106 883 -102 550 -63 1386
1105 882 -102 550 -63 1392
1104 881 -102 550 -64 1392
1103 880 -102 550 -64 1398
1103 880 -102 550 -64 1395
1105 881 -102 550 -63 1392
1107 884 -102 550 -64 1389
1105 882 -102 551 -62 1389
1105 881 -102 550 -64 1389
1106 882 -102 550 -64 1389
1106 883 -102 550 -64 1389
1106 882 -103 550 -64 1386
20 4 -2 4 20 1363
2 -11 -1 2 20 429
2 -11 -1 2 21 397
2 -11 0 2 20 390
1 -12 0 2 20 390
1 -12 -1 2 20 390
2 -12 -1 2 20 390
2 -12 -1 2 20 390
2 -12 0 2 21 390
