1 -11 -1 1 27 32
1 -11 -1 2 28 13
1 -11 -1 2 28 6
1 -11 0 2 28 3
1 -12 0 2 28 3
1 -11 0 2 28 3
1 -11 0 2 27 3
1 -11 0 2 28 3
1 -11 0 2 28 3
1 -11 0 2 28 3
1 -11 0 2 28 464
1 -12 0 2 27 490
1 -11 0 2 27 1664
1 -12 0 2 27 1850
1 -12 0 2 27 2262
1 -12 -1 2 27 2349
1 -12 -1 2 27 2397
1 -11 0 2 27 2403
1 -12 0 1 27 2400
2047 720 -60 603 -47 2435
2047 771 -44 601 -53 2397
2047 682 -35 604 -48 2400
2047 609 -30 603 -53 2397
2047 567 -28 603 -53 2397
1991 528 -27 602 -52 2394
1957 508 -26 603 -54 2394
1928 491 -25 603 -52 2400
1907 477 -24 603 -53 2400
1897 468 -24 603 -52 2400
1887 460 -23 603 -53 2400
1878 454 -23 603 -54 2400
1873 449 -23 603 -52 2400
31 -4 -1 4 28 2323
1 -11 -1 2 28 253
1 -11 -1 2 28 80
1 -11 0 2 28 51
1 -11 -1 2 27 32
1 -11 -1 2 27 22
1 -11 -1 2 28 16
1 -12 -1 1 28 13
1 -11 -1 1 27 10
1 -12 -1 1 27 10
1 -11 -1 1 27 611
1 -11 0 1 27 1082
1 -11 0 2 27 1232
1 -12 0 1 27 1322
1 -12 0 2 27 1350
1 -12 0 2 27 1382
1 -12 -1 1 27 1386
837 619 -36 553 85 1386
987 775 -74 547 -28 1389
1005 792 -79 547 -44 1392
1012 797 -81 548 -47 1386
1012 797 -81 549 -45 1389
1024 809 -85 552 -43 1386
1029 815 -84 549 -51 1389
1030 815 -84 549 -52 1392
1033 817 -85 549 -52 1389
1036 820 -86 549 -52 1382
1038 821 -86 549 -52 1389
1036 819 -86 549 -53 1386
1039 821 -87 549 -54 1382
1041 823 -87 550 -52 1382
1040 823 -87 550 -50 1382
1042 824 -87 549 -54 1382
1042 823 -87 550 -50 1382
1037 818 -87 550 -50 1392
1040 820 -87 550 -50 1386
1043 824 -88 551 -51 1389
1041 822 -88 551 -50 1389
1042 823 -88 551 -50 1389
1043 823 -88 551 -50 1389
1043 823 -88 551 -50 1389
1044 824 -88 551 -50 1389
1045 824 -88 551 -51 1386
1045 825 -88 551 -51 1389
1045 825 -88 551 -50 1386
1046 825 -88 552 -48 1389
1044 823 -88 550 -50 1392
1044 823 -88 550 -49 1392
1044 823 -88 550 -51 1389
1044 823 -88 550 -50 1389
1042 821 -88 551 -50 1389
1041 820 -88 551 -49 1389
1041 819 -88 551 -49 1389
1041 819 -88 551 -49 1392
1044 822 -89 550 -50 1392
1045 823 -89 551 -51 1392
1046 824 -89 551 -49 1389
1046 824 -89 551 -49 1389
1045 823 -89 551 -48 1392
1044 821 -89 551 -49 1392
1045 822 -89 551 -50 1392
1045 822 -89 551 -49 1389
1043 820 -89 550 -50 1389
1045 822 -89 550 -50 1389
1043 821 -89 550 -49 1386
1043 820 -88 550 -49 1395
1042 819 -88 550 -50 1392
1043 819 -88 550 -49 1392
1043 820 -88 550 -48 1392
1045 821 -89 550 -49 1389
1045 821 -89 550 -50 1389
1046 822 -89 550 -51 1386
1046 822 -89 550 -49 1389
1048 824 -89 550 -49 1389
1046 822 -89 550 -49 1389
1048 823 -89 550 -49 1392
1048 824 -89 550 -49 1389
1049 825 -90 550 -49 1386
1049 824 -90 550 -50 1386
1049 824 -90 551 -49 1389
1049 824 -90 551 -48 1392
1047 822 -89 549 -50 1389
1048 823 -89 549 -49 1389
1048 823 -89 550 -49 1392
1049 825 -90 550 -49 1389
1048 824 -90 549 -49 1389
1050 825 -90 550 -48 1386
1051 826 -90 550 -49 1382
1049 824 -90 550 -48 1389
1049 824 -90 550 -49 1389
1050 825 -90 550 -48 1389
1049 824 -90 550 -49 1389
1050 825 -90 550 -48 1389
1050 825 -90 549 -49 1389
1051 825 -90 550 -48 1386
1050 825 -90 550 -49 1389
1050 825 -90 550 -48 1392
1052 826 -90 550 -49 1389
1052 826 -90 549 -49 1389
1051 826 -90 550 -49 1389
1052 827 -90 550 -49 1389
1052 826 -90 550 -49 1389
2 -11 -1 2 28 611
1 -11 -1 2 28 419
1 -11 -1 2 28 394
1 -12 -1 2 28 390
1 -11 0 2 28 394
1 -12 0 2 27 394
1 -12 0 2 27 394
1 -12 0 2 28 390
1 -12 0 2 28 390
