1 -11 0 -5 -16 32
1 -12 0 -5 -16 13
1 -11 0 -5 -15 10
1 -11 -1 -5 -15 6
1 -11 0 -5 -16 6
1 -11 -1 -5 -16 3
1 -11 0 -5 -16 3
1 -11 -1 -5 -16 3
1 -11 -1 -5 -16 3
1 -11 0 -5 -16 3
1 -12 -1 -5 -16 646
1 -11 -1 -5 -16 480
1 -11 -1 -5 -16 1530
1 -11 -1 -5 -15 1869
1 -11 0 -5 -16 2179
1 -11 -1 -5 -16 2301
1 -11 -1 -5 -16 2381
1 -11 0 -5 -16 2397
1 -11 -1 -5 -16 2400
2047 817 -86 605 -81 2470
2047 964 -48 599 -201 2397
2047 830 -34 599 -201 2397
2047 701 -29 600 -206 2400
2047 625 -27 602 -202 2397
2047 570 -25 602 -201 2397
2047 520 -24 602 -201 2397
2047 490 -23 602 -203 2397
2047 459 -22 603 -198 2397
2034 440 -22 603 -201 2397
2001 425 -21 602 -204 2400
1981 412 -21 603 -202 2406
1952 402 -20 604 -200 2400
280 46 1 23 -16 2394
2 -11 -1 -5 -16 419
1 -11 0 -5 -16 115
1 -11 0 -5 -16 54
1 -11 0 -5 -16 35
1 -11 -1 -5 -16 22
1 -11 -1 -5 -16 19
1 -11 -1 -5 -16 13
1 -11 0 -5 -16 10
1 -11 0 -5 -16 10
1 -11 0 -5 -16 592
1 -11 0 -5 -16 774
1 -11 0 -5 -16 1110
1 -11 -1 -5 -16 1242
1 -11 0 -5 -16 1325
1 -11 -1 -5 -16 1376
1 -11 -1 -5 -16 1395
1 -11 -1 -6 -19 1392
1009 654 -63 571 7 1382
1139 795 -90 552 -190 1386
1149 820 -90 550 -198 1389
1150 828 -90 550 -201 1392
1155 836 -90 551 -196 1392
1162 846 -91 551 -202 1392
1168 853 -92 551 -203 1392
1174 862 -92 553 -193 1389
1178 866 -92 553 -193 1386
1174 861 -92 552 -192 1389
1177 861 -92 550 -196 1389
1178 859 -92 549 -195 1389
1183 858 -92 548 -200 1386
1182 852 -92 549 -195 1392
1183 849 -92 550 -180 1395
1177 836 -91 562 -121 1392
1175 830 -91 558 -119 1389
1172 823 -91 553 -133 1389
1168 816 -90 552 -132 1395
1168 814 -90 551 -133 1392
1174 816 -90 551 -133 1392
1177 816 -90 552 -132 1389
1173 809 -90 548 -137 1386
1178 811 -90 551 -129 1386
1180 811 -90 551 -129 1386
1198 823 -92 550 -130 1386
1198 820 -92 550 -129 1386
1200 819 -92 551 -129 1386
1201 819 -92 550 -130 1386
1200 816 -92 551 -129 1389
1199 812 -91 552 -128 1392
1193 806 -91 558 -105 1392
1184 796 -89 555 -96 1395
1183 794 -89 552 -104 1389
1187 797 -90 558 -97 1392
1186 794 -89 555 -97 1392
1195 801 -91 552 -98 1392
1206 808 -92 551 -98 1392
1203 805 -91 551 -98 1389
1200 805 -91 552 -95 1389
1185 791 -89 552 -94 1389
1187 793 -89 550 -91 1389
1193 798 -90 537 -141 1392
1201 806 -91 534 -183 1392
1224 825 -93 535 -204 1392
1236 832 -94 522 -275 1392
1260 854 -97 551 -202 1392
1268 861 -98 551 -190 1392
1267 861 -98 548 -203 1392
1269 863 -98 546 -230 1389
1268 864 -98 551 -213 1389
1258 858 -97 571 -124 1386
1225 850 -94 559 -122 1386
1170 844 -90 557 -121 1392
1120 853 -88 555 -119 1389
1058 840 -85 554 -119 1395
1039 833 -85 552 -120 1392
1035 831 -86 551 -119 1392
1028 823 -85 551 -119 1395
1025 820 -84 551 -121 1395
923 717 -69 559 -103 1392
929 722 -69 552 -108 1389
929 722 -69 551 -108 1389
923 716 -68 551 -108 1386
920 713 -67 551 -108 1392
924 716 -68 550 -108 1392
922 716 -67 550 -107 1389
944 737 -71 552 -103 1392
936 730 -70 549 -108 1392
933 727 -69 549 -109 1389
932 726 -69 549 -109 1392
930 724 -68 549 -109 1389
927 721 -68 550 -108 1389
941 736 -70 549 -109 1386
937 733 -69 549 -108 1389
940 735 -70 549 -102 1389
942 737 -70 548 -111 1389
940 736 -70 548 -112 1389
942 739 -71 549 -111 1392
942 739 -70 549 -111 1392
940 737 -70 549 -111 1389
941 738 -70 549 -111 1389
940 737 -70 549 -112 1389
138 96 -4 20 -16 1392
1 -11 -1 -5 -16 483
1 -11 0 -5 -16 400
1 -11 -1 -5 -16 394
1 -11 -1 -5 -16 394
1 -11 -1 -5 -16 390
1 -11 0 -5 -16 390
1 -11 -1 -6 -16 394
1 -12 -1 -5 -17 390
