2 -12 0 2 21 32
2 -11 -1 2 21 16
2 -11 -1 2 22 10
2 -11 -1 2 22 6
2 -11 -1 2 21 6
2 -11 -1 2 22 6
2 -11 -1 2 21 6
2 -11 -1 2 21 3
2 -11 0 2 21 6
2 -11 0 2 21 6
2 -12 0 2 21 643
2 -11 0 2 21 515
2 -12 0 2 21 1546
2 -11 0 2 21 1872
2 -11 0 2 21 2182
2 -12 0 2 21 2243
2 -12 0 2 21 2314
2 -11 -1 2 21 2374
2 -11 0 2 21 2400
2 -11 0 2 21 2397
2047 938 -90 614 34 2451
2047 1356 -84 602 -98 2397
2047 1388 -66 601 -104 2397
2047 1333 -60 601 -105 2397
2047 1275 -57 602 -106 2397
2047 1204 -54 603 -106 2397
2047 1169 -51 602 -107 2397
2047 1132 -50 604 -103 2397
2047 1102 -49 601 -106 2400
2047 1082 -48 604 -103 2400
2047 1055 -48 602 -106 2397
2047 1041 -47 603 -105 2400
2047 1020 -46 604 -102 2394
471 131 -1 29 23 2390
3 -11 -1 3 22 416
2 -11 0 3 22 96
2 -11 -1 2 22 58
2 -11 -1 2 22 35
2 -11 0 2 22 26
2 -11 0 3 22 19
2 -11 0 2 22 16
2 -11 -1 3 22 13
2 -11 0 3 22 10
2 -11 0 3 22 595
2 -12 0 3 22 803
2 -11 0 3 22 1165
2 -11 0 3 22 1226
2 -11 0 3 22 1334
2 -11 0 3 22 1379
2 -12 -1 2 20 1389
2 -12 0 2 21 1389
950 729 -67 559 38 1392
1103 912 -96 548 -92 1395
1111 918 -98 549 -95 1395
1112 917 -99 549 -95 1389
1119 923 -101 548 -105 1389
1097 897 -99 551 -99 1389
1128 929 -103 550 -98 1395
1133 934 -104 550 -98 1392
1136 936 -105 550 -98 1392
1137 936 -106 549 -101 1389
1115 912 -103 550 -101 1392
1108 903 -101 548 -99 1389
1112 908 -102 549 -102 1395
1115 910 -103 549 -100 1392
1119 913 -104 548 -101 1392
1119 913 -104 549 -100 1386
1116 910 -104 549 -102 1389
1116 909 -104 548 -104 1389
1117 910 -104 549 -104 1389
1117 910 -104 550 -102 1392
1119 912 -104 550 -102 1392
1117 909 -104 546 -110 1389
1113 905 -104 550 -100 1392
1108 900 -103 550 -99 1389
1115 906 -104 550 -100 1389
1114 905 -104 549 -101 1392
1112 903 -104 549 -102 1389
1113 904 -104 549 -101 1389
1113 904 -104 549 -104 1386
1114 904 -105 549 -103 1389
1116 906 -105 550 -102 1386
1116 906 -105 549 -103 1389
1117 907 -105 549 -105 1389
1113 903 -104 550 -101 1389
1116 906 -105 549 -103 1389
1119 909 -105 550 -101 1389
1117 906 -105 549 -105 1392
1116 906 -105 550 -102 1389
1118 908 -105 549 -104 1386
1120 909 -106 549 -104 1386
1118 908 -106 549 -103 1389
1117 907 -106 550 -103 1389
1117 907 -105 550 -102 1389
1118 908 -106 549 -104 1392
1119 909 -106 549 -104 1389
1118 908 -106 550 -103 1392
1118 908 -106 550 -102 1392
1120 910 -106 550 -103 1389
1120 910 -106 550 -101 1389
1120 911 -106 550 -102 1392
1121 912 -106 551 -100 1389
1122 912 -106 549 -105 1389
1122 912 -106 550 -104 1389
1123 914 -107 550 -104 1389
1124 914 -107 550 -104 1386
1122 914 -107 550 -104 1389
1123 915 -107 550 -102 1389
1124 916 -107 551 -100 1389
1123 915 -107 550 -105 1392
1125 917 -107 550 -102 1386
1124 916 -107 551 -101 1386
1126 918 -107 550 -102 1386
1121 914 -106 549 -104 1389
1121 914 -107 551 -100 1389
1123 915 -107 550 -101 1386
1124 917 -107 550 -101 1386
1125 918 -107 550 -100 1389
1125 918 -107 550 -101 1386
1124 918 -107 549 -104 1389
1125 920 -107 549 -103 1386
1123 917 -107 549 -103 1386
1127 921 -107 550 -101 1392
1126 921 -107 551 -102 1392
1128 923 -108 550 -103 1392
1128 924 -108 550 -105 1392
1111 904 -103 549 -104 1392
1127 923 -108 552 -101 1392
1128 924 -108 549 -104 1389
1130 927 -108 549 -104 1389
1129 926 -108 550 -101 1389
1130 927 -108 549 -102 1389
1130 928 -108 549 -104 1392
1129 927 -108 549 -104 1392
1129 928 -108 550 -100 1395
1129 928 -108 550 -101 1395
20 4 -2 5 21 1363
2 -11 0 3 21 429
2 -11 0 2 21 397
2 -11 -1 2 21 390
2 -11 -1 2 21 390
2 -11 -1 2 21 390
2 -11 0 2 21 390
2 -11 -1 2 21 390
2 -12 -1 2 21 390
