1 -11 0 -5 -17 54
1 -11 0 -5 -17 19
1 -11 -1 -5 -17 10
1 -11 0 -5 -17 6
1 -11 -1 -5 -17 6
1 -11 -1 -5 -18 6
1 -11 -1 -5 -17 6
1 -11 -1 -5 -17 6
1 -11 -1 -5 -18 6
1 -11 -1 -5 -17 3
1 -12 -1 -5 -17 637
1 -11 -1 -5 -17 480
1 -12 -1 -5 -17 1549
1 -11 -1 -5 -17 1830
1 -12 -1 -5 -17 2128
1 -12 0 -5 -18 2202
1 -11 -1 -5 -18 2246
1 -11 -2 -6 -18 2285
1 -12 -2 -6 -18 2304
1 -11 -1 -5 -18 2323
1 -12 -1 -6 -18 2362
1 -12 -1 -5 -18 2384
1 -12 -1 -6 -18 2406
785 203 -49 551 432 2397
2047 914 -60 607 11 2467
2047 1037 -44 601 -57 2413
2047 937 -35 602 -57 2400
2047 823 -31 602 -57 2397
2047 753 -29 603 -57 2394
2047 699 -28 603 -57 2394
2047 650 -26 603 -57 2397
2047 619 -26 603 -56 2400
2047 590 -25 603 -57 2403
2047 571 -24 603 -57 2403
2047 554 -23 602 -56 2403
2047 537 -23 602 -57 2403
2047 526 -23 603 -56 2403
7 -10 -1 -4 -18 1770
1 -11 0 -4 -16 186
1 -11 0 -5 -16 83
1 -11 -1 -5 -17 45
1 -11 0 -5 -17 32
1 -11 0 -5 -17 22
1 -11 -1 -5 -17 16
1 -11 -1 -5 -17 13
1 -11 0 -5 -17 10
1 -12 -1 -5 -17 10
1 -11 0 -5 -17 707
1 -11 0 -6 -20 1030
1 -12 0 -6 -19 1187
1 -12 -1 -5 -16 1338
1 -11 -1 -5 -16 1338
1 -12 -1 -5 -16 1370
1 -12 0 -5 -16 1386
526 375 31 486 381 1386
975 750 -66 552 20 1389
1047 834 -81 546 -53 1389
1054 840 -80 548 -53 1389
1056 841 -81 549 -52 1386
1058 843 -81 550 -52 1382
1058 842 -81 549 -55 1382
1058 841 -81 549 -56 1386
1060 844 -82 549 -56 1386
1060 844 -82 549 -57 1386
1061 845 -82 549 -56 1386
1061 847 -82 549 -56 1386
1062 848 -82 550 -54 1386
1064 851 -82 549 -57 1382
1065 852 -83 549 -56 1382
1064 851 -83 549 -56 1386
1065 853 -83 550 -56 1386
1066 854 -83 550 -56 1386
1066 855 -83 550 -56 1389
1066 856 -83 550 -56 1386
1068 857 -83 550 -56 1386
1068 857 -83 550 -55 1386
1068 857 -83 550 -56 1386
1069 857 -83 550 -55 1386
1069 856 -82 550 -55 1389
1070 856 -82 550 -56 1389
1071 855 -82 551 -55 1389
1070 854 -81 550 -55 1389
1074 854 -78 551 -55 1392
1073 846 -74 551 -55 1392
1074 846 -75 551 -55 1392
1077 848 -75 551 -55 1392
1079 850 -75 551 -55 1392
1081 851 -75 551 -55 1389
1081 852 -74 551 -55 1389
1082 852 -75 551 -55 1389
1083 853 -74 551 -55 1389
1083 852 -75 551 -55 1392
1083 853 -74 551 -55 1392
1083 853 -74 551 -55 1392
1084 853 -75 551 -55 1392
1084 853 -74 551 -55 1395
1085 854 -74 551 -55 1395
1085 854 -74 552 -55 1392
1085 853 -74 550 -54 1392
1085 853 -74 550 -55 1392
1085 853 -74 550 -55 1395
1084 852 -74 550 -55 1395
1085 853 -74 550 -55 1392
1086 854 -74 551 -54 1389
1086 854 -74 550 -55 1389
1086 854 -74 551 -54 1392
1087 854 -74 551 -55 1392
1088 855 -74 551 -55 1392
1088 856 -74 551 -55 1386
1088 854 -74 551 -54 1389
1088 854 -74 551 -55 1392
1088 854 -74 551 -55 1392
1088 854 -74 551 -55 1392
1088 854 -74 551 -55 1392
1089 854 -74 551 -55 1392
1089 854 -74 551 -55 1392
1089 855 -74 551 -55 1392
1089 854 -74 551 -55 1392
1090 855 -74 551 -55 1392
1090 854 -74 551 -55 1392
1092 856 -74 551 -55 1389
1092 856 -74 551 -55 1389
1092 856 -74 551 -55 1392
1092 856 -74 551 -55 1392
1093 857 -74 551 -55 1392
1093 857 -74 551 -55 1392
1094 858 -74 551 -55 1389
1094 858 -74 551 -55 1389
1094 858 -74 551 -55 1392
1094 858 -74 551 -54 1392
1095 859 -74 551 -55 1392
1096 860 -75 551 -55 1392
1096 859 -74 551 -55 1389
1096 859 -74 551 -55 1392
1095 858 -74 551 -55 1392
1094 857 -74 550 -55 1392
1095 858 -74 550 -54 1392
1095 858 -74 550 -54 1389
1095 858 -74 550 -54 1392
1096 859 -74 550 -55 1389
2 -11 0 -4 -18 611
1 -11 -1 -5 -18 419
1 -11 -1 -5 -18 397
1 -12 -1 -5 -17 394
1 -11 0 -5 -18 394
1 -11 -1 -5 -18 394
1 -12 0 -5 -18 394
1 -12 -1 -5 -18 394
1 -12 0 -5 -18 394
