1 -11 -1 -5 -17 32
1 -11 -1 -5 -16 16
1 -11 0 -5 -16 6
1 -11 -1 -5 -16 6
1 -11 0 -5 -17 3
1 -11 -1 -5 -16 3
1 -11 -1 -5 -16 3
1 -11 -1 -5 -16 3
1 -11 -1 -5 -16 3
1 -11 -1 -5 -16 3
1 -12 0 -5 -16 480
1 -12 0 -5 -16 477
1 -12 -1 -5 -16 1664
1 -11 0 -5 -17 1814
1 -11 -1 -5 -17 2157
1 -11 0 -5 -17 2339
1 -12 0 -5 -17 2371
1 -12 0 -5 -16 2394
1 -12 0 -5 -16 2390
2047 856 -60 602 -36 2445
2047 985 -47 606 -43 2410
2047 872 -33 602 -44 2403
2047 805 -30 602 -45 2403
2047 746 -28 603 -45 2406
2047 715 -26 603 -45 2403
2047 687 -25 603 -45 2400
2047 672 -24 603 -45 2400
2047 657 -23 603 -45 2403
2047 649 -23 604 -46 2403
2047 643 -22 603 -46 2403
2047 636 -22 602 -46 2400
2047 632 -21 603 -45 2400
42 0 -1 -2 -16 2320
1 -11 0 -5 -16 182
1 -11 -1 -5 -16 83
1 -11 -1 -5 -16 45
1 -11 -1 -5 -16 29
1 -11 0 -5 -16 22
1 -11 -1 -5 -16 16
1 -11 0 -5 -16 13
1 -11 0 -5 -16 10
1 -11 -1 -5 -16 10
1 -11 -1 -5 -16 714
1 -11 -1 -5 -16 1037
1 -11 0 -5 -16 1197
1 -11 -1 -5 -16 1318
1 -12 -1 -5 -16 1344
1 -11 -1 -5 -16 1373
1 -12 -1 -6 -19 1382
535 380 38 486 358 1382
993 786 -62 555 36 1389
1137 944 -86 548 -40 1389
1141 946 -87 549 -40 1389
1143 946 -88 549 -41 1389
1143 946 -88 549 -41 1392
1146 948 -89 549 -44 1389
1149 951 -90 550 -43 1389
1149 951 -90 551 -41 1389
1149 950 -90 551 -40 1389
1150 950 -90 551 -40 1392
1152 951 -91 550 -43 1389
1152 951 -91 550 -43 1389
1151 949 -91 550 -44 1392
1154 952 -92 551 -43 1392
1156 954 -92 551 -43 1392
1157 954 -92 551 -43 1392
1157 954 -92 551 -43 1392
1156 953 -92 551 -44 1392
1157 953 -93 551 -43 1392
1157 953 -93 551 -43 1392
1158 954 -93 551 -43 1392
1159 954 -93 551 -44 1392
1160 956 -93 550 -44 1392
1162 957 -94 551 -43 1392
1162 957 -94 551 -43 1389
1162 957 -94 552 -43 1389
1163 958 -94 552 -43 1389
1163 958 -95 551 -43 1389
1162 957 -94 550 -43 1389
1162 956 -94 551 -43 1389
1162 956 -94 551 -43 1389
1162 956 -95 551 -43 1389
1161 955 -95 550 -43 1389
1161 955 -95 551 -43 1392
1161 955 -94 551 -43 1392
1162 956 -95 551 -43 1389
1162 956 -95 551 -43 1392
1161 954 -95 551 -43 1392
1162 955 -95 551 -43 1389
1162 954 -95 551 -43 1392
1162 954 -95 551 -43 1392
1162 955 -95 551 -43 1392
1163 956 -95 551 -43 1392
1163 955 -95 551 -43 1389
1162 954 -95 551 -44 1392
1161 952 -95 551 -43 1392
1161 952 -95 551 -44 1392
1160 951 -95 551 -43 1392
1160 952 -95 551 -43 1395
1161 953 -95 551 -44 1392
1162 953 -95 551 -43 1392
1161 953 -95 551 -43 1392
1162 953 -95 551 -44 1392
1163 954 -95 551 -43 1392
1163 954 -96 551 -43 1389
1162 953 -95 551 -44 1392
1162 953 -95 551 -44 1392
1162 952 -95 551 -44 1395
1162 952 -95 551 -44 1395
1163 953 -95 551 -44 1392
1162 953 -96 551 -44 1392
1161 951 -95 550 -43 1395
1161 951 -95 550 -43 1392
1160 951 -95 550 -43 1392
1160 950 -95 550 -43 1395
1161 952 -95 551 -43 1392
1162 952 -95 551 -43 1392
1162 952 -95 550 -43 1392
1161 951 -95 550 -43 1392
1160 949 -95 550 -44 1395
1161 951 -95 550 -43 1395
1161 950 -95 550 -43 1395
1160 949 -95 550 -44 1395
1161 950 -95 550 -44 1398
1161 950 -95 550 -44 1395
1161 950 -95 551 -44 1395
1162 951 -95 550 -44 1395
1162 952 -96 550 -43 1392
1162 952 -96 551 -43 1395
1162 951 -95 550 -44 1395
1162 951 -95 551 -44 1395
1162 951 -95 551 -44 1395
1162 952 -95 551 -44 1392
1163 952 -95 551 -44 1392
1162 952 -95 550 -44 1392
2 -11 0 -4 -18 608
1 -11 -1 -5 -17 410
1 -11 -1 -5 -17 394
1 -11 0 -5 -17 394
1 -11 -1 -5 -18 394
1 -11 0 -5 -18 394
1 -12 0 -5 -17 394
1 -11 0 -5 -18 390
